00:00 754.63 5.39 80 0 0
00:01 754.89 5.39 80 0 0
00:02 754.89 5.39 80 0 0
00:03 754.63 5.39 80 0 0
00:04 754.63 5.44 80 .45 0
00:05 754.63 5.44 80 .45 0
00:06 754.63 5.44 80 .45 0
00:07 754.63 5.44 80 .45 0
00:08 754.63 5.5 79 .89 0
00:09 754.63 5.5 79 .45 0
00:10 754.63 5.5 79 .45 0
00:11 754.63 5.56 79 .45 0
00:12 754.63 5.56 79 .45 0
00:13 754.63 5.61 79 .45 0
00:14 754.89 5.61 79 0 0
00:15 754.89 5.61 79 .45 0
00:16 754.89 5.67 79 .45 0
00:17 754.63 5.67 79 .45 0
00:18 754.63 5.72 78 .89 0
00:19 754.89 5.72 78 .89 0
00:20 754.63 5.78 78 .45 0
00:21 754.89 5.78 78 .89 0
00:22 754.89 5.78 78 .89 0
00:23 754.89 5.78 78 1.34 0
00:24 754.63 5.78 78 .89 0
00:25 754.63 5.83 78 0 0
00:26 754.63 5.83 78 0 0
00:27 754.63 5.89 78 0 0
00:28 754.63 5.89 78 .45 0
00:29 754.63 5.89 78 0 0
00:30 754.89 5.89 78 .45 0
00:31 754.63 5.83 78 0 0
00:32 754.89 5.83 79 .45 0
00:33 754.89 5.83 79 0 0
00:34 754.89 5.78 79 .45 0
00:35 754.89 5.72 79 .45 0
00:36 754.89 5.67 79 .89 0
00:37 754.89 5.61 79 .45 0
00:38 754.89 5.56 79 .45 0
00:39 754.89 5.5 79 .45 0
00:40 754.63 5.44 79 0 0
00:41 754.63 5.39 80 0 0
00:42 754.63 5.44 80 0 0
00:43 754.89 5.39 80 .45 0
00:44 754.63 5.39 80 .89 0
00:45 754.63 5.39 80 0 0
00:46 754.63 5.39 80 0 0
00:47 754.63 5.39 80 .45 0
00:48 754.63 5.39 80 .45 0
00:49 754.63 5.44 80 .45 0
00:50 754.63 5.44 79 .45 0
00:51 754.63 5.44 79 .45 0
00:52 754.63 5.5 79 1.34 0
00:53 754.63 5.5 79 .45 0
00:54 754.63 5.56 79 .89 0
00:55 754.63 5.61 79 .89 0
00:56 754.63 5.61 78 .89 0
00:57 754.63 5.67 78 1.34 0
00:58 754.63 5.67 78 .89 0
00:59 754.63 5.67 78 .89 0
01:00 754.63 5.72 78 .89 0
01:01 754.63 5.78 78 1.34 0
01:02 754.63 5.78 77 .89 0
01:03 754.63 5.83 77 1.34 0
01:04 754.63 5.83 77 .89 0
01:05 754.63 5.89 77 .89 0
01:06 754.63 5.89 77 .45 0
01:07 754.63 5.89 77 .89 0
01:08 754.63 5.94 77 .45 0
01:09 754.63 5.94 77 1.34 0
01:10 754.63 5.94 76 .89 0
01:11 754.63 5.94 76 1.79 0
01:12 754.63 5.94 76 .45 0
01:13 754.63 5.94 76 .45 0
01:14 754.63 6 76 .89 0
01:15 754.63 5.94 76 .89 0
01:16 754.63 5.94 76 1.34 0
01:17 754.63 6 76 1.34 0
01:18 754.63 6 76 .89 0
01:19 754.63 5.94 76 .89 0
01:20 754.38 6 76 1.34 0
01:21 754.63 6 76 1.34 0
01:22 754.63 6 76 .89 0
01:23 754.38 6 76 .45 0
01:24 754.38 6 76 1.34 0
01:25 754.63 6 76 .45 0
01:26 754.63 5.94 76 .45 0
01:27 754.63 5.94 76 .45 0
01:28 754.63 5.94 76 .45 0
01:29 754.63 6 76 .89 0
01:30 754.63 6 76 .89 0
01:31 754.63 6 76 .89 0
01:32 754.63 6 76 .89 0
01:33 754.63 6 76 .45 0
01:34 754.63 6 76 .45 0
01:35 754.63 6 76 0 0
01:36 754.63 6 76 .45 0
01:37 754.63 5.94 76 .89 0
01:38 754.63 6 77 .89 0
01:39 754.38 5.94 76 .45 0
01:40 754.63 6 76 1.34 0
01:41 754.63 5.94 76 .45 0
01:42 754.63 5.94 76 1.34 0
01:43 754.38 6 76 .89 0
01:44 754.38 5.94 76 .89 0
01:45 754.38 5.94 76 0 0
01:46 754.38 5.94 76 .89 0
01:47 754.38 5.94 76 .89 0
01:48 754.38 5.94 76 .89 0
01:49 754.38 5.94 76 .45 0
01:50 754.38 5.94 76 1.34 0
01:51 754.38 5.94 76 .89 0
01:52 754.63 5.94 76 .45 0
01:53 754.38 5.94 76 .45 0
01:54 754.38 5.94 76 .89 0
01:55 754.38 5.94 76 1.34 0
01:56 754.38 5.94 76 .89 0
01:57 754.63 5.94 76 .45 0
01:58 754.38 5.94 76 0 0
01:59 754.38 5.94 77 .89 0
02:00 754.38 5.94 77 .89 0
02:01 754.38 5.94 76 .89 0
02:02 754.38 5.94 77 .45 0
02:03 754.38 5.94 76 1.34 0
02:04 754.38 5.94 76 1.79 0
02:05 754.38 5.94 77 1.79 0
02:06 754.38 5.94 77 1.34 0
02:07 754.38 5.89 77 .45 0
02:08 754.38 5.94 77 1.34 0
02:09 754.38 5.89 77 .89 0
02:10 754.38 5.89 77 1.34 0
02:11 754.38 5.89 77 1.34 0
02:12 754.38 5.89 77 1.34 0
02:13 754.38 5.89 77 1.34 0
02:14 754.38 5.89 77 .89 0
02:15 754.38 5.89 77 .89 0
02:16 754.38 5.89 77 1.34 0
02:17 754.38 5.89 77 1.79 0
02:18 754.38 5.89 77 .89 0
02:19 754.38 5.89 77 1.79 0
02:20 754.38 5.89 77 1.34 0
02:21 754.38 5.89 77 1.34 0
02:22 754.38 5.89 77 1.34 0
02:23 754.38 5.89 77 .89 0
02:24 754.38 5.89 77 1.34 0
02:25 754.38 5.89 77 .89 0
02:26 754.38 5.89 77 1.34 0
02:27 754.38 5.89 77 1.34 0
02:28 754.38 5.89 77 .45 0
02:29 754.38 5.89 77 .89 0
02:30 754.38 5.89 77 .89 0
02:31 754.38 5.94 77 .89 0
02:32 754.38 5.89 77 .45 0
02:33 754.13 5.94 77 .89 0
02:34 754.38 5.89 77 .45 0
02:35 754.38 5.94 77 0 0
02:36 754.13 5.94 77 .45 0
02:37 754.13 5.89 77 1.34 0
02:38 754.13 5.94 77 .89 0
02:39 754.13 5.94 77 1.34 0
02:40 754.13 5.94 77 1.34 0
02:41 754.13 5.94 77 .89 0
02:42 754.13 5.94 77 1.34 0
02:43 754.13 5.94 77 .89 0
02:44 754.13 5.94 77 .89 0
02:45 754.13 5.94 77 1.34 0
02:46 754.13 5.94 77 .89 0
02:47 754.13 5.94 77 1.34 0
02:48 754.13 5.94 77 .89 0
02:49 754.13 5.94 77 .89 0
02:50 754.13 5.94 77 1.34 0
02:51 754.13 5.94 77 .89 0
02:52 754.13 5.94 77 .89 0
02:53 754.13 5.94 77 1.34 0
02:54 754.13 5.89 77 .89 0
02:55 754.13 5.89 77 1.79 0
02:56 754.13 5.89 77 .45 0
02:57 754.13 5.94 77 1.34 0
02:58 754.13 5.89 77 .89 0
02:59 754.13 5.89 77 .45 0
03:00 754.13 5.94 77 .45 0
03:01 754.13 5.89 77 .89 0
03:02 754.13 5.94 77 1.34 0
03:03 754.13 5.94 77 1.34 0
03:04 754.13 5.89 76 1.79 0
03:05 754.13 5.89 76 .45 0
03:06 754.13 5.89 77 .89 0
03:07 754.13 5.89 77 1.79 0
03:08 753.87 5.89 76 .89 0
03:09 754.13 5.89 76 .89 0
03:10 754.13 5.89 77 .89 0
03:11 754.13 5.89 77 .45 0
03:12 754.13 5.89 77 .45 0
03:13 754.13 5.89 77 1.34 0
03:14 754.13 5.94 77 .89 0
03:15 754.13 5.89 77 1.79 0
03:16 753.87 5.89 77 .89 0
03:17 753.87 5.89 77 .89 0
03:18 753.87 5.89 77 1.34 0
03:19 753.87 5.94 77 .89 0
03:20 753.87 5.89 77 .45 0
03:21 753.87 5.89 77 1.34 0
03:22 753.87 5.94 77 1.79 0
03:23 753.87 5.89 77 1.79 0
03:24 753.87 5.89 77 1.34 0
03:25 753.87 5.89 77 1.34 0
03:26 754.13 5.89 77 .89 0
03:27 753.87 5.89 77 .89 0
03:28 753.87 5.89 77 .45 0
03:29 753.87 5.89 77 .45 0
03:30 753.87 5.89 77 .45 0
03:31 753.87 5.89 77 .89 0
03:32 753.87 5.83 77 .89 0
03:33 753.87 5.89 77 .45 0
03:34 753.87 5.89 77 .89 0
03:35 753.87 5.83 77 .45 0
03:36 753.87 5.89 77 .89 0
03:37 753.87 5.83 77 .89 0
03:38 753.87 5.83 77 .89 0
03:39 753.87 5.89 77 .45 0
03:40 753.87 5.89 77 .89 0
03:41 753.87 5.89 77 .89 0
03:42 753.87 5.89 77 .89 0
03:43 753.87 5.89 77 .89 0
03:44 753.87 5.89 77 0 0
03:45 753.87 5.89 77 .45 0
03:46 753.87 5.89 77 1.34 0
03:47 753.87 5.94 77 .89 0
03:48 753.87 5.94 77 .45 0
03:49 753.87 5.94 77 .89 0
03:50 753.87 5.94 77 .89 0
03:51 754.13 6 77 .89 0
03:52 754.13 6 77 .89 0
03:53 754.13 6 77 .45 0
03:54 754.13 6 77 .45 0
03:55 754.13 6 77 .45 0
03:56 754.13 5.94 77 .45 0
03:57 754.13 5.94 77 .45 0
03:58 754.13 5.94 77 .45 0
03:59 754.13 5.94 77 .45 0
04:00 754.13 5.89 77 .45 0
04:01 754.13 5.89 77 0 0
04:02 754.13 5.83 78 1.34 0
04:03 754.13 5.83 78 .45 0
04:04 753.87 5.78 78 .45 0
04:05 754.13 5.78 78 .45 0
04:06 754.13 5.83 78 .45 0
04:07 753.87 5.83 78 .45 0
04:08 753.87 5.83 78 .89 0
04:09 753.87 5.78 78 .89 0
04:10 753.87 5.78 78 .89 0
04:11 753.87 5.83 78 .89 0
04:12 753.87 5.83 77 1.34 0
04:13 753.87 5.83 77 .45 0
04:14 753.87 5.83 77 1.34 0
04:15 753.87 5.83 77 1.34 0
04:16 753.87 5.83 77 1.34 0
04:17 753.87 5.83 77 2.24 0
04:18 753.87 5.89 76 .89 0
04:19 753.87 5.83 76 1.34 0
04:20 753.87 5.89 76 1.34 0
04:21 753.87 5.89 76 1.34 0
04:22 753.87 5.89 76 .89 0
04:23 753.87 5.89 76 .89 0
04:24 753.87 5.94 76 .89 0
04:25 753.87 5.89 76 2.24 0
04:26 753.87 5.94 76 2.68 0
04:27 753.87 5.94 76 2.68 0
04:28 753.87 5.94 75 1.79 0
04:29 753.87 5.94 75 2.24 0
04:30 753.87 5.94 75 .89 0
04:31 753.87 5.94 75 1.34 0
04:32 753.87 5.94 75 1.34 0
04:33 753.87 5.94 75 2.24 0
04:34 753.62 5.94 75 2.24 0
04:35 753.87 5.94 75 1.34 0
04:36 753.62 5.94 75 2.68 0
04:37 753.62 6 74 2.24 0
04:38 753.87 6 74 1.34 0
04:39 753.87 6 74 1.79 0
04:40 753.62 6 74 .45 0
04:41 753.62 6.06 74 .89 0
04:42 753.62 6 74 .89 0
04:43 753.62 6 74 .89 0
04:44 753.62 6.06 74 .89 0
04:45 753.62 6 74 2.68 0
04:46 753.62 6 74 2.24 0
04:47 753.62 6 74 1.79 0
04:48 753.62 6 74 1.79 0
04:49 753.62 6 74 1.79 0
04:50 753.62 6 74 .89 0
04:51 753.62 6.06 75 2.24 0
04:52 753.87 6.06 74 1.79 0
04:53 753.87 6.06 75 1.79 0
04:54 753.87 6.06 74 1.79 0
04:55 753.62 6.06 74 1.79 0
04:56 753.62 6.06 74 1.79 0
04:57 753.87 6.06 74 3.13 0
04:58 753.62 6.06 74 2.24 0
04:59 753.62 6.06 74 1.79 0
05:00 753.62 6.06 74 .89 0
05:01 753.87 6.06 74 3.13 0
05:02 753.62 6.06 74 1.79 0
05:03 753.62 6.06 74 1.79 0
05:04 753.62 6 74 1.79 0
05:05 753.62 6.06 74 2.24 0
05:06 753.62 6.06 74 1.79 0
05:07 753.62 6.06 74 1.79 0
05:08 753.62 6.06 74 1.34 0
05:09 753.62 6.06 74 1.34 0
05:10 753.62 6.06 74 3.13 0
05:11 753.62 6.06 74 2.24 0
05:12 753.62 6 74 2.24 0
05:13 753.62 6 74 3.58 0
05:14 753.62 6 74 3.58 0
05:15 753.62 6.06 75 2.24 0
05:16 753.62 6 75 1.79 0
05:17 753.62 6 75 2.68 0
05:18 753.62 5.94 75 2.24 0
05:19 753.62 5.94 75 1.34 0
05:20 753.62 5.94 75 2.24 0
05:21 753.62 5.94 75 1.79 0
05:22 753.62 5.94 75 1.34 0
05:23 753.62 5.94 75 1.79 0
05:24 753.62 5.94 75 2.24 0
05:25 753.62 5.94 75 2.68 0
05:26 753.62 5.94 75 2.24 0
05:27 753.62 5.94 75 1.79 0
05:28 753.87 5.94 75 2.68 0
05:29 753.62 5.94 75 2.24 0
05:30 753.62 5.94 75 1.79 0
05:31 753.62 5.94 75 2.24 0
05:32 753.62 5.94 75 1.34 0
05:33 753.62 5.94 75 3.58 0
05:34 753.62 5.94 75 1.79 0
05:35 753.62 5.94 75 1.79 0
05:36 753.87 5.94 75 1.79 0
05:37 753.62 5.94 76 2.24 0
05:38 753.62 5.94 75 3.13 0
05:39 753.62 5.94 75 3.58 0
05:40 753.62 5.94 75 1.34 0
05:41 753.62 5.94 75 2.68 0
05:42 753.62 5.89 75 2.68 0
05:43 753.62 5.89 75 2.24 0
05:44 753.62 5.89 75 2.68 0
05:45 753.62 5.89 75 2.24 0
05:46 753.62 5.89 75 2.24 0
05:47 753.62 5.89 75 2.24 0
05:48 753.62 5.89 75 2.24 0
05:49 753.62 5.83 75 3.58 0
05:50 753.62 5.83 76 1.79 0
05:51 753.62 5.83 75 2.68 0
05:52 753.62 5.83 75 1.79 0
05:53 753.62 5.83 76 2.68 0
05:54 753.62 5.83 75 .89 0
05:55 753.62 5.78 75 1.79 0
05:56 753.62 5.78 75 1.34 0
05:57 753.62 5.83 76 1.79 0
05:58 753.62 5.78 76 .89 0
05:59 753.62 5.78 76 1.79 0
06:00 753.62 5.78 76 2.24 0
06:01 753.62 5.78 76 1.79 0
06:02 753.62 5.78 75 1.79 0
06:03 753.62 5.78 75 1.34 0
06:04 753.62 5.78 76 2.24 0
06:05 753.62 5.78 76 1.79 0
06:06 753.62 5.78 76 1.79 0
06:07 753.62 5.78 76 .89 0
06:08 753.62 5.78 76 1.34 0
06:09 753.62 5.78 76 1.34 0
06:10 753.62 5.72 76 1.34 0
06:11 753.62 5.78 76 .89 0
06:12 753.62 5.72 76 .89 0
06:13 753.62 5.78 76 1.34 0
06:14 753.62 5.72 76 2.24 0
06:15 753.62 5.78 76 1.34 0
06:16 753.62 5.78 76 1.79 0
06:17 753.62 5.78 76 .89 0
06:18 753.62 5.78 76 .89 0
06:19 753.62 5.78 76 1.34 0
06:20 753.62 5.78 75 1.79 0
06:21 753.62 5.83 75 1.79 0
06:22 753.62 5.78 75 .89 0
06:23 753.62 5.78 75 2.24 0
06:24 753.36 5.78 75 3.58 0
06:25 753.36 5.78 75 1.34 0
06:26 753.36 5.78 75 2.24 0
06:27 753.62 5.78 75 1.34 0
06:28 753.36 5.78 75 1.79 0
06:29 753.36 5.78 75 2.68 0
06:30 753.36 5.78 75 2.24 0
06:31 753.36 5.78 75 3.58 0
06:32 753.36 5.83 75 2.68 0
06:33 753.36 5.78 75 2.68 0
06:34 753.36 5.78 75 1.34 0
06:35 753.36 5.78 75 2.68 0
06:36 753.36 5.78 75 1.79 0
06:37 753.36 5.78 75 2.24 0
06:38 753.36 5.78 75 1.79 0
06:39 753.36 5.78 75 1.34 0
06:40 753.36 5.78 75 1.79 0
06:41 753.36 5.78 75 2.68 0
06:42 753.36 5.78 75 2.68 0
06:43 753.36 5.78 75 3.13 0
06:44 753.36 5.78 75 1.79 0
06:45 753.36 5.78 75 1.79 0
06:46 753.36 5.72 75 .89 0
06:47 753.36 5.78 75 1.79 0
06:48 753.36 5.78 75 1.34 0
06:49 753.36 5.78 75 4.02 0
06:50 753.36 5.78 75 2.24 0
06:51 753.36 5.78 75 2.68 0
06:52 753.36 5.78 75 1.79 0
06:53 753.36 5.78 75 1.79 0
06:54 753.36 5.78 75 2.68 0
06:55 753.36 5.78 74 2.68 0
06:56 753.36 5.72 74 2.24 0
06:57 753.36 5.78 75 .89 0
06:58 753.36 5.72 75 2.24 0
06:59 753.36 5.72 74 2.24 0
07:00 753.36 5.78 74 2.24 0
07:01 753.36 5.78 75 .89 0
07:02 753.36 5.72 75 1.34 0
07:03 753.36 5.78 74 1.79 0
07:04 753.36 5.78 75 1.34 0
07:05 753.36 5.78 74 2.24 0
07:06 753.36 5.78 74 1.79 0
07:07 753.36 5.78 74 1.79 0
07:08 753.36 5.78 74 2.24 0
07:09 753.36 5.72 74 2.68 0
07:10 753.36 5.72 74 2.24 0
07:11 753.36 5.72 74 1.34 0
07:12 753.36 5.72 74 3.13 0
07:13 753.36 5.72 74 2.68 0
07:14 753.36 5.72 74 1.34 0
07:15 753.36 5.72 74 2.68 0
07:16 753.36 5.72 74 1.79 0
07:17 753.36 5.72 74 2.24 0
07:18 753.36 5.67 74 2.68 0
07:19 753.36 5.72 74 2.68 0
07:20 753.36 5.67 74 2.24 0
07:21 753.36 5.67 74 .89 0
07:22 753.36 5.67 74 2.24 0
07:23 753.36 5.67 74 1.34 0
07:24 753.36 5.67 74 1.79 0
07:25 753.36 5.67 74 1.34 0
07:26 753.36 5.72 74 1.34 0
07:27 753.36 5.67 74 1.79 0
07:28 753.36 5.67 74 1.34 0
07:29 753.36 5.67 74 2.24 0
07:30 753.36 5.67 74 1.79 0
07:31 753.36 5.67 74 2.68 0
07:32 753.36 5.61 74 2.24 0
07:33 753.36 5.61 74 1.79 0
07:34 753.36 5.61 74 2.68 0
07:35 753.36 5.61 74 2.24 0
07:36 753.36 5.61 75 2.24 0
07:37 753.36 5.61 74 1.34 0
07:38 753.36 5.61 74 2.24 0
07:39 753.36 5.61 74 2.24 0
07:40 753.36 5.61 74 3.13 0
07:41 753.36 5.61 74 2.68 0
07:42 753.36 5.61 74 2.24 0
07:43 753.36 5.61 74 2.24 0
07:44 753.36 5.61 74 3.58 0
07:45 753.36 5.56 74 2.24 0
07:46 753.11 5.56 74 1.79 0
07:47 753.36 5.56 74 2.24 0
07:48 753.36 5.56 74 2.24 0
07:49 753.36 5.56 74 1.79 0
07:50 753.36 5.56 74 2.24 0
07:51 753.36 5.56 74 1.34 0
07:52 753.36 5.56 74 3.13 0
07:53 753.36 5.56 74 3.58 0
07:54 753.36 5.56 74 2.68 0
07:55 753.36 5.56 74 1.34 0
07:56 753.36 5.56 74 2.24 0
07:57 753.36 5.56 74 1.34 0
07:58 753.36 5.56 74 2.24 0
07:59 753.36 5.56 74 2.68 0
08:00 753.36 5.56 74 1.34 0
08:01 753.36 5.56 74 3.13 0
08:02 753.36 5.61 74 2.24 0
08:03 753.36 5.61 74 1.34 0
08:04 753.36 5.61 74 1.34 0
08:05 753.36 5.61 74 3.13 0
08:06 753.36 5.61 73 3.58 0
08:07 753.36 5.61 73 3.13 0
08:08 753.36 5.61 73 2.24 0
08:09 753.36 5.56 73 2.68 0
08:10 753.36 5.61 73 2.24 0
08:11 753.36 5.61 73 2.24 0
08:12 753.36 5.61 73 1.79 0
08:13 753.11 5.61 73 1.79 0
08:14 753.36 5.61 73 2.24 0
08:15 753.36 5.61 73 2.68 0
08:16 753.36 5.61 73 1.34 0
08:17 753.36 5.67 73 1.79 0
08:18 753.36 5.67 73 1.34 0
08:19 753.36 5.67 73 1.79 0
08:20 753.36 5.67 73 1.34 0
08:21 753.36 5.67 73 2.24 0
08:22 753.36 5.67 72 1.79 0
08:23 753.36 5.67 73 3.13 0
08:24 753.36 5.61 72 3.58 0
08:25 753.11 5.67 72 1.34 0
08:26 753.36 5.67 73 2.24 0
08:27 753.36 5.67 72 1.79 0
08:28 753.36 5.67 72 1.79 0
08:29 753.36 5.67 72 1.34 0
08:30 753.11 5.67 72 1.79 0
08:31 753.36 5.61 72 2.24 0
08:32 753.11 5.67 72 1.79 0
08:33 753.11 5.67 72 1.34 0
08:34 753.36 5.67 72 1.34 0
08:35 753.36 5.67 72 1.79 0
08:36 753.36 5.67 72 2.24 0
08:37 753.11 5.67 72 2.24 0
08:38 753.36 5.72 72 3.13 0
08:39 753.11 5.67 71 3.58 0
08:40 753.36 5.67 72 1.34 0
08:41 753.11 5.67 71 1.34 0
08:42 753.36 5.67 71 1.34 0
08:43 753.36 5.72 72 2.24 0
08:44 753.11 5.67 71 2.24 0
08:45 753.11 5.67 72 1.79 0
08:46 753.36 5.67 72 1.34 0
08:47 753.36 5.72 72 1.34 0
08:48 753.36 5.67 72 1.79 0
08:49 753.36 5.72 71 .89 0
08:50 753.36 5.72 72 .89 0
08:51 753.36 5.72 71 .89 0
08:52 753.36 5.72 72 1.79 0
08:53 753.36 5.72 71 .89 0
08:54 753.36 5.78 71 .89 0
08:55 753.36 5.72 71 2.68 0
08:56 753.36 5.78 71 1.79 0
08:57 753.36 5.72 71 1.34 0
08:58 753.11 5.78 71 .45 0
08:59 753.11 5.78 71 1.34 0
09:00 753.36 5.78 70 1.34 0
09:01 753.11 5.78 70 .89 0
09:02 753.36 5.83 71 2.24 0
09:03 753.11 5.83 71 1.79 0
09:04 753.36 5.83 70 1.34 0
09:05 753.36 5.83 70 .89 0
09:06 753.36 5.89 70 .45 0
09:07 753.36 5.89 70 .89 0
09:08 753.11 5.89 70 1.34 0
09:09 753.11 5.94 70 2.24 0
09:10 753.11 5.89 70 1.79 0
09:11 753.11 5.94 70 1.79 0
09:12 753.36 5.89 70 1.79 0
09:13 753.11 5.94 70 2.24 0
09:14 753.11 5.89 70 3.58 0
09:15 753.11 5.89 69 3.58 0
09:16 753.11 5.94 69 1.79 0
09:17 753.11 5.94 69 1.34 0
09:18 753.11 5.94 69 2.68 0
09:19 753.11 5.94 69 2.24 0
09:20 753.11 5.94 69 2.68 0
09:21 753.11 5.94 69 .45 0
09:22 753.11 5.94 68 2.68 0
09:23 753.11 6 68 1.79 0
09:24 753.11 5.94 68 3.13 0
09:25 753.11 5.94 68 1.79 0
09:26 753.11 6 68 .89 0
09:27 753.11 6 68 2.24 0
09:28 753.11 5.94 67 2.24 0
09:29 753.11 5.94 67 5.36 0
09:30 753.11 5.94 67 4.47 0
09:31 753.11 5.94 67 3.58 0
09:32 753.11 5.94 67 3.58 0
09:33 753.11 5.89 67 2.68 0
09:34 753.11 5.89 68 1.34 0
09:35 753.11 5.83 68 3.58 0
09:36 753.11 5.83 67 2.68 0
09:37 753.11 5.89 66 2.24 0
09:38 753.11 5.89 66 3.58 0
09:39 753.11 5.89 66 3.13 0
09:40 753.11 5.83 66 2.68 0
09:41 753.11 5.83 66 2.68 0
09:42 753.11 5.83 66 3.13 0
09:43 752.86 5.83 66 3.13 0
09:44 752.86 5.83 66 3.13 0
09:45 752.86 5.83 66 2.24 0
09:46 753.11 5.83 66 3.58 0
09:47 752.86 5.83 66 4.02 0
09:48 752.86 5.78 66 4.02 0
09:49 752.86 5.78 66 3.13 0
09:50 752.86 5.78 66 3.13 0
09:51 752.86 5.83 66 3.58 0
09:52 752.86 5.94 66 2.68 0
09:53 752.86 5.94 66 3.13 0
09:54 752.86 5.94 66 2.68 0
09:55 752.86 6 66 3.13 0
09:56 752.86 6.06 65 3.58 0
09:57 752.86 6.06 65 4.02 0
09:58 752.86 6.06 64 2.68 0
09:59 752.86 6 65 1.79 0
10:00 752.86 6.06 65 3.13 0
10:01 752.86 6.06 65 2.24 0
10:02 752.86 6.06 65 1.79 0
10:03 752.86 6.06 65 1.34 0
10:04 752.86 6.06 65 4.02 0
10:05 752.86 6.06 65 1.79 0
10:06 752.86 6.11 65 2.24 0
10:07 752.86 6.11 65 4.02 0
10:08 752.86 6.11 64 4.47 0
10:09 752.86 6.11 64 3.13 0
10:10 752.86 6.17 65 4.47 0
10:11 752.86 6.22 63 3.58 0
10:12 752.86 6.22 64 2.24 0
10:13 752.6 6.28 64 2.24 0
10:14 752.6 6.28 63 1.79 0
10:15 752.6 6.33 63 4.47 0
10:16 752.6 6.33 63 4.92 0
10:17 752.6 6.33 63 3.13 0
10:18 752.6 6.33 63 4.47 0
10:19 752.6 6.39 63 2.24 0
10:20 752.6 6.44 62 5.81 0
10:21 752.6 6.44 62 3.13 0
10:22 752.6 6.44 62 4.92 0
10:23 752.6 6.44 62 6.71 0
10:24 752.6 6.44 61 4.47 0
10:25 752.6 6.44 62 5.36 0
10:26 752.6 6.44 62 4.47 0
10:27 752.6 6.5 62 2.68 0
10:28 752.35 6.5 61 5.81 0
10:29 752.35 6.56 62 2.68 0
10:30 752.6 6.61 62 4.47 0
10:31 752.35 6.67 62 2.24 0
10:32 752.35 6.67 62 4.47 0
10:33 752.35 6.72 61 5.36 0
10:34 752.35 6.67 61 2.24 0
10:35 752.35 6.72 61 2.68 0
10:36 752.35 6.67 60 2.24 0
10:37 752.35 6.67 61 3.13 0
10:38 752.35 6.67 61 1.79 0
10:39 752.35 6.67 61 2.68 0
10:40 752.35 6.61 61 6.26 0
10:41 752.35 6.56 61 4.47 0
10:42 752.35 6.39 61 4.02 0
10:43 752.35 6.33 61 3.13 0
10:44 752.35 6.28 62 3.13 0
10:45 752.35 6.28 62 4.92 0
10:46 752.35 6.22 61 4.47 0
10:47 752.35 6.22 62 2.24 0
10:48 752.35 6.17 62 3.58 0
10:49 752.35 6.17 62 3.13 0
10:50 752.35 6.17 62 5.81 0
10:51 752.35 6.17 62 4.02 0
10:52 752.35 6.22 62 4.02 0
10:53 752.35 6.22 62 3.58 0
10:54 752.35 6.28 62 2.24 0
10:55 752.35 6.33 62 4.92 0
10:56 752.35 6.39 62 3.58 0
10:57 752.35 6.44 61 3.58 0
10:58 752.35 6.39 61 2.24 0
10:59 752.35 6.44 62 4.02 0
11:00 752.35 6.5 61 3.58 0
11:01 752.09 6.56 61 3.13 0
11:02 752.09 6.61 61 3.13 0
11:03 752.09 6.61 61 3.13 0
11:04 752.09 6.61 61 5.36 0
11:05 752.09 6.5 61 5.36 0
11:06 752.09 6.44 61 1.79 0
11:07 752.09 6.39 61 3.58 0
11:08 752.09 6.39 62 5.81 0
11:09 752.09 6.33 62 4.02 0
11:10 752.09 6.33 62 3.13 0
11:11 752.09 6.39 62 4.02 0
11:12 752.09 6.44 62 5.81 0
11:13 752.09 6.44 61 3.58 0
11:14 752.09 6.5 61 4.02 0
11:15 752.09 6.5 61 4.02 0
11:16 752.09 6.5 61 4.47 0
11:17 752.09 6.5 61 4.92 0
11:18 752.09 6.5 61 4.47 0
11:19 752.09 6.56 61 2.68 0
11:20 752.09 6.56 61 1.34 0
11:21 752.09 6.67 61 3.13 0
11:22 752.09 6.72 60 2.24 0
11:23 752.09 6.72 60 3.13 0
11:24 752.09 6.78 61 2.68 0
11:25 752.09 6.89 60 4.92 0
11:26 752.09 6.94 60 .89 0
11:27 752.09 6.94 60 3.13 0
11:28 752.09 6.94 59 4.02 0
11:29 751.84 6.94 60 3.13 0
11:30 751.84 6.89 59 2.68 0
11:31 752.09 6.94 60 3.58 0
11:32 751.84 6.94 59 3.13 0
11:33 751.84 6.94 59 1.34 0
11:34 751.84 6.94 60 4.02 0
11:35 751.84 7.06 59 3.58 0
11:36 751.84 7.06 60 2.68 0
11:37 751.84 7.06 59 3.13 0
11:38 751.84 7.11 59 2.68 0
11:39 751.84 7.17 60 4.92 0
11:40 751.84 7.22 59 5.81 0
11:41 751.84 7.22 59 3.13 0
11:42 751.84 7.22 58 4.47 0
11:43 751.84 7.17 59 3.13 0
11:44 751.84 7.17 59 2.68 0
11:45 751.84 7.17 59 4.47 0
11:46 751.84 7.17 59 3.13 0
11:47 751.59 7.22 59 6.26 0
11:48 751.59 7.11 59 4.02 0
11:49 751.59 7.11 59 1.79 0
11:50 751.59 7.11 59 1.79 0
11:51 751.59 7.17 59 4.02 0
11:52 751.59 7.17 59 4.47 0
11:53 751.59 7.22 59 6.26 0
11:54 751.59 7.28 59 4.92 0
11:55 751.59 7.33 59 4.92 0
11:56 751.59 7.28 59 4.92 0
11:57 751.59 7.28 59 3.13 0
11:58 751.59 7.28 59 5.36 0
11:59 751.59 7.22 59 4.47 0
12:00 751.59 7.22 59 4.02 0
12:01 751.59 7.11 59 3.58 0
12:02 751.59 7.11 59 4.02 0
12:03 751.59 7.17 59 2.68 0
12:04 751.59 7.11 59 4.02 0
12:05 751.59 7.11 59 1.79 0
12:06 751.59 7.11 59 4.02 0
12:07 751.59 7.17 59 2.24 0
12:08 751.59 7.17 59 4.47 0
12:09 751.59 7.17 59 5.36 0
12:10 751.33 7.11 59 4.92 0
12:11 751.59 7.11 59 6.71 0
12:12 751.33 7.06 59 4.92 0
12:13 751.33 7.06 59 3.58 0
12:14 751.33 7.06 59 4.92 0
12:15 751.33 7.06 59 4.02 0
12:16 751.33 7.06 59 6.71 0
12:17 751.33 7.11 59 4.02 0
12:18 751.33 7.11 59 4.47 0
12:19 751.33 7.17 59 3.13 0
12:20 751.33 7.22 59 3.13 0
12:21 751.33 7.22 59 3.13 0
12:22 751.33 7.33 59 4.02 0
12:23 751.33 7.39 59 4.47 0
12:24 751.33 7.39 58 4.02 0
12:25 751.08 7.39 58 2.24 0
12:26 751.08 7.44 59 2.68 0
12:27 751.08 7.44 59 1.79 0
12:28 751.08 7.5 59 5.36 0
12:29 751.08 7.44 62 3.58 0
12:30 751.08 7.44 62 3.58 0
12:31 751.08 7.39 62 4.02 0
12:32 751.08 7.33 62 4.92 0
12:33 751.08 7.28 62 3.58 0
12:34 751.08 7.28 62 5.81 0
12:35 751.08 7.28 62 6.71 0
12:36 751.08 7.17 62 4.92 0
12:37 751.08 7.11 63 4.02 0
12:38 751.08 7.17 63 4.47 0
12:39 751.08 7.22 63 3.58 0
12:40 751.08 7.22 63 3.13 0
12:41 751.08 7.22 63 3.58 0
12:42 751.08 7.28 63 2.68 0
12:43 751.08 7.28 63 4.47 0
12:44 751.08 7.28 63 3.13 0
12:45 751.08 7.28 63 4.02 0
12:46 751.08 7.28 63 3.13 0
12:47 750.82 7.33 63 3.13 0
12:48 751.08 7.33 63 3.13 0
12:49 750.82 7.44 63 3.13 0
12:50 750.82 7.44 63 3.13 0
12:51 750.82 7.56 62 2.68 0
12:52 750.82 7.56 62 4.02 0
12:53 750.82 7.67 62 3.13 0
12:54 750.82 7.72 62 2.24 0
12:55 750.82 7.72 62 3.13 0
12:56 750.82 7.67 61 2.24 0
12:57 750.82 7.67 62 2.68 0
12:58 750.82 7.72 62 2.24 0
12:59 750.82 7.72 62 4.47 0
13:00 750.82 7.61 61 3.58 0
13:01 750.82 7.56 62 3.58 0
13:02 750.82 7.56 61 4.47 0
13:03 750.82 7.56 62 4.02 0
13:04 750.82 7.5 62 3.58 0
13:05 750.82 7.56 62 3.58 0
13:06 750.82 7.56 62 1.79 0
13:07 750.82 7.61 62 4.47 0
13:08 750.82 7.61 61 3.13 0
13:09 750.82 7.61 62 1.79 0
13:10 750.82 7.61 62 2.68 0
13:11 750.82 7.67 61 1.79 0
13:12 750.82 7.72 62 1.79 0
13:13 750.82 7.78 61 4.02 0
13:14 750.82 7.83 61 3.13 0
13:15 750.82 7.83 61 3.13 0
13:16 750.57 7.83 61 4.92 0
13:17 750.57 7.83 61 6.71 0
13:18 750.82 7.83 61 5.36 0
13:19 750.57 7.72 61 1.34 0
13:20 750.57 7.78 61 4.02 0
13:21 750.82 7.78 61 2.68 0
13:22 750.57 7.78 61 4.02 0
13:23 750.57 7.83 61 2.24 0
13:24 750.57 7.83 61 2.68 0
13:25 750.57 7.89 61 1.34 0
13:26 750.57 7.94 61 3.13 0
13:27 750.57 8 61 4.92 0
13:28 750.57 8 60 2.24 0
13:29 750.57 8.06 60 3.13 0
13:30 750.57 8 60 3.13 0
13:31 750.57 8.06 60 2.68 0
13:32 750.57 8.06 61 3.58 0
13:33 750.57 8.11 60 3.58 0
13:34 750.57 8.17 60 4.02 0
13:35 750.57 8.06 60 2.68 0
13:36 750.57 8 60 2.24 0
13:37 750.57 8 60 3.13 0
13:38 750.32 8 60 3.58 0
13:39 750.32 8 60 4.92 0
13:40 750.32 8 60 5.81 0
13:41 750.32 8 61 4.92 0
13:42 750.32 7.89 61 3.58 0
13:43 750.32 7.89 60 1.79 0
13:44 750.32 7.89 61 4.92 0
13:45 750.32 7.94 61 5.36 0
13:46 750.32 7.94 61 3.13 0
13:47 750.32 7.94 60 5.81 0
13:48 750.32 7.89 60 4.02 0
13:49 750.32 7.89 60 4.47 0
13:50 750.32 7.83 60 4.92 0
13:51 750.32 7.83 60 2.24 0
13:52 750.32 7.83 61 4.47 0
13:53 750.06 7.83 61 2.24 0
13:54 750.06 7.89 61 4.02 0
13:55 750.06 7.89 60 4.47 0
13:56 750.06 7.89 61 2.68 0
13:57 750.06 7.89 61 3.13 0
13:58 750.06 7.89 60 5.36 0
13:59 750.06 7.89 60 4.92 0
14:00 750.06 7.89 61 3.58 0
14:01 750.06 7.89 61 4.02 0
14:02 750.06 7.83 61 4.92 0
14:03 750.06 7.89 61 4.47 0
14:04 750.06 7.89 61 4.47 0
14:05 750.06 7.83 61 3.13 0
14:06 750.06 7.83 61 3.58 0
14:07 750.06 7.83 61 3.13 0
14:08 749.81 7.83 61 2.24 0
14:09 749.81 7.89 61 1.79 0
14:10 749.81 7.89 61 5.36 0
14:11 749.81 7.94 60 4.92 0
14:12 749.81 7.89 61 4.02 0
14:13 749.81 7.83 60 4.02 0
14:14 749.81 7.89 61 3.58 0
14:15 749.81 8 61 2.68 0
14:16 749.81 8.06 61 5.36 0
14:17 749.81 8.11 61 3.13 0
14:18 749.81 8.17 61 4.92 0
14:19 749.81 8.17 60 3.13 0
14:20 749.81 8.06 60 3.58 0
14:21 749.81 8.06 60 4.47 0
14:22 749.81 8 60 3.13 0
14:23 749.81 8 61 4.47 0
14:24 749.81 8 60 5.36 0
14:25 749.81 8 61 4.92 0
14:26 749.81 7.94 61 1.79 0
14:27 749.81 7.94 60 3.58 0
14:28 749.81 8 61 3.13 0
14:29 749.81 8 61 4.92 0
14:30 749.81 8 60 4.92 0
14:31 749.81 8 60 4.47 0
14:32 749.81 8 60 4.02 0
14:33 749.81 7.94 60 4.47 0
14:34 749.55 8 60 5.36 0
14:35 749.55 7.94 60 5.36 0
14:36 749.55 7.94 60 4.92 0
14:37 749.55 7.89 60 4.92 0
14:38 749.55 7.94 60 3.58 0
14:39 749.55 7.89 60 1.79 0
14:40 749.55 7.94 61 4.02 0
14:41 749.55 8 60 4.92 0
14:42 749.55 8 60 5.36 0
14:43 749.55 8 60 4.47 0
14:44 749.55 7.94 61 3.13 0
14:45 749.55 8 60 1.34 0
14:46 749.55 8 60 2.68 0
14:47 749.55 8 60 1.79 0
14:48 749.55 8 61 3.13 0
14:49 749.55 8.06 60 3.13 0
14:50 749.55 8.06 60 2.68 0
14:51 749.55 8.06 60 3.13 0
14:52 749.3 8.11 60 3.58 0
14:53 749.3 8.11 60 3.13 0
14:54 749.3 8.17 60 3.13 0
14:55 749.3 8.11 60 3.13 0
14:56 749.3 8.11 59 4.47 0
14:57 749.3 8.06 60 4.02 0
14:58 749.3 8 60 5.81 0
14:59 749.3 8 60 4.02 0
15:00 749.3 8 60 4.47 0
15:01 749.3 8 60 6.26 0
15:02 749.3 8 60 4.02 0
15:03 749.3 7.94 60 4.02 0
15:04 749.3 7.94 60 5.81 0
15:05 749.3 7.94 60 5.36 0
15:06 749.3 7.94 60 3.13 0
15:07 749.3 7.89 60 4.02 0
15:08 749.3 7.89 60 2.24 0
15:09 749.3 7.94 60 4.02 0
15:10 749.3 7.94 60 4.02 0
15:11 749.3 8 60 5.36 0
15:12 749.3 8 60 3.13 0
15:13 749.3 8 61 4.92 0
15:14 749.3 8 60 4.47 0
15:15 749.05 8.06 61 6.26 0
15:16 749.3 8.06 60 3.13 0
15:17 749.05 8.06 60 2.24 0
15:18 749.05 8.06 60 4.47 0
15:19 749.05 8.06 60 3.13 0
15:20 749.05 8.06 61 1.79 0
15:21 749.05 8.06 61 4.02 0
15:22 749.05 8.06 60 1.79 0
15:23 749.05 8.06 60 2.68 0
15:24 749.05 8.06 61 4.02 0
15:25 749.05 8.06 60 3.58 0
15:26 749.05 8.06 61 2.68 0
15:27 749.05 8.06 60 4.92 0
15:28 749.05 8.06 60 4.47 0
15:29 749.05 8.06 61 3.13 0
15:30 749.05 8.06 60 2.68 0
15:31 749.05 8.06 60 2.68 0
15:32 749.05 8 61 1.79 0
15:33 749.05 8 60 4.02 0
15:34 749.05 7.94 60 1.34 0
15:35 749.05 7.94 61 3.13 0
15:36 749.05 7.94 61 4.47 0
15:37 749.05 7.94 61 4.02 0
15:38 748.79 7.89 61 3.58 0
15:39 748.79 7.83 60 3.13 0
15:40 748.79 7.89 61 1.79 0
15:41 748.79 7.83 61 3.58 0
15:42 748.79 7.83 61 3.13 0
15:43 748.79 7.83 61 3.13 0
15:44 748.79 7.78 61 1.34 0
15:45 748.79 7.78 61 5.36 0
15:46 748.79 7.78 61 3.58 0
15:47 748.79 7.72 61 .89 0
15:48 748.79 7.72 61 2.24 0
15:49 748.79 7.72 62 2.68 0
15:50 748.79 7.72 61 3.58 0
15:51 748.79 7.72 61 3.13 0
15:52 748.79 7.72 61 1.79 0
15:53 748.79 7.72 62 4.02 0
15:54 748.79 7.67 62 4.92 0
15:55 748.79 7.67 61 4.02 0
15:56 748.79 7.67 62 3.13 0
15:57 748.79 7.67 62 1.79 0
15:58 748.79 7.67 62 4.47 0
15:59 748.79 7.67 62 6.26 0
16:00 748.79 7.61 62 2.24 0
16:01 748.79 7.61 62 3.13 0
16:02 748.79 7.56 62 4.02 0
16:03 748.54 7.56 62 4.02 0
16:04 748.54 7.56 62 4.92 0
16:05 748.54 7.56 62 3.58 0
16:06 748.54 7.5 62 3.58 0
16:07 748.54 7.5 62 2.24 0
16:08 748.54 7.5 62 5.36 0
16:09 748.54 7.5 62 2.68 0
16:10 748.54 7.44 62 3.58 0
16:11 748.54 7.44 62 4.02 0
16:12 748.54 7.44 62 3.13 0
16:13 748.54 7.39 62 3.13 0
16:14 748.54 7.39 62 3.58 0
16:15 748.54 7.39 62 4.02 0
16:16 748.54 7.39 62 5.36 0
16:17 748.54 7.39 63 2.68 0
16:18 748.54 7.39 63 3.13 0
16:19 748.54 7.39 63 4.02 0
16:20 748.54 7.39 63 4.47 0
16:21 748.28 7.33 62 5.36 0
16:22 748.28 7.33 63 2.68 0
16:23 748.28 7.33 63 4.02 0
16:24 748.28 7.33 63 2.68 0
16:25 748.28 7.33 63 2.24 0
16:26 748.28 7.33 63 2.24 0
16:27 748.28 7.28 63 4.92 0
16:28 748.28 7.33 63 6.71 0
16:29 748.28 7.28 63 4.47 0
16:30 748.28 7.28 63 4.02 0
16:31 748.28 7.22 63 2.24 0
16:32 748.28 7.22 63 3.13 0
16:33 748.28 7.22 63 3.13 0
16:34 748.28 7.22 63 2.68 0
16:35 748.28 7.22 63 3.58 0
16:36 748.28 7.17 64 1.79 0
16:37 748.28 7.17 64 1.34 0
16:38 748.28 7.17 64 3.58 0
16:39 748.28 7.11 64 3.58 0
16:40 748.28 7.11 64 .89 0
16:41 748.28 7.11 64 3.58 0
16:42 748.28 7.11 64 3.13 0
16:43 748.28 7.06 64 3.58 0
16:44 748.28 7.06 64 .45 0
16:45 748.28 7.06 64 1.79 0
16:46 748.28 7.06 64 3.58 0
16:47 748.28 7 64 1.79 0
16:48 748.28 6.94 64 1.79 0
16:49 748.28 6.94 64 2.24 0
16:50 748.28 6.94 65 4.02 0
16:51 748.03 6.94 64 1.79 0
16:52 748.03 6.94 64 3.58 0
16:53 748.03 6.94 65 1.79 0
16:54 748.03 6.89 65 2.24 0
16:55 748.03 6.89 65 4.92 0
16:56 748.03 6.83 65 5.36 0
16:57 748.03 6.89 65 3.13 0
16:58 748.03 6.89 65 1.34 0
16:59 748.03 6.83 65 4.02 0
17:00 748.03 6.83 65 4.47 0
17:01 748.03 6.83 65 1.79 0
17:02 748.03 6.78 65 4.02 0
17:03 748.03 6.78 65 3.13 0
17:04 748.03 6.78 65 1.79 0
17:05 748.03 6.78 65 2.24 0
17:06 748.03 6.78 65 2.24 0
17:07 748.03 6.78 65 3.58 0
17:08 748.03 6.72 65 3.13 0
17:09 748.03 6.78 65 1.79 0
17:10 748.03 6.72 65 2.24 0
17:11 748.03 6.72 65 1.79 0
17:12 748.03 6.67 65 2.68 0
17:13 748.03 6.67 65 3.13 0
17:14 748.03 6.67 65 3.58 0
17:15 748.03 6.67 65 2.68 0
17:16 748.03 6.61 65 2.68 0
17:17 748.03 6.61 66 1.79 0
17:18 748.03 6.61 66 2.24 0
17:19 748.03 6.56 66 4.02 0
17:20 748.03 6.56 66 1.34 0
17:21 748.03 6.56 66 1.79 0
17:22 748.03 6.56 66 3.58 0
17:23 748.03 6.56 66 3.13 0
17:24 748.03 6.56 66 4.47 0
17:25 748.03 6.56 66 2.24 0
17:26 748.03 6.5 66 3.58 0
17:27 748.03 6.5 66 2.24 0
17:28 748.03 6.5 66 1.79 0
17:29 748.03 6.5 66 1.34 0
17:30 748.03 6.5 66 2.24 0
17:31 748.03 6.5 66 .89 0
17:32 748.03 6.5 66 3.58 0
17:33 748.03 6.44 66 3.13 0
17:34 748.03 6.44 66 1.79 0
17:35 748.03 6.44 66 3.13 0
17:36 748.03 6.44 66 .89 0
17:37 748.03 6.44 66 1.79 0
17:38 748.03 6.44 66 5.36 0
17:39 748.03 6.44 66 6.26 0
17:40 748.03 6.44 66 4.92 0
17:41 747.78 6.44 66 2.68 0
17:42 747.78 6.44 66 4.02 0
17:43 747.78 6.44 66 2.24 0
17:44 747.78 6.44 66 1.79 0
17:45 747.78 6.39 66 2.68 0
17:46 747.78 6.39 66 3.13 0
17:47 747.78 6.39 66 2.24 0
17:48 747.78 6.33 66 3.13 0
17:49 747.78 6.33 66 1.79 0
17:50 747.78 6.33 67 1.34 0
17:51 747.78 6.33 67 2.24 0
17:52 747.78 6.33 67 3.58 0
17:53 747.78 6.33 67 2.68 0
17:54 747.78 6.28 67 2.68 0
17:55 747.78 6.28 67 4.92 0
17:56 747.78 6.28 67 2.24 0
17:57 747.78 6.28 67 1.34 0
17:58 747.78 6.22 67 1.79 0
17:59 747.78 6.28 67 2.24 0
18:00 747.78 6.28 67 2.24 0
18:01 747.78 6.22 67 2.24 0
18:02 747.78 6.22 67 1.79 0
18:03 747.78 6.22 67 1.34 0
18:04 747.78 6.17 67 2.68 0
18:05 747.78 6.17 67 2.24 0
18:06 747.78 6.17 67 3.13 0
18:07 747.78 6.17 67 2.24 0
18:08 747.52 6.11 67 2.24 0
18:09 747.78 6.11 67 3.58 0
18:10 747.78 6.11 67 1.34 0
18:11 747.52 6.11 67 2.24 0
18:12 747.52 6.06 67 2.68 0
18:13 747.52 6.11 67 3.58 0
18:14 747.78 6.06 67 2.68 0
18:15 747.52 6.06 67 3.58 0
18:16 747.78 6.06 67 3.58 0
18:17 747.78 6.11 67 2.68 0
18:18 747.52 6.11 67 3.58 0
18:19 747.52 6.11 67 2.68 0
18:20 747.52 6.11 67 2.68 0
18:21 747.52 6.11 67 3.13 0
18:22 747.52 6.11 67 1.34 0
18:23 747.52 6.11 67 1.79 0
18:24 747.52 6.11 67 1.79 0
18:25 747.52 6.06 67 4.02 0
18:26 747.52 6.06 67 3.58 0
18:27 747.52 6.11 67 1.79 0
18:28 747.52 6.06 68 3.13 0
18:29 747.52 6.11 67 2.68 0
18:30 747.52 6.11 67 1.34 0
18:31 747.52 6.06 68 3.58 0
18:32 747.52 6.11 68 1.79 0
18:33 747.52 6.06 68 1.34 0
18:34 747.52 6.06 68 3.13 0
18:35 747.52 6.06 67 2.24 0
18:36 747.52 6.06 68 3.58 0
18:37 747.52 6.06 67 2.68 0
18:38 747.52 6.06 68 2.24 0
18:39 747.52 6 68 2.68 0
18:40 747.52 6 68 3.13 0
18:41 747.27 5.94 68 3.13 0
18:42 747.52 5.94 68 3.58 0
18:43 747.27 5.94 68 3.13 0
18:44 747.27 5.94 68 3.13 0
18:45 747.27 5.94 68 2.24 0
18:46 747.27 5.94 68 4.02 0
18:47 747.27 5.94 68 3.13 0
18:48 747.27 5.94 68 2.24 0
18:49 747.27 6 68 1.79 0
18:50 747.27 5.94 68 2.24 0
18:51 747.27 6 68 1.34 0
18:52 747.27 5.94 68 3.13 0
18:53 747.27 5.94 68 3.13 0
18:54 747.27 5.94 68 1.34 0
18:55 747.27 5.94 68 1.79 0
18:56 747.27 5.94 68 1.79 0
18:57 747.27 5.94 68 3.13 0
18:58 747.27 5.94 68 1.34 0
18:59 747.27 5.94 68 2.24 0
19:00 747.01 5.94 68 1.79 0
19:01 747.01 5.89 69 2.68 0
19:02 747.27 5.89 69 2.24 0
19:03 747.01 5.89 69 2.68 0
19:04 747.01 5.89 69 4.02 0
19:05 747.01 5.89 69 2.68 0
19:06 747.01 5.89 69 3.58 0
19:07 747.01 5.83 69 2.24 0
19:08 747.01 5.83 69 2.24 0
19:09 747.01 5.83 69 2.68 0
19:10 747.01 5.83 69 2.24 0
19:11 747.01 5.83 69 2.24 0
19:12 747.01 5.83 69 2.24 0
19:13 747.01 5.83 69 2.68 0
19:14 747.01 5.83 69 3.13 0
19:15 747.01 5.78 69 2.24 0
19:16 747.01 5.78 69 4.02 0
19:17 747.01 5.83 69 2.24 0
19:18 747.01 5.83 69 .89 0
19:19 747.01 5.83 69 3.13 0
19:20 747.01 5.83 69 2.24 0
19:21 747.01 5.78 69 2.68 0
19:22 747.01 5.78 69 1.79 0
19:23 747.01 5.78 69 4.02 0
19:24 747.01 5.78 69 1.79 0
19:25 747.01 5.78 69 1.34 0
19:26 747.01 5.78 69 .89 0
19:27 746.76 5.78 69 3.13 0
19:28 747.01 5.78 69 2.24 0
19:29 746.76 5.78 69 4.02 0
19:30 746.76 5.78 69 3.58 0
19:31 746.76 5.78 69 3.13 0
19:32 746.76 5.78 69 3.13 0
19:33 746.76 5.78 69 4.47 0
19:34 746.76 5.78 69 2.68 0
19:35 746.76 5.78 69 1.79 0
19:36 746.76 5.78 69 1.34 0
19:37 746.76 5.78 69 1.79 0
19:38 746.76 5.78 69 3.13 0
19:39 746.76 5.78 69 1.79 0
19:40 746.76 5.78 69 2.68 0
19:41 746.76 5.72 69 1.79 0
19:42 746.51 5.72 70 .89 0
19:43 746.51 5.67 70 1.79 0
19:44 746.51 5.72 70 4.47 0
19:45 746.51 5.72 70 1.79 0
19:46 746.51 5.67 70 4.02 0
19:47 746.51 5.72 70 2.24 0
19:48 746.51 5.67 70 3.13 0
19:49 746.51 5.67 70 1.79 0
19:50 746.51 5.67 70 2.24 0
19:51 746.51 5.67 70 2.68 0
19:52 746.51 5.67 70 1.34 0
19:53 746.51 5.61 70 2.24 0
19:54 746.51 5.61 70 2.68 0
19:55 746.51 5.61 70 3.13 0
19:56 746.51 5.56 70 1.79 0
19:57 746.51 5.61 70 2.24 0
19:58 746.51 5.61 70 3.58 0
19:59 746.51 5.67 70 1.79 0
20:00 746.51 5.61 70 3.13 0
20:01 746.51 5.61 70 1.34 0
20:02 746.51 5.61 70 0 0
20:03 746.51 5.61 70 1.79 0
20:04 746.51 5.61 70 1.79 0
20:05 746.51 5.61 70 2.68 0
20:06 746.51 5.61 70 2.24 0
20:07 746.25 5.61 70 2.68 0
20:08 746.25 5.61 70 2.68 0
20:09 746.25 5.56 70 2.68 0
20:10 746.25 5.61 70 3.58 0
20:11 746.51 5.61 70 2.24 0
20:12 746.51 5.56 70 1.34 0
20:13 746.25 5.56 71 2.24 0
20:14 746.25 5.56 70 1.79 0
20:15 746.25 5.56 70 1.79 0
20:16 746.25 5.56 71 3.13 0
20:17 746.25 5.56 70 .89 0
20:18 746.51 5.56 70 1.79 0
20:19 746.25 5.56 70 2.68 0
20:20 746.51 5.5 70 2.68 0
20:21 746.25 5.5 71 3.13 0
20:22 746.25 5.5 71 2.68 0
20:23 746.25 5.5 71 1.34 0
20:24 746.25 5.44 71 1.79 0
20:25 746.25 5.44 71 2.68 0
20:26 746.25 5.5 71 1.79 0
20:27 746.25 5.44 71 2.24 0
20:28 746.25 5.44 71 1.79 0
20:29 746.25 5.44 71 3.13 0
20:30 746.25 5.44 71 1.79 0
20:31 746.25 5.5 71 2.68 0
20:32 746.25 5.44 71 2.24 0
20:33 746.25 5.44 71 1.34 0
20:34 746.25 5.44 71 .89 0
20:35 746.25 5.44 71 2.24 0
20:36 746 5.44 71 2.24 0
20:37 746 5.39 71 1.79 0
20:38 746 5.39 71 .45 0
20:39 746 5.39 71 1.79 0
20:40 746 5.39 71 1.79 0
20:41 746 5.33 71 2.68 0
20:42 746 5.33 71 2.68 0
20:43 746 5.33 71 2.24 0
20:44 746 5.33 71 1.34 0
20:45 746 5.33 71 2.24 0
20:46 746 5.33 71 1.79 0
20:47 746 5.33 71 1.34 0
20:48 746 5.33 71 1.34 0
20:49 746 5.33 71 1.79 0
20:50 746 5.33 71 2.24 0
20:51 746 5.33 71 2.24 0
20:52 746 5.33 71 1.79 0
20:53 746 5.28 71 1.79 0
20:54 746 5.28 71 2.24 0
20:55 746 5.28 71 2.24 0
20:56 746 5.28 71 1.79 0
20:57 746 5.28 71 1.34 0
20:58 746 5.28 71 1.79 0
20:59 746 5.22 71 1.34 0
21:00 746 5.22 71 1.79 0
21:01 746 5.28 71 .89 0
21:02 746 5.22 71 1.34 0
21:03 746 5.22 71 .45 0
21:04 746 5.22 71 .89 0
21:05 746 5.22 71 .89 0
21:06 745.74 5.22 71 1.34 0
21:07 745.74 5.22 71 .89 0
21:08 746 5.17 71 .89 0
21:09 746 5.17 71 1.34 0
21:10 745.74 5.17 71 .89 0
21:11 745.74 5.17 71 1.34 0
21:12 745.74 5.17 71 1.79 0
21:13 746 5.17 71 .45 0
21:14 745.74 5.11 71 .45 0
21:15 745.74 5.11 72 .45 0
21:16 745.74 5.11 72 1.34 0
21:17 745.74 5.11 72 1.34 0
21:18 745.74 5.06 72 1.34 0
21:19 745.74 5.06 72 .89 0
21:20 745.74 5.06 72 1.34 0
21:21 745.74 5.06 72 1.34 0
21:22 745.74 5.06 72 1.34 0
21:23 745.74 5.06 72 1.79 0
21:24 745.74 5.06 72 1.79 0
21:25 745.74 5.06 72 1.34 0
21:26 745.74 5.06 72 .89 0
21:27 745.74 5.06 72 .89 0
21:28 745.74 5.06 72 .89 0
21:29 745.74 5.06 72 1.34 0
21:30 745.74 5.06 72 1.79 0
21:31 745.74 5.06 72 .45 0
21:32 745.74 5.06 72 2.24 0
21:33 745.74 5.06 72 1.34 0
21:34 745.74 5.06 72 1.79 0
21:35 745.74 5.06 72 1.79 0
21:36 745.74 5.11 72 1.34 0
21:37 745.74 5.11 72 .45 0
21:38 745.74 5.11 72 1.79 0
21:39 745.74 5.11 72 2.24 0
21:40 745.74 5.11 72 1.79 0
21:41 745.74 5.06 72 1.79 0
21:42 745.74 5.11 72 2.24 0
21:43 745.49 5.06 72 2.24 0
21:44 745.74 5.17 72 1.79 0
21:45 745.49 5.17 72 1.34 0
21:46 745.49 5.17 72 2.24 0
21:47 745.49 5.17 72 2.68 0
21:48 745.49 5.17 72 1.34 0
21:49 745.49 5.22 72 2.24 0
21:50 745.49 5.22 71 1.79 0
21:51 745.49 5.28 71 1.79 0
21:52 745.49 5.28 72 .45 0
21:53 745.49 5.28 72 2.68 0
21:54 745.49 5.28 71 1.79 0
21:55 745.49 5.33 72 1.79 0
21:56 745.49 5.28 71 2.24 0
21:57 745.49 5.33 71 2.68 0
21:58 745.49 5.33 71 1.79 0
21:59 745.49 5.33 72 1.34 0
22:00 745.49 5.33 72 1.79 0
22:01 745.49 5.33 71 2.24 0
22:02 745.49 5.33 71 1.34 0
22:03 745.49 5.33 71 1.79 0
22:04 745.49 5.33 71 1.79 0
22:05 745.24 5.33 72 1.79 0
22:06 745.24 5.33 72 2.24 0
22:07 745.24 5.33 71 2.24 0
22:08 745.24 5.33 71 2.68 0
22:09 745.24 5.28 71 2.24 0
22:10 745.24 5.33 71 1.79 0
22:11 745.24 5.33 71 3.13 0
22:12 745.24 5.33 71 1.79 0
22:13 745.24 5.33 72 1.34 0
22:14 745.24 5.39 72 2.68 0
22:15 745.24 5.33 72 1.34 0
22:16 745.24 5.33 71 2.24 0
22:17 745.24 5.39 71 3.58 0
22:18 745.24 5.33 71 1.79 0
22:19 745.24 5.33 71 1.79 0
22:20 745.24 5.39 71 2.24 0
22:21 745.24 5.39 71 1.79 0
22:22 745.24 5.39 71 2.68 0
22:23 745.24 5.33 71 1.79 0
22:24 745.24 5.33 72 1.34 0
22:25 745.24 5.39 72 2.24 0
22:26 745.24 5.33 71 1.34 0
22:27 745.24 5.33 72 1.79 0
22:28 745.24 5.33 71 .45 0
22:29 745.24 5.33 72 2.68 0
22:30 745.24 5.28 72 2.24 0
22:31 745.24 5.28 72 2.24 0
22:32 745.24 5.28 72 1.79 0
22:33 745.24 5.28 72 2.24 0
22:34 744.98 5.28 72 1.79 0
22:35 744.98 5.22 72 2.68 0
22:36 745.24 5.22 72 2.68 0
22:37 744.98 5.22 72 .89 0
22:38 745.24 5.22 72 3.13 0
22:39 744.98 5.22 72 1.79 0
22:40 744.98 5.22 72 3.58 0
22:41 744.98 5.17 72 .89 0
22:42 744.98 5.22 72 1.79 0
22:43 744.98 5.22 72 1.79 0
22:44 744.98 5.22 72 1.79 0
22:45 744.98 5.22 72 2.24 0
22:46 744.98 5.17 72 3.58 0
22:47 744.98 5.22 72 2.24 0
22:48 744.98 5.17 72 1.34 0
22:49 744.98 5.22 72 1.79 0
22:50 744.73 5.17 72 1.79 0
22:51 744.73 5.17 72 2.68 0
22:52 744.73 5.22 72 2.24 0
22:53 744.73 5.22 72 1.79 0
22:54 744.73 5.17 72 3.13 0
22:55 744.73 5.22 72 .45 0
22:56 744.73 5.17 72 1.34 0
22:57 744.73 5.22 72 1.79 0
22:58 744.73 5.22 72 1.79 0
22:59 744.73 5.17 72 2.24 0
23:00 744.73 5.17 72 .89 0
23:01 744.73 5.17 73 1.79 0
23:02 744.73 5.17 72 3.13 0
23:03 744.73 5.17 73 1.79 0
23:04 744.73 5.17 72 2.24 0
23:05 744.73 5.17 72 1.34 0
23:06 744.73 5.17 73 2.68 0
23:07 744.73 5.17 72 2.24 0
23:08 744.73 5.17 72 1.34 0
23:09 744.73 5.17 73 3.13 0
23:10 744.73 5.11 73 .89 0
23:11 744.73 5.06 73 1.79 0
23:12 744.73 5.11 72 2.24 0
23:13 744.73 5.06 72 .89 0
23:14 744.73 5.06 73 3.58 0
23:15 744.73 5.06 73 1.79 0
23:16 744.73 5.06 73 2.24 0
23:17 744.73 5.06 73 1.34 0
23:18 744.73 5 73 2.68 0
23:19 744.73 5 73 3.13 0
23:20 744.73 5 73 .45 0
23:21 744.73 5 73 2.24 0
23:22 744.73 5 73 1.79 0
23:23 744.47 5 73 1.34 0
23:24 744.47 4.94 73 2.24 0
23:25 744.47 5 73 2.68 0
23:26 744.47 5 73 1.79 0
23:27 744.47 5 73 1.34 0
23:28 744.47 5 73 1.34 0
23:29 744.47 5 73 2.24 0
23:30 744.47 5 73 3.58 0
23:31 744.47 5 73 2.24 0
23:32 744.47 5 73 1.79 0
23:33 744.47 5 73 2.68 0
23:34 744.47 5 73 1.79 0
23:35 744.47 5 73 2.24 0
23:36 744.47 5 73 2.24 0
23:37 744.22 5 73 2.24 0
23:38 744.47 5 73 1.79 0
23:39 744.47 5 73 3.58 0
23:40 744.47 5 73 1.79 0
23:41 744.22 5.06 73 2.68 0
23:42 744.22 5.06 73 4.02 0
23:43 744.22 5.06 73 4.02 0
23:44 744.22 5.06 73 4.02 0
23:45 744.22 5.06 73 2.24 0
23:46 744.22 5.06 73 3.58 0
23:47 744.22 5.06 73 2.24 0
23:48 744.22 5.06 73 2.68 0
23:49 744.22 5.11 73 4.02 0
23:50 744.22 5.06 73 2.68 0
23:51 744.22 5.11 73 2.24 0
23:52 744.22 5.11 73 4.92 0
23:53 744.22 5.11 73 4.47 0
23:54 744.22 5.17 73 2.24 0
23:55 744.22 5.17 73 2.24 0
23:56 744.22 5.17 73 3.58 0
23:57 744.22 5.11 73 3.13 0
23:58 744.22 5.17 73 3.58 0
23:59 744.22 5.17 73 5.81 0
