00:00 739.65 17.56 79 2.24 0
00:01 739.65 17.61 79 4.92 0
00:02 739.65 17.56 79 2.68 0
00:03 739.65 17.56 79 3.13 0
00:04 739.65 17.61 79 1.34 0
00:05 739.65 17.56 79 3.13 0
00:06 739.65 17.56 79 1.79 0
00:07 739.65 17.56 79 2.68 0
00:08 739.65 17.5 79 2.24 0
00:09 739.65 17.56 79 2.24 0
00:10 739.65 17.5 79 3.58 0
00:11 739.65 17.5 79 3.13 0
00:12 739.65 17.44 79 3.58 0
00:13 739.65 17.5 79 2.24 0
00:14 739.65 17.5 79 2.24 0
00:15 739.65 17.5 79 2.68 0
00:16 739.65 17.44 79 3.58 0
00:17 739.65 17.44 79 4.02 0
00:18 739.65 17.44 79 3.13 0
00:19 739.65 17.44 79 4.02 0
00:20 739.65 17.39 79 1.79 0
00:21 739.65 17.39 79 4.47 0
00:22 739.65 17.39 80 4.02 0
00:23 739.65 17.39 80 1.79 0
00:24 739.65 17.39 80 4.02 0
00:25 739.65 17.39 80 3.13 0
00:26 739.65 17.33 79 4.92 0
00:27 739.65 17.33 79 4.02 0
00:28 739.65 17.33 79 5.81 0
00:29 739.65 17.28 78 4.92 0
00:30 739.65 17.28 78 2.68 0
00:31 739.65 17.28 79 5.36 0
00:32 739.65 17.22 78 4.47 0
00:33 739.65 17.17 78 5.81 0
00:34 739.65 17.17 78 3.13 0
00:35 739.65 17.17 79 1.34 0
00:36 739.65 17.17 79 2.24 0
00:37 739.65 17.11 79 4.47 0
00:38 739.65 17.11 79 4.02 0
00:39 739.65 17.06 79 3.13 0
00:40 739.65 17.06 79 2.24 0
00:41 739.65 17 79 2.24 0
00:42 739.65 17 79 1.79 0
00:43 739.65 16.94 79 3.13 0
00:44 739.65 16.94 79 4.47 0
00:45 739.65 16.94 79 5.36 0
00:46 739.65 16.89 79 3.13 0
00:47 739.65 16.89 79 3.13 0
00:48 739.65 16.89 79 1.79 0
00:49 739.65 16.89 79 4.92 0
00:50 739.65 16.89 79 3.13 0
00:51 739.65 16.83 80 3.58 0
00:52 739.65 16.83 80 1.79 0
00:53 739.65 16.83 80 2.68 0
00:54 739.39 16.83 80 3.13 0
00:55 739.39 16.83 80 1.79 0
00:56 739.39 16.83 80 4.47 0
00:57 739.39 16.83 80 1.79 0
00:58 739.65 16.83 80 1.79 0
00:59 739.65 16.83 80 1.79 0
01:00 739.65 16.83 80 3.13 0
01:01 739.65 16.83 80 3.13 0
01:02 739.65 16.83 80 2.24 0
01:03 739.65 16.89 80 1.34 0
01:04 739.65 16.83 80 2.68 0
01:05 739.65 16.83 80 3.58 0
01:06 739.65 16.89 80 1.79 0
01:07 739.65 16.89 80 4.47 0
01:08 739.65 16.83 80 4.47 0
01:09 739.65 16.83 80 3.13 0
01:10 739.65 16.83 80 1.79 0
01:11 739.65 16.83 80 4.47 0
01:12 739.65 16.83 80 5.36 0
01:13 739.65 16.78 80 3.58 0
01:14 739.65 16.78 80 2.68 0
01:15 739.65 16.72 80 4.92 0
01:16 739.65 16.72 80 5.36 0
01:17 739.65 16.72 80 4.02 0
01:18 739.65 16.72 80 3.13 0
01:19 739.65 16.67 80 5.36 0
01:20 739.65 16.67 80 4.02 0
01:21 739.65 16.67 80 5.36 0
01:22 739.65 16.61 80 2.68 0
01:23 739.65 16.61 80 2.24 0
01:24 739.65 16.61 81 4.02 0
01:25 739.65 16.61 81 3.13 0
01:26 739.65 16.61 81 4.92 0
01:27 739.39 16.61 81 5.81 0
01:28 739.39 16.61 81 5.36 0
01:29 739.39 16.56 81 5.81 0
01:30 739.65 16.61 81 3.58 0
01:31 739.39 16.56 81 1.79 0
01:32 739.39 16.61 81 3.58 0
01:33 739.39 16.61 81 4.92 0
01:34 739.39 16.61 81 3.13 0
01:35 739.39 16.61 81 2.68 0
01:36 739.39 16.61 80 .89 0
01:37 739.39 16.61 80 1.79 0
01:38 739.39 16.61 80 1.34 0
01:39 739.39 16.56 80 3.58 0
01:40 739.39 16.56 80 2.24 0
01:41 739.39 16.56 80 4.47 0
01:42 739.39 16.5 80 3.58 0
01:43 739.39 16.5 80 1.79 0
01:44 739.39 16.5 80 3.13 0
01:45 739.65 16.5 80 2.68 0
01:46 739.65 16.44 80 4.47 0
01:47 739.65 16.44 80 3.13 0
01:48 739.65 16.44 80 3.13 0
01:49 739.65 16.44 80 4.02 0
01:50 739.65 16.44 80 2.68 0
01:51 739.65 16.44 80 2.68 0
01:52 739.65 16.44 80 2.24 0
01:53 739.65 16.44 80 2.24 0
01:54 739.65 16.44 80 1.79 0
01:55 739.65 16.44 80 2.24 0
01:56 739.65 16.44 80 1.79 0
01:57 739.65 16.44 80 4.02 0
01:58 739.65 16.44 80 2.68 0
01:59 739.65 16.39 80 6.26 0
02:00 739.65 16.33 80 4.02 0
02:01 739.65 16.33 80 1.34 0
02:02 739.9 16.33 80 1.79 0
02:03 739.65 16.28 80 3.58 0
02:04 739.9 16.28 80 4.02 0
02:05 739.65 16.22 80 4.02 0
02:06 739.65 16.22 80 6.26 0
02:07 739.65 16.17 80 4.02 0
02:08 739.65 16.17 81 1.34 0
02:09 739.65 16.17 81 3.13 0
02:10 739.65 16.17 81 4.02 0
02:11 739.65 16.11 81 2.24 0
02:12 739.65 16.11 81 1.79 0
02:13 739.65 16.11 81 4.02 0
02:14 739.65 16.11 81 2.68 0
02:15 739.65 16.11 81 3.58 0
02:16 739.65 16.17 81 3.13 0
02:17 739.65 16.11 81 4.02 0
02:18 739.65 16.11 81 3.13 0
02:19 739.65 16.11 81 1.34 0
02:20 739.65 16.17 81 2.24 0
02:21 739.65 16.17 81 2.68 0
02:22 739.65 16.17 81 3.58 0
02:23 739.65 16.17 81 1.34 0
02:24 739.65 16.11 81 4.92 0
02:25 739.65 16.11 81 4.47 0
02:26 739.65 16.11 81 2.24 0
02:27 739.65 16.06 81 4.47 0
02:28 739.65 16 81 4.92 0
02:29 739.9 15.94 81 6.71 0
02:30 739.9 15.94 81 2.24 0
02:31 739.9 15.94 81 4.47 0
02:32 739.9 15.94 81 4.02 0
02:33 739.9 15.89 81 4.47 0
02:34 739.9 15.89 81 5.36 0
02:35 739.9 15.89 81 4.02 0
02:36 739.9 15.83 81 4.47 0
02:37 739.9 15.83 82 4.47 0
02:38 739.9 15.83 81 4.47 0
02:39 739.9 15.83 82 2.68 0
02:40 739.9 15.83 82 4.47 0
02:41 739.9 15.83 82 4.92 0
02:42 739.9 15.83 82 2.68 0
02:43 739.9 15.83 82 4.02 0
02:44 739.9 15.83 82 1.34 0
02:45 739.9 15.83 82 4.02 0
02:46 739.9 15.83 82 4.92 0
02:47 739.9 15.83 82 4.47 0
02:48 739.9 15.83 82 4.47 0
02:49 739.9 15.83 82 3.13 0
02:50 739.9 15.83 82 4.47 0
02:51 739.9 15.83 82 3.13 0
02:52 739.9 15.83 81 2.24 0
02:53 739.9 15.83 82 4.02 0
02:54 739.9 15.83 82 4.47 0
02:55 739.9 15.83 82 1.79 0
02:56 739.9 15.83 82 2.68 0
02:57 739.65 15.83 82 3.58 0
02:58 739.65 15.89 81 2.68 0
02:59 739.65 15.83 82 1.79 0
03:00 739.65 15.89 82 2.24 0
03:01 739.65 15.89 82 2.24 0
03:02 739.65 15.89 82 1.34 0
03:03 739.65 15.83 82 2.24 0
03:04 739.65 15.83 81 2.24 0
03:05 739.65 15.83 82 .89 0
03:06 739.9 15.83 82 1.79 0
03:07 739.9 15.83 82 1.79 0
03:08 739.9 15.83 82 2.68 0
03:09 739.9 15.83 82 3.13 0
03:10 739.65 15.83 82 1.79 0
03:11 739.65 15.78 82 3.13 0
03:12 739.9 15.78 82 1.34 0
03:13 739.9 15.78 82 .89 0
03:14 739.9 15.78 82 2.24 0
03:15 739.9 15.78 82 1.79 0
03:16 739.9 15.78 82 1.79 0
03:17 739.65 15.78 82 1.79 0
03:18 739.9 15.78 82 2.24 0
03:19 739.65 15.78 82 1.79 0
03:20 739.9 15.78 82 1.34 0
03:21 739.65 15.78 82 1.79 0
03:22 739.65 15.78 82 4.92 0
03:23 739.9 15.72 82 3.13 0
03:24 739.9 15.78 82 3.13 0
03:25 739.9 15.72 82 5.36 0
03:26 739.9 15.72 82 4.47 0
03:27 739.9 15.72 82 4.02 0
03:28 739.9 15.67 82 4.92 0
03:29 739.9 15.67 82 4.47 0
03:30 739.9 15.67 82 4.02 0
03:31 739.9 15.67 82 2.24 0
03:32 739.9 15.61 82 3.13 0
03:33 739.9 15.61 82 4.02 0
03:34 739.9 15.56 82 3.58 0
03:35 739.9 15.56 82 1.79 0
03:36 739.9 15.56 82 1.34 0
03:37 739.9 15.56 83 1.79 0
03:38 739.9 15.56 83 2.24 0
03:39 739.9 15.56 83 3.13 0
03:40 739.9 15.56 83 2.24 0
03:41 739.9 15.56 83 3.13 0
03:42 739.9 15.56 82 1.79 0
03:43 739.9 15.5 82 3.58 0
03:44 739.9 15.5 83 2.68 0
03:45 739.9 15.5 83 2.68 0
03:46 739.9 15.44 83 2.68 0
03:47 739.9 15.44 83 3.13 0
03:48 739.9 15.44 83 1.79 0
03:49 739.9 15.44 83 4.02 0
03:50 739.9 15.44 83 3.13 0
03:51 739.9 15.44 83 4.02 0
03:52 739.9 15.44 83 2.24 0
03:53 739.9 15.44 83 4.02 0
03:54 739.9 15.39 83 4.47 0
03:55 739.9 15.39 83 1.79 0
03:56 739.9 15.39 83 3.13 0
03:57 739.9 15.39 83 2.68 0
03:58 739.9 15.39 83 4.02 0
03:59 739.9 15.39 83 2.68 0
04:00 739.9 15.39 83 1.79 0
04:01 739.9 15.39 83 3.13 0
04:02 739.9 15.33 83 2.24 0
04:03 739.9 15.33 83 3.13 0
04:04 739.9 15.33 83 3.58 0
04:05 739.9 15.33 83 2.68 0
04:06 739.9 15.33 83 4.47 0
04:07 739.9 15.33 83 3.58 0
04:08 739.9 15.33 83 3.13 0
04:09 739.9 15.33 83 4.02 0
04:10 739.9 15.28 83 3.58 0
04:11 739.9 15.33 83 3.58 0
04:12 739.9 15.28 83 3.13 0
04:13 739.9 15.28 83 3.13 0
04:14 739.9 15.28 83 1.79 0
04:15 739.9 15.28 83 2.24 0
04:16 739.9 15.28 83 5.81 0
04:17 739.9 15.28 83 3.58 0
04:18 739.9 15.28 83 2.68 0
04:19 739.9 15.28 83 3.58 0
04:20 739.9 15.28 83 4.02 0
04:21 739.9 15.28 83 4.92 0
04:22 739.9 15.28 83 4.92 0
04:23 739.9 15.28 83 3.58 0
04:24 739.9 15.22 83 5.36 0
04:25 739.9 15.28 83 4.47 0
04:26 739.9 15.28 84 4.02 0
04:27 739.9 15.28 84 2.68 0
04:28 739.9 15.22 84 2.68 0
04:29 739.9 15.28 84 1.34 0
04:30 739.9 15.22 84 1.34 0
04:31 739.9 15.28 84 2.68 0
04:32 739.9 15.22 84 1.79 0
04:33 739.9 15.22 84 3.58 0
04:34 739.9 15.22 84 2.24 0
04:35 739.9 15.22 84 4.92 0
04:36 739.9 15.28 84 2.68 0
04:37 739.9 15.22 84 3.13 0
04:38 739.9 15.22 84 3.58 0
04:39 739.9 15.22 84 3.58 0
04:40 739.9 15.22 84 2.24 0
04:41 739.9 15.22 84 5.36 0
04:42 739.9 15.28 84 3.13 0
04:43 739.9 15.22 84 3.58 0
04:44 739.9 15.28 84 4.02 0
04:45 739.9 15.28 84 2.68 0
04:46 739.9 15.22 84 3.13 0
04:47 739.9 15.22 84 2.68 0
04:48 739.9 15.28 84 3.13 0
04:49 739.9 15.28 84 2.68 0
04:50 739.9 15.22 84 1.79 0
04:51 739.9 15.28 84 4.92 0
04:52 739.9 15.28 84 4.92 0
04:53 739.9 15.22 84 2.68 0
04:54 739.9 15.22 84 4.47 0
04:55 739.9 15.22 84 3.58 0
04:56 739.9 15.28 84 4.47 0
04:57 739.9 15.28 84 4.47 0
04:58 739.9 15.22 84 4.02 0
04:59 739.9 15.28 84 3.58 0
05:00 739.9 15.22 84 3.13 0
05:01 739.9 15.28 84 4.92 0
05:02 739.9 15.22 84 3.13 0
05:03 739.9 15.28 84 2.24 0
05:04 739.9 15.28 84 2.24 0
05:05 739.65 15.28 84 3.13 0
05:06 739.65 15.28 84 2.68 0
05:07 739.9 15.28 84 4.02 0
05:08 739.65 15.28 84 4.02 0
05:09 739.9 15.28 84 3.13 0
05:10 739.9 15.28 84 1.79 0
05:11 739.9 15.33 84 2.68 0
05:12 739.9 15.33 84 .89 0
05:13 739.9 15.33 84 2.24 0
05:14 739.9 15.39 84 1.34 0
05:15 739.9 15.39 84 1.79 0
05:16 739.9 15.39 84 2.68 0
05:17 739.9 15.39 84 4.02 0
05:18 739.9 15.33 84 2.24 0
05:19 739.9 15.39 84 3.58 0
05:20 739.9 15.39 84 2.68 0
05:21 739.9 15.39 84 1.79 0
05:22 739.9 15.39 84 2.24 0
05:23 739.9 15.39 84 3.58 0
05:24 739.9 15.39 84 3.58 0
05:25 739.9 15.39 84 4.02 0
05:26 739.9 15.39 84 3.58 0
05:27 739.9 15.39 84 .45 0
05:28 739.9 15.44 84 1.34 0
05:29 739.9 15.44 84 3.58 0
05:30 739.9 15.5 84 3.13 0
05:31 739.9 15.5 84 1.79 0
05:32 739.9 15.5 84 .89 0
05:33 739.9 15.56 84 .89 0
05:34 739.9 15.56 84 .89 0
05:35 739.9 15.56 84 2.24 0
05:36 739.9 15.56 84 2.68 0
05:37 739.9 15.61 84 3.58 0
05:38 739.9 15.61 83 3.13 0
05:39 739.9 15.61 83 1.79 0
05:40 739.9 15.61 83 3.13 0
05:41 739.9 15.61 83 2.68 0
05:42 739.65 15.61 83 1.79 0
05:43 739.9 15.61 83 1.34 0
05:44 739.9 15.67 83 4.47 0
05:45 739.9 15.67 83 2.24 0
05:46 739.9 15.72 83 3.58 0
05:47 739.9 15.72 83 2.24 0
05:48 739.9 15.83 83 2.24 0
05:49 739.9 15.83 83 3.13 0
05:50 739.9 15.89 83 1.34 0
05:51 739.9 15.89 82 2.24 0
05:52 739.9 15.94 82 4.02 0
05:53 739.9 15.94 82 3.13 0
05:54 739.9 15.94 82 1.79 0
05:55 739.9 15.94 82 2.24 0
05:56 739.9 15.94 82 3.13 0
05:57 739.65 15.89 82 3.13 0
05:58 739.9 15.89 82 2.24 0
05:59 739.65 15.89 82 1.79 0
06:00 739.65 15.94 82 2.24 0
06:01 739.65 15.89 82 4.47 0
06:02 739.65 15.89 82 4.02 0
06:03 739.65 15.89 82 4.02 0
06:04 739.65 15.94 82 1.79 0
06:05 739.65 15.94 82 1.34 0
06:06 739.9 16 82 2.24 0
06:07 739.65 16 82 2.68 0
06:08 739.9 16 82 4.47 0
06:09 739.65 16.06 82 2.68 0
06:10 739.65 16.06 82 2.68 0
06:11 739.9 16.06 82 2.68 0
06:12 739.65 16.06 82 2.24 0
06:13 739.65 16.06 82 2.24 0
06:14 739.65 16.06 82 3.58 0
06:15 739.65 16.06 82 4.02 0
06:16 739.65 16.06 82 4.47 0
06:17 739.65 16.11 82 4.02 0
06:18 739.65 16.06 82 3.58 0
06:19 739.65 16.06 82 3.13 0
06:20 739.65 16.06 82 4.02 0
06:21 739.65 16.06 82 3.58 0
06:22 739.65 16.06 82 3.13 0
06:23 739.65 16.06 82 3.58 0
06:24 739.65 16.06 82 2.24 0
06:25 739.65 16 82 1.79 0
06:26 739.65 16 82 5.81 0
06:27 739.65 16.06 82 2.68 0
06:28 739.65 16.06 82 4.02 0
06:29 739.65 16.06 82 4.02 0
06:30 739.65 16 82 4.47 0
06:31 739.65 16.06 82 2.68 0
06:32 739.65 16.06 82 3.13 0
06:33 739.65 16.11 82 2.24 0
06:34 739.65 16.11 82 4.02 0
06:35 739.65 16.11 82 3.13 0
06:36 739.65 16.17 82 4.02 0
06:37 739.65 16.17 81 3.58 0
06:38 739.65 16.17 81 3.58 0
06:39 739.65 16.22 81 3.58 0
06:40 739.65 16.22 81 4.92 0
06:41 739.65 16.22 81 5.36 0
06:42 739.65 16.28 81 4.47 0
06:43 739.65 16.28 81 4.47 0
06:44 739.65 16.28 81 4.02 0
06:45 739.65 16.28 81 4.02 0
06:46 739.65 16.28 81 5.81 0
06:47 739.65 16.33 81 4.92 0
06:48 739.65 16.33 81 2.68 0
06:49 739.65 16.33 81 2.68 0
06:50 739.65 16.39 81 1.79 0
06:51 739.65 16.44 81 2.68 0
06:52 739.65 16.44 81 2.24 0
06:53 739.65 16.44 81 1.79 0
06:54 739.65 16.5 81 4.47 0
06:55 739.65 16.5 80 4.47 0
06:56 739.65 16.5 80 3.13 0
06:57 739.65 16.44 81 4.02 0
06:58 739.65 16.44 80 3.13 0
06:59 739.65 16.44 81 4.47 0
07:00 739.65 16.44 80 4.02 0
07:01 739.65 16.44 80 5.81 0
07:02 739.65 16.39 80 7.15 0
07:03 739.65 16.33 80 5.36 0
07:04 739.65 16.33 80 3.58 0
07:05 739.65 16.33 80 1.79 0
07:06 739.65 16.33 81 2.24 0
07:07 739.65 16.39 81 1.79 0
07:08 739.65 16.39 81 3.58 0
07:09 739.65 16.39 81 3.58 0
07:10 739.65 16.39 80 4.92 0
07:11 739.65 16.33 80 2.68 0
07:12 739.65 16.39 81 3.13 0
07:13 739.65 16.39 81 2.24 0
07:14 739.65 16.39 81 5.36 0
07:15 739.65 16.39 80 4.02 0
07:16 739.65 16.33 81 6.71 0
07:17 739.65 16.33 80 5.81 0
07:18 739.65 16.33 81 4.02 0
07:19 739.65 16.33 81 4.47 0
07:20 739.65 16.33 81 4.02 0
07:21 739.65 16.39 81 4.47 0
07:22 739.65 16.33 81 1.79 0
07:23 739.65 16.39 81 3.58 0
07:24 739.65 16.39 81 2.24 0
07:25 739.65 16.39 81 2.24 0
07:26 739.65 16.44 81 3.13 0
07:27 739.65 16.44 81 4.92 0
07:28 739.65 16.44 80 5.36 0
07:29 739.65 16.44 80 4.47 0
07:30 739.65 16.44 80 5.81 0
07:31 739.65 16.5 80 4.47 0
07:32 739.65 16.44 80 4.02 0
07:33 739.65 16.44 80 3.58 0
07:34 739.65 16.44 80 5.36 0
07:35 739.9 16.44 80 3.58 0
07:36 739.9 16.44 80 1.79 0
07:37 739.9 16.44 80 4.47 0
07:38 739.9 16.44 80 2.24 0
07:39 739.9 16.44 80 4.02 0
07:40 739.9 16.5 80 4.47 0
07:41 739.9 16.5 80 3.13 0
07:42 739.9 16.56 80 3.58 0
07:43 739.9 16.56 80 3.58 0
07:44 739.9 16.56 80 5.81 0
07:45 739.9 16.61 80 4.92 0
07:46 739.9 16.61 79 4.47 0
07:47 739.9 16.61 79 2.68 0
07:48 739.9 16.61 79 3.58 0
07:49 739.9 16.56 79 6.26 0
07:50 739.9 16.56 79 4.02 0
07:51 739.9 16.61 79 2.68 0
07:52 739.9 16.56 79 1.34 0
07:53 739.9 16.61 80 3.58 0
07:54 739.9 16.67 80 1.79 0
07:55 739.9 16.72 80 2.24 0
07:56 739.9 16.72 80 2.24 0
07:57 739.9 16.78 80 1.79 0
07:58 739.9 16.83 79 3.13 0
07:59 739.9 16.89 79 3.13 0
08:00 739.9 16.89 79 3.58 0
08:01 739.9 16.94 79 3.13 0
08:02 739.9 16.94 79 2.24 0
08:03 739.9 16.94 79 1.79 0
08:04 739.9 17 79 3.58 0
08:05 739.9 17 78 3.13 0
08:06 739.9 17 78 2.68 0
08:07 739.9 17 78 5.36 0
08:08 739.9 17 78 4.92 0
08:09 739.9 17 78 4.47 0
08:10 739.9 17 78 3.58 0
08:11 739.9 17 78 3.13 0
08:12 739.9 17 78 3.13 0
08:13 739.9 17 78 3.13 0
08:14 739.9 17 79 2.24 0
08:15 739.9 17 79 2.68 0
08:16 739.9 17 78 1.79 0
08:17 739.9 17.06 79 1.34 0
08:18 739.9 17.06 79 .89 0
08:19 739.9 17.11 79 4.47 0
08:20 739.65 17.17 78 3.58 0
08:21 739.65 17.17 78 4.92 0
08:22 739.65 17.17 78 3.13 0
08:23 739.9 17.17 78 4.02 0
08:24 739.65 17.17 78 5.81 0
08:25 739.65 17.17 78 3.13 0
08:26 739.65 17.17 78 3.13 0
08:27 739.65 17.22 78 4.47 0
08:28 739.65 17.22 78 7.6 0
08:29 739.65 17.22 78 3.58 0
08:30 739.65 17.28 78 4.02 0
08:31 739.65 17.28 78 2.24 0
08:32 739.65 17.33 78 2.24 0
08:33 739.65 17.39 78 4.92 0
08:34 739.65 17.44 78 4.47 0
08:35 739.65 17.5 77 5.81 0
08:36 739.65 17.5 77 3.13 0
08:37 739.65 17.56 77 4.47 0
08:38 739.65 17.61 77 3.58 0
08:39 739.65 17.61 77 3.58 0
08:40 739.65 17.67 77 5.81 0
08:41 739.65 17.67 76 6.26 0
08:42 739.65 17.61 76 5.36 0
08:43 739.65 17.67 76 3.58 0
08:44 739.65 17.67 77 6.26 0
08:45 739.65 17.67 77 3.58 0
08:46 739.65 17.72 77 5.36 0
08:47 739.65 17.78 76 8.05 0
08:48 739.65 17.78 76 4.92 0
08:49 739.65 17.83 76 4.02 0
08:50 739.65 17.89 76 2.24 0
08:51 739.39 17.94 76 3.13 0
08:52 739.65 18 76 4.47 0
08:53 739.65 18.06 75 3.13 0
08:54 739.65 18.11 75 4.92 0
08:55 739.65 18.11 75 4.92 0
08:56 739.65 18.11 75 4.92 0
08:57 739.65 18.17 75 4.92 0
08:58 739.65 18.22 75 4.92 0
08:59 739.65 18.33 75 4.02 0
09:00 739.65 18.39 75 5.36 0
09:01 739.65 18.33 74 4.02 0
09:02 739.65 18.33 74 3.13 0
09:03 739.65 18.33 74 1.79 0
09:04 739.65 18.39 75 4.02 0
09:05 739.65 18.44 75 4.02 0
09:06 739.65 18.5 74 5.36 0
09:07 739.65 18.56 74 3.58 0
09:08 739.65 18.61 74 3.58 0
09:09 739.65 18.67 74 3.13 0
09:10 739.65 18.72 74 2.68 0
09:11 739.65 18.72 74 3.58 0
09:12 739.65 18.72 74 1.34 0
09:13 739.65 18.78 74 .45 0
09:14 739.65 18.83 74 1.34 0
09:15 739.65 18.89 74 2.68 0
09:16 739.65 18.94 73 3.58 0
09:17 739.65 18.94 73 3.13 0
09:18 739.65 18.94 73 4.02 0
09:19 739.65 19 73 3.13 0
09:20 739.65 19 73 5.81 0
09:21 739.65 18.89 73 5.81 0
09:22 739.65 18.83 73 3.58 0
09:23 739.65 18.78 73 5.36 0
09:24 739.65 18.83 73 4.47 0
09:25 739.65 18.83 73 5.36 0
09:26 739.65 18.83 73 4.92 0
09:27 739.65 18.83 73 4.47 0
09:28 739.65 18.83 73 5.81 0
09:29 739.65 18.78 72 3.13 0
09:30 739.65 18.78 72 4.92 0
09:31 739.65 18.78 72 3.13 0
09:32 739.65 18.72 72 5.36 0
09:33 739.65 18.72 72 6.71 0
09:34 739.65 18.72 72 6.26 0
09:35 739.65 18.67 72 5.36 0
09:36 739.65 18.72 72 4.02 0
09:37 739.65 18.72 72 5.36 0
09:38 739.65 18.78 72 2.24 0
09:39 739.65 18.83 72 3.13 0
09:40 739.65 18.89 72 4.02 0
09:41 739.65 18.89 72 7.6 0
09:42 739.9 18.83 71 5.36 0
09:43 739.65 18.78 71 3.13 0
09:44 739.65 18.78 72 3.58 0
09:45 739.65 18.78 72 4.92 0
09:46 739.9 18.78 72 4.47 0
09:47 739.9 18.78 72 3.58 0
09:48 739.9 18.78 72 5.36 0
09:49 739.65 18.78 72 6.71 0
09:50 739.9 18.72 71 5.36 0
09:51 739.9 18.72 71 4.92 0
09:52 739.9 18.72 72 4.92 0
09:53 739.9 18.72 72 1.34 0
09:54 739.9 18.78 72 6.71 0
09:55 739.9 18.78 71 6.71 0
09:56 739.65 18.78 71 5.36 0
09:57 739.9 18.78 71 2.68 0
09:58 739.9 18.83 72 2.24 0
09:59 739.9 18.89 72 3.13 0
10:00 739.9 18.89 71 4.92 0
10:01 739.65 19 71 2.24 0
10:02 739.9 19.06 72 3.58 0
10:03 739.65 19.06 71 4.92 0
10:04 739.65 19.11 71 4.47 0
10:05 739.9 19.11 71 5.81 0
10:06 739.9 19.11 71 3.13 0
10:07 739.9 19.17 71 4.47 0
10:08 739.9 19.17 71 4.47 0
10:09 739.9 19.22 70 4.92 0
10:10 739.9 19.22 70 6.71 0
10:11 739.9 19.28 69 2.24 0
10:12 739.9 19.28 70 2.24 0
10:13 739.9 19.39 70 3.13 0
10:14 739.9 19.5 69 2.24 0
10:15 739.9 19.61 70 2.68 0
10:16 739.9 19.72 70 3.58 0
10:17 739.9 19.78 69 6.26 0
10:18 739.9 19.72 68 3.58 0
10:19 739.65 19.67 68 4.02 0
10:20 739.9 19.61 69 4.47 0
10:21 739.65 19.56 69 5.36 0
10:22 739.9 19.56 70 4.92 0
10:23 739.9 19.56 70 6.71 0
10:24 739.65 19.44 69 5.81 0
10:25 739.9 19.39 69 4.02 0
10:26 739.65 19.39 70 1.34 0
10:27 739.65 19.44 70 5.36 0
10:28 739.65 19.44 70 1.79 0
10:29 739.65 19.44 70 6.26 0
10:30 739.9 19.44 70 4.02 0
10:31 739.65 19.5 69 3.13 0
10:32 739.9 19.5 70 4.47 0
10:33 739.65 19.56 69 4.92 0
10:34 739.9 19.5 69 3.58 0
10:35 739.9 19.5 70 4.02 0
10:36 739.9 19.44 69 4.47 0
10:37 739.9 19.44 69 2.68 0
10:38 739.9 19.5 69 5.36 0
10:39 739.9 19.5 69 5.81 0
10:40 739.65 19.5 69 2.24 0
10:41 739.9 19.5 69 4.02 0
10:42 739.9 19.44 69 4.92 0
10:43 739.9 19.5 69 2.68 0
10:44 739.9 19.5 69 1.79 0
10:45 739.65 19.56 70 2.68 0
10:46 739.9 19.5 70 4.02 0
10:47 739.9 19.56 69 6.26 0
10:48 739.9 19.5 69 4.92 0
10:49 739.9 19.44 69 7.15 0
10:50 739.9 19.44 69 4.92 0
10:51 739.9 19.33 69 4.47 0
10:52 739.9 19.33 69 2.68 0
10:53 739.9 19.39 70 1.79 0
10:54 739.9 19.39 70 3.58 0
10:55 739.9 19.44 70 3.13 0
10:56 739.9 19.5 69 1.79 0
10:57 739.9 19.44 68 2.24 0
10:58 739.9 19.5 69 3.58 0
10:59 739.9 19.56 69 4.47 0
11:00 739.9 19.5 69 .45 0
11:01 739.9 19.5 69 2.24 0
11:02 739.9 19.5 70 2.24 0
11:03 739.9 19.56 69 4.92 0
11:04 739.9 19.56 69 1.34 0
11:05 739.9 19.56 69 5.81 0
11:06 739.9 19.56 68 4.92 0
11:07 739.9 19.61 68 4.47 0
11:08 739.9 19.67 67 4.02 0
11:09 739.9 19.72 67 2.68 0
11:10 739.9 19.78 67 4.02 0
11:11 739.9 19.89 67 2.68 0
11:12 739.9 19.94 67 4.02 0
11:13 739.9 20.06 66 4.02 0
11:14 739.9 20.11 65 4.02 0
11:15 739.9 20.17 65 3.13 0
11:16 739.9 20.22 66 5.36 0
11:17 739.9 20.22 65 4.92 0
11:18 739.9 20.17 64 4.92 0
11:19 739.9 20.17 65 4.92 0
11:20 739.9 20.11 65 4.47 0
11:21 739.9 20.11 65 4.92 0
11:22 739.9 20.06 65 2.24 0
11:23 739.9 20.17 65 3.13 0
11:24 739.9 20.22 66 2.68 0
11:25 739.9 20.28 64 3.13 0
11:26 739.9 20.39 65 3.58 0
11:27 739.9 20.39 63 4.92 0
11:28 739.9 20.39 64 .89 0
11:29 739.9 20.44 64 3.13 0
11:30 739.9 20.44 64 4.92 0
11:31 739.9 20.44 64 5.81 0
11:32 739.9 20.44 64 4.47 0
11:33 739.9 20.39 64 4.92 0
11:34 739.9 20.39 64 4.47 0
11:35 739.9 20.39 64 4.92 0
11:36 739.9 20.39 64 4.92 0
11:37 739.9 20.33 62 7.15 0
11:38 739.9 20.33 62 3.13 0
11:39 739.9 20.28 63 6.26 0
11:40 739.9 20.28 63 2.24 0
11:41 739.9 20.28 63 4.92 0
11:42 739.9 20.28 63 4.02 0
11:43 739.9 20.33 63 3.13 0
11:44 739.9 20.39 63 2.24 0
11:45 739.9 20.44 62 3.58 0
11:46 739.9 20.61 62 3.58 0
11:47 739.9 20.78 61 2.68 0
11:48 739.9 20.94 61 2.24 0
11:49 739.9 21.17 60 3.13 0
11:50 739.9 21.33 60 5.36 0
11:51 739.9 21.33 63 5.36 0
11:52 739.9 21.39 62 4.47 0
11:53 739.9 21.44 62 2.24 0
11:54 739.9 21.44 61 2.68 0
11:55 739.9 21.44 60 4.92 0
11:56 739.9 21.33 60 5.36 0
11:57 739.9 21.22 61 5.36 0
11:58 739.9 21.17 61 6.71 0
11:59 739.9 21.06 60 2.68 0
12:00 739.9 21 61 5.36 0
12:01 739.9 20.94 61 5.81 0
12:02 739.9 20.83 61 4.92 0
12:03 739.9 20.78 61 6.71 0
12:04 739.9 20.67 62 4.02 0
12:05 739.9 20.67 62 5.81 0
12:06 739.9 20.61 62 4.02 0
12:07 739.9 20.56 63 5.36 0
12:08 739.9 20.56 62 5.36 0
12:09 739.9 20.5 63 5.81 0
12:10 739.9 20.5 63 4.92 0
12:11 739.9 20.5 63 5.36 0
12:12 739.9 20.44 63 7.6 0
12:13 739.9 20.44 63 4.92 0
12:14 739.9 20.39 63 6.26 0
12:15 739.9 20.39 63 4.47 0
12:16 739.9 20.39 63 4.92 0
12:17 739.9 20.39 63 6.26 0
12:18 739.9 20.39 64 5.81 0
12:19 739.9 20.33 64 7.15 0
12:20 739.9 20.28 64 6.26 0
12:21 739.9 20.28 64 5.81 0
12:22 739.9 20.22 64 4.92 0
12:23 739.9 20.22 64 2.68 0
12:24 739.9 20.22 64 5.36 0
12:25 739.9 20.17 64 3.58 0
12:26 739.9 20.17 65 4.02 0
12:27 739.9 20.11 64 4.47 0
12:28 739.9 20.11 64 4.92 0
12:29 739.9 20.11 64 3.13 0
12:30 739.9 20.06 64 4.47 0
12:31 739.9 20.06 64 5.81 0
12:32 739.9 20 64 4.92 0
12:33 739.9 19.94 65 2.68 0
12:34 739.9 19.94 65 3.13 0
12:35 740.16 19.94 65 3.58 0
12:36 739.9 19.94 65 2.24 0
12:37 740.16 19.89 65 3.58 0
12:38 740.16 19.89 65 3.13 0
12:39 739.9 19.94 65 6.71 0
12:40 740.16 19.89 65 4.47 0
12:41 740.16 19.94 65 4.02 0
12:42 739.9 19.94 65 5.36 0
12:43 739.9 19.94 65 4.02 0
12:44 739.9 19.94 65 5.36 0
12:45 739.9 19.94 65 2.68 0
12:46 740.16 19.94 65 3.58 0
12:47 739.9 20 65 4.47 0
12:48 739.9 20 65 1.79 0
12:49 740.16 20.06 66 4.02 0
12:50 739.9 20.11 65 2.68 0
12:51 739.9 20.28 66 1.79 0
12:52 739.9 20.44 66 5.36 0
12:53 739.9 20.5 65 3.13 0
12:54 739.9 20.61 66 4.92 0
12:55 739.9 20.78 65 3.13 0
12:56 739.9 20.89 65 5.81 0
12:57 739.9 21 65 3.13 0
12:58 739.9 21.11 65 2.24 0
12:59 740.16 21.17 65 8.94 0
13:00 740.16 21.06 64 3.13 0
13:01 740.16 20.89 64 5.81 0
13:02 740.16 20.67 64 4.92 0
13:03 740.16 20.56 65 2.24 0
13:04 740.16 20.44 65 6.71 0
13:05 740.16 20.33 66 5.81 0
13:06 740.16 20.28 65 3.13 0
13:07 740.16 20.28 66 4.47 0
13:08 740.16 20.33 66 1.79 0
13:09 740.16 20.33 66 2.24 0
13:10 740.16 20.33 66 2.24 0
13:11 740.16 20.39 67 3.13 0
13:12 740.16 20.44 66 3.13 0
13:13 740.16 20.5 67 4.02 0
13:14 740.16 20.56 67 2.24 0
13:15 740.16 20.67 67 5.81 0
13:16 740.16 20.67 66 2.68 0
13:17 740.16 20.67 66 6.71 0
13:18 740.16 20.67 66 4.92 0
13:19 740.16 20.67 66 3.13 0
13:20 740.16 20.72 66 6.71 0
13:21 740.16 20.67 66 5.36 0
13:22 740.16 20.61 66 3.13 0
13:23 740.16 20.5 66 3.58 0
13:24 740.16 20.44 67 1.34 0
13:25 740.16 20.5 67 4.02 0
13:26 740.16 20.5 67 2.24 0
13:27 740.16 20.56 67 3.58 0
13:28 740.16 20.56 67 .89 0
13:29 740.16 20.56 67 4.47 0
13:30 740.16 20.56 67 4.47 0
13:31 740.16 20.56 67 4.47 0
13:32 740.16 20.5 67 3.58 0
13:33 740.16 20.44 67 3.13 0
13:34 740.16 20.5 67 3.13 0
13:35 740.16 20.56 68 2.68 0
13:36 740.16 20.56 67 2.24 0
13:37 740.16 20.61 67 2.24 0
13:38 740.16 20.61 67 .89 0
13:39 740.16 20.61 68 1.79 0
13:40 740.16 20.61 68 2.24 0
13:41 740.16 20.61 68 2.68 0
13:42 740.16 20.61 68 4.02 0
13:43 740.16 20.61 68 2.68 0
13:44 740.16 20.61 68 4.47 0
13:45 740.16 20.56 68 4.92 0
13:46 740.41 20.5 68 2.24 0
13:47 740.16 20.5 68 4.02 0
13:48 740.16 20.44 68 2.24 0
13:49 740.16 20.44 68 2.68 0
13:50 740.16 20.44 68 3.13 0
13:51 740.16 20.39 68 5.36 0
13:52 740.16 20.39 68 3.13 0
13:53 740.16 20.33 68 4.47 0
13:54 740.16 20.33 68 4.92 0
13:55 740.16 20.28 68 4.92 0
13:56 740.16 20.28 69 4.92 0
13:57 740.16 20.22 69 5.36 0
13:58 740.16 20.17 69 2.68 0
13:59 740.16 20.17 69 4.92 0
14:00 740.16 20.17 69 5.81 0
14:01 740.16 20.11 69 4.02 0
14:02 740.16 20.11 70 4.47 0
14:03 740.16 20.06 69 2.68 0
14:04 740.16 20 70 4.92 0
14:05 740.16 20.06 70 4.92 0
14:06 740.41 20.06 69 2.68 0
14:07 740.16 20 70 4.92 0
14:08 740.16 20.06 70 3.13 0
14:09 740.41 20.06 70 2.24 0
14:10 740.16 20.11 70 4.02 0
14:11 740.16 20.11 70 6.26 0
14:12 740.16 20.17 70 5.81 0
14:13 740.16 20.11 70 3.13 0
14:14 740.41 20.17 70 5.36 0
14:15 740.16 20.17 70 4.47 0
14:16 740.41 20.17 70 5.81 0
14:17 740.16 20.11 70 4.92 0
14:18 740.41 20.17 70 3.58 0
14:19 740.16 20.22 70 3.58 0
14:20 740.41 20.28 70 4.92 0
14:21 740.41 20.28 69 3.58 0
14:22 740.16 20.28 70 2.24 0
14:23 740.16 20.33 70 3.58 0
14:24 740.16 20.39 70 3.13 0
14:25 740.16 20.44 70 3.13 0
14:26 740.16 20.56 70 2.68 0
14:27 740.16 20.56 70 4.92 0
14:28 740.16 20.56 70 2.68 0
14:29 740.16 20.56 70 4.02 0
14:30 740.16 20.56 70 5.81 0
14:31 740.16 20.44 70 4.47 0
14:32 740.16 20.33 70 5.36 0
14:33 740.16 20.22 70 5.36 0
14:34 740.16 20.22 71 7.6 0
14:35 740.16 20.17 70 4.92 0
14:36 740.41 20.17 70 4.02 0
14:37 740.16 20.17 70 3.13 0
14:38 740.16 20.17 71 8.05 0
14:39 740.16 20.17 71 4.02 0
14:40 740.16 20.17 71 4.02 0
14:41 740.41 20.22 71 5.81 0
14:42 740.16 20.22 71 4.02 0
14:43 740.41 20.22 71 4.02 0
14:44 740.16 20.17 70 2.68 0
14:45 740.16 20.17 70 2.24 0
14:46 740.16 20.17 70 2.68 0
14:47 740.16 20.22 71 5.81 0
14:48 740.16 20.17 71 6.26 0
14:49 740.16 20.06 70 4.47 0
14:50 740.16 20.06 71 2.68 0
14:51 740.16 20.06 71 5.36 0
14:52 740.16 20 71 2.68 0
14:53 740.16 19.94 71 4.02 0
14:54 740.16 19.94 71 4.47 0
14:55 740.16 20 71 1.79 0
14:56 740.16 20 71 3.58 0
14:57 740.16 20 72 4.47 0
14:58 740.16 20 71 4.92 0
14:59 740.16 20 71 5.36 0
15:00 740.16 19.94 71 4.02 0
15:01 740.16 19.94 71 6.26 0
15:02 740.16 19.89 72 2.68 0
15:03 740.16 19.83 72 5.36 0
15:04 740.16 19.72 72 2.24 0
15:05 740.16 19.67 72 4.02 0
15:06 740.16 19.61 72 4.02 0
15:07 740.16 19.56 72 1.34 0
15:08 740.16 19.56 73 4.02 0
15:09 740.41 19.56 73 2.68 0
15:10 740.16 19.5 73 3.58 0
15:11 740.16 19.5 73 5.36 0
15:12 740.16 19.44 73 4.47 0
15:13 740.16 19.5 73 3.13 0
15:14 740.16 19.56 73 3.58 0
15:15 740.16 19.56 73 4.02 0
15:16 740.16 19.56 73 3.58 0
15:17 740.16 19.61 73 3.58 0
15:18 740.16 19.56 73 3.58 0
15:19 740.16 19.61 73 1.34 0
15:20 740.16 19.61 73 3.58 0
15:21 740.16 19.67 72 3.58 0
15:22 740.16 19.67 72 5.81 0
15:23 740.16 19.67 72 5.81 0
15:24 740.16 19.67 72 4.02 0
15:25 740.16 19.67 71 4.02 0
15:26 740.41 19.56 71 4.47 0
15:27 740.41 19.56 71 2.24 0
15:28 740.41 19.56 72 4.92 0
15:29 740.41 19.56 72 4.02 0
15:30 740.41 19.61 72 3.58 0
15:31 740.41 19.56 72 4.47 0
15:32 740.41 19.56 72 3.13 0
15:33 740.41 19.5 72 5.36 0
15:34 740.41 19.44 72 4.02 0
15:35 740.41 19.44 72 2.68 0
15:36 740.41 19.44 72 1.79 0
15:37 740.41 19.44 72 4.47 0
15:38 740.41 19.56 73 2.68 0
15:39 740.41 19.5 72 2.24 0
15:40 740.41 19.5 72 3.13 0
15:41 740.41 19.44 72 4.47 0
15:42 740.41 19.39 72 2.24 0
15:43 740.41 19.39 73 .89 0
15:44 740.41 19.44 73 1.79 0
15:45 740.41 19.44 73 1.79 0
15:46 740.41 19.5 73 4.02 0
15:47 740.41 19.56 73 1.79 0
15:48 740.41 19.67 73 1.79 0
15:49 740.41 19.78 72 1.34 0
15:50 740.41 19.78 72 3.58 0
15:51 740.41 19.78 71 3.58 0
15:52 740.41 19.83 71 4.92 0
15:53 740.41 19.78 71 4.02 0
15:54 740.41 19.78 72 4.02 0
15:55 740.41 19.78 71 4.47 0
15:56 740.41 19.72 71 4.92 0
15:57 740.41 19.67 71 4.47 0
15:58 740.41 19.56 71 4.47 0
15:59 740.41 19.5 72 4.47 0
16:00 740.41 19.44 72 3.58 0
16:01 740.41 19.44 72 2.68 0
16:02 740.41 19.39 72 4.02 0
16:03 740.41 19.44 73 1.34 0
16:04 740.41 19.44 73 4.47 0
16:05 740.41 19.44 73 3.13 0
16:06 740.41 19.44 73 1.79 0
16:07 740.41 19.44 73 1.34 0
16:08 740.41 19.44 73 4.47 0
16:09 740.41 19.39 73 4.02 0
16:10 740.41 19.33 73 6.26 0
16:11 740.41 19.28 73 4.47 0
16:12 740.41 19.28 73 6.26 0
16:13 740.41 19.22 73 3.58 0
16:14 740.41 19.22 73 3.13 0
16:15 740.41 19.22 73 1.79 0
16:16 740.41 19.22 73 2.68 0
16:17 740.41 19.22 73 2.68 0
16:18 740.41 19.22 73 2.24 0
16:19 740.41 19.22 73 4.02 0
16:20 740.41 19.22 73 3.13 0
16:21 740.41 19.22 73 3.13 0
16:22 740.41 19.22 73 1.34 0
16:23 740.41 19.28 73 4.02 0
16:24 740.41 19.22 73 1.79 0
16:25 740.41 19.22 73 3.13 0
16:26 740.16 19.22 73 3.58 0
16:27 740.41 19.17 73 4.02 0
16:28 740.16 19.17 73 4.02 0
16:29 740.16 19.17 74 3.13 0
16:30 740.16 19.17 74 4.92 0
16:31 740.16 19.17 74 4.47 0
16:32 740.16 19.11 74 3.58 0
16:33 740.16 19.11 74 2.24 0
16:34 740.16 19.06 74 4.02 0
16:35 740.16 19 74 3.58 0
16:36 740.16 18.94 74 4.47 0
16:37 740.16 18.94 74 3.58 0
16:38 740.16 18.94 74 2.24 0
16:39 740.16 18.89 74 1.79 0
16:40 740.16 18.94 75 4.92 0
16:41 740.16 18.94 74 3.13 0
16:42 740.16 18.94 74 1.34 0
16:43 740.16 18.94 75 2.68 0
16:44 740.16 19 75 4.02 0
16:45 740.16 19 74 3.58 0
16:46 740.16 18.94 74 5.81 0
16:47 740.16 18.94 74 1.79 0
16:48 740.16 18.89 74 3.58 0
16:49 740.16 18.89 74 4.92 0
16:50 740.16 18.83 74 4.92 0
16:51 740.16 18.83 74 1.79 0
16:52 740.16 18.78 74 3.13 0
16:53 740.16 18.78 75 3.58 0
16:54 740.16 18.78 74 1.79 0
16:55 740.16 18.78 75 3.58 0
16:56 740.16 18.78 75 1.79 0
16:57 740.16 18.78 75 .89 0
16:58 740.16 18.78 75 1.79 0
16:59 740.16 18.78 75 4.47 0
17:00 740.16 18.78 75 2.24 0
17:01 740.16 18.72 75 4.02 0
17:02 740.16 18.72 75 4.92 0
17:03 740.16 18.67 75 4.02 0
17:04 740.16 18.61 75 5.36 0
17:05 740.16 18.56 75 3.13 0
17:06 740.16 18.5 75 3.13 0
17:07 740.16 18.44 75 3.58 0
17:08 740.16 18.39 75 3.13 0
17:09 740.16 18.33 75 4.47 0
17:10 740.16 18.28 75 3.13 0
17:11 740.16 18.28 76 2.68 0
17:12 740.16 18.28 76 4.92 0
17:13 740.16 18.22 76 4.02 0
17:14 740.16 18.17 76 4.47 0
17:15 740.16 18.17 76 3.13 0
17:16 740.16 18.17 76 3.13 0
17:17 740.16 18.17 76 2.68 0
17:18 740.16 18.11 76 2.24 0
17:19 740.16 18.11 76 4.92 0
17:20 740.41 18.06 76 3.13 0
17:21 740.16 18.06 76 3.58 0
17:22 740.16 18.06 76 3.58 0
17:23 740.16 18.06 76 2.24 0
17:24 740.16 18.06 76 3.13 0
17:25 740.16 18.06 76 3.58 0
17:26 740.16 18.06 76 2.24 0
17:27 740.16 18.06 76 1.34 0
17:28 740.16 18.06 76 1.79 0
17:29 740.16 18.06 76 1.34 0
17:30 740.16 18.11 76 1.79 0
17:31 740.16 18.11 76 1.34 0
17:32 740.41 18.17 76 3.58 0
17:33 740.16 18.17 76 3.58 0
17:34 740.41 18.17 76 2.68 0
17:35 740.41 18.17 76 4.02 0
17:36 740.41 18.17 76 4.47 0
17:37 740.41 18.17 76 4.02 0
17:38 740.41 18.22 76 3.58 0
17:39 740.41 18.22 76 3.13 0
17:40 740.41 18.22 76 1.34 0
17:41 740.41 18.22 76 3.13 0
17:42 740.41 18.28 76 2.68 0
17:43 740.41 18.28 76 3.58 0
17:44 740.41 18.28 76 3.58 0
17:45 740.41 18.33 76 .89 0
17:46 740.41 18.33 76 1.34 0
17:47 740.41 18.39 76 4.02 0
17:48 740.41 18.39 76 1.79 0
17:49 740.41 18.39 76 1.79 0
17:50 740.41 18.39 76 1.34 0
17:51 740.41 18.44 76 3.58 0
17:52 740.41 18.44 76 1.79 0
17:53 740.41 18.44 76 2.68 0
17:54 740.41 18.44 76 1.79 0
17:55 740.41 18.44 76 2.24 0
17:56 740.41 18.39 76 1.79 0
17:57 740.41 18.44 76 .89 0
17:58 740.41 18.44 76 1.79 0
17:59 740.41 18.5 76 4.02 0
18:00 740.41 18.44 76 3.13 0
18:01 740.41 18.44 76 4.92 0
18:02 740.41 18.39 76 4.47 0
18:03 740.41 18.39 76 4.02 0
18:04 740.41 18.39 76 4.02 0
18:05 740.41 18.33 76 2.24 0
18:06 740.41 18.33 76 3.58 0
18:07 740.41 18.33 76 2.68 0
18:08 740.41 18.33 76 2.24 0
18:09 740.41 18.33 76 3.58 0
18:10 740.41 18.33 76 1.79 0
18:11 740.41 18.33 76 2.24 0
18:12 740.41 18.33 76 3.58 0
18:13 740.41 18.33 76 1.34 0
18:14 740.41 18.33 76 1.34 0
18:15 740.41 18.33 76 4.92 0
18:16 740.41 18.33 76 3.58 0
18:17 740.41 18.33 76 1.34 0
18:18 740.41 18.33 77 1.79 0
18:19 740.41 18.33 77 3.58 0
18:20 740.41 18.33 76 2.24 0
18:21 740.41 18.33 76 2.68 0
18:22 740.41 18.28 76 1.79 0
18:23 740.41 18.28 77 1.79 0
18:24 740.16 18.28 77 4.02 0
18:25 740.41 18.28 77 3.13 0
18:26 740.16 18.28 77 .89 0
18:27 740.41 18.28 77 1.79 0
18:28 740.16 18.28 77 3.58 0
18:29 740.41 18.28 77 2.68 0
18:30 740.41 18.28 77 1.34 0
18:31 740.41 18.28 77 1.79 0
18:32 740.41 18.28 77 2.68 0
18:33 740.16 18.28 77 2.68 0
18:34 740.41 18.28 77 2.68 0
18:35 740.41 18.28 76 3.58 0
18:36 740.41 18.28 77 2.24 0
18:37 740.16 18.22 77 1.34 0
18:38 740.41 18.28 77 2.24 0
18:39 740.41 18.28 77 2.68 0
18:40 740.41 18.28 77 2.68 0
18:41 740.16 18.22 77 2.24 0
18:42 740.41 18.28 77 3.58 0
18:43 740.41 18.22 77 1.79 0
18:44 740.41 18.17 77 1.34 0
18:45 740.41 18.17 77 1.34 0
18:46 740.41 18.22 77 1.79 0
18:47 740.41 18.17 77 1.34 0
18:48 740.41 18.17 77 1.34 0
18:49 740.41 18.17 77 1.34 0
18:50 740.41 18.17 77 1.79 0
18:51 740.41 18.17 77 1.34 0
18:52 740.41 18.17 77 2.68 0
18:53 740.41 18.17 77 1.34 0
18:54 740.41 18.17 77 2.68 0
18:55 740.41 18.11 77 2.68 0
18:56 740.41 18.06 77 3.13 0
18:57 740.41 18.06 77 3.58 0
18:58 740.41 18.06 77 2.24 0
18:59 740.41 18 77 1.79 0
19:00 740.41 17.94 78 3.13 0
19:01 740.41 17.94 78 3.13 0
19:02 740.41 17.94 78 4.47 0
19:03 740.41 17.94 78 2.68 0
19:04 740.41 17.94 78 1.79 0
19:05 740.41 17.89 78 4.02 0
19:06 740.41 17.94 78 4.02 0
19:07 740.41 17.94 78 .89 0
19:08 740.41 17.94 78 4.02 0
19:09 740.41 17.89 78 1.34 0
19:10 740.41 17.89 78 3.58 0
19:11 740.41 17.89 78 3.13 0
19:12 740.41 17.89 78 1.34 0
19:13 740.41 17.89 78 2.68 0
19:14 740.66 17.89 78 .89 0
19:15 740.41 17.94 78 1.34 0
19:16 740.66 17.94 78 .89 0
19:17 740.66 17.94 78 .89 0
19:18 740.41 17.94 78 1.79 0
19:19 740.66 17.94 78 1.34 0
19:20 740.66 17.94 78 .45 0
19:21 740.41 17.89 78 1.34 0
19:22 740.66 17.94 78 .89 0
19:23 740.41 17.94 78 1.79 0
19:24 740.41 17.94 78 .89 0
19:25 740.41 17.94 78 .89 0
19:26 740.41 17.94 78 1.34 0
19:27 740.66 17.94 78 1.79 0
19:28 740.66 17.94 78 2.24 0
19:29 740.66 17.94 78 .89 0
19:30 740.66 17.94 78 2.24 0
19:31 740.66 17.94 78 .89 0
19:32 740.66 17.94 78 1.79 0
19:33 740.66 17.94 78 1.34 0
19:34 740.66 17.94 79 1.34 0
19:35 740.66 17.89 79 1.34 0
19:36 740.66 17.94 79 2.68 0
19:37 740.66 17.89 79 1.79 0
19:38 740.66 17.89 78 3.13 0
19:39 740.66 17.83 78 1.79 0
19:40 740.66 17.83 79 1.34 0
19:41 740.66 17.83 79 2.24 0
19:42 740.66 17.83 79 1.34 0
19:43 740.66 17.83 79 .89 0
19:44 740.66 17.83 79 2.24 0
19:45 740.66 17.83 79 1.34 0
19:46 740.66 17.83 79 .89 0
19:47 740.66 17.78 79 2.24 0
19:48 740.66 17.78 79 1.79 0
19:49 740.66 17.78 79 1.34 0
19:50 740.66 17.78 79 .45 0
19:51 740.66 17.78 79 3.13 0
19:52 740.41 17.78 79 3.13 0
19:53 740.66 17.83 79 1.34 0
19:54 740.66 17.78 79 2.24 0
19:55 740.66 17.78 79 2.68 0
19:56 740.41 17.78 79 1.79 0
19:57 740.41 17.78 79 1.79 0
19:58 740.41 17.72 79 .45 0
19:59 740.41 17.78 79 1.79 0
20:00 740.66 17.72 79 2.68 0
20:01 740.41 17.72 79 1.79 0
20:02 740.41 17.72 79 .89 0
20:03 740.41 17.72 80 1.79 0
20:04 740.41 17.72 80 2.24 0
20:05 740.41 17.72 80 2.24 0
20:06 740.41 17.72 80 2.68 0
20:07 740.41 17.72 80 3.13 0
20:08 740.41 17.72 80 1.79 0
20:09 740.41 17.72 80 2.24 0
20:10 740.41 17.72 80 .89 0
20:11 740.41 17.72 80 2.68 0
20:12 740.41 17.67 80 .89 0
20:13 740.41 17.72 80 1.79 0
20:14 740.41 17.72 80 2.68 0
20:15 740.41 17.67 80 1.34 0
20:16 740.41 17.67 80 .89 0
20:17 740.41 17.72 80 2.24 0
20:18 740.41 17.67 80 1.79 0
20:19 740.41 17.67 80 1.79 0
20:20 740.41 17.67 80 1.34 0
20:21 740.41 17.67 80 3.58 0
20:22 740.41 17.67 80 3.13 0
20:23 740.41 17.67 80 3.13 0
20:24 740.41 17.67 80 1.79 0
20:25 740.41 17.67 80 1.34 0
20:26 740.41 17.67 80 2.24 0
20:27 740.41 17.67 80 2.24 0
20:28 740.66 17.61 80 1.34 0
20:29 740.41 17.61 80 2.24 0
20:30 740.41 17.61 80 1.79 0
20:31 740.41 17.61 80 1.79 0
20:32 740.41 17.61 80 1.79 0
20:33 740.66 17.61 80 1.34 0
20:34 740.66 17.61 80 1.79 0
20:35 740.41 17.61 80 .89 0
20:36 740.41 17.61 80 1.79 0
20:37 740.41 17.61 80 3.13 0
20:38 740.66 17.61 80 1.79 0
20:39 740.66 17.61 80 1.34 0
20:40 740.66 17.61 80 .89 0
20:41 740.41 17.61 80 1.79 0
20:42 740.66 17.61 80 .89 0
20:43 740.41 17.61 80 1.79 0
20:44 740.66 17.61 80 .89 0
20:45 740.41 17.61 80 .89 0
20:46 740.66 17.61 80 2.24 0
20:47 740.41 17.61 80 1.79 0
20:48 740.66 17.61 80 1.34 0
20:49 740.66 17.61 80 .89 0
20:50 740.66 17.61 80 1.79 0
20:51 740.66 17.61 80 2.24 0
20:52 740.66 17.61 80 1.34 0
20:53 740.66 17.61 80 1.79 0
20:54 740.66 17.61 80 2.68 0
20:55 740.66 17.61 80 1.79 0
20:56 740.66 17.61 80 1.34 0
20:57 740.66 17.61 80 2.24 0
20:58 740.66 17.61 80 1.79 0
20:59 740.41 17.67 80 1.79 0
21:00 740.66 17.67 80 1.34 0
21:01 740.66 17.67 80 1.79 0
21:02 740.41 17.67 80 2.24 0
21:03 740.66 17.61 80 1.79 0
21:04 740.66 17.67 80 2.24 0
21:05 740.41 17.67 81 1.79 0
21:06 740.66 17.61 81 1.34 0
21:07 740.41 17.67 81 2.24 0
21:08 740.41 17.61 81 1.34 0
21:09 740.41 17.67 81 1.34 0
21:10 740.41 17.61 81 1.34 0
21:11 740.41 17.61 81 2.68 0
21:12 740.41 17.61 81 1.79 0
21:13 740.41 17.67 81 1.79 0
21:14 740.41 17.67 81 2.24 0
21:15 740.41 17.61 81 1.79 0
21:16 740.41 17.61 81 .89 0
21:17 740.41 17.61 81 2.24 0
21:18 740.41 17.61 81 1.34 0
21:19 740.41 17.61 81 1.34 0
21:20 740.41 17.61 81 1.79 0
21:21 740.41 17.61 81 1.79 0
21:22 740.41 17.61 81 1.79 0
21:23 740.41 17.61 81 1.79 0
21:24 740.41 17.61 81 2.68 0
21:25 740.41 17.56 81 1.34 0
21:26 740.41 17.56 82 2.24 0
21:27 740.41 17.56 82 1.34 0
21:28 740.41 17.5 82 3.13 0
21:29 740.41 17.5 82 2.24 0
21:30 740.41 17.5 82 2.24 0
21:31 740.41 17.44 82 1.79 0
21:32 740.41 17.44 82 3.13 0
21:33 740.41 17.44 82 1.79 0
21:34 740.41 17.44 83 2.24 0
21:35 740.41 17.44 83 .89 0
21:36 740.41 17.44 83 1.79 0
21:37 740.41 17.44 83 3.13 0
21:38 740.41 17.44 83 1.79 0
21:39 740.41 17.44 83 1.79 0
21:40 740.41 17.44 83 3.13 0
21:41 740.41 17.44 83 2.24 0
21:42 740.41 17.44 83 1.79 0
21:43 740.41 17.39 83 2.68 0
21:44 740.41 17.39 83 3.13 0
21:45 740.41 17.39 83 3.13 0
21:46 740.41 17.39 83 2.24 0
21:47 740.41 17.39 83 3.13 0
21:48 740.41 17.39 83 1.34 0
21:49 740.41 17.39 83 1.79 0
21:50 740.41 17.39 83 1.34 0
21:51 740.41 17.39 83 1.34 0
21:52 740.16 17.39 83 1.79 0
21:53 740.16 17.39 83 1.34 0
21:54 740.16 17.39 83 1.79 0
21:55 740.16 17.39 83 1.34 0
21:56 740.16 17.39 83 .89 0
21:57 740.16 17.39 83 1.34 0
21:58 740.16 17.39 83 2.24 0
21:59 740.16 17.39 83 1.34 0
22:00 740.16 17.39 83 1.34 0
22:01 740.16 17.33 83 2.24 0
22:02 740.16 17.33 83 1.79 0
22:03 740.16 17.33 83 2.24 0
22:04 740.16 17.39 83 1.34 0
22:05 740.16 17.39 83 1.79 0
22:06 740.16 17.39 83 1.34 0
22:07 740.16 17.39 83 1.34 0
22:08 740.16 17.39 83 2.24 0
22:09 740.16 17.44 83 1.79 0
22:10 740.16 17.44 83 2.24 0
22:11 740.16 17.39 83 .89 0
22:12 740.16 17.44 83 1.34 0
22:13 740.41 17.44 83 1.34 0
22:14 740.41 17.44 83 1.79 0
22:15 740.16 17.44 83 1.34 0
22:16 740.16 17.5 83 .89 0
22:17 740.16 17.5 83 1.34 0
22:18 740.16 17.5 83 1.34 0
22:19 740.16 17.5 83 .89 0
22:20 740.16 17.5 83 .45 0
22:21 740.16 17.5 83 .89 0
22:22 740.41 17.5 83 .45 0
22:23 740.16 17.5 83 0 0
22:24 740.16 17.5 83 0 0
22:25 740.41 17.5 83 1.79 0
22:26 740.41 17.5 83 .89 0
22:27 740.16 17.5 83 1.34 0
22:28 740.41 17.5 83 .45 0
22:29 740.16 17.5 83 .89 0
22:30 740.41 17.5 83 1.34 0
22:31 740.16 17.5 83 1.34 0
22:32 740.16 17.5 83 1.34 0
22:33 740.16 17.5 83 .89 0
22:34 740.16 17.5 83 .89 0
22:35 740.16 17.44 83 .89 0
22:36 740.16 17.44 83 1.34 0
22:37 740.16 17.5 83 .89 0
22:38 740.16 17.5 83 .89 0
22:39 740.16 17.44 83 2.24 0
22:40 740.16 17.44 83 3.13 0
22:41 740.16 17.44 83 1.34 0
22:42 740.16 17.44 83 1.79 0
22:43 740.16 17.44 83 2.24 0
22:44 740.16 17.5 83 1.79 0
22:45 740.16 17.44 84 2.68 0
22:46 740.16 17.44 84 2.24 0
22:47 740.16 17.44 84 1.79 0
22:48 740.16 17.44 84 2.24 0
22:49 740.16 17.44 84 2.68 0
22:50 740.16 17.44 84 2.68 0
22:51 740.16 17.44 84 1.79 0
22:52 740.16 17.44 84 1.79 0
22:53 740.16 17.5 84 2.68 0
22:54 740.16 17.44 84 3.13 0
22:55 740.16 17.5 84 1.79 0
22:56 740.16 17.44 84 .89 0
22:57 740.16 17.5 84 .45 0
22:58 740.16 17.5 84 1.79 0
22:59 740.16 17.5 84 1.79 0
23:00 740.16 17.5 84 .89 0
23:01 740.16 17.5 84 1.79 0
23:02 740.16 17.5 84 1.34 0
23:03 740.16 17.5 84 1.34 0
23:04 740.16 17.5 84 1.79 0
23:05 740.16 17.5 84 .89 0
23:06 740.16 17.5 84 .89 0
23:07 740.16 17.5 84 2.24 0
23:08 740.16 17.5 84 .89 0
23:09 740.16 17.5 84 1.34 0
23:10 740.16 17.5 84 1.79 0
23:11 740.16 17.5 84 .89 0
23:12 740.16 17.5 84 1.34 0
23:13 740.16 17.5 84 1.79 0
23:14 740.16 17.5 84 1.34 0
23:15 740.16 17.5 84 2.68 0
23:16 740.16 17.5 84 2.24 0
23:17 740.16 17.5 84 1.34 0
23:18 740.16 17.5 84 1.79 0
23:19 740.16 17.5 84 .45 0
23:20 740.16 17.44 84 1.79 0
23:21 740.16 17.5 84 .89 0
23:22 740.16 17.44 84 .89 0
23:23 740.16 17.5 85 1.34 0
23:24 740.16 17.5 85 1.34 0
23:25 740.16 17.5 85 1.79 0
23:26 740.16 17.44 85 1.34 0
23:27 740.16 17.44 85 1.34 0
23:28 740.16 17.5 85 .45 0
23:29 740.16 17.44 85 .89 0
23:30 740.16 17.5 85 1.79 0
23:31 740.16 17.44 85 1.79 0
23:32 740.16 17.5 85 .89 0
23:33 740.16 17.5 85 1.34 0
23:34 740.16 17.5 85 .89 0
23:35 740.16 17.5 85 1.34 0
23:36 740.16 17.44 85 1.79 0
23:37 740.16 17.44 85 .45 0
23:38 740.16 17.44 85 1.34 0
23:39 740.16 17.44 85 .89 0
23:40 740.16 17.44 85 1.34 0
23:41 740.16 17.44 85 .89 0
23:42 740.16 17.44 85 1.34 0
23:43 740.16 17.44 85 .89 0
23:44 740.16 17.44 86 .89 0
23:45 740.16 17.44 86 1.34 0
23:46 740.16 17.44 85 .89 0
23:47 740.16 17.44 85 .89 0
23:48 740.16 17.44 85 2.24 0
23:49 740.16 17.44 86 .89 0
23:50 740.16 17.44 86 1.34 0
23:51 740.16 17.44 86 .89 0
23:52 740.16 17.44 86 1.79 0
23:53 740.16 17.44 86 1.34 0
23:54 740.16 17.44 86 .89 0
23:55 740.16 17.39 86 1.79 0
23:56 740.16 17.39 86 2.24 0
23:57 740.16 17.44 86 2.24 0
23:58 740.16 17.44 86 2.24 0
23:59 740.16 17.44 86 2.24 0
