00:00 742.2 1.1 94 2.7 0
00:01 742.2 1.1 94 3.1 0
00:02 742.2 1.1 94 3.6 0
00:03 742.1 1.1 94 4 0
00:04 742.1 1.1 94 4 0
00:05 742.1 1.1 94 3.6 0
00:06 742.1 1.1 94 1.8 0
00:07 742.1 1.1 94 3.1 0
00:08 742.1 1.1 94 3.6 0
00:09 742.1 1.1 94 2.2 0
00:10 742.1 1.1 94 2.2 0
00:11 742.1 1.1 94 2.2 0
00:12 742 1.1 94 2.2 0
00:13 742 1.1 94 3.1 0
00:14 742 1.1 94 3.1 0
00:15 742 1.1 94 5.4 0
00:16 742 1.1 94 4.5 0
00:17 742 1.1 94 2.7 0
00:18 742.1 1.1 94 2.7 0
00:19 742.1 1.1 94 4 0
00:20 742 1.1 94 3.1 0
00:21 742.1 1.1 94 3.1 0
00:22 742.2 1.1 94 3.6 0
00:23 742.2 1.1 94 2.2 0
00:24 742.2 1.1 94 2.2 0
00:25 742.2 1.1 94 2.2 0
00:26 742.1 1.1 94 2.2 0
00:27 742.2 1.1 94 3.1 0
00:28 742.2 1.1 94 4 0
00:29 742.2 1.1 94 4.5 0
00:30 742.2 1.1 94 3.6 0
00:31 742.1 1.1 94 3.1 0
00:32 742.1 1.1 94 1.8 0
00:33 742.1 1.1 94 2.7 0
00:34 742.2 1.1 94 2.2 0
00:35 742.1 1.1 94 3.6 0
00:36 742.1 1.1 94 2.7 0
00:37 742.1 1.1 94 2.2 0
00:38 742.2 1.1 94 1.8 0
00:39 742.2 1.1 94 2.2 0
00:40 742.2 1.1 94 3.1 0
00:41 742.2 1.1 94 4 0
00:42 742.2 1.1 94 4.5 0
00:43 742.3 1.1 94 4.5 0
00:44 742.2 1.1 94 2.7 0
00:45 742.3 1.1 94 5.4 0
00:46 742.2 1.1 94 4 0
00:47 742.2 1.1 94 3.6 0
00:48 742.3 1.1 94 3.6 0
00:49 742.2 1.1 94 2.2 0
00:50 742.3 1.1 94 3.1 0
00:51 742.2 1.1 94 3.1 0
00:52 742.2 1.1 94 3.6 0
00:53 742.2 1.1 94 3.6 0
00:54 742.2 1.1 94 3.1 0
00:55 742.1 1.1 94 2.2 0
00:56 742.1 1.1 94 3.6 0
00:57 742.1 1.1 94 3.6 0
00:58 742.1 1.1 94 3.6 0
00:59 742 1.1 94 3.6 0
01:00 741.9 1.1 94 2.2 0
01:01 742 1.1 94 3.6 0
01:02 742 1.1 94 3.6 0
01:03 742 1.1 94 3.1 0
01:04 741.9 1.1 94 3.6 0
01:05 742 1.1 94 3.1 0
01:06 741.9 1.1 94 2.7 0
01:07 742 1.1 94 2.2 0
01:08 742 1.1 94 1.8 0
01:09 742.1 1.1 94 3.6 0
01:10 742 1.1 94 3.1 0
01:11 742 1.1 94 3.1 0
01:12 742 1.1 94 3.6 0
01:13 742.1 1.1 94 4 0
01:14 742 1.1 94 3.6 0
01:15 742 1.1 94 4.5 0
01:16 742.1 1.1 94 3.1 0
01:17 742.1 1.1 95 3.1 0
01:18 742.1 1.1 95 2.2 0
01:19 742 1.1 95 2.2 0
01:20 742 1.1 95 4 0
01:21 742 1.1 95 4.5 0
01:22 742 1.1 95 4 0
01:23 741.9 1.1 95 1.8 0
01:24 741.9 1.1 95 2.2 0
01:25 741.9 1.1 95 4 0
01:26 741.9 1.1 95 3.1 0
01:27 741.9 1.1 95 4 0
01:28 741.9 1.1 95 3.1 0
01:29 741.8 1.1 95 3.6 0
01:30 741.8 1.1 95 2.2 0
01:31 741.7 1.1 95 4 0
01:32 741.7 1.1 95 1.8 0
01:33 741.7 1.1 95 2.7 0
01:34 741.7 1.1 95 3.1 0
01:35 741.7 1.1 95 3.6 0
01:36 741.7 1.1 95 4 0
01:37 741.6 1.1 95 3.1 0
01:38 741.6 1.1 95 2.7 0
01:39 741.6 1.1 95 2.7 0
01:40 741.5 1.1 95 3.1 0
01:41 741.6 1.1 95 2.7 0
01:42 741.5 1.1 95 3.1 0
01:43 741.6 1.1 95 3.6 0
01:44 741.6 1.1 95 1.3 0
01:45 741.6 1.1 95 2.2 0
01:46 741.6 1.1 95 3.1 0
01:47 741.6 1.1 95 4 0
01:48 741.6 1.2 95 2.2 0
01:49 741.5 1.2 95 3.6 0
01:50 741.4 1.1 95 3.1 0
01:51 741.3 1.1 95 3.1 0
01:52 741.3 1.2 95 4.5 0
01:53 741.3 1.2 95 3.1 0
01:54 741.2 1.2 95 2.7 0
01:55 741.2 1.2 95 3.6 0
01:56 741.3 1.2 95 4.5 0
01:57 741.4 1.2 95 3.1 0
01:58 741.4 1.2 95 3.1 0
01:59 741.5 1.2 95 4 0
02:00 741.5 1.2 95 4.5 0
02:01 741.5 1.2 95 5.4 0
02:02 741.4 1.2 95 4.5 0
02:03 741.3 1.2 95 3.1 0
02:04 741.3 1.2 95 3.1 0
02:05 741.2 1.2 95 2.7 0
02:06 741.2 1.2 95 2.7 0
02:07 741.1 1.2 95 3.1 0
02:08 741.2 1.2 95 2.2 0
02:09 741.2 1.2 95 4 0
02:10 741.2 1.2 95 3.6 0
02:11 741.2 1.2 95 2.7 0
02:12 741.2 1.2 95 2.7 0
02:13 741.2 1.2 95 2.7 0
02:14 741.2 1.2 95 2.2 0
02:15 741.3 1.2 95 4.9 0
02:16 741.3 1.2 95 3.1 0
02:17 741.3 1.2 95 3.1 0
02:18 741.3 1.2 95 3.1 0
02:19 741.4 1.2 95 3.6 0
02:20 741.4 1.2 95 5.4 0
02:21 741.3 1.2 95 3.1 0
02:22 741.4 1.2 95 4.5 0
02:23 741.4 1.2 95 3.1 0
02:24 741.3 1.2 95 2.2 0
02:25 741.3 1.2 95 2.7 0
02:26 741.2 1.2 95 3.6 0
02:27 741.2 1.2 95 4 0
02:28 741.2 1.2 95 3.6 0
02:29 741.2 1.2 95 2.2 0
02:30 741.3 1.2 95 2.2 0
02:31 741.3 1.2 95 1.8 0
02:32 741.3 1.2 95 1.3 0
02:33 741.4 1.2 95 3.1 0
02:34 741.5 1.2 95 2.7 0
02:35 741.5 1.2 95 1.3 0
02:36 741.5 1.2 95 3.1 0
02:37 741.5 1.2 95 4 0
02:38 741.5 1.2 95 3.1 0
02:39 741.5 1.2 95 2.2 0
02:40 741.5 1.3 95 4 0
02:41 741.5 1.3 95 4.5 0
02:42 741.5 1.3 95 4 0
02:43 741.5 1.3 95 3.1 0
02:44 741.5 1.3 95 3.6 0
02:45 741.4 1.3 95 1.3 0
02:46 741.3 1.3 95 4 0
02:47 741.3 1.3 95 2.2 0
02:48 741.3 1.3 95 3.1 0
02:49 741.4 1.3 95 3.1 0
02:50 741.4 1.3 95 2.7 0
02:51 741.4 1.3 95 2.7 0
02:52 741.4 1.3 95 2.7 0
02:53 741.3 1.3 95 2.2 0
02:54 741.4 1.3 95 3.1 0
02:55 741.4 1.3 95 2.7 0
02:56 741.4 1.3 95 3.1 0
02:57 741.4 1.3 95 2.2 0
02:58 741.4 1.3 95 2.2 0
02:59 741.4 1.3 95 1.8 0
03:00 741.4 1.3 95 2.7 0
03:01 741.4 1.3 95 2.7 0
03:02 741.3 1.3 95 2.7 0
03:03 741.3 1.3 95 3.1 0
03:04 741.3 1.3 95 3.1 0
03:05 741.3 1.3 95 3.1 0
03:06 741.3 1.3 95 4 0
03:07 741.3 1.3 95 3.1 0
03:08 741.3 1.3 95 2.7 0
03:09 741.3 1.4 95 3.1 0
03:10 741.2 1.4 95 3.6 0
03:11 741.3 1.4 95 4.5 0
03:12 741.3 1.4 95 3.1 0
03:13 741.3 1.4 95 2.7 0
03:14 741.3 1.4 95 3.1 0
03:15 741.3 1.4 95 2.7 0
03:16 741.3 1.4 95 3.1 0
03:17 741.3 1.4 95 2.2 0
03:18 741.3 1.4 95 2.2 0
03:19 741.4 1.4 95 3.1 0
03:20 741.3 1.4 95 2.7 0
03:21 741.3 1.4 95 3.1 0
03:22 741.3 1.4 95 2.7 0
03:23 741.4 1.4 95 3.1 0
03:24 741.4 1.4 95 4.5 0
03:25 741.4 1.4 95 2.7 0
03:26 741.4 1.4 95 3.6 0
03:27 741.4 1.4 95 3.6 0
03:28 741.3 1.4 95 2.7 0
03:29 741.3 1.4 95 2.7 0
03:30 741.2 1.4 95 3.1 0
03:31 741.2 1.4 95 2.7 0
03:32 741.3 1.4 95 3.6 0
03:33 741.2 1.4 95 2.2 0
03:34 741.2 1.4 95 2.2 0
03:35 741.3 1.4 95 2.2 0
03:36 741.3 1.4 95 4 0
03:37 741.4 1.4 95 2.7 0
03:38 741.4 1.4 95 1.8 0
03:39 741.5 1.4 95 2.2 0
03:40 741.4 1.4 95 2.7 0
03:41 741.3 1.5 95 4 0
03:42 741.3 1.4 95 3.6 0
03:43 741.3 1.5 95 3.1 0
03:44 741.3 1.5 95 2.7 0
03:45 741.2 1.5 95 2.7 0
03:46 741.2 1.5 95 2.7 0
03:47 741.3 1.5 95 2.7 0
03:48 741.2 1.5 95 3.1 0
03:49 741.2 1.5 96 3.6 0
03:50 741.2 1.5 95 2.7 0
03:51 741.2 1.5 96 3.6 0
03:52 741.2 1.5 95 1.3 0
03:53 741.2 1.5 96 3.1 0
03:54 741.2 1.5 95 1.3 0
03:55 741.2 1.5 96 2.7 0
03:56 741.2 1.5 96 2.7 0
03:57 741.2 1.5 96 1.8 0
03:58 741.2 1.5 96 2.7 0
03:59 741.2 1.5 96 4 0
04:00 741.2 1.5 96 2.7 0
04:01 741.2 1.6 96 2.2 0
04:02 741.1 1.6 96 2.2 0
04:03 741.2 1.5 96 2.7 0
04:04 741.1 1.6 96 3.1 0
04:05 741.1 1.6 96 2.2 0
04:06 741.1 1.6 96 2.7 0
04:07 741.2 1.6 96 2.7 0
04:08 741.2 1.6 96 2.7 0
04:09 741.2 1.6 96 2.2 0
04:10 741.2 1.6 96 2.7 0
04:11 741.1 1.6 96 4.5 0
04:12 741.1 1.6 96 3.6 0
04:13 741 1.6 96 3.1 0
04:14 741.1 1.6 96 3.6 0
04:15 741.1 1.6 96 2.2 0
04:16 741.1 1.6 96 3.1 0
04:17 741.1 1.6 96 2.2 0
04:18 741.1 1.6 96 3.6 0
04:19 741.1 1.6 96 2.7 0
04:20 741.2 1.6 96 4 0
04:21 741.1 1.6 96 2.7 0
04:22 741.2 1.6 96 3.6 0
04:23 741.2 1.6 96 3.1 0
04:24 741.2 1.6 96 3.1 0
04:25 741.2 1.6 96 2.2 0
04:26 741.1 1.6 96 3.1 0
04:27 741.1 1.6 96 3.1 0
04:28 741.1 1.6 96 2.7 0
04:29 741.1 1.6 96 2.2 0
04:30 741.1 1.6 96 1.8 0
04:31 741.1 1.6 96 2.7 0
04:32 741.1 1.6 96 2.2 0
04:33 741.1 1.6 96 2.2 0
04:34 741.1 1.6 96 2.2 0
04:35 741.1 1.6 96 2.7 0
04:36 741.1 1.7 96 4 0
04:37 741.1 1.7 96 2.2 0
04:38 741.1 1.7 96 2.2 0
04:39 741.1 1.7 96 2.2 0
04:40 741.1 1.7 96 2.2 0
04:41 741.1 1.7 96 3.1 0
04:42 741.1 1.7 96 2.7 0
04:43 741.2 1.7 96 2.2 0
04:44 741.2 1.7 95 2.2 0
04:45 741.2 1.7 96 3.1 0
04:46 741.2 1.7 96 2.7 0
04:47 741.1 1.7 96 2.2 0
04:48 741.1 1.7 95 2.7 0
04:49 741.1 1.7 96 2.7 0
04:50 741.2 1.7 95 2.7 0
04:51 741.2 1.7 95 2.2 0
04:52 741.2 1.7 96 3.1 0
04:53 741.2 1.7 96 2.7 0
04:54 741.2 1.7 96 1.3 0
04:55 741.1 1.7 96 2.7 0
04:56 741.2 1.7 95 1.3 0
04:57 741.1 1.7 95 1.8 0
04:58 741.1 1.7 96 2.2 0
04:59 741.1 1.7 96 3.1 0
05:00 741 1.7 95 3.1 0
05:01 741 1.7 96 4 0
05:02 741 1.7 96 3.1 0
05:03 741.1 1.7 95 2.7 0
05:04 741.1 1.7 96 1.8 0
05:05 741 1.7 95 1.8 0
05:06 741 1.7 96 3.1 0
05:07 741.1 1.7 96 2.7 0
05:08 741.1 1.7 96 1.8 0
05:09 741 1.7 96 2.2 0
05:10 741 1.7 96 1.8 0
05:11 741 1.7 96 1.3 0
05:12 741 1.7 96 1.3 0
05:13 741 1.7 96 3.1 0
05:14 741 1.7 96 1.8 0
05:15 741 1.7 96 1.8 0
05:16 741 1.8 96 2.2 0
05:17 741 1.8 96 2.2 0
05:18 741 1.8 96 2.7 0
05:19 741 1.8 96 3.1 0
05:20 741 1.8 96 2.7 0
05:21 741.1 1.8 96 2.2 0
05:22 741 1.8 96 2.2 0
05:23 741.1 1.8 96 2.2 0
05:24 741 1.8 96 1.3 0
05:25 741.1 1.8 96 1.8 0
05:26 741.1 1.8 96 2.2 0
05:27 741.1 1.8 96 3.1 0
05:28 741.1 1.8 96 2.2 0
05:29 741.1 1.8 96 1.8 0
05:30 741.2 1.8 96 2.2 0
05:31 741.2 1.8 96 2.2 0
05:32 741.1 1.8 96 3.1 0
05:33 741.1 1.8 96 3.1 0
05:34 741.1 1.8 96 2.2 0
05:35 741.1 1.8 96 2.7 0
05:36 741.1 1.8 96 2.2 0
05:37 741.1 1.8 96 1.3 0
05:38 741.1 1.8 96 2.7 0
05:39 741.1 1.9 96 2.7 0
05:40 741.1 1.9 96 1.8 0
05:41 741.1 1.9 96 2.7 0
05:42 741 1.9 96 1.8 0
05:43 741.1 1.9 96 2.7 0
05:44 741 1.9 96 2.7 0
05:45 741.1 1.9 96 3.6 0
05:46 741.1 1.9 96 3.1 0
05:47 741 1.9 96 .9 0
05:48 741 1.9 96 2.7 0
05:49 741 1.9 96 3.6 0
05:50 741.1 1.9 96 2.7 0
05:51 741.1 1.9 96 2.2 0
05:52 741 1.9 96 2.2 0
05:53 740.9 1.9 96 2.7 0
05:54 740.9 1.9 96 2.2 0
05:55 740.9 1.9 96 3.1 0
05:56 740.9 1.9 96 2.7 0
05:57 740.9 1.9 96 3.1 0
05:58 740.8 1.9 96 2.7 0
05:59 740.9 1.9 96 2.2 0
06:00 740.8 1.9 96 3.1 0
06:01 740.9 1.9 96 2.2 0
06:02 740.9 1.9 96 2.2 0
06:03 740.9 1.9 96 2.7 0
06:04 740.9 1.9 96 2.2 0
06:05 740.9 1.9 96 2.2 0
06:06 740.8 1.9 96 3.6 0
06:07 740.8 1.9 96 3.1 0
06:08 740.8 1.9 96 2.7 0
06:09 740.8 2 96 3.1 0
06:10 740.7 1.9 96 3.6 0
06:11 740.7 1.9 96 2.7 0
06:12 740.7 2 96 2.7 0
06:13 740.7 2 96 2.2 0
06:14 740.8 2 96 1.8 0
06:15 740.8 2 96 2.7 0
06:16 740.8 2 96 2.2 0
06:17 740.8 2 96 1.8 0
06:18 740.7 2 96 2.7 0
06:19 740.8 2 96 2.7 0
06:20 740.8 2 96 2.7 0
06:21 740.7 2.1 96 2.2 0
06:22 740.7 2 96 1.8 0
06:23 740.8 2.1 96 2.7 0
06:24 740.8 2.1 96 2.7 0
06:25 740.8 2.1 96 3.6 0
06:26 740.8 2.1 96 3.1 0
06:27 740.8 2.1 96 3.1 0
06:28 740.8 2.1 96 3.1 0
06:29 740.9 2.1 96 3.6 0
06:30 740.8 2.1 96 1.8 0
06:31 740.9 2.1 96 1.3 0
06:32 740.9 2.1 96 3.1 0
06:33 741 2.1 96 2.7 0
06:34 741 2.1 96 2.2 0
06:35 741.1 2.1 96 2.7 0
06:36 741 2.1 96 2.7 0
06:37 741 2.1 96 2.2 0
06:38 741 2.1 96 2.7 0
06:39 741 2.1 96 3.6 0
06:40 741 2.1 96 2.7 0
06:41 741 2.1 96 3.1 0
06:42 741.1 2.1 96 1.3 0
06:43 741 2.1 96 2.7 0
06:44 741 2.1 96 2.7 0
06:45 741 2.1 96 2.2 0
06:46 741 2.1 96 2.7 0
06:47 741 2.1 96 2.2 0
06:48 741 2.1 96 2.7 0
06:49 740.9 2.1 96 2.7 0
06:50 740.9 2.1 96 2.2 0
06:51 740.9 2.1 96 2.7 0
06:52 740.8 2.1 96 3.6 0
06:53 740.7 2.1 96 2.2 0
06:54 740.8 2.1 96 2.2 0
06:55 740.8 2.1 96 2.7 0
06:56 740.9 2.1 96 2.2 0
06:57 740.9 2.1 96 2.7 0
06:58 740.9 2.1 96 1.8 0
06:59 740.9 2.1 96 2.2 0
07:00 741 2.1 96 2.2 0
07:01 741 2.1 96 2.7 0
07:02 741 2.1 96 2.2 0
07:03 741 2.1 96 1.8 0
07:04 741 2.1 96 1.3 0
07:05 741 2.1 96 2.7 0
07:06 741 2.1 96 2.7 0
07:07 741 2.1 96 1.8 0
07:08 741 2.1 96 1.8 0
07:09 741 2.2 96 1.8 0
07:10 741 2.2 96 2.7 0
07:11 741.1 2.1 96 2.7 0
07:12 741.1 2.2 96 1.8 0
07:13 741.1 2.2 96 1.8 0
07:14 741.1 2.2 96 2.7 0
07:15 741 2.2 96 1.8 0
07:16 741 2.2 96 3.1 0
07:17 741.1 2.2 96 2.7 0
07:18 741 2.2 96 2.7 0
07:19 741.1 2.2 96 2.2 0
07:20 741.1 2.2 96 2.7 0
07:21 741.1 2.2 96 2.7 0
07:22 741.1 2.2 96 1.8 0
07:23 741.1 2.2 96 2.2 0
07:24 741 2.2 96 1.3 0
07:25 741 2.2 96 2.2 0
07:26 741 2.1 96 3.1 0
07:27 741 2.2 96 1.8 0
07:28 741 2.2 96 2.2 0
07:29 741 2.2 96 2.2 0
07:30 741 2.2 96 2.2 0
07:31 741.1 2.2 96 2.2 0
07:32 741 2.2 96 1.8 0
07:33 741.1 2.2 96 1.3 0
07:34 741 2.2 96 1.8 0
07:35 741 2.2 96 2.7 0
07:36 741 2.2 96 1.3 0
07:37 741 2.2 96 2.2 0
07:38 741 2.2 96 1.8 0
07:39 741 2.2 96 1.8 0
07:40 741 2.2 96 2.2 0
07:41 741.1 2.2 96 1.8 0
07:42 741 2.2 96 3.1 0
07:43 741.1 2.2 96 2.2 0
07:44 741.1 2.2 96 1.8 0
07:45 741.1 2.2 96 2.7 0
07:46 741.1 2.2 96 3.1 0
07:47 741.1 2.2 96 3.1 0
07:48 741.1 2.2 96 1.8 0
07:49 741.1 2.2 96 2.2 0
07:50 741.1 2.2 96 1.3 0
07:51 741.1 2.2 96 1.8 0
07:52 741.1 2.2 96 2.7 0
07:53 741 2.2 96 2.7 0
07:54 741 2.2 96 1.8 0
07:55 741 2.2 96 2.7 0
07:56 741 2.2 96 1.8 0
07:57 741 2.2 96 1.8 0
07:58 741 2.2 96 2.2 0
07:59 741 2.2 96 1.8 0
08:00 741 2.2 96 2.7 0
08:01 741 2.2 96 2.2 0
08:02 740.9 2.2 96 2.7 0
08:03 740.9 2.2 96 3.1 0
08:04 741 2.2 96 3.6 0
08:05 741 2.2 96 2.7 0
08:06 741 2.2 96 2.2 0
08:07 741 2.2 96 2.7 0
08:08 741 2.2 96 2.7 0
08:09 741 2.2 96 2.7 0
08:10 741.1 2.3 96 2.2 0
08:11 741 2.2 96 2.7 0
08:12 741.1 2.2 96 2.2 0
08:13 741.1 2.2 96 2.2 0
08:14 741.1 2.2 96 2.2 0
08:15 741 2.2 96 3.1 0
08:16 741.1 2.3 96 2.2 0
08:17 741.1 2.2 96 3.6 0
08:18 741 2.3 96 3.1 0
08:19 741.1 2.3 96 2.2 0
08:20 741 2.3 96 3.1 0
08:21 741.1 2.3 96 2.2 0
08:22 741.1 2.3 96 2.7 0
08:23 741.1 2.3 96 2.7 0
08:24 741.1 2.3 96 3.1 0
08:25 741.1 2.3 96 2.2 0
08:26 741.1 2.3 96 2.2 0
08:27 741.1 2.3 96 1.3 0
08:28 741.1 2.3 96 1.8 0
08:29 741.1 2.3 96 1.3 0
08:30 741.1 2.3 96 1.3 0
08:31 741 2.3 96 2.7 0
08:32 741.1 2.3 96 1.8 0
08:33 741 2.3 96 3.1 0
08:34 741 2.2 96 2.2 0
08:35 741 2.3 96 1.8 0
08:36 741 2.2 96 1.8 0
08:37 740.9 2.3 96 1.8 0
08:38 740.9 2.3 96 1.3 0
08:39 741 2.3 96 1.8 0
08:40 741 2.3 96 .9 0
08:41 741 2.3 96 1.8 0
08:42 741 2.3 96 1.8 0
08:43 741 2.2 96 2.2 0
08:44 741.1 2.3 96 1.3 0
08:45 741.1 2.3 96 1.3 0
08:46 741.1 2.3 96 1.3 0
08:47 741.1 2.3 96 2.2 0
08:48 741.1 2.3 96 2.7 0
08:49 741.1 2.3 96 1.8 0
08:50 741.1 2.3 96 2.2 0
08:51 741.1 2.3 96 1.8 0
08:52 741.1 2.3 96 2.2 0
08:53 741.1 2.3 96 2.2 0
08:54 741.1 2.3 96 1.8 0
08:55 741.1 2.3 96 1.8 0
08:56 741.1 2.3 96 2.2 0
08:57 741.1 2.3 96 1.3 0
08:58 741.2 2.3 96 1.8 0
08:59 741.1 2.3 96 .9 0
09:00 741.2 2.3 96 3.1 0
09:01 741.2 2.3 96 1.8 0
09:02 741.2 2.3 96 2.7 0
09:03 741.2 2.3 96 2.2 0
09:04 741.2 2.3 96 1.8 0
09:05 741.2 2.4 96 2.7 0
09:06 741.3 2.3 96 2.2 0
09:07 741.3 2.4 96 3.1 0
09:08 741.3 2.4 96 2.2 0
09:09 741.3 2.4 96 2.7 0
09:10 741.3 2.4 96 1.8 0
09:11 741.3 2.4 96 2.7 0
09:12 741.2 2.4 96 3.1 0
09:13 741.2 2.4 96 2.2 0
09:14 741.3 2.4 96 1.8 0
09:15 741.2 2.4 96 3.1 0
09:16 741.3 2.4 96 2.7 0
09:17 741.3 2.4 96 2.2 0
09:18 741.3 2.5 96 2.7 0
09:19 741.3 2.5 96 3.6 0
09:20 741.3 2.5 96 2.2 0
09:21 741.2 2.5 96 3.1 0
09:22 741.2 2.5 96 3.1 0
09:23 741.2 2.5 96 2.7 0
09:24 741.3 2.5 96 3.1 0
09:25 741.3 2.5 96 2.2 0
09:26 741.2 2.5 96 3.6 0
09:27 741.3 2.6 96 2.7 0
09:28 741.2 2.6 96 3.1 0
09:29 741.3 2.6 96 3.1 0
09:30 741.2 2.6 96 1.8 0
09:31 741.2 2.6 96 2.7 0
09:32 741.2 2.6 96 2.2 0
09:33 741.2 2.6 96 1.8 0
09:34 741.2 2.6 96 2.2 0
09:35 741.3 2.6 96 1.8 0
09:36 741.3 2.6 96 2.2 0
09:37 741.3 2.6 96 2.7 0
09:38 741.3 2.6 96 2.2 0
09:39 741.3 2.6 96 2.2 0
09:40 741.3 2.6 96 3.1 0
09:41 741.3 2.6 96 2.7 0
09:42 741.3 2.6 96 2.7 0
09:43 741.3 2.7 96 3.6 0
09:44 741.3 2.7 96 1.8 0
09:45 741.3 2.6 96 2.2 0
09:46 741.3 2.7 96 2.7 0
09:47 741.3 2.7 96 2.7 0
09:48 741.2 2.7 96 1.8 0
09:49 741.2 2.7 96 3.6 0
09:50 741.3 2.7 96 3.6 0
09:51 741.3 2.7 96 2.7 0
09:52 741.2 2.7 96 2.2 0
09:53 741.3 2.7 96 2.7 0
09:54 741.3 2.7 96 2.2 0
09:55 741.4 2.7 96 3.6 0
09:56 741.3 2.7 96 2.7 0
09:57 741.4 2.7 96 2.7 0
09:58 741.4 2.7 96 2.7 0
09:59 741.3 2.7 96 2.7 0
10:00 741.3 2.7 96 2.2 0
10:01 741.3 2.7 96 2.2 0
10:02 741.3 2.7 96 2.7 0
10:03 741.3 2.7 96 2.7 0
10:04 741.3 2.7 96 2.2 0
10:05 741.3 2.7 96 2.7 0
10:06 741.4 2.7 96 2.7 0
10:07 741.4 2.7 96 1.8 0
10:08 741.3 2.7 96 2.7 0
10:09 741.4 2.7 96 2.2 0
10:10 741.4 2.8 96 3.6 0
10:11 741.3 2.8 96 4 0
10:12 741.3 2.8 96 2.7 0
10:13 741.3 2.8 96 2.7 0
10:14 741.3 2.8 96 3.1 0
10:15 741.3 2.8 96 2.2 0
10:16 741.4 2.8 96 1.8 0
10:17 741.4 2.8 96 1.8 0
10:18 741.3 2.8 96 1.3 0
10:19 741.4 2.8 96 1.8 0
10:20 741.3 2.8 96 4 0
10:21 741.4 2.8 96 3.1 0
10:22 741.4 2.8 96 2.2 0
10:23 741.5 2.8 96 3.1 0
10:24 741.4 2.8 96 3.1 0
10:25 741.4 2.8 96 1.8 0
10:26 741.4 2.8 96 3.1 0
10:27 741.5 2.8 96 1.8 0
10:28 741.4 2.8 96 1.8 0
10:29 741.5 2.8 96 1.8 0
10:30 741.4 2.8 96 2.2 0
10:31 741.4 2.8 96 2.2 0
10:32 741.4 2.8 96 2.7 0
10:33 741.4 2.8 96 3.1 0
10:34 741.5 2.8 96 2.7 0
10:35 741.5 2.8 96 3.1 0
10:36 741.5 2.8 96 3.1 0
10:37 741.5 2.8 96 2.7 0
10:38 741.5 2.8 96 2.2 0
10:39 741.5 2.8 96 1.8 0
10:40 741.6 2.8 96 3.1 0
10:41 741.6 2.8 96 2.7 0
10:42 741.6 2.8 96 3.1 0
10:43 741.5 2.8 96 2.2 0
10:44 741.5 2.8 96 3.1 0
10:45 741.6 2.8 96 2.7 0
10:46 741.6 2.9 96 3.1 0
10:47 741.6 2.9 96 2.7 0
10:48 741.6 2.9 96 1.8 0
10:49 741.6 2.9 96 3.1 0
10:50 741.7 2.9 96 2.2 0
10:51 741.7 2.9 96 2.7 0
10:52 741.7 2.9 96 3.1 0
10:53 741.7 2.9 96 3.6 0
10:54 741.7 2.9 96 3.1 0
10:55 741.7 2.9 96 2.7 0
10:56 741.7 2.9 96 2.2 0
10:57 741.6 2.9 96 3.1 0
10:58 741.6 2.9 96 2.7 0
10:59 741.5 2.9 96 1.8 0
11:00 741.5 2.9 96 3.1 0
11:01 741.5 2.9 96 3.1 0
11:02 741.6 2.9 96 3.1 0
11:03 741.6 2.9 96 2.7 0
11:04 741.6 2.9 96 3.1 0
11:05 741.6 2.9 96 3.1 0
11:06 741.6 2.9 96 2.2 0
11:07 741.6 2.9 96 2.2 0
11:08 741.6 2.9 96 2.2 0
11:09 741.6 2.9 96 2.2 0
11:10 741.6 2.9 96 2.7 0
11:11 741.6 2.9 96 2.7 0
11:12 741.6 2.9 96 2.2 0
11:13 741.5 2.9 96 2.7 0
11:14 741.5 2.9 96 2.7 0
11:15 741.6 2.9 96 2.7 0
11:16 741.6 2.9 96 3.1 0
11:17 741.5 3 96 2.2 0
11:18 741.6 2.9 96 3.1 0
11:19 741.6 3 96 3.1 0
11:20 741.6 3 96 3.6 0
11:21 741.6 3 96 2.2 0
11:22 741.6 3 96 2.7 0
11:23 741.6 3 96 2.2 0
11:24 741.6 3 96 2.7 0
11:25 741.6 3 96 2.2 0
11:26 741.6 3 96 1.8 0
11:27 741.6 3 96 3.1 0
11:28 741.6 3 96 2.2 0
11:29 741.6 3 96 2.2 0
11:30 741.6 3.1 96 1.3 0
11:31 741.6 3 96 2.2 0
11:32 741.6 3 96 1.8 0
11:33 741.6 3 96 2.7 0
11:34 741.6 3.1 96 3.1 0
11:35 741.6 3.1 96 2.2 0
11:36 741.6 3.1 96 2.7 0
11:37 741.6 3.1 96 2.2 0
11:38 741.6 3.1 96 1.8 0
11:39 741.6 3.1 96 1.8 0
11:40 741.6 3.1 96 2.2 0
11:41 741.6 3.1 96 1.8 0
11:42 741.6 3.1 96 3.1 0
11:43 741.6 3.1 96 1.8 0
11:44 741.6 3.1 96 1.3 0
11:45 741.6 3.1 96 2.2 0
11:46 741.7 3.1 96 1.8 0
11:47 741.6 3.1 96 2.2 0
11:48 741.7 3.1 96 2.2 0
11:49 741.7 3.1 96 2.2 0
11:50 741.6 3.1 96 1.8 0
11:51 741.6 3.1 96 1.3 0
11:52 741.6 3.1 96 1.8 0
11:53 741.6 3.1 96 1.8 0
11:54 741.6 3.1 96 2.2 0
11:55 741.6 3.1 96 3.1 0
11:56 741.6 3.1 96 2.2 0
11:57 741.6 3.1 96 1.8 0
11:58 741.6 3.1 96 2.2 0
11:59 741.6 3.1 96 2.2 0
12:00 741.5 3.1 96 1.8 0
12:01 741.5 3.1 96 1.3 0
12:02 741.5 3.1 96 1.8 0
12:03 741.5 3.1 96 2.2 0
12:04 741.5 3.1 96 1.3 0
12:05 741.4 3.1 95 2.2 0
12:06 741.5 3.1 95 1.3 0
12:07 741.4 3.1 95 1.8 0
12:08 741.4 3.1 95 1.3 0
12:09 741.4 3.1 95 1.8 0
12:10 741.4 3.1 95 1.8 0
12:11 741.4 3.1 95 1.3 0
12:12 741.4 3.1 95 1.8 0
12:13 741.4 3.1 96 1.8 0
12:14 741.4 3.2 96 1.8 0
12:15 741.5 3.2 96 1.3 0
12:16 741.4 3.2 96 1.3 0
12:17 741.4 3.2 95 1.3 0
12:18 741.4 3.2 95 2.2 0
12:19 741.4 3.2 95 1.8 0
12:20 741.5 3.2 95 2.2 0
12:21 741.5 3.2 95 1.3 0
12:22 741.5 3.2 95 1.3 0
12:23 741.5 3.2 95 1.8 0
12:24 741.5 3.2 95 2.2 0
12:25 741.4 3.2 95 1.8 0
12:26 741.5 3.2 95 1.8 0
12:27 741.5 3.2 95 1.3 0
12:28 741.4 3.3 95 1.8 0
12:29 741.5 3.3 95 2.2 0
12:30 741.4 3.3 95 2.2 0
12:31 741.4 3.3 95 2.7 0
12:32 741.4 3.3 95 1.3 0
12:33 741.4 3.3 95 2.7 0
12:34 741.4 3.3 95 2.2 0
12:35 741.4 3.3 95 1.8 0
12:36 741.4 3.3 95 2.2 0
12:37 741.3 3.3 95 1.8 0
12:38 741.4 3.3 95 1.8 0
12:39 741.3 3.3 95 1.8 0
12:40 741.3 3.3 94 1.3 0
12:41 741.4 3.3 94 1.3 0
12:42 741.3 3.3 94 1.8 0
12:43 741.4 3.3 94 2.7 0
12:44 741.4 3.3 94 3.6 0
12:45 741.3 3.3 94 2.2 0
12:46 741.4 3.3 94 2.2 0
12:47 741.4 3.3 94 1.8 0
12:48 741.4 3.3 94 1.8 0
12:49 741.4 3.3 94 1.8 0
12:50 741.4 3.3 94 2.7 0
12:51 741.5 3.3 94 3.1 0
12:52 741.6 3.3 93 3.1 0
12:53 741.5 3.4 93 3.1 0
12:54 741.6 3.3 93 1.8 0
12:55 741.6 3.3 93 2.7 0
12:56 741.6 3.3 93 1.8 0
12:57 741.7 3.3 93 1.8 0
12:58 741.7 3.3 93 2.2 0
12:59 741.6 3.3 93 3.6 0
13:00 741.6 3.3 93 2.7 0
13:01 741.6 3.3 93 3.6 0
13:02 741.6 3.3 93 2.7 0
13:03 741.7 3.3 93 3.1 0
13:04 741.8 3.3 93 2.7 0
13:05 741.7 3.3 93 3.1 0
13:06 741.8 3.3 92 2.7 0
13:07 741.8 3.3 92 3.1 0
13:08 741.8 3.3 92 3.1 0
13:09 741.8 3.3 92 3.6 0
13:10 741.8 3.3 92 3.1 0
13:11 741.8 3.3 92 4 0
13:12 741.8 3.3 92 3.1 0
13:13 741.8 3.3 92 1.8 0
13:14 741.8 3.3 92 2.7 0
13:15 741.8 3.3 91 2.7 0
13:16 741.7 3.3 91 2.7 0
13:17 741.7 3.3 91 2.7 0
13:18 741.7 3.3 91 2.7 0
13:19 741.7 3.3 91 3.1 0
13:20 741.7 3.3 91 2.2 0
13:21 741.7 3.3 91 3.1 0
13:22 741.7 3.3 91 3.6 0
13:23 741.8 3.3 91 3.6 0
13:24 741.7 3.3 91 2.7 0
13:25 741.8 3.3 91 2.7 0
13:26 741.8 3.3 91 2.2 0
13:27 741.8 3.3 91 1.8 0
13:28 741.8 3.3 91 2.2 0
13:29 741.9 3.3 91 2.7 0
13:30 741.8 3.3 91 2.7 0
13:31 741.9 3.3 91 2.7 0
13:32 741.9 3.3 91 2.2 0
13:33 741.8 3.3 91 1.8 0
13:34 741.8 3.3 91 2.2 0
13:35 741.8 3.3 91 2.2 0
13:36 741.8 3.3 91 1.8 0
13:37 741.9 3.3 91 1.3 0
13:38 741.8 3.3 91 1.8 0
13:39 741.9 3.3 91 1.8 0
13:40 741.9 3.3 91 2.2 0
13:41 741.9 3.3 91 1.3 0
13:42 741.8 3.2 91 1.8 0
13:43 741.7 3.2 91 1.8 0
13:44 741.8 3.2 91 1.3 0
13:45 741.8 3.2 91 2.2 0
13:46 741.8 3.2 91 2.2 0
13:47 741.9 3.2 91 2.2 0
13:48 741.9 3.2 91 1.8 0
13:49 741.9 3.2 91 3.1 0
13:50 741.9 3.2 91 2.2 0
13:51 741.9 3.2 91 2.7 0
13:52 741.9 3.2 91 1.8 0
13:53 741.9 3.2 91 2.2 0
13:54 741.9 3.2 91 2.2 0
13:55 741.9 3.2 91 2.2 0
13:56 741.9 3.2 91 1.8 0
13:57 741.9 3.2 91 2.2 0
13:58 741.9 3.2 91 2.2 0
13:59 741.9 3.2 91 1.3 0
14:00 742 3.2 91 1.8 0
14:01 741.9 3.2 91 1.8 0
14:02 741.9 3.2 91 1.3 0
14:03 741.9 3.2 91 1.3 0
14:04 742 3.2 91 1.8 0
14:05 742 3.2 91 1.8 0
14:06 742 3.2 91 .9 0
14:07 742 3.2 91 .9 0
14:08 742 3.2 91 .4 0
14:09 742 3.2 91 .9 0
14:10 742 3.2 91 .9 0
14:11 742 3.2 91 1.3 0
14:12 742.1 3.2 91 1.3 0
14:13 742.1 3.2 91 1.8 0
14:14 742 3.2 91 1.3 0
14:15 742.1 3.1 91 1.8 0
14:16 742.1 3.1 91 1.8 0
14:17 742.1 3.1 91 1.3 0
14:18 742 3.1 91 1.8 0
14:19 742.1 3.1 91 1.3 0
14:20 742 3.1 91 1.3 0
14:21 742.1 3.1 91 .9 0
14:22 742.1 3.1 91 1.8 0
14:23 742.1 3.1 91 1.3 0
14:24 742.1 3.1 91 1.8 0
14:25 742.1 3.1 91 .9 0
14:26 742.1 3.1 91 .9 0
14:27 742.1 3.1 91 1.3 0
14:28 742.1 3.1 91 .9 0
14:29 742.1 3.1 91 .9 0
14:30 742.1 3.1 91 .9 0
14:31 742.1 3.1 91 .9 0
14:32 742.1 3.1 91 1.3 0
14:33 742.1 3.1 91 .9 0
14:34 742.1 3.1 91 1.3 0
14:35 742.1 3.1 91 .9 0
14:36 742.2 3.1 91 1.3 0
14:37 742.2 3.1 91 .9 0
14:38 742.2 3.1 91 .9 0
14:39 742.2 3.1 91 .9 0
14:40 742.2 3.2 91 .9 0
14:41 742.2 3.1 91 1.3 0
14:42 742.1 3.1 91 1.3 0
14:43 742.2 3.1 91 1.3 0
14:44 742.2 3.1 91 .9 0
14:45 742.1 3.1 91 .9 0
14:46 742.2 3.1 91 .9 0
14:47 742.1 3.1 91 .4 0
14:48 742.1 3.1 91 .4 0
14:49 742.2 3.1 91 .9 0
14:50 742.2 3.1 91 .9 0
14:51 742.2 3.1 91 1.8 0
14:52 742.2 3.1 91 1.3 0
14:53 742.2 3.1 91 1.3 0
14:54 742.2 3.1 91 .9 0
14:55 742.2 3.1 91 .9 0
14:56 742.2 3.1 91 .9 0
14:57 742.2 3.1 91 1.3 0
14:58 742.2 3.1 91 1.3 0
14:59 742.2 3.1 91 1.3 0
15:00 742.3 3.1 91 1.3 0
15:01 742.3 3.1 91 1.3 0
15:02 742.3 3.1 91 .9 0
15:03 742.3 3.1 91 1.3 0
15:04 742.3 3 91 1.3 0
15:05 742.3 3 91 .9 0
15:06 742.3 3 91 1.3 0
15:07 742.3 3 91 .9 0
15:08 742.3 3 91 1.3 0
15:09 742.3 3 91 1.8 0
15:10 742.3 2.9 91 1.3 0
15:11 742.3 2.9 91 1.8 0
15:12 742.3 2.9 91 1.8 0
15:13 742.4 2.9 91 1.8 0
15:14 742.4 2.8 91 2.2 0
15:15 742.4 2.8 91 1.3 0
15:16 742.5 2.8 91 1.3 0
15:17 742.5 2.8 91 .9 0
15:18 742.6 2.8 91 1.3 0
15:19 742.5 2.8 91 1.3 0
15:20 742.6 2.8 91 1.3 0
15:21 742.6 2.8 91 1.8 0
15:22 742.5 2.7 91 .9 0
15:23 742.6 2.7 91 1.3 0
15:24 742.6 2.7 91 1.8 0
15:25 742.6 2.8 91 1.3 0
15:26 742.7 2.7 91 .9 0
15:27 742.6 2.7 91 2.2 0
15:28 742.6 2.7 91 1.8 0
15:29 742.6 2.8 91 2.2 0
15:30 742.5 2.8 90 3.1 0
15:31 742.5 2.8 90 2.7 0
15:32 742.6 2.8 89 2.7 0
15:33 742.6 2.8 89 1.8 0
15:34 742.5 2.8 89 1.8 0
15:35 742.6 2.8 89 1.8 0
15:36 742.5 2.8 88 2.2 0
15:37 742.6 2.8 88 2.2 0
15:38 742.6 2.8 88 1.8 0
15:39 742.6 2.8 87 3.1 0
15:40 742.6 2.8 87 3.6 0
15:41 742.6 2.8 87 3.1 0
15:42 742.6 2.8 86 3.6 0
15:43 742.6 2.8 86 2.7 0
15:44 742.7 2.8 86 2.2 0
15:45 742.6 2.8 86 2.7 0
15:46 742.6 2.8 86 2.7 0
15:47 742.7 2.8 86 2.7 0
15:48 742.7 2.8 86 1.3 0
15:49 742.7 2.8 86 1.8 0
15:50 742.8 2.8 86 2.7 0
15:51 742.8 2.8 86 1.8 0
15:52 742.8 2.8 86 2.2 0
15:53 742.8 2.8 86 3.1 0
15:54 742.8 2.8 86 .9 0
15:55 742.7 2.8 86 1.8 0
15:56 742.7 2.8 86 3.6 0
15:57 742.7 2.8 86 3.1 0
15:58 742.8 2.8 85 3.1 0
15:59 742.7 2.8 85 1.8 0
16:00 742.8 2.8 85 1.3 0
16:01 742.8 2.8 85 1.3 0
16:02 742.9 2.8 85 3.6 0
16:03 742.8 2.8 85 2.2 0
16:04 742.9 2.8 85 1.8 0
16:05 742.8 2.8 85 3.1 0
16:06 742.9 2.8 85 2.2 0
16:07 742.8 2.8 85 1.8 0
16:08 742.9 2.7 85 1.3 0
16:09 742.8 2.7 85 1.3 0
16:10 742.8 2.7 85 2.2 0
16:11 742.8 2.7 85 2.2 0
16:12 742.8 2.7 85 1.8 0
16:13 742.8 2.7 85 2.2 0
16:14 742.9 2.7 85 1.8 0
16:15 742.8 2.7 85 1.3 0
16:16 743 2.7 85 2.2 0
16:17 743 2.7 85 1.8 0
16:18 743 2.7 85 2.7 0
16:19 743 2.6 85 1.3 0
16:20 743 2.6 85 1.8 0
16:21 743 2.6 85 2.7 0
16:22 743 2.6 85 1.3 0
16:23 743 2.6 85 1.8 0
16:24 743 2.6 85 2.2 0
16:25 743 2.6 85 1.8 0
16:26 743.1 2.6 85 2.7 0
16:27 743.1 2.6 85 1.8 0
16:28 743.1 2.6 85 1.3 0
16:29 743.1 2.6 85 2.7 0
16:30 743.1 2.6 85 1.8 0
16:31 743.1 2.6 86 1.3 0
16:32 743.1 2.6 85 1.3 0
16:33 743.1 2.6 85 1.8 0
16:34 743.2 2.6 85 2.7 0
16:35 743.2 2.6 86 1.3 0
16:36 743.2 2.6 86 1.3 0
16:37 743.2 2.5 86 1.3 0
16:38 743.2 2.5 86 1.8 0
16:39 743.3 2.5 86 2.2 0
16:40 743.3 2.5 86 1.8 0
16:41 743.3 2.5 86 1.3 0
16:42 743.2 2.5 86 1.3 0
16:43 743.1 2.4 86 1.8 0
16:44 743.1 2.4 86 1.3 0
16:45 743.1 2.5 86 1.8 0
16:46 743.1 2.4 85 1.8 0
16:47 743.1 2.4 85 1.3 0
16:48 743.1 2.4 85 1.3 0
16:49 743 2.4 85 1.3 0
16:50 743.1 2.4 85 1.3 0
16:51 743.1 2.4 85 .9 0
16:52 743.1 2.5 85 1.3 0
16:53 743.1 2.4 85 1.3 0
16:54 743.1 2.5 85 2.2 0
16:55 743.2 2.4 85 3.1 0
16:56 743.2 2.5 85 3.6 0
16:57 743.1 2.5 85 2.2 0
16:58 743.2 2.5 85 1.3 0
16:59 743.1 2.5 85 2.2 0
17:00 743.1 2.5 85 1.3 0
17:01 743.2 2.5 85 2.7 0
17:02 743.2 2.5 85 1.8 0
17:03 743.2 2.5 85 1.3 0
17:04 743.2 2.5 85 2.7 0
17:05 743.2 2.5 85 2.2 0
17:06 743.2 2.4 85 2.7 0
17:07 743.3 2.5 85 1.8 0
17:08 743.3 2.5 85 1.3 0
17:09 743.3 2.5 85 2.2 0
17:10 743.4 2.5 85 1.8 0
17:11 743.3 2.5 85 2.7 0
17:12 743.3 2.5 85 1.8 0
17:13 743.2 2.4 85 .9 0
17:14 743.2 2.4 85 2.7 0
17:15 743.2 2.5 85 2.2 0
17:16 743.4 2.5 85 1.8 0
17:17 743.3 2.5 85 2.2 0
17:18 743.4 2.6 85 1.8 0
17:19 743.3 2.6 85 1.8 0
17:20 743.3 2.6 85 1.8 0
17:21 743.3 2.5 85 2.2 0
17:22 743.3 2.5 85 1.3 0
17:23 743.3 2.5 85 1.8 0
17:24 743.4 2.4 85 1.3 0
17:25 743.3 2.4 85 .9 0
17:26 743.3 2.4 85 1.8 0
17:27 743.4 2.4 85 1.8 0
17:28 743.4 2.4 85 1.8 0
17:29 743.4 2.4 85 2.2 0
17:30 743.4 2.4 85 1.8 0
17:31 743.4 2.4 85 2.2 0
17:32 743.4 2.4 85 1.3 0
17:33 743.5 2.4 85 1.8 0
17:34 743.5 2.4 85 2.2 0
17:35 743.4 2.4 85 1.8 0
17:36 743.4 2.4 85 2.7 0
17:37 743.4 2.4 85 3.1 0
17:38 743.4 2.4 84 3.1 0
17:39 743.3 2.4 84 1.8 0
17:40 743.4 2.4 85 .9 0
17:41 743.3 2.5 85 .9 0
17:42 743.4 2.5 85 1.3 0
17:43 743.3 2.5 85 .9 0
17:44 743.4 2.5 85 .9 0
17:45 743.4 2.5 85 1.8 0
17:46 743.4 2.5 85 1.3 0
17:47 743.4 2.5 85 1.3 0
17:48 743.4 2.5 85 1.8 0
17:49 743.4 2.5 85 1.3 0
17:50 743.4 2.5 85 .4 0
17:51 743.4 2.4 85 .9 0
17:52 743.5 2.4 85 1.8 0
17:53 743.5 2.4 85 1.8 0
17:54 743.5 2.4 85 .9 0
17:55 743.5 2.4 85 1.8 0
17:56 743.5 2.4 85 1.3 0
17:57 743.5 2.4 85 1.3 0
17:58 743.5 2.4 86 .9 0
17:59 743.5 2.4 86 .9 0
18:00 743.5 2.4 86 .9 0
18:01 743.5 2.4 86 .9 0
18:02 743.4 2.3 86 .9 0
18:03 743.5 2.3 86 .9 0
18:04 743.5 2.3 86 .9 0
18:05 743.5 2.3 86 .9 0
18:06 743.5 2.3 86 .9 0
18:07 743.5 2.3 87 1.3 0
18:08 743.6 2.3 87 .9 0
18:09 743.5 2.3 87 .9 0
18:10 743.5 2.3 87 .9 0
18:11 743.5 2.3 87 .4 0
18:12 743.5 2.3 87 .4 0
18:13 743.5 2.3 87 .9 0
18:14 743.5 2.2 87 .9 0
18:15 743.6 2.2 87 1.3 0
18:16 743.7 2.2 87 .9 0
18:17 743.7 2.1 87 1.3 0
18:18 743.7 2.1 87 .9 0
18:19 743.7 2.1 87 .9 0
18:20 743.7 2.1 87 .9 0
18:21 743.6 2.1 87 .4 0
18:22 743.6 2 87 .4 0
18:23 743.6 2 87 .4 0
18:24 743.6 2 87 .4 0
18:25 743.6 2 88 .9 0
18:26 743.6 2 88 .9 0
18:27 743.6 2 88 .9 0
18:28 743.7 2 88 .9 0
18:29 743.6 2 88 .9 0
18:30 743.7 2.1 88 1.3 0
18:31 743.7 2.1 88 1.3 0
18:32 743.7 2.1 88 1.3 0
18:33 743.7 2.1 88 1.3 0
18:34 743.7 2.1 88 .9 0
18:35 743.7 2.1 88 1.3 0
18:36 743.8 2.1 88 1.3 0
18:37 743.8 2.1 88 1.3 0
18:38 743.8 2.1 88 1.8 0
18:39 743.8 2.1 88 .9 0
18:40 743.7 2.1 87 1.3 0
18:41 743.7 2.1 87 1.3 0
18:42 743.7 2.1 87 .9 0
18:43 743.7 2.1 88 .9 0
18:44 743.7 2.1 88 1.3 0
18:45 743.8 2 88 .9 0
18:46 743.7 1.9 88 1.3 0
18:47 743.7 1.9 88 1.3 0
18:48 743.7 1.9 88 1.3 0
18:49 743.7 1.9 88 .9 0
18:50 743.7 1.9 88 .4 0
18:51 743.7 1.9 88 1.3 0
18:52 743.7 1.9 88 .9 0
18:53 743.7 1.9 88 .4 0
18:54 743.7 1.9 88 .9 0
18:55 743.7 1.9 88 .9 0
18:56 743.7 1.9 88 1.3 0
18:57 743.7 1.9 88 2.7 0
18:58 743.8 1.9 88 1.3 0
18:59 743.8 1.9 87 1.8 0
19:00 743.8 1.9 87 2.2 0
19:01 743.7 1.9 87 2.2 0
19:02 743.7 1.9 87 2.2 0
19:03 743.7 1.9 87 1.3 0
19:04 743.7 1.9 87 2.2 0
19:05 743.8 1.9 87 1.3 0
19:06 743.8 1.9 87 .9 0
19:07 743.7 1.9 87 1.3 0
19:08 743.8 1.9 87 1.3 0
19:09 743.7 1.9 87 2.7 0
19:10 743.8 1.9 87 2.2 0
19:11 743.8 1.9 87 1.8 0
19:12 743.8 1.9 87 2.7 0
19:13 743.9 2 86 1.3 0
19:14 743.9 2 86 1.3 0
19:15 743.9 2 86 1.3 0
19:16 743.9 2 86 1.8 0
19:17 743.9 2 86 2.2 0
19:18 744 1.9 86 1.8 0
19:19 744 1.9 86 2.2 0
19:20 744 2 86 1.8 0
19:21 744 2 86 1.3 0
19:22 744 2 86 1.3 0
19:23 743.9 2 86 1.8 0
19:24 744 2 86 1.3 0
19:25 743.9 2 86 1.3 0
19:26 743.9 2 86 1.8 0
19:27 743.9 2 86 1.8 0
19:28 743.8 2 86 2.2 0
19:29 743.8 2.1 86 1.8 0
19:30 743.8 2.1 86 1.3 0
19:31 743.8 2.1 86 1.3 0
19:32 743.8 2.1 86 .9 0
19:33 743.8 2.1 86 1.8 0
19:34 743.7 2.1 86 1.8 0
19:35 743.7 2.1 86 1.8 0
19:36 743.7 2.1 86 1.3 0
19:37 743.8 2.1 86 2.2 0
19:38 743.9 2.1 86 1.8 0
19:39 743.9 2.1 86 1.3 0
19:40 743.9 2.1 86 2.2 0
19:41 743.9 2.1 86 1.3 0
19:42 743.9 2.1 86 1.8 0
19:43 743.9 2.1 86 1.3 0
19:44 744 2.1 86 1.8 0
19:45 744 2.1 86 1.8 0
19:46 744 2.1 86 1.3 0
19:47 744 2.1 86 2.2 0
19:48 744.1 2.1 86 2.2 0
19:49 744 2.1 86 1.8 0
19:50 744 2.1 86 1.8 0
19:51 744 2.1 86 1.3 0
19:52 744.1 2.1 86 2.2 0
19:53 744 2.1 86 1.3 0
19:54 744.1 2.1 86 1.8 0
19:55 744 2.1 86 2.7 0
19:56 744.1 2.1 86 2.2 0
19:57 744.1 2.1 86 3.1 0
19:58 744.1 2.1 86 2.2 0
19:59 744 2.1 86 1.3 0
20:00 744.1 2.1 86 1.8 0
20:01 744 2.1 86 2.2 0
20:02 744.1 2.1 86 2.2 0
20:03 744.1 2.1 86 1.3 0
20:04 744.1 2 86 1.8 0
20:05 744.1 2 86 2.7 0
20:06 744.1 2 86 2.7 0
20:07 744 2 86 2.7 0
20:08 744 2 86 2.7 0
20:09 744 2 86 1.8 0
20:10 744.1 2 86 2.7 0
20:11 744.1 2 86 2.7 0
20:12 744.1 2 86 2.7 0
20:13 744.1 2 86 1.3 0
20:14 744.1 2 86 1.8 0
20:15 744.1 1.9 86 1.8 0
20:16 744.1 1.9 86 2.2 0
20:17 744.1 1.9 86 2.7 0
20:18 744.1 1.9 86 2.2 0
20:19 744.1 1.9 86 1.8 0
20:20 744.2 1.9 86 1.3 0
20:21 744.1 1.9 86 1.3 0
20:22 744.1 1.9 86 1.3 0
20:23 744.1 1.9 86 1.3 0
20:24 744.1 1.9 86 1.3 0
20:25 744.1 1.9 86 1.8 0
20:26 744.1 1.9 86 1.8 0
20:27 744.1 1.9 86 1.3 0
20:28 744.1 1.9 86 1.3 0
20:29 744.1 1.9 86 1.8 0
20:30 744.1 1.9 86 2.2 0
20:31 744.2 1.9 86 1.8 0
20:32 744.2 1.9 86 1.8 0
20:33 744.2 1.9 86 2.2 0
20:34 744.2 1.9 86 2.2 0
20:35 744.2 1.9 86 1.8 0
20:36 744.2 1.9 86 1.8 0
20:37 744.2 1.9 86 .9 0
20:38 744.2 1.9 86 1.3 0
20:39 744.2 1.9 86 1.3 0
20:40 744.2 1.9 86 1.8 0
20:41 744.3 1.9 86 2.2 0
20:42 744.3 1.9 86 1.8 0
20:43 744.3 1.9 86 2.2 0
20:44 744.3 1.9 86 1.8 0
20:45 744.3 1.9 86 1.8 0
20:46 744.3 1.9 86 1.3 0
20:47 744.3 1.9 86 1.8 0
20:48 744.2 1.9 86 1.3 0
20:49 744.2 1.9 86 1.3 0
20:50 744.2 1.9 86 1.3 0
20:51 744.3 1.9 86 1.3 0
20:52 744.3 1.9 86 1.3 0
20:53 744.3 1.9 86 .9 0
20:54 744.3 1.9 86 .9 0
20:55 744.3 1.9 86 1.3 0
20:56 744.3 1.9 86 1.8 0
20:57 744.3 1.9 86 1.3 0
20:58 744.3 1.9 86 1.3 0
20:59 744.3 1.8 86 1.3 0
21:00 744.3 1.8 86 1.3 0
21:01 744.3 1.8 86 .9 0
21:02 744.3 1.8 86 .9 0
21:03 744.3 1.8 87 .9 0
21:04 744.3 1.8 87 .4 0
21:05 744.3 1.8 87 .9 0
21:06 744.3 1.8 86 .4 0
21:07 744.3 1.8 87 .4 0
21:08 744.4 1.8 87 1.3 0
21:09 744.4 1.8 86 .9 0
21:10 744.4 1.8 87 .9 0
21:11 744.4 1.8 87 .9 0
21:12 744.4 1.8 86 1.3 0
21:13 744.4 1.8 87 1.3 0
21:14 744.4 1.8 86 .9 0
21:15 744.4 1.8 87 .9 0
21:16 744.5 1.8 86 .9 0
21:17 744.5 1.8 87 1.3 0
21:18 744.5 1.8 86 1.3 0
21:19 744.5 1.8 86 1.8 0
21:20 744.5 1.8 86 1.8 0
21:21 744.6 1.8 86 1.8 0
21:22 744.5 1.8 87 1.3 0
21:23 744.6 1.8 87 1.3 0
21:24 744.6 1.8 86 1.8 0
21:25 744.6 1.8 86 1.8 0
21:26 744.6 1.8 86 1.3 0
21:27 744.6 1.8 86 1.3 0
21:28 744.6 1.8 86 1.3 0
21:29 744.6 1.8 86 1.3 0
21:30 744.6 1.8 86 1.8 0
21:31 744.5 1.8 86 1.3 0
21:32 744.6 1.8 86 1.3 0
21:33 744.5 1.8 86 1.3 0
21:34 744.6 1.8 86 1.3 0
21:35 744.6 1.8 86 1.8 0
21:36 744.6 1.8 86 1.8 0
21:37 744.5 1.8 86 1.8 0
21:38 744.6 1.8 86 1.3 0
21:39 744.5 1.8 86 2.2 0
21:40 744.5 1.8 86 1.3 0
21:41 744.5 1.7 86 1.3 0
21:42 744.5 1.7 86 1.8 0
21:43 744.5 1.7 86 .9 0
21:44 744.5 1.7 87 1.3 0
21:45 744.5 1.7 86 1.3 0
21:46 744.5 1.7 87 1.3 0
21:47 744.6 1.7 86 1.3 0
21:48 744.6 1.7 86 1.3 0
21:49 744.5 1.7 86 1.3 0
21:50 744.5 1.7 86 1.3 0
21:51 744.4 1.7 86 1.3 0
21:52 744.4 1.7 87 .9 0
21:53 744.5 1.7 87 1.3 0
21:54 744.5 1.7 87 .9 0
21:55 744.4 1.7 87 1.3 0
21:56 744.5 1.7 87 1.3 0
21:57 744.4 1.7 87 .9 0
21:58 744.4 1.6 87 1.3 0
21:59 744.5 1.6 87 .9 0
22:00 744.6 1.6 87 .9 0
22:01 744.6 1.6 87 .9 0
22:02 744.6 1.6 87 1.3 0
22:03 744.7 1.6 87 1.8 0
22:04 744.7 1.6 87 1.8 0
22:05 744.8 1.6 87 1.3 0
22:06 744.8 1.6 87 1.3 0
22:07 744.7 1.6 87 1.8 0
22:08 744.7 1.6 87 2.2 0
22:09 744.7 1.6 87 1.3 0
22:10 744.7 1.5 87 1.3 0
22:11 744.7 1.5 87 1.8 0
22:12 744.6 1.5 87 1.3 0
22:13 744.7 1.5 87 1.3 0
22:14 744.7 1.5 87 .9 0
22:15 744.7 1.5 87 .9 0
22:16 744.7 1.5 87 .9 0
22:17 744.7 1.5 87 .9 0
22:18 744.7 1.4 87 .4 0
22:19 744.7 1.4 87 .9 0
22:20 744.7 1.4 87 .9 0
22:21 744.7 1.4 87 1.3 0
22:22 744.6 1.4 87 1.3 0
22:23 744.7 1.4 87 1.3 0
22:24 744.7 1.4 87 1.3 0
22:25 744.7 1.4 87 .9 0
22:26 744.6 1.4 87 .9 0
22:27 744.6 1.4 87 1.3 0
22:28 744.6 1.4 87 .9 0
22:29 744.6 1.4 87 .4 0
22:30 744.5 1.4 87 1.3 0
22:31 744.5 1.4 87 1.3 0
22:32 744.5 1.4 87 .9 0
22:33 744.5 1.4 87 .9 0
22:34 744.5 1.4 87 .9 0
22:35 744.5 1.4 87 .9 0
22:36 744.5 1.4 88 .9 0
22:37 744.5 1.4 87 1.3 0
22:38 744.5 1.5 87 1.3 0
22:39 744.5 1.5 87 .9 0
22:40 744.4 1.5 87 .9 0
22:41 744.5 1.5 87 .9 0
22:42 744.5 1.5 87 .9 0
22:43 744.5 1.5 87 .9 0
22:44 744.5 1.5 87 1.3 0
22:45 744.5 1.5 87 .9 0
22:46 744.5 1.5 87 .9 0
22:47 744.5 1.5 87 .4 0
22:48 744.5 1.5 87 .4 0
22:49 744.5 1.5 87 .9 0
22:50 744.6 1.5 87 .9 0
22:51 744.6 1.5 87 .9 0
22:52 744.6 1.4 87 .4 0
22:53 744.6 1.4 87 .9 0
22:54 744.5 1.4 87 .9 0
22:55 744.5 1.4 87 .4 0
22:56 744.5 1.4 87 .4 0
22:57 744.6 1.4 87 .9 0
22:58 744.5 1.4 87 .9 0
22:59 744.5 1.4 88 .9 0
23:00 744.5 1.4 87 .4 0
23:01 744.5 1.4 87 .4 0
23:02 744.5 1.3 87 .4 0
23:03 744.5 1.3 87 .4 0
23:04 744.5 1.3 88 .9 0
23:05 744.5 1.3 88 .9 0
23:06 744.5 1.3 88 .4 0
23:07 744.5 1.4 88 .9 0
23:08 744.5 1.3 88 .4 0
23:09 744.5 1.3 88 .9 0
23:10 744.5 1.4 88 .4 0
23:11 744.5 1.4 88 .4 0
23:12 744.5 1.3 88 .4 0
23:13 744.5 1.3 88 .4 0
23:14 744.5 1.3 88 .9 0
23:15 744.5 1.3 88 .4 0
23:16 744.6 1.3 88 .4 0
23:17 744.6 1.3 88 0 0
23:18 744.6 1.3 88 0 0
23:19 744.6 1.3 88 .4 0
23:20 744.6 1.3 88 .4 0
23:21 744.6 1.3 88 .4 0
23:22 744.6 1.3 88 .4 0
23:23 744.6 1.3 88 .4 0
23:24 744.6 1.3 88 .9 0
23:25 744.6 1.3 88 .4 0
23:26 744.6 1.3 88 .9 0
23:27 744.6 1.3 88 .4 0
23:28 744.6 1.3 88 .4 0
23:29 744.6 1.3 88 .9 0
23:30 744.6 1.3 88 .4 0
23:31 744.6 1.3 88 .9 0
23:32 744.6 1.3 88 .9 0
23:33 744.6 1.3 88 .9 0
23:34 744.6 1.3 89 .9 0
23:35 744.6 1.3 89 .9 0
23:36 744.6 1.3 89 .9 0
23:37 744.6 1.3 88 .4 0
23:38 744.6 1.3 89 .4 0
23:39 744.6 1.3 89 .4 0
23:40 744.6 1.3 89 .4 0
23:41 744.5 1.3 88 .4 0
23:42 744.6 1.3 88 .4 0
23:43 744.5 1.3 88 .4 0
23:44 744.5 1.3 88 .4 0
23:45 744.6 1.3 88 .4 0
23:46 744.6 1.3 88 .4 0
23:47 744.6 1.3 88 .4 0
23:48 744.5 1.2 88 .4 0
23:49 744.5 1.2 89 .4 0
23:50 744.6 1.2 89 .4 0
23:51 744.5 1.2 89 .9 0
23:52 744.5 1.2 89 .4 0
23:53 744.5 1.2 89 .4 0
23:54 744.5 1.2 89 .9 0
23:55 744.5 1.2 89 .4 0
23:56 744.5 1.2 89 .4 0
23:57 744.5 1.2 89 .9 0
23:58 744.5 1.2 89 .9 0
23:59 744.5 1.2 89 .4 0
