00:00 724.41 -2.06 90 1.79 0
00:01 724.41 -2.11 90 .89 0
00:02 724.41 -2.06 90 .89 0
00:03 724.41 -2.11 90 1.34 0
00:04 724.41 -2.06 90 1.34 0
00:05 724.41 -2.11 90 0 0
00:06 724.41 -2.06 90 .45 0
00:07 724.41 -2.06 90 1.79 0
00:08 724.66 -2.06 90 .45 0
00:09 724.41 -2.06 90 1.34 0
00:10 724.41 -2.06 90 .45 0
00:11 724.41 -2.06 90 .45 0
00:12 724.66 -2.06 90 1.79 0
00:13 724.66 -2.06 90 .45 0
00:14 724.66 -2.06 90 1.34 0
00:15 724.66 -2.06 90 .45 0
00:16 724.66 -2.06 90 2.24 0
00:17 724.66 -2.06 90 2.24 0
00:18 724.66 -2.06 90 2.68 0
00:19 724.66 -2.06 90 .45 0
00:20 724.66 -2.06 90 2.68 0
00:21 724.66 -2.06 90 .89 0
00:22 724.66 -2.06 90 .89 0
00:23 724.66 -2.06 90 2.24 0
00:24 724.66 -2.11 90 0 0
00:25 724.66 -2.06 90 .45 0
00:26 724.66 -2.11 90 .45 0
00:27 724.66 -2.06 90 .89 0
00:28 724.66 -2.06 90 1.34 0
00:29 724.66 -2.11 90 1.79 0
00:30 724.66 -2.11 90 0 0
00:31 724.66 -2.11 90 0 0
00:32 724.66 -2.06 90 1.34 0
00:33 724.92 -2.06 90 2.24 0
00:34 724.66 -2.06 90 .45 0
00:35 724.66 -2.06 90 .89 0
00:36 724.92 -2.06 90 .89 0
00:37 724.92 -2.06 90 .89 0
00:38 724.92 -2.06 90 0 0
00:39 724.92 -2.06 90 2.24 0
00:40 724.92 -2.06 90 1.79 0
00:41 724.92 -2.06 90 .45 0
00:42 724.92 -2.06 90 2.24 0
00:43 724.92 -2.06 90 1.34 0
00:44 724.92 -2.06 90 0 0
00:45 724.92 -2.06 90 0 0
00:46 724.92 -2.06 90 1.34 0
00:47 724.92 -2.06 90 0 0
00:48 724.92 -2.06 90 .45 0
00:49 724.92 -2.06 90 2.24 0
00:50 724.92 -2.06 90 .45 0
00:51 724.92 -2.06 90 .45 0
00:52 724.92 -2.06 90 0 0
00:53 724.92 -2 90 .45 0
00:54 724.92 -2.06 90 0 0
00:55 724.92 -2.06 90 1.79 0
00:56 724.92 -2 90 .45 0
00:57 724.92 -2 90 .45 0
00:58 724.92 -2 90 0 0
00:59 725.17 -2 90 2.24 0
01:00 724.92 -2.06 90 .45 0
01:01 725.17 -2.06 90 .45 0
01:02 725.17 -2 90 1.79 0
01:03 725.17 -2 90 0 0
01:04 725.17 -2 90 1.79 0
01:05 725.17 -2.06 90 1.34 0
01:06 725.17 -2 90 0 0
01:07 725.17 -2 90 0 0
01:08 725.17 -2 90 .45 0
01:09 725.17 -2 90 .45 0
01:10 725.17 -2 90 1.34 0
01:11 725.17 -2 90 .45 0
01:12 725.42 -2 90 1.34 0
01:13 725.42 -2.06 90 .45 0
01:14 725.42 -2 90 .45 0
01:15 725.42 -2 90 0 0
01:16 725.42 -2 90 1.34 0
01:17 725.42 -2 90 1.79 0
01:18 725.42 -2 90 1.79 0
01:19 725.42 -2.06 90 1.34 0
01:20 725.42 -2 90 .45 0
01:21 725.42 -2 90 1.34 0
01:22 725.42 -2 90 1.34 0
01:23 725.42 -2 90 0 0
01:24 725.42 -2.06 90 1.79 0
01:25 725.42 -2.06 90 1.79 0
01:26 725.42 -2.06 90 2.68 0
01:27 725.42 -2.06 90 1.79 0
01:28 725.42 -2.06 90 1.79 0
01:29 725.42 -2.06 90 1.79 0
01:30 725.42 -2.06 90 .45 0
01:31 725.42 -2.06 90 .45 0
01:32 725.42 -2.06 90 .45 0
01:33 725.42 -2.06 90 1.79 0
01:34 725.42 -2.06 90 2.24 0
01:35 725.42 -2.06 90 1.79 0
01:36 725.42 -2.06 90 1.79 0
01:37 725.42 -2.06 90 1.79 0
01:38 725.42 -2.06 90 2.24 0
01:39 725.42 -2.11 90 2.24 0
01:40 725.42 -2.06 90 1.34 0
01:41 725.42 -2.06 90 .45 0
01:42 725.42 -2.06 90 1.34 0
01:43 725.42 -2.06 90 0 0
01:44 725.42 -2.06 90 .89 0
01:45 725.42 -2.06 90 0 0
01:46 725.42 -2.06 90 0 0
01:47 725.42 -2.06 90 1.34 0
01:48 725.42 -2.06 90 .45 0
01:49 725.42 -2.06 90 0 0
01:50 725.42 -2.06 90 1.34 0
01:51 725.68 -2.06 90 0 0
01:52 725.42 -2.06 90 0 0
01:53 725.68 -2.11 90 .89 0
01:54 725.68 -2.11 90 .45 0
01:55 725.68 -2.11 90 .45 0
01:56 725.68 -2.11 90 .89 0
01:57 725.68 -2.11 90 .89 0
01:58 725.68 -2.17 90 .89 0
01:59 725.42 -2.11 90 .89 0
02:00 725.68 -2.11 90 .45 0
02:01 725.42 -2.17 90 .45 0
02:02 725.68 -2.17 90 1.34 0
02:03 725.68 -2.11 90 0 0
02:04 725.68 -2.11 90 .89 0
02:05 725.68 -2.11 90 1.34 0
02:06 725.68 -2.17 90 .45 0
02:07 725.42 -2.11 90 1.34 0
02:08 725.68 -2.17 90 .89 0
02:09 725.68 -2.17 90 .89 0
02:10 725.68 -2.11 90 .45 0
02:11 725.68 -2.11 90 .45 0
02:12 725.68 -2.17 90 0 0
02:13 725.68 -2.17 90 .45 0
02:14 725.68 -2.11 90 .45 0
02:15 725.68 -2.17 90 0 0
02:16 725.68 -2.17 90 1.79 0
02:17 725.68 -2.11 90 1.34 0
02:18 725.68 -2.17 90 0 0
02:19 725.68 -2.17 90 .89 0
02:20 725.68 -2.11 90 0 0
02:21 725.68 -2.11 90 .45 0
02:22 725.68 -2.11 90 1.34 0
02:23 725.68 -2.11 90 .89 0
02:24 725.68 -2.17 90 .45 0
02:25 725.68 -2.17 90 0 0
02:26 725.93 -2.11 90 0 0
02:27 725.93 -2.17 90 .45 0
02:28 725.93 -2.17 90 .45 0
02:29 725.93 -2.11 90 0 0
02:30 725.93 -2.17 90 0 0
02:31 725.93 -2.17 90 .45 0
02:32 725.93 -2.11 90 .45 0
02:33 725.93 -2.11 90 0 0
02:34 725.93 -2.17 90 .45 0
02:35 725.93 -2.17 90 .45 0
02:36 725.93 -2.17 90 0 0
02:37 725.93 -2.17 90 0 0
02:38 726.19 -2.17 90 0 0
02:39 726.19 -2.17 90 0 0
02:40 726.19 -2.17 90 .45 0
02:41 726.19 -2.17 90 .45 0
02:42 725.93 -2.17 90 .45 0
02:43 726.19 -2.11 90 .45 0
02:44 726.19 -2.17 90 0 0
02:45 726.19 -2.11 90 0 0
02:46 726.19 -2.17 90 0 0
02:47 726.19 -2.17 90 0 0
02:48 726.19 -2.17 90 .45 0
02:49 726.19 -2.17 90 0 0
02:50 726.19 -2.17 90 .45 0
02:51 726.19 -2.17 90 .45 0
02:52 726.19 -2.17 90 0 0
02:53 726.19 -2.11 90 .45 0
02:54 726.19 -2.17 90 0 0
02:55 726.19 -2.17 90 .45 0
02:56 726.19 -2.11 90 .45 0
02:57 726.19 -2.17 90 .45 0
02:58 726.19 -2.17 90 0 0
02:59 726.19 -2.17 90 0 0
03:00 726.19 -2.11 90 .45 0
03:01 726.19 -2.17 90 .45 0
03:02 726.19 -2.11 90 0 0
03:03 726.19 -2.11 90 0 0
03:04 726.44 -2.11 90 0 0
03:05 726.44 -2.11 90 0 0
03:06 726.44 -2.11 90 0 0
03:07 726.44 -2.11 90 .45 0
03:08 726.44 -2.11 90 0 0
03:09 726.44 -2.06 90 0 0
03:10 726.44 -2.06 90 0 0
03:11 726.44 -2.06 91 0 0
03:12 726.44 -2.06 90 0 0
03:13 726.44 -2.11 91 0 0
03:14 726.44 -2.11 90 0 0
03:15 726.44 -2.06 91 0 0
03:16 726.44 -2.11 90 0 0
03:17 726.44 -2.06 90 0 0
03:18 726.44 -2.11 90 0 0
03:19 726.44 -2.11 90 0 0
03:20 726.44 -2.11 90 0 0
03:21 726.44 -2.11 90 0 0
03:22 726.44 -2.17 90 0 0
03:23 726.44 -2.17 90 0 0
03:24 726.44 -2.17 90 0 0
03:25 726.69 -2.17 90 0 0
03:26 726.44 -2.17 90 0 0
03:27 726.44 -2.17 90 0 0
03:28 726.44 -2.22 90 0 0
03:29 726.44 -2.22 90 0 0
03:30 726.44 -2.28 90 0 0
03:31 726.69 -2.28 90 0 0
03:32 726.69 -2.28 90 0 0
03:33 726.69 -2.28 90 0 0
03:34 726.69 -2.28 90 0 0
03:35 726.69 -2.28 90 0 0
03:36 726.69 -2.33 90 0 0
03:37 726.69 -2.33 90 0 0
03:38 726.69 -2.33 90 0 0
03:39 726.69 -2.33 90 0 0
03:40 726.69 -2.33 90 0 0
03:41 726.69 -2.33 90 0 0
03:42 726.69 -2.33 90 0 0
03:43 726.69 -2.33 90 .45 0
03:44 726.69 -2.33 90 .45 0
03:45 726.69 -2.33 90 .45 0
03:46 726.69 -2.33 90 .45 0
03:47 726.69 -2.39 90 .45 0
03:48 726.69 -2.33 90 .45 0
03:49 726.95 -2.33 90 .89 0
03:50 726.95 -2.33 90 .89 0
03:51 726.95 -2.39 90 .89 0
03:52 726.95 -2.39 90 0 0
03:53 726.95 -2.39 91 0 0
03:54 726.95 -2.39 90 .45 0
03:55 726.95 -2.39 91 .45 0
03:56 726.95 -2.39 91 .45 0
03:57 726.95 -2.44 91 .45 0
03:58 726.95 -2.39 91 .89 0
03:59 726.95 -2.39 91 .45 0
04:00 726.95 -2.44 91 .45 0
04:01 726.95 -2.44 91 .45 0
04:02 726.95 -2.44 91 .89 0
04:03 727.2 -2.44 91 .89 0
04:04 726.95 -2.44 91 .89 0
04:05 726.95 -2.44 90 .89 0
04:06 727.2 -2.5 91 .89 0
04:07 727.2 -2.44 90 .45 0
04:08 727.2 -2.5 90 .45 0
04:09 727.2 -2.5 90 1.34 0
04:10 727.2 -2.5 90 .89 0
04:11 727.2 -2.5 90 .89 0
04:12 727.2 -2.5 90 .89 0
04:13 727.2 -2.5 91 .45 0
04:14 727.2 -2.56 90 .45 0
04:15 727.2 -2.5 91 1.34 0
04:16 727.46 -2.5 91 .89 0
04:17 727.2 -2.5 91 .89 0
04:18 727.2 -2.5 91 .45 0
04:19 727.2 -2.5 91 .45 0
04:20 727.2 -2.5 91 .45 0
04:21 727.2 -2.5 91 .45 0
04:22 727.46 -2.5 91 .89 0
04:23 727.46 -2.5 91 .45 0
04:24 727.46 -2.5 91 0 0
04:25 727.46 -2.5 91 .45 0
04:26 727.46 -2.5 91 0 0
04:27 727.46 -2.5 91 .89 0
04:28 727.46 -2.5 91 .89 0
04:29 727.46 -2.5 91 .89 0
04:30 727.46 -2.5 91 .45 0
04:31 727.46 -2.5 91 .45 0
04:32 727.46 -2.56 91 0 0
04:33 727.46 -2.5 91 0 0
04:34 727.46 -2.56 91 0 0
04:35 727.46 -2.5 91 .45 0
04:36 727.46 -2.56 91 0 0
04:37 727.46 -2.56 91 .45 0
04:38 727.46 -2.56 91 1.34 0
04:39 727.71 -2.56 91 .89 0
04:40 727.46 -2.5 91 .89 0
04:41 727.46 -2.5 91 .89 0
04:42 727.71 -2.56 91 1.34 0
04:43 727.46 -2.5 91 .89 0
04:44 727.46 -2.5 91 .45 0
04:45 727.71 -2.5 91 .45 0
04:46 727.71 -2.5 91 .45 0
04:47 727.71 -2.5 91 1.34 0
04:48 727.71 -2.5 91 1.34 0
04:49 727.71 -2.44 91 2.24 0
04:50 727.71 -2.44 91 2.68 0
04:51 727.71 -2.44 91 3.58 0
04:52 727.71 -2.44 91 2.24 0
04:53 727.71 -2.39 91 2.68 0
04:54 727.71 -2.39 91 4.02 0
04:55 727.71 -2.39 91 1.79 0
04:56 727.71 -2.39 91 2.24 0
04:57 727.96 -2.33 91 1.79 0
04:58 727.96 -2.33 91 2.24 0
04:59 727.96 -2.33 91 3.58 0
05:00 727.96 -2.39 91 4.02 0
05:01 727.96 -2.33 91 3.58 0
05:02 727.96 -2.33 91 4.47 0
05:03 727.96 -2.33 91 5.36 0
05:04 727.96 -2.33 91 4.47 0
05:05 727.96 -2.28 91 3.58 0
05:06 727.96 -2.33 91 3.58 0
05:07 727.96 -2.33 91 1.79 0
05:08 727.96 -2.33 91 3.58 0
05:09 727.96 -2.33 91 5.36 0
05:10 727.96 -2.33 91 3.58 0
05:11 727.96 -2.33 91 4.47 0
05:12 727.96 -2.33 91 4.47 0
05:13 727.96 -2.33 91 4.92 0
05:14 727.96 -2.33 91 4.92 0
05:15 727.96 -2.39 91 4.92 0
05:16 727.96 -2.33 91 6.26 0
05:17 728.22 -2.33 91 2.68 0
05:18 728.22 -2.33 91 4.92 0
05:19 728.22 -2.33 91 5.36 0
05:20 728.22 -2.33 91 3.58 0
05:21 728.22 -2.33 91 7.6 0
05:22 728.22 -2.33 91 4.47 0
05:23 728.22 -2.33 91 5.81 0
05:24 728.22 -2.33 91 4.02 0
05:25 728.22 -2.33 91 4.92 0
05:26 728.22 -2.33 91 4.47 0
05:27 728.22 -2.33 91 4.92 0
05:28 728.22 -2.33 91 4.02 0
05:29 728.22 -2.33 91 4.47 0
05:30 728.22 -2.33 91 3.58 0
05:31 728.47 -2.39 91 3.58 0
05:32 728.47 -2.33 91 3.58 0
05:33 728.47 -2.33 91 4.02 0
05:34 728.47 -2.33 91 4.92 0
05:35 728.47 -2.33 91 4.47 0
05:36 728.47 -2.39 91 1.79 0
05:37 728.47 -2.33 91 4.47 0
05:38 728.47 -2.39 91 2.68 0
05:39 728.47 -2.39 91 1.79 0
05:40 728.47 -2.39 91 4.47 0
05:41 728.47 -2.39 91 4.47 0
05:42 728.47 -2.39 91 3.58 0
05:43 728.47 -2.44 91 4.02 0
05:44 728.47 -2.44 91 4.02 0
05:45 728.47 -2.44 91 1.79 0
05:46 728.47 -2.44 91 4.02 0
05:47 728.73 -2.44 91 4.47 0
05:48 728.73 -2.44 91 4.47 0
05:49 728.73 -2.44 91 3.58 0
05:50 728.73 -2.44 91 2.24 0
05:51 728.73 -2.5 91 3.58 0
05:52 728.73 -2.5 91 4.47 0
05:53 728.73 -2.5 91 5.81 0
05:54 728.73 -2.5 91 4.92 0
05:55 728.73 -2.56 91 6.26 0
05:56 728.98 -2.56 91 4.92 0
05:57 728.98 -2.56 91 4.02 0
05:58 728.98 -2.56 91 3.58 0
05:59 728.98 -2.61 91 2.68 0
06:00 728.98 -2.56 91 3.58 0
06:01 728.98 -2.56 91 4.02 0
06:02 728.98 -2.56 91 5.81 0
06:03 728.98 -2.61 91 4.92 0
06:04 728.98 -2.61 91 3.58 0
06:05 728.98 -2.61 91 4.92 0
06:06 728.98 -2.61 91 4.92 0
06:07 728.98 -2.61 91 5.81 0
06:08 728.98 -2.61 91 4.02 0
06:09 728.98 -2.61 91 3.58 0
06:10 728.98 -2.67 91 5.36 0
06:11 728.98 -2.67 91 3.58 0
06:12 729.23 -2.61 91 4.92 0
06:13 729.23 -2.67 91 4.47 0
06:14 729.23 -2.61 91 3.58 0
06:15 729.23 -2.67 91 2.24 0
06:16 729.23 -2.67 91 3.58 0
06:17 729.23 -2.67 91 4.47 0
06:18 729.23 -2.67 91 3.58 0
06:19 729.23 -2.67 91 3.58 0
06:20 729.23 -2.67 91 2.68 0
06:21 729.23 -2.67 91 3.58 0
06:22 729.23 -2.67 91 2.68 0
06:23 729.23 -2.67 91 4.47 0
06:24 729.23 -2.67 91 4.92 0
06:25 729.23 -2.67 91 4.92 0
06:26 729.23 -2.67 91 3.58 0
06:27 729.49 -2.67 91 4.47 0
06:28 729.49 -2.72 91 4.02 0
06:29 729.49 -2.67 91 3.58 0
06:30 729.49 -2.67 91 4.92 0
06:31 729.49 -2.67 91 4.02 0
06:32 729.49 -2.72 91 5.36 0
06:33 729.49 -2.72 91 4.02 0
06:34 729.49 -2.67 91 5.36 0
06:35 729.49 -2.67 91 3.58 0
06:36 729.49 -2.67 91 4.92 0
06:37 729.49 -2.67 91 6.26 0
06:38 729.49 -2.67 91 4.47 0
06:39 729.49 -2.67 91 4.02 0
06:40 729.49 -2.67 91 5.36 0
06:41 729.49 -2.67 91 4.47 0
06:42 729.49 -2.67 91 8.05 0
06:43 729.49 -2.72 91 6.26 0
06:44 729.49 -2.72 91 4.47 0
06:45 729.74 -2.67 91 6.26 0
06:46 729.74 -2.67 91 4.92 0
06:47 729.74 -2.67 91 5.36 0
06:48 729.74 -2.72 91 3.58 0
06:49 729.74 -2.67 91 6.26 0
06:50 729.74 -2.72 91 6.26 0
06:51 729.74 -2.72 91 7.6 0
06:52 729.74 -2.72 91 4.92 0
06:53 729.74 -2.72 91 2.68 0
06:54 729.74 -2.72 91 5.81 0
06:55 730 -2.72 91 4.47 0
06:56 730 -2.72 91 5.36 0
06:57 730 -2.72 91 5.81 0
06:58 730 -2.72 91 5.36 0
06:59 730 -2.72 91 4.92 0
07:00 730 -2.72 91 4.47 0
07:01 730 -2.72 91 3.58 0
07:02 730 -2.72 91 5.36 0
07:03 730 -2.72 91 4.92 0
07:04 730 -2.72 91 6.26 0
07:05 730 -2.78 91 3.58 0
07:06 730 -2.78 91 4.92 0
07:07 730 -2.78 91 2.24 0
07:08 730 -2.72 91 2.68 0
07:09 730 -2.78 91 4.92 0
07:10 730 -2.78 91 5.36 0
07:11 730.25 -2.78 91 5.36 0
07:12 730.25 -2.78 90 4.47 0
07:13 730.25 -2.78 91 5.36 0
07:14 730.25 -2.78 91 4.47 0
07:15 730.25 -2.78 90 2.24 0
07:16 730.25 -2.78 90 4.47 0
07:17 730.25 -2.78 91 4.02 0
07:18 730.25 -2.83 90 4.47 0
07:19 730.25 -2.83 90 1.79 0
07:20 730.5 -2.78 90 1.79 0
07:21 730.25 -2.83 90 4.02 0
07:22 730.5 -2.83 91 4.47 0
07:23 730.5 -2.83 91 3.13 0
07:24 730.5 -2.83 91 4.92 0
07:25 730.5 -2.83 91 4.02 0
07:26 730.5 -2.83 91 3.58 0
07:27 730.5 -2.83 91 4.47 0
07:28 730.5 -2.83 91 3.58 0
07:29 730.5 -2.83 91 3.58 0
07:30 730.5 -2.83 91 3.58 0
07:31 730.76 -2.89 91 4.02 0
07:32 730.76 -2.89 91 4.02 0
07:33 730.76 -2.83 91 4.47 0
07:34 730.76 -2.83 91 3.58 0
07:35 730.76 -2.89 91 6.26 0
07:36 730.76 -2.83 91 5.36 0
07:37 730.76 -2.83 91 5.81 0
07:38 730.76 -2.83 91 7.15 0
07:39 730.76 -2.83 91 4.47 0
07:40 730.76 -2.83 91 4.47 0
07:41 730.76 -2.83 91 4.02 0
07:42 730.76 -2.83 91 6.71 0
07:43 730.76 -2.83 91 4.47 0
07:44 731.01 -2.83 91 5.36 0
07:45 731.01 -2.83 91 6.71 0
07:46 731.01 -2.83 91 6.71 0
07:47 731.01 -2.89 91 6.71 0
07:48 731.01 -2.83 91 7.6 0
07:49 731.01 -2.83 91 2.68 0
07:50 731.01 -2.83 91 4.02 0
07:51 731.01 -2.83 91 4.92 0
07:52 731.01 -2.83 90 4.92 0
07:53 731.01 -2.83 90 5.36 0
07:54 731.01 -2.83 90 4.92 0
07:55 731.01 -2.83 90 4.47 0
07:56 731.01 -2.83 90 4.47 0
07:57 731.27 -2.83 90 5.81 0
07:58 731.27 -2.83 90 4.02 0
07:59 731.27 -2.89 90 5.36 0
08:00 731.27 -2.83 90 3.58 0
08:01 731.27 -2.83 90 7.15 0
08:02 731.27 -2.89 90 3.58 0
08:03 731.27 -2.83 90 5.36 0
08:04 731.27 -2.83 90 5.36 0
08:05 731.52 -2.89 90 6.71 0
08:06 731.52 -2.83 90 6.26 0
08:07 731.52 -2.89 90 4.47 0
08:08 731.52 -2.89 90 3.58 0
08:09 731.52 -2.89 90 4.92 0
08:10 731.52 -2.89 90 4.92 0
08:11 731.52 -2.89 90 3.58 0
08:12 731.52 -2.89 90 6.26 0
08:13 731.52 -2.89 90 4.92 0
08:14 731.52 -2.89 90 3.58 0
08:15 731.52 -2.89 90 5.36 0
08:16 731.52 -2.89 90 5.36 0
08:17 731.52 -2.89 90 6.26 0
08:18 731.52 -2.89 90 4.92 0
08:19 731.77 -2.89 90 5.36 0
08:20 731.77 -2.89 90 2.68 0
08:21 731.77 -2.89 90 4.02 0
08:22 731.77 -2.89 90 5.36 0
08:23 731.77 -2.89 90 6.71 0
08:24 731.77 -2.89 90 4.92 0
08:25 731.77 -2.89 90 3.58 0
08:26 731.77 -2.89 90 5.81 0
08:27 731.77 -2.94 90 3.13 0
08:28 731.77 -2.94 90 4.47 0
08:29 732.03 -2.94 90 4.47 0
08:30 732.03 -2.89 90 5.36 0
08:31 732.03 -2.94 90 4.47 0
08:32 732.03 -2.94 90 6.26 0
08:33 732.03 -2.94 90 7.6 0
08:34 732.03 -2.94 90 6.26 0
08:35 732.03 -2.89 90 4.02 0
08:36 732.03 -2.94 90 5.36 0
08:37 732.03 -2.94 90 3.13 0
08:38 732.03 -2.89 90 5.36 0
08:39 732.03 -2.94 90 4.92 0
08:40 732.03 -2.94 90 4.47 0
08:41 732.03 -2.94 90 4.02 0
08:42 732.03 -2.94 90 4.92 0
08:43 732.03 -2.94 90 4.92 0
08:44 732.03 -2.94 90 4.92 0
08:45 732.03 -2.94 90 5.36 0
08:46 732.28 -3 90 2.68 0
08:47 732.03 -3 90 5.36 0
08:48 732.28 -3 90 3.58 0
08:49 732.28 -3 90 4.02 0
08:50 732.28 -3 90 4.92 0
08:51 732.28 -3 90 5.36 0
08:52 732.28 -3 90 4.47 0
08:53 732.28 -3 90 6.71 0
08:54 732.28 -3 90 4.92 0
08:55 732.28 -3 90 6.26 0
08:56 732.28 -3 90 4.47 0
08:57 732.54 -3 90 4.02 0
08:58 732.54 -3 90 4.02 0
08:59 732.54 -3 90 5.81 0
09:00 732.54 -3.06 90 7.15 0
09:01 732.54 -3.06 90 3.58 0
09:02 732.54 -3.06 90 4.02 0
09:03 732.79 -3.06 90 4.47 0
09:04 732.79 -3.11 90 4.47 0
09:05 732.79 -3.11 90 5.81 0
09:06 732.79 -3.17 90 4.92 0
09:07 732.54 -3.17 90 4.92 0
09:08 732.79 -3.22 90 5.36 0
09:09 732.79 -3.28 90 4.02 0
09:10 732.79 -3.28 90 3.58 0
09:11 732.79 -3.28 90 2.24 0
09:12 732.79 -3.33 90 6.26 0
09:13 732.79 -3.33 90 5.81 0
09:14 732.79 -3.39 90 5.81 0
09:15 732.79 -3.44 90 4.92 0
09:16 732.79 -3.44 90 3.58 0
09:17 732.79 -3.44 90 5.81 0
09:18 733.04 -3.5 90 8.94 0
09:19 733.04 -3.5 90 4.92 0
09:20 733.04 -3.5 90 6.71 0
09:21 733.04 -3.5 90 5.36 0
09:22 733.04 -3.56 90 7.6 0
09:23 733.04 -3.56 90 6.26 0
09:24 733.04 -3.61 90 6.26 0
09:25 733.04 -3.61 90 6.26 0
09:26 733.04 -3.61 90 6.71 0
09:27 733.04 -3.61 90 4.02 0
09:28 733.04 -3.61 90 6.71 0
09:29 733.04 -3.61 90 8.05 0
09:30 733.3 -3.67 90 6.26 0
09:31 733.04 -3.72 90 7.6 0
09:32 733.04 -3.72 90 8.05 0
09:33 733.3 -3.67 90 5.36 0
09:34 733.3 -3.72 90 5.81 0
09:35 733.3 -3.72 90 5.81 0
09:36 733.3 -3.72 90 6.71 0
09:37 733.3 -3.72 90 7.15 0
09:38 733.3 -3.78 90 3.58 0
09:39 733.3 -3.78 90 5.36 0
09:40 733.3 -3.78 90 7.6 0
09:41 733.3 -3.78 90 4.47 0
09:42 733.3 -3.78 89 4.92 0
09:43 733.55 -3.83 89 5.36 0
09:44 733.3 -3.83 90 8.49 0
09:45 733.3 -3.83 90 8.94 0
09:46 733.55 -3.89 90 3.58 0
09:47 733.55 -3.89 89 6.26 0
09:48 733.55 -3.89 89 5.36 0
09:49 733.55 -3.89 89 4.92 0
09:50 733.55 -3.94 89 6.71 0
09:51 733.55 -3.94 89 4.47 0
09:52 733.55 -3.94 89 8.94 0
09:53 733.55 -4 89 6.71 0
09:54 733.55 -4 89 6.26 0
09:55 733.55 -4.06 89 7.15 0
09:56 733.55 -4.06 89 5.81 0
09:57 733.55 -4.06 89 8.49 0
09:58 733.55 -4.11 89 8.49 0
09:59 733.55 -4.11 89 6.26 0
10:00 733.55 -4.11 89 6.71 0
10:01 733.81 -4.11 89 4.92 0
10:02 733.81 -4.11 89 6.26 0
10:03 733.81 -4.17 89 5.81 0
10:04 733.81 -4.17 89 6.26 0
10:05 733.81 -4.17 89 7.6 0
10:06 733.81 -4.17 89 7.15 0
10:07 733.81 -4.22 89 4.47 0
10:08 733.81 -4.22 89 3.58 0
10:09 733.81 -4.22 89 6.71 0
10:10 733.81 -4.28 89 7.6 0
10:11 733.81 -4.22 88 5.36 0
10:12 734.06 -4.22 89 4.02 0
10:13 733.81 -4.22 88 5.81 0
10:14 733.81 -4.22 88 8.05 0
10:15 734.06 -4.28 88 6.71 0
10:16 734.06 -4.22 88 5.81 0
10:17 734.06 -4.28 88 8.05 0
10:18 734.06 -4.28 88 6.26 0
10:19 734.06 -4.33 88 6.71 0
10:20 734.06 -4.33 88 8.49 0
10:21 734.06 -4.33 88 9.83 0
10:22 734.06 -4.33 88 8.05 0
10:23 734.06 -4.33 88 5.36 0
10:24 734.06 -4.39 88 6.26 0
10:25 734.06 -4.33 88 7.15 0
10:26 734.06 -4.39 88 8.49 0
10:27 734.31 -4.44 88 9.83 0
10:28 734.06 -4.44 88 7.6 0
10:29 734.31 -4.44 88 5.81 0
10:30 734.31 -4.44 88 9.83 0
10:31 734.31 -4.5 87 7.15 0
10:32 734.31 -4.5 87 5.81 0
10:33 734.31 -4.5 87 7.6 0
10:34 734.31 -4.5 87 6.26 0
10:35 734.31 -4.5 87 6.26 0
10:36 734.31 -4.56 87 9.39 0
10:37 734.31 -4.56 87 7.15 0
10:38 734.31 -4.56 87 5.81 0
10:39 734.31 -4.56 87 7.15 0
10:40 734.31 -4.61 87 8.05 0
10:41 734.31 -4.61 87 5.81 0
10:42 734.31 -4.61 87 8.05 0
10:43 734.31 -4.61 87 5.36 0
10:44 734.31 -4.67 87 4.47 0
10:45 734.57 -4.67 87 4.02 0
10:46 734.31 -4.67 87 8.05 0
10:47 734.31 -4.67 87 5.81 0
10:48 734.57 -4.67 87 7.15 0
10:49 734.57 -4.67 87 4.47 0
10:50 734.57 -4.67 87 7.6 0
10:51 734.57 -4.67 87 7.15 0
10:52 734.57 -4.67 87 7.6 0
10:53 734.57 -4.72 87 7.6 0
10:54 734.57 -4.72 87 4.92 0
10:55 734.57 -4.72 87 7.6 0
10:56 734.57 -4.72 87 6.26 0
10:57 734.82 -4.78 87 4.92 0
10:58 734.82 -4.72 87 4.02 0
10:59 734.82 -4.78 87 7.6 0
11:00 734.82 -4.78 87 5.36 0
11:01 734.82 -4.78 87 6.71 0
11:02 734.82 -4.78 87 4.92 0
11:03 734.82 -4.78 87 4.47 0
11:04 734.82 -4.83 87 8.05 0
11:05 734.82 -4.83 87 8.49 0
11:06 734.82 -4.83 87 4.47 0
11:07 734.82 -4.83 87 5.36 0
11:08 734.82 -4.83 87 8.05 0
11:09 734.82 -4.83 87 2.24 0
11:10 734.82 -4.83 87 8.49 0
11:11 734.82 -4.83 87 7.15 0
11:12 735.08 -4.89 87 6.26 0
11:13 735.08 -4.89 86 7.6 0
11:14 735.08 -4.89 86 4.02 0
11:15 735.08 -4.89 86 6.71 0
11:16 735.08 -4.89 86 8.49 0
11:17 735.08 -4.89 86 6.26 0
11:18 735.08 -4.89 86 6.26 0
11:19 735.08 -4.89 86 6.26 0
11:20 735.08 -4.94 86 7.15 0
11:21 735.33 -4.94 86 4.47 0
11:22 735.33 -4.94 86 5.36 0
11:23 735.33 -4.94 86 6.71 0
11:24 735.33 -4.94 86 5.81 0
11:25 735.33 -4.94 86 7.6 0
11:26 735.33 -4.94 86 7.15 0
11:27 735.33 -4.94 86 4.02 0
11:28 735.33 -4.94 86 10.28 0
11:29 735.33 -4.94 86 7.6 0
11:30 735.33 -5 86 6.26 0
11:31 735.33 -5 86 4.92 0
11:32 735.58 -5 86 4.92 0
11:33 735.58 -5 85 5.36 0
11:34 735.58 -5 85 5.36 0
11:35 735.58 -5 85 3.58 0
11:36 735.58 -5 85 4.92 0
11:37 735.58 -5 85 4.92 0
11:38 735.58 -5 85 4.47 0
11:39 735.58 -5 85 3.58 0
11:40 735.58 -5 85 6.26 0
11:41 735.58 -5 85 4.92 0
11:42 735.58 -5 85 7.6 0
11:43 735.58 -5.06 85 6.26 0
11:44 735.84 -5 85 5.36 0
11:45 735.84 -5 85 6.71 0
11:46 735.84 -5.06 85 5.81 0
11:47 735.84 -5.06 85 5.81 0
11:48 735.84 -5.06 85 7.15 0
11:49 735.84 -5.06 85 11.18 0
11:50 735.84 -5.11 85 5.81 0
11:51 735.84 -5.11 84 7.15 0
11:52 735.84 -5.11 84 4.47 0
11:53 735.84 -5.11 84 5.81 0
11:54 735.84 -5.11 84 4.47 0
11:55 735.84 -5.17 84 8.94 0
11:56 735.84 -5.11 84 7.6 0
11:57 735.84 -5.11 84 5.81 0
11:58 736.09 -5.11 84 6.71 0
11:59 736.09 -5.11 84 8.49 0
12:00 735.84 -5.17 84 8.05 0
12:01 735.84 -5.17 83 5.81 0
12:02 736.09 -5.11 83 7.15 0
12:03 736.09 -5.11 83 6.26 0
12:04 736.09 -5.11 83 4.92 0
12:05 736.09 -5.11 83 4.47 0
12:06 736.09 -5.11 83 7.15 0
12:07 736.09 -5.11 83 3.58 0
12:08 736.09 -5.11 83 4.92 0
12:09 736.09 -5.11 83 8.49 0
12:10 736.09 -5.11 83 9.83 0
12:11 736.09 -5.17 83 8.94 0
12:12 736.09 -5.17 83 6.71 0
12:13 736.09 -5.17 82 11.18 0
12:14 736.09 -5.17 82 7.6 0
12:15 736.09 -5.17 82 7.15 0
12:16 736.09 -5.17 82 7.6 0
12:17 736.35 -5.22 82 6.26 0
12:18 736.35 -5.17 82 5.36 0
12:19 736.35 -5.17 82 4.92 0
12:20 736.35 -5.17 82 4.92 0
12:21 736.35 -5.17 82 4.47 0
12:22 736.35 -5.17 82 9.83 0
12:23 736.35 -5.17 82 7.6 0
12:24 736.35 -5.22 82 6.71 0
12:25 736.35 -5.22 81 9.39 0
12:26 736.35 -5.22 81 7.15 0
12:27 736.6 -5.22 81 8.49 0
12:28 736.6 -5.22 81 8.49 0
12:29 736.35 -5.28 81 7.6 0
12:30 736.6 -5.28 80 8.49 0
12:31 736.6 -5.28 80 7.6 0
12:32 736.6 -5.22 80 6.71 0
12:33 736.6 -5.22 80 6.71 0
12:34 736.6 -5.22 80 7.15 0
12:35 736.6 -5.22 79 8.05 0
12:36 736.6 -5.28 79 8.94 0
12:37 736.6 -5.28 79 7.6 0
12:38 736.6 -5.28 79 5.81 0
12:39 736.6 -5.28 79 5.81 0
12:40 736.6 -5.28 79 6.71 0
12:41 736.6 -5.28 79 5.36 0
12:42 736.6 -5.28 80 6.71 0
12:43 736.85 -5.28 80 4.47 0
12:44 736.85 -5.28 79 9.39 0
12:45 736.85 -5.28 79 4.92 0
12:46 736.85 -5.33 79 7.6 0
12:47 736.85 -5.28 79 5.81 0
12:48 736.85 -5.28 79 8.94 0
12:49 736.85 -5.28 79 4.92 0
12:50 736.85 -5.28 79 8.05 0
12:51 736.85 -5.28 79 8.49 0
12:52 736.85 -5.28 79 7.15 0
12:53 736.85 -5.28 79 8.05 0
12:54 736.85 -5.28 79 5.36 0
12:55 737.11 -5.28 79 4.47 0
12:56 736.85 -5.28 79 7.15 0
12:57 737.11 -5.28 79 8.49 0
12:58 737.11 -5.28 79 4.92 0
12:59 737.11 -5.28 79 6.71 0
13:00 737.11 -5.28 79 6.26 0
13:01 737.11 -5.28 79 4.47 0
13:02 737.11 -5.28 79 5.81 0
13:03 737.11 -5.33 79 6.26 0
13:04 737.11 -5.33 79 6.71 0
13:05 737.11 -5.28 79 6.71 0
13:06 737.11 -5.33 79 4.92 0
13:07 737.11 -5.33 79 2.68 0
13:08 737.11 -5.33 79 4.92 0
13:09 737.11 -5.33 79 8.94 0
13:10 737.36 -5.33 78 4.92 0
13:11 737.36 -5.39 78 9.39 0
13:12 737.36 -5.39 78 6.71 0
13:13 737.36 -5.39 78 5.81 0
13:14 737.36 -5.44 78 6.26 0
13:15 737.36 -5.44 78 4.92 0
13:16 737.36 -5.39 78 4.02 0
13:17 737.36 -5.44 78 5.36 0
13:18 737.36 -5.39 78 4.02 0
13:19 737.36 -5.39 79 5.81 0
13:20 737.36 -5.44 79 4.92 0
13:21 737.36 -5.44 78 6.71 0
13:22 737.36 -5.44 78 5.36 0
13:23 737.36 -5.44 78 4.47 0
13:24 737.36 -5.44 79 4.02 0
13:25 737.36 -5.44 79 4.47 0
13:26 737.36 -5.44 79 3.58 0
13:27 737.36 -5.44 79 5.36 0
13:28 737.36 -5.44 79 4.92 0
13:29 737.36 -5.44 79 2.68 0
13:30 737.62 -5.44 79 4.92 0
13:31 737.62 -5.39 79 7.15 0
13:32 737.62 -5.44 79 4.47 0
13:33 737.62 -5.44 79 4.92 0
13:34 737.62 -5.44 79 5.81 0
13:35 737.62 -5.44 79 6.26 0
13:36 737.62 -5.44 78 6.26 0
13:37 737.62 -5.5 78 3.58 0
13:38 737.62 -5.5 78 3.58 0
13:39 737.62 -5.5 79 6.71 0
13:40 737.62 -5.5 78 6.71 0
13:41 737.62 -5.56 78 6.71 0
13:42 737.62 -5.5 78 7.6 0
13:43 737.62 -5.56 78 4.47 0
13:44 737.62 -5.56 78 3.58 0
13:45 737.87 -5.56 79 5.36 0
13:46 737.87 -5.56 79 5.36 0
13:47 737.87 -5.56 79 4.47 0
13:48 737.87 -5.56 79 5.81 0
13:49 737.87 -5.56 79 6.26 0
13:50 737.87 -5.56 79 3.58 0
13:51 737.87 -5.56 79 5.36 0
13:52 737.87 -5.56 79 4.02 0
13:53 737.87 -5.56 79 4.47 0
13:54 737.87 -5.56 80 4.47 0
13:55 737.87 -5.56 80 4.92 0
13:56 737.87 -5.56 80 4.47 0
13:57 737.87 -5.56 80 4.92 0
13:58 737.87 -5.56 80 4.92 0
13:59 737.87 -5.56 80 6.26 0
14:00 737.87 -5.56 79 4.02 0
14:01 737.87 -5.56 79 4.02 0
14:02 737.87 -5.56 79 4.47 0
14:03 737.87 -5.56 80 4.02 0
14:04 738.12 -5.56 80 4.47 0
14:05 738.12 -5.56 80 5.36 0
14:06 738.12 -5.61 79 4.92 0
14:07 738.12 -5.61 79 6.26 0
14:08 738.12 -5.67 79 4.92 0
14:09 738.12 -5.67 79 4.92 0
14:10 738.12 -5.67 79 6.26 0
14:11 738.12 -5.61 79 4.02 0
14:12 738.12 -5.67 79 4.47 0
14:13 738.12 -5.67 79 5.36 0
14:14 738.12 -5.67 79 4.92 0
14:15 738.38 -5.67 79 5.81 0
14:16 738.38 -5.67 79 6.26 0
14:17 738.12 -5.72 79 4.92 0
14:18 738.38 -5.72 79 3.58 0
14:19 738.38 -5.72 79 2.68 0
14:20 738.38 -5.72 79 6.26 0
14:21 738.38 -5.67 79 6.71 0
14:22 738.38 -5.72 79 4.47 0
14:23 738.38 -5.72 79 3.58 0
14:24 738.38 -5.72 79 5.36 0
14:25 738.38 -5.78 79 5.36 0
14:26 738.38 -5.78 78 4.02 0
14:27 738.63 -5.78 79 5.81 0
14:28 738.38 -5.78 79 5.81 0
14:29 738.63 -5.78 78 4.02 0
14:30 738.63 -5.78 78 4.47 0
14:31 738.63 -5.78 78 4.02 0
14:32 738.63 -5.78 78 5.81 0
14:33 738.63 -5.83 78 3.13 0
14:34 738.63 -5.83 78 5.36 0
14:35 738.63 -5.83 77 4.47 0
14:36 738.63 -5.78 77 3.58 0
14:37 738.89 -5.78 78 1.79 0
14:38 738.89 -5.78 78 5.36 0
14:39 738.89 -5.78 78 4.92 0
14:40 738.89 -5.83 78 6.26 0
14:41 738.89 -5.83 78 5.36 0
14:42 738.89 -5.83 78 6.71 0
14:43 738.89 -5.83 78 3.58 0
14:44 738.89 -5.83 78 4.02 0
14:45 738.89 -5.83 78 4.92 0
14:46 738.89 -5.83 78 5.81 0
14:47 738.89 -5.83 78 3.58 0
14:48 738.89 -5.83 78 3.58 0
14:49 738.89 -5.83 78 3.58 0
14:50 738.89 -5.89 78 5.36 0
14:51 738.89 -5.83 78 4.02 0
14:52 738.89 -5.89 78 4.92 0
14:53 738.89 -5.89 78 4.92 0
14:54 739.14 -5.89 78 2.68 0
14:55 739.14 -5.89 78 4.47 0
14:56 739.14 -5.89 78 5.81 0
14:57 739.14 -5.89 78 3.13 0
14:58 739.14 -5.89 78 4.02 0
14:59 739.14 -5.94 78 4.02 0
15:00 739.14 -5.89 78 4.47 0
15:01 739.14 -5.94 79 4.92 0
15:02 739.14 -5.94 79 3.58 0
15:03 739.14 -5.94 79 4.02 0
15:04 739.14 -5.94 79 5.81 0
15:05 739.14 -5.94 79 4.92 0
15:06 739.39 -5.94 79 4.92 0
15:07 739.39 -6 79 4.02 0
15:08 739.39 -5.94 79 4.02 0
15:09 739.39 -6 79 5.36 0
15:10 739.39 -5.94 79 4.47 0
15:11 739.39 -6 79 4.02 0
15:12 739.39 -6 79 6.26 0
15:13 739.39 -6 80 3.58 0
15:14 739.39 -6 80 4.92 0
15:15 739.39 -6.06 80 4.02 0
15:16 739.39 -6 80 6.26 0
15:17 739.39 -6 79 2.68 0
15:18 739.65 -6 79 5.36 0
15:19 739.65 -6 80 4.47 0
15:20 739.65 -6 79 6.71 0
15:21 739.65 -6 79 4.47 0
15:22 739.65 -6.06 79 6.26 0
15:23 739.65 -6 79 7.6 0
15:24 739.65 -6 79 6.71 0
15:25 739.65 -6 79 4.92 0
15:26 739.65 -6 79 5.36 0
15:27 739.65 -6 79 2.68 0
15:28 739.65 -5.94 79 2.68 0
15:29 739.65 -6 79 5.36 0
15:30 739.65 -6 79 6.26 0
15:31 739.65 -6 79 5.81 0
15:32 739.65 -6.06 79 5.36 0
15:33 739.9 -6.06 79 1.79 0
15:34 739.9 -6.06 80 2.68 0
15:35 739.9 -6.06 80 4.02 0
15:36 739.9 -6.11 80 5.36 0
15:37 739.9 -6.11 80 4.92 0
15:38 739.9 -6.06 80 4.92 0
15:39 739.9 -6.06 80 4.47 0
15:40 739.9 -6.11 80 7.6 0
15:41 739.9 -6.11 80 4.47 0
15:42 739.9 -6.11 80 4.47 0
15:43 739.9 -6.11 80 3.58 0
15:44 739.9 -6.11 80 4.02 0
15:45 739.9 -6.11 80 4.47 0
15:46 739.9 -6.11 80 5.36 0
15:47 739.9 -6.11 80 4.92 0
15:48 739.9 -6.11 80 4.47 0
15:49 739.9 -6.11 80 6.26 0
15:50 740.16 -6.11 80 4.92 0
15:51 740.16 -6.11 81 4.47 0
15:52 740.16 -6.17 81 4.02 0
15:53 740.16 -6.17 81 5.36 0
15:54 740.16 -6.17 81 3.13 0
15:55 740.16 -6.11 81 4.47 0
15:56 740.16 -6.11 81 5.36 0
15:57 740.16 -6.17 81 5.36 0
15:58 740.16 -6.17 81 3.58 0
15:59 740.16 -6.17 81 2.68 0
16:00 740.16 -6.17 81 2.24 0
16:01 740.41 -6.17 81 4.02 0
16:02 740.41 -6.17 81 4.02 0
16:03 740.41 -6.17 81 5.36 0
16:04 740.41 -6.17 81 4.47 0
16:05 740.41 -6.17 81 5.36 0
16:06 740.41 -6.17 81 4.02 0
16:07 740.41 -6.17 81 4.92 0
16:08 740.41 -6.17 80 5.36 0
16:09 740.41 -6.17 81 2.24 0
16:10 740.41 -6.17 81 3.58 0
16:11 740.41 -6.17 81 3.58 0
16:12 740.41 -6.17 81 3.58 0
16:13 740.41 -6.22 81 3.58 0
16:14 740.66 -6.22 81 3.58 0
16:15 740.66 -6.22 81 4.92 0
16:16 740.66 -6.22 81 2.68 0
16:17 740.66 -6.22 81 5.81 0
16:18 740.66 -6.22 81 4.47 0
16:19 740.66 -6.22 81 3.58 0
16:20 740.66 -6.22 81 4.02 0
16:21 740.66 -6.22 81 5.36 0
16:22 740.66 -6.22 81 2.68 0
16:23 740.66 -6.22 81 4.02 0
16:24 740.66 -6.22 81 4.47 0
16:25 740.66 -6.22 81 2.24 0
16:26 740.66 -6.28 82 5.36 0
16:27 740.66 -6.28 82 4.92 0
16:28 740.66 -6.28 82 4.47 0
16:29 740.66 -6.28 82 3.58 0
16:30 740.66 -6.28 82 3.58 0
16:31 740.66 -6.28 82 4.92 0
16:32 740.66 -6.28 82 3.58 0
16:33 740.66 -6.28 82 4.47 0
16:34 740.66 -6.28 82 4.02 0
16:35 740.66 -6.28 82 6.26 0
16:36 740.66 -6.28 82 4.47 0
16:37 740.66 -6.28 81 2.68 0
16:38 740.66 -6.28 81 3.58 0
16:39 740.92 -6.28 81 5.81 0
16:40 740.92 -6.28 81 6.26 0
16:41 740.92 -6.28 81 5.36 0
16:42 740.92 -6.28 81 6.71 0
16:43 740.92 -6.28 81 3.58 0
16:44 740.92 -6.33 81 4.02 0
16:45 740.92 -6.28 81 5.36 0
16:46 740.92 -6.28 81 5.36 0
16:47 740.92 -6.28 81 4.02 0
16:48 740.92 -6.33 81 4.92 0
16:49 740.92 -6.28 81 5.36 0
16:50 741.17 -6.33 81 5.36 0
16:51 741.17 -6.33 81 4.47 0
16:52 741.17 -6.33 80 6.26 0
16:53 741.17 -6.33 80 3.58 0
16:54 741.17 -6.33 80 4.92 0
16:55 741.17 -6.33 80 8.49 0
16:56 741.17 -6.33 79 4.92 0
16:57 741.17 -6.33 79 4.47 0
16:58 741.17 -6.33 79 5.36 0
16:59 741.17 -6.33 79 5.81 0
17:00 741.17 -6.39 79 5.81 0
17:01 741.17 -6.39 79 5.81 0
17:02 741.17 -6.39 79 4.47 0
17:03 741.17 -6.39 79 5.81 0
17:04 741.17 -6.39 79 6.26 0
17:05 741.17 -6.44 79 8.05 0
17:06 741.17 -6.44 79 5.36 0
17:07 741.17 -6.44 79 6.71 0
17:08 741.17 -6.44 79 7.6 0
17:09 741.43 -6.44 79 4.02 0
17:10 741.43 -6.44 79 4.92 0
17:11 741.43 -6.5 79 8.94 0
17:12 741.43 -6.44 79 4.47 0
17:13 741.43 -6.44 78 8.05 0
17:14 741.43 -6.39 78 6.26 0
17:15 741.43 -6.39 78 7.15 0
17:16 741.43 -6.33 78 6.71 0
17:17 741.43 -6.33 78 5.36 0
17:18 741.68 -6.39 78 6.71 0
17:19 741.68 -6.39 78 5.36 0
17:20 741.68 -6.33 78 5.36 0
17:21 741.68 -6.39 78 4.47 0
17:22 741.68 -6.39 78 4.92 0
17:23 741.68 -6.39 78 7.15 0
17:24 741.68 -6.39 78 4.02 0
17:25 741.93 -6.39 79 3.58 0
17:26 741.93 -6.39 79 4.47 0
17:27 741.93 -6.44 79 4.92 0
17:28 741.93 -6.44 79 6.71 0
17:29 741.93 -6.44 79 6.71 0
17:30 741.93 -6.44 79 5.36 0
17:31 741.93 -6.5 79 4.92 0
17:32 741.93 -6.5 79 4.02 0
17:33 741.93 -6.5 80 4.02 0
17:34 741.93 -6.5 79 3.58 0
17:35 741.93 -6.56 80 3.13 0
17:36 741.93 -6.56 80 3.58 0
17:37 741.93 -6.56 80 2.24 0
17:38 741.93 -6.56 80 5.36 0
17:39 741.93 -6.56 80 3.58 0
17:40 741.93 -6.56 80 3.13 0
17:41 742.19 -6.56 80 3.58 0
17:42 742.19 -6.61 81 2.24 0
17:43 742.19 -6.61 81 4.47 0
17:44 742.19 -6.61 81 4.47 0
17:45 741.93 -6.61 81 4.02 0
17:46 741.93 -6.61 81 2.68 0
17:47 742.19 -6.61 81 3.58 0
17:48 742.19 -6.61 81 6.71 0
17:49 742.19 -6.61 81 5.36 0
17:50 742.19 -6.61 81 5.81 0
17:51 742.19 -6.61 82 4.92 0
17:52 742.19 -6.61 82 1.79 0
17:53 742.19 -6.61 81 2.68 0
17:54 742.19 -6.61 82 5.81 0
17:55 742.19 -6.61 82 3.13 0
17:56 742.19 -6.61 82 4.47 0
17:57 742.19 -6.56 82 2.68 0
17:58 742.19 -6.61 82 4.47 0
17:59 742.19 -6.56 81 4.47 0
18:00 742.19 -6.56 81 4.92 0
18:01 742.19 -6.61 81 4.92 0
18:02 742.19 -6.61 81 2.24 0
18:03 742.44 -6.56 81 3.58 0
18:04 742.19 -6.56 81 5.81 0
18:05 742.19 -6.56 81 5.36 0
18:06 742.44 -6.56 81 4.02 0
18:07 742.44 -6.56 81 6.71 0
18:08 742.44 -6.56 81 6.26 0
18:09 742.19 -6.56 81 4.92 0
18:10 742.44 -6.56 81 5.81 0
18:11 742.44 -6.61 81 7.6 0
18:12 742.44 -6.56 81 4.92 0
18:13 742.19 -6.61 81 3.58 0
18:14 742.44 -6.56 82 4.02 0
18:15 742.44 -6.61 82 4.47 0
18:16 742.44 -6.61 82 4.47 0
18:17 742.44 -6.61 82 4.02 0
18:18 742.44 -6.61 82 6.71 0
18:19 742.44 -6.61 82 5.36 0
18:20 742.19 -6.61 82 5.36 0
18:21 742.44 -6.61 82 4.47 0
18:22 742.44 -6.61 82 4.92 0
18:23 742.44 -6.61 82 5.36 0
18:24 742.44 -6.67 82 4.92 0
18:25 742.44 -6.67 82 4.02 0
18:26 742.44 -6.67 82 4.47 0
18:27 742.44 -6.67 82 7.15 0
18:28 742.44 -6.61 82 6.26 0
18:29 742.44 -6.67 82 4.47 0
18:30 742.44 -6.67 82 3.58 0
18:31 742.44 -6.61 82 7.6 0
18:32 742.44 -6.67 82 7.6 0
18:33 742.44 -6.67 82 4.02 0
18:34 742.44 -6.67 82 5.36 0
18:35 742.44 -6.61 82 6.26 0
18:36 742.44 -6.67 82 5.81 0
18:37 742.44 -6.67 82 4.47 0
18:38 742.44 -6.67 82 4.47 0
18:39 742.44 -6.67 82 6.26 0
18:40 742.44 -6.67 82 5.81 0
18:41 742.44 -6.67 81 4.47 0
18:42 742.7 -6.72 81 2.68 0
18:43 742.7 -6.67 81 4.02 0
18:44 742.7 -6.72 81 4.92 0
18:45 742.7 -6.67 81 4.92 0
18:46 742.7 -6.67 81 5.81 0
18:47 742.7 -6.72 82 2.68 0
18:48 742.7 -6.72 82 2.68 0
18:49 742.7 -6.72 82 4.47 0
18:50 742.7 -6.72 82 4.47 0
18:51 742.7 -6.72 82 4.92 0
18:52 742.95 -6.72 82 3.58 0
18:53 742.7 -6.72 82 4.47 0
18:54 742.95 -6.78 82 3.58 0
18:55 742.95 -6.72 81 8.05 0
18:56 742.95 -6.78 81 4.92 0
18:57 742.95 -6.72 81 6.26 0
18:58 742.95 -6.72 81 4.92 0
18:59 742.95 -6.72 81 2.68 0
19:00 742.95 -6.78 81 4.47 0
19:01 742.95 -6.72 81 3.58 0
19:02 742.95 -6.72 81 2.24 0
19:03 742.95 -6.78 81 4.47 0
19:04 742.95 -6.72 81 4.92 0
19:05 742.95 -6.78 81 5.36 0
19:06 743.2 -6.78 81 4.02 0
19:07 742.95 -6.78 81 5.81 0
19:08 743.2 -6.78 81 5.36 0
19:09 743.2 -6.78 81 6.71 0
19:10 742.95 -6.78 81 4.47 0
19:11 743.2 -6.78 81 6.71 0
19:12 742.95 -6.78 81 5.36 0
19:13 743.2 -6.83 81 5.36 0
19:14 743.2 -6.83 81 4.02 0
19:15 743.2 -6.78 81 4.92 0
19:16 743.2 -6.83 81 3.58 0
19:17 743.2 -6.83 81 4.02 0
19:18 743.2 -6.83 81 2.24 0
19:19 743.2 -6.83 81 3.58 0
19:20 743.2 -6.83 81 7.15 0
19:21 743.2 -6.83 81 4.02 0
19:22 743.2 -6.83 81 4.02 0
19:23 743.2 -6.83 80 4.92 0
19:24 743.2 -6.89 80 5.81 0
19:25 743.2 -6.83 81 4.47 0
19:26 743.2 -6.83 81 4.47 0
19:27 743.46 -6.89 81 4.92 0
19:28 743.46 -6.89 81 4.47 0
19:29 743.46 -6.89 81 4.47 0
19:30 743.46 -6.89 81 4.02 0
19:31 743.46 -6.89 81 2.68 0
19:32 743.46 -6.89 81 2.68 0
19:33 743.46 -6.89 81 4.92 0
19:34 743.46 -6.89 81 4.47 0
19:35 743.46 -6.89 81 3.58 0
19:36 743.46 -6.89 81 5.81 0
19:37 743.46 -6.94 81 4.47 0
19:38 743.46 -6.94 81 4.47 0
19:39 743.46 -6.89 81 4.02 0
19:40 743.46 -6.94 81 5.81 0
19:41 743.46 -6.94 81 5.36 0
19:42 743.46 -6.94 81 4.92 0
19:43 743.46 -6.94 81 4.47 0
19:44 743.46 -6.94 81 2.24 0
19:45 743.46 -6.94 81 4.02 0
19:46 743.71 -6.94 81 8.05 0
19:47 743.71 -6.94 81 5.81 0
19:48 743.71 -6.94 81 4.02 0
19:49 743.46 -6.94 81 5.81 0
19:50 743.71 -6.94 81 4.47 0
19:51 743.71 -6.94 81 3.58 0
19:52 743.71 -6.94 81 2.68 0
19:53 743.71 -6.94 81 8.05 0
19:54 743.71 -7 81 4.92 0
19:55 743.71 -7 81 7.15 0
19:56 743.71 -7 81 3.58 0
19:57 743.71 -7 81 6.71 0
19:58 743.71 -7 81 5.36 0
19:59 743.71 -7 81 4.92 0
20:00 743.71 -7 81 6.71 0
20:01 743.71 -7 81 4.92 0
20:02 743.71 -7 81 4.47 0
20:03 743.71 -7 81 4.02 0
20:04 743.71 -7 81 4.02 0
20:05 743.71 -7 81 6.71 0
20:06 743.71 -7 81 6.26 0
20:07 743.71 -7.06 81 4.02 0
20:08 743.71 -7 81 6.71 0
20:09 743.71 -7 80 7.15 0
20:10 743.71 -7 80 5.81 0
20:11 743.71 -7 80 4.92 0
20:12 743.71 -7 80 3.13 0
20:13 743.71 -7 80 .89 0
20:14 743.71 -7 80 8.05 0
20:15 743.71 -7 80 4.92 0
20:16 743.71 -7 80 4.92 0
20:17 743.71 -7 80 4.02 0
20:18 743.71 -7.06 80 4.02 0
20:19 743.71 -7.06 80 5.36 0
20:20 743.71 -7.06 80 4.02 0
20:21 743.71 -7.06 80 4.02 0
20:22 743.97 -7.06 80 5.81 0
20:23 743.71 -7.06 80 4.92 0
20:24 743.97 -7.06 80 4.02 0
20:25 743.97 -7.06 80 3.58 0
20:26 743.97 -7.06 81 4.47 0
20:27 743.97 -7.06 81 4.92 0
20:28 743.97 -7.06 81 2.24 0
20:29 743.97 -7.06 81 4.02 0
20:30 743.97 -7.06 81 4.47 0
20:31 743.97 -7.06 81 2.24 0
20:32 743.97 -7.06 81 3.58 0
20:33 743.97 -7.06 81 4.47 0
20:34 743.97 -7.06 81 3.58 0
20:35 743.97 -7.06 81 4.02 0
20:36 743.97 -7.06 81 4.47 0
20:37 743.97 -7.06 81 2.68 0
20:38 743.97 -7.06 81 2.24 0
20:39 744.22 -7 81 4.02 0
20:40 743.97 -7 81 4.92 0
20:41 744.22 -7.06 81 5.81 0
20:42 744.22 -7.06 81 5.36 0
20:43 744.22 -7 81 3.58 0
20:44 744.22 -7 81 4.02 0
20:45 744.22 -7 81 5.36 0
20:46 744.22 -7 81 4.02 0
20:47 744.22 -7 81 7.6 0
20:48 744.22 -7 81 5.36 0
20:49 743.97 -6.94 81 4.92 0
20:50 744.22 -6.94 81 2.68 0
20:51 744.22 -6.94 81 8.49 0
20:52 743.97 -6.94 81 4.02 0
20:53 743.97 -6.94 81 2.24 0
20:54 744.22 -6.94 81 2.24 0
20:55 744.22 -6.94 81 6.26 0
20:56 744.22 -7 81 7.15 0
20:57 744.22 -6.94 81 6.26 0
20:58 744.22 -6.94 81 4.02 0
20:59 744.22 -6.94 81 5.81 0
21:00 744.22 -6.94 81 4.92 0
21:01 744.22 -6.94 81 3.58 0
21:02 744.22 -6.94 81 5.36 0
21:03 744.22 -6.94 81 4.47 0
21:04 743.97 -6.94 81 3.58 0
21:05 743.97 -6.94 81 1.79 0
21:06 743.97 -7 81 4.47 0
21:07 743.97 -7 81 6.71 0
21:08 743.97 -7 81 4.92 0
21:09 743.71 -6.94 81 4.02 0
21:10 743.71 -7 81 5.36 0
21:11 743.71 -7 81 6.71 0
21:12 743.71 -7 81 4.47 0
21:13 743.71 -7 82 4.92 0
21:14 743.71 -7 82 6.26 0
21:15 743.71 -7 82 5.36 0
21:16 743.71 -7 82 6.71 0
21:17 743.71 -7 82 4.92 0
21:18 743.97 -6.94 82 5.36 0
21:19 743.97 -6.94 81 3.58 0
21:20 743.97 -6.94 81 5.81 0
21:21 743.97 -6.94 81 4.92 0
21:22 743.97 -6.94 81 4.02 0
21:23 743.97 -6.94 81 5.81 0
21:24 744.22 -6.94 81 5.36 0
21:25 744.22 -6.94 81 5.36 0
21:26 744.22 -6.94 81 4.47 0
21:27 744.22 -6.94 82 8.49 0
21:28 744.22 -6.94 82 7.15 0
21:29 744.22 -6.94 82 6.26 0
21:30 744.22 -6.94 81 4.02 0
21:31 744.22 -6.94 82 2.68 0
21:32 744.22 -6.89 82 5.36 0
21:33 744.22 -6.94 82 6.26 0
21:34 744.22 -6.94 82 6.26 0
21:35 744.47 -6.94 82 4.47 0
21:36 744.47 -6.94 82 5.36 0
21:37 744.22 -6.94 82 5.81 0
21:38 744.22 -6.94 82 4.47 0
21:39 744.22 -6.94 82 6.26 0
21:40 744.47 -6.94 82 5.36 0
21:41 744.47 -6.94 82 2.68 0
21:42 744.47 -6.94 82 4.47 0
21:43 744.47 -7 82 5.36 0
21:44 744.47 -7 82 8.05 0
21:45 744.47 -7 82 4.47 0
21:46 744.47 -7 81 6.71 0
21:47 744.47 -7 81 5.81 0
21:48 744.47 -7 81 7.15 0
21:49 744.47 -7 81 5.81 0
21:50 744.47 -7 81 4.92 0
21:51 744.47 -7.06 81 5.81 0
21:52 744.47 -7.06 81 4.47 0
21:53 744.47 -7.06 81 5.36 0
21:54 744.47 -7 81 8.94 0
21:55 744.47 -7.06 81 6.71 0
21:56 744.47 -7.06 81 7.6 0
21:57 744.47 -7.06 81 5.81 0
21:58 744.47 -7.06 81 4.92 0
21:59 744.47 -7.06 81 4.47 0
22:00 744.47 -7.11 81 4.92 0
22:01 744.47 -7.06 81 4.02 0
22:02 744.47 -7.11 81 2.24 0
22:03 744.73 -7.11 81 4.47 0
22:04 744.73 -7.11 81 3.58 0
22:05 744.73 -7.11 81 4.47 0
22:06 744.73 -7.11 81 4.47 0
22:07 744.73 -7.17 81 4.92 0
22:08 744.73 -7.17 81 4.92 0
22:09 744.73 -7.17 81 6.26 0
22:10 744.73 -7.17 81 7.15 0
22:11 744.73 -7.22 81 6.71 0
22:12 744.73 -7.22 81 5.81 0
22:13 744.73 -7.22 81 2.68 0
22:14 744.73 -7.28 81 7.15 0
22:15 744.47 -7.28 81 6.26 0
22:16 744.47 -7.28 80 6.71 0
22:17 744.47 -7.28 80 7.15 0
22:18 744.47 -7.33 80 5.81 0
22:19 744.47 -7.33 80 6.26 0
22:20 744.47 -7.33 80 8.49 0
22:21 744.47 -7.33 80 6.71 0
22:22 744.47 -7.33 80 5.81 0
22:23 744.73 -7.39 79 5.81 0
22:24 744.73 -7.39 80 3.58 0
22:25 744.73 -7.39 80 2.68 0
22:26 744.73 -7.39 80 4.02 0
22:27 744.47 -7.39 80 7.15 0
22:28 744.73 -7.39 80 5.81 0
22:29 744.73 -7.39 80 6.26 0
22:30 744.73 -7.39 80 4.47 0
22:31 744.73 -7.44 80 4.47 0
22:32 744.73 -7.39 80 4.47 0
22:33 744.98 -7.44 80 4.47 0
22:34 744.98 -7.44 80 2.68 0
22:35 744.98 -7.44 80 4.47 0
22:36 744.98 -7.44 80 4.02 0
22:37 744.98 -7.44 80 2.24 0
22:38 744.98 -7.44 80 2.24 0
22:39 744.98 -7.44 80 .45 0
22:40 744.98 -7.44 80 4.47 0
22:41 744.98 -7.44 80 2.68 0
22:42 744.98 -7.5 81 2.24 0
22:43 744.98 -7.5 81 2.24 0
22:44 744.98 -7.5 81 1.79 0
22:45 744.98 -7.5 81 2.24 0
22:46 744.98 -7.5 81 2.24 0
22:47 744.98 -7.56 81 1.79 0
22:48 745.24 -7.5 81 5.36 0
22:49 745.24 -7.5 81 3.58 0
22:50 745.24 -7.5 81 2.68 0
22:51 745.24 -7.5 81 3.58 0
22:52 745.24 -7.5 81 3.13 0
22:53 745.24 -7.44 81 6.26 0
22:54 745.24 -7.5 81 4.92 0
22:55 745.24 -7.5 81 2.24 0
22:56 745.24 -7.5 81 2.68 0
22:57 745.24 -7.5 81 4.47 0
22:58 745.24 -7.5 81 6.26 0
22:59 745.24 -7.56 81 5.36 0
23:00 744.98 -7.56 81 4.02 0
23:01 745.24 -7.56 81 4.02 0
23:02 745.24 -7.56 81 5.81 0
23:03 745.24 -7.56 81 4.47 0
23:04 744.98 -7.56 81 2.68 0
23:05 744.98 -7.61 81 3.58 0
23:06 744.98 -7.61 81 3.58 0
23:07 744.98 -7.61 81 2.68 0
23:08 744.98 -7.67 81 5.81 0
23:09 745.24 -7.67 81 4.02 0
23:10 745.24 -7.67 81 4.92 0
23:11 745.24 -7.67 81 4.02 0
23:12 745.24 -7.67 81 2.24 0
23:13 745.24 -7.67 82 2.68 0
23:14 745.24 -7.67 82 2.24 0
23:15 745.24 -7.72 82 3.13 0
23:16 745.24 -7.72 82 2.68 0
23:17 745.24 -7.72 82 2.68 0
23:18 745.24 -7.78 82 5.36 0
23:19 745.24 -7.72 82 2.68 0
23:20 745.24 -7.72 82 6.26 0
23:21 745.24 -7.72 82 4.92 0
23:22 745.24 -7.72 82 4.47 0
23:23 745.24 -7.72 82 5.36 0
23:24 745.49 -7.78 82 2.68 0
23:25 745.24 -7.78 82 2.68 0
23:26 745.49 -7.78 82 4.47 0
23:27 745.49 -7.78 82 3.58 0
23:28 745.49 -7.78 82 4.02 0
23:29 745.49 -7.78 82 5.36 0
23:30 745.49 -7.78 82 3.58 0
23:31 745.49 -7.83 82 5.81 0
23:32 745.49 -7.78 82 4.47 0
23:33 745.49 -7.83 82 2.24 0
23:34 745.49 -7.83 82 2.68 0
23:35 745.49 -7.83 82 2.68 0
23:36 745.49 -7.89 82 4.47 0
23:37 745.49 -7.89 82 2.24 0
23:38 745.49 -7.89 82 4.47 0
23:39 745.49 -7.89 82 3.58 0
23:40 745.49 -7.89 82 2.68 0
23:41 745.49 -7.89 82 4.92 0
23:42 745.74 -7.89 82 3.58 0
23:43 745.74 -7.94 82 4.02 0
23:44 745.74 -7.94 82 4.47 0
23:45 745.74 -7.94 82 4.47 0
23:46 745.74 -7.94 82 3.58 0
23:47 745.74 -7.94 82 2.68 0
23:48 745.74 -7.94 82 1.79 0
23:49 745.49 -7.94 82 4.02 0
23:50 745.49 -8 82 4.02 0
23:51 745.74 -8 82 5.36 0
23:52 745.74 -8 82 4.02 0
23:53 745.74 -8 82 4.47 0
23:54 745.74 -8 82 4.92 0
23:55 745.74 -8.06 82 4.92 0
23:56 745.74 -8.06 82 4.02 0
23:57 745.74 -8.06 82 5.81 0
23:58 745.74 -8.06 82 4.02 0
23:59 745.74 -8.06 82 4.02 0
