00:00 742.19 13.78 92 1.34 0
00:01 742.19 13.72 92 .89 0
00:02 742.19 13.67 92 1.34 0
00:03 742.19 13.72 92 .89 0
00:04 742.19 13.67 92 .89 0
00:05 742.19 13.67 92 .89 0
00:06 742.19 13.61 92 0 0
00:07 742.19 13.61 92 0 0
00:08 742.19 13.61 92 0 0
00:09 742.19 13.56 92 .89 0
00:10 742.19 13.56 92 .45 0
00:11 742.19 13.56 92 .89 0
00:12 742.19 13.56 93 1.34 0
00:13 742.19 13.5 93 .45 0
00:14 742.19 13.5 92 0 0
00:15 742.19 13.5 93 .89 0
00:16 742.19 13.44 92 1.34 0
00:17 742.19 13.44 92 1.34 0
00:18 742.44 13.44 92 1.34 0
00:19 742.44 13.44 92 1.79 0
00:20 742.44 13.44 92 .89 0
00:21 742.44 13.44 92 1.79 0
00:22 742.44 13.39 92 1.34 0
00:23 742.44 13.44 92 1.34 0
00:24 742.44 13.39 92 .89 0
00:25 742.44 13.39 92 1.79 0
00:26 742.44 13.39 92 1.79 0
00:27 742.44 13.39 92 .89 0
00:28 742.44 13.39 92 1.34 0
00:29 742.44 13.39 92 .89 0
00:30 742.44 13.39 92 .89 0
00:31 742.44 13.39 92 1.34 0
00:32 742.44 13.39 92 .89 0
00:33 742.19 13.33 92 .89 0
00:34 742.44 13.33 92 1.34 0
00:35 742.44 13.39 92 .89 0
00:36 742.44 13.33 92 .89 0
00:37 742.44 13.33 92 1.34 0
00:38 742.44 13.33 92 .89 0
00:39 742.44 13.33 92 1.79 0
00:40 742.44 13.33 92 .89 0
00:41 742.44 13.33 92 1.34 0
00:42 742.44 13.33 92 .89 0
00:43 742.44 13.33 92 .89 0
00:44 742.44 13.33 92 .45 0
00:45 742.44 13.33 92 1.79 0
00:46 742.44 13.33 92 .89 0
00:47 742.44 13.33 92 1.34 0
00:48 742.44 13.33 92 1.79 0
00:49 742.44 13.33 92 1.34 0
00:50 742.44 13.33 92 .89 0
00:51 742.44 13.33 92 1.34 0
00:52 742.44 13.33 92 1.79 0
00:53 742.44 13.33 92 1.79 0
00:54 742.44 13.33 92 1.79 0
00:55 742.44 13.33 92 1.34 0
00:56 742.44 13.33 91 .89 0
00:57 742.44 13.33 91 1.79 0
00:58 742.44 13.33 91 .89 0
00:59 742.44 13.33 91 2.24 0
01:00 742.44 13.33 91 1.34 0
01:01 742.44 13.33 91 1.34 0
01:02 742.44 13.33 91 1.34 0
01:03 742.44 13.33 91 .89 0
01:04 742.44 13.33 91 1.34 0
01:05 742.44 13.33 91 1.79 0
01:06 742.44 13.33 91 1.79 0
01:07 742.44 13.33 91 1.34 0
01:08 742.44 13.33 91 1.34 0
01:09 742.44 13.33 91 1.79 0
01:10 742.44 13.33 91 1.79 0
01:11 742.44 13.33 91 1.34 0
01:12 742.44 13.33 91 1.34 0
01:13 742.44 13.33 91 1.79 0
01:14 742.44 13.39 91 1.34 0
01:15 742.44 13.39 91 1.34 0
01:16 742.44 13.33 91 1.34 0
01:17 742.44 13.33 91 1.34 0
01:18 742.19 13.33 91 1.34 0
01:19 742.44 13.33 91 1.79 0
01:20 742.44 13.33 91 1.34 0
01:21 742.44 13.39 91 .89 0
01:22 742.44 13.39 91 .89 0
01:23 742.44 13.39 91 .89 0
01:24 742.44 13.39 91 1.34 0
01:25 742.44 13.39 91 .89 0
01:26 742.44 13.39 91 1.34 0
01:27 742.44 13.33 91 1.79 0
01:28 742.44 13.39 91 1.34 0
01:29 742.19 13.33 91 1.79 0
01:30 742.44 13.33 91 1.79 0
01:31 742.44 13.33 91 1.34 0
01:32 742.44 13.33 91 .89 0
01:33 742.44 13.33 91 1.34 0
01:34 742.44 13.33 91 1.79 0
01:35 742.44 13.28 91 1.34 0
01:36 742.44 13.28 91 .89 0
01:37 742.44 13.28 91 1.79 0
01:38 742.44 13.28 91 1.79 0
01:39 742.19 13.28 91 1.34 0
01:40 742.44 13.28 91 1.34 0
01:41 742.44 13.28 91 1.79 0
01:42 742.44 13.28 91 1.79 0
01:43 742.44 13.28 91 1.79 0
01:44 742.44 13.28 91 1.79 0
01:45 742.44 13.28 91 1.79 0
01:46 742.44 13.28 91 1.79 0
01:47 742.44 13.28 91 1.79 0
01:48 742.44 13.28 91 1.34 0
01:49 742.44 13.28 91 1.34 0
01:50 742.44 13.28 91 1.34 0
01:51 742.44 13.28 91 3.13 0
01:52 742.44 13.28 91 1.34 0
01:53 742.44 13.33 91 1.79 0
01:54 742.19 13.33 91 .89 0
01:55 742.44 13.33 91 1.34 0
01:56 742.44 13.33 91 .89 0
01:57 742.44 13.33 91 3.13 0
01:58 742.44 13.33 91 1.34 0
01:59 742.44 13.28 91 .89 0
02:00 742.44 13.33 91 .89 0
02:01 742.44 13.33 91 1.34 0
02:02 742.44 13.33 91 .89 0
02:03 742.44 13.33 91 .89 0
02:04 742.44 13.33 91 1.34 0
02:05 742.44 13.33 91 1.34 0
02:06 742.44 13.33 91 1.34 0
02:07 742.44 13.33 91 .89 0
02:08 742.44 13.28 91 1.34 0
02:09 742.44 13.33 91 2.68 0
02:10 742.44 13.28 91 1.34 0
02:11 742.44 13.28 91 .89 0
02:12 742.44 13.22 91 1.34 0
02:13 742.44 13.28 91 1.34 0
02:14 742.44 13.22 91 1.79 0
02:15 742.44 13.28 91 .89 0
02:16 742.44 13.28 91 1.79 0
02:17 742.44 13.22 91 1.34 0
02:18 742.44 13.22 91 1.34 0
02:19 742.44 13.22 91 1.34 0
02:20 742.44 13.22 91 1.34 0
02:21 742.44 13.22 91 .89 0
02:22 742.44 13.17 91 1.34 0
02:23 742.44 13.22 91 1.34 0
02:24 742.44 13.17 91 1.79 0
02:25 742.44 13.17 91 3.13 0
02:26 742.44 13.17 91 1.34 0
02:27 742.44 13.17 91 1.79 0
02:28 742.44 13.17 91 1.34 0
02:29 742.44 13.17 91 .89 0
02:30 742.44 13.17 91 .89 0
02:31 742.44 13.17 91 1.34 0
02:32 742.44 13.11 91 1.79 0
02:33 742.44 13.11 91 1.79 0
02:34 742.44 13.11 91 1.34 0
02:35 742.44 13.11 91 1.79 0
02:36 742.44 13.11 91 1.79 0
02:37 742.44 13.11 91 .89 0
02:38 742.44 13.11 91 1.34 0
02:39 742.44 13.06 91 .89 0
02:40 742.44 13.11 91 .89 0
02:41 742.44 13.06 91 .89 0
02:42 742.44 13.06 91 1.34 0
02:43 742.44 13.06 91 1.34 0
02:44 742.44 13.06 91 1.34 0
02:45 742.44 13.06 91 1.34 0
02:46 742.44 13.06 91 1.79 0
02:47 742.44 13.06 91 .89 0
02:48 742.44 13 91 .89 0
02:49 742.44 13 91 1.34 0
02:50 742.44 13 91 .89 0
02:51 742.44 13 91 1.34 0
02:52 742.44 13 91 1.34 0
02:53 742.44 13 91 1.34 0
02:54 742.44 12.94 91 .89 0
02:55 742.44 12.94 91 1.34 0
02:56 742.44 12.89 91 1.34 0
02:57 742.44 12.89 91 1.34 0
02:58 742.44 12.89 91 .89 0
02:59 742.44 12.83 91 .89 0
03:00 742.44 12.83 91 1.34 0
03:01 742.44 12.83 91 .89 0
03:02 742.44 12.78 91 .45 0
03:03 742.44 12.83 91 1.34 0
03:04 742.44 12.78 91 .89 0
03:05 742.44 12.78 91 .89 0
03:06 742.44 12.78 91 1.34 0
03:07 742.44 12.78 91 .89 0
03:08 742.44 12.78 91 .89 0
03:09 742.44 12.72 91 1.34 0
03:10 742.44 12.72 91 1.34 0
03:11 742.44 12.72 92 1.34 0
03:12 742.44 12.72 92 .89 0
03:13 742.44 12.67 92 .89 0
03:14 742.44 12.67 92 .89 0
03:15 742.44 12.67 92 1.34 0
03:16 742.44 12.67 92 1.34 0
03:17 742.44 12.67 92 .89 0
03:18 742.44 12.67 92 1.79 0
03:19 742.44 12.67 92 1.34 0
03:20 742.44 12.67 92 1.34 0
03:21 742.44 12.61 92 1.34 0
03:22 742.44 12.61 92 1.79 0
03:23 742.44 12.61 92 .89 0
03:24 742.44 12.56 92 1.79 0
03:25 742.44 12.56 92 1.34 0
03:26 742.44 12.56 92 1.34 0
03:27 742.44 12.56 92 2.68 0
03:28 742.44 12.56 92 1.34 0
03:29 742.44 12.56 92 1.34 0
03:30 742.44 12.56 92 .89 0
03:31 742.44 12.56 92 1.79 0
03:32 742.44 12.56 92 1.79 0
03:33 742.44 12.56 92 .89 0
03:34 742.44 12.56 92 .89 0
03:35 742.44 12.56 92 1.79 0
03:36 742.44 12.5 92 .89 0
03:37 742.44 12.44 92 1.34 0
03:38 742.44 12.44 92 1.34 0
03:39 742.44 12.44 92 1.34 0
03:40 742.44 12.44 92 .89 0
03:41 742.44 12.39 92 1.34 0
03:42 742.44 12.39 92 .89 0
03:43 742.44 12.39 92 1.34 0
03:44 742.44 12.39 92 .89 0
03:45 742.44 12.39 92 1.34 0
03:46 742.44 12.39 92 .89 0
03:47 742.44 12.39 92 .89 0
03:48 742.44 12.33 92 .89 0
03:49 742.44 12.33 92 1.34 0
03:50 742.44 12.33 92 .45 0
03:51 742.44 12.39 92 .89 0
03:52 742.44 12.33 92 .89 0
03:53 742.44 12.33 92 1.34 0
03:54 742.44 12.39 92 .89 0
03:55 742.44 12.39 92 .89 0
03:56 742.44 12.33 92 .45 0
03:57 742.44 12.33 92 .45 0
03:58 742.44 12.33 92 .45 0
03:59 742.44 12.28 92 .45 0
04:00 742.44 12.28 92 .45 0
04:01 742.44 12.28 92 0 0
04:02 742.44 12.28 92 0 0
04:03 742.44 12.22 92 0 0
04:04 742.44 12.22 92 0 0
04:05 742.44 12.22 92 0 0
04:06 742.44 12.17 92 0 0
04:07 742.44 12.17 92 0 0
04:08 742.44 12.17 92 0 0
04:09 742.44 12.11 92 0 0
04:10 742.44 12.11 92 0 0
04:11 742.44 12.11 92 0 0
04:12 742.44 12.11 92 0 0
04:13 742.44 12.06 92 0 0
04:14 742.44 12.06 92 0 0
04:15 742.44 12.06 92 0 0
04:16 742.44 12.11 92 0 0
04:17 742.44 12.06 92 .45 0
04:18 742.44 12.06 92 .45 0
04:19 742.44 12.06 92 .45 0
04:20 742.19 12.06 92 .89 0
04:21 742.44 12.06 92 .45 0
04:22 742.44 12.06 92 0 0
04:23 742.44 12.06 92 .45 0
04:24 742.44 12.06 92 .45 0
04:25 742.44 12 92 0 0
04:26 742.44 12 92 .45 0
04:27 742.44 12 92 0 0
04:28 742.44 11.94 92 0 0
04:29 742.44 11.94 92 0 0
04:30 742.19 11.94 92 0 0
04:31 742.19 11.94 92 0 0
04:32 742.44 11.89 92 0 0
04:33 742.19 11.89 92 0 0
04:34 742.19 11.89 92 0 0
04:35 742.19 11.89 92 0 0
04:36 742.19 11.83 92 0 0
04:37 742.44 11.83 92 0 0
04:38 742.19 11.83 92 .45 0
04:39 742.44 11.78 93 0 0
04:40 742.44 11.78 93 0 0
04:41 742.19 11.78 93 0 0
04:42 742.44 11.78 93 0 0
04:43 742.44 11.78 93 0 0
04:44 742.19 11.83 93 0 0
04:45 742.44 11.83 93 0 0
04:46 742.44 11.83 93 0 0
04:47 742.44 11.83 93 0 0
04:48 742.44 11.83 93 0 0
04:49 742.44 11.83 93 0 0
04:50 742.44 11.83 93 0 0
04:51 742.44 11.78 93 0 0
04:52 742.44 11.78 93 0 0
04:53 742.44 11.78 93 .89 0
04:54 742.44 11.78 93 .89 0
04:55 742.44 11.78 93 1.34 0
04:56 742.44 11.78 93 1.34 0
04:57 742.44 11.83 93 1.34 0
04:58 742.44 11.78 93 1.34 0
04:59 742.44 11.83 93 .45 0
05:00 742.19 11.83 93 .45 0
05:01 742.19 11.83 93 .89 0
05:02 742.19 11.83 93 .89 0
05:03 742.19 11.89 93 .45 0
05:04 742.19 11.89 93 0 0
05:05 742.19 11.89 93 0 0
05:06 742.19 11.89 94 .89 0
05:07 742.19 11.89 94 0 0
05:08 742.19 11.89 93 0 0
05:09 742.19 11.89 93 0 0
05:10 742.19 11.94 93 0 0
05:11 742.19 11.94 93 .89 0
05:12 742.19 11.94 93 .45 0
05:13 742.19 11.94 93 1.34 0
05:14 742.19 11.94 93 .89 0
05:15 742.44 11.94 93 .89 0
05:16 742.44 12 93 1.34 0
05:17 742.44 12 93 1.34 0
05:18 742.44 12 93 .89 0
05:19 742.44 12.06 93 .89 0
05:20 742.44 12.06 93 1.34 0
05:21 742.44 12.11 93 1.34 0
05:22 742.44 12.17 93 1.34 0
05:23 742.44 12.17 93 1.34 0
05:24 742.44 12.22 93 1.34 0
05:25 742.44 12.22 93 .89 0
05:26 742.44 12.22 93 1.34 0
05:27 742.44 12.22 93 1.79 0
05:28 742.44 12.22 93 .89 0
05:29 742.44 12.28 93 .45 0
05:30 742.44 12.28 93 1.34 0
05:31 742.44 12.28 93 1.34 0
05:32 742.44 12.28 93 1.34 0
05:33 742.44 12.33 93 .89 0
05:34 742.44 12.33 93 .89 0
05:35 742.44 12.33 93 1.79 0
05:36 742.44 12.33 93 1.34 0
05:37 742.44 12.39 93 .89 0
05:38 742.44 12.39 93 1.34 0
05:39 742.44 12.44 93 1.79 0
05:40 742.44 12.44 93 1.34 0
05:41 742.44 12.44 93 1.34 0
05:42 742.44 12.5 93 1.34 0
05:43 742.44 12.5 93 .89 0
05:44 742.19 12.56 93 .89 0
05:45 742.19 12.56 93 .89 0
05:46 742.19 12.61 93 1.34 0
05:47 742.44 12.61 93 .89 0
05:48 742.19 12.67 93 1.34 0
05:49 742.19 12.67 93 .89 0
05:50 742.44 12.72 92 1.34 0
05:51 742.44 12.72 92 .89 0
05:52 742.44 12.72 92 .89 0
05:53 742.44 12.78 92 1.34 0
05:54 742.44 12.83 92 .89 0
05:55 742.44 12.83 92 1.34 0
05:56 742.44 12.89 92 .89 0
05:57 742.44 12.89 92 1.34 0
05:58 742.44 12.94 92 .89 0
05:59 742.44 12.94 92 .89 0
06:00 742.44 13 92 1.34 0
06:01 742.44 13.06 92 1.79 0
06:02 742.44 13.11 92 1.34 0
06:03 742.44 13.17 92 1.34 0
06:04 742.44 13.17 91 1.34 0
06:05 742.44 13.22 91 1.79 0
06:06 742.44 13.22 91 1.34 0
06:07 742.44 13.33 91 1.34 0
06:08 742.44 13.33 91 1.34 0
06:09 742.44 13.33 91 1.79 0
06:10 742.44 13.39 90 .89 0
06:11 742.44 13.39 90 2.68 0
06:12 742.44 13.44 90 .89 0
06:13 742.44 13.5 90 1.79 0
06:14 742.44 13.5 90 1.79 0
06:15 742.44 13.56 90 1.34 0
06:16 742.44 13.61 90 1.34 0
06:17 742.44 13.61 90 .89 0
06:18 742.44 13.67 90 1.79 0
06:19 742.44 13.67 89 1.34 0
06:20 742.44 13.67 89 1.79 0
06:21 742.44 13.72 89 1.34 0
06:22 742.44 13.78 89 1.34 0
06:23 742.44 13.83 89 1.34 0
06:24 742.44 13.83 89 1.79 0
06:25 742.44 13.83 89 1.34 0
06:26 742.44 13.83 89 3.58 0
06:27 742.44 13.83 88 2.68 0
06:28 742.44 13.89 88 2.68 0
06:29 742.44 13.89 88 1.34 0
06:30 742.44 13.94 88 3.58 0
06:31 742.44 13.94 88 2.68 0
06:32 742.44 13.94 88 1.79 0
06:33 742.44 13.94 88 1.34 0
06:34 742.44 14 88 2.68 0
06:35 742.44 14.06 88 2.24 0
06:36 742.44 14.06 88 3.13 0
06:37 742.44 14.06 88 2.68 0
06:38 742.44 14.06 88 1.79 0
06:39 742.44 14.11 88 2.24 0
06:40 742.44 14.11 87 3.58 0
06:41 742.44 14.17 88 2.68 0
06:42 742.44 14.22 87 1.34 0
06:43 742.44 14.22 87 .89 0
06:44 742.44 14.22 87 2.68 0
06:45 742.44 14.28 87 1.79 0
06:46 742.44 14.28 87 1.34 0
06:47 742.44 14.28 87 1.79 0
06:48 742.44 14.33 87 1.34 0
06:49 742.44 14.33 87 .89 0
06:50 742.44 14.39 87 1.34 0
06:51 742.44 14.39 87 1.79 0
06:52 742.44 14.39 87 .89 0
06:53 742.44 14.44 87 1.34 0
06:54 742.44 14.39 87 1.34 0
06:55 742.44 14.44 87 2.68 0
06:56 742.44 14.44 87 1.34 0
06:57 742.44 14.44 87 .89 0
06:58 742.44 14.5 87 1.79 0
06:59 742.44 14.5 87 2.68 0
07:00 742.44 14.5 87 3.13 0
07:01 742.44 14.5 87 3.13 0
07:02 742.44 14.5 87 1.34 0
07:03 742.44 14.5 87 .89 0
07:04 742.44 14.5 87 .89 0
07:05 742.44 14.56 87 0 0
07:06 742.44 14.56 88 .89 0
07:07 742.44 14.61 88 .45 0
07:08 742.44 14.61 88 .89 0
07:09 742.44 14.67 88 .45 0
07:10 742.44 14.72 87 1.34 0
07:11 742.44 14.72 87 .45 0
07:12 742.44 14.72 87 .89 0
07:13 742.44 14.72 87 .89 0
07:14 742.44 14.78 86 2.68 0
07:15 742.44 14.78 86 1.34 0
07:16 742.44 14.83 86 1.79 0
07:17 742.44 14.83 86 1.34 0
07:18 742.44 14.89 86 2.24 0
07:19 742.44 14.89 85 2.68 0
07:20 742.44 14.89 85 2.68 0
07:21 742.44 14.89 85 3.13 0
07:22 742.44 14.83 84 1.34 0
07:23 742.44 14.83 85 .45 0
07:24 742.44 14.89 85 1.79 0
07:25 742.44 14.89 85 1.34 0
07:26 742.44 14.94 85 1.34 0
07:27 742.44 15 85 1.34 0
07:28 742.44 15 85 1.79 0
07:29 742.44 15.06 85 1.34 0
07:30 742.44 15.06 85 .89 0
07:31 742.44 15.17 85 .45 0
07:32 742.44 15.17 85 .89 0
07:33 742.44 15.22 85 .89 0
07:34 742.44 15.28 85 .89 0
07:35 742.44 15.28 85 .89 0
07:36 742.44 15.33 85 1.34 0
07:37 742.44 15.39 85 1.79 0
07:38 742.44 15.5 85 .89 0
07:39 742.44 15.56 85 .89 0
07:40 742.44 15.56 85 1.34 0
07:41 742.44 15.56 85 .89 0
07:42 742.44 15.67 85 1.34 0
07:43 742.44 15.67 85 2.68 0
07:44 742.44 15.72 85 1.79 0
07:45 742.44 15.72 85 1.34 0
07:46 742.44 15.72 85 1.34 0
07:47 742.44 15.72 85 .89 0
07:48 742.44 15.78 85 1.34 0
07:49 742.44 15.72 85 .45 0
07:50 742.44 15.78 86 .89 0
07:51 742.44 15.83 86 1.79 0
07:52 742.44 15.83 85 2.24 0
07:53 742.44 15.83 85 1.34 0
07:54 742.44 15.78 85 .89 0
07:55 742.44 15.83 85 1.79 0
07:56 742.44 15.83 85 2.24 0
07:57 742.44 15.83 85 .89 0
07:58 742.44 15.83 85 1.34 0
07:59 742.44 15.83 85 1.34 0
08:00 742.44 15.83 85 1.79 0
08:01 742.44 15.83 85 3.13 0
08:02 742.44 15.83 85 1.79 0
08:03 742.44 15.89 85 2.24 0
08:04 742.44 15.89 85 3.13 0
08:05 742.44 15.89 85 2.24 0
08:06 742.44 15.89 85 2.24 0
08:07 742.44 15.89 85 1.79 0
08:08 742.44 15.89 85 1.79 0
08:09 742.44 15.89 85 1.79 0
08:10 742.44 15.89 85 1.34 0
08:11 742.44 15.89 85 3.13 0
08:12 742.44 15.89 85 1.34 0
08:13 742.19 15.89 85 2.24 0
08:14 742.44 15.89 85 .45 0
08:15 742.44 15.94 85 1.79 0
08:16 742.44 16 85 .89 0
08:17 742.44 16.06 85 1.34 0
08:18 742.44 16.17 85 2.24 0
08:19 742.19 16.17 85 1.34 0
08:20 742.44 16.22 85 2.24 0
08:21 742.19 16.28 84 1.34 0
08:22 742.19 16.28 84 1.34 0
08:23 742.19 16.33 84 .89 0
08:24 742.19 16.44 84 .89 0
08:25 742.19 16.5 84 1.79 0
08:26 742.44 16.61 84 2.24 0
08:27 742.19 16.56 83 2.68 0
08:28 742.19 16.56 82 1.79 0
08:29 742.44 16.56 82 1.34 0
08:30 742.19 16.5 82 1.34 0
08:31 742.19 16.56 82 .89 0
08:32 742.44 16.56 82 2.68 0
08:33 742.44 16.56 82 2.68 0
08:34 742.44 16.5 83 2.24 0
08:35 742.44 16.44 83 2.24 0
08:36 742.44 16.5 83 2.68 0
08:37 742.44 16.44 83 1.79 0
08:38 742.19 16.44 83 1.79 0
08:39 742.19 16.5 83 .89 0
08:40 742.19 16.5 83 .89 0
08:41 742.44 16.56 83 1.79 0
08:42 742.44 16.56 83 1.79 0
08:43 742.19 16.56 82 1.79 0
08:44 742.44 16.56 83 2.68 0
08:45 742.44 16.56 82 2.68 0
08:46 742.44 16.61 81 1.34 0
08:47 742.44 16.67 81 2.24 0
08:48 742.44 16.72 81 2.24 0
08:49 742.44 16.72 81 3.58 0
08:50 742.44 16.67 81 2.68 0
08:51 742.44 16.72 81 2.24 0
08:52 742.19 16.72 81 .89 0
08:53 742.44 16.72 81 2.68 0
08:54 742.19 16.72 81 .89 0
08:55 742.44 16.78 81 .45 0
08:56 742.44 16.83 81 1.79 0
08:57 742.44 16.89 81 3.58 0
08:58 742.44 16.83 80 1.34 0
08:59 742.44 16.89 80 2.24 0
09:00 742.44 16.89 80 2.24 0
09:01 742.44 16.89 80 2.24 0
09:02 742.44 16.89 80 1.34 0
09:03 742.44 16.94 80 1.34 0
09:04 742.44 16.94 80 1.79 0
09:05 742.19 16.94 80 2.24 0
09:06 742.44 17 80 1.79 0
09:07 742.44 16.94 79 2.68 0
09:08 742.19 16.94 78 2.68 0
09:09 742.19 16.94 78 1.79 0
09:10 742.19 17 79 1.79 0
09:11 742.44 17 78 .89 0
09:12 742.19 17 78 1.79 0
09:13 742.44 17 78 1.79 0
09:14 742.44 17.06 78 1.34 0
09:15 742.44 17.11 78 1.79 0
09:16 742.44 17.17 77 1.34 0
09:17 742.44 17.22 78 3.13 0
09:18 742.44 17.17 77 4.02 0
09:19 742.44 17.22 76 3.58 0
09:20 742.44 17.22 75 2.24 0
09:21 742.44 17.28 75 1.79 0
09:22 742.44 17.28 75 1.34 0
09:23 742.44 17.28 76 1.79 0
09:24 742.19 17.33 76 2.24 0
09:25 742.44 17.33 75 3.58 0
09:26 742.44 17.33 75 .89 0
09:27 742.44 17.33 75 1.79 0
09:28 742.44 17.28 76 2.24 0
09:29 742.19 17.33 76 1.34 0
09:30 742.44 17.33 76 2.24 0
09:31 742.44 17.28 76 1.79 0
09:32 742.44 17.28 77 1.79 0
09:33 742.44 17.22 76 1.79 0
09:34 742.44 17.22 77 2.24 0
09:35 742.44 17.17 77 4.02 0
09:36 742.44 17.17 76 2.68 0
09:37 742.44 17.11 76 .89 0
09:38 742.44 17.06 76 1.79 0
09:39 742.44 17 76 1.79 0
09:40 742.44 17 76 1.79 0
09:41 742.44 17 77 .89 0
09:42 742.44 17 77 2.24 0
09:43 742.44 16.94 76 2.68 0
09:44 742.44 16.94 76 1.79 0
09:45 742.44 16.89 76 2.24 0
09:46 742.44 16.83 76 3.58 0
09:47 742.44 16.78 76 3.58 0
09:48 742.44 16.72 76 1.79 0
09:49 742.44 16.72 77 2.24 0
09:50 742.44 16.72 77 2.24 0
09:51 742.44 16.72 76 3.13 0
09:52 742.44 16.72 76 2.68 0
09:53 742.44 16.72 76 3.13 0
09:54 742.44 16.67 77 3.58 0
09:55 742.44 16.67 77 4.02 0
09:56 742.44 16.61 77 3.13 0
09:57 742.44 16.61 77 4.02 0
09:58 742.44 16.56 77 2.24 0
09:59 742.44 16.56 78 2.24 0
10:00 742.44 16.56 78 3.13 0
10:01 742.44 16.5 78 1.34 0
10:02 742.44 16.5 78 1.34 0
10:03 742.44 16.5 79 2.24 0
10:04 742.44 16.44 78 1.79 0
10:05 742.44 16.44 78 1.79 0
10:06 742.44 16.44 78 .45 0
10:07 742.44 16.44 79 1.79 0
10:08 742.44 16.5 79 1.79 0
10:09 742.44 16.5 79 2.68 0
10:10 742.44 16.56 79 2.68 0
10:11 742.44 16.56 79 2.68 0
10:12 742.44 16.5 78 2.24 0
10:13 742.44 16.5 79 1.79 0
10:14 742.44 16.5 79 1.79 0
10:15 742.44 16.5 79 2.68 0
10:16 742.44 16.5 79 2.68 0
10:17 742.44 16.44 79 3.13 0
10:18 742.44 16.44 79 2.24 0
10:19 742.44 16.44 79 3.13 0
10:20 742.44 16.44 79 2.68 0
10:21 742.44 16.5 79 1.34 0
10:22 742.44 16.56 79 4.02 0
10:23 742.44 16.56 79 2.68 0
10:24 742.44 16.56 79 2.68 0
10:25 742.44 16.61 79 2.68 0
10:26 742.44 16.61 79 1.79 0
10:27 742.44 16.67 79 2.24 0
10:28 742.44 16.67 79 4.92 0
10:29 742.44 16.61 78 2.24 0
10:30 742.44 16.61 78 4.02 0
10:31 742.44 16.56 77 1.79 0
10:32 742.44 16.61 78 4.92 0
10:33 742.44 16.61 77 3.58 0
10:34 742.44 16.61 77 3.58 0
10:35 742.44 16.67 77 3.13 0
10:36 742.44 16.72 77 4.47 0
10:37 742.44 16.72 77 4.47 0
10:38 742.44 16.78 77 4.47 0
10:39 742.44 16.78 77 1.79 0
10:40 742.44 16.78 77 3.58 0
10:41 742.44 16.83 77 2.68 0
10:42 742.44 16.83 76 3.58 0
10:43 742.44 16.83 76 4.02 0
10:44 742.44 16.83 76 2.68 0
10:45 742.44 16.83 76 3.58 0
10:46 742.44 16.83 76 4.92 0
10:47 742.44 16.83 76 3.58 0
10:48 742.44 16.83 76 3.13 0
10:49 742.44 16.83 76 3.13 0
10:50 742.44 16.89 76 3.13 0
10:51 742.44 16.89 75 3.13 0
10:52 742.44 16.94 75 3.58 0
10:53 742.44 16.94 75 2.68 0
10:54 742.44 16.94 75 1.34 0
10:55 742.44 16.94 75 2.68 0
10:56 742.44 16.94 75 4.47 0
10:57 742.44 16.89 75 3.58 0
10:58 742.44 16.89 75 2.24 0
10:59 742.44 16.83 75 1.79 0
11:00 742.44 16.83 75 1.79 0
11:01 742.44 16.89 76 3.58 0
11:02 742.44 16.83 75 2.68 0
11:03 742.44 16.89 76 3.58 0
11:04 742.44 16.89 76 4.92 0
11:05 742.44 16.83 75 4.02 0
11:06 742.44 16.83 75 3.13 0
11:07 742.44 16.78 75 3.58 0
11:08 742.44 16.78 76 3.13 0
11:09 742.44 16.83 76 4.47 0
11:10 742.44 16.89 75 3.13 0
11:11 742.44 16.89 75 2.24 0
11:12 742.44 16.89 75 3.58 0
11:13 742.44 16.94 75 3.13 0
11:14 742.44 16.94 75 1.34 0
11:15 742.44 17 75 1.79 0
11:16 742.44 17 75 4.47 0
11:17 742.44 16.94 74 1.79 0
11:18 742.44 16.94 74 1.34 0
11:19 742.44 16.94 74 2.68 0
11:20 742.44 16.89 75 3.58 0
11:21 742.44 16.89 75 3.13 0
11:22 742.44 16.89 75 3.58 0
11:23 742.44 16.83 75 2.68 0
11:24 742.44 16.83 76 3.13 0
11:25 742.44 16.83 76 3.58 0
11:26 742.44 16.83 75 1.79 0
11:27 742.44 16.89 76 2.24 0
11:28 742.44 16.89 76 1.34 0
11:29 742.44 16.89 76 1.79 0
11:30 742.19 16.89 76 1.79 0
11:31 742.19 16.89 76 3.13 0
11:32 742.44 16.89 76 1.34 0
11:33 742.44 16.89 76 1.79 0
11:34 742.19 16.94 76 2.68 0
11:35 742.44 16.89 76 3.13 0
11:36 742.44 16.89 76 3.13 0
11:37 742.19 16.94 76 3.13 0
11:38 742.19 16.89 76 4.47 0
11:39 742.19 16.89 76 4.02 0
11:40 742.19 16.89 76 3.13 0
11:41 742.19 16.83 76 1.34 0
11:42 742.19 16.83 77 1.79 0
11:43 742.19 16.83 77 3.13 0
11:44 742.19 16.83 77 4.47 0
11:45 742.19 16.83 77 3.58 0
11:46 742.19 16.78 77 1.34 0
11:47 742.19 16.83 77 2.68 0
11:48 742.19 16.83 77 3.13 0
11:49 742.19 16.78 77 2.24 0
11:50 742.19 16.78 77 3.13 0
11:51 742.19 16.78 77 3.58 0
11:52 742.19 16.78 77 1.34 0
11:53 742.19 16.78 77 2.24 0
11:54 742.19 16.78 77 4.47 0
11:55 742.19 16.78 77 4.47 0
11:56 742.19 16.72 77 3.58 0
11:57 742.19 16.67 77 2.24 0
11:58 742.19 16.72 78 .45 0
11:59 742.19 16.72 79 2.24 0
12:00 742.19 16.67 79 3.13 0
12:01 742.19 16.67 78 3.13 0
12:02 742.19 16.67 79 3.13 0
12:03 742.19 16.61 78 4.92 0
12:04 742.19 16.56 78 4.02 0
12:05 742.19 16.5 77 3.13 0
12:06 742.19 16.44 78 3.58 0
12:07 742.19 16.44 78 3.58 0
12:08 742.19 16.39 79 3.13 0
12:09 742.19 16.33 79 3.13 0
12:10 742.19 16.33 79 3.13 0
12:11 742.19 16.28 79 2.24 0
12:12 742.19 16.28 80 2.24 0
12:13 742.19 16.28 80 4.02 0
12:14 742.19 16.17 80 1.34 0
12:15 742.19 16.17 80 2.68 0
12:16 742.19 16.17 80 2.24 0
12:17 742.19 16.17 81 1.79 0
12:18 742.19 16.11 81 1.34 0
12:19 742.19 16.11 81 2.68 0
12:20 742.19 16.11 81 3.58 0
12:21 742.19 16.11 82 2.24 0
12:22 742.19 16.11 82 2.24 0
12:23 742.19 16.06 82 1.79 0
12:24 742.19 16.06 82 2.68 0
12:25 742.19 16 82 3.13 0
12:26 742.19 16 82 2.24 0
12:27 742.19 16 83 1.79 0
12:28 742.19 16 83 2.24 0
12:29 742.19 16 83 4.02 0
12:30 742.19 15.94 83 2.24 0
12:31 742.19 15.94 83 2.24 0
12:32 742.19 15.94 83 1.79 0
12:33 742.19 15.94 84 1.79 0
12:34 742.19 15.94 84 0 0
12:35 742.19 15.89 84 1.34 0
12:36 742.19 15.89 84 2.24 0
12:37 742.19 15.83 84 1.34 0
12:38 742.19 15.83 84 2.24 0
12:39 742.19 15.83 84 2.24 0
12:40 742.19 15.78 84 3.13 0
12:41 742.19 15.78 84 1.34 0
12:42 742.19 15.83 84 2.24 0
12:43 741.93 15.78 84 2.24 0
12:44 742.19 15.78 84 1.79 0
12:45 742.19 15.78 85 1.79 0
12:46 741.93 15.78 85 1.79 0
12:47 741.93 15.78 85 3.13 0
12:48 741.93 15.83 85 2.68 0
12:49 741.93 15.78 85 1.34 0
12:50 741.93 15.83 85 1.79 0
12:51 741.93 15.78 85 1.34 0
12:52 741.93 15.78 86 .89 0
12:53 741.93 15.83 86 .89 0
12:54 741.93 15.89 86 .45 0
12:55 741.93 15.89 86 1.34 0
12:56 741.93 15.89 87 2.24 0
12:57 741.93 15.94 87 1.34 0
12:58 741.93 15.83 86 2.24 0
12:59 741.93 15.83 86 1.79 0
13:00 741.93 15.83 86 2.24 0
13:01 741.93 15.78 86 .89 0
13:02 741.93 15.78 86 1.34 0
13:03 741.93 15.78 87 .89 0
13:04 741.93 15.83 87 1.34 0
13:05 741.93 15.83 87 .89 0
13:06 741.68 15.94 87 1.34 0
13:07 741.93 15.94 88 1.34 0
13:08 741.68 15.94 87 1.34 0
13:09 741.68 15.94 87 .89 0
13:10 741.68 15.94 87 .89 0
13:11 741.68 15.89 87 1.34 0
13:12 741.68 15.89 87 1.79 0
13:13 741.68 15.89 87 2.68 0
13:14 741.68 15.89 87 1.79 0
13:15 741.68 15.89 87 1.79 0
13:16 741.68 15.83 87 .89 0
13:17 741.68 15.89 87 1.34 0
13:18 741.68 15.94 87 2.24 0
13:19 741.68 15.94 87 2.24 0
13:20 741.68 16 87 2.24 0
13:21 741.68 16 87 2.24 0
13:22 741.68 16 87 1.79 0
13:23 741.68 16 87 2.68 0
13:24 741.68 16.11 87 1.79 0
13:25 741.68 16.11 87 1.79 0
13:26 741.68 16.11 87 1.79 0
13:27 741.68 16.17 87 1.79 0
13:28 741.68 16.17 87 2.24 0
13:29 741.68 16.22 87 3.58 0
13:30 741.68 16.11 86 3.13 0
13:31 741.68 16.06 85 2.24 0
13:32 741.43 16.11 86 .45 0
13:33 741.43 16.11 86 1.79 0
13:34 741.43 16.06 86 1.79 0
13:35 741.43 16.06 86 2.68 0
13:36 741.43 16.06 86 1.34 0
13:37 741.43 16.06 86 2.24 0
13:38 741.43 16.06 86 3.58 0
13:39 741.43 16 86 3.13 0
13:40 741.43 16 86 4.02 0
13:41 741.43 16 86 3.58 0
13:42 741.43 16.06 86 3.13 0
13:43 741.43 16 86 2.24 0
13:44 741.43 16 86 4.02 0
13:45 741.43 16.06 86 3.13 0
13:46 741.17 16 86 3.13 0
13:47 741.43 16.06 86 3.13 0
13:48 741.43 16 87 3.13 0
13:49 741.43 16.06 86 4.02 0
13:50 741.17 16 86 2.68 0
13:51 741.17 16 86 .89 0
13:52 741.43 16.11 87 4.47 0
13:53 741.17 16.06 87 3.13 0
13:54 741.17 16.06 87 .89 0
13:55 741.17 16.06 87 4.47 0
13:56 741.17 16 86 4.02 0
13:57 741.17 16 86 1.79 0
13:58 741.17 15.94 87 2.24 0
13:59 741.17 16 87 5.36 0
14:00 741.17 15.89 87 4.02 0
14:01 741.17 15.89 87 5.36 0
14:02 741.17 15.89 87 4.92 0
14:03 741.17 15.83 87 4.47 0
14:04 741.17 15.78 87 2.68 0
14:05 741.17 15.78 87 2.68 0
14:06 741.17 15.72 87 2.68 0
14:07 741.17 15.78 88 4.47 0
14:08 741.17 15.72 88 4.92 0
14:09 741.17 15.67 88 2.68 0
14:10 741.17 15.67 88 1.34 0
14:11 741.17 15.67 88 4.02 0
14:12 741.17 15.67 88 .89 0
14:13 741.17 15.67 89 3.13 1.02
14:14 741.17 15.67 89 .89 1.02
14:15 741.17 15.61 89 1.79 1.02
14:16 741.17 15.67 89 1.79 1.02
14:17 741.17 15.61 89 3.58 1.02
14:18 741.17 15.56 89 3.13 1.02
14:19 741.17 15.56 89 2.68 2.29
14:20 741.17 15.56 89 1.79 2.29
14:21 741.17 15.56 90 2.68 2.29
14:22 741.17 15.56 90 2.68 2.29
14:23 741.17 15.56 90 2.68 2.29
14:24 741.17 15.5 90 3.13 2.29
14:25 741.17 15.5 90 .45 2.29
14:26 741.17 15.56 90 2.24 2.03
14:27 740.92 15.5 90 2.68 1.78
14:28 740.92 15.44 90 3.13 1.52
14:29 741.17 15.44 90 4.02 1.52
14:30 740.92 15.5 90 1.79 1.27
14:31 741.17 15.5 89 .89 1.27
14:32 740.92 15.5 90 3.58 1.02
14:33 740.92 15.44 89 1.79 1.02
14:34 740.92 15.44 89 4.47 1.02
14:35 740.92 15.39 89 4.92 1.02
14:36 740.92 15.44 89 2.24 0
14:37 740.92 15.44 89 1.79 0
14:38 740.92 15.39 89 2.68 0
14:39 740.92 15.44 89 3.58 0
14:40 740.92 15.44 89 2.24 0
14:41 740.92 15.44 89 5.81 0
14:42 740.92 15.39 88 2.68 0
14:43 740.92 15.39 89 2.68 0
14:44 740.92 15.39 89 3.58 0
14:45 740.92 15.39 89 1.79 0
14:46 740.92 15.39 89 2.68 0
14:47 740.92 15.39 89 3.58 0
14:48 740.92 15.33 89 3.58 0
14:49 740.92 15.33 89 2.24 0
14:50 740.92 15.39 89 4.02 0
14:51 740.92 15.39 89 5.81 0
14:52 740.92 15.33 89 1.34 0
14:53 740.92 15.33 89 4.02 0
14:54 740.92 15.33 89 4.02 0
14:55 740.92 15.33 89 1.79 0
14:56 740.92 15.33 90 2.24 0
14:57 740.66 15.33 90 3.58 0
14:58 740.92 15.33 90 4.92 0
14:59 740.66 15.33 90 4.47 0
15:00 740.92 15.28 89 2.68 0
15:01 740.66 15.33 89 4.02 0
15:02 740.66 15.33 89 2.24 0
15:03 740.92 15.33 89 4.92 0
15:04 740.66 15.33 89 2.24 0
15:05 740.66 15.33 89 2.24 0
15:06 740.66 15.33 89 3.13 0
15:07 740.66 15.28 89 5.36 0
15:08 740.66 15.28 89 3.13 0
15:09 740.66 15.28 89 5.36 0
15:10 740.66 15.22 89 2.24 0
15:11 740.66 15.28 89 3.58 0
15:12 740.66 15.28 89 2.68 0
15:13 740.66 15.28 89 2.24 0
15:14 740.66 15.28 89 2.68 0
15:15 740.66 15.28 89 2.68 0
15:16 740.66 15.28 89 2.68 0
15:17 740.66 15.28 89 3.13 0
15:18 740.66 15.28 89 2.24 0
15:19 740.66 15.22 90 1.79 0
15:20 740.66 15.28 90 4.47 0
15:21 740.66 15.22 90 2.68 0
15:22 740.41 15.22 90 3.13 0
15:23 740.41 15.22 90 5.81 0
15:24 740.66 15.22 89 2.24 0
15:25 740.66 15.22 89 3.58 0
15:26 740.66 15.22 89 3.58 0
15:27 740.66 15.22 89 3.58 0
15:28 740.66 15.22 90 4.47 0
15:29 740.66 15.22 89 3.58 0
15:30 740.66 15.22 89 4.02 0
15:31 740.41 15.28 90 3.58 0
15:32 740.41 15.28 90 1.79 0
15:33 740.66 15.28 90 3.58 0
15:34 740.41 15.28 90 4.47 0
15:35 740.41 15.28 90 3.13 0
15:36 740.41 15.28 90 2.24 0
15:37 740.41 15.33 90 4.92 0
15:38 740.41 15.33 90 3.13 0
15:39 740.41 15.28 90 3.13 0
15:40 740.41 15.33 90 3.13 0
15:41 740.41 15.33 90 4.02 0
15:42 740.41 15.33 90 2.24 0
15:43 740.41 15.33 90 2.68 0
15:44 740.41 15.33 90 3.13 0
15:45 740.41 15.39 90 3.58 0
15:46 740.41 15.33 90 4.47 0
15:47 740.41 15.33 90 5.36 0
15:48 740.41 15.33 90 3.13 0
15:49 740.41 15.28 90 5.36 0
15:50 740.41 15.33 90 3.13 0
15:51 740.41 15.33 91 4.92 0
15:52 740.41 15.28 91 2.68 0
15:53 740.41 15.28 91 2.68 0
15:54 740.41 15.28 91 2.68 0
15:55 740.41 15.28 91 3.58 0
15:56 740.41 15.28 91 4.02 0
15:57 740.41 15.28 91 2.68 0
15:58 740.41 15.28 91 7.15 0
15:59 740.41 15.22 91 3.58 0
16:00 740.16 15.28 91 6.71 0
16:01 740.16 15.22 91 5.81 0
16:02 740.16 15.22 91 2.68 0
16:03 740.41 15.22 91 4.47 0
16:04 740.16 15.22 91 3.13 0
16:05 740.16 15.28 91 3.13 0
16:06 740.16 15.28 91 2.68 0
16:07 740.16 15.28 92 7.15 0
16:08 740.16 15.28 92 4.92 0
16:09 740.16 15.28 92 2.68 0
16:10 740.16 15.28 92 2.68 0
16:11 740.16 15.33 92 4.47 0
16:12 740.16 15.39 92 3.58 0
16:13 740.16 15.39 92 3.13 0
16:14 740.16 15.33 92 3.58 0
16:15 740.16 15.39 92 2.24 0
16:16 740.16 15.39 92 4.47 0
16:17 740.16 15.39 92 1.79 0
16:18 740.16 15.44 92 2.68 0
16:19 740.16 15.39 92 1.34 0
16:20 740.16 15.44 92 2.68 0
16:21 740.16 15.44 92 2.24 0
16:22 740.16 15.44 92 2.68 0
16:23 740.16 15.5 92 2.68 0
16:24 740.16 15.5 92 3.13 0
16:25 740.16 15.5 91 4.02 0
16:26 740.16 15.5 91 2.68 0
16:27 740.16 15.5 91 5.81 0
16:28 740.16 15.5 91 2.24 0
16:29 740.16 15.56 91 2.24 0
16:30 740.16 15.56 91 1.79 0
16:31 740.16 15.56 91 2.68 0
16:32 740.16 15.56 91 2.24 0
16:33 740.16 15.61 91 2.24 0
16:34 740.16 15.56 91 1.79 0
16:35 740.16 15.61 91 .89 0
16:36 740.16 15.67 91 2.24 0
16:37 740.16 15.61 91 1.79 0
16:38 740.16 15.67 91 2.68 0
16:39 740.16 15.61 91 2.68 0
16:40 740.16 15.61 91 1.79 0
16:41 740.16 15.67 91 2.24 0
16:42 740.16 15.67 91 2.68 0
16:43 740.16 15.67 91 2.24 0
16:44 740.16 15.67 91 4.47 0
16:45 740.16 15.67 91 .89 0
16:46 740.16 15.72 91 2.68 0
16:47 740.16 15.67 91 2.24 0
16:48 740.16 15.72 91 3.13 0
16:49 740.16 15.72 91 1.79 0
16:50 740.16 15.72 91 1.79 0
16:51 740.16 15.72 91 3.58 0
16:52 740.16 15.72 91 4.47 0
16:53 740.16 15.72 91 2.24 0
16:54 740.16 15.78 91 1.34 0
16:55 740.16 15.78 91 3.13 0
16:56 740.16 15.83 91 1.34 0
16:57 740.16 15.83 90 2.68 0
16:58 740.16 15.83 90 2.24 0
16:59 740.16 15.83 90 2.68 0
17:00 740.16 15.83 91 .89 0
17:01 740.16 15.89 91 1.79 0
17:02 740.16 15.94 90 2.24 0
17:03 740.16 15.89 91 1.79 0
17:04 740.16 15.94 90 3.13 0
17:05 740.16 15.94 90 2.24 0
17:06 740.16 15.94 90 2.24 0
17:07 740.16 15.94 90 2.24 0
17:08 740.16 16 90 4.02 0
17:09 740.16 16 90 3.13 0
17:10 740.16 16 90 3.58 0
17:11 740.16 16 90 2.68 0
17:12 740.16 16 90 1.79 0
17:13 740.16 16 90 1.79 0
17:14 740.16 16 90 .89 0
17:15 740.16 16 90 3.13 0
17:16 740.16 16 90 2.24 0
17:17 740.16 16 89 3.13 0
17:18 740.16 16 89 4.02 0
17:19 740.16 16 89 2.24 0
17:20 740.16 16 89 2.68 0
17:21 740.16 16 89 3.58 0
17:22 739.9 16.06 89 2.24 0
17:23 740.16 16 89 2.68 0
17:24 740.16 16.06 89 1.79 0
17:25 739.9 16.06 89 1.79 0
17:26 740.16 16.06 89 2.68 0
17:27 740.16 16.06 89 2.68 0
17:28 739.9 16.11 89 1.34 0
17:29 739.9 16.11 89 2.24 0
17:30 739.9 16.11 89 4.47 0
17:31 739.9 16.11 89 2.24 0
17:32 739.9 16.17 88 4.47 0
17:33 739.9 16.17 88 3.13 0
17:34 739.9 16.17 88 3.13 0
17:35 739.9 16.17 88 3.13 0
17:36 739.9 16.17 88 2.68 0
17:37 739.9 16.22 88 3.58 0
17:38 739.9 16.28 88 1.79 0
17:39 739.9 16.28 88 3.13 0
17:40 739.9 16.28 88 3.13 0
17:41 739.9 16.28 88 2.24 0
17:42 739.9 16.28 88 1.34 0
17:43 739.9 16.28 88 2.24 0
17:44 739.9 16.28 88 3.13 0
17:45 739.9 16.33 88 3.58 0
17:46 739.9 16.28 87 4.02 0
17:47 739.9 16.33 87 2.68 0
17:48 739.9 16.33 87 2.24 0
17:49 739.9 16.33 87 2.68 0
17:50 739.9 16.39 87 3.13 0
17:51 739.9 16.33 87 5.36 0
17:52 739.9 16.39 87 2.24 0
17:53 739.9 16.33 87 3.13 0
17:54 739.9 16.33 87 3.58 0
17:55 739.9 16.33 87 2.68 0
17:56 739.9 16.39 87 1.34 0
17:57 739.9 16.39 87 2.68 0
17:58 739.9 16.39 87 2.68 0
17:59 739.9 16.39 87 2.68 0
18:00 739.9 16.44 87 1.79 0
18:01 739.9 16.44 87 2.68 0
18:02 739.9 16.44 87 1.34 0
18:03 739.65 16.44 87 1.34 0
18:04 739.9 16.44 87 2.68 0
18:05 739.9 16.44 87 4.02 0
18:06 739.9 16.44 86 3.13 0
18:07 739.9 16.44 86 3.58 0
18:08 739.9 16.44 86 2.24 0
18:09 739.9 16.44 86 2.68 0
18:10 739.9 16.44 86 1.79 0
18:11 739.9 16.44 86 3.58 0
18:12 739.9 16.39 86 3.13 0
18:13 739.9 16.39 86 2.68 0
18:14 739.9 16.39 86 2.68 0
18:15 739.9 16.39 86 2.24 0
18:16 739.65 16.44 86 2.24 0
18:17 739.65 16.39 86 2.68 0
18:18 739.65 16.39 86 3.13 0
18:19 739.65 16.39 86 2.68 0
18:20 739.65 16.39 86 2.68 0
18:21 739.65 16.44 86 1.79 0
18:22 739.65 16.33 86 3.58 0
18:23 739.65 16.39 86 2.68 0
18:24 739.65 16.33 86 1.34 0
18:25 739.65 16.39 86 2.68 0
18:26 739.65 16.39 86 1.79 0
18:27 739.65 16.39 86 1.79 0
18:28 739.65 16.44 86 1.79 0
18:29 739.65 16.44 86 3.13 0
18:30 739.65 16.5 86 2.24 0
18:31 739.65 16.56 86 2.24 0
18:32 739.65 16.56 86 2.24 0
18:33 739.65 16.56 86 1.79 0
18:34 739.65 16.61 86 2.24 0
18:35 739.65 16.56 86 2.24 0
18:36 739.65 16.61 86 1.34 0
18:37 739.65 16.56 86 2.68 0
18:38 739.65 16.56 86 1.79 0
18:39 739.65 16.61 86 1.79 0
18:40 739.65 16.61 86 1.34 0
18:41 739.65 16.61 86 1.34 0
18:42 739.65 16.61 86 2.24 0
18:43 739.65 16.61 86 1.34 0
18:44 739.65 16.56 86 3.13 0
18:45 739.65 16.56 86 2.24 0
18:46 739.65 16.56 86 2.24 0
18:47 739.65 16.56 86 1.34 0
18:48 739.65 16.56 86 3.13 0
18:49 739.65 16.56 86 2.68 0
18:50 739.65 16.56 86 3.13 0
18:51 739.65 16.56 86 1.79 0
18:52 739.65 16.56 86 4.02 0
18:53 739.65 16.56 86 2.68 0
18:54 739.65 16.56 86 4.02 0
18:55 739.65 16.56 86 2.68 0
18:56 739.65 16.56 86 2.68 0
18:57 739.65 16.61 86 1.79 0
18:58 739.65 16.61 86 1.79 0
18:59 739.65 16.56 86 .89 0
19:00 739.65 16.61 86 1.34 0
19:01 739.65 16.61 86 1.34 0
19:02 739.65 16.61 86 .89 0
19:03 739.65 16.61 86 2.24 0
19:04 739.65 16.61 86 2.68 0
19:05 739.39 16.61 86 2.24 0
19:06 739.65 16.67 86 .89 0
19:07 739.65 16.67 86 .45 0
19:08 739.39 16.67 86 2.24 0
19:09 739.39 16.67 86 1.34 0
19:10 739.39 16.67 86 1.34 0
19:11 739.39 16.67 86 .89 0
19:12 739.39 16.72 86 0 0
19:13 739.65 16.72 86 2.24 0
19:14 739.39 16.72 86 2.24 0
19:15 739.39 16.72 86 2.24 0
19:16 739.39 16.72 86 1.79 0
19:17 739.39 16.78 86 1.34 0
19:18 739.39 16.83 86 1.34 0
19:19 739.39 16.83 86 1.34 0
19:20 739.39 16.89 86 .89 0
19:21 739.39 16.89 86 .89 0
19:22 739.39 16.89 86 .45 0
19:23 739.39 16.89 86 1.79 0
19:24 739.39 16.89 86 3.13 0
19:25 739.39 16.94 86 1.34 0
19:26 739.39 16.94 86 1.79 0
19:27 739.39 17 86 1.34 0
19:28 739.39 16.94 86 1.79 0
19:29 739.39 16.94 85 1.79 0
19:30 739.39 16.94 85 .89 0
19:31 739.39 16.94 85 2.24 0
19:32 739.39 16.94 85 1.34 0
19:33 739.39 16.94 85 1.79 0
19:34 739.39 16.89 85 2.24 0
19:35 739.39 16.89 85 3.13 0
19:36 739.39 16.89 85 2.24 0
19:37 739.39 16.89 85 2.24 0
19:38 739.39 16.83 85 2.24 0
19:39 739.39 16.89 85 1.79 0
19:40 739.39 16.89 85 1.79 0
19:41 739.39 16.89 85 1.79 0
19:42 739.39 16.89 85 1.79 0
19:43 739.39 16.89 85 .89 0
19:44 739.39 16.89 85 1.34 0
19:45 739.39 16.89 85 1.34 0
19:46 739.39 16.89 86 1.79 0
19:47 739.39 16.83 86 1.79 0
19:48 739.39 16.89 85 2.24 0
19:49 739.39 16.89 85 2.68 0
19:50 739.39 16.83 85 2.68 0
19:51 739.39 16.83 85 1.34 0
19:52 739.39 16.83 85 1.79 0
19:53 739.39 16.83 85 2.68 0
19:54 739.39 16.83 85 1.34 0
19:55 739.39 16.89 85 1.34 0
19:56 739.39 16.89 85 1.79 0
19:57 739.39 16.89 85 1.79 0
19:58 739.39 16.83 85 1.79 0
19:59 739.39 16.83 85 1.34 0
20:00 739.39 16.89 85 .89 0
20:01 739.39 16.89 85 1.34 0
20:02 739.39 16.89 85 .89 0
20:03 739.39 16.89 85 1.34 0
20:04 739.39 16.89 85 .89 0
20:05 739.39 16.89 85 1.34 0
20:06 739.39 16.89 85 1.34 0
20:07 739.39 16.83 85 2.24 0
20:08 739.65 16.83 86 1.34 0
20:09 739.65 16.83 86 .89 0
20:10 739.65 16.78 86 .45 0
20:11 739.39 16.78 86 .45 0
20:12 739.65 16.78 86 .45 0
20:13 739.65 16.78 86 .89 0
20:14 739.39 16.78 86 .45 0
20:15 739.65 16.78 86 .89 0
20:16 739.65 16.78 86 .89 0
20:17 739.65 16.72 86 .45 0
20:18 739.65 16.72 86 .45 0
20:19 739.65 16.78 86 0 0
20:20 739.65 16.72 86 .89 0
20:21 739.65 16.72 86 0 0
20:22 739.65 16.72 86 .89 0
20:23 739.65 16.72 86 .89 0
20:24 739.65 16.72 86 1.34 0
20:25 739.65 16.72 86 .89 0
20:26 739.65 16.72 87 .45 0
20:27 739.65 16.67 87 .89 0
20:28 739.65 16.67 87 .45 0
20:29 739.65 16.67 87 .89 0
20:30 739.65 16.67 87 .89 0
20:31 739.65 16.67 87 .89 0
20:32 739.65 16.67 87 1.34 0
20:33 739.65 16.67 87 .89 0
20:34 739.65 16.67 87 1.79 0
20:35 739.65 16.67 87 1.34 0
20:36 739.65 16.67 87 1.79 0
20:37 739.65 16.67 87 1.34 0
20:38 739.65 16.67 87 .89 0
20:39 739.65 16.67 87 .45 0
20:40 739.65 16.67 87 1.79 0
20:41 739.65 16.61 87 .45 0
20:42 739.65 16.61 87 1.34 0
20:43 739.65 16.61 87 .89 0
20:44 739.65 16.61 87 .89 0
20:45 739.65 16.61 87 1.79 0
20:46 739.65 16.61 87 .89 0
20:47 739.65 16.61 87 .89 0
20:48 739.65 16.56 87 1.34 0
20:49 739.65 16.56 87 1.34 0
20:50 739.65 16.56 87 .89 0
20:51 739.65 16.56 87 1.34 0
20:52 739.65 16.56 87 .89 0
20:53 739.65 16.56 87 2.24 0
20:54 739.65 16.56 87 1.34 0
20:55 739.65 16.56 87 1.34 0
20:56 739.65 16.56 87 .89 0
20:57 739.65 16.56 87 1.34 0
20:58 739.65 16.56 87 .45 0
20:59 739.65 16.56 87 1.34 0
21:00 739.65 16.56 87 .45 0
21:01 739.65 16.56 87 .89 0
21:02 739.65 16.5 87 1.34 0
21:03 739.65 16.5 87 .89 0
21:04 739.65 16.5 87 1.79 0
21:05 739.65 16.5 87 .45 0
21:06 739.65 16.5 87 1.34 0
21:07 739.65 16.5 87 .89 0
21:08 739.65 16.5 87 .89 0
21:09 739.65 16.44 87 .45 0
21:10 739.65 16.44 87 1.34 0
21:11 739.65 16.44 87 .89 0
21:12 739.65 16.44 87 1.79 0
21:13 739.65 16.44 87 1.79 0
21:14 739.65 16.39 87 .45 0
21:15 739.65 16.39 87 1.34 0
21:16 739.65 16.39 87 1.34 0
21:17 739.65 16.39 87 1.34 0
21:18 739.65 16.39 87 1.34 0
21:19 739.65 16.33 87 .89 0
21:20 739.65 16.33 87 1.34 0
21:21 739.65 16.33 87 1.34 0
21:22 739.65 16.33 87 .89 0
21:23 739.65 16.33 87 .89 0
21:24 739.65 16.33 87 1.34 0
21:25 739.65 16.33 87 .89 0
21:26 739.65 16.28 88 .89 0
21:27 739.65 16.28 88 .89 0
21:28 739.65 16.28 88 .89 0
21:29 739.65 16.28 87 .89 0
21:30 739.65 16.28 87 .89 0
21:31 739.65 16.28 87 .89 0
21:32 739.65 16.28 87 .89 0
21:33 739.65 16.28 87 .45 0
21:34 739.65 16.28 87 .89 0
21:35 739.65 16.22 87 .89 0
21:36 739.65 16.22 88 .89 0
21:37 739.9 16.22 88 .45 0
21:38 739.65 16.17 88 .89 0
21:39 739.65 16.17 88 .89 0
21:40 739.65 16.17 88 0 0
21:41 739.9 16.17 88 0 0
21:42 739.65 16.17 88 0 0
21:43 739.9 16.11 88 0 0
21:44 739.9 16.06 88 0 0
21:45 739.9 16.11 88 0 0
21:46 739.9 16.06 88 0 0
21:47 739.9 16.06 88 0 0
21:48 739.9 16 88 0 0
21:49 739.9 16 88 0 0
21:50 739.9 16 88 0 0
21:51 739.9 15.94 88 0 0
21:52 739.9 15.94 88 0 0
21:53 739.9 15.89 89 0 0
21:54 739.9 15.89 89 0 0
21:55 739.9 15.83 89 0 0
21:56 739.9 15.83 89 0 0
21:57 739.9 15.83 89 0 0
21:58 739.9 15.78 89 0 0
21:59 739.9 15.78 90 0 0
22:00 739.65 15.78 90 0 0
22:01 739.65 15.72 90 0 0
22:02 739.65 15.72 90 0 0
22:03 739.9 15.72 90 0 0
22:04 739.65 15.72 90 0 0
22:05 739.65 15.67 90 0 0
22:06 739.65 15.72 90 0 0
22:07 739.65 15.67 90 0 0
22:08 739.65 15.72 90 0 0
22:09 739.65 15.67 90 0 0
22:10 739.65 15.67 90 0 0
22:11 739.65 15.67 90 0 0
22:12 739.65 15.67 90 0 0
22:13 739.65 15.61 90 0 0
22:14 739.65 15.61 90 0 0
22:15 739.65 15.56 90 0 0
22:16 739.65 15.56 90 0 0
22:17 739.65 15.56 90 0 0
22:18 739.65 15.56 90 0 0
22:19 739.65 15.5 90 0 0
22:20 739.65 15.5 90 0 0
22:21 739.65 15.44 90 0 0
22:22 739.65 15.44 90 0 0
22:23 739.65 15.39 90 0 0
22:24 739.65 15.39 90 0 0
22:25 739.65 15.33 90 0 0
22:26 739.65 15.33 90 0 0
22:27 739.65 15.28 90 0 0
22:28 739.65 15.28 90 0 0
22:29 739.65 15.22 90 0 0
22:30 739.65 15.22 90 0 0
22:31 739.65 15.17 90 0 0
22:32 739.65 15.11 90 0 0
22:33 739.65 15.06 90 0 0
22:34 739.65 15.06 90 0 0
22:35 739.65 15 90 0 0
22:36 739.65 14.94 90 0 0
22:37 739.65 14.94 90 0 0
22:38 739.65 14.89 90 0 0
22:39 739.65 14.78 90 0 0
22:40 739.65 14.78 91 0 0
22:41 739.65 14.72 91 0 0
22:42 739.65 14.72 91 0 0
22:43 739.65 14.72 91 0 0
22:44 739.65 14.67 91 0 0
22:45 739.65 14.67 91 0 0
22:46 739.65 14.67 91 0 0
22:47 739.9 14.67 92 0 0
22:48 739.65 14.72 92 0 0
22:49 739.65 14.78 92 0 0
22:50 739.65 14.78 92 0 0
22:51 739.65 14.78 92 0 0
22:52 739.9 14.78 92 0 0
22:53 739.9 14.78 92 0 0
22:54 739.9 14.78 92 0 0
22:55 739.65 14.78 92 0 0
22:56 739.65 14.78 92 0 0
22:57 739.65 14.78 92 0 0
22:58 739.65 14.78 92 0 0
22:59 739.65 14.83 92 0 0
23:00 739.65 14.83 92 0 0
23:01 739.65 14.89 92 0 0
23:02 739.65 14.89 92 0 0
23:03 739.65 14.89 92 0 0
23:04 739.65 14.89 92 0 0
23:05 739.65 14.89 92 0 0
23:06 739.65 14.89 92 0 0
23:07 739.65 14.89 92 0 0
23:08 739.65 14.89 92 0 0
23:09 739.65 14.89 92 0 0
23:10 739.65 14.83 92 0 0
23:11 739.65 14.83 92 0 0
23:12 739.65 14.83 92 0 0
23:13 739.65 14.78 92 0 0
23:14 739.65 14.78 92 0 0
23:15 739.65 14.78 92 0 0
23:16 739.65 14.72 92 0 0
23:17 739.65 14.72 92 0 0
23:18 739.65 14.72 92 0 0
23:19 739.65 14.72 92 0 0
23:20 739.65 14.67 92 0 0
23:21 739.65 14.67 92 0 0
23:22 739.65 14.61 92 0 0
23:23 739.65 14.56 92 0 0
23:24 739.65 14.56 92 0 0
23:25 739.65 14.5 92 0 0
23:26 739.65 14.5 92 0 0
23:27 739.39 14.5 92 0 0
23:28 739.65 14.44 92 0 0
23:29 739.65 14.44 92 0 0
23:30 739.65 14.44 92 0 0
23:31 739.65 14.39 92 0 0
23:32 739.65 14.39 92 0 0
23:33 739.65 14.33 92 0 0
23:34 739.39 14.39 92 0 0
23:35 739.39 14.33 93 0 0
23:36 739.65 14.33 92 0 0
23:37 739.39 14.28 92 0 0
23:38 739.39 14.28 92 0 0
23:39 739.39 14.17 92 0 0
23:40 739.39 14.11 92 0 0
23:41 739.65 14.11 92 0 0
23:42 739.39 14.06 92 0 0
23:43 739.65 14.06 92 0 0
23:44 739.39 14 92 0 0
23:45 739.39 13.94 92 0 0
23:46 739.65 13.94 92 0 0
23:47 739.65 13.94 92 0 0
23:48 739.65 14 93 0 0
23:49 739.65 14 93 0 0
23:50 739.65 14.06 93 0 0
23:51 739.65 14.06 93 0 0
23:52 739.65 14.06 93 0 0
23:53 739.65 14.11 93 0 0
23:54 739.65 14.11 93 0 0
23:55 739.65 14.17 93 0 0
23:56 739.39 14.17 93 0 0
23:57 739.65 14.17 93 0 0
23:58 739.65 14.22 93 0 0
23:59 739.65 14.22 93 0 0
