00:00 745.7 15.5 86 4 0
00:01 745.7 15.5 86 3.6 0
00:02 745.7 15.5 86 3.6 0
00:03 745.7 15.5 86 3.1 0
00:04 745.7 15.5 86 3.6 0
00:05 745.7 15.5 86 2.2 0
00:06 745.7 15.5 86 3.1 0
00:07 745.7 15.5 86 4 0
00:08 745.7 15.5 86 4 0
00:09 745.7 15.4 86 3.6 0
00:10 745.7 15.4 86 2.7 0
00:11 745.7 15.4 86 2.7 0
00:12 745.7 15.4 86 2.2 0
00:13 745.7 15.4 86 2.7 0
00:14 745.7 15.4 86 2.7 0
00:15 745.7 15.4 86 3.1 0
00:16 745.7 15.4 86 3.1 0
00:17 745.7 15.3 86 4 0
00:18 745.7 15.3 86 3.6 0
00:19 745.7 15.3 86 3.1 0
00:20 745.7 15.3 86 3.1 0
00:21 745.7 15.3 86 2.2 0
00:22 745.7 15.3 86 2.7 0
00:23 745.7 15.3 86 3.1 0
00:24 745.7 15.3 86 3.6 0
00:25 745.7 15.3 86 2.7 0
00:26 745.7 15.3 86 2.7 0
00:27 745.7 15.3 86 2.2 0
00:28 745.7 15.3 86 3.6 0
00:29 745.7 15.3 86 3.1 0
00:30 745.7 15.3 86 3.1 0
00:31 745.7 15.3 86 1.8 0
00:32 745.7 15.3 86 2.7 0
00:33 745.7 15.3 86 2.7 0
00:34 745.7 15.3 86 3.6 0
00:35 745.7 15.3 86 2.2 0
00:36 745.7 15.3 86 2.2 0
00:37 745.7 15.2 86 2.2 0
00:38 745.7 15.2 86 2.7 0
00:39 745.7 15.2 85 3.1 0
00:40 745.7 15.2 85 4.5 0
00:41 745.7 15.2 85 3.1 0
00:42 745.7 15.2 85 3.1 0
00:43 745.7 15.2 85 2.7 0
00:44 745.7 15.2 85 2.2 0
00:45 745.7 15.2 85 2.2 0
00:46 745.7 15.2 85 .9 0
00:47 745.7 15.2 85 2.2 0
00:48 745.7 15.2 85 3.1 0
00:49 745.7 15.2 85 3.6 0
00:50 745.7 15.2 85 3.1 0
00:51 745.7 15.2 85 3.1 0
00:52 745.7 15.2 85 2.2 0
00:53 745.7 15.2 85 2.2 0
00:54 745.7 15.2 85 3.1 0
00:55 745.7 15.2 85 3.6 0
00:56 745.7 15.2 85 3.1 0
00:57 745.7 15.2 85 2.2 0
00:58 745.7 15.2 85 2.2 0
00:59 745.7 15.2 85 1.8 0
01:00 745.6 15.2 85 2.2 0
01:01 745.6 15.2 85 2.7 0
01:02 745.6 15.2 85 2.2 0
01:03 745.6 15.2 85 1.3 0
01:04 745.6 15.2 85 2.2 0
01:05 745.6 15.1 85 3.1 0
01:06 745.6 15.1 85 1.8 0
01:07 745.6 15.1 85 2.2 0
01:08 745.6 15.1 85 3.6 0
01:09 745.6 15.1 85 3.1 0
01:10 745.6 15.1 85 3.6 0
01:11 745.6 15.1 85 2.2 0
01:12 745.6 15.1 85 3.1 0
01:13 745.6 15.1 85 2.7 0
01:14 745.6 15.1 85 3.6 0
01:15 745.6 15.1 85 2.7 0
01:16 745.6 15.1 85 .9 0
01:17 745.6 15.1 85 1.3 0
01:18 745.6 15 85 2.2 0
01:19 745.6 15 85 2.2 0
01:20 745.6 15 85 1.8 0
01:21 745.6 15 85 1.3 0
01:22 745.6 15 85 2.2 0
01:23 745.6 15 85 1.8 0
01:24 745.6 14.9 86 .9 0
01:25 745.6 14.9 86 1.8 0
01:26 745.6 14.9 86 2.7 0
01:27 745.6 14.9 86 3.1 0
01:28 745.6 14.9 86 2.7 0
01:29 745.6 14.8 86 2.2 0
01:30 745.5 14.8 86 1.8 0
01:31 745.5 14.8 86 2.2 0
01:32 745.5 14.7 86 2.7 0
01:33 745.5 14.7 86 2.2 0
01:34 745.5 14.7 86 2.2 0
01:35 745.5 14.7 86 2.2 0
01:36 745.5 14.7 86 3.1 0
01:37 745.5 14.7 87 2.2 0
01:38 745.5 14.7 87 2.7 0
01:39 745.5 14.7 87 1.8 0
01:40 745.5 14.7 87 2.2 0
01:41 745.5 14.7 87 4 0
01:42 745.5 14.7 87 2.7 0
01:43 745.5 14.6 87 2.2 0
01:44 745.5 14.6 87 1.3 0
01:45 745.5 14.6 87 2.2 0
01:46 745.5 14.6 87 2.7 0
01:47 745.5 14.6 87 2.2 0
01:48 745.5 14.6 87 2.7 0
01:49 745.5 14.6 87 2.2 0
01:50 745.5 14.6 87 1.8 0
01:51 745.5 14.5 87 1.3 0
01:52 745.5 14.5 87 1.8 0
01:53 745.5 14.5 87 2.2 0
01:54 745.5 14.5 87 1.8 0
01:55 745.5 14.5 87 1.8 0
01:56 745.5 14.5 87 1.3 0
01:57 745.5 14.5 87 1.8 0
01:58 745.5 14.5 87 2.7 0
01:59 745.5 14.4 87 2.2 0
02:00 745.6 14.4 87 1.3 0
02:01 745.6 14.4 87 1.8 0
02:02 745.6 14.4 87 1.8 0
02:03 745.6 14.4 87 1.8 0
02:04 745.6 14.4 87 2.2 0
02:05 745.6 14.4 87 1.3 0
02:06 745.6 14.4 87 1.8 0
02:07 745.6 14.4 87 1.3 0
02:08 745.6 14.4 87 .9 0
02:09 745.6 14.4 87 1.3 0
02:10 745.6 14.4 87 .9 0
02:11 745.6 14.3 87 .4 0
02:12 745.6 14.3 87 .9 0
02:13 745.6 14.3 87 1.3 0
02:14 745.6 14.3 87 1.8 0
02:15 745.7 14.3 87 1.8 0
02:16 745.7 14.3 87 1.8 0
02:17 745.7 14.3 87 1.3 0
02:18 745.7 14.3 87 1.3 0
02:19 745.7 14.3 87 .4 0
02:20 745.7 14.3 88 1.3 0
02:21 745.7 14.2 88 1.3 0
02:22 745.7 14.2 88 .9 0
02:23 745.7 14.2 88 .9 0
02:24 745.7 14.2 88 .9 0
02:25 745.7 14.2 88 1.3 0
02:26 745.7 14.2 88 1.3 0
02:27 745.7 14.2 88 .9 0
02:28 745.7 14.2 88 .9 0
02:29 745.7 14.2 88 1.8 0
02:30 745.8 14.2 88 .9 0
02:31 745.8 14.1 88 .9 0
02:32 745.8 14.1 88 .9 0
02:33 745.8 14.1 88 1.3 0
02:34 745.8 14.1 88 1.3 0
02:35 745.8 14.1 88 1.8 0
02:36 745.8 14.1 88 .9 0
02:37 745.8 14.1 88 1.3 0
02:38 745.8 14.1 88 1.8 0
02:39 745.8 14.1 88 1.3 0
02:40 745.8 14.1 88 1.3 0
02:41 745.8 14.1 88 1.3 0
02:42 745.8 14.1 88 1.3 0
02:43 745.8 14.1 88 1.3 0
02:44 745.8 14.1 88 1.3 0
02:45 745.8 14.1 88 1.8 0
02:46 745.8 13.9 89 1.3 0
02:47 745.8 13.9 89 1.8 0
02:48 745.8 13.9 89 2.2 0
02:49 745.8 13.9 89 1.8 0
02:50 745.8 13.9 89 1.3 0
02:51 745.8 13.9 89 1.8 0
02:52 745.8 13.9 89 2.2 0
02:53 745.8 13.9 89 1.8 0
02:54 745.8 13.9 89 1.8 0
02:55 745.8 13.9 89 1.8 0
02:56 745.8 13.9 89 1.8 0
02:57 745.8 13.9 89 1.3 0
02:58 745.8 13.9 89 1.3 0
02:59 745.8 13.9 89 1.8 0
03:00 745.8 13.9 89 2.2 0
03:01 745.8 13.9 89 1.3 0
03:02 745.8 13.9 89 1.8 0
03:03 745.8 13.9 89 2.2 0
03:04 745.8 13.9 89 1.8 0
03:05 745.8 13.9 89 1.8 0
03:06 745.8 13.8 89 1.8 0
03:07 745.8 13.8 89 2.2 0
03:08 745.8 13.8 89 1.8 0
03:09 745.8 13.8 89 2.2 0
03:10 745.8 13.8 89 2.2 0
03:11 745.8 13.8 89 1.8 0
03:12 745.8 13.8 89 1.3 0
03:13 745.8 13.8 89 1.8 0
03:14 745.8 13.8 89 2.2 0
03:15 745.8 13.8 89 1.8 0
03:16 745.8 13.8 89 2.2 0
03:17 745.8 13.8 89 1.8 0
03:18 745.8 13.8 89 1.8 0
03:19 745.8 13.8 89 2.2 0
03:20 745.8 13.8 89 1.8 0
03:21 745.8 13.8 89 2.2 0
03:22 745.8 13.8 89 1.8 0
03:23 745.8 13.8 89 1.8 0
03:24 745.8 13.8 89 1.8 0
03:25 745.8 13.8 89 2.2 0
03:26 745.8 13.8 89 1.8 0
03:27 745.8 13.8 89 1.3 0
03:28 745.8 13.8 89 1.3 0
03:29 745.8 13.8 89 2.2 0
03:30 745.8 13.7 89 2.2 0
03:31 745.8 13.7 89 1.8 0
03:32 745.8 13.7 89 2.2 0
03:33 745.8 13.7 89 2.2 0
03:34 745.8 13.7 89 1.8 0
03:35 745.8 13.7 89 1.3 0
03:36 745.8 13.7 89 2.2 0
03:37 745.8 13.7 89 1.8 0
03:38 745.8 13.7 89 1.8 0
03:39 745.8 13.7 89 2.2 0
03:40 745.8 13.7 89 2.7 0
03:41 745.8 13.7 89 2.2 0
03:42 745.8 13.7 89 2.2 0
03:43 745.8 13.7 89 2.7 0
03:44 745.8 13.7 89 2.7 0
03:45 745.8 13.7 89 2.2 0
03:46 745.8 13.7 89 2.2 0
03:47 745.8 13.7 89 2.2 0
03:48 745.8 13.7 89 .9 0
03:49 745.8 13.7 89 3.1 0
03:50 745.8 13.7 89 2.2 0
03:51 745.8 13.7 89 2.2 0
03:52 745.8 13.7 89 2.7 0
03:53 745.8 13.7 89 2.2 0
03:54 745.8 13.7 89 2.2 0
03:55 745.8 13.7 89 2.2 0
03:56 745.8 13.7 89 2.2 0
03:57 745.8 13.7 89 3.1 0
03:58 745.8 13.7 89 2.7 0
03:59 745.8 13.7 87 2.2 0
04:00 745.9 13.7 89 2.2 0
04:01 745.9 13.7 89 2.2 0
04:02 745.9 13.7 89 2.2 0
04:03 745.9 13.7 89 2.2 0
04:04 745.9 13.7 89 1.8 0
04:05 745.9 13.7 89 1.8 0
04:06 745.9 13.7 89 2.7 0
04:07 745.9 13.7 89 2.2 0
04:08 745.9 13.7 89 3.1 0
04:09 745.9 13.7 89 2.2 0
04:10 745.9 13.7 89 2.7 0
04:11 745.9 13.7 89 2.7 0
04:12 745.9 13.7 89 1.8 0
04:13 745.9 13.7 89 2.2 0
04:14 745.9 13.7 89 2.2 0
04:15 745.9 13.6 89 1.3 0
04:16 745.9 13.6 89 1.8 0
04:17 745.9 13.6 89 2.7 0
04:18 745.9 13.6 89 1.8 0
04:19 745.9 13.6 89 1.8 0
04:20 745.9 13.6 89 2.2 0
04:21 745.9 13.6 89 1.3 0
04:22 745.9 13.6 89 2.2 0
04:23 745.9 13.6 89 1.8 0
04:24 745.9 13.5 89 1.8 0
04:25 745.9 13.5 89 2.2 0
04:26 745.9 13.5 90 3.1 0
04:27 745.9 13.5 90 2.7 0
04:28 745.9 13.5 90 2.7 0
04:29 745.9 13.5 89 2.7 0
04:30 745.9 13.5 90 1.3 0
04:31 745.9 13.5 90 2.2 0
04:32 745.9 13.5 90 1.8 0
04:33 745.9 13.5 90 2.2 0
04:34 745.9 13.5 89 2.7 0
04:35 745.9 13.5 90 2.2 0
04:36 745.9 13.5 89 2.2 0
04:37 745.9 13.5 89 2.2 0
04:38 745.9 13.5 89 3.1 0
04:39 745.9 13.5 90 1.8 0
04:40 745.9 13.5 90 1.8 0
04:41 745.9 13.5 89 2.7 0
04:42 745.9 13.5 89 2.2 0
04:43 745.9 13.4 90 .9 0
04:44 745.9 13.4 90 .9 0
04:45 745.9 13.4 90 1.3 0
04:46 745.9 13.4 90 2.2 0
04:47 745.9 13.4 90 1.8 0
04:48 745.9 13.4 90 1.3 0
04:49 745.9 13.4 90 .9 0
04:50 745.9 13.4 90 1.8 0
04:51 745.9 13.4 90 1.8 0
04:52 745.9 13.4 90 1.8 0
04:53 745.9 13.4 90 2.2 0
04:54 745.9 13.4 90 2.7 0
04:55 745.9 13.4 90 2.7 0
04:56 745.9 13.4 90 2.2 0
04:57 745.9 13.4 90 1.8 0
04:58 745.9 13.4 90 1.8 0
04:59 745.9 13.4 90 2.2 0
05:00 745.9 13.4 90 2.2 0
05:01 745.9 13.4 90 2.2 0
05:02 745.9 13.4 90 1.8 0
05:03 745.9 13.4 90 2.2 0
05:04 745.9 13.4 90 2.2 0
05:05 745.9 13.4 90 2.2 0
05:06 745.9 13.4 90 1.3 0
05:07 745.9 13.4 90 .9 0
05:08 745.9 13.4 90 1.3 0
05:09 745.9 13.4 90 1.3 0
05:10 745.9 13.4 90 2.2 0
05:11 745.9 13.4 90 2.7 0
05:12 745.9 13.4 90 2.7 0
05:13 745.9 13.4 90 2.2 0
05:14 745.9 13.4 90 2.2 0
05:15 745.9 13.4 90 1.8 0
05:16 745.9 13.4 90 2.7 0
05:17 745.9 13.4 90 3.1 0
05:18 745.9 13.4 90 2.2 0
05:19 745.9 13.4 90 2.2 0
05:20 745.9 13.4 90 2.7 0
05:21 745.9 13.4 90 2.2 0
05:22 745.9 13.4 90 1.3 0
05:23 745.9 13.4 90 2.7 0
05:24 745.9 13.5 90 3.1 0
05:25 745.9 13.5 90 2.7 0
05:26 745.9 13.5 90 1.8 0
05:27 745.9 13.5 90 2.7 0
05:28 745.9 13.5 90 2.2 0
05:29 745.9 13.5 90 1.3 0
05:30 745.9 13.5 90 1.8 0
05:31 745.9 13.5 89 3.1 0
05:32 745.9 13.5 90 2.7 0
05:33 745.9 13.5 89 1.8 0
05:34 745.9 13.5 89 1.8 0
05:35 745.9 13.5 89 3.1 0
05:36 745.9 13.6 89 3.1 0
05:37 745.9 13.6 89 1.3 0
05:38 745.9 13.6 89 2.7 0
05:39 745.9 13.6 89 2.7 0
05:40 745.9 13.6 89 1.8 0
05:41 745.9 13.6 89 1.8 0
05:42 745.9 13.6 89 1.8 0
05:43 745.9 13.6 89 .9 0
05:44 745.9 13.6 89 2.7 0
05:45 745.9 13.6 89 1.8 0
05:46 745.9 13.6 89 1.8 0
05:47 745.9 13.6 89 1.3 0
05:48 745.9 13.6 89 1.3 0
05:49 745.9 13.7 89 2.2 0
05:50 745.9 13.7 89 1.8 0
05:51 745.9 13.7 89 2.2 0
05:52 745.9 13.7 89 2.2 0
05:53 745.9 13.7 89 2.2 0
05:54 745.9 13.7 89 2.2 0
05:55 745.9 13.7 89 2.2 0
05:56 745.9 13.7 89 2.7 0
05:57 745.9 13.7 89 3.1 0
05:58 745.9 13.7 89 3.1 0
05:59 745.9 13.7 89 2.7 0
06:00 746 13.7 89 1.8 0
06:01 746 13.7 89 2.7 0
06:02 746 13.7 89 1.8 0
06:03 746 13.7 89 2.2 0
06:04 746 13.7 89 1.8 0
06:05 746 13.7 89 1.8 0
06:06 746 13.7 89 1.8 0
06:07 746 13.7 89 3.1 0
06:08 746 13.7 89 1.8 0
06:09 746 13.7 89 1.8 0
06:10 746 13.7 89 2.2 0
06:11 746 13.7 88 2.2 0
06:12 746 13.7 88 3.1 0
06:13 746 13.7 88 1.8 0
06:14 746 13.7 88 1.8 0
06:15 746.1 13.7 88 1.3 0
06:16 746.1 13.7 88 2.2 0
06:17 746.1 13.7 88 2.2 0
06:18 746.1 13.7 88 1.8 0
06:19 746.1 13.7 88 .9 0
06:20 746.1 13.7 88 1.8 0
06:21 746.1 13.7 88 1.3 0
06:22 746.1 13.7 88 .9 0
06:23 746.1 13.7 88 1.3 0
06:24 746.1 13.7 88 2.7 0
06:25 746.1 13.7 88 2.2 0
06:26 746.1 13.7 88 1.8 0
06:27 746.1 13.7 88 1.3 0
06:28 746.1 13.7 88 .9 0
06:29 746.1 13.7 88 .9 0
06:30 746.2 13.7 88 1.8 0
06:31 746.2 13.7 88 1.8 0
06:32 746.2 13.7 88 .9 0
06:33 746.2 13.7 88 .4 0
06:34 746.2 13.7 88 .9 0
06:35 746.2 13.7 88 .9 0
06:36 746.2 13.8 88 1.3 0
06:37 746.2 13.8 88 2.2 0
06:38 746.2 13.8 88 1.8 0
06:39 746.2 13.8 88 1.3 0
06:40 746.2 13.8 88 1.8 0
06:41 746.2 13.8 88 2.2 0
06:42 746.2 13.8 88 2.2 0
06:43 746.2 13.8 88 1.3 0
06:44 746.2 13.8 88 1.8 0
06:45 746.4 13.8 88 2.7 0
06:46 746.4 13.8 87 2.2 0
06:47 746.4 13.8 87 .9 0
06:48 746.4 13.8 87 1.8 0
06:49 746.4 13.8 88 1.8 0
06:50 746.4 13.8 88 2.2 0
06:51 746.4 13.8 88 2.2 0
06:52 746.4 13.8 88 1.8 0
06:53 746.4 13.8 88 3.1 0
06:54 746.4 13.8 87 3.1 0
06:55 746.4 13.8 87 3.6 0
06:56 746.4 13.8 87 2.2 0
06:57 746.4 13.8 87 1.3 0
06:58 746.4 13.8 87 .9 0
06:59 746.4 13.8 87 1.3 0
07:00 746.5 13.8 87 .9 0
07:01 746.5 13.8 87 1.3 0
07:02 746.5 13.8 87 1.3 0
07:03 746.5 13.8 88 2.2 0
07:04 746.5 13.8 88 2.2 0
07:05 746.5 13.8 87 3.1 0
07:06 746.5 13.8 87 1.8 0
07:07 746.5 13.8 87 1.8 0
07:08 746.5 13.8 87 1.3 0
07:09 746.5 13.8 87 1.8 0
07:10 746.5 13.8 87 2.2 0
07:11 746.5 13.8 87 1.3 0
07:12 746.5 13.8 87 1.3 0
07:13 746.5 13.8 87 2.2 0
07:14 746.5 13.8 87 3.6 0
07:15 746.6 13.8 87 2.7 0
07:16 746.6 13.8 87 3.1 0
07:17 746.6 13.7 88 3.1 0
07:18 746.6 13.7 87 2.7 0
07:19 746.6 13.7 87 4.9 0
07:20 746.6 13.7 87 3.1 0
07:21 746.6 13.7 87 2.2 0
07:22 746.6 13.7 87 1.3 0
07:23 746.6 13.7 87 1.8 0
07:24 746.6 13.7 87 2.7 0
07:25 746.6 13.7 87 3.1 0
07:26 746.6 13.7 87 4 0
07:27 746.6 13.7 87 4 0
07:28 746.6 13.7 87 2.7 0
07:29 746.6 13.7 87 2.2 0
07:30 746.7 13.7 87 1.8 0
07:31 746.7 13.7 87 1.8 0
07:32 746.7 13.7 87 1.8 0
07:33 746.7 13.7 88 3.1 0
07:34 746.7 13.7 87 3.1 0
07:35 746.7 13.6 87 1.8 0
07:36 746.7 13.6 87 2.7 0
07:37 746.7 13.6 87 2.2 0
07:38 746.7 13.6 87 3.1 0
07:39 746.7 13.6 87 2.7 0
07:40 746.7 13.6 87 3.1 0
07:41 746.7 13.5 87 3.6 0
07:42 746.7 13.5 88 3.1 0
07:43 746.7 13.5 87 3.6 0
07:44 746.7 13.5 88 3.6 0
07:45 746.8 13.4 88 3.1 0
07:46 746.8 13.4 88 3.6 0
07:47 746.8 13.4 88 3.6 0
07:48 746.8 13.4 88 3.6 0
07:49 746.8 13.4 88 2.7 0
07:50 746.8 13.4 88 2.7 0
07:51 746.8 13.4 88 3.6 0
07:52 746.8 13.4 88 4 0
07:53 746.8 13.4 88 2.2 0
07:54 746.8 13.4 88 3.1 0
07:55 746.8 13.4 88 3.6 0
07:56 746.8 13.3 88 2.2 0
07:57 746.8 13.3 88 2.2 0
07:58 746.8 13.4 88 1.8 0
07:59 746.8 13.4 88 2.7 0
08:00 746.7 13.3 88 2.2 0
08:01 746.7 13.3 88 3.1 0
08:02 746.7 13.3 88 3.6 0
08:03 746.7 13.3 88 2.7 0
08:04 746.7 13.3 88 2.7 0
08:05 746.7 13.3 88 2.2 0
08:06 746.7 13.4 88 2.2 0
08:07 746.7 13.4 88 2.7 0
08:08 746.7 13.4 88 3.1 0
08:09 746.7 13.4 88 2.7 0
08:10 746.7 13.4 88 2.2 0
08:11 746.7 13.4 88 2.7 0
08:12 746.7 13.4 88 1.8 0
08:13 746.7 13.4 88 2.2 0
08:14 746.7 13.4 88 2.2 0
08:15 746.9 13.4 88 2.2 0
08:16 746.9 13.4 88 3.1 0
08:17 746.9 13.4 88 2.7 0
08:18 746.9 13.4 88 2.7 0
08:19 746.9 13.3 88 1.3 0
08:20 746.9 13.3 88 3.1 0
08:21 746.9 13.3 88 2.2 0
08:22 746.9 13.3 88 2.2 0
08:23 746.9 13.3 88 1.8 0
08:24 746.9 13.3 88 3.1 0
08:25 746.9 13.3 88 3.1 0
08:26 746.9 13.3 88 3.6 0
08:27 746.9 13.2 88 3.6 0
08:28 746.9 13.2 88 4 0
08:29 746.9 13.2 88 3.1 0
08:30 746.9 13.2 88 2.7 0
08:31 746.9 13.2 88 3.6 0
08:32 746.9 13.2 88 2.7 0
08:33 746.9 13.2 88 2.7 0
08:34 746.9 13.2 88 4.5 0
08:35 746.9 13.2 88 4.5 0
08:36 746.9 13.2 88 3.6 0
08:37 746.9 13.2 88 3.6 0
08:38 746.9 13.2 88 3.1 0
08:39 746.9 13.2 88 2.7 0
08:40 746.9 13.1 88 4 0
08:41 746.9 13.1 88 4 0
08:42 746.9 13.1 88 3.1 0
08:43 746.9 13.1 88 2.7 0
08:44 746.9 13.1 88 4 0
08:45 747 13.1 88 2.2 0
08:46 747 13.1 88 2.7 0
08:47 747 13.1 88 4 0
08:48 747 13.1 88 3.6 0
08:49 747 13.1 88 2.7 0
08:50 747 13.1 88 2.2 0
08:51 747 13.1 88 2.7 0
08:52 747 13.1 88 3.6 0
08:53 747 13.1 88 3.1 0
08:54 747 13.1 88 4 0
08:55 747 13.1 88 4 0
08:56 747 13.1 88 4 0
08:57 747 13 88 4 0
08:58 747 13 88 3.6 0
08:59 747 13 88 4.9 0
09:00 747 13 88 4.5 0
09:01 747 12.9 88 4.9 0
09:02 747 12.9 88 4.5 0
09:03 747 12.9 88 4 0
09:04 747 12.9 88 3.6 0
09:05 747 12.9 88 3.6 0
09:06 747 12.9 88 4 0
09:07 747 12.9 88 3.6 0
09:08 747 12.9 88 4.9 0
09:09 747 12.9 88 3.1 0
09:10 747 12.9 88 2.2 0
09:11 747 12.9 88 2.7 0
09:12 747 13 88 2.7 0
09:13 747 13 88 2.7 0
09:14 747 13 88 3.6 0
09:15 747 13 88 3.6 0
09:16 747 13 88 3.1 0
09:17 747 13 88 2.7 0
09:18 747 13 88 3.1 0
09:19 747 13 88 2.2 0
09:20 747 13 88 2.2 0
09:21 747 13 88 2.7 0
09:22 747 13.1 88 1.8 0
09:23 747 13.1 88 .9 0
09:24 747 13.1 88 1.8 0
09:25 747 13.1 87 1.8 0
09:26 747 13.1 87 1.3 0
09:27 747 13.2 87 2.2 0
09:28 747 13.2 87 1.8 0
09:29 747 13.2 87 1.3 0
09:30 747.1 13.2 87 2.2 0
09:31 747.1 13.2 87 1.8 0
09:32 747.1 13.2 87 1.8 0
09:33 747.1 13.2 87 1.3 0
09:34 747.1 13.2 87 1.8 0
09:35 747.1 13.2 87 1.3 0
09:36 747.1 13.2 87 1.8 0
09:37 747.1 13.2 87 2.2 0
09:38 747.1 13.2 87 1.8 0
09:39 747.1 13.2 87 2.7 0
09:40 747.1 13.2 86 4 0
09:41 747.1 13.2 86 3.6 0
09:42 747.1 13.2 86 3.6 0
09:43 747.1 13.2 86 3.6 0
09:44 747.1 13.2 87 2.2 0
09:45 747.1 13.2 87 3.1 0
09:46 747.1 13.2 86 3.1 0
09:47 747.1 13.2 86 2.7 0
09:48 747.1 13.2 86 1.3 0
09:49 747.1 13.2 87 2.2 0
09:50 747.1 13.2 87 3.6 0
09:51 747.1 13.2 87 3.1 0
09:52 747.1 13.2 87 2.7 0
09:53 747.1 13.2 87 2.7 0
09:54 747.1 13.2 87 3.1 0
09:55 747.1 13.2 87 2.2 0
09:56 747.1 13.2 87 2.2 0
09:57 747.1 13.2 87 2.7 0
09:58 747.1 13.2 87 3.1 0
09:59 747.1 13.2 86 3.1 0
10:00 747 13.2 87 2.2 0
10:01 747 13.2 87 1.8 0
10:02 747 13.2 87 3.1 0
10:03 747 13.2 87 1.8 0
10:04 747 13.2 87 2.7 0
10:05 747 13.2 87 3.1 0
10:06 747 13.2 87 3.6 0
10:07 747 13.2 87 2.7 0
10:08 747 13.2 87 2.7 0
10:09 747 13.2 87 2.7 0
10:10 747 13.2 87 3.6 0
10:11 747 13.2 86 3.1 0
10:12 747 13.2 87 3.6 0
10:13 747 13.2 87 2.7 0
10:14 747 13.1 87 3.1 0
10:15 746.9 13.1 87 3.1 0
10:16 746.9 13.1 87 3.1 0
10:17 746.9 13.1 87 2.2 0
10:18 746.9 13.1 87 2.2 0
10:19 746.9 13.2 87 3.6 0
10:20 746.9 13.2 87 1.8 0
10:21 746.9 13.2 87 1.8 0
10:22 746.9 13.2 86 2.7 0
10:23 746.9 13.2 87 3.6 0
10:24 746.9 13.2 86 2.7 0
10:25 746.9 13.2 86 1.8 0
10:26 746.9 13.3 86 3.1 0
10:27 746.9 13.3 86 2.2 0
10:28 746.9 13.3 86 1.8 0
10:29 746.9 13.3 86 1.8 0
10:30 747.1 13.3 86 2.7 0
10:31 747.1 13.3 86 2.7 0
10:32 747.1 13.3 85 2.7 0
10:33 747.1 13.3 86 3.6 0
10:34 747.1 13.2 86 4 0
10:35 747.1 13.2 86 4 0
10:36 747.1 13.2 86 2.2 0
10:37 747.1 13.2 86 4 0
10:38 747.1 13.2 86 4.9 0
10:39 747.1 13.2 86 4 0
10:40 747.1 13.2 86 4.5 0
10:41 747.1 13.2 86 4.5 0
10:42 747.1 13.2 86 4 0
10:43 747.1 13.2 86 2.7 0
10:44 747.1 13.2 86 2.7 0
10:45 747.2 13.2 86 3.1 0
10:46 747.2 13.2 86 3.6 0
10:47 747.2 13.2 86 3.6 0
10:48 747.2 13.2 86 2.7 0
10:49 747.2 13.2 86 1.8 0
10:50 747.2 13.3 86 2.7 0
10:51 747.2 13.3 86 3.1 0
10:52 747.2 13.3 85 2.7 0
10:53 747.2 13.3 85 2.2 0
10:54 747.2 13.3 85 4.5 0
10:55 747.2 13.3 85 4 0
10:56 747.2 13.3 85 2.7 0
10:57 747.2 13.4 85 2.7 0
10:58 747.2 13.4 85 2.7 0
10:59 747.2 13.4 85 4 0
11:00 747.2 13.4 85 3.6 0
11:01 747.2 13.4 85 2.2 0
11:02 747.2 13.5 85 3.1 0
11:03 747.2 13.5 84 3.6 0
11:04 747.2 13.5 84 2.7 0
11:05 747.2 13.6 84 2.2 0
11:06 747.2 13.6 84 3.1 0
11:07 747.2 13.7 84 2.2 0
11:08 747.2 13.7 84 2.2 0
11:09 747.2 13.7 84 1.8 0
11:10 747.2 13.7 84 2.7 0
11:11 747.2 13.8 84 3.1 0
11:12 747.2 13.9 83 2.2 0
11:13 747.2 13.9 84 2.2 0
11:14 747.2 13.9 83 3.1 0
11:15 747.4 13.9 82 2.7 0
11:16 747.4 13.9 83 2.2 0
11:17 747.4 13.9 82 2.2 0
11:18 747.4 13.9 83 2.7 0
11:19 747.4 14.1 82 3.1 0
11:20 747.4 14.1 82 1.8 0
11:21 747.4 14.1 82 1.3 0
11:22 747.4 14.2 82 2.2 0
11:23 747.4 14.2 82 2.7 0
11:24 747.4 14.3 80 4.9 0
11:25 747.4 14.4 81 3.1 0
11:26 747.4 14.5 81 1.8 0
11:27 747.4 14.6 80 2.2 0
11:28 747.4 14.7 79 3.1 0
11:29 747.4 14.7 79 3.6 0
11:30 747.3 14.8 78 3.1 0
11:31 747.3 14.9 78 4 0
11:32 747.3 15 79 4.5 0
11:33 747.3 15 78 4 0
11:34 747.3 15 78 4 0
11:35 747.3 15 78 3.1 0
11:36 747.3 15.1 78 3.1 0
11:37 747.3 15.2 78 2.2 0
11:38 747.3 15.2 78 1.8 0
11:39 747.3 15.3 78 2.2 0
11:40 747.3 15.4 77 1.8 0
11:41 747.3 15.5 77 1.3 0
11:42 747.3 15.6 77 1.3 0
11:43 747.3 15.7 77 3.6 0
11:44 747.3 15.6 76 4.5 0
11:45 747.4 15.5 75 4.5 0
11:46 747.4 15.5 77 4 0
11:47 747.4 15.4 77 2.7 0
11:48 747.4 15.4 77 2.2 0
11:49 747.4 15.4 77 2.7 0
11:50 747.4 15.4 77 1.8 0
11:51 747.4 15.5 78 2.7 0
11:52 747.4 15.5 76 4.9 0
11:53 747.4 15.6 76 3.1 0
11:54 747.4 15.7 76 3.1 0
11:55 747.4 15.7 76 2.7 0
11:56 747.4 15.8 75 2.2 0
11:57 747.4 15.9 75 2.2 0
11:58 747.4 16 74 1.8 0
11:59 747.4 16.2 74 1.8 0
12:00 747.4 16.3 74 2.2 0
12:01 747.4 16.3 73 3.6 0
12:02 747.4 16.3 74 3.6 0
12:03 747.4 16.3 73 3.6 0
12:04 747.4 16.3 72 4.5 0
12:05 747.4 16.2 73 4 0
12:06 747.4 16.2 74 3.1 0
12:07 747.4 16.2 74 1.8 0
12:08 747.4 16.2 74 1.8 0
12:09 747.4 16.3 74 4.5 0
12:10 747.4 16.3 73 4 0
12:11 747.4 16.4 73 3.6 0
12:12 747.4 16.5 73 4 0
12:13 747.4 16.6 71 3.1 0
12:14 747.4 16.6 72 3.1 0
12:15 747.4 16.7 71 4.9 0
12:16 747.4 16.8 71 4.9 0
12:17 747.4 16.8 71 4.5 0
12:18 747.4 16.9 71 4.9 0
12:19 747.4 16.9 71 3.1 0
12:20 747.4 17.1 70 3.6 0
12:21 747.4 17.1 69 3.1 0
12:22 747.4 17.1 71 3.1 0
12:23 747.4 17.1 70 4.9 0
12:24 747.4 17.2 69 3.6 0
12:25 747.4 17.3 69 1.3 0
12:26 747.4 17.5 69 2.7 0
12:27 747.4 17.6 68 2.7 0
12:28 747.4 17.7 69 1.8 0
12:29 747.4 17.7 69 3.6 0
12:30 747.4 17.8 67 4.5 0
12:31 747.4 17.8 68 2.2 0
12:32 747.4 17.9 68 1.8 0
12:33 747.4 18 68 .9 0
12:34 747.4 18.1 68 1.8 0
12:35 747.4 18.3 66 2.2 0
12:36 747.4 18.4 66 3.1 0
12:37 747.4 18.4 66 2.7 0
12:38 747.4 18.5 66 4.5 0
12:39 747.4 18.4 66 4 0
12:40 747.4 18.3 66 2.7 0
12:41 747.4 18.3 68 2.2 0
12:42 747.4 18.3 68 4 0
12:43 747.4 18.3 67 3.6 0
12:44 747.4 18.3 66 4.9 0
12:45 747.3 18.3 66 4.9 0
12:46 747.3 18.3 66 4.5 0
12:47 747.3 18.3 65 4.9 0
12:48 747.3 18.2 66 5.4 0
12:49 747.3 18.2 66 4 0
12:50 747.3 18.2 65 5.8 0
12:51 747.3 18.1 66 4 0
12:52 747.3 18.1 66 4.5 0
12:53 747.3 18.1 66 2.2 0
12:54 747.3 18.2 67 4.9 0
12:55 747.3 18.2 66 4.9 0
12:56 747.3 18.2 67 4 0
12:57 747.3 18.3 66 4.9 0
12:58 747.3 18.3 66 4.9 0
12:59 747.3 18.4 66 4.9 0
13:00 747.3 18.5 66 4 0
13:01 747.3 18.6 66 3.6 0
13:02 747.3 18.6 65 4 0
13:03 747.3 18.7 65 3.1 0
13:04 747.3 18.7 65 2.2 0
13:05 747.3 18.7 65 3.1 0
13:06 747.3 18.7 65 2.2 0
13:07 747.3 18.8 65 3.6 0
13:08 747.3 18.9 64 1.3 0
13:09 747.3 19 64 3.1 0
13:10 747.3 19.1 64 2.2 0
13:11 747.3 19.2 64 1.3 0
13:12 747.3 19.3 64 .9 0
13:13 747.3 19.4 64 3.6 0
13:14 747.3 19.4 62 4.9 0
13:15 747.3 19.3 63 4 0
13:16 747.3 19.2 64 2.2 0
13:17 747.3 19.2 64 2.7 0
13:18 747.3 19.2 64 3.6 0
13:19 747.3 19.1 64 2.7 0
13:20 747.3 19.1 64 3.6 0
13:21 747.3 19.1 64 4 0
13:22 747.3 19.1 66 2.2 0
13:23 747.3 19.2 64 5.4 0
13:24 747.3 19.2 64 4.9 0
13:25 747.3 19.1 64 4.5 0
13:26 747.3 19.1 64 4 0
13:27 747.3 19.1 66 4 0
13:28 747.3 19.1 64 4 0
13:29 747.3 19.1 65 2.7 0
13:30 747.4 19.1 64 2.7 0
13:31 747.4 19.1 64 4 0
13:32 747.4 19.1 64 4.5 0
13:33 747.4 19.1 65 4 0
13:34 747.4 19.1 64 3.6 0
13:35 747.4 19.1 64 4.5 0
13:36 747.4 19.1 64 4.5 0
13:37 747.4 19.1 64 4.5 0
13:38 747.4 19.2 64 3.6 0
13:39 747.4 19.2 64 4.9 0
13:40 747.4 19.2 64 3.6 0
13:41 747.4 19.2 64 3.6 0
13:42 747.4 19.2 64 2.2 0
13:43 747.4 19.2 63 3.1 0
13:44 747.4 19.3 64 3.6 0
13:45 747.3 19.3 64 2.2 0
13:46 747.3 19.3 64 1.3 0
13:47 747.3 19.3 63 2.2 0
13:48 747.3 19.4 64 4.5 0
13:49 747.3 19.4 64 4.5 0
13:50 747.3 19.3 64 4 0
13:51 747.3 19.3 64 5.4 0
13:52 747.3 19.2 65 4 0
13:53 747.3 19.1 64 6.3 0
13:54 747.3 19.1 64 4.5 0
13:55 747.3 19.1 64 3.6 0
13:56 747.3 19.2 64 2.7 0
13:57 747.3 19.2 64 1.8 0
13:58 747.3 19.3 64 3.6 0
13:59 747.3 19.4 63 3.1 0
14:00 747.2 19.4 64 3.6 0
14:01 747.2 19.6 64 2.2 0
14:02 747.2 19.7 64 3.1 0
14:03 747.2 19.7 63 3.1 0
14:04 747.2 19.7 63 2.2 0
14:05 747.2 19.7 63 3.6 0
14:06 747.2 19.7 63 2.2 0
14:07 747.2 19.7 63 1.8 0
14:08 747.2 19.7 62 3.6 0
14:09 747.2 19.6 63 3.6 0
14:10 747.2 19.4 64 3.6 0
14:11 747.2 19.4 64 3.1 0
14:12 747.2 19.3 64 3.6 0
14:13 747.2 19.2 64 4.5 0
14:14 747.2 19.2 64 4.5 0
14:15 747.4 19.1 64 2.7 0
14:16 747.4 19.1 64 3.6 0
14:17 747.4 19 65 2.2 0
14:18 747.4 19 66 1.3 0
14:19 747.4 19 65 3.6 0
14:20 747.4 19 64 3.1 0
14:21 747.4 19 65 4.5 0
14:22 747.4 19 64 5.4 0
14:23 747.4 19 64 3.6 0
14:24 747.4 19 64 2.7 0
14:25 747.4 19 64 3.6 0
14:26 747.4 19 64 4.5 0
14:27 747.4 19 64 4.5 0
14:28 747.4 18.9 64 4 0
14:29 747.4 18.9 64 3.6 0
14:30 747.5 18.8 64 2.7 0
14:31 747.5 18.8 64 2.7 0
14:32 747.5 18.8 65 1.8 0
14:33 747.5 18.8 65 2.7 0
14:34 747.5 18.8 66 3.1 0
14:35 747.5 18.8 65 4 0
14:36 747.5 18.8 62 4 0
14:37 747.5 18.8 66 3.1 0
14:38 747.5 18.8 66 4.5 0
14:39 747.5 18.8 65 3.6 0
14:40 747.5 18.8 65 4.9 0
14:41 747.5 18.8 65 4 0
14:42 747.5 18.7 66 3.1 0
14:43 747.5 18.7 66 2.2 0
14:44 747.5 18.7 67 2.7 0
14:45 747.6 18.8 67 2.2 0
14:46 747.6 18.8 67 2.7 0
14:47 747.6 18.8 66 2.7 0
14:48 747.6 18.8 66 3.1 0
14:49 747.6 18.8 66 2.2 0
14:50 747.6 18.9 66 2.7 0
14:51 747.6 18.9 66 2.2 0
14:52 747.6 18.9 66 2.7 0
14:53 747.6 18.9 65 3.6 0
14:54 747.6 18.9 66 2.7 0
14:55 747.6 18.9 66 2.7 0
14:56 747.6 18.9 66 2.7 0
14:57 747.6 18.9 66 5.4 0
14:58 747.6 18.9 65 4.9 0
14:59 747.6 18.9 65 4.9 0
15:00 747.6 18.9 65 4.9 0
15:01 747.6 18.9 66 4.5 0
15:02 747.6 18.9 66 4.5 0
15:03 747.6 18.9 65 3.6 0
15:04 747.6 18.9 65 4 0
15:05 747.6 18.9 65 3.1 0
15:06 747.6 18.9 65 3.6 0
15:07 747.6 18.9 66 3.1 0
15:08 747.6 18.9 66 2.7 0
15:09 747.6 18.9 65 4.5 0
15:10 747.6 19 65 3.1 0
15:11 747.6 19 66 3.6 0
15:12 747.6 19 65 5.4 0
15:13 747.6 19 65 5.4 0
15:14 747.6 19 65 4.5 0
15:15 747.6 18.9 65 4.9 0
15:16 747.6 18.9 66 4 0
15:17 747.6 18.9 66 3.1 0
15:18 747.6 18.9 67 2.7 0
15:19 747.6 18.8 66 3.6 0
15:20 747.6 18.8 66 4.9 0
15:21 747.6 18.8 66 4 0
15:22 747.6 18.8 66 4.9 0
15:23 747.6 18.8 66 3.6 0
15:24 747.6 18.8 66 4.5 0
15:25 747.6 18.8 66 3.6 0
15:26 747.6 18.8 67 3.6 0
15:27 747.6 18.8 67 2.7 0
15:28 747.6 18.8 67 2.7 0
15:29 747.6 18.8 67 4 0
15:30 747.6 18.8 66 2.7 0
15:31 747.6 18.8 66 4.5 0
15:32 747.6 18.8 66 4.5 0
15:33 747.6 18.7 67 5.8 0
15:34 747.6 18.7 67 4.5 0
15:35 747.6 18.7 68 4 0
15:36 747.6 18.6 67 4.5 0
15:37 747.6 18.6 67 5.4 0
15:38 747.6 18.6 68 4.5 0
15:39 747.6 18.6 68 3.6 0
15:40 747.6 18.6 68 3.1 0
15:41 747.6 18.6 68 5.4 0
15:42 747.6 18.5 68 4.5 0
15:43 747.6 18.5 67 5.4 0
15:44 747.6 18.5 68 5.4 0
15:45 747.8 18.4 68 4 0
15:46 747.8 18.4 68 3.6 0
15:47 747.8 18.4 68 3.6 0
15:48 747.8 18.4 68 3.1 0
15:49 747.8 18.5 68 2.2 0
15:50 747.8 18.5 68 3.6 0
15:51 747.8 18.5 68 3.6 0
15:52 747.8 18.5 67 4.5 0
15:53 747.8 18.5 67 3.1 0
15:54 747.8 18.5 68 3.6 0
15:55 747.8 18.5 67 4.5 0
15:56 747.8 18.5 67 5.4 0
15:57 747.8 18.5 67 3.1 0
15:58 747.8 18.5 67 4 0
15:59 747.8 18.5 67 2.7 0
16:00 747.8 18.6 67 2.7 0
16:01 747.8 18.6 67 3.6 0
16:02 747.8 18.6 67 4.9 0
16:03 747.8 18.6 67 4.5 0
16:04 747.8 18.6 67 4.9 0
16:05 747.8 18.5 67 4.9 0
16:06 747.8 18.5 67 4.9 0
16:07 747.8 18.5 67 3.6 0
16:08 747.8 18.4 67 4 0
16:09 747.8 18.4 67 4.5 0
16:10 747.8 18.4 68 3.6 0
16:11 747.8 18.4 68 3.6 0
16:12 747.8 18.3 67 4.9 0
16:13 747.8 18.3 67 4.5 0
16:14 747.8 18.3 68 4 0
16:15 748 18.3 68 2.7 0
16:16 748 18.3 68 2.2 0
16:17 748 18.3 68 2.7 0
16:18 748 18.3 68 3.6 0
16:19 748 18.3 68 4 0
16:20 748 18.2 68 5.4 0
16:21 748 18.2 68 4 0
16:22 748 18.2 67 4.5 0
16:23 748 18.1 68 3.1 0
16:24 748 18.1 68 4.5 0
16:25 748 18.1 68 4.5 0
16:26 748 18.1 68 4 0
16:27 748 18.1 68 4 0
16:28 748 18 69 2.7 0
16:29 748 18 68 4.5 0
16:30 748 18 68 4 0
16:31 748 18 69 4.5 0
16:32 748 18 68 3.6 0
16:33 748 18 69 2.7 0
16:34 748 18 69 2.2 0
16:35 748 18.1 69 1.8 0
16:36 748 18.1 69 1.3 0
16:37 748 18.1 69 2.2 0
16:38 748 18.1 69 2.2 0
16:39 748 18.1 69 2.2 0
16:40 748 18.2 68 2.2 0
16:41 748 18.2 69 2.2 0
16:42 748 18.2 69 2.2 0
16:43 748 18.2 69 2.2 0
16:44 748 18.2 69 .9 0
16:45 748.1 18.2 69 1.8 0
16:46 748.1 18.2 69 2.2 0
16:47 748.1 18.2 69 2.2 0
16:48 748.1 18.2 69 3.6 0
16:49 748.1 18.1 69 3.6 0
16:50 748.1 18.1 69 3.6 0
16:51 748.1 18.1 69 3.6 0
16:52 748.1 18.1 69 2.7 0
16:53 748.1 18.1 69 2.2 0
16:54 748.1 18 69 1.3 0
16:55 748.1 18 70 2.7 0
16:56 748.1 18 70 2.7 0
16:57 748.1 18 69 3.1 0
16:58 748.1 18 69 2.2 0
16:59 748.1 18 70 3.1 0
17:00 748.2 17.9 70 3.1 0
17:01 748.2 17.9 70 2.2 0
17:02 748.2 17.9 69 3.1 0
17:03 748.2 17.8 69 4 0
17:04 748.2 17.8 69 4 0
17:05 748.2 17.8 69 2.7 0
17:06 748.2 17.8 69 2.2 0
17:07 748.2 17.8 70 2.7 0
17:08 748.2 17.8 70 .9 0
17:09 748.2 17.8 70 2.7 0
17:10 748.2 17.8 70 2.7 0
17:11 748.2 17.8 70 3.1 0
17:12 748.2 17.8 69 3.6 0
17:13 748.2 17.8 70 2.2 0
17:14 748.2 17.8 70 2.2 0
17:15 748.2 17.8 70 1.8 0
17:16 748.2 17.7 70 1.3 0
17:17 748.2 17.7 70 .9 0
17:18 748.2 17.7 70 2.2 0
17:19 748.2 17.7 70 1.3 0
17:20 748.2 17.7 70 2.2 0
17:21 748.2 17.7 70 2.2 0
17:22 748.2 17.7 70 1.8 0
17:23 748.2 17.7 70 2.7 0
17:24 748.2 17.7 70 1.3 0
17:25 748.2 17.6 71 1.3 0
17:26 748.2 17.6 71 1.8 0
17:27 748.2 17.6 71 2.2 0
17:28 748.2 17.6 71 2.2 0
17:29 748.2 17.6 70 2.7 0
17:30 748.3 17.5 71 2.7 0
17:31 748.3 17.5 71 1.8 0
17:32 748.3 17.5 71 2.2 0
17:33 748.3 17.5 71 1.8 0
17:34 748.3 17.5 71 .9 0
17:35 748.3 17.5 71 2.2 0
17:36 748.3 17.5 71 1.8 0
17:37 748.3 17.5 71 2.2 0
17:38 748.3 17.5 72 1.8 0
17:39 748.3 17.5 72 1.3 0
17:40 748.3 17.5 72 .4 0
17:41 748.3 17.5 72 1.3 0
17:42 748.3 17.4 71 1.8 0
17:43 748.3 17.4 72 2.7 0
17:44 748.3 17.4 72 2.2 0
17:45 748.4 17.4 72 2.2 0
17:46 748.4 17.4 72 2.7 0
17:47 748.4 17.3 72 1.8 0
17:48 748.4 17.3 72 1.8 0
17:49 748.4 17.3 72 1.8 0
17:50 748.4 17.3 72 1.3 0
17:51 748.4 17.3 72 1.8 0
17:52 748.4 17.3 72 1.3 0
17:53 748.4 17.3 73 1.3 0
17:54 748.4 17.3 72 1.8 0
17:55 748.4 17.3 73 3.1 0
17:56 748.4 17.2 72 2.2 0
17:57 748.4 17.2 73 1.8 0
17:58 748.4 17.2 73 1.8 0
17:59 748.4 17.2 73 1.8 0
18:00 748.5 17.2 73 1.8 0
18:01 748.5 17.2 73 2.2 0
18:02 748.5 17.1 73 2.7 0
18:03 748.5 17.1 73 3.6 0
18:04 748.5 17.1 73 3.1 0
18:05 748.5 17.1 73 3.1 0
18:06 748.5 17.1 73 2.2 0
18:07 748.5 16.9 73 2.7 0
18:08 748.5 16.9 73 2.7 0
18:09 748.5 16.9 73 2.7 0
18:10 748.5 16.9 73 2.7 0
18:11 748.5 16.9 73 3.6 0
18:12 748.5 16.9 73 3.6 0
18:13 748.5 16.8 73 4 0
18:14 748.5 16.8 73 3.1 0
18:15 748.6 16.8 73 2.2 0
18:16 748.6 16.8 73 2.2 0
18:17 748.6 16.7 74 2.2 0
18:18 748.6 16.7 74 1.8 0
18:19 748.6 16.7 74 4 0
18:20 748.6 16.7 74 3.1 0
18:21 748.6 16.6 74 3.1 0
18:22 748.6 16.6 74 3.1 0
18:23 748.6 16.6 74 2.2 0
18:24 748.6 16.5 74 2.2 0
18:25 748.6 16.5 74 2.7 0
18:26 748.6 16.5 74 2.7 0
18:27 748.6 16.5 74 3.1 0
18:28 748.6 16.5 74 1.8 0
18:29 748.6 16.5 74 4 0
18:30 748.7 16.4 75 3.1 0
18:31 748.7 16.4 74 3.6 0
18:32 748.7 16.4 75 2.2 0
18:33 748.7 16.4 75 2.2 0
18:34 748.7 16.3 75 3.1 0
18:35 748.7 16.3 75 3.1 0
18:36 748.7 16.3 75 1.3 0
18:37 748.7 16.3 75 1.3 0
18:38 748.7 16.3 75 2.7 0
18:39 748.7 16.3 75 3.6 0
18:40 748.7 16.3 75 3.1 0
18:41 748.7 16.3 75 2.7 0
18:42 748.7 16.3 75 2.2 0
18:43 748.7 16.2 75 2.7 0
18:44 748.7 16.2 75 3.6 0
18:45 748.8 16.2 75 3.6 0
18:46 748.8 16.1 75 1.3 0
18:47 748.8 16.1 75 3.1 0
18:48 748.8 16.1 75 3.6 0
18:49 748.8 16 75 3.1 0
18:50 748.8 16 75 3.6 0
18:51 748.8 16 75 3.6 0
18:52 748.8 16 75 3.6 0
18:53 748.8 16 75 3.1 0
18:54 748.8 15.9 75 3.6 0
18:55 748.8 15.9 75 3.6 0
18:56 748.8 15.9 75 2.7 0
18:57 748.8 15.9 75 3.1 0
18:58 748.8 15.9 75 4.5 0
18:59 748.8 15.9 75 3.1 0
19:00 748.9 15.9 75 2.7 0
19:01 748.9 15.9 75 2.2 0
19:02 748.9 15.8 76 3.1 0
19:03 748.9 15.8 75 2.7 0
19:04 748.9 15.8 75 2.2 0
19:05 748.9 15.8 75 4 0
19:06 748.9 15.8 75 4.9 0
19:07 748.9 15.8 74 4 0
19:08 748.9 15.8 75 1.8 0
19:09 748.9 15.8 75 3.1 0
19:10 748.9 15.8 74 3.6 0
19:11 748.9 15.8 74 4 0
19:12 748.9 15.8 74 5.4 0
19:13 748.9 15.8 74 3.1 0
19:14 748.9 15.8 74 3.6 0
19:15 749 15.7 74 4 0
19:16 749 15.7 74 2.2 0
19:17 749 15.7 74 1.8 0
19:18 749 15.7 75 1.8 0
19:19 749 15.7 74 2.7 0
19:20 749 15.7 74 3.1 0
19:21 749 15.7 74 3.6 0
19:22 749 15.7 74 3.6 0
19:23 749 15.7 74 3.6 0
19:24 749 15.7 74 3.1 0
19:25 749 15.7 74 4 0
19:26 749 15.7 74 3.1 0
19:27 749 15.7 74 2.2 0
19:28 749 15.7 74 1.8 0
19:29 749 15.7 74 1.8 0
19:30 749 15.7 74 2.2 0
19:31 749 15.7 74 2.7 0
19:32 749 15.7 74 2.7 0
19:33 749 15.7 74 .9 0
19:34 749 15.7 74 1.3 0
19:35 749 15.7 74 1.3 0
19:36 749 15.7 74 2.2 0
19:37 749 15.7 74 1.3 0
19:38 749 15.7 74 2.7 0
19:39 749 15.7 74 1.8 0
19:40 749 15.7 75 1.8 0
19:41 749 15.7 74 2.2 0
19:42 749 15.7 74 1.8 0
19:43 749 15.7 75 1.3 0
19:44 749 15.6 75 2.2 0
19:45 749.2 15.6 75 1.8 0
19:46 749.2 15.6 75 1.3 0
19:47 749.2 15.6 75 .9 0
19:48 749.2 15.6 75 .9 0
19:49 749.2 15.6 75 0 0
19:50 749.2 15.6 75 1.3 0
19:51 749.2 15.6 75 1.8 0
19:52 749.2 15.6 75 2.2 0
19:53 749.2 15.6 75 1.3 0
19:54 749.2 15.6 75 1.3 0
19:55 749.2 15.6 75 .9 0
19:56 749.2 15.6 75 .9 0
19:57 749.2 15.6 75 .9 0
19:58 749.2 15.6 75 .9 0
19:59 749.2 15.6 75 2.2 0
20:00 749.3 15.6 75 1.8 0
20:01 749.3 15.6 75 1.3 0
20:02 749.3 15.6 75 1.3 0
20:03 749.3 15.5 75 3.1 0
20:04 749.3 15.5 75 1.8 0
20:05 749.3 15.5 74 3.1 0
20:06 749.3 15.5 74 2.2 0
20:07 749.3 15.5 74 1.8 0
20:08 749.3 15.5 75 2.2 0
20:09 749.3 15.5 75 4 0
20:10 749.3 15.5 74 4.5 0
20:11 749.3 15.5 74 4 0
20:12 749.3 15.5 74 2.2 0
20:13 749.3 15.5 74 2.7 0
20:14 749.3 15.5 74 1.8 0
20:15 749.4 15.5 74 1.8 0
20:16 749.4 15.5 74 1.8 0
20:17 749.4 15.5 74 2.2 0
20:18 749.4 15.5 74 1.3 0
20:19 749.4 15.5 74 1.3 0
20:20 749.4 15.5 74 1.8 0
20:21 749.4 15.5 75 2.2 0
20:22 749.4 15.5 75 2.2 0
20:23 749.4 15.5 75 1.3 0
20:24 749.4 15.5 75 1.8 0
20:25 749.4 15.5 75 1.8 0
20:26 749.4 15.5 75 2.2 0
20:27 749.4 15.4 75 2.2 0
20:28 749.4 15.4 75 1.3 0
20:29 749.4 15.4 75 1.8 0
20:30 749.5 15.4 75 1.3 0
20:31 749.5 15.4 76 .9 0
20:32 749.5 15.4 76 .4 0
20:33 749.5 15.4 76 .9 0
20:34 749.5 15.4 76 1.3 0
20:35 749.5 15.4 76 .9 0
20:36 749.5 15.4 77 0 0
20:37 749.5 15.4 77 .4 0
20:38 749.5 15.4 77 .9 0
20:39 749.5 15.3 77 .9 0
20:40 749.5 15.3 77 1.8 0
20:41 749.5 15.3 77 1.8 0
20:42 749.5 15.3 77 1.3 0
20:43 749.5 15.2 78 1.8 0
20:44 749.5 15.2 77 1.8 0
20:45 749.7 15.2 78 1.3 0
20:46 749.7 15.2 78 2.2 0
20:47 749.7 15.2 78 1.8 0
20:48 749.7 15.2 78 2.2 0
20:49 749.7 15.2 78 2.2 0
20:50 749.7 15.2 78 1.8 0
20:51 749.7 15.2 78 1.8 0
20:52 749.7 15.2 78 1.3 0
20:53 749.7 15.1 78 2.2 0
20:54 749.7 15.1 78 2.2 0
20:55 749.7 15.1 78 1.8 0
20:56 749.7 15.1 78 1.8 0
20:57 749.7 15.1 78 1.8 0
20:58 749.7 15.1 78 1.3 0
20:59 749.7 15.1 78 1.8 0
21:00 749.7 15.1 78 2.2 0
21:01 749.7 15.1 77 1.8 0
21:02 749.7 15.1 78 1.3 0
21:03 749.7 15.1 78 .9 0
21:04 749.7 15.1 78 .9 0
21:05 749.7 15.1 77 2.7 0
21:06 749.7 15.1 77 2.7 0
21:07 749.7 15.1 77 1.8 0
21:08 749.7 15.1 77 1.8 0
21:09 749.7 15.1 77 1.3 0
21:10 749.7 15.1 77 1.3 0
21:11 749.7 15.1 77 1.8 0
21:12 749.7 15.1 77 1.3 0
21:13 749.7 15.1 77 1.8 0
21:14 749.7 15.2 77 .9 0
21:15 749.8 15.2 77 .4 0
21:16 749.8 15.2 77 .4 0
21:17 749.8 15.2 77 .9 0
21:18 749.8 15.2 77 1.3 0
21:19 749.8 15.1 77 1.8 0
21:20 749.8 15.1 77 1.3 0
21:21 749.8 15.1 77 1.3 0
21:22 749.8 15.1 77 .4 0
21:23 749.8 15.1 77 .9 0
21:24 749.8 15.1 77 1.3 0
21:25 749.8 15.1 77 1.8 0
21:26 749.8 15.1 77 1.8 0
21:27 749.8 15.1 77 .9 0
21:28 749.8 15.1 77 1.3 0
21:29 749.8 15.1 77 1.3 0
21:30 749.7 15.1 77 1.3 0
21:31 749.7 15.1 77 1.8 0
21:32 749.7 15.1 76 1.8 0
21:33 749.7 15.1 76 2.2 0
21:34 749.7 15.1 76 2.2 0
21:35 749.7 15.1 76 2.2 0
21:36 749.7 15.1 76 .9 0
21:37 749.7 15.1 76 .9 0
21:38 749.7 15.1 76 1.8 0
21:39 749.7 15.1 76 1.8 0
21:40 749.7 15.1 76 1.8 0
21:41 749.7 15.1 76 1.8 0
21:42 749.7 15.1 77 2.2 0
21:43 749.7 15.1 77 .9 0
21:44 749.7 15.1 77 .4 0
21:45 749.7 15 77 1.3 0
21:46 749.7 15 77 1.8 0
21:47 749.7 15 77 1.8 0
21:48 749.7 15 77 1.8 0
21:49 749.7 15 77 1.3 0
21:50 749.7 15 76 2.2 0
21:51 749.7 15 76 2.2 0
21:52 749.7 15 76 1.8 0
21:53 749.7 15 76 1.8 0
21:54 749.7 15 76 1.8 0
21:55 749.7 15 76 1.8 0
21:56 749.7 15 76 2.7 0
21:57 749.7 15 76 2.2 0
21:58 749.7 15 77 2.2 0
21:59 749.7 15 76 1.8 0
22:00 749.7 14.9 77 1.8 0
22:01 749.7 14.9 77 1.8 0
22:02 749.7 14.9 77 .9 0
22:03 749.7 14.9 77 1.3 0
22:04 749.7 14.9 77 1.8 0
22:05 749.7 14.9 77 .4 0
22:06 749.7 14.9 77 1.8 0
22:07 749.7 14.9 77 2.2 0
22:08 749.7 14.9 77 2.2 0
22:09 749.7 14.9 77 2.2 0
22:10 749.7 14.9 77 2.2 0
22:11 749.7 14.9 77 2.2 0
22:12 749.7 14.9 77 2.2 0
22:13 749.7 14.9 77 1.8 0
22:14 749.7 14.9 77 1.8 0
22:15 749.7 14.9 77 1.8 0
22:16 749.7 14.9 77 1.8 0
22:17 749.7 14.9 77 1.8 0
22:18 749.7 14.9 77 2.2 0
22:19 749.7 14.8 77 1.8 0
22:20 749.7 14.8 77 1.3 0
22:21 749.7 14.8 77 1.8 0
22:22 749.7 14.8 77 1.8 0
22:23 749.7 14.8 77 1.3 0
22:24 749.7 14.8 77 1.3 0
22:25 749.7 14.8 77 1.8 0
22:26 749.7 14.8 77 1.8 0
22:27 749.7 14.8 77 1.3 0
22:28 749.7 14.8 77 1.3 0
22:29 749.7 14.8 77 2.2 0
22:30 749.7 14.8 77 2.7 0
22:31 749.7 14.8 77 1.8 0
22:32 749.7 14.8 77 2.2 0
22:33 749.7 14.8 77 1.8 0
22:34 749.7 14.8 77 1.8 0
22:35 749.7 14.8 77 1.8 0
22:36 749.7 14.8 77 1.8 0
22:37 749.7 14.8 77 1.3 0
22:38 749.7 14.7 77 1.3 0
22:39 749.7 14.7 78 1.8 0
22:40 749.7 14.7 77 1.8 0
22:41 749.7 14.7 77 1.3 0
22:42 749.7 14.7 78 1.3 0
22:43 749.7 14.7 78 1.3 0
22:44 749.7 14.7 78 1.8 0
22:45 749.7 14.7 78 2.2 0
22:46 749.7 14.7 78 1.8 0
22:47 749.7 14.7 78 2.2 0
22:48 749.7 14.7 78 2.7 0
22:49 749.7 14.7 78 2.2 0
22:50 749.7 14.7 78 2.2 0
22:51 749.7 14.7 78 3.1 0
22:52 749.7 14.7 78 2.7 0
22:53 749.7 14.7 78 2.2 0
22:54 749.7 14.7 78 2.7 0
22:55 749.7 14.7 78 2.2 0
22:56 749.7 14.7 78 2.7 0
22:57 749.7 14.7 78 2.7 0
22:58 749.7 14.7 78 1.8 0
22:59 749.7 14.7 78 1.8 0
23:00 749.7 14.6 78 2.7 0
23:01 749.7 14.6 78 2.2 0
23:02 749.7 14.6 78 2.2 0
23:03 749.7 14.6 78 2.7 0
23:04 749.7 14.6 78 2.7 0
23:05 749.7 14.6 78 3.6 0
23:06 749.7 14.6 78 2.7 0
23:07 749.7 14.6 78 2.2 0
23:08 749.7 14.6 78 1.3 0
23:09 749.7 14.6 78 1.3 0
23:10 749.7 14.5 78 2.2 0
23:11 749.7 14.5 79 1.8 0
23:12 749.7 14.5 78 1.8 0
23:13 749.7 14.5 79 1.3 0
23:14 749.7 14.5 79 1.8 0
23:15 749.5 14.5 78 1.8 0
23:16 749.5 14.5 79 1.3 0
23:17 749.5 14.5 79 3.6 0
23:18 749.5 14.5 78 2.7 0
23:19 749.5 14.5 78 2.7 0
23:20 749.5 14.4 79 2.2 0
23:21 749.5 14.4 79 2.7 0
23:22 749.5 14.4 79 3.1 0
23:23 749.5 14.4 79 2.7 0
23:24 749.5 14.4 79 3.6 0
23:25 749.5 14.4 79 3.6 0
23:26 749.5 14.4 79 3.6 0
23:27 749.5 14.3 79 4 0
23:28 749.5 14.3 79 2.2 0
23:29 749.5 14.3 79 1.8 0
23:30 749.7 14.3 79 3.1 0
23:31 749.7 14.3 79 2.2 0
23:32 749.7 14.3 83 3.1 0
23:33 749.7 14.3 79 2.2 0
23:34 749.7 14.3 79 2.7 0
23:35 749.7 14.3 79 2.2 0
23:36 749.7 14.3 79 2.2 0
23:37 749.7 14.3 79 1.3 0
23:38 749.7 14.3 79 .9 0
23:39 749.7 14.3 79 3.1 0
23:40 749.7 14.2 79 4 0
23:41 749.7 14.2 79 2.2 0
23:42 749.7 14.2 79 3.6 0
23:43 749.7 14.2 79 3.6 0
23:44 749.7 14.2 79 2.2 0
23:45 749.8 14.1 79 2.2 0
23:46 749.8 14.1 79 4 0
23:47 749.8 14.1 79 2.2 0
23:48 749.8 14.1 79 2.7 0
23:49 749.8 14.1 79 2.7 0
23:50 749.8 14.1 79 2.2 0
23:51 749.8 14.1 79 1.8 0
23:52 749.8 13.9 80 1.8 0
23:53 749.8 13.9 80 2.2 0
23:54 749.8 13.9 80 1.8 0
23:55 749.8 13.9 80 1.3 0
23:56 749.8 13.9 80 1.8 0
23:57 749.8 13.9 80 1.3 0
23:58 749.8 13.8 80 .9 0
23:59 749.8 13.8 80 1.8 0
