00:00 750.32 8.89 65 0 0
00:01 750.32 8.83 66 0 0
00:02 750.32 8.83 67 0 0
00:03 750.32 8.78 67 0 0
00:04 750.32 8.72 68 0 0
00:05 750.32 8.67 68 0 0
00:06 750.32 8.61 68 0 0
00:07 750.32 8.56 68 0 0
00:08 750.32 8.5 68 0 0
00:09 750.32 8.44 69 0 0
00:10 750.32 8.39 69 0 0
00:11 750.32 8.33 69 0 0
00:12 750.32 8.28 69 0 0
00:13 750.32 8.22 70 0 0
00:14 750.32 8.11 70 0 0
00:15 750.32 8.06 70 0 0
00:16 750.32 8 70 0 0
00:17 750.32 8 70 0 0
00:18 750.32 7.94 71 0 0
00:19 750.57 7.89 71 0 0
00:20 750.57 7.89 70 0 0
00:21 750.32 7.78 70 0 0
00:22 750.57 7.78 70 0 0
00:23 750.57 7.72 69 0 0
00:24 750.57 7.67 69 0 0
00:25 750.57 7.67 69 0 0
00:26 750.57 7.61 69 0 0
00:27 750.57 7.56 69 0 0
00:28 750.57 7.56 69 0 0
00:29 750.57 7.5 69 0 0
00:30 750.57 7.44 69 0 0
00:31 750.57 7.44 69 0 0
00:32 750.57 7.33 69 0 0
00:33 750.57 7.33 69 .45 0
00:34 750.57 7.33 70 .89 0
00:35 750.57 7.28 69 .45 0
00:36 750.57 7.22 69 .45 0
00:37 750.57 7.22 69 .45 0
00:38 750.57 7.22 69 .45 0
00:39 750.57 7.17 69 .45 0
00:40 750.57 7.11 71 .45 0
00:41 750.57 7.11 71 .89 0
00:42 750.57 7.06 71 .89 0
00:43 750.57 7 70 .45 0
00:44 750.57 6.94 70 .89 0
00:45 750.57 6.94 69 .45 0
00:46 750.57 6.89 69 .45 0
00:47 750.57 6.94 70 .45 0
00:48 750.57 6.89 71 .45 0
00:49 750.57 6.89 71 .45 0
00:50 750.57 6.83 71 .45 0
00:51 750.57 6.83 71 0 0
00:52 750.57 6.83 72 0 0
00:53 750.82 6.78 72 0 0
00:54 750.57 6.78 72 0 0
00:55 750.57 6.78 72 0 0
00:56 750.82 6.72 72 .45 0
00:57 750.57 6.67 72 .45 0
00:58 750.82 6.67 72 .45 0
00:59 750.57 6.67 72 0 0
01:00 750.82 6.67 71 .45 0
01:01 750.82 6.61 71 0 0
01:02 750.57 6.67 72 .45 0
01:03 750.82 6.56 71 .45 0
01:04 750.82 6.56 72 .45 0
01:05 750.57 6.5 72 .45 0
01:06 750.57 6.5 72 .45 0
01:07 750.82 6.44 72 .45 0
01:08 750.82 6.44 73 .45 0
01:09 750.82 6.44 73 .45 0
01:10 750.82 6.39 74 .45 0
01:11 750.82 6.39 74 .89 0
01:12 750.82 6.33 74 .89 0
01:13 750.82 6.33 74 .45 0
01:14 750.82 6.33 74 .45 0
01:15 750.82 6.33 74 .89 0
01:16 750.57 6.33 74 .89 0
01:17 750.57 6.39 75 .89 0
01:18 750.57 6.39 75 .89 0
01:19 750.82 6.39 75 .45 0
01:20 750.82 6.39 75 .89 0
01:21 750.57 6.44 74 .89 0
01:22 750.82 6.44 75 .45 0
01:23 750.82 6.44 75 .89 0
01:24 750.82 6.44 75 .45 0
01:25 750.82 6.44 75 .89 0
01:26 750.82 6.44 75 .45 0
01:27 750.82 6.39 75 .45 0
01:28 750.82 6.39 75 .89 0
01:29 750.82 6.33 75 .45 0
01:30 750.82 6.33 75 .89 0
01:31 750.82 6.28 75 .89 0
01:32 750.57 6.33 75 .45 0
01:33 750.82 6.28 75 .45 0
01:34 750.82 6.28 75 .45 0
01:35 750.82 6.28 75 .45 0
01:36 750.82 6.22 75 .45 0
01:37 750.82 6.22 74 0 0
01:38 750.82 6.22 74 0 0
01:39 750.82 6.22 75 .45 0
01:40 750.82 6.17 75 0 0
01:41 750.82 6.17 75 .45 0
01:42 750.82 6.11 75 .45 0
01:43 750.82 6.06 76 .45 0
01:44 750.82 6 76 .45 0
01:45 750.82 5.94 76 0 0
01:46 750.82 5.89 75 0 0
01:47 750.82 5.83 76 .45 0
01:48 750.82 5.83 76 .45 0
01:49 750.82 5.78 76 .45 0
01:50 750.82 5.78 76 .89 0
01:51 750.82 5.72 76 .45 0
01:52 750.82 5.72 76 .89 0
01:53 750.82 5.67 76 .89 0
01:54 750.82 5.67 76 .45 0
01:55 750.82 5.67 76 .45 0
01:56 750.82 5.61 77 .45 0
01:57 750.82 5.61 77 .89 0
01:58 750.82 5.61 77 .89 0
01:59 750.82 5.56 77 .45 0
02:00 750.82 5.56 77 .45 0
02:01 751.08 5.56 77 .89 0
02:02 751.08 5.5 77 .45 0
02:03 751.08 5.5 77 .45 0
02:04 751.08 5.5 77 .45 0
02:05 751.08 5.5 77 .45 0
02:06 750.82 5.39 77 .45 0
02:07 751.08 5.39 77 .45 0
02:08 751.08 5.39 77 .89 0
02:09 751.08 5.33 77 .89 0
02:10 751.08 5.33 77 .89 0
02:11 751.08 5.33 77 .89 0
02:12 751.08 5.33 77 .89 0
02:13 751.08 5.39 77 .89 0
02:14 751.08 5.39 78 .89 0
02:15 751.08 5.44 78 .89 0
02:16 751.08 5.44 77 .89 0
02:17 751.08 5.5 77 .45 0
02:18 751.08 5.5 77 .45 0
02:19 751.08 5.5 77 .45 0
02:20 751.08 5.5 77 .45 0
02:21 751.08 5.5 77 .45 0
02:22 751.08 5.5 77 .45 0
02:23 751.08 5.5 77 0 0
02:24 751.08 5.5 77 0 0
02:25 751.08 5.44 77 0 0
02:26 751.08 5.39 77 0 0
02:27 751.08 5.33 77 .45 0
02:28 751.08 5.28 77 0 0
02:29 751.08 5.28 77 .45 0
02:30 751.08 5.22 77 .45 0
02:31 751.08 5.11 77 0 0
02:32 751.08 5.06 77 0 0
02:33 751.08 5 77 0 0
02:34 751.08 4.94 77 0 0
02:35 751.08 4.83 77 0 0
02:36 751.08 4.83 77 0 0
02:37 751.08 4.78 78 0 0
02:38 751.08 4.72 78 0 0
02:39 751.08 4.72 78 0 0
02:40 751.08 4.67 78 0 0
02:41 751.08 4.67 77 0 0
02:42 751.08 4.67 78 0 0
02:43 751.08 4.67 78 0 0
02:44 751.08 4.67 78 0 0
02:45 751.08 4.61 78 0 0
02:46 751.08 4.61 78 0 0
02:47 751.08 4.61 78 .45 0
02:48 751.08 4.61 78 .45 0
02:49 751.08 4.61 79 .45 0
02:50 751.08 4.61 79 .89 0
02:51 751.08 4.61 79 .89 0
02:52 751.08 4.61 79 1.34 0
02:53 751.08 4.61 79 1.34 0
02:54 751.08 4.67 79 .89 0
02:55 751.08 4.67 78 1.34 0
02:56 751.08 4.67 78 .89 0
02:57 751.08 4.67 78 1.34 0
02:58 751.08 4.72 78 .89 0
02:59 751.08 4.72 79 .45 0
03:00 751.08 4.72 79 .45 0
03:01 751.08 4.72 79 .89 0
03:02 751.08 4.67 79 .45 0
03:03 751.08 4.72 79 .45 0
03:04 751.08 4.67 79 0 0
03:05 751.08 4.67 79 0 0
03:06 751.08 4.61 79 0 0
03:07 751.08 4.61 79 0 0
03:08 751.08 4.56 79 0 0
03:09 751.08 4.56 79 0 0
03:10 751.08 4.5 79 0 0
03:11 751.08 4.5 79 .45 0
03:12 751.08 4.5 79 .45 0
03:13 751.08 4.44 79 .89 0
03:14 751.33 4.33 79 .45 0
03:15 751.08 4.28 79 .45 0
03:16 751.08 4.28 79 .45 0
03:17 751.08 4.28 79 .45 0
03:18 751.08 4.22 79 .45 0
03:19 751.08 4.22 79 .45 0
03:20 751.08 4.22 79 .45 0
03:21 751.08 4.17 79 0 0
03:22 751.08 4.17 80 .45 0
03:23 751.08 4.22 80 .45 0
03:24 751.08 4.22 80 .45 0
03:25 751.08 4.22 80 .45 0
03:26 751.08 4.22 80 .89 0
03:27 751.08 4.17 80 .89 0
03:28 751.08 4.17 80 .89 0
03:29 751.33 4.17 80 .89 0
03:30 751.08 4.17 80 .89 0
03:31 751.08 4.17 80 .89 0
03:32 751.08 4.17 80 .45 0
03:33 751.08 4.17 80 .45 0
03:34 751.08 4.17 80 .45 0
03:35 751.08 4.17 80 .45 0
03:36 751.33 4.17 80 .45 0
03:37 751.33 4.22 80 .45 0
03:38 751.08 4.17 81 .45 0
03:39 751.33 4.17 81 0 0
03:40 751.33 4.17 81 0 0
03:41 751.08 4.17 81 0 0
03:42 751.08 4.17 81 0 0
03:43 751.33 4.17 81 0 0
03:44 751.33 4.17 81 0 0
03:45 751.33 4.17 81 0 0
03:46 751.33 4.17 81 0 0
03:47 751.33 4.17 81 .45 0
03:48 751.33 4.11 81 .45 0
03:49 751.33 4.06 81 0 0
03:50 751.33 4.06 81 0 0
03:51 751.33 4 81 0 0
03:52 751.33 3.94 81 0 0
03:53 751.33 3.89 81 0 0
03:54 751.33 3.89 81 0 0
03:55 751.33 3.78 81 0 0
03:56 751.33 3.78 81 0 0
03:57 751.33 3.78 81 0 0
03:58 751.33 3.72 81 0 0
03:59 751.33 3.72 81 0 0
04:00 751.33 3.72 82 0 0
04:01 751.33 3.72 82 0 0
04:02 751.33 3.72 82 0 0
04:03 751.33 3.78 82 0 0
04:04 751.33 3.78 82 0 0
04:05 751.33 3.78 83 0 0
04:06 751.33 3.83 83 0 0
04:07 751.33 3.83 83 0 0
04:08 751.33 3.83 82 0 0
04:09 751.33 3.83 82 0 0
04:10 751.33 3.83 82 0 0
04:11 751.33 3.83 82 0 0
04:12 751.33 3.89 82 0 0
04:13 751.33 3.89 82 0 0
04:14 751.33 3.89 82 0 0
04:15 751.33 3.89 82 0 0
04:16 751.33 3.89 82 0 0
04:17 751.33 3.89 82 0 0
04:18 751.33 3.89 81 0 0
04:19 751.33 3.83 81 0 0
04:20 751.33 3.78 81 0 0
04:21 751.33 3.78 81 0 0
04:22 751.33 3.78 81 0 0
04:23 751.33 3.78 81 0 0
04:24 751.33 3.72 82 0 0
04:25 751.33 3.72 81 0 0
04:26 751.33 3.67 81 0 0
04:27 751.33 3.67 81 0 0
04:28 751.33 3.67 82 0 0
04:29 751.33 3.61 82 0 0
04:30 751.33 3.61 82 0 0
04:31 751.33 3.61 82 0 0
04:32 751.33 3.61 82 0 0
04:33 751.33 3.61 82 0 0
04:34 751.33 3.61 82 0 0
04:35 751.33 3.67 82 0 0
04:36 751.33 3.67 82 0 0
04:37 751.33 3.67 82 0 0
04:38 751.59 3.72 82 0 0
04:39 751.59 3.72 82 0 0
04:40 751.33 3.78 82 0 0
04:41 751.59 3.72 82 0 0
04:42 751.59 3.72 82 0 0
04:43 751.59 3.72 82 0 0
04:44 751.59 3.78 82 0 0
04:45 751.59 3.72 82 0 0
04:46 751.59 3.72 82 0 0
04:47 751.59 3.78 82 0 0
04:48 751.59 3.78 82 0 0
04:49 751.59 3.72 82 0 0
04:50 751.59 3.78 82 0 0
04:51 751.59 3.83 82 0 0
04:52 751.59 3.83 82 0 0
04:53 751.59 3.94 82 0 0
04:54 751.59 4 82 0 0
04:55 751.59 4.06 82 0 0
04:56 751.59 4.06 82 0 0
04:57 751.59 4.11 82 0 0
04:58 751.59 4.17 82 0 0
04:59 751.59 4.17 82 .45 0
05:00 751.59 4.17 81 .45 0
05:01 751.59 4.17 81 .45 0
05:02 751.59 4.11 81 .45 0
05:03 751.59 4.11 81 .45 0
05:04 751.59 4.17 81 .45 0
05:05 751.59 4.17 81 .89 0
05:06 751.59 4.22 81 .45 0
05:07 751.59 4.22 81 .45 0
05:08 751.59 4.28 81 .45 0
05:09 751.59 4.33 81 .45 0
05:10 751.59 4.33 81 .45 0
05:11 751.59 4.39 81 .45 0
05:12 751.59 4.44 81 .89 0
05:13 751.59 4.44 81 0 0
05:14 751.59 4.5 80 0 0
05:15 751.59 4.5 80 .45 0
05:16 751.59 4.56 80 0 0
05:17 751.59 4.56 80 .45 0
05:18 751.59 4.61 80 0 0
05:19 751.59 4.61 80 0 0
05:20 751.59 4.67 80 .45 0
05:21 751.59 4.67 80 .45 0
05:22 751.59 4.72 80 0 0
05:23 751.59 4.78 80 .45 0
05:24 751.59 4.78 80 .89 0
05:25 751.59 4.83 80 .45 0
05:26 751.59 4.94 80 .45 0
05:27 751.59 5.06 80 .45 0
05:28 751.59 5.17 80 0 0
05:29 751.59 5.28 80 .45 0
05:30 751.59 5.39 80 .45 0
05:31 751.59 5.44 79 .45 0
05:32 751.59 5.5 79 .45 0
05:33 751.59 5.56 78 0 0
05:34 751.59 5.56 78 0 0
05:35 751.59 5.61 78 0 0
05:36 751.59 5.61 78 0 0
05:37 751.59 5.67 78 0 0
05:38 751.59 5.72 78 0 0
05:39 751.59 5.72 78 0 0
05:40 751.59 5.78 78 0 0
05:41 751.59 5.78 78 .45 0
05:42 751.59 5.83 78 0 0
05:43 751.59 5.83 78 .45 0
05:44 751.59 5.89 78 .45 0
05:45 751.59 5.94 78 .45 0
05:46 751.59 5.94 78 .45 0
05:47 751.59 6.06 77 .45 0
05:48 751.59 6.11 77 0 0
05:49 751.59 6.17 77 0 0
05:50 751.59 6.22 77 0 0
05:51 751.59 6.28 76 0 0
05:52 751.59 6.33 76 0 0
05:53 751.59 6.39 76 0 0
05:54 751.59 6.5 76 0 0
05:55 751.59 6.5 76 0 0
05:56 751.59 6.56 75 0 0
05:57 751.59 6.61 75 0 0
05:58 751.59 6.67 76 0 0
05:59 751.59 6.72 75 0 0
06:00 751.59 6.78 75 0 0
06:01 751.59 6.83 75 0 0
06:02 751.59 6.89 75 0 0
06:03 751.59 6.94 75 0 0
06:04 751.59 7 75 0 0
06:05 751.59 7 74 0 0
06:06 751.59 7.06 75 0 0
06:07 751.59 7.11 75 0 0
06:08 751.59 7.22 75 0 0
06:09 751.59 7.22 74 0 0
06:10 751.59 7.28 74 0 0
06:11 751.59 7.33 73 0 0
06:12 751.59 7.44 73 .45 0
06:13 751.59 7.5 73 0 0
06:14 751.59 7.56 73 0 0
06:15 751.59 7.61 73 .45 0
06:16 751.59 7.67 72 0 0
06:17 751.59 7.72 71 0 0
06:18 751.59 7.89 71 0 0
06:19 751.59 7.89 71 0 0
06:20 751.59 8 70 0 0
06:21 751.59 8.06 70 0 0
06:22 751.59 8.17 70 0 0
06:23 751.59 8.17 70 .45 0
06:24 751.59 8.28 70 .45 0
06:25 751.59 8.33 70 .45 0
06:26 751.59 8.39 70 .89 0
06:27 751.59 8.56 68 0 0
06:28 751.59 8.67 68 .45 0
06:29 751.59 8.89 68 .45 0
06:30 751.59 9.11 67 .89 0
06:31 751.59 9.33 64 .45 0
06:32 751.59 9.5 62 0 0
06:33 751.59 9.61 61 .45 0
06:34 751.59 9.83 61 .45 0
06:35 751.59 9.94 61 .45 0
06:36 751.59 10.06 60 .45 0
06:37 751.59 10.17 60 0 0
06:38 751.59 10.28 60 .45 0
06:39 751.59 10.39 59 .45 0
06:40 751.59 10.44 59 .45 0
06:41 751.59 10.56 60 0 0
06:42 751.59 10.61 58 0 0
06:43 751.59 10.72 58 .45 0
06:44 751.59 10.89 58 .89 0
06:45 751.59 11 61 .45 0
06:46 751.59 11.11 60 .45 0
06:47 751.59 11.17 59 .45 0
06:48 751.59 11.17 59 .45 0
06:49 751.59 11.22 60 .89 0
06:50 751.59 11.22 60 .45 0
06:51 751.59 11.28 61 .45 0
06:52 751.59 11.28 61 .45 0
06:53 751.59 11.33 61 .89 0
06:54 751.59 11.39 61 .45 0
06:55 751.59 11.44 61 .89 0
06:56 751.59 11.44 60 .89 0
06:57 751.59 11.5 61 .89 0
06:58 751.59 11.5 60 .89 0
06:59 751.59 11.56 60 .89 0
07:00 751.59 11.56 60 .45 0
07:01 751.84 11.61 60 .89 0
07:02 751.84 11.61 59 .89 0
07:03 751.59 11.67 59 .89 0
07:04 751.59 11.72 60 .45 0
07:05 751.59 11.72 60 .45 0
07:06 751.59 11.78 59 .89 0
07:07 751.59 11.78 59 .45 0
07:08 751.59 11.89 59 .45 0
07:09 751.59 11.89 59 .45 0
07:10 751.59 11.89 59 .89 0
07:11 751.59 11.94 59 .89 0
07:12 751.59 12 59 .89 0
07:13 751.59 12.06 59 .45 0
07:14 751.84 12.11 60 .89 0
07:15 751.59 12.11 58 .89 0
07:16 751.59 12.17 58 .89 0
07:17 751.59 12.22 58 .45 0
07:18 751.59 12.28 58 .45 0
07:19 751.59 12.33 58 1.34 0
07:20 751.59 12.33 58 0 0
07:21 751.59 12.39 58 .45 0
07:22 751.59 12.44 58 .89 0
07:23 751.84 12.44 57 .89 0
07:24 751.84 12.5 57 0 0
07:25 751.84 12.56 57 .45 0
07:26 751.84 12.61 56 0 0
07:27 751.84 12.61 55 0 0
07:28 751.84 12.61 56 1.34 0
07:29 751.84 12.67 56 .45 0
07:30 751.84 12.67 56 .89 0
07:31 751.84 12.72 55 .45 0
07:32 751.84 12.78 55 1.34 0
07:33 751.84 12.83 54 .45 0
07:34 751.84 12.83 54 .45 0
07:35 751.84 12.83 54 .89 0
07:36 751.59 12.83 53 .45 0
07:37 751.84 12.89 54 .45 0
07:38 751.84 12.94 54 0 0
07:39 751.84 12.94 53 .45 0
07:40 751.59 12.94 53 .89 0
07:41 751.59 12.94 53 .45 0
07:42 751.59 12.94 52 .45 0
07:43 751.84 12.94 52 .89 0
07:44 751.59 12.94 52 0 0
07:45 751.59 13 52 .45 0
07:46 751.59 13.06 52 .89 0
07:47 751.59 13.17 52 .89 0
07:48 751.59 13.22 52 .89 0
07:49 751.59 13.33 52 .89 0
07:50 751.59 13.44 51 1.34 0
07:51 751.59 13.44 51 1.34 0
07:52 751.59 13.44 51 .45 0
07:53 751.59 13.44 51 1.34 0
07:54 751.59 13.39 51 .89 0
07:55 751.59 13.33 50 .45 0
07:56 751.59 13.33 51 .45 0
07:57 751.59 13.33 51 .45 0
07:58 751.59 13.33 51 .45 0
07:59 751.59 13.39 52 .45 0
08:00 751.59 13.44 51 .45 0
08:01 751.59 13.56 51 1.34 0
08:02 751.59 13.56 50 1.34 0
08:03 751.59 13.56 49 .45 0
08:04 751.59 13.56 49 .45 0
08:05 751.59 13.56 49 .45 0
08:06 751.59 13.56 49 0 0
08:07 751.59 13.61 49 .89 0
08:08 751.59 13.61 49 .89 0
08:09 751.59 13.67 49 .45 0
08:10 751.59 13.72 49 1.34 0
08:11 751.59 13.78 49 .89 0
08:12 751.59 13.89 49 .45 0
08:13 751.59 13.94 48 .45 0
08:14 751.59 14.06 48 .89 0
08:15 751.59 14.06 48 .45 0
08:16 751.59 14.06 48 0 0
08:17 751.59 14.11 48 .45 0
08:18 751.59 14.17 48 1.34 0
08:19 751.59 14.11 47 .89 0
08:20 751.59 14.17 47 1.79 0
08:21 751.59 14.17 47 1.34 0
08:22 751.59 14.17 46 .45 0
08:23 751.59 14.17 47 1.34 0
08:24 751.59 14.11 45 1.34 0
08:25 751.59 14.11 46 1.79 0
08:26 751.59 14.06 45 .89 0
08:27 751.59 14.06 45 .45 0
08:28 751.59 14.06 45 0 0
08:29 751.59 14.06 46 .89 0
08:30 751.59 14.06 45 .89 0
08:31 751.59 14.06 45 .89 0
08:32 751.59 14.11 45 .45 0
08:33 751.59 14.17 46 1.34 0
08:34 751.59 14.17 46 1.79 0
08:35 751.59 14.22 47 2.24 0
08:36 751.59 14.22 46 2.68 0
08:37 751.59 14.17 45 1.34 0
08:38 751.59 14.11 46 1.34 0
08:39 751.59 14.11 47 1.34 0
08:40 751.59 14.11 47 1.34 0
08:41 751.59 14.17 45 1.34 0
08:42 751.59 14.17 45 1.34 0
08:43 751.59 14.22 46 1.79 0
08:44 751.84 14.28 45 1.79 0
08:45 751.84 14.28 45 1.79 0
08:46 751.84 14.33 45 2.68 0
08:47 751.84 14.33 44 1.34 0
08:48 751.84 14.33 43 2.24 0
08:49 751.84 14.33 45 1.34 0
08:50 751.84 14.28 44 2.24 0
08:51 751.84 14.28 44 .89 0
08:52 751.84 14.28 43 1.34 0
08:53 751.84 14.28 42 .89 0
08:54 751.84 14.28 44 .45 0
08:55 751.84 14.28 43 2.24 0
08:56 751.84 14.33 43 1.34 0
08:57 751.84 14.39 43 .89 0
08:58 751.84 14.5 43 1.79 0
08:59 751.84 14.61 43 .89 0
09:00 751.84 14.78 43 1.34 0
09:01 751.84 14.83 42 .89 0
09:02 751.84 14.89 42 0 0
09:03 751.84 15 42 .89 0
09:04 751.59 15.06 42 0 0
09:05 751.59 15.11 42 .45 0
09:06 751.84 15.28 42 .45 0
09:07 751.84 15.44 42 0 0
09:08 751.84 15.61 42 .45 0
09:09 751.59 15.72 42 1.34 0
09:10 751.59 15.89 41 2.24 0
09:11 751.59 15.89 41 2.24 0
09:12 751.59 15.83 41 2.24 0
09:13 751.59 15.72 41 2.24 0
09:14 751.59 15.67 42 .89 0
09:15 751.59 15.67 43 3.58 0
09:16 751.59 15.61 43 3.13 0
09:17 751.59 15.61 43 2.68 0
09:18 751.59 15.56 43 .89 0
09:19 751.59 15.5 43 2.68 0
09:20 751.59 15.44 43 2.24 0
09:21 751.59 15.39 43 1.34 0
09:22 751.59 15.33 43 1.34 0
09:23 751.59 15.39 43 1.79 0
09:24 751.59 15.39 43 0 0
09:25 751.59 15.39 43 1.79 0
09:26 751.59 15.44 43 1.79 0
09:27 751.59 15.44 43 .45 0
09:28 751.59 15.56 44 .89 0
09:29 751.59 15.56 44 .89 0
09:30 751.59 15.61 44 .45 0
09:31 751.59 15.67 44 .89 0
09:32 751.59 15.72 43 1.34 0
09:33 751.59 15.72 43 .45 0
09:34 751.59 15.78 44 .45 0
09:35 751.59 15.83 43 1.34 0
09:36 751.59 15.89 43 .89 0
09:37 751.59 15.94 43 .89 0
09:38 751.59 16 43 3.13 0
09:39 751.59 15.94 42 2.24 0
09:40 751.59 15.89 43 1.34 0
09:41 751.59 15.89 43 1.34 0
09:42 751.59 15.83 43 1.34 0
09:43 751.59 15.78 43 1.34 0
09:44 751.59 15.72 43 .89 0
09:45 751.59 15.78 43 .89 0
09:46 751.59 15.78 43 .45 0
09:47 751.59 15.89 43 0 0
09:48 751.59 16.06 44 1.34 0
09:49 751.59 16.17 43 1.34 0
09:50 751.59 16.28 43 .45 0
09:51 751.59 16.39 43 .89 0
09:52 751.59 16.56 42 1.34 0
09:53 751.59 16.61 42 .45 0
09:54 751.59 16.72 43 1.34 0
09:55 751.59 16.78 43 0 0
09:56 751.59 16.83 42 1.34 0
09:57 751.59 16.89 41 1.34 0
09:58 751.59 16.83 41 .89 0
09:59 751.59 16.83 41 .89 0
10:00 751.59 16.78 41 .89 0
10:01 751.59 16.78 41 1.34 0
10:02 751.59 16.83 41 .89 0
10:03 751.59 16.89 42 1.34 0
10:04 751.59 16.83 42 1.79 0
10:05 751.59 16.78 42 .89 0
10:06 751.59 16.78 41 .45 0
10:07 751.59 16.72 42 2.68 0
10:08 751.59 16.72 41 .89 0
10:09 751.59 16.61 41 .89 0
10:10 751.59 16.56 42 .45 0
10:11 751.59 16.56 42 .45 0
10:12 751.59 16.61 42 .45 0
10:13 751.59 16.67 43 .89 0
10:14 751.59 16.72 42 2.24 0
10:15 751.59 16.67 42 .89 0
10:16 751.59 16.67 43 .45 0
10:17 751.59 16.67 43 .89 0
10:18 751.59 16.67 42 .45 0
10:19 751.59 16.67 42 .89 0
10:20 751.59 16.61 42 3.58 0
10:21 751.59 16.61 41 1.79 0
10:22 751.59 16.56 42 2.24 0
10:23 751.59 16.61 43 3.13 0
10:24 751.59 16.72 42 3.13 0
10:25 751.59 16.78 41 .89 0
10:26 751.59 16.89 42 .89 0
10:27 751.33 16.94 41 .89 0
10:28 751.59 17 42 .45 0
10:29 751.33 17 41 .89 0
10:30 751.33 17.06 41 .89 0
10:31 751.59 17.11 41 0 0
10:32 751.59 17.11 41 2.24 0
10:33 751.59 17.06 40 1.79 0
10:34 751.59 16.94 41 2.24 0
10:35 751.33 16.89 41 1.34 0
10:36 751.33 16.89 42 1.79 0
10:37 751.33 16.94 42 1.34 0
10:38 751.33 17 43 .89 0
10:39 751.33 17.17 43 .45 0
10:40 751.59 17.28 42 1.34 0
10:41 751.33 17.33 41 .89 0
10:42 751.33 17.33 41 2.24 0
10:43 751.33 17.44 41 2.68 0
10:44 751.33 17.56 41 1.79 0
10:45 751.33 17.61 41 .89 0
10:46 751.33 17.61 41 1.34 0
10:47 751.33 17.67 41 2.68 0
10:48 751.33 17.56 41 1.79 0
10:49 751.33 17.5 41 1.79 0
10:50 751.33 17.44 40 4.02 0
10:51 751.33 17.33 41 2.24 0
10:52 751.33 17.28 40 2.68 0
10:53 751.33 17.22 43 1.79 0
10:54 751.33 17.22 43 3.58 0
10:55 751.33 17.17 40 3.58 0
10:56 751.59 17.06 41 1.34 0
10:57 751.33 17 41 .89 0
10:58 751.33 16.94 42 2.68 0
10:59 751.59 16.94 42 1.34 0
11:00 751.59 16.94 42 .89 0
11:01 751.59 17 41 .89 0
11:02 751.59 17.06 43 1.34 0
11:03 751.59 17.17 43 1.34 0
11:04 751.59 17.22 43 .45 0
11:05 751.59 17.28 43 .45 0
11:06 751.59 17.39 42 1.34 0
11:07 751.59 17.44 40 3.13 0
11:08 751.33 17.44 40 2.24 0
11:09 751.59 17.33 40 2.24 0
11:10 751.59 17.22 39 1.34 0
11:11 751.33 17.17 40 1.34 0
11:12 751.59 17.17 40 4.02 0
11:13 751.59 17.17 42 4.02 0
11:14 751.59 17.22 42 1.79 0
11:15 751.59 17.28 40 5.36 0
11:16 751.33 17.17 39 2.68 0
11:17 751.59 17.17 40 .89 0
11:18 751.33 17.22 41 1.34 0
11:19 751.33 17.28 41 1.34 0
11:20 751.33 17.33 41 .89 0
11:21 751.59 17.5 42 3.58 0
11:22 751.59 17.56 40 2.68 0
11:23 751.59 17.61 40 2.24 0
11:24 751.59 17.61 40 1.34 0
11:25 751.33 17.67 39 .45 0
11:26 751.33 17.67 40 1.79 0
11:27 751.59 17.61 39 4.02 0
11:28 751.59 17.67 40 2.24 0
11:29 751.33 17.56 39 .45 0
11:30 751.33 17.61 40 .89 0
11:31 751.33 17.61 40 1.79 0
11:32 751.59 17.61 41 3.58 0
11:33 751.33 17.61 40 1.34 0
11:34 751.33 17.56 40 1.79 0
11:35 751.33 17.5 40 1.34 0
11:36 751.33 17.56 40 .89 0
11:37 751.33 17.67 40 .89 0
11:38 751.59 17.72 41 1.34 0
11:39 751.33 17.72 40 .89 0
11:40 751.33 17.72 39 .89 0
11:41 751.33 17.72 39 .45 0
11:42 751.33 17.72 41 1.34 0
11:43 751.33 17.78 40 1.34 0
11:44 751.33 17.89 39 1.34 0
11:45 751.33 17.89 39 .89 0
11:46 751.33 17.83 39 2.68 0
11:47 751.33 17.83 40 3.58 0
11:48 751.33 17.89 40 4.02 0
11:49 751.33 17.83 40 3.58 0
11:50 751.33 17.83 40 1.79 0
11:51 751.33 17.78 40 4.02 0
11:52 751.33 17.72 41 2.24 0
11:53 751.33 17.78 42 3.58 0
11:54 751.33 17.83 42 1.79 0
11:55 751.33 17.89 41 3.13 0
11:56 751.33 17.94 43 4.47 0
11:57 751.33 17.89 40 3.13 0
11:58 751.33 17.83 41 2.68 0
11:59 751.33 17.83 40 1.34 0
12:00 751.08 17.83 40 .45 0
12:01 751.08 17.94 41 .89 0
12:02 751.33 18.06 41 2.68 0
12:03 751.33 18.22 41 1.34 0
12:04 751.08 18.39 41 .45 0
12:05 751.08 18.44 40 2.24 0
12:06 751.08 18.56 39 2.24 0
12:07 751.08 18.61 39 2.68 0
12:08 751.33 18.61 39 2.24 0
12:09 751.08 18.67 39 2.24 0
12:10 751.08 18.67 38 1.79 0
12:11 751.08 18.72 40 .89 0
12:12 751.08 18.78 40 .45 0
12:13 751.08 18.83 39 2.24 0
12:14 751.08 18.89 38 .89 0
12:15 751.08 18.94 38 2.24 0
12:16 751.08 18.94 38 1.34 0
12:17 751.08 18.94 39 1.79 0
12:18 751.08 19 39 1.79 0
12:19 751.08 19.11 38 3.13 0
12:20 751.08 19.17 38 1.79 0
12:21 751.08 19.17 38 2.24 0
12:22 751.08 19.17 38 3.58 0
12:23 751.08 19.11 38 2.24 0
12:24 751.08 19.11 40 .89 0
12:25 751.08 19.17 41 2.24 0
12:26 751.08 19.11 40 3.58 0
12:27 751.08 19 39 4.92 0
12:28 751.08 18.78 39 3.58 0
12:29 751.08 18.61 39 .89 0
12:30 751.08 18.61 39 2.68 0
12:31 751.08 18.56 39 .89 0
12:32 751.08 18.56 39 4.47 0
12:33 751.08 18.44 39 4.47 0
12:34 751.08 18.39 40 3.58 0
12:35 751.08 18.39 40 2.24 0
12:36 751.08 18.44 41 3.13 0
12:37 751.08 18.5 41 1.34 0
12:38 751.08 18.67 41 2.24 0
12:39 751.08 18.78 39 2.68 0
12:40 751.08 18.83 39 1.34 0
12:41 751.08 18.89 39 .45 0
12:42 751.08 18.94 38 .45 0
12:43 751.08 18.94 38 .89 0
12:44 751.08 19 38 .89 0
12:45 751.08 19.17 39 .89 0
12:46 751.08 19.33 39 1.34 0
12:47 751.08 19.44 38 1.34 0
12:48 751.08 19.67 39 1.34 0
12:49 751.08 19.78 39 .89 0
12:50 751.08 19.89 39 .89 0
12:51 751.08 19.94 39 3.58 0
12:52 751.08 19.94 37 1.34 0
12:53 751.08 19.89 37 2.68 0
12:54 751.08 19.78 38 3.58 0
12:55 751.08 19.61 36 2.24 0
12:56 751.08 19.5 38 2.24 0
12:57 751.08 19.5 38 1.79 0
12:58 751.08 19.5 38 .89 0
12:59 751.08 19.56 39 1.34 0
13:00 751.08 19.56 40 1.79 0
13:01 751.08 19.67 38 4.02 0
13:02 751.08 19.56 36 1.34 0
13:03 751.08 19.5 37 2.24 0
13:04 751.08 19.39 38 3.58 0
13:05 751.08 19.22 37 4.02 0
13:06 751.08 19.11 37 1.34 0
13:07 751.08 19 37 0 0
13:08 751.08 19 37 .89 0
13:09 751.08 19.06 38 2.24 0
13:10 751.08 19.11 39 .89 0
13:11 751.08 19.11 38 .45 0
13:12 751.08 19.17 38 .45 0
13:13 751.08 19.22 38 1.34 0
13:14 751.08 19.22 38 2.24 0
13:15 751.08 19.22 37 2.24 0
13:16 751.08 19.22 38 1.34 0
13:17 751.08 19.28 38 2.24 0
13:18 751.08 19.33 38 4.02 0
13:19 751.08 19.22 36 3.58 0
13:20 751.08 19.28 37 4.02 0
13:21 751.08 19.33 38 4.02 0
13:22 751.08 19.44 38 3.13 0
13:23 751.08 19.44 36 1.34 0
13:24 751.08 19.56 36 .89 0
13:25 751.08 19.56 36 1.79 0
13:26 751.08 19.56 36 .89 0
13:27 751.08 19.61 37 2.24 0
13:28 750.82 19.61 38 3.58 0
13:29 751.08 19.61 38 1.79 0
13:30 750.82 19.56 37 2.24 0
13:31 750.82 19.5 37 .89 0
13:32 750.82 19.5 37 .89 0
13:33 750.82 19.56 37 3.58 0
13:34 750.82 19.56 37 2.68 0
13:35 750.82 19.56 38 2.24 0
13:36 750.82 19.61 39 4.02 0
13:37 750.82 19.56 37 4.47 0
13:38 750.82 19.44 36 3.58 0
13:39 750.82 19.39 38 2.68 0
13:40 750.82 19.5 38 1.79 0
13:41 750.82 19.56 37 4.02 0
13:42 751.08 19.61 38 4.92 0
13:43 750.82 19.56 37 6.26 0
13:44 750.82 19.56 37 5.81 0
13:45 750.82 19.56 37 4.47 0
13:46 751.08 19.56 36 4.02 0
13:47 750.82 19.56 37 3.58 0
13:48 750.82 19.61 37 4.02 0
13:49 750.82 19.67 37 4.02 0
13:50 751.08 19.67 37 2.68 0
13:51 750.82 19.72 37 1.79 0
13:52 750.82 19.78 37 4.92 0
13:53 750.82 19.83 37 3.58 0
13:54 750.82 19.89 37 1.79 0
13:55 750.82 19.94 37 1.79 0
13:56 750.82 19.94 37 3.58 0
13:57 750.82 19.89 37 1.34 0
13:58 750.82 19.89 37 1.34 0
13:59 750.82 19.89 37 4.47 0
14:00 750.82 19.89 36 3.13 0
14:01 750.82 19.83 36 3.13 0
14:02 750.82 19.78 37 1.79 0
14:03 750.82 19.78 37 1.34 0
14:04 750.82 19.83 37 4.47 0
14:05 750.82 19.89 36 3.58 0
14:06 750.82 19.89 36 2.24 0
14:07 750.82 19.89 37 4.47 0
14:08 750.57 19.89 35 2.68 0
14:09 750.57 19.83 35 3.58 0
14:10 750.57 19.78 36 1.79 0
14:11 750.57 19.83 36 2.68 0
14:12 750.57 19.89 37 4.47 0
14:13 750.57 19.89 35 2.68 0
14:14 750.57 19.83 35 4.02 0
14:15 750.57 19.83 34 4.92 0
14:16 750.57 19.78 34 4.47 0
14:17 750.57 19.83 36 3.13 0
14:18 750.57 19.83 36 .89 0
14:19 750.57 19.89 36 4.47 0
14:20 750.57 19.72 34 4.02 0
14:21 750.57 19.67 35 3.13 0
14:22 750.57 19.67 35 .45 0
14:23 750.57 19.72 35 3.13 0
14:24 750.57 19.78 36 2.24 0
14:25 750.57 19.83 36 2.68 0
14:26 750.57 19.89 35 1.79 0
14:27 750.57 19.94 35 5.36 0
14:28 750.57 20 36 3.58 0
14:29 750.57 20 35 4.02 0
14:30 750.57 20.11 37 1.79 0
14:31 750.57 20.11 36 5.36 0
14:32 750.57 20.06 36 2.68 0
14:33 750.57 20.06 35 3.58 0
14:34 750.57 20.06 34 3.58 0
14:35 750.57 20.06 35 3.58 0
14:36 750.57 20.06 35 4.47 0
14:37 750.32 20.11 35 2.68 0
14:38 750.57 20.11 34 1.34 0
14:39 750.57 20.11 35 .45 0
14:40 750.32 20.17 34 2.24 0
14:41 750.57 20.11 34 1.34 0
14:42 750.57 20.11 34 1.79 0
14:43 750.32 20.17 34 1.34 0
14:44 750.57 20.28 35 .45 0
14:45 750.57 20.33 36 1.34 0
14:46 750.57 20.44 35 .45 0
14:47 750.57 20.5 35 4.02 0
14:48 750.57 20.44 35 5.81 0
14:49 750.57 20.33 34 4.02 0
14:50 750.57 20.28 33 1.34 0
14:51 750.57 20.17 33 2.68 0
14:52 750.57 20.11 34 4.47 0
14:53 750.57 20.11 35 1.79 0
14:54 750.57 20.17 35 2.68 0
14:55 750.57 20.17 35 4.47 0
14:56 750.57 20.11 36 2.24 0
14:57 750.57 20.11 34 2.68 0
14:58 750.57 20.11 34 2.24 0
14:59 750.57 20.17 35 4.02 0
15:00 750.57 20.11 35 4.47 0
15:01 750.57 20.11 35 3.13 0
15:02 750.57 20.17 35 3.13 0
15:03 750.32 20.17 35 4.47 0
15:04 750.57 20.17 35 1.79 0
15:05 750.32 20.22 35 2.24 0
15:06 750.57 20.28 36 4.92 0
15:07 750.57 20.28 36 4.92 0
15:08 750.57 20.22 34 5.36 0
15:09 750.57 20.17 35 4.02 0
15:10 750.57 20.17 36 2.24 0
15:11 750.32 20.17 34 .89 0
15:12 750.32 20.22 34 1.79 0
15:13 750.57 20.28 34 2.68 0
15:14 750.32 20.28 34 1.79 0
15:15 750.57 20.28 34 1.34 0
15:16 750.32 20.39 34 2.24 0
15:17 750.32 20.44 34 3.58 0
15:18 750.32 20.44 33 4.47 0
15:19 750.32 20.44 33 3.58 0
15:20 750.57 20.39 34 3.58 0
15:21 750.32 20.33 34 1.79 0
15:22 750.32 20.33 35 2.68 0
15:23 750.32 20.33 34 5.81 0
15:24 750.32 20.28 33 4.92 0
15:25 750.32 20.28 33 6.26 0
15:26 750.32 20.22 33 5.36 0
15:27 750.32 20.28 34 6.26 0
15:28 750.32 20.22 33 4.47 0
15:29 750.32 20.28 34 5.36 0
15:30 750.32 20.28 34 4.92 0
15:31 750.32 20.28 34 4.02 0
15:32 750.32 20.33 35 4.92 0
15:33 750.32 20.33 34 5.81 0
15:34 750.32 20.28 33 4.02 0
15:35 750.32 20.28 33 4.92 0
15:36 750.32 20.28 34 3.58 0
15:37 750.32 20.28 36 1.79 0
15:38 750.32 20.33 35 3.58 0
15:39 750.32 20.44 35 4.47 0
15:40 750.32 20.56 35 5.36 0
15:41 750.57 20.56 34 5.36 0
15:42 750.57 20.56 34 4.92 0
15:43 750.32 20.44 34 4.02 0
15:44 750.57 20.33 34 1.79 0
15:45 750.57 20.33 35 3.58 0
15:46 750.57 20.33 35 4.02 0
15:47 750.32 20.33 35 4.47 0
15:48 750.32 20.33 36 1.79 0
15:49 750.57 20.39 35 1.34 0
15:50 750.32 20.44 36 2.24 0
15:51 750.57 20.56 36 4.47 0
15:52 750.32 20.56 35 2.24 0
15:53 750.32 20.61 36 5.81 0
15:54 750.32 20.5 35 3.58 0
15:55 750.32 20.39 35 4.02 0
15:56 750.32 20.33 36 2.24 0
15:57 750.32 20.33 37 5.36 0
15:58 750.57 20.28 35 2.68 0
15:59 750.32 20.28 35 1.79 0
16:00 750.32 20.28 35 4.02 0
16:01 750.32 20.33 35 4.02 0
16:02 750.32 20.33 35 2.68 0
16:03 750.32 20.33 35 5.36 0
16:04 750.32 20.33 35 5.36 0
16:05 750.32 20.33 35 4.92 0
16:06 750.32 20.33 35 3.58 0
16:07 750.32 20.33 35 3.13 0
16:08 750.32 20.33 36 2.68 0
16:09 750.32 20.33 35 2.68 0
16:10 750.32 20.33 36 3.58 0
16:11 750.32 20.33 35 3.13 0
16:12 750.57 20.39 37 4.02 0
16:13 750.32 20.44 36 3.13 0
16:14 750.32 20.44 36 6.26 0
16:15 750.32 20.33 35 2.68 0
16:16 750.32 20.33 36 3.58 0
16:17 750.32 20.39 36 2.24 0
16:18 750.32 20.39 35 3.58 0
16:19 750.32 20.39 36 4.47 0
16:20 750.32 20.39 35 4.02 0
16:21 750.32 20.28 35 3.13 0
16:22 750.32 20.28 36 4.02 0
16:23 750.32 20.28 36 2.24 0
16:24 750.32 20.28 36 2.68 0
16:25 750.32 20.28 36 3.58 0
16:26 750.32 20.33 36 4.92 0
16:27 750.32 20.33 37 4.02 0
16:28 750.32 20.33 36 2.24 0
16:29 750.32 20.44 37 1.79 0
16:30 750.32 20.44 37 4.92 0
16:31 750.32 20.56 36 4.02 0
16:32 750.32 20.5 36 4.47 0
16:33 750.32 20.44 35 2.24 0
16:34 750.32 20.44 36 1.79 0
16:35 750.32 20.44 36 4.47 0
16:36 750.32 20.44 37 2.68 0
16:37 750.32 20.44 36 2.68 0
16:38 750.32 20.44 36 2.24 0
16:39 750.32 20.44 36 1.34 0
16:40 750.32 20.39 35 2.24 0
16:41 750.32 20.44 36 4.02 0
16:42 750.32 20.44 37 4.47 0
16:43 750.32 20.56 37 2.24 0
16:44 750.32 20.61 37 1.34 0
16:45 750.32 20.67 37 3.58 0
16:46 750.32 20.72 37 2.24 0
16:47 750.32 20.72 37 3.13 0
16:48 750.32 20.72 36 4.02 0
16:49 750.32 20.72 36 3.58 0
16:50 750.32 20.72 37 4.92 0
16:51 750.32 20.67 36 6.26 0
16:52 750.32 20.56 35 3.58 0
16:53 750.32 20.5 36 3.58 0
16:54 750.32 20.44 36 2.68 0
16:55 750.32 20.44 36 3.13 0
16:56 750.32 20.44 36 4.02 0
16:57 750.32 20.44 37 4.02 0
16:58 750.32 20.44 37 2.24 0
16:59 750.32 20.5 37 .89 0
17:00 750.32 20.56 38 2.24 0
17:01 750.32 20.67 37 3.58 0
17:02 750.32 20.72 36 5.36 0
17:03 750.32 20.61 35 4.02 0
17:04 750.32 20.56 36 4.47 0
17:05 750.32 20.44 36 3.13 0
17:06 750.32 20.39 36 2.68 0
17:07 750.06 20.39 37 1.34 0
17:08 750.06 20.44 37 3.13 0
17:09 750.06 20.5 37 4.47 0
17:10 750.06 20.56 36 3.58 0
17:11 750.32 20.56 36 2.68 0
17:12 750.32 20.56 36 3.58 0
17:13 750.32 20.5 36 4.47 0
17:14 750.06 20.5 36 4.02 0
17:15 750.32 20.44 36 4.02 0
17:16 750.06 20.33 36 2.68 0
17:17 750.06 20.33 36 3.58 0
17:18 750.32 20.28 36 2.24 0
17:19 750.32 20.28 37 4.47 0
17:20 750.32 20.33 37 1.79 0
17:21 750.32 20.33 37 3.58 0
17:22 750.06 20.39 36 4.92 0
17:23 750.32 20.33 36 4.02 0
17:24 750.32 20.33 37 4.92 0
17:25 750.06 20.28 36 4.92 0
17:26 750.32 20.22 36 4.02 0
17:27 750.06 20.22 37 3.58 0
17:28 750.06 20.22 37 4.02 0
17:29 750.06 20.17 37 4.47 0
17:30 750.32 20.17 37 4.02 0
17:31 750.06 20.17 37 5.81 0
17:32 750.06 20.17 37 3.13 0
17:33 750.32 20.17 37 4.47 0
17:34 750.06 20.11 37 4.02 0
17:35 750.06 20.17 37 2.24 0
17:36 750.06 20.17 37 4.47 0
17:37 750.32 20.17 37 2.24 0
17:38 750.06 20.17 37 4.02 0
17:39 750.06 20.22 37 2.24 0
17:40 750.06 20.28 37 4.02 0
17:41 750.06 20.28 36 3.58 0
17:42 750.06 20.28 36 2.24 0
17:43 750.06 20.28 36 2.24 0
17:44 750.06 20.28 37 2.24 0
17:45 750.06 20.28 36 2.24 0
17:46 750.06 20.22 36 2.68 0
17:47 750.06 20.22 36 1.79 0
17:48 750.06 20.28 36 1.34 0
17:49 750.06 20.28 37 .45 0
17:50 750.06 20.33 37 1.79 0
17:51 750.06 20.39 36 1.79 0
17:52 750.06 20.44 37 1.34 0
17:53 750.06 20.44 37 2.68 0
17:54 750.06 20.5 36 4.02 0
17:55 750.06 20.44 36 4.02 0
17:56 750.06 20.44 36 4.02 0
17:57 750.06 20.39 36 4.02 0
17:58 750.06 20.28 36 2.68 0
17:59 750.06 20.28 36 4.02 0
18:00 750.06 20.22 36 1.79 0
18:01 750.06 20.28 36 .45 0
18:02 750.06 20.28 37 2.68 0
18:03 750.06 20.28 35 4.02 0
18:04 750.06 20.28 36 3.58 0
18:05 750.06 20.28 36 2.68 0
18:06 750.06 20.22 36 3.58 0
18:07 750.06 20.22 36 2.68 0
18:08 750.06 20.22 35 2.68 0
18:09 750.06 20.17 36 4.47 0
18:10 750.06 20.11 36 2.68 0
18:11 750.06 20.11 36 2.68 0
18:12 750.06 20.11 37 1.34 0
18:13 750.06 20.11 37 3.13 0
18:14 750.06 20.17 36 3.58 0
18:15 750.06 20.22 37 3.58 0
18:16 750.06 20.22 36 3.58 0
18:17 750.06 20.22 36 3.13 0
18:18 750.06 20.22 36 3.58 0
18:19 750.06 20.22 36 2.24 0
18:20 750.06 20.22 36 4.47 0
18:21 750.06 20.17 36 4.47 0
18:22 750.06 20.17 36 2.24 0
18:23 750.32 20.11 36 3.58 0
18:24 750.06 20.11 36 2.24 0
18:25 750.06 20.11 36 3.58 0
18:26 750.06 20.11 36 4.02 0
18:27 750.32 20.11 36 3.58 0
18:28 750.32 20.06 36 2.68 0
18:29 750.06 20.06 36 4.02 0
18:30 750.32 20 36 2.68 0
18:31 750.32 20 36 2.24 0
18:32 750.32 20 35 3.58 0
18:33 750.32 20 36 1.79 0
18:34 750.32 20 36 4.02 0
18:35 750.32 20 35 2.68 0
18:36 750.32 20 36 2.68 0
18:37 750.32 20 36 2.68 0
18:38 750.32 20 36 3.58 0
18:39 750.32 20 36 3.13 0
18:40 750.32 19.94 36 3.58 0
18:41 750.32 20 36 4.92 0
18:42 750.06 19.94 36 3.58 0
18:43 750.06 19.89 36 2.24 0
18:44 750.06 19.89 36 3.13 0
18:45 750.06 19.83 36 3.58 0
18:46 750.06 19.83 36 4.92 0
18:47 750.06 19.83 36 3.58 0
18:48 750.06 19.78 36 3.58 0
18:49 750.06 19.78 37 2.68 0
18:50 750.06 19.78 36 4.02 0
18:51 750.06 19.72 37 1.79 0
18:52 750.06 19.72 37 3.58 0
18:53 750.06 19.72 36 1.34 0
18:54 750.06 19.72 37 1.79 0
18:55 750.06 19.72 37 1.79 0
18:56 750.06 19.78 37 3.58 0
18:57 750.06 19.72 37 1.79 0
18:58 750.06 19.67 37 4.02 0
18:59 750.06 19.67 37 1.79 0
19:00 750.06 19.61 37 2.24 0
19:01 750.06 19.61 37 4.02 0
19:02 750.06 19.56 37 5.36 0
19:03 750.06 19.5 37 2.68 0
19:04 750.06 19.56 37 2.68 0
19:05 750.32 19.56 37 2.68 0
19:06 750.06 19.56 38 1.79 0
19:07 750.06 19.56 38 1.34 0
19:08 750.06 19.56 37 2.68 0
19:09 750.06 19.5 37 2.24 0
19:10 750.06 19.5 38 2.24 0
19:11 750.06 19.44 38 2.24 0
19:12 750.06 19.5 38 4.02 0
19:13 750.06 19.5 38 2.68 0
19:14 750.06 19.5 38 2.24 0
19:15 750.06 19.44 38 3.58 0
19:16 750.06 19.44 38 2.24 0
19:17 750.06 19.44 38 3.58 0
19:18 750.32 19.39 38 2.68 0
19:19 750.32 19.44 38 2.24 0
19:20 750.32 19.39 38 1.79 0
19:21 750.32 19.39 38 2.24 0
19:22 750.32 19.39 38 2.24 0
19:23 750.32 19.33 38 .89 0
19:24 750.32 19.33 39 1.79 0
19:25 750.32 19.33 39 2.24 0
19:26 750.32 19.33 38 1.34 0
19:27 750.32 19.33 39 1.34 0
19:28 750.32 19.28 39 1.79 0
19:29 750.32 19.28 38 1.34 0
19:30 750.32 19.28 39 1.79 0
19:31 750.32 19.28 39 1.79 0
19:32 750.32 19.28 39 .89 0
19:33 750.32 19.28 39 1.34 0
19:34 750.32 19.28 39 2.24 0
19:35 750.32 19.22 39 1.34 0
19:36 750.32 19.28 39 1.79 0
19:37 750.32 19.22 40 .89 0
19:38 750.32 19.22 40 1.34 0
19:39 750.32 19.17 40 1.34 0
19:40 750.32 19.17 40 .89 0
19:41 750.32 19.11 40 1.34 0
19:42 750.32 19.11 40 1.34 0
19:43 750.32 19.06 40 1.34 0
19:44 750.32 19.06 41 1.79 0
19:45 750.32 19 41 1.34 0
19:46 750.32 18.94 41 1.79 0
19:47 750.32 18.89 41 2.24 0
19:48 750.32 18.83 41 2.24 0
19:49 750.32 18.78 42 1.34 0
19:50 750.32 18.78 42 1.34 0
19:51 750.32 18.72 42 1.34 0
19:52 750.32 18.72 42 1.79 0
19:53 750.32 18.67 42 1.34 0
19:54 750.32 18.61 42 1.79 0
19:55 750.32 18.61 42 1.79 0
19:56 750.06 18.61 43 1.79 0
19:57 750.32 18.56 42 1.79 0
19:58 750.32 18.5 43 2.24 0
19:59 750.32 18.44 42 1.34 0
20:00 750.32 18.39 43 .89 0
20:01 750.32 18.39 43 1.34 0
20:02 750.32 18.39 43 1.34 0
20:03 750.32 18.33 44 1.34 0
20:04 750.32 18.28 43 .89 0
20:05 750.32 18.28 44 1.34 0
20:06 750.32 18.22 44 1.34 0
20:07 750.32 18.17 44 1.34 0
20:08 750.32 18.17 44 1.34 0
20:09 750.32 18.17 44 1.34 0
20:10 750.32 18.06 44 1.34 0
20:11 750.32 18.06 44 1.34 0
20:12 750.32 18 44 1.79 0
20:13 750.32 18 44 1.34 0
20:14 750.32 17.94 44 1.34 0
20:15 750.32 17.94 44 1.79 0
20:16 750.32 17.89 44 1.34 0
20:17 750.32 17.83 44 1.34 0
20:18 750.32 17.83 43 1.79 0
20:19 750.32 17.78 45 1.79 0
20:20 750.32 17.72 44 1.79 0
20:21 750.32 17.72 44 1.34 0
20:22 750.32 17.67 44 1.34 0
20:23 750.32 17.61 44 1.34 0
20:24 750.32 17.61 45 1.34 0
20:25 750.32 17.56 44 .89 0
20:26 750.32 17.5 44 .89 0
20:27 750.32 17.5 45 .89 0
20:28 750.32 17.44 44 .89 0
20:29 750.32 17.39 44 2.24 0
20:30 750.32 17.33 44 1.34 0
20:31 750.32 17.33 45 1.34 0
20:32 750.32 17.28 45 1.79 0
20:33 750.32 17.28 45 1.34 0
20:34 750.32 17.22 45 1.34 0
20:35 750.32 17.17 44 .45 0
20:36 750.32 17.17 45 1.34 0
20:37 750.32 17.17 45 1.34 0
20:38 750.32 17.11 44 .89 0
20:39 750.32 17.11 45 1.34 0
20:40 750.32 17.06 46 .89 0
20:41 750.32 17 47 .89 0
20:42 750.32 16.94 47 1.34 0
20:43 750.32 16.94 49 .45 0
20:44 750.32 16.89 50 .45 0
20:45 750.57 16.78 50 .89 0
20:46 750.57 16.72 49 .89 0
20:47 750.32 16.67 50 .89 0
20:48 750.32 16.61 50 .89 0
20:49 750.32 16.56 53 .89 0
20:50 750.57 16.44 53 .89 0
20:51 750.32 16.33 54 .89 0
20:52 750.57 16.28 54 .89 0
20:53 750.57 16.17 56 .89 0
20:54 750.57 16 56 .89 0
20:55 750.32 15.89 56 .89 0
20:56 750.57 15.78 57 .89 0
20:57 750.57 15.72 57 .45 0
20:58 750.57 15.56 57 .89 0
20:59 750.32 15.44 58 .89 0
21:00 750.32 15.33 58 .89 0
21:01 750.57 15.28 59 .45 0
21:02 750.57 15.17 58 .89 0
21:03 750.57 15.11 59 .89 0
21:04 750.57 15.06 59 .89 0
21:05 750.57 14.94 60 .45 0
21:06 750.57 14.89 60 .89 0
21:07 750.32 14.89 60 .45 0
21:08 750.57 14.78 60 .45 0
21:09 750.57 14.78 57 .45 0
21:10 750.57 14.78 56 .45 0
21:11 750.57 14.78 56 .45 0
21:12 750.57 14.72 56 0 0
21:13 750.57 14.72 56 0 0
21:14 750.57 14.72 56 0 0
21:15 750.57 14.67 55 0 0
21:16 750.57 14.67 55 0 0
21:17 750.57 14.61 56 0 0
21:18 750.57 14.56 56 0 0
21:19 750.57 14.56 58 0 0
21:20 750.57 14.5 58 0 0
21:21 750.57 14.44 60 0 0
21:22 750.57 14.39 61 0 0
21:23 750.57 14.28 60 0 0
21:24 750.57 14.28 60 0 0
21:25 750.57 14.22 60 0 0
21:26 750.57 14.17 60 0 0
21:27 750.57 14.11 61 0 0
21:28 750.57 14.06 61 0 0
21:29 750.57 14.06 61 0 0
21:30 750.57 14 61 0 0
21:31 750.57 14 61 0 0
21:32 750.57 13.89 61 0 0
21:33 750.57 13.89 61 0 0
21:34 750.57 13.83 61 .45 0
21:35 750.57 13.78 61 .89 0
21:36 750.57 13.78 58 1.34 0
21:37 750.57 13.78 57 .89 0
21:38 750.57 13.89 56 .89 0
21:39 750.57 14 56 .89 0
21:40 750.57 14.17 55 .89 0
21:41 750.57 14.22 54 .89 0
21:42 750.57 14.33 54 .89 0
21:43 750.57 14.33 56 .45 0
21:44 750.57 14.39 57 .89 0
21:45 750.57 14.39 58 .89 0
21:46 750.57 14.28 57 .89 0
21:47 750.57 14.22 57 1.34 0
21:48 750.57 14.17 57 .89 0
21:49 750.57 14.06 59 .89 0
21:50 750.57 14 59 .89 0
21:51 750.57 13.94 59 .89 0
21:52 750.57 13.89 59 .89 0
21:53 750.57 13.78 58 .89 0
21:54 750.57 13.72 59 .89 0
21:55 750.57 13.67 58 .89 0
21:56 750.57 13.61 58 .89 0
21:57 750.57 13.61 58 .89 0
21:58 750.57 13.61 58 .89 0
21:59 750.57 13.61 60 .89 0
22:00 750.57 13.61 60 .45 0
22:01 750.57 13.56 60 .45 0
22:02 750.57 13.56 60 .45 0
22:03 750.57 13.5 61 .45 0
22:04 750.57 13.44 62 .45 0
22:05 750.57 13.39 63 .45 0
22:06 750.57 13.33 63 .45 0
22:07 750.57 13.28 63 .45 0
22:08 750.57 13.22 63 .45 0
22:09 750.57 13.17 65 .45 0
22:10 750.57 13.06 66 .45 0
22:11 750.57 13 66 .45 0
22:12 750.57 12.89 66 .45 0
22:13 750.57 12.78 67 0 0
22:14 750.57 12.67 67 .45 0
22:15 750.57 12.56 67 0 0
22:16 750.57 12.44 67 0 0
22:17 750.57 12.33 67 0 0
22:18 750.57 12.33 67 0 0
22:19 750.57 12.22 67 0 0
22:20 750.57 12.11 67 0 0
22:21 750.57 12.06 66 0 0
22:22 750.57 12 66 0 0
22:23 750.57 11.94 66 0 0
22:24 750.57 11.94 66 0 0
22:25 750.57 11.94 66 0 0
22:26 750.57 11.89 66 0 0
22:27 750.57 11.89 66 0 0
22:28 750.57 11.83 66 0 0
22:29 750.57 11.83 66 0 0
22:30 750.57 11.78 66 0 0
22:31 750.57 11.78 66 0 0
22:32 750.57 11.72 67 .45 0
22:33 750.57 11.72 68 0 0
22:34 750.57 11.72 68 .45 0
22:35 750.57 11.67 68 .45 0
22:36 750.57 11.67 68 0 0
22:37 750.57 11.61 68 0 0
22:38 750.57 11.61 69 0 0
22:39 750.57 11.56 69 0 0
22:40 750.57 11.56 69 0 0
22:41 750.57 11.5 69 0 0
22:42 750.57 11.44 70 0 0
22:43 750.57 11.44 70 0 0
22:44 750.57 11.39 69 0 0
22:45 750.57 11.39 69 0 0
22:46 750.57 11.33 70 0 0
22:47 750.57 11.33 70 0 0
22:48 750.57 11.33 70 0 0
22:49 750.57 11.33 69 0 0
22:50 750.57 11.33 69 0 0
22:51 750.57 11.39 69 0 0
22:52 750.57 11.33 69 .45 0
22:53 750.57 11.33 69 .45 0
22:54 750.57 11.39 69 .45 0
22:55 750.57 11.39 69 .45 0
22:56 750.57 11.39 69 .89 0
22:57 750.57 11.39 69 .45 0
22:58 750.57 11.39 69 .89 0
22:59 750.57 11.39 68 .89 0
23:00 750.82 11.39 68 1.34 0
23:01 750.82 11.39 67 .89 0
23:02 750.82 11.44 64 1.34 0
23:03 750.57 11.67 63 .89 0
23:04 750.82 11.72 63 .89 0
23:05 750.82 11.83 63 .89 0
23:06 750.57 11.89 64 .89 0
23:07 750.82 11.89 65 .89 0
23:08 750.57 11.89 65 .89 0
23:09 750.82 11.83 65 .89 0
23:10 750.57 11.78 65 .45 0
23:11 750.82 11.72 66 .89 0
23:12 750.82 11.61 67 .45 0
23:13 750.82 11.56 67 .45 0
23:14 750.82 11.44 68 0 0
23:15 750.82 11.33 68 .45 0
23:16 750.82 11.22 68 .45 0
23:17 750.82 11.11 69 .45 0
23:18 750.57 11 69 .89 0
23:19 750.82 10.94 68 .45 0
23:20 750.82 10.89 69 .89 0
23:21 750.82 10.83 69 .89 0
23:22 750.82 10.83 69 .45 0
23:23 750.82 10.78 70 .45 0
23:24 750.82 10.78 70 .45 0
23:25 750.82 10.72 70 .45 0
23:26 750.82 10.72 70 0 0
23:27 750.82 10.67 70 0 0
23:28 750.82 10.67 70 0 0
23:29 750.82 10.61 70 .45 0
23:30 750.82 10.61 70 .45 0
23:31 750.82 10.56 71 0 0
23:32 750.82 10.56 71 0 0
23:33 750.82 10.5 70 0 0
23:34 750.82 10.5 70 .45 0
23:35 750.82 10.44 69 .45 0
23:36 750.82 10.44 69 .45 0
23:37 750.82 10.44 69 .45 0
23:38 750.82 10.44 69 .89 0
23:39 750.82 10.5 69 .45 0
23:40 750.82 10.5 69 .45 0
23:41 750.82 10.5 69 .45 0
23:42 750.82 10.5 70 .45 0
23:43 750.82 10.5 70 0 0
23:44 750.82 10.5 69 .45 0
23:45 750.82 10.5 69 .45 0
23:46 750.82 10.56 69 .45 0
23:47 750.82 10.5 69 .45 0
23:48 750.82 10.56 69 .45 0
23:49 750.82 10.56 69 0 0
23:50 750.82 10.56 69 .45 0
23:51 750.82 10.56 69 0 0
23:52 750.82 10.56 69 0 0
23:53 750.82 10.56 70 0 0
23:54 750.82 10.56 70 0 0
23:55 750.82 10.5 70 0 0
23:56 750.82 10.44 70 0 0
23:57 750.82 10.39 69 0 0
23:58 750.82 10.39 69 0 0
23:59 751.08 10.39 70 0 0
