00:00 738.38 2.33 90 3.13 0
00:01 738.38 2.33 90 1.79 0
00:02 738.38 2.33 90 6.71 0
00:03 738.38 2.33 90 4.02 0
00:04 738.38 2.33 90 2.68 0
00:05 738.38 2.39 90 3.58 0
00:06 738.38 2.39 90 2.68 0
00:07 738.38 2.39 90 4.47 0
00:08 738.38 2.39 90 4.02 0
00:09 738.38 2.39 90 3.58 0
00:10 738.38 2.39 90 2.68 0
00:11 738.38 2.44 90 4.92 0
00:12 738.12 2.39 90 2.68 0
00:13 738.12 2.44 90 1.79 0
00:14 738.12 2.44 90 4.47 0
00:15 738.12 2.44 90 5.81 1.27
00:16 738.12 2.44 90 4.02 1.27
00:17 738.12 2.44 90 4.02 1.27
00:18 738.12 2.44 90 6.71 1.27
00:19 738.12 2.5 90 3.58 1.27
00:20 738.12 2.5 90 5.36 1.27
00:21 738.12 2.5 90 4.02 1.27
00:22 738.12 2.5 90 3.13 1.27
00:23 737.87 2.56 90 5.36 1.27
00:24 737.87 2.56 90 4.02 1.27
00:25 737.87 2.61 90 3.13 1.27
00:26 737.87 2.56 90 5.36 1.27
00:27 737.87 2.61 90 4.47 1.27
00:28 737.87 2.67 90 4.92 1.27
00:29 737.87 2.67 90 3.58 1.02
00:30 737.87 2.67 90 6.71 1.02
00:31 737.87 2.72 90 4.92 1.02
00:32 737.87 2.72 90 6.71 0
00:33 737.87 2.72 91 1.79 0
00:34 737.87 2.72 91 6.26 0
00:35 737.62 2.78 91 6.26 0
00:36 737.87 2.78 91 3.13 0
00:37 737.62 2.83 91 4.02 0
00:38 737.62 2.78 91 5.36 0
00:39 737.62 2.83 91 2.68 0
00:40 737.62 2.83 90 5.36 0
00:41 737.62 2.83 90 4.02 0
00:42 737.62 2.83 90 3.13 0
00:43 737.62 2.89 90 3.13 0
00:44 737.62 2.89 90 5.36 0
00:45 737.36 2.89 90 2.68 0
00:46 737.36 2.94 90 3.58 0
00:47 737.36 2.94 90 4.02 0
00:48 737.36 2.94 90 2.24 0
00:49 737.36 2.94 90 3.58 0
00:50 737.36 2.94 90 6.71 0
00:51 737.36 3 90 1.34 0
00:52 737.36 3 90 4.02 0
00:53 737.36 3.06 91 6.26 0
00:54 737.36 3.06 91 5.81 0
00:55 737.36 3.11 91 4.47 0
00:56 737.36 3.11 91 4.47 0
00:57 737.36 3.11 91 5.81 0
00:58 737.36 3.11 91 5.81 0
00:59 737.36 3.11 91 8.05 0
01:00 737.36 3.17 91 6.71 0
01:01 737.36 3.17 91 3.58 0
01:02 737.11 3.17 91 5.36 0
01:03 737.11 3.17 91 3.13 0
01:04 737.11 3.22 91 5.81 0
01:05 737.11 3.22 91 6.71 0
01:06 737.11 3.28 91 4.47 0
01:07 737.11 3.28 91 6.26 0
01:08 737.11 3.28 91 2.24 0
01:09 737.11 3.33 91 5.81 0
01:10 737.11 3.28 91 2.24 0
01:11 737.11 3.33 91 1.79 0
01:12 737.11 3.33 91 4.92 0
01:13 737.11 3.33 91 4.47 0
01:14 737.11 3.39 91 4.92 0
01:15 737.11 3.39 91 4.02 0
01:16 737.11 3.39 91 4.92 0
01:17 737.11 3.44 91 5.81 0
01:18 737.11 3.44 91 4.47 0
01:19 737.11 3.44 91 5.81 0
01:20 737.11 3.44 91 4.92 0
01:21 737.11 3.5 91 5.36 0
01:22 736.85 3.5 91 4.02 0
01:23 736.85 3.5 91 5.36 0
01:24 736.85 3.56 91 4.47 0
01:25 736.85 3.56 91 4.02 0
01:26 736.85 3.56 91 3.58 0
01:27 736.85 3.56 91 4.02 0
01:28 736.85 3.61 91 5.36 0
01:29 736.85 3.61 91 6.26 0
01:30 736.6 3.61 91 3.58 0
01:31 736.85 3.61 91 4.47 0
01:32 736.85 3.67 91 6.26 0
01:33 736.6 3.67 91 5.81 0
01:34 736.6 3.67 91 6.71 0
01:35 736.6 3.72 91 7.6 0
01:36 736.6 3.72 91 4.92 0
01:37 736.6 3.72 91 4.47 0
01:38 736.6 3.78 91 4.47 0
01:39 736.6 3.78 91 5.36 1.02
01:40 736.6 3.78 91 5.36 1.02
01:41 736.6 3.83 91 6.26 1.02
01:42 736.6 3.83 91 3.58 1.02
01:43 736.6 3.83 91 7.6 3.56
01:44 736.6 3.89 91 7.6 3.56
01:45 736.6 3.89 91 3.13 3.56
01:46 736.6 3.89 91 3.58 3.56
01:47 736.35 3.89 91 4.47 3.56
01:48 736.35 3.89 91 6.26 3.3
01:49 736.35 3.89 91 4.92 3.3
01:50 736.35 3.94 91 3.13 3.3
01:51 736.35 3.94 91 4.02 3.3
01:52 736.35 4 91 4.02 3.3
01:53 736.35 4 91 4.02 2.54
01:54 736.35 4 91 4.47 2.29
01:55 736.35 4 91 5.81 2.03
01:56 736.35 4.06 91 3.13 1.78
01:57 736.35 4.06 91 4.92 1.52
01:58 736.35 4.11 91 6.26 1.52
01:59 736.35 4.06 91 4.92 1.27
02:00 736.35 4.11 91 3.13 1.27
02:01 736.35 4.17 91 1.34 1.02
02:02 736.35 4.17 91 6.71 1.02
02:03 736.35 4.17 91 4.02 1.02
02:04 736.35 4.22 91 8.49 1.02
02:05 736.09 4.28 91 6.26 0
02:06 736.09 4.28 91 1.79 0
02:07 736.09 4.33 91 4.02 0
02:08 736.09 4.33 91 4.92 0
02:09 736.09 4.33 91 3.58 0
02:10 736.09 4.33 91 4.92 0
02:11 736.09 4.39 91 2.24 0
02:12 736.09 4.39 91 4.92 0
02:13 736.09 4.39 91 2.68 0
02:14 736.09 4.44 91 7.6 0
02:15 736.09 4.39 91 5.81 0
02:16 735.84 4.44 91 2.68 0
02:17 735.84 4.44 91 5.36 0
02:18 735.84 4.44 91 6.26 0
02:19 735.84 4.5 91 6.26 0
02:20 735.84 4.56 91 .89 0
02:21 735.84 4.56 91 5.81 0
02:22 735.84 4.56 91 3.13 0
02:23 735.84 4.61 91 4.92 0
02:24 735.84 4.61 91 6.71 0
02:25 735.84 4.61 91 5.36 0
02:26 735.84 4.67 91 2.24 0
02:27 735.84 4.67 91 7.6 0
02:28 735.84 4.67 91 6.26 0
02:29 735.84 4.67 90 4.47 0
02:30 735.84 4.72 90 4.92 0
02:31 735.84 4.72 90 3.58 0
02:32 735.84 4.72 90 2.24 0
02:33 736.09 4.72 90 3.13 0
02:34 735.84 4.78 90 4.92 0
02:35 736.09 4.78 90 5.36 0
02:36 736.09 4.78 90 6.26 0
02:37 736.09 4.83 90 4.47 0
02:38 736.09 4.83 91 4.92 0
02:39 736.09 4.89 91 4.02 0
02:40 736.09 4.89 91 5.36 0
02:41 736.09 4.94 91 2.24 0
02:42 736.09 4.94 91 5.36 0
02:43 736.09 4.94 91 2.24 0
02:44 736.09 5 91 4.02 0
02:45 736.09 4.94 91 2.24 0
02:46 736.09 5 91 3.58 0
02:47 736.09 5 91 6.26 0
02:48 736.09 5.06 90 4.92 0
02:49 736.09 5.06 90 4.47 0
02:50 736.09 5.06 90 6.26 0
02:51 736.35 5.11 90 4.47 0
02:52 736.35 5.11 90 5.36 0
02:53 736.09 5.11 90 1.79 0
02:54 736.09 5.11 91 4.92 0
02:55 736.09 5.11 90 4.02 0
02:56 736.09 5.17 91 2.68 0
02:57 736.09 5.17 91 2.68 0
02:58 735.84 5.17 91 3.13 0
02:59 735.84 5.17 91 2.68 0
03:00 735.84 5.22 91 4.02 0
03:01 735.84 5.17 91 3.58 0
03:02 735.84 5.22 91 4.47 0
03:03 735.84 5.22 91 2.24 0
03:04 735.58 5.22 91 2.24 0
03:05 735.58 5.28 91 4.92 0
03:06 735.58 5.33 91 5.36 0
03:07 735.58 5.33 91 3.58 0
03:08 735.58 5.33 91 2.68 0
03:09 735.58 5.33 91 5.81 0
03:10 735.58 5.39 91 4.47 0
03:11 735.58 5.39 91 3.13 0
03:12 735.58 5.39 91 2.68 0
03:13 735.58 5.39 91 3.58 0
03:14 735.58 5.44 91 1.79 0
03:15 735.33 5.44 91 2.68 0
03:16 735.33 5.44 91 4.92 0
03:17 735.33 5.44 91 4.47 0
03:18 735.33 5.5 91 6.26 0
03:19 735.33 5.5 91 2.68 0
03:20 735.33 5.5 91 4.02 0
03:21 735.33 5.56 91 2.24 0
03:22 735.33 5.56 91 4.47 0
03:23 735.33 5.61 91 5.81 0
03:24 735.08 5.61 91 8.05 0
03:25 735.08 5.67 91 3.13 0
03:26 735.08 5.67 91 4.92 0
03:27 735.08 5.67 91 7.6 0
03:28 735.08 5.72 91 3.13 0
03:29 735.08 5.78 91 3.58 0
03:30 735.33 5.78 91 2.24 0
03:31 735.33 5.78 91 4.47 0
03:32 735.33 5.78 91 6.26 0
03:33 735.33 5.83 91 6.71 0
03:34 735.33 5.83 91 8.94 0
03:35 735.33 5.89 91 4.47 0
03:36 735.33 5.94 91 3.13 0
03:37 735.33 5.94 91 4.92 0
03:38 735.33 5.94 91 4.02 0
03:39 735.33 5.94 91 6.71 0
03:40 735.58 5.94 91 5.36 0
03:41 735.33 5.94 91 6.26 0
03:42 735.33 6 91 5.36 0
03:43 735.33 6.06 91 4.47 0
03:44 735.33 6.06 91 4.92 0
03:45 735.33 6.11 91 4.47 0
03:46 735.33 6.11 91 4.92 0
03:47 735.33 6.11 91 4.02 0
03:48 735.33 6.11 91 4.92 0
03:49 735.33 6.11 91 2.68 0
03:50 735.33 6.11 91 1.79 0
03:51 735.33 6.11 91 4.02 0
03:52 735.33 6.22 91 5.81 0
03:53 735.33 6.22 91 3.58 0
03:54 735.08 6.22 91 3.13 0
03:55 735.08 6.22 91 4.92 0
03:56 735.08 6.22 91 3.13 0
03:57 735.08 6.22 91 8.49 0
03:58 735.08 6.28 91 2.68 0
03:59 735.08 6.33 91 6.26 0
04:00 735.08 6.33 91 4.02 0
04:01 735.08 6.33 91 4.47 0
04:02 735.08 6.39 91 5.36 0
04:03 735.08 6.39 91 7.15 0
04:04 735.08 6.39 91 5.36 0
04:05 735.08 6.44 91 4.92 0
04:06 734.82 6.44 91 2.24 0
04:07 734.82 6.44 91 3.58 0
04:08 734.82 6.44 91 4.92 0
04:09 734.82 6.44 91 1.79 0
04:10 734.82 6.5 91 1.79 0
04:11 734.82 6.5 91 2.24 0
04:12 734.82 6.5 91 6.26 0
04:13 734.82 6.56 91 3.13 0
04:14 734.82 6.56 91 4.47 0
04:15 734.82 6.61 91 5.36 0
04:16 734.82 6.61 91 4.02 0
04:17 734.82 6.67 91 6.26 0
04:18 734.82 6.72 91 2.24 0
04:19 734.82 6.67 91 5.36 0
04:20 734.82 6.72 91 3.58 0
04:21 734.82 6.72 91 2.68 0
04:22 734.82 6.78 91 5.81 0
04:23 734.82 6.83 91 10.28 0
04:24 734.82 6.83 91 5.81 0
04:25 734.82 6.89 91 6.26 0
04:26 734.57 6.89 91 5.81 0
04:27 734.57 6.89 91 3.58 0
04:28 734.57 6.89 91 3.58 0
04:29 734.57 6.89 91 3.13 0
04:30 734.57 6.89 91 1.79 0
04:31 734.57 6.89 91 6.71 0
04:32 734.82 6.94 91 4.47 0
04:33 734.82 6.94 91 4.47 0
04:34 734.82 6.94 91 2.24 0
04:35 734.82 6.94 91 7.15 0
04:36 734.82 6.94 91 5.36 0
04:37 734.82 7 91 4.92 0
04:38 734.82 7.06 91 4.47 0
04:39 734.82 7 91 6.26 0
04:40 734.82 7.06 91 7.15 0
04:41 734.82 7.11 91 3.58 0
04:42 734.57 7.11 91 6.26 0
04:43 734.82 7.11 91 3.13 0
04:44 734.82 7.11 91 6.26 0
04:45 734.82 7.11 91 4.47 0
04:46 734.57 7.17 91 6.26 0
04:47 734.57 7.17 91 3.58 0
04:48 734.57 7.17 91 5.81 0
04:49 734.57 7.17 91 4.92 0
04:50 734.57 7.22 91 5.81 0
04:51 734.57 7.22 91 3.58 0
04:52 734.57 7.22 91 4.02 0
04:53 734.57 7.17 91 5.81 0
04:54 734.57 7.22 91 5.81 0
04:55 734.57 7.28 91 5.36 0
04:56 734.57 7.33 91 3.58 0
04:57 734.31 7.33 91 5.81 0
04:58 734.31 7.33 91 6.26 0
04:59 734.31 7.39 91 3.58 0
05:00 734.31 7.39 91 6.71 0
05:01 734.31 7.39 91 6.26 0
05:02 734.31 7.44 91 8.49 0
05:03 734.31 7.5 91 5.81 0
05:04 734.31 7.56 91 6.26 0
05:05 734.31 7.56 91 10.28 0
05:06 734.31 7.56 91 4.92 0
05:07 734.31 7.56 91 8.05 0
05:08 734.31 7.61 91 4.47 0
05:09 734.31 7.56 91 4.47 0
05:10 734.31 7.56 91 4.02 0
05:11 734.31 7.61 91 5.36 0
05:12 734.31 7.61 91 3.58 0
05:13 734.31 7.56 91 3.58 0
05:14 734.06 7.61 91 4.02 0
05:15 734.06 7.61 91 4.02 0
05:16 734.31 7.61 91 3.58 0
05:17 734.31 7.67 91 8.49 0
05:18 734.06 7.67 91 3.58 0
05:19 734.31 7.67 91 5.36 0
05:20 734.31 7.72 91 4.02 0
05:21 734.31 7.72 91 4.02 0
05:22 734.31 7.72 91 5.36 0
05:23 734.31 7.72 91 4.47 0
05:24 734.31 7.78 91 7.15 0
05:25 734.31 7.78 91 7.15 0
05:26 734.31 7.83 91 5.36 0
05:27 734.31 7.83 91 5.36 0
05:28 734.31 7.89 91 5.36 0
05:29 734.31 7.83 91 8.05 0
05:30 734.31 7.89 91 5.36 0
05:31 734.31 7.89 91 6.71 0
05:32 734.31 7.94 91 5.36 0
05:33 734.31 7.89 90 4.92 0
05:34 734.31 7.94 90 6.26 0
05:35 734.31 7.94 90 4.92 0
05:36 734.06 7.94 90 9.39 0
05:37 734.31 7.94 90 2.24 0
05:38 734.06 7.94 90 7.15 0
05:39 734.06 8 90 8.94 0
05:40 734.06 8 90 7.15 0
05:41 734.31 8 91 7.15 0
05:42 734.31 8 91 2.68 0
05:43 734.06 8.06 91 5.81 0
05:44 734.06 8.06 91 6.71 0
05:45 734.31 8.06 91 4.92 0
05:46 734.06 8.06 90 4.02 0
05:47 734.06 8.06 90 4.47 0
05:48 734.06 8.06 90 7.15 0
05:49 734.06 8.06 90 5.81 0
05:50 734.31 8.06 90 4.47 0
05:51 734.31 8.06 90 5.36 0
05:52 734.06 8.06 90 4.47 0
05:53 734.06 8.06 90 2.24 0
05:54 734.06 8.06 90 5.81 0
05:55 734.06 8.06 90 6.26 0
05:56 734.06 8.11 90 4.02 0
05:57 734.06 8.17 90 6.71 0
05:58 734.06 8.17 91 4.92 0
05:59 734.06 8.17 90 4.92 0
06:00 734.06 8.17 90 6.71 0
06:01 733.81 8.17 90 3.58 0
06:02 733.81 8.17 90 6.71 0
06:03 734.06 8.17 90 2.68 0
06:04 734.06 8.17 90 2.24 0
06:05 734.06 8.22 90 4.47 0
06:06 734.06 8.22 90 4.92 0
06:07 733.81 8.22 90 4.92 0
06:08 733.81 8.28 90 6.26 0
06:09 733.81 8.28 90 6.26 0
06:10 733.81 8.28 90 6.26 0
06:11 734.06 8.28 90 3.13 0
06:12 734.06 8.28 90 2.24 0
06:13 734.06 8.33 90 3.58 0
06:14 734.06 8.33 91 4.02 0
06:15 734.06 8.33 90 4.47 0
06:16 733.81 8.33 90 3.58 0
06:17 733.81 8.33 90 4.02 0
06:18 734.06 8.33 90 3.58 0
06:19 733.81 8.39 90 3.58 0
06:20 733.81 8.39 90 7.6 0
06:21 733.81 8.44 90 4.47 0
06:22 733.81 8.39 90 4.92 0
06:23 733.81 8.39 90 3.58 0
06:24 733.81 8.44 90 5.81 0
06:25 733.81 8.44 90 7.15 0
06:26 733.81 8.44 90 5.81 0
06:27 733.81 8.44 90 5.36 0
06:28 733.81 8.5 90 5.36 0
06:29 733.81 8.5 90 7.6 0
06:30 733.55 8.44 90 6.26 0
06:31 733.55 8.5 90 2.68 0
06:32 733.55 8.5 90 3.13 0
06:33 733.55 8.5 90 4.47 0
06:34 733.55 8.5 90 4.92 0
06:35 733.55 8.5 90 4.02 0
06:36 733.55 8.5 90 4.47 0
06:37 733.55 8.5 90 2.68 0
06:38 733.55 8.5 90 4.02 0
06:39 733.55 8.56 90 2.68 0
06:40 733.55 8.56 90 3.58 0
06:41 733.55 8.56 90 5.36 0
06:42 733.55 8.56 90 5.81 0
06:43 733.55 8.56 90 4.02 0
06:44 733.55 8.56 90 4.02 0
06:45 733.55 8.56 90 5.36 0
06:46 733.55 8.56 90 6.71 0
06:47 733.55 8.56 90 4.02 0
06:48 733.55 8.61 90 5.36 0
06:49 733.55 8.61 90 6.71 0
06:50 733.55 8.61 90 2.24 0
06:51 733.55 8.61 90 3.58 0
06:52 733.55 8.61 90 4.02 0
06:53 733.55 8.61 90 4.02 0
06:54 733.55 8.67 90 5.36 0
06:55 733.3 8.67 90 4.92 0
06:56 733.55 8.67 90 6.26 0
06:57 733.55 8.67 90 8.05 0
06:58 733.55 8.72 91 3.13 0
06:59 733.55 8.72 90 2.68 0
07:00 733.55 8.72 90 5.36 0
07:01 733.55 8.72 90 4.47 0
07:02 733.55 8.78 90 4.92 0
07:03 733.55 8.78 90 5.81 0
07:04 733.55 8.83 90 6.71 0
07:05 733.55 8.83 90 4.92 0
07:06 733.55 8.83 90 5.81 0
07:07 733.55 8.89 90 8.49 0
07:08 733.55 8.89 90 4.92 0
07:09 733.55 8.94 90 4.92 0
07:10 733.55 8.94 90 5.36 0
07:11 733.55 8.94 90 4.47 0
07:12 733.55 8.94 90 4.47 0
07:13 733.55 8.94 90 4.47 0
07:14 733.55 8.94 90 2.24 0
07:15 733.55 9 90 2.68 0
07:16 733.55 8.94 90 3.13 0
07:17 733.55 9 90 4.47 0
07:18 733.55 9 90 2.68 0
07:19 733.55 9 90 2.68 0
07:20 733.55 9 90 4.47 0
07:21 733.55 9 90 5.81 0
07:22 733.55 9 90 3.13 0
07:23 733.55 9.06 90 2.68 0
07:24 733.55 9.06 90 4.02 0
07:25 733.55 9 90 5.36 0
07:26 733.55 9.06 90 3.58 0
07:27 733.3 9.06 90 3.58 0
07:28 733.3 9.11 90 4.47 0
07:29 733.3 9.11 90 1.34 0
07:30 733.3 9.11 90 6.71 0
07:31 733.3 9.06 90 4.02 0
07:32 733.3 9.11 90 3.13 0
07:33 733.3 9.17 90 5.81 0
07:34 733.3 9.17 90 5.81 0
07:35 733.3 9.17 90 6.71 0
07:36 733.3 9.17 90 4.02 0
07:37 733.3 9.22 90 4.47 0
07:38 733.3 9.22 90 3.13 0
07:39 733.3 9.28 90 4.92 0
07:40 733.3 9.28 90 5.81 0
07:41 733.3 9.28 90 4.47 0
07:42 733.3 9.33 90 3.58 0
07:43 733.3 9.33 89 6.71 0
07:44 733.3 9.33 89 7.6 0
07:45 733.3 9.39 89 5.36 0
07:46 733.3 9.39 89 6.26 0
07:47 733.3 9.39 89 4.92 0
07:48 733.3 9.44 89 5.81 0
07:49 733.3 9.44 89 3.13 0
07:50 733.3 9.44 89 2.24 0
07:51 733.3 9.44 89 7.15 0
07:52 733.04 9.44 89 3.58 0
07:53 733.04 9.44 89 5.36 0
07:54 733.04 9.44 89 5.36 0
07:55 733.04 9.5 89 5.36 0
07:56 733.04 9.5 89 5.36 0
07:57 733.04 9.5 89 6.26 0
07:58 733.04 9.5 89 4.92 0
07:59 733.3 9.5 89 4.92 0
08:00 733.04 9.56 89 3.13 0
08:01 733.04 9.56 89 6.26 0
08:02 733.3 9.56 89 3.13 0
08:03 733.04 9.56 89 8.05 0
08:04 733.04 9.56 89 4.47 0
08:05 733.04 9.61 89 8.49 0
08:06 733.04 9.61 89 3.13 0
08:07 733.04 9.61 89 5.36 0
08:08 733.04 9.67 89 5.81 0
08:09 733.04 9.61 89 5.81 0
08:10 733.04 9.67 89 4.92 0
08:11 733.04 9.67 89 4.02 0
08:12 733.04 9.67 89 2.24 0
08:13 733.04 9.67 89 4.02 0
08:14 733.04 9.67 89 4.02 0
08:15 733.04 9.67 89 6.26 0
08:16 733.04 9.67 89 5.36 0
08:17 733.04 9.67 89 4.02 0
08:18 733.04 9.72 89 3.13 0
08:19 733.04 9.72 89 3.58 0
08:20 733.04 9.72 89 4.47 0
08:21 733.04 9.72 89 4.92 0
08:22 733.04 9.78 89 3.13 0
08:23 733.04 9.72 89 7.15 0
08:24 733.04 9.72 89 4.47 0
08:25 733.04 9.78 89 6.26 0
08:26 733.04 9.78 89 4.47 0
08:27 733.04 9.78 89 4.92 0
08:28 733.04 9.78 89 7.15 0
08:29 733.04 9.78 89 4.47 0
08:30 733.04 9.78 89 3.58 0
08:31 733.04 9.78 89 3.13 0
08:32 733.04 9.78 89 5.81 0
08:33 732.79 9.78 89 5.81 0
08:34 733.04 9.78 89 4.47 5.59
08:35 733.04 9.72 89 5.36 5.59
08:36 733.04 9.72 89 7.15 5.59
08:37 733.04 9.78 89 5.36 4.83
08:38 733.04 9.78 89 6.71 4.83
08:39 733.04 9.78 89 6.26 4.83
08:40 733.04 9.78 89 7.15 5.33
08:41 733.04 9.78 89 5.81 5.33
08:42 733.04 9.78 89 4.47 5.33
08:43 733.3 9.78 89 9.39 4.32
08:44 733.3 9.78 89 4.02 3.3
08:45 733.55 9.78 89 3.13 2.79
08:46 733.55 9.72 89 8.05 2.29
08:47 733.3 9.78 89 4.92 2.03
08:48 733.3 9.72 90 3.58 1.78
08:49 733.3 9.78 90 4.47 1.52
08:50 733.3 9.72 90 2.68 1.52
08:51 733.3 9.72 90 2.68 1.27
08:52 733.3 9.72 90 2.24 1.27
08:53 733.3 9.72 90 8.05 1.02
08:54 733.3 9.72 90 5.81 1.02
08:55 733.3 9.72 90 3.58 1.02
08:56 733.3 9.72 90 2.68 1.02
08:57 733.3 9.72 90 5.36 0
08:58 733.55 9.78 90 5.81 0
08:59 733.55 9.78 90 4.92 0
09:00 733.55 9.78 90 3.58 0
09:01 733.55 9.78 90 5.36 0
09:02 733.3 9.78 90 5.81 0
09:03 733.3 9.78 90 4.47 0
09:04 733.3 9.78 90 6.26 0
09:05 733.3 9.78 90 2.68 0
09:06 733.3 9.78 90 4.47 0
09:07 733.04 9.78 90 6.71 0
09:08 733.04 9.78 90 7.15 0
09:09 733.04 9.78 90 7.15 0
09:10 733.04 9.83 90 4.92 0
09:11 733.3 9.78 90 4.92 2.03
09:12 733.3 9.83 90 5.36 2.03
09:13 733.04 9.83 90 4.92 2.03
09:14 733.04 9.83 90 8.05 2.03
09:15 733.04 9.83 90 3.58 2.03
09:16 733.04 9.83 90 8.05 2.03
09:17 733.04 9.83 90 3.58 2.03
09:18 733.3 9.89 90 6.71 2.03
09:19 733.04 9.89 90 6.26 1.78
09:20 733.3 9.89 90 4.92 1.52
09:21 733.3 9.89 90 3.58 1.52
09:22 733.04 9.89 90 6.71 1.52
09:23 733.04 9.89 90 5.81 1.52
09:24 733.04 9.89 90 4.92 1.52
09:25 733.3 9.89 90 5.36 1.52
09:26 733.3 9.89 90 5.36 1.52
09:27 733.04 9.89 90 6.26 1.52
09:28 733.04 9.89 90 4.92 1.52
09:29 733.04 9.89 90 7.15 1.52
09:30 733.3 9.89 90 7.15 1.52
09:31 733.3 9.89 90 4.02 1.52
09:32 733.3 9.89 90 4.92 1.27
09:33 733.3 9.89 90 5.81 1.27
09:34 733.04 9.94 90 5.81 1.27
09:35 733.04 9.89 90 4.92 1.02
09:36 733.04 9.94 90 4.02 1.02
09:37 733.04 9.94 90 5.36 1.02
09:38 733.04 9.94 90 5.36 0
09:39 733.04 9.94 90 5.36 0
09:40 733.04 9.94 90 6.26 0
09:41 733.04 9.94 90 6.71 0
09:42 733.04 9.94 90 5.81 0
09:43 733.04 10 90 4.02 0
09:44 733.04 10 90 6.71 0
09:45 733.04 10 90 5.81 0
09:46 733.04 10.06 90 6.71 0
09:47 733.04 10 90 9.83 0
09:48 733.3 10 90 6.71 0
09:49 733.3 10 90 2.68 0
09:50 733.04 10.06 90 5.36 0
09:51 733.3 10.06 90 4.92 0
09:52 733.3 10.06 90 8.49 0
09:53 733.04 10.06 90 7.6 0
09:54 733.3 10.11 90 4.02 0
09:55 733.3 10.11 90 2.24 0
09:56 733.3 10.11 90 4.47 0
09:57 733.3 10.11 90 4.02 0
09:58 733.3 10.17 90 4.47 0
09:59 733.3 10.11 90 4.47 0
10:00 733.3 10.11 90 7.15 0
10:01 733.3 10.11 90 5.81 0
10:02 733.3 10.17 90 5.36 0
10:03 733.3 10.17 90 5.81 0
10:04 733.04 10.17 89 6.71 0
10:05 733.04 10.17 89 5.81 0
10:06 733.04 10.17 89 5.36 0
10:07 733.04 10.22 89 5.36 0
10:08 733.04 10.22 89 8.49 0
10:09 733.04 10.22 89 4.47 0
10:10 733.04 10.22 89 2.68 0
10:11 733.04 10.22 89 2.68 0
10:12 732.79 10.28 89 3.58 0
10:13 732.79 10.28 89 6.26 0
10:14 732.79 10.28 89 6.26 0
10:15 732.79 10.28 89 8.05 0
10:16 732.79 10.33 89 7.6 0
10:17 732.79 10.33 89 6.26 0
10:18 732.79 10.33 89 7.6 0
10:19 732.79 10.33 89 3.58 0
10:20 732.79 10.39 89 7.15 0
10:21 733.04 10.39 89 6.26 0
10:22 733.04 10.39 89 3.13 0
10:23 733.04 10.39 89 6.26 0
10:24 733.04 10.39 89 8.05 0
10:25 733.04 10.39 89 5.81 0
10:26 733.04 10.44 89 4.47 0
10:27 733.04 10.44 89 6.26 0
10:28 733.3 10.44 89 3.58 0
10:29 733.3 10.44 89 4.02 0
10:30 733.3 10.5 89 4.92 0
10:31 733.3 10.44 89 7.15 0
10:32 733.3 10.5 89 3.58 0
10:33 733.3 10.5 88 4.47 0
10:34 733.3 10.5 88 5.36 0
10:35 733.3 10.5 88 4.02 0
10:36 733.3 10.5 88 3.13 0
10:37 733.3 10.5 88 3.13 0
10:38 733.3 10.5 89 5.81 0
10:39 733.3 10.5 89 5.81 0
10:40 733.3 10.56 89 4.47 0
10:41 733.3 10.5 88 4.02 0
10:42 733.3 10.56 88 3.13 0
10:43 733.3 10.56 88 3.58 0
10:44 733.3 10.56 88 4.02 0
10:45 733.3 10.56 89 4.92 0
10:46 733.3 10.61 89 4.92 0
10:47 733.3 10.61 89 4.02 0
10:48 733.3 10.61 89 4.02 0
10:49 733.55 10.61 89 2.24 0
10:50 733.55 10.61 89 6.71 0
10:51 733.3 10.61 89 4.02 0
10:52 733.3 10.61 89 4.47 0
10:53 733.3 10.67 89 8.05 0
10:54 733.3 10.67 88 6.71 0
10:55 733.3 10.67 88 3.58 0
10:56 733.3 10.72 88 3.13 0
10:57 733.3 10.72 88 3.58 0
10:58 733.3 10.78 88 8.49 0
10:59 733.3 10.72 88 6.71 0
11:00 733.3 10.78 88 5.36 0
11:01 733.3 10.78 88 7.15 0
11:02 733.3 10.78 88 3.58 0
11:03 733.3 10.78 88 5.36 0
11:04 733.3 10.78 88 4.02 0
11:05 733.3 10.78 88 4.47 0
11:06 733.3 10.78 88 5.36 0
11:07 733.3 10.78 88 7.15 0
11:08 733.3 10.78 88 5.81 0
11:09 733.3 10.78 88 7.15 0
11:10 733.3 10.83 88 4.92 0
11:11 733.3 10.83 88 4.92 0
11:12 733.3 10.83 88 1.79 0
11:13 733.3 10.83 88 2.68 0
11:14 733.3 10.83 88 5.81 0
11:15 733.3 10.83 88 6.26 0
11:16 733.3 10.83 88 3.58 0
11:17 733.3 10.83 88 4.02 0
11:18 733.04 10.83 88 3.58 0
11:19 733.3 10.83 88 4.92 0
11:20 733.3 10.83 88 4.02 0
11:21 733.3 10.83 88 4.47 0
11:22 733.3 10.83 88 2.68 0
11:23 733.3 10.83 88 6.71 0
11:24 733.3 10.83 88 3.58 0
11:25 733.3 10.89 88 4.47 0
11:26 733.3 10.89 88 4.92 0
11:27 733.3 10.89 88 3.13 0
11:28 733.3 10.94 88 5.81 0
11:29 733.3 10.89 88 6.26 0
11:30 733.3 10.89 88 7.15 0
11:31 733.3 10.94 88 4.47 0
11:32 733.3 10.94 88 5.36 0
11:33 733.3 10.94 88 4.02 0
11:34 733.3 10.89 88 2.68 0
11:35 733.3 10.94 88 4.92 0
11:36 733.3 10.94 88 5.36 0
11:37 733.3 10.94 88 6.26 0
11:38 733.3 10.94 88 2.68 0
11:39 733.3 10.94 88 4.02 0
11:40 733.3 10.94 88 4.47 0
11:41 733.3 10.94 88 4.92 0
11:42 733.04 10.94 88 2.68 0
11:43 733.04 10.94 88 2.68 0
11:44 733.04 11 88 6.71 0
11:45 733.3 11 88 4.47 0
11:46 733.3 11 88 6.71 0
11:47 733.3 11 88 4.92 0
11:48 733.3 10.94 88 4.92 0
11:49 733.3 10.94 88 2.24 0
11:50 733.3 11 88 4.92 0
11:51 733.3 11 88 3.58 0
11:52 733.3 11 88 4.02 0
11:53 733.3 11 88 5.81 0
11:54 733.55 11 88 3.13 0
11:55 733.3 10.94 88 4.02 0
11:56 733.3 10.94 88 3.58 0
11:57 733.3 11 88 4.92 0
11:58 733.3 11 88 3.13 0
11:59 733.3 11 88 6.71 0
12:00 733.3 11 88 2.24 0
12:01 733.3 11 88 8.49 0
12:02 733.3 11 88 5.36 0
12:03 733.3 11 88 4.47 0
12:04 733.3 11 88 3.58 0
12:05 733.04 11 88 5.36 0
12:06 733.04 11 88 2.24 0
12:07 733.04 11 88 4.02 0
12:08 733.04 11 88 4.92 0
12:09 733.3 11 88 4.02 0
12:10 733.3 11 88 5.81 0
12:11 733.3 11 88 7.6 0
12:12 733.3 11.06 88 4.47 0
12:13 733.3 11.06 88 3.58 0
12:14 733.55 11.06 88 3.58 0
12:15 733.55 11.06 88 8.05 0
12:16 733.3 11.06 88 7.6 0
12:17 733.3 11.06 88 2.68 0
12:18 733.3 11.06 88 3.13 0
12:19 733.3 11.06 88 4.47 0
12:20 733.3 11.06 88 3.13 0
12:21 733.3 11.06 88 3.58 0
12:22 733.55 11.06 88 5.81 0
12:23 733.55 11.06 88 5.36 0
12:24 733.55 11 88 .89 0
12:25 733.55 11.06 88 4.47 0
12:26 733.55 11.06 88 4.92 0
12:27 733.55 11.06 88 4.02 0
12:28 733.3 11.06 88 5.36 0
12:29 733.3 11.06 88 4.47 0
12:30 733.55 11.06 88 3.13 0
12:31 733.55 11.06 88 3.58 0
12:32 733.55 11.06 88 6.26 0
12:33 733.55 11.06 88 3.13 0
12:34 733.55 11.06 88 5.36 0
12:35 733.55 11.11 88 6.71 0
12:36 733.55 11.11 88 4.92 0
12:37 733.55 11.06 88 2.68 0
12:38 733.55 11.11 88 6.26 0
12:39 733.55 11.11 88 3.13 0
12:40 733.55 11.11 88 8.05 0
12:41 733.55 11.11 87 6.26 0
12:42 733.55 11.11 87 5.81 0
12:43 733.55 11.11 87 6.71 0
12:44 733.55 11.11 87 3.58 0
12:45 733.55 11.11 87 4.92 0
12:46 733.55 11.11 88 3.13 0
12:47 733.55 11.11 87 5.36 0
12:48 733.55 11.11 87 3.13 0
12:49 733.55 11.11 87 4.02 0
12:50 733.55 11.11 87 5.36 0
12:51 733.55 11.11 88 5.36 0
12:52 733.55 11.11 87 3.13 0
12:53 733.55 11.11 88 2.68 0
12:54 733.55 11.11 88 4.92 0
12:55 733.55 11.17 87 5.81 0
12:56 733.55 11.11 87 4.02 0
12:57 733.55 11.11 87 7.6 0
12:58 733.55 11.17 88 5.81 0
12:59 733.55 11.17 87 3.58 0
13:00 733.55 11.17 87 6.26 0
13:01 733.55 11.11 87 6.71 0
13:02 733.55 11.17 87 5.81 0
13:03 733.55 11.17 87 5.81 0
13:04 733.55 11.17 87 3.58 0
13:05 733.55 11.17 87 4.02 0
13:06 733.55 11.17 87 5.81 0
13:07 733.55 11.17 87 4.92 0
13:08 733.55 11.17 87 4.47 0
13:09 733.55 11.17 87 3.58 0
13:10 733.55 11.17 87 6.71 0
13:11 733.55 11.17 87 6.26 0
13:12 733.55 11.17 87 3.13 0
13:13 733.55 11.17 87 4.02 0
13:14 733.55 11.17 87 2.68 0
13:15 733.55 11.17 87 4.92 0
13:16 733.55 11.17 87 1.79 0
13:17 733.55 11.17 87 4.02 0
13:18 733.55 11.17 87 5.81 0
13:19 733.55 11.17 87 2.68 0
13:20 733.55 11.17 87 7.6 0
13:21 733.55 11.17 87 3.58 0
13:22 733.55 11.17 87 4.47 0
13:23 733.55 11.17 87 5.36 0
13:24 733.55 11.17 87 4.92 0
13:25 733.55 11.17 87 5.36 0
13:26 733.55 11.17 87 2.68 0
13:27 733.55 11.22 87 2.68 0
13:28 733.55 11.22 87 3.58 0
13:29 733.55 11.22 87 6.26 0
13:30 733.55 11.22 87 4.92 0
13:31 733.55 11.22 87 3.58 0
13:32 733.55 11.22 87 7.15 0
13:33 733.55 11.22 87 7.15 0
13:34 733.55 11.28 87 9.39 0
13:35 733.55 11.28 87 5.81 0
13:36 733.55 11.28 87 6.26 0
13:37 733.55 11.28 87 6.26 0
13:38 733.55 11.28 87 2.68 0
13:39 733.81 11.28 87 4.02 0
13:40 733.81 11.28 87 3.58 0
13:41 733.81 11.28 87 4.02 0
13:42 733.81 11.33 87 4.02 0
13:43 733.81 11.33 87 3.13 0
13:44 733.81 11.33 87 5.36 0
13:45 733.55 11.33 87 6.71 0
13:46 733.55 11.33 87 5.36 0
13:47 733.55 11.33 87 4.47 0
13:48 733.55 11.33 87 5.81 0
13:49 733.55 11.33 87 5.36 0
13:50 733.81 11.33 87 5.81 0
13:51 733.81 11.33 87 4.47 0
13:52 733.81 11.33 87 3.58 0
13:53 733.81 11.33 87 4.47 0
13:54 733.81 11.39 86 6.71 0
13:55 733.81 11.39 86 4.47 0
13:56 733.81 11.39 87 3.58 0
13:57 733.81 11.39 87 4.02 0
13:58 733.81 11.39 87 5.81 0
13:59 733.81 11.39 87 4.92 0
14:00 733.55 11.39 87 4.02 0
14:01 733.55 11.39 87 4.02 0
14:02 733.81 11.39 87 3.13 0
14:03 733.81 11.39 87 4.02 0
14:04 733.81 11.39 87 4.02 0
14:05 733.81 11.39 87 4.02 0
14:06 733.81 11.39 87 1.79 0
14:07 733.81 11.33 86 5.81 0
14:08 733.81 11.39 86 4.92 0
14:09 733.81 11.39 87 4.02 0
14:10 733.81 11.39 87 3.58 0
14:11 733.81 11.39 87 3.13 0
14:12 733.81 11.39 87 4.02 0
14:13 733.81 11.39 87 3.58 0
14:14 733.81 11.39 86 4.92 0
14:15 733.81 11.44 86 5.36 0
14:16 733.81 11.44 86 2.68 0
14:17 733.81 11.44 86 1.79 0
14:18 733.81 11.44 86 2.24 0
14:19 733.81 11.44 86 4.47 0
14:20 733.81 11.44 86 5.81 0
14:21 733.81 11.44 86 3.58 0
14:22 733.81 11.39 86 3.58 0
14:23 733.81 11.44 86 2.24 0
14:24 733.81 11.44 86 4.02 0
14:25 733.81 11.39 86 6.26 0
14:26 733.81 11.44 86 6.26 0
14:27 733.81 11.44 86 3.58 0
14:28 733.81 11.44 86 2.24 0
14:29 733.81 11.44 86 4.02 0
14:30 733.81 11.44 86 3.13 0
14:31 733.81 11.44 86 4.02 0
14:32 733.81 11.44 86 5.81 0
14:33 733.81 11.5 86 2.68 0
14:34 733.81 11.5 86 3.58 0
14:35 733.81 11.5 86 3.58 0
14:36 733.81 11.56 86 3.58 0
14:37 733.81 11.5 86 2.24 0
14:38 733.81 11.56 86 5.36 0
14:39 733.81 11.56 86 3.58 0
14:40 733.81 11.56 86 4.02 0
14:41 733.81 11.56 86 4.02 0
14:42 733.81 11.56 86 4.02 0
14:43 733.81 11.56 86 4.02 0
14:44 734.06 11.56 86 6.26 0
14:45 733.81 11.56 86 7.15 0
14:46 734.06 11.61 86 3.58 0
14:47 734.06 11.61 86 4.92 0
14:48 734.06 11.67 86 4.92 0
14:49 734.06 11.61 86 3.58 0
14:50 733.81 11.67 86 5.36 0
14:51 733.81 11.61 86 2.68 0
14:52 733.81 11.61 86 4.92 0
14:53 733.81 11.61 86 4.02 0
14:54 733.81 11.61 86 4.02 0
14:55 733.81 11.61 86 4.47 0
14:56 733.81 11.56 86 5.36 0
14:57 733.81 11.61 86 5.36 0
14:58 733.81 11.67 86 2.24 0
14:59 733.81 11.67 86 7.15 0
15:00 733.81 11.67 86 4.92 0
15:01 734.06 11.67 86 3.58 0
15:02 734.06 11.72 86 4.92 0
15:03 734.06 11.72 86 5.36 0
15:04 734.06 11.72 86 4.02 0
15:05 733.81 11.72 86 3.58 0
15:06 734.06 11.78 86 4.47 0
15:07 734.06 11.78 86 6.71 0
15:08 734.06 11.78 85 4.47 0
15:09 734.06 11.78 85 3.58 0
15:10 734.06 11.78 85 5.36 0
15:11 734.06 11.83 85 3.13 0
15:12 734.06 11.83 85 8.94 0
15:13 734.06 11.83 85 9.39 0
15:14 734.06 11.89 85 4.92 0
15:15 734.06 11.94 85 3.58 0
15:16 734.06 11.89 85 5.36 0
15:17 734.06 11.89 85 4.47 0
15:18 734.06 11.94 85 4.47 0
15:19 734.06 11.94 85 4.47 0
15:20 733.81 11.89 85 5.36 0
15:21 734.06 11.94 85 3.58 0
15:22 733.81 11.94 85 3.58 0
15:23 734.06 11.94 85 5.81 0
15:24 734.06 11.89 85 3.58 0
15:25 734.06 11.89 85 3.13 0
15:26 734.06 11.94 85 4.02 0
15:27 734.06 11.89 85 4.02 0
15:28 734.06 11.94 85 2.68 0
15:29 734.06 11.94 85 3.13 0
15:30 734.06 11.94 85 5.81 0
15:31 734.06 11.94 85 2.68 0
15:32 734.06 11.94 85 4.02 0
15:33 734.06 11.94 85 4.92 0
15:34 734.06 12 85 4.47 0
15:35 734.06 12 85 5.36 0
15:36 734.06 12 84 3.13 0
15:37 734.06 12 84 3.13 0
15:38 734.06 12.06 84 4.47 0
15:39 734.06 12.06 84 3.13 0
15:40 734.06 12.06 84 2.24 0
15:41 734.06 12.06 84 4.02 0
15:42 734.06 12.06 84 2.68 0
15:43 734.06 12.11 84 2.68 0
15:44 734.06 12.11 84 2.68 0
15:45 734.06 12.11 84 1.79 0
15:46 734.06 12.11 84 3.13 0
15:47 734.06 12.11 84 1.34 0
15:48 734.06 12.11 84 1.79 0
15:49 734.06 12.11 84 1.34 0
15:50 734.06 12.11 84 2.68 0
15:51 734.06 12.11 84 3.58 0
15:52 734.06 12.17 84 3.58 0
15:53 734.06 12.11 84 4.02 0
15:54 734.06 12.17 84 4.47 0
15:55 734.06 12.17 84 3.13 0
15:56 734.06 12.17 84 3.13 0
15:57 734.06 12.17 84 4.47 0
15:58 734.06 12.22 84 4.02 0
15:59 734.06 12.22 84 4.47 0
16:00 734.06 12.22 84 2.24 0
16:01 734.06 12.28 84 1.34 0
16:02 734.06 12.22 84 4.92 0
16:03 734.06 12.28 84 2.24 0
16:04 734.06 12.28 84 4.02 0
16:05 734.06 12.28 84 1.34 0
16:06 734.06 12.22 84 4.92 0
16:07 734.06 12.28 84 1.79 0
16:08 734.06 12.28 83 3.13 0
16:09 734.06 12.28 83 2.68 0
16:10 734.06 12.28 83 2.24 0
16:11 734.06 12.28 83 3.13 0
16:12 734.06 12.33 83 3.58 0
16:13 734.06 12.33 84 2.68 0
16:14 734.06 12.33 83 3.58 0
16:15 734.06 12.33 83 4.92 0
16:16 734.06 12.33 83 4.02 0
16:17 734.06 12.33 83 3.58 0
16:18 734.06 12.33 83 3.58 0
16:19 734.06 12.39 83 4.02 0
16:20 734.06 12.39 83 4.02 0
16:21 734.06 12.39 83 3.13 0
16:22 734.06 12.39 83 2.24 0
16:23 734.06 12.33 83 2.68 0
16:24 734.06 12.33 84 1.34 0
16:25 734.06 12.39 84 2.68 0
16:26 734.06 12.39 84 3.58 0
16:27 734.06 12.39 84 3.13 0
16:28 734.06 12.33 84 1.79 0
16:29 734.06 12.39 84 2.68 0
16:30 734.06 12.39 84 1.79 0
16:31 734.06 12.39 84 1.79 0
16:32 734.06 12.39 84 1.79 0
16:33 734.06 12.39 84 2.24 0
16:34 734.06 12.39 84 2.68 0
16:35 734.06 12.39 84 1.34 0
16:36 734.06 12.39 84 1.79 0
16:37 734.06 12.39 84 3.58 0
16:38 734.06 12.39 84 2.24 0
16:39 734.06 12.33 84 1.79 0
16:40 734.06 12.39 84 1.79 0
16:41 734.06 12.39 84 2.68 0
16:42 734.06 12.33 84 3.58 0
16:43 734.06 12.39 84 1.79 0
16:44 733.81 12.39 84 4.92 0
16:45 733.81 12.39 84 3.13 0
16:46 733.81 12.39 84 1.79 0
16:47 733.81 12.39 84 2.24 0
16:48 733.81 12.39 84 1.79 0
16:49 733.81 12.39 84 4.02 0
16:50 733.81 12.39 84 2.68 0
16:51 733.81 12.44 84 1.34 0
16:52 733.81 12.44 84 2.24 0
16:53 733.81 12.39 84 3.13 0
16:54 733.81 12.39 84 1.79 0
16:55 733.81 12.39 84 1.79 0
16:56 733.81 12.39 84 2.24 0
16:57 733.81 12.39 84 1.34 0
16:58 733.81 12.39 84 1.34 0
16:59 733.81 12.39 84 1.79 0
17:00 733.81 12.39 84 1.34 0
17:01 733.81 12.39 84 2.24 0
17:02 733.81 12.39 84 .89 0
17:03 733.81 12.39 84 .45 0
17:04 733.81 12.33 84 2.68 0
17:05 733.81 12.33 84 2.24 0
17:06 733.81 12.33 84 2.24 0
17:07 733.81 12.33 84 .89 0
17:08 733.81 12.33 84 .45 0
17:09 733.81 12.33 84 .89 0
17:10 733.81 12.28 84 2.24 0
17:11 733.81 12.28 85 1.34 0
17:12 733.81 12.33 85 2.24 0
17:13 733.81 12.28 85 2.24 0
17:14 733.81 12.33 85 1.34 0
17:15 733.81 12.28 85 2.68 0
17:16 733.81 12.33 85 2.24 0
17:17 733.81 12.33 85 1.79 0
17:18 733.81 12.33 85 1.34 0
17:19 733.81 12.33 85 3.13 0
17:20 733.81 12.33 85 2.24 0
17:21 733.81 12.39 84 2.68 0
17:22 733.81 12.39 84 1.79 0
17:23 733.81 12.39 84 2.24 0
17:24 733.81 12.44 84 1.79 0
17:25 733.81 12.39 84 2.24 0
17:26 733.81 12.39 84 3.13 0
17:27 733.81 12.44 84 1.34 0
17:28 733.81 12.44 84 1.34 0
17:29 733.55 12.44 84 1.79 0
17:30 733.81 12.44 84 1.79 0
17:31 733.55 12.44 84 1.79 0
17:32 733.55 12.44 84 1.79 0
17:33 733.55 12.5 84 1.34 0
17:34 733.55 12.5 84 3.58 0
17:35 733.55 12.5 84 1.79 0
17:36 733.55 12.5 84 2.24 0
17:37 733.55 12.56 84 1.34 0
17:38 733.55 12.56 84 .89 0
17:39 733.55 12.56 84 1.79 0
17:40 733.55 12.56 83 1.34 0
17:41 733.55 12.56 83 3.13 0
17:42 733.55 12.56 83 3.58 0
17:43 733.55 12.56 83 1.34 0
17:44 733.55 12.61 83 2.68 0
17:45 733.55 12.61 83 1.34 0
17:46 733.55 12.61 83 3.13 0
17:47 733.55 12.67 82 2.24 0
17:48 733.55 12.67 82 1.34 0
17:49 733.55 12.67 82 3.13 0
17:50 733.55 12.67 82 2.24 0
17:51 733.55 12.72 82 2.24 0
17:52 733.55 12.72 82 2.68 0
17:53 733.3 12.72 81 1.34 0
17:54 733.55 12.72 81 2.24 0
17:55 733.3 12.72 81 3.13 0
17:56 733.55 12.72 81 3.13 0
17:57 733.3 12.72 81 3.13 0
17:58 733.3 12.78 81 4.47 0
17:59 733.3 12.72 81 2.68 0
18:00 733.3 12.78 81 3.13 0
18:01 733.3 12.78 81 3.13 0
18:02 733.3 12.78 81 2.68 0
18:03 733.3 12.83 81 4.47 0
18:04 733.3 12.83 80 4.02 0
18:05 733.55 12.83 80 1.79 0
18:06 733.55 12.83 80 2.24 0
18:07 733.3 12.83 80 2.68 0
18:08 733.55 12.83 80 4.02 0
18:09 733.55 12.83 80 1.79 0
18:10 733.55 12.83 80 2.68 0
18:11 733.55 12.83 80 2.24 0
18:12 733.55 12.83 80 4.92 0
18:13 733.55 12.78 80 1.34 0
18:14 733.55 12.78 80 1.34 0
18:15 733.55 12.78 80 1.34 0
18:16 733.55 12.78 80 4.02 0
18:17 733.55 12.78 80 2.24 0
18:18 733.55 12.78 80 1.79 0
18:19 733.55 12.83 79 3.13 0
18:20 733.55 12.83 80 4.02 0
18:21 733.55 12.83 79 1.79 0
18:22 733.55 12.83 79 5.36 0
18:23 733.3 12.83 79 1.34 0
18:24 733.55 12.83 79 3.58 0
18:25 733.55 12.83 79 2.24 0
18:26 733.55 12.83 79 3.58 0
18:27 733.3 12.83 79 2.24 0
18:28 733.55 12.78 79 2.68 0
18:29 733.3 12.83 79 1.79 0
18:30 733.55 12.78 79 1.34 0
18:31 733.55 12.78 79 1.79 0
18:32 733.55 12.78 79 3.13 0
18:33 733.55 12.78 79 2.24 0
18:34 733.55 12.78 79 2.24 0
18:35 733.55 12.78 79 3.13 0
18:36 733.55 12.78 79 3.58 0
18:37 733.55 12.78 79 2.68 0
18:38 733.55 12.72 79 1.79 0
18:39 733.55 12.78 79 1.79 0
18:40 733.55 12.78 79 2.68 0
18:41 733.55 12.78 79 2.24 0
18:42 733.55 12.72 79 2.68 0
18:43 733.55 12.72 79 1.79 0
18:44 733.55 12.72 79 2.24 0
18:45 733.55 12.72 79 1.79 0
18:46 733.55 12.72 79 1.79 0
18:47 733.55 12.67 79 1.79 0
18:48 733.55 12.67 79 2.68 0
18:49 733.55 12.67 79 2.24 0
18:50 733.55 12.61 79 1.34 0
18:51 733.3 12.61 79 1.79 0
18:52 733.55 12.67 79 2.68 0
18:53 733.3 12.61 79 2.24 0
18:54 733.3 12.61 79 3.13 0
18:55 733.3 12.61 79 1.79 0
18:56 733.3 12.61 79 6.26 0
18:57 733.3 12.61 79 2.24 0
18:58 733.3 12.67 78 4.02 0
18:59 733.55 12.67 78 3.13 0
19:00 733.55 12.72 78 4.02 0
19:01 733.55 12.72 78 2.24 0
19:02 733.3 12.67 78 5.36 0
19:03 733.55 12.67 78 1.79 0
19:04 733.55 12.72 78 4.47 0
19:05 733.55 12.72 78 5.36 0
19:06 733.55 12.67 78 2.68 0
19:07 733.55 12.67 78 2.68 0
19:08 733.55 12.67 78 1.79 0
19:09 733.3 12.61 78 3.58 0
19:10 733.3 12.61 78 3.58 0
19:11 733.3 12.61 78 2.24 0
19:12 733.3 12.61 78 2.24 0
19:13 733.3 12.61 78 1.79 0
19:14 733.3 12.56 78 5.36 0
19:15 733.04 12.61 77 1.79 0
19:16 733.04 12.61 77 5.81 0
19:17 733.04 12.61 77 3.13 0
19:18 733.3 12.61 77 1.34 0
19:19 733.3 12.61 77 3.13 0
19:20 733.04 12.61 77 3.58 0
19:21 733.3 12.67 77 1.79 0
19:22 733.04 12.61 77 .89 0
19:23 733.04 12.61 77 1.79 0
19:24 733.04 12.61 77 3.58 0
19:25 733.3 12.61 77 1.34 0
19:26 733.3 12.61 77 3.58 0
19:27 733.3 12.56 77 2.68 0
19:28 733.04 12.61 77 2.68 0
19:29 733.04 12.61 77 4.47 0
19:30 733.04 12.56 77 2.68 0
19:31 733.04 12.61 77 1.79 0
19:32 733.04 12.61 77 1.79 0
19:33 733.04 12.61 77 2.68 0
19:34 733.04 12.61 77 3.58 0
19:35 733.04 12.61 77 2.24 0
19:36 733.04 12.61 76 3.13 0
19:37 733.04 12.61 76 4.02 0
19:38 733.04 12.61 76 4.02 0
19:39 733.04 12.61 76 4.47 0
19:40 733.04 12.61 76 2.68 0
19:41 733.04 12.61 76 4.92 0
19:42 733.04 12.67 76 2.24 0
19:43 733.04 12.61 76 2.68 0
19:44 733.04 12.61 76 3.13 0
19:45 733.04 12.61 76 3.13 0
19:46 733.04 12.61 76 3.58 0
19:47 733.04 12.56 76 1.79 0
19:48 733.04 12.61 76 1.79 0
19:49 733.04 12.56 76 2.24 0
19:50 733.04 12.56 76 1.79 0
19:51 733.04 12.56 76 1.79 0
19:52 732.79 12.56 76 1.79 0
19:53 732.79 12.5 76 2.68 0
19:54 732.79 12.56 77 3.13 0
19:55 732.79 12.5 76 2.68 0
19:56 732.79 12.5 77 1.34 0
19:57 732.79 12.5 77 4.47 0
19:58 732.79 12.44 77 4.47 0
19:59 732.79 12.5 76 2.24 0
20:00 732.79 12.5 77 1.79 0
20:01 732.79 12.44 76 2.24 0
20:02 732.79 12.44 76 3.13 0
20:03 732.79 12.44 76 4.02 0
20:04 732.79 12.44 76 2.24 0
20:05 732.79 12.44 76 2.68 0
20:06 732.79 12.44 76 2.68 0
20:07 732.79 12.44 76 4.92 0
20:08 732.79 12.44 76 2.68 0
20:09 732.79 12.44 76 4.92 0
20:10 732.79 12.44 76 2.68 0
20:11 732.79 12.44 76 2.68 0
20:12 732.79 12.44 76 1.79 0
20:13 732.79 12.44 76 1.79 0
20:14 732.79 12.44 76 1.34 0
20:15 732.54 12.44 76 1.79 0
20:16 732.54 12.44 76 1.79 0
20:17 732.54 12.44 76 4.02 0
20:18 732.54 12.39 76 4.02 0
20:19 732.54 12.39 76 3.13 0
20:20 732.54 12.44 76 3.58 0
20:21 732.54 12.44 76 1.79 0
20:22 732.54 12.44 76 1.79 0
20:23 732.54 12.44 76 3.13 0
20:24 732.54 12.44 76 2.24 0
20:25 732.54 12.44 76 3.58 0
20:26 732.54 12.44 76 1.79 0
20:27 732.54 12.44 76 3.58 0
20:28 732.54 12.44 76 3.13 0
20:29 732.54 12.44 76 3.13 0
20:30 732.54 12.44 76 2.68 0
20:31 732.54 12.44 76 2.68 0
20:32 732.54 12.44 75 3.58 0
20:33 732.54 12.44 75 5.36 0
20:34 732.54 12.5 75 3.58 0
20:35 732.54 12.56 75 4.02 0
20:36 732.54 12.56 75 4.02 0
20:37 732.54 12.56 75 4.02 0
20:38 732.54 12.56 75 3.13 0
20:39 732.54 12.56 75 4.02 0
20:40 732.54 12.56 75 1.79 0
20:41 732.54 12.56 75 4.47 0
20:42 732.54 12.56 75 3.13 0
20:43 732.54 12.56 75 2.24 0
20:44 732.54 12.56 75 4.92 0
20:45 732.54 12.56 75 3.58 0
20:46 732.54 12.56 75 4.47 0
20:47 732.54 12.56 75 3.58 0
20:48 732.54 12.56 75 3.13 0
20:49 732.54 12.5 75 4.47 0
20:50 732.54 12.56 74 3.58 0
20:51 732.28 12.56 74 2.68 0
20:52 732.54 12.56 74 2.24 0
20:53 732.54 12.56 74 2.68 0
20:54 732.54 12.56 74 2.68 0
20:55 732.54 12.56 75 3.13 0
20:56 732.54 12.56 74 3.58 0
20:57 732.28 12.56 74 4.92 0
20:58 732.28 12.61 74 3.58 0
20:59 732.28 12.56 74 2.68 0
21:00 732.28 12.56 74 2.24 0
21:01 732.28 12.56 74 2.68 0
21:02 732.28 12.56 74 2.68 0
21:03 732.28 12.56 74 4.02 0
21:04 732.28 12.56 74 2.24 0
21:05 732.28 12.56 74 4.02 0
21:06 732.28 12.56 74 3.58 0
21:07 732.28 12.56 74 3.58 0
21:08 732.28 12.56 74 4.02 0
21:09 732.28 12.61 74 2.24 0
21:10 732.28 12.56 74 2.68 0
21:11 732.03 12.56 74 3.58 0
21:12 732.03 12.56 74 3.58 0
21:13 732.28 12.56 74 3.58 0
21:14 732.28 12.56 74 2.68 0
21:15 732.03 12.56 74 6.71 0
21:16 732.03 12.56 74 3.13 0
21:17 732.03 12.56 74 6.26 0
21:18 732.03 12.56 74 1.79 0
21:19 732.28 12.56 74 4.47 0
21:20 732.03 12.56 74 4.92 0
21:21 732.03 12.56 74 2.24 0
21:22 732.28 12.56 74 .89 0
21:23 732.28 12.56 74 3.13 0
21:24 732.28 12.56 74 4.02 0
21:25 732.03 12.56 74 4.92 0
21:26 732.03 12.56 74 5.36 0
21:27 732.03 12.61 74 3.13 0
21:28 732.03 12.61 74 4.92 0
21:29 732.03 12.61 74 4.02 0
21:30 732.03 12.67 73 4.02 0
21:31 732.03 12.67 73 5.81 0
21:32 732.03 12.72 73 4.92 0
21:33 732.03 12.72 73 6.26 0
21:34 732.03 12.72 73 2.24 0
21:35 732.03 12.72 73 4.47 0
21:36 732.03 12.78 73 4.92 0
21:37 732.03 12.72 73 6.71 0
21:38 732.03 12.78 73 2.68 0
21:39 732.03 12.83 73 6.71 0
21:40 732.03 12.83 72 4.92 0
21:41 732.03 12.83 72 5.36 0
21:42 732.03 12.89 72 4.02 0
21:43 732.03 12.83 72 3.58 0
21:44 732.03 12.83 72 5.81 0
21:45 732.03 12.83 72 5.36 0
21:46 732.03 12.89 72 3.13 0
21:47 732.03 12.89 72 5.81 0
21:48 732.03 12.89 72 3.58 0
21:49 732.03 12.89 72 3.13 0
21:50 732.03 12.89 72 2.68 0
21:51 732.03 12.89 72 4.02 0
21:52 732.03 12.83 72 2.24 0
21:53 732.03 12.89 72 3.58 0
21:54 732.03 12.89 72 4.47 0
21:55 732.03 12.94 71 6.71 0
21:56 732.03 12.94 71 6.26 0
21:57 732.03 13 71 2.68 0
21:58 732.03 13.06 71 4.92 0
21:59 732.03 13.06 71 2.68 0
22:00 732.03 13.06 71 3.58 0
22:01 732.03 13.06 71 3.58 0
22:02 732.03 13.06 71 8.05 0
22:03 732.03 13.11 71 7.6 0
22:04 732.03 13.17 70 5.36 0
22:05 732.03 13.17 70 4.47 0
22:06 732.03 13.17 70 3.13 0
22:07 732.03 13.22 70 4.47 0
22:08 732.03 13.17 70 3.13 0
22:09 732.03 13.17 70 4.47 0
22:10 732.03 13.17 70 4.47 0
22:11 732.03 13.17 70 4.02 0
22:12 732.03 13.17 70 4.02 0
22:13 732.03 13.17 70 5.36 0
22:14 732.03 13.22 70 3.13 0
22:15 731.77 13.22 69 3.58 0
22:16 731.77 13.22 69 5.81 0
22:17 731.77 13.22 69 7.15 0
22:18 731.77 13.28 69 4.47 0
22:19 731.77 13.28 69 4.47 0
22:20 731.52 13.28 69 4.47 0
22:21 731.52 13.22 69 4.47 0
22:22 731.52 13.22 69 5.36 0
22:23 731.52 13.22 69 7.6 0
22:24 731.52 13.28 69 3.58 0
22:25 731.52 13.22 69 6.71 0
22:26 731.52 13.28 69 4.02 0
22:27 731.52 13.28 68 4.02 0
22:28 731.52 13.28 68 5.81 0
22:29 731.52 13.33 68 4.47 0
22:30 731.52 13.33 68 6.26 0
22:31 731.52 13.33 68 2.68 0
22:32 731.52 13.33 68 6.26 0
22:33 731.52 13.33 68 5.36 0
22:34 731.52 13.39 68 4.92 0
22:35 731.52 13.39 68 4.92 0
22:36 731.52 13.33 68 4.02 0
22:37 731.52 13.39 68 4.02 0
22:38 731.52 13.33 68 4.02 0
22:39 731.52 13.39 68 4.02 0
22:40 731.52 13.39 68 2.24 0
22:41 731.52 13.33 68 4.47 0
22:42 731.52 13.33 68 4.02 0
22:43 731.52 13.33 68 4.47 0
22:44 731.52 13.33 68 4.92 0
22:45 731.52 13.28 68 4.02 0
22:46 731.52 13.28 68 3.13 0
22:47 731.52 13.28 68 2.24 0
22:48 731.52 13.28 68 3.58 0
22:49 731.52 13.22 68 4.92 0
22:50 731.52 13.22 68 3.13 0
22:51 731.52 13.22 68 5.81 0
22:52 731.27 13.17 68 4.47 0
22:53 731.27 13.17 68 4.47 0
22:54 731.52 13.17 68 4.47 0
22:55 731.27 13.17 68 3.13 0
22:56 731.52 13.17 68 3.58 0
22:57 731.27 13.11 68 5.81 0
22:58 731.27 13.11 68 2.68 0
22:59 731.27 13.11 68 2.24 0
23:00 731.27 13.06 68 3.58 0
23:01 731.27 13 68 4.47 0
23:02 731.27 13 68 2.68 0
23:03 731.27 13 68 4.02 0
23:04 731.27 12.94 68 4.47 0
23:05 731.27 12.94 68 4.02 0
23:06 731.27 12.94 68 2.24 0
23:07 731.27 12.94 68 4.92 0
23:08 731.27 12.94 68 4.02 0
23:09 731.27 12.94 68 3.13 0
23:10 731.27 12.94 68 3.13 0
23:11 731.27 12.89 68 3.13 0
23:12 731.27 12.89 68 4.02 0
23:13 731.27 12.89 68 4.92 0
23:14 731.27 12.89 68 3.58 0
23:15 731.27 12.89 68 3.13 0
23:16 731.27 12.89 68 3.13 0
23:17 731.27 12.83 68 2.24 0
23:18 731.27 12.83 68 3.58 0
23:19 731.27 12.83 68 3.13 0
23:20 731.01 12.78 69 4.47 0
23:21 731.01 12.78 69 3.58 0
23:22 731.01 12.72 69 3.58 0
23:23 731.01 12.78 69 4.92 0
23:24 731.01 12.72 69 2.68 0
23:25 731.01 12.72 69 4.92 0
23:26 731.01 12.72 68 6.26 0
23:27 731.01 12.78 68 2.24 0
23:28 731.01 12.72 68 4.02 0
23:29 731.01 12.72 68 3.13 0
23:30 731.01 12.72 68 2.68 0
23:31 731.01 12.72 69 4.02 0
23:32 731.01 12.67 69 4.02 0
23:33 731.01 12.67 69 4.02 0
23:34 731.01 12.67 69 3.13 0
23:35 731.01 12.67 69 2.24 0
23:36 731.01 12.67 68 4.92 0
23:37 730.76 12.67 68 4.47 0
23:38 731.01 12.67 68 4.92 0
23:39 731.01 12.72 68 3.58 0
23:40 731.01 12.72 68 5.81 0
23:41 730.76 12.72 68 3.58 0
23:42 731.01 12.72 68 2.68 0
23:43 730.76 12.72 68 4.02 0
23:44 730.76 12.72 68 4.02 0
23:45 730.76 12.67 68 2.24 0
23:46 730.76 12.67 68 4.92 0
23:47 730.76 12.67 68 3.13 0
23:48 730.76 12.67 68 4.92 0
23:49 730.76 12.67 68 4.02 0
23:50 730.5 12.67 68 6.26 0
23:51 730.76 12.67 68 2.68 0
23:52 730.76 12.67 68 4.92 0
23:53 730.5 12.67 68 3.13 0
23:54 730.5 12.67 67 6.26 0
23:55 730.5 12.67 67 5.36 0
23:56 730.5 12.72 67 4.47 0
23:57 730.5 12.72 67 4.47 0
23:58 730.5 12.72 67 6.26 0
23:59 730.5 12.72 67 4.92 0
