00:00 742.44 -8.28 88 .89 0
00:01 742.44 -8.28 88 .89 0
00:02 742.44 -8.33 88 .89 0
00:03 742.44 -8.33 88 .89 0
00:04 742.44 -8.33 88 .89 0
00:05 742.44 -8.33 88 .89 0
00:06 742.44 -8.33 88 1.34 0
00:07 742.44 -8.39 88 .89 0
00:08 742.44 -8.44 88 1.34 0
00:09 742.44 -8.39 88 1.34 0
00:10 742.44 -8.44 88 1.34 0
00:11 742.44 -8.44 88 1.34 0
00:12 742.44 -8.44 88 .89 0
00:13 742.44 -8.39 88 .89 0
00:14 742.44 -8.39 88 1.34 0
00:15 742.44 -8.44 88 .89 0
00:16 742.44 -8.44 88 .89 0
00:17 742.44 -8.39 88 .89 0
00:18 742.44 -8.39 88 .45 0
00:19 742.44 -8.39 88 1.34 0
00:20 742.44 -8.39 88 .89 0
00:21 742.44 -8.44 88 1.34 0
00:22 742.44 -8.39 88 .89 0
00:23 742.44 -8.33 88 .45 0
00:24 742.44 -8.33 88 .45 0
00:25 742.44 -8.33 88 .89 0
00:26 742.7 -8.28 88 .89 0
00:27 742.44 -8.28 88 .45 0
00:28 742.44 -8.28 89 .89 0
00:29 742.44 -8.22 89 1.34 0
00:30 742.7 -8.17 89 .89 0
00:31 742.7 -8.17 89 .89 0
00:32 742.7 -8.22 89 1.34 0
00:33 742.7 -8.22 88 1.34 0
00:34 742.7 -8.22 88 .89 0
00:35 742.7 -8.22 88 .89 0
00:36 742.7 -8.22 88 .89 0
00:37 742.7 -8.22 88 1.34 0
00:38 742.7 -8.17 88 .89 0
00:39 742.7 -8.17 88 .45 0
00:40 742.7 -8.17 89 .89 0
00:41 742.7 -8.11 89 .89 0
00:42 742.7 -8.17 89 .89 0
00:43 742.7 -8.17 89 .89 0
00:44 742.7 -8.17 88 .89 0
00:45 742.7 -8.11 88 .45 0
00:46 742.7 -8.17 88 .45 0
00:47 742.7 -8.22 88 .89 0
00:48 742.7 -8.22 88 .45 0
00:49 742.7 -8.22 88 .89 0
00:50 742.7 -8.28 88 .45 0
00:51 742.7 -8.33 88 .45 0
00:52 742.7 -8.33 88 .45 0
00:53 742.7 -8.39 88 .89 0
00:54 742.7 -8.44 88 .89 0
00:55 742.95 -8.44 88 .89 0
00:56 742.7 -8.5 88 .89 0
00:57 742.7 -8.56 88 1.34 0
00:58 742.7 -8.56 88 .89 0
00:59 742.7 -8.56 88 .89 0
01:00 742.7 -8.5 88 .89 0
01:01 742.95 -8.56 88 1.34 0
01:02 742.7 -8.5 88 .89 0
01:03 742.95 -8.5 88 .89 0
01:04 742.7 -8.5 88 .89 0
01:05 742.95 -8.44 88 1.34 0
01:06 742.95 -8.44 88 .89 0
01:07 742.95 -8.44 88 .89 0
01:08 742.7 -8.44 88 1.34 0
01:09 742.95 -8.44 88 1.34 0
01:10 742.95 -8.44 88 1.34 0
01:11 742.95 -8.44 88 .89 0
01:12 742.95 -8.39 88 1.34 0
01:13 742.7 -8.39 88 1.34 0
01:14 742.95 -8.39 88 .89 0
01:15 742.95 -8.39 88 .89 0
01:16 742.95 -8.44 88 1.34 0
01:17 742.95 -8.44 88 1.34 0
01:18 742.95 -8.44 88 1.34 0
01:19 742.95 -8.44 88 .89 0
01:20 742.95 -8.44 88 .89 0
01:21 742.95 -8.39 88 1.34 0
01:22 742.95 -8.39 88 1.34 0
01:23 742.95 -8.33 88 1.79 0
01:24 742.95 -8.33 88 .89 0
01:25 742.95 -8.33 88 1.34 0
01:26 742.95 -8.33 88 1.34 0
01:27 742.95 -8.33 88 1.34 0
01:28 742.95 -8.33 88 1.34 0
01:29 742.95 -8.33 88 .45 0
01:30 742.95 -8.33 88 1.34 0
01:31 742.95 -8.28 88 1.34 0
01:32 742.95 -8.28 89 1.34 0
01:33 742.95 -8.22 89 .89 0
01:34 742.95 -8.17 89 1.34 0
01:35 742.95 -8.17 89 1.34 0
01:36 742.95 -8.11 89 1.79 0
01:37 742.95 -8.11 89 1.79 0
01:38 742.95 -8.06 89 1.34 0
01:39 742.95 -8.06 89 1.79 0
01:40 742.95 -8.06 89 2.24 0
01:41 742.95 -8 88 1.34 0
01:42 742.95 -8 88 1.34 0
01:43 742.95 -7.94 88 1.34 0
01:44 742.95 -8 88 1.79 0
01:45 742.95 -8 88 1.34 0
01:46 742.95 -7.94 88 .89 0
01:47 742.95 -7.94 88 1.79 0
01:48 742.95 -7.89 88 1.34 0
01:49 742.95 -7.89 88 1.34 0
01:50 742.95 -7.89 88 1.34 0
01:51 742.95 -7.83 88 1.34 0
01:52 742.95 -7.89 88 1.79 0
01:53 742.95 -7.83 88 1.34 0
01:54 742.95 -7.83 88 1.79 0
01:55 742.95 -7.78 88 1.79 0
01:56 742.95 -7.78 88 1.34 0
01:57 742.95 -7.78 88 .89 0
01:58 742.95 -7.78 88 .89 0
01:59 742.95 -7.78 88 .89 0
02:00 742.95 -7.78 87 1.34 0
02:01 742.95 -7.78 87 1.34 0
02:02 742.95 -7.78 87 1.79 0
02:03 742.95 -7.78 87 1.79 0
02:04 742.95 -7.78 87 1.79 0
02:05 742.95 -7.72 87 1.34 0
02:06 742.95 -7.78 87 1.79 0
02:07 742.95 -7.72 87 1.34 0
02:08 742.95 -7.72 87 1.79 0
02:09 742.95 -7.67 87 2.24 0
02:10 742.95 -7.67 87 1.34 0
02:11 742.95 -7.61 87 1.79 0
02:12 742.95 -7.61 87 1.79 0
02:13 742.95 -7.56 87 1.79 0
02:14 742.95 -7.56 87 1.34 0
02:15 742.95 -7.56 87 1.79 0
02:16 742.95 -7.56 87 1.34 0
02:17 742.95 -7.56 87 1.79 0
02:18 742.95 -7.56 87 1.79 0
02:19 742.95 -7.56 87 1.34 0
02:20 742.95 -7.56 87 1.79 0
02:21 742.95 -7.5 87 1.79 0
02:22 742.95 -7.5 87 1.79 0
02:23 742.95 -7.56 87 1.34 0
02:24 742.95 -7.56 87 1.34 0
02:25 742.95 -7.56 87 1.34 0
02:26 742.95 -7.56 87 1.79 0
02:27 742.95 -7.56 87 2.24 0
02:28 742.95 -7.56 87 1.34 0
02:29 742.95 -7.56 87 1.34 0
02:30 742.95 -7.56 87 1.79 0
02:31 742.95 -7.61 87 1.79 0
02:32 742.95 -7.56 87 2.24 0
02:33 742.95 -7.61 87 1.79 0
02:34 742.95 -7.61 87 1.79 0
02:35 742.95 -7.67 86 .89 0
02:36 742.95 -7.67 86 1.79 0
02:37 742.95 -7.67 86 1.34 0
02:38 742.95 -7.67 86 1.34 0
02:39 742.95 -7.67 86 1.79 0
02:40 742.95 -7.67 87 1.79 0
02:41 742.95 -7.67 87 1.79 0
02:42 742.95 -7.67 87 1.34 0
02:43 742.95 -7.67 87 1.79 0
02:44 742.95 -7.61 87 1.79 0
02:45 742.95 -7.61 87 1.34 0
02:46 742.95 -7.56 87 1.34 0
02:47 743.2 -7.56 87 1.34 0
02:48 742.95 -7.56 87 1.79 0
02:49 743.2 -7.56 87 1.34 0
02:50 743.2 -7.5 87 1.34 0
02:51 742.95 -7.44 87 1.34 0
02:52 742.95 -7.39 87 1.34 0
02:53 743.2 -7.39 87 1.79 0
02:54 743.2 -7.33 87 1.79 0
02:55 743.2 -7.33 87 1.34 0
02:56 742.95 -7.28 87 1.79 0
02:57 742.95 -7.28 87 1.34 0
02:58 743.2 -7.28 86 1.34 0
02:59 743.2 -7.28 86 1.34 0
03:00 742.95 -7.28 87 1.34 0
03:01 743.2 -7.22 86 1.79 0
03:02 743.2 -7.17 86 1.34 0
03:03 743.2 -7.17 86 1.34 0
03:04 743.2 -7.11 86 1.34 0
03:05 743.2 -7.11 86 .89 0
03:06 743.2 -7.17 86 1.34 0
03:07 743.2 -7.11 86 2.24 0
03:08 743.2 -7.11 86 1.79 0
03:09 743.2 -7.06 86 1.79 0
03:10 743.2 -7.06 86 .89 0
03:11 743.2 -7.06 86 1.79 0
03:12 743.2 -7.11 86 .89 0
03:13 743.2 -7.06 86 1.79 0
03:14 743.2 -7.06 86 1.79 0
03:15 743.2 -7.06 86 .89 0
03:16 743.2 -7.11 86 .89 0
03:17 743.2 -7.11 86 1.34 0
03:18 743.2 -7.17 86 1.34 0
03:19 743.2 -7.22 85 .89 0
03:20 743.2 -7.28 85 .89 0
03:21 743.2 -7.33 85 .89 0
03:22 743.2 -7.39 85 .89 0
03:23 743.2 -7.44 85 .89 0
03:24 743.2 -7.44 85 .89 0
03:25 743.2 -7.56 86 .89 0
03:26 742.95 -7.56 86 .89 0
03:27 742.95 -7.56 86 .89 0
03:28 742.95 -7.56 86 .89 0
03:29 742.95 -7.56 86 .45 0
03:30 742.95 -7.56 86 .89 0
03:31 742.95 -7.56 86 .45 0
03:32 743.2 -7.56 86 .89 0
03:33 742.95 -7.5 86 .89 0
03:34 743.2 -7.5 87 .89 0
03:35 743.2 -7.44 87 .45 0
03:36 742.95 -7.44 87 1.34 0
03:37 743.2 -7.5 87 1.79 0
03:38 743.2 -7.5 86 1.79 0
03:39 743.2 -7.5 86 1.79 0
03:40 743.2 -7.5 86 1.34 0
03:41 743.2 -7.56 86 .89 0
03:42 743.2 -7.61 86 .89 0
03:43 743.2 -7.61 86 .89 0
03:44 743.2 -7.61 86 1.79 0
03:45 743.2 -7.67 87 1.34 0
03:46 743.2 -7.67 87 1.34 0
03:47 743.2 -7.67 87 .89 0
03:48 743.2 -7.67 87 1.34 0
03:49 743.2 -7.67 87 1.34 0
03:50 743.2 -7.61 87 .89 0
03:51 743.2 -7.61 87 1.34 0
03:52 743.2 -7.61 87 .89 0
03:53 743.2 -7.56 87 .89 0
03:54 743.2 -7.56 87 .89 0
03:55 743.2 -7.56 87 .89 0
03:56 743.2 -7.56 87 .89 0
03:57 743.2 -7.61 87 .89 0
03:58 743.2 -7.61 87 .89 0
03:59 743.2 -7.61 87 1.34 0
04:00 743.2 -7.61 87 .89 0
04:01 743.2 -7.61 87 1.34 0
04:02 743.2 -7.61 87 .45 0
04:03 743.2 -7.61 87 .45 0
04:04 743.2 -7.67 87 .45 0
04:05 743.2 -7.61 87 .45 0
04:06 743.2 -7.61 87 .45 0
04:07 743.2 -7.61 87 0 0
04:08 743.2 -7.67 87 .89 0
04:09 743.2 -7.61 87 .45 0
04:10 743.2 -7.61 87 .45 0
04:11 743.2 -7.61 87 .45 0
04:12 743.2 -7.61 87 .45 0
04:13 743.2 -7.67 87 0 0
04:14 743.2 -7.61 87 .89 0
04:15 743.2 -7.61 87 .45 0
04:16 743.2 -7.61 87 .89 0
04:17 743.2 -7.61 87 .89 0
04:18 743.2 -7.61 87 .45 0
04:19 743.2 -7.61 87 1.34 0
04:20 743.2 -7.56 87 1.34 0
04:21 743.2 -7.56 87 .45 0
04:22 743.2 -7.56 87 .89 0
04:23 743.2 -7.5 87 .89 0
04:24 743.2 -7.5 87 .45 0
04:25 743.2 -7.5 87 .45 0
04:26 743.2 -7.5 87 .45 0
04:27 743.2 -7.5 87 .89 0
04:28 743.2 -7.5 87 .89 0
04:29 743.2 -7.5 87 .45 0
04:30 743.2 -7.56 87 .45 0
04:31 743.2 -7.61 86 .45 0
04:32 743.2 -7.67 86 .45 0
04:33 743.2 -7.67 86 .89 0
04:34 743.2 -7.72 86 1.34 0
04:35 743.2 -7.72 87 .89 0
04:36 743.2 -7.72 87 .89 0
04:37 743.46 -7.78 87 1.34 0
04:38 743.46 -7.83 87 .89 0
04:39 743.2 -7.83 87 .89 0
04:40 743.2 -7.89 87 1.34 0
04:41 743.2 -7.94 87 1.34 0
04:42 743.2 -7.94 87 .89 0
04:43 743.46 -8 87 1.34 0
04:44 743.2 -8 87 .89 0
04:45 743.2 -7.94 87 .89 0
04:46 743.2 -7.94 87 .89 0
04:47 743.46 -7.89 87 .89 0
04:48 743.2 -7.89 87 1.34 0
04:49 743.2 -7.83 87 .89 0
04:50 743.2 -7.83 88 .89 0
04:51 743.2 -7.78 87 .89 0
04:52 743.2 -7.78 87 1.34 0
04:53 743.2 -7.72 87 1.34 0
04:54 743.2 -7.67 88 .89 0
04:55 743.2 -7.67 88 1.34 0
04:56 743.2 -7.61 88 1.34 0
04:57 743.2 -7.61 88 .45 0
04:58 743.2 -7.56 88 .89 0
04:59 743.46 -7.56 88 .89 0
05:00 743.2 -7.56 88 .89 0
05:01 743.46 -7.56 87 .89 0
05:02 743.46 -7.56 87 .89 0
05:03 743.46 -7.56 87 .89 0
05:04 743.46 -7.5 87 .45 0
05:05 743.2 -7.56 87 .89 0
05:06 743.46 -7.5 87 .89 0
05:07 743.46 -7.5 87 .45 0
05:08 743.46 -7.5 87 .45 0
05:09 743.46 -7.5 87 .89 0
05:10 743.2 -7.5 87 .89 0
05:11 743.46 -7.56 87 .89 0
05:12 743.46 -7.56 87 .89 0
05:13 743.46 -7.61 87 .89 0
05:14 743.46 -7.61 87 .89 0
05:15 743.46 -7.61 87 .89 0
05:16 743.46 -7.61 87 .89 0
05:17 743.46 -7.61 87 .89 0
05:18 743.46 -7.67 87 .89 0
05:19 743.46 -7.72 87 .89 0
05:20 743.46 -7.72 87 .89 0
05:21 743.46 -7.72 87 .89 0
05:22 743.46 -7.78 87 .89 0
05:23 743.2 -7.78 87 1.34 0
05:24 743.46 -7.72 87 .45 0
05:25 743.2 -7.72 87 .89 0
05:26 743.46 -7.72 87 .89 0
05:27 743.46 -7.72 87 .89 0
05:28 743.46 -7.67 87 .89 0
05:29 743.46 -7.67 87 .89 0
05:30 743.46 -7.61 87 .89 0
05:31 743.46 -7.61 87 .89 0
05:32 743.46 -7.56 87 .89 0
05:33 743.46 -7.56 87 .45 0
05:34 743.46 -7.56 87 .89 0
05:35 743.46 -7.5 87 .89 0
05:36 743.46 -7.5 87 .89 0
05:37 743.46 -7.44 87 1.34 0
05:38 743.46 -7.44 87 .89 0
05:39 743.46 -7.44 87 .89 0
05:40 743.46 -7.44 87 1.34 0
05:41 743.46 -7.44 87 .89 0
05:42 743.46 -7.44 87 .45 0
05:43 743.46 -7.5 87 1.34 0
05:44 743.46 -7.5 87 .89 0
05:45 743.46 -7.56 87 .89 0
05:46 743.46 -7.61 87 .89 0
05:47 743.46 -7.67 86 .45 0
05:48 743.46 -7.67 86 .89 0
05:49 743.46 -7.72 86 .89 0
05:50 743.46 -7.72 86 .45 0
05:51 743.46 -7.72 86 .45 0
05:52 743.46 -7.78 86 .45 0
05:53 743.46 -7.78 86 .45 0
05:54 743.46 -7.83 87 .45 0
05:55 743.46 -7.83 87 .45 0
05:56 743.2 -7.83 87 .45 0
05:57 743.2 -7.83 86 .45 0
05:58 743.2 -7.83 87 .45 0
05:59 743.2 -7.83 87 .89 0
06:00 743.2 -7.83 87 .45 0
06:01 743.46 -7.78 87 .89 0
06:02 743.2 -7.78 87 .45 0
06:03 743.2 -7.78 87 .89 0
06:04 743.2 -7.83 87 .45 0
06:05 743.46 -7.83 87 .45 0
06:06 743.2 -7.83 87 .45 0
06:07 743.2 -7.83 87 .45 0
06:08 743.2 -7.83 87 .45 0
06:09 743.2 -7.78 87 .89 0
06:10 743.46 -7.78 87 .89 0
06:11 743.46 -7.78 87 .45 0
06:12 743.46 -7.72 87 .45 0
06:13 743.46 -7.78 87 .45 0
06:14 743.2 -7.78 87 .45 0
06:15 743.46 -7.72 87 .89 0
06:16 743.2 -7.72 87 .89 0
06:17 743.46 -7.72 87 .45 0
06:18 743.46 -7.72 87 .45 0
06:19 743.46 -7.78 87 .89 0
06:20 743.46 -7.78 87 .89 0
06:21 743.46 -7.78 87 .45 0
06:22 743.46 -7.78 87 .89 0
06:23 743.46 -7.83 87 .89 0
06:24 743.46 -7.83 87 1.34 0
06:25 743.46 -7.83 87 1.79 0
06:26 743.46 -7.89 87 1.34 0
06:27 743.46 -7.89 87 .89 0
06:28 743.71 -7.83 87 .89 0
06:29 743.71 -7.89 87 .89 0
06:30 743.71 -7.89 87 1.34 0
06:31 743.71 -7.89 87 .89 0
06:32 743.71 -7.89 87 1.34 0
06:33 743.71 -7.89 87 1.79 0
06:34 743.71 -7.89 87 .45 0
06:35 743.71 -7.89 87 1.79 0
06:36 743.71 -7.89 87 1.34 0
06:37 743.71 -7.83 87 1.34 0
06:38 743.71 -7.83 87 .89 0
06:39 743.71 -7.78 87 1.34 0
06:40 743.71 -7.78 87 1.34 0
06:41 743.71 -7.78 87 1.34 0
06:42 743.71 -7.72 87 1.79 0
06:43 743.71 -7.72 87 1.34 0
06:44 743.71 -7.72 87 1.34 0
06:45 743.71 -7.78 87 1.34 0
06:46 743.71 -7.78 87 .89 0
06:47 743.71 -7.78 87 .89 0
06:48 743.71 -7.78 87 1.34 0
06:49 743.71 -7.78 87 .89 0
06:50 743.71 -7.72 87 .45 0
06:51 743.71 -7.72 87 .45 0
06:52 743.71 -7.72 87 .89 0
06:53 743.71 -7.72 87 .45 0
06:54 743.71 -7.72 87 .45 0
06:55 743.71 -7.72 87 .45 0
06:56 743.71 -7.72 87 .45 0
06:57 743.71 -7.72 87 .89 0
06:58 743.71 -7.72 87 .45 0
06:59 743.71 -7.72 87 .45 0
07:00 743.71 -7.72 87 .45 0
07:01 743.71 -7.78 87 .45 0
07:02 743.71 -7.78 87 .45 0
07:03 743.71 -7.83 87 .89 0
07:04 743.71 -7.83 87 .45 0
07:05 743.71 -7.89 87 .45 0
07:06 743.71 -7.89 87 .45 0
07:07 743.71 -7.89 87 .45 0
07:08 743.71 -7.89 87 .45 0
07:09 743.71 -7.94 87 .45 0
07:10 743.71 -7.94 87 .45 0
07:11 743.71 -7.94 87 .45 0
07:12 743.71 -7.94 87 .45 0
07:13 743.71 -8 87 .89 0
07:14 743.71 -8 87 .89 0
07:15 743.71 -8 87 .89 0
07:16 743.71 -8 87 .45 0
07:17 743.71 -8 87 .45 0
07:18 743.71 -8 87 .45 0
07:19 743.71 -8 87 .45 0
07:20 743.71 -8 87 .45 0
07:21 743.71 -8.06 87 .45 0
07:22 743.71 -8.06 87 .45 0
07:23 743.97 -8.06 87 .45 0
07:24 743.71 -8 87 .89 0
07:25 743.97 -8.06 87 .89 0
07:26 743.97 -8.06 87 .89 0
07:27 743.97 -8.06 87 .89 0
07:28 743.97 -8.06 87 .89 0
07:29 743.97 -8.06 87 .89 0
07:30 743.97 -8.06 87 .89 0
07:31 743.97 -8.11 87 .45 0
07:32 743.97 -8.11 87 .89 0
07:33 743.97 -8.17 87 .45 0
07:34 743.97 -8.17 87 .45 0
07:35 743.97 -8.17 87 .89 0
07:36 743.97 -8.17 87 .89 0
07:37 743.97 -8.17 87 .89 0
07:38 743.97 -8.17 87 .89 0
07:39 743.97 -8.17 87 .89 0
07:40 743.97 -8.22 88 1.34 0
07:41 743.97 -8.22 87 1.34 0
07:42 743.97 -8.22 88 1.34 0
07:43 743.97 -8.28 88 1.34 0
07:44 743.97 -8.28 88 .89 0
07:45 743.97 -8.28 88 1.34 0
07:46 743.97 -8.33 88 1.34 0
07:47 743.97 -8.33 88 1.34 0
07:48 743.97 -8.33 88 1.34 0
07:49 743.97 -8.33 88 1.79 0
07:50 743.97 -8.33 88 .89 0
07:51 743.97 -8.33 88 .89 0
07:52 743.97 -8.33 88 1.34 0
07:53 743.97 -8.33 88 1.34 0
07:54 743.97 -8.33 88 1.34 0
07:55 743.97 -8.33 88 .89 0
07:56 743.97 -8.33 88 1.79 0
07:57 743.97 -8.39 88 2.24 0
07:58 743.97 -8.39 88 .45 0
07:59 743.97 -8.39 88 .45 0
08:00 743.97 -8.44 88 .45 0
08:01 743.97 -8.44 88 1.34 0
08:02 743.97 -8.44 88 .89 0
08:03 743.97 -8.44 88 .89 0
08:04 743.97 -8.44 88 .89 0
08:05 743.97 -8.39 88 .45 0
08:06 743.97 -8.39 88 .89 0
08:07 743.97 -8.39 88 .45 0
08:08 743.97 -8.39 88 .45 0
08:09 743.97 -8.39 88 .45 0
08:10 743.97 -8.33 88 .45 0
08:11 743.97 -8.33 88 .89 0
08:12 744.22 -8.33 88 .89 0
08:13 743.97 -8.28 88 .89 0
08:14 743.97 -8.22 88 .89 0
08:15 743.97 -8.28 88 .45 0
08:16 744.22 -8.28 88 .45 0
08:17 743.97 -8.22 88 .45 0
08:18 743.97 -8.22 88 .45 0
08:19 743.97 -8.28 88 .89 0
08:20 743.97 -8.22 88 .45 0
08:21 743.97 -8.22 88 .45 0
08:22 743.97 -8.22 88 .89 0
08:23 743.97 -8.22 88 .45 0
08:24 743.97 -8.22 88 .89 0
08:25 743.97 -8.22 88 .45 0
08:26 744.22 -8.22 88 .45 0
08:27 743.97 -8.28 88 .45 0
08:28 743.97 -8.28 88 .89 0
08:29 743.97 -8.33 88 .89 0
08:30 743.97 -8.33 88 .89 0
08:31 744.22 -8.33 88 .89 0
08:32 743.97 -8.39 88 .89 0
08:33 744.22 -8.33 88 .89 0
08:34 744.22 -8.39 88 .89 0
08:35 744.22 -8.39 88 .89 0
08:36 744.22 -8.39 88 .89 0
08:37 744.22 -8.44 88 .89 0
08:38 744.22 -8.39 88 .89 0
08:39 744.22 -8.39 88 .89 0
08:40 744.22 -8.39 88 .89 0
08:41 744.22 -8.39 88 1.34 0
08:42 744.22 -8.33 88 1.34 0
08:43 743.97 -8.39 88 1.34 0
08:44 744.22 -8.39 88 .89 0
08:45 744.22 -8.39 88 .89 0
08:46 744.22 -8.39 88 .89 0
08:47 744.22 -8.39 88 1.34 0
08:48 744.22 -8.39 88 .89 0
08:49 744.22 -8.39 88 1.34 0
08:50 744.22 -8.39 88 .89 0
08:51 744.22 -8.39 88 .45 0
08:52 744.22 -8.33 88 .89 0
08:53 744.22 -8.39 88 .89 0
08:54 744.22 -8.33 88 .89 0
08:55 744.22 -8.33 88 .89 0
08:56 744.22 -8.33 88 1.34 0
08:57 744.22 -8.33 88 .89 0
08:58 744.22 -8.28 88 .89 0
08:59 744.22 -8.28 88 .89 0
09:00 744.22 -8.22 88 1.34 0
09:01 744.22 -8.17 88 1.34 0
09:02 744.22 -8.11 88 1.34 0
09:03 744.22 -8.11 88 .89 0
09:04 744.22 -8.06 88 .89 0
09:05 744.22 -8.06 88 1.34 0
09:06 744.22 -8 88 .89 0
09:07 744.22 -8 88 1.34 0
09:08 744.22 -7.94 88 .89 0
09:09 744.22 -7.94 88 1.34 0
09:10 744.22 -7.94 88 .45 0
09:11 744.22 -7.94 88 .89 0
09:12 744.22 -8 88 .89 0
09:13 744.22 -7.94 88 1.34 0
09:14 744.22 -8 88 1.34 0
09:15 744.22 -8 88 .89 0
09:16 744.22 -8 88 1.34 0
09:17 744.22 -8.06 88 .89 0
09:18 744.22 -8.06 88 .89 0
09:19 744.22 -8.11 88 .89 0
09:20 744.22 -8.11 88 1.34 0
09:21 744.22 -8.17 88 1.34 0
09:22 744.22 -8.17 88 .89 0
09:23 744.22 -8.17 88 .89 0
09:24 744.22 -8.22 88 .89 0
09:25 744.22 -8.28 88 .89 0
09:26 744.22 -8.28 88 .89 0
09:27 744.22 -8.28 88 .89 0
09:28 744.22 -8.28 88 .45 0
09:29 744.22 -8.28 88 .89 0
09:30 744.22 -8.28 88 .89 0
09:31 744.22 -8.28 88 .89 0
09:32 744.22 -8.28 88 .89 0
09:33 744.22 -8.22 88 .89 0
09:34 744.22 -8.22 88 .89 0
09:35 744.22 -8.17 88 1.79 0
09:36 744.22 -8.17 88 .89 0
09:37 744.22 -8.11 88 .89 0
09:38 744.22 -8.11 88 .89 0
09:39 744.22 -8.11 88 .89 0
09:40 744.22 -8.11 88 .89 0
09:41 744.22 -8.11 88 1.34 0
09:42 744.22 -8.11 88 .89 0
09:43 744.22 -8.11 88 1.79 0
09:44 744.22 -8.17 88 1.34 0
09:45 744.22 -8.17 88 .89 0
09:46 744.22 -8.17 88 .89 0
09:47 744.22 -8.17 88 1.34 0
09:48 744.22 -8.22 88 .89 0
09:49 744.22 -8.22 88 1.34 0
09:50 744.22 -8.22 88 1.34 0
09:51 744.22 -8.22 88 .45 0
09:52 744.22 -8.22 88 1.34 0
09:53 744.22 -8.22 88 .89 0
09:54 744.22 -8.28 88 .89 0
09:55 744.22 -8.22 88 .89 0
09:56 744.22 -8.28 88 .89 0
09:57 744.22 -8.28 88 1.34 0
09:58 744.22 -8.28 88 1.34 0
09:59 744.22 -8.28 88 .89 0
10:00 744.22 -8.28 88 1.79 0
10:01 744.47 -8.28 88 1.34 0
10:02 744.47 -8.28 88 1.79 0
10:03 744.22 -8.28 88 .89 0
10:04 744.22 -8.28 88 .45 0
10:05 744.47 -8.28 89 .89 0
10:06 744.22 -8.28 88 .89 0
10:07 744.22 -8.28 89 .45 0
10:08 744.47 -8.22 89 .89 0
10:09 744.47 -8.22 89 .89 0
10:10 744.22 -8.28 89 .45 0
10:11 744.47 -8.22 89 .89 0
10:12 744.22 -8.22 89 1.34 0
10:13 744.47 -8.22 89 .89 0
10:14 744.47 -8.22 89 .45 0
10:15 744.47 -8.17 89 .89 0
10:16 744.47 -8.22 89 1.34 0
10:17 744.47 -8.17 89 .45 0
10:18 744.47 -8.17 89 1.34 0
10:19 744.47 -8.17 89 .45 0
10:20 744.47 -8.17 89 1.34 0
10:21 744.47 -8.17 89 1.34 0
10:22 744.47 -8.17 89 1.34 0
10:23 744.47 -8.17 89 .89 0
10:24 744.47 -8.11 89 .45 0
10:25 744.47 -8.11 89 .89 0
10:26 744.47 -8.11 89 1.79 0
10:27 744.47 -8.11 89 .45 0
10:28 744.47 -8.06 89 .89 0
10:29 744.47 -8.06 89 .45 0
10:30 744.47 -8.06 89 .45 0
10:31 744.47 -8.06 89 .45 0
10:32 744.47 -8.06 89 1.79 0
10:33 744.47 -8.06 89 .89 0
10:34 744.47 -8.06 89 .89 0
10:35 744.47 -8 89 .89 0
10:36 744.47 -8 89 .45 0
10:37 744.73 -8 89 .89 0
10:38 744.47 -8 89 .89 0
10:39 744.47 -8.06 89 .89 0
10:40 744.73 -8 89 .45 0
10:41 744.47 -8 89 .45 0
10:42 744.47 -8 89 .89 0
10:43 744.47 -7.94 89 1.34 0
10:44 744.73 -7.94 89 .45 0
10:45 744.47 -7.94 89 .89 0
10:46 744.73 -7.94 89 .45 0
10:47 744.47 -7.94 89 .89 0
10:48 744.73 -7.94 89 .89 0
10:49 744.47 -7.89 89 1.34 0
10:50 744.73 -7.89 89 .89 0
10:51 744.73 -7.89 89 1.34 0
10:52 744.73 -7.89 89 1.34 0
10:53 744.73 -7.89 89 1.34 0
10:54 744.73 -7.83 89 .89 0
10:55 744.73 -7.83 89 1.34 0
10:56 744.73 -7.89 89 1.79 0
10:57 744.73 -7.83 89 1.79 0
10:58 744.73 -7.83 89 1.34 0
10:59 744.73 -7.83 89 2.24 0
11:00 744.47 -7.83 89 1.34 0
11:01 744.73 -7.78 89 1.34 0
11:02 744.73 -7.78 89 1.79 0
11:03 744.73 -7.78 89 1.79 0
11:04 744.47 -7.72 89 2.68 0
11:05 744.73 -7.78 89 3.13 0
11:06 744.47 -7.72 89 1.34 0
11:07 744.73 -7.72 89 0 0
11:08 744.47 -7.72 89 1.79 0
11:09 744.73 -7.67 89 1.34 0
11:10 744.73 -7.67 89 3.13 0
11:11 744.47 -7.67 89 1.34 0
11:12 744.73 -7.67 89 2.24 0
11:13 744.73 -7.61 89 2.24 0
11:14 744.73 -7.61 89 1.79 0
11:15 744.73 -7.61 89 .89 0
11:16 744.73 -7.56 89 1.34 0
11:17 744.73 -7.56 89 1.34 0
11:18 744.73 -7.56 89 1.79 0
11:19 744.73 -7.56 89 1.79 0
11:20 744.73 -7.56 89 2.24 0
11:21 744.73 -7.5 89 2.24 0
11:22 744.73 -7.5 89 1.79 0
11:23 744.73 -7.5 89 2.24 0
11:24 744.73 -7.5 89 1.34 0
11:25 744.47 -7.44 89 2.24 0
11:26 744.47 -7.44 89 2.24 0
11:27 744.73 -7.44 89 1.79 0
11:28 744.73 -7.44 89 1.34 0
11:29 744.73 -7.39 89 1.34 0
11:30 744.73 -7.39 89 3.13 0
11:31 744.73 -7.39 89 1.79 0
11:32 744.73 -7.39 89 2.24 0
11:33 744.73 -7.33 89 .89 0
11:34 744.73 -7.39 89 3.13 0
11:35 744.73 -7.33 89 3.13 0
11:36 744.73 -7.33 89 2.24 0
11:37 744.73 -7.33 89 2.24 0
11:38 744.73 -7.33 89 2.68 0
11:39 744.73 -7.28 89 1.34 0
11:40 744.73 -7.33 89 1.79 0
11:41 744.73 -7.33 89 1.79 0
11:42 744.73 -7.28 89 1.34 0
11:43 744.73 -7.28 89 1.34 0
11:44 744.73 -7.28 89 1.34 0
11:45 744.73 -7.28 89 2.68 0
11:46 744.73 -7.28 89 2.68 0
11:47 744.73 -7.28 89 .45 0
11:48 744.73 -7.28 89 2.68 0
11:49 744.73 -7.22 89 2.24 0
11:50 744.73 -7.22 89 1.34 0
11:51 744.73 -7.22 89 2.24 0
11:52 744.73 -7.22 89 1.34 0
11:53 744.73 -7.17 89 3.13 0
11:54 744.73 -7.17 89 1.34 0
11:55 744.73 -7.17 89 1.79 0
11:56 744.73 -7.17 89 1.34 0
11:57 744.73 -7.11 89 1.79 0
11:58 744.73 -7.11 89 3.13 0
11:59 744.73 -7.11 89 2.24 0
12:00 744.73 -7.11 89 1.79 0
12:01 744.73 -7.06 89 2.24 0
12:02 744.73 -7.06 89 1.79 0
12:03 744.73 -7 89 1.79 0
12:04 744.73 -7 89 2.24 0
12:05 744.73 -7 89 2.68 0
12:06 744.73 -6.94 89 1.79 0
12:07 744.73 -7 89 2.24 0
12:08 744.73 -6.94 89 1.34 0
12:09 744.73 -6.94 89 1.79 0
12:10 744.73 -6.89 89 .89 0
12:11 744.73 -6.89 89 .89 0
12:12 744.73 -6.89 89 2.24 0
12:13 744.73 -6.89 89 3.13 0
12:14 744.73 -6.89 89 2.24 0
12:15 744.73 -6.89 89 2.68 0
12:16 744.73 -6.89 89 3.13 0
12:17 744.73 -6.89 89 3.58 0
12:18 744.73 -6.89 89 1.79 0
12:19 744.73 -6.89 89 2.24 0
12:20 744.73 -6.89 89 4.47 0
12:21 744.73 -6.83 89 4.02 0
12:22 744.73 -6.89 89 2.24 0
12:23 744.73 -6.89 89 2.68 0
12:24 744.73 -6.83 89 3.58 0
12:25 744.73 -6.83 89 2.68 0
12:26 744.73 -6.83 89 3.58 0
12:27 744.73 -6.89 89 2.24 0
12:28 744.73 -6.83 89 3.58 0
12:29 744.73 -6.83 89 4.02 0
12:30 744.73 -6.83 89 2.68 0
12:31 744.73 -6.83 89 3.58 0
12:32 744.73 -6.83 89 2.68 0
12:33 744.73 -6.83 89 2.24 0
12:34 744.73 -6.83 89 1.79 0
12:35 744.73 -6.83 89 2.24 0
12:36 744.73 -6.83 89 2.24 0
12:37 744.73 -6.78 89 2.24 0
12:38 744.73 -6.78 89 2.24 0
12:39 744.73 -6.78 89 4.02 0
12:40 744.73 -6.78 89 1.79 0
12:41 744.73 -6.78 88 1.34 0
12:42 744.73 -6.78 88 1.79 0
12:43 744.73 -6.72 88 2.24 0
12:44 744.73 -6.72 89 4.47 0
12:45 744.73 -6.72 88 4.47 0
12:46 744.73 -6.72 88 4.47 0
12:47 744.73 -6.72 88 2.68 0
12:48 744.73 -6.72 88 1.34 0
12:49 744.73 -6.72 88 2.24 0
12:50 744.73 -6.72 88 3.58 0
12:51 744.73 -6.72 88 2.68 0
12:52 744.73 -6.72 88 3.13 0
12:53 744.73 -6.67 88 2.24 0
12:54 744.73 -6.67 88 3.58 0
12:55 744.73 -6.67 89 4.02 0
12:56 744.73 -6.67 89 4.47 0
12:57 744.73 -6.67 88 2.68 0
12:58 744.73 -6.61 88 1.79 0
12:59 744.73 -6.61 88 2.68 0
13:00 744.73 -6.61 88 4.47 0
13:01 744.73 -6.61 88 3.58 0
13:02 744.73 -6.61 88 2.24 0
13:03 744.73 -6.61 88 3.13 0
13:04 744.73 -6.61 88 3.13 0
13:05 744.73 -6.56 88 3.58 0
13:06 744.73 -6.56 88 1.79 0
13:07 744.73 -6.56 88 1.79 0
13:08 744.73 -6.56 88 1.79 0
13:09 744.73 -6.56 88 4.02 0
13:10 744.73 -6.56 88 4.92 0
13:11 744.98 -6.56 88 2.24 0
13:12 744.98 -6.56 88 3.58 0
13:13 744.73 -6.56 88 4.02 0
13:14 744.98 -6.56 88 4.02 0
13:15 744.73 -6.56 88 3.58 0
13:16 744.73 -6.56 88 3.58 0
13:17 744.73 -6.56 88 2.24 0
13:18 744.73 -6.56 88 2.68 0
13:19 744.73 -6.56 88 1.79 0
13:20 744.98 -6.56 88 3.58 0
13:21 744.98 -6.56 88 1.34 0
13:22 744.98 -6.56 88 4.02 0
13:23 744.98 -6.56 88 1.79 0
13:24 744.98 -6.56 88 2.24 0
13:25 744.98 -6.56 88 1.34 0
13:26 744.98 -6.56 88 2.68 0
13:27 744.98 -6.56 88 3.58 0
13:28 744.98 -6.56 88 3.58 0
13:29 744.98 -6.56 88 2.68 0
13:30 744.98 -6.56 88 2.68 0
13:31 744.98 -6.56 88 2.24 0
13:32 744.98 -6.56 88 2.24 0
13:33 744.98 -6.56 88 2.24 0
13:34 744.98 -6.56 88 1.34 0
13:35 744.98 -6.56 88 1.34 0
13:36 744.98 -6.56 88 1.34 0
13:37 744.98 -6.56 88 2.24 0
13:38 744.98 -6.56 88 2.68 0
13:39 744.98 -6.56 88 1.79 0
13:40 744.98 -6.56 88 2.24 0
13:41 744.98 -6.5 88 2.24 0
13:42 744.98 -6.5 88 2.68 0
13:43 744.98 -6.5 88 .89 0
13:44 744.98 -6.5 88 2.24 0
13:45 744.98 -6.5 88 2.24 0
13:46 744.98 -6.5 88 2.24 0
13:47 744.98 -6.5 88 1.79 0
13:48 744.98 -6.5 88 2.24 0
13:49 744.98 -6.5 88 1.79 0
13:50 744.98 -6.44 88 1.34 0
13:51 744.98 -6.44 88 2.24 0
13:52 744.98 -6.44 88 2.24 0
13:53 744.98 -6.44 88 1.34 0
13:54 744.98 -6.44 88 1.79 0
13:55 744.98 -6.44 88 2.24 0
13:56 744.98 -6.39 88 1.34 0
13:57 744.98 -6.44 88 1.79 0
13:58 744.98 -6.39 88 2.24 0
13:59 744.98 -6.39 88 2.24 0
14:00 744.98 -6.39 88 1.79 0
14:01 744.98 -6.33 88 1.34 0
14:02 744.98 -6.39 88 1.79 0
14:03 744.98 -6.33 88 1.34 0
14:04 744.98 -6.33 88 2.68 0
14:05 744.98 -6.33 88 1.79 0
14:06 744.98 -6.33 88 .89 0
14:07 744.98 -6.33 88 1.79 0
14:08 744.98 -6.28 88 2.24 0
14:09 744.98 -6.28 88 2.24 0
14:10 744.98 -6.28 88 1.79 0
14:11 744.98 -6.28 88 1.34 0
14:12 744.98 -6.28 88 1.34 0
14:13 744.98 -6.28 88 1.34 0
14:14 744.98 -6.28 88 1.34 0
14:15 744.98 -6.22 88 1.34 0
14:16 744.98 -6.22 88 3.13 0
14:17 744.98 -6.22 88 1.79 0
14:18 745.24 -6.22 88 1.34 0
14:19 744.98 -6.22 88 1.34 0
14:20 744.98 -6.22 88 1.34 0
14:21 744.98 -6.17 88 1.79 0
14:22 744.98 -6.17 88 1.34 0
14:23 745.24 -6.22 88 1.34 0
14:24 745.24 -6.17 88 1.34 0
14:25 745.24 -6.17 88 1.79 0
14:26 745.24 -6.17 88 1.34 0
14:27 745.24 -6.17 88 2.24 0
14:28 745.24 -6.17 88 2.24 0
14:29 745.24 -6.17 88 1.79 0
14:30 745.24 -6.17 88 2.24 0
14:31 745.24 -6.17 88 2.68 0
14:32 745.24 -6.17 88 3.13 0
14:33 745.24 -6.11 88 3.58 0
14:34 745.24 -6.17 88 1.79 0
14:35 745.24 -6.17 88 1.34 0
14:36 745.24 -6.17 88 2.68 0
14:37 745.24 -6.11 88 2.24 0
14:38 745.24 -6.11 88 1.79 0
14:39 745.24 -6.11 88 1.79 0
14:40 745.24 -6.11 88 3.58 0
14:41 745.24 -6.11 88 1.79 0
14:42 745.24 -6.11 88 1.79 0
14:43 745.24 -6.11 88 1.34 0
14:44 745.24 -6.11 88 1.79 0
14:45 745.24 -6.11 88 2.24 0
14:46 745.24 -6.11 88 1.34 0
14:47 745.24 -6.11 88 1.79 0
14:48 745.24 -6.11 88 .89 0
14:49 745.24 -6.11 88 1.79 0
14:50 745.24 -6.11 88 .89 0
14:51 745.24 -6.11 88 1.34 0
14:52 745.24 -6.11 88 1.34 0
14:53 745.24 -6.11 88 1.34 0
14:54 745.24 -6.06 88 .89 0
14:55 745.49 -6.06 88 2.24 0
14:56 745.49 -6.11 88 .89 0
14:57 745.49 -6.06 88 2.24 0
14:58 745.49 -6.11 88 1.79 0
14:59 745.49 -6.11 88 .89 0
15:00 745.49 -6.06 88 1.79 0
15:01 745.49 -6.11 88 1.34 0
15:02 745.49 -6.06 88 1.79 0
15:03 745.49 -6.06 88 .45 0
15:04 745.49 -6.06 88 1.34 0
15:05 745.49 -6.06 88 .89 0
15:06 745.49 -6.06 88 1.79 0
15:07 745.49 -6.06 88 1.79 0
15:08 745.49 -6.06 88 1.79 0
15:09 745.49 -6.06 88 1.34 0
15:10 745.49 -6.06 88 1.79 0
15:11 745.49 -6.06 88 .89 0
15:12 745.49 -6.06 88 .89 0
15:13 745.49 -6.06 88 .89 0
15:14 745.49 -6.06 88 1.34 0
15:15 745.49 -6.06 88 .89 0
15:16 745.49 -6.06 88 .89 0
15:17 745.49 -6.06 88 .89 0
15:18 745.49 -6.06 88 1.34 0
15:19 745.49 -6.06 88 .89 0
15:20 745.49 -6.06 88 .89 0
15:21 745.74 -6.06 88 1.34 0
15:22 745.74 -6.06 88 .89 0
15:23 745.74 -6.06 88 1.34 0
15:24 745.74 -6.06 88 .89 0
15:25 745.74 -6.06 88 1.79 0
15:26 745.74 -6.06 88 .89 0
15:27 745.74 -6.06 88 .89 0
15:28 745.49 -6.06 88 .45 0
15:29 745.74 -6.06 88 .45 0
15:30 745.74 -6.11 88 1.34 0
15:31 745.74 -6.11 88 1.34 0
15:32 745.74 -6.11 88 .89 0
15:33 745.74 -6.11 88 .89 0
15:34 745.74 -6.11 88 .45 0
15:35 745.74 -6.11 88 .89 0
15:36 745.74 -6.11 88 1.34 0
15:37 745.74 -6.11 88 .89 0
15:38 745.74 -6.11 88 .89 0
15:39 745.74 -6.17 88 .45 0
15:40 745.74 -6.11 88 .45 0
15:41 745.74 -6.17 88 .45 0
15:42 745.74 -6.17 88 .89 0
15:43 745.74 -6.17 88 .89 0
15:44 745.74 -6.17 88 .89 0
15:45 745.74 -6.17 88 1.34 0
15:46 745.74 -6.22 88 1.34 0
15:47 745.74 -6.17 88 .89 0
15:48 745.74 -6.22 88 .89 0
15:49 745.74 -6.28 88 1.34 0
15:50 745.74 -6.28 88 1.34 0
15:51 745.74 -6.28 88 1.79 0
15:52 745.74 -6.28 88 1.34 0
15:53 745.74 -6.28 88 1.34 0
15:54 745.74 -6.33 88 1.34 0
15:55 745.74 -6.33 88 1.79 0
15:56 745.74 -6.39 88 1.34 0
15:57 745.74 -6.39 88 1.34 0
15:58 745.74 -6.39 88 1.79 0
15:59 745.74 -6.39 88 .89 0
16:00 745.74 -6.44 88 .89 0
16:01 745.74 -6.44 88 1.34 0
16:02 745.74 -6.44 88 1.34 0
16:03 745.74 -6.44 88 1.34 0
16:04 746 -6.5 88 1.34 0
16:05 746 -6.5 88 1.34 0
16:06 745.74 -6.56 88 1.34 0
16:07 746 -6.56 88 1.34 0
16:08 746 -6.56 88 .45 0
16:09 746 -6.56 88 1.34 0
16:10 746 -6.56 88 .89 0
16:11 746 -6.61 88 .89 0
16:12 746 -6.61 88 1.34 0
16:13 746 -6.61 89 .45 0
16:14 746 -6.61 88 .45 0
16:15 746 -6.61 88 .45 0
16:16 746 -6.61 88 .89 0
16:17 746 -6.67 88 .45 0
16:18 746 -6.61 88 .45 0
16:19 745.74 -6.67 89 .45 0
16:20 746 -6.61 89 .89 0
16:21 746 -6.61 89 .89 0
16:22 746 -6.61 89 .89 0
16:23 746 -6.61 89 2.24 0
16:24 746.25 -6.67 89 1.79 0
16:25 746 -6.67 89 1.34 0
16:26 746 -6.72 89 1.34 0
16:27 746 -6.78 89 1.79 0
16:28 746 -6.83 89 2.24 0
16:29 746.25 -6.89 89 2.68 0
16:30 746.25 -6.89 89 1.79 0
16:31 746.25 -6.89 89 1.79 0
16:32 746.25 -6.89 89 1.79 0
16:33 746.25 -6.89 89 2.24 0
16:34 746.25 -6.89 89 1.34 0
16:35 746.25 -6.89 89 1.34 0
16:36 746.25 -6.89 89 1.79 0
16:37 746.25 -6.83 89 2.24 0
16:38 746.25 -6.83 89 1.79 0
16:39 746.25 -6.83 89 1.34 0
16:40 746.25 -6.83 89 2.24 0
16:41 746.25 -6.83 89 1.79 0
16:42 746.25 -6.83 89 1.79 0
16:43 746.25 -6.78 89 2.68 0
16:44 746.25 -6.78 89 2.68 0
16:45 746.25 -6.78 89 1.79 0
16:46 746.25 -6.72 89 2.24 0
16:47 746.25 -6.72 89 1.79 0
16:48 746.25 -6.78 89 1.79 0
16:49 746.25 -6.78 89 1.79 0
16:50 746.25 -6.72 89 2.24 0
16:51 746.25 -6.78 89 1.34 0
16:52 746.25 -6.78 89 1.79 0
16:53 746.25 -6.78 89 2.24 0
16:54 746.25 -6.72 89 2.24 0
16:55 746.25 -6.72 89 1.34 0
16:56 746.25 -6.72 89 1.34 0
16:57 746.25 -6.67 89 1.79 0
16:58 746.25 -6.67 89 1.34 0
16:59 746.25 -6.67 89 1.79 0
17:00 746.25 -6.67 89 1.34 0
17:01 746.25 -6.67 89 1.79 0
17:02 746.25 -6.67 89 1.79 0
17:03 746.25 -6.67 89 1.34 0
17:04 746.25 -6.67 89 1.34 0
17:05 746.25 -6.67 89 1.79 0
17:06 746.25 -6.67 89 1.79 0
17:07 746.51 -6.67 89 1.34 0
17:08 746.25 -6.67 89 2.24 0
17:09 746.25 -6.67 89 2.68 0
17:10 746.51 -6.67 89 .89 0
17:11 746.51 -6.67 89 1.34 0
17:12 746.51 -6.67 89 1.79 0
17:13 746.51 -6.67 89 1.79 0
17:14 746.51 -6.67 89 1.34 0
17:15 746.51 -6.67 89 1.79 0
17:16 746.51 -6.61 89 2.24 0
17:17 746.51 -6.61 89 1.79 0
17:18 746.51 -6.61 89 1.34 0
17:19 746.51 -6.61 89 2.24 0
17:20 746.51 -6.61 89 1.79 0
17:21 746.51 -6.61 89 1.79 0
17:22 746.51 -6.61 89 1.79 0
17:23 746.51 -6.56 89 2.68 0
17:24 746.51 -6.61 89 2.24 0
17:25 746.51 -6.61 89 3.13 0
17:26 746.51 -6.56 89 .89 0
17:27 746.51 -6.56 89 2.24 0
17:28 746.51 -6.56 89 2.24 0
17:29 746.51 -6.56 89 1.79 0
17:30 746.51 -6.56 89 1.34 0
17:31 746.51 -6.56 89 2.24 0
17:32 746.51 -6.56 89 1.79 0
17:33 746.51 -6.56 89 1.79 0
17:34 746.51 -6.56 89 1.79 0
17:35 746.51 -6.5 89 1.79 0
17:36 746.51 -6.5 89 2.68 0
17:37 746.51 -6.5 89 2.24 0
17:38 746.51 -6.5 89 1.79 0
17:39 746.51 -6.5 89 1.79 0
17:40 746.51 -6.5 89 2.24 0
17:41 746.51 -6.5 89 1.79 0
17:42 746.51 -6.5 89 1.34 0
17:43 746.51 -6.44 89 1.79 0
17:44 746.51 -6.5 89 1.34 0
17:45 746.51 -6.5 89 .89 0
17:46 746.51 -6.5 89 1.34 0
17:47 746.51 -6.5 89 1.79 0
17:48 746.51 -6.5 89 1.79 0
17:49 746.51 -6.5 89 1.79 0
17:50 746.51 -6.5 89 1.34 0
17:51 746.51 -6.5 89 1.79 0
17:52 746.51 -6.5 89 1.34 0
17:53 746.51 -6.5 89 2.24 0
17:54 746.51 -6.5 89 1.79 0
17:55 746.51 -6.5 89 2.24 0
17:56 746.51 -6.5 89 2.24 0
17:57 746.51 -6.5 89 2.24 0
17:58 746.51 -6.5 89 2.24 0
17:59 746.51 -6.5 89 1.79 0
18:00 746.51 -6.5 89 1.79 0
18:01 746.51 -6.5 89 1.79 0
18:02 746.51 -6.5 89 1.79 0
18:03 746.51 -6.5 89 1.79 0
18:04 746.51 -6.5 89 1.34 0
18:05 746.51 -6.5 89 1.34 0
18:06 746.51 -6.5 89 1.79 0
18:07 746.51 -6.5 89 1.79 0
18:08 746.51 -6.5 89 1.79 0
18:09 746.51 -6.56 89 1.34 0
18:10 746.76 -6.56 89 1.79 0
18:11 746.51 -6.5 89 2.24 0
18:12 746.51 -6.5 89 1.34 0
18:13 746.76 -6.5 89 1.79 0
18:14 746.76 -6.56 89 1.34 0
18:15 746.76 -6.5 89 1.34 0
18:16 746.76 -6.5 89 1.34 0
18:17 746.76 -6.56 89 1.34 0
18:18 746.51 -6.5 89 1.79 0
18:19 746.76 -6.5 89 1.79 0
18:20 746.76 -6.5 89 .89 0
18:21 746.76 -6.5 89 1.34 0
18:22 746.76 -6.5 89 1.79 0
18:23 746.76 -6.5 89 1.34 0
18:24 746.76 -6.5 89 1.34 0
18:25 746.76 -6.5 89 1.34 0
18:26 746.76 -6.5 89 2.24 0
18:27 746.76 -6.5 89 1.34 0
18:28 746.76 -6.5 89 1.34 0
18:29 746.76 -6.5 89 1.79 0
18:30 746.76 -6.5 89 1.34 0
18:31 746.76 -6.5 89 1.79 0
18:32 746.76 -6.56 89 1.34 0
18:33 746.76 -6.5 89 1.34 0
18:34 746.76 -6.5 89 1.34 0
18:35 746.76 -6.5 89 1.79 0
18:36 746.76 -6.5 89 1.79 0
18:37 746.76 -6.44 89 1.79 0
18:38 746.76 -6.5 89 1.34 0
18:39 746.76 -6.44 89 1.79 0
18:40 746.76 -6.44 89 1.79 0
18:41 746.76 -6.5 89 2.24 0
18:42 746.76 -6.44 89 2.24 0
18:43 746.76 -6.5 89 .89 0
18:44 746.76 -6.44 89 1.34 0
18:45 746.76 -6.44 89 2.24 0
18:46 746.76 -6.44 89 1.34 0
18:47 746.76 -6.44 89 1.79 0
18:48 746.76 -6.44 89 1.79 0
18:49 746.76 -6.44 89 1.79 0
18:50 747.01 -6.44 89 1.79 0
18:51 746.76 -6.44 89 1.79 0
18:52 746.76 -6.44 89 1.34 0
18:53 746.76 -6.44 89 1.34 0
18:54 746.76 -6.44 89 .89 0
18:55 746.76 -6.5 89 1.79 0
18:56 747.01 -6.5 89 1.79 0
18:57 747.01 -6.5 89 2.24 0
18:58 747.01 -6.5 89 1.34 0
18:59 747.01 -6.44 89 1.79 0
19:00 747.01 -6.5 89 1.34 0
19:01 747.01 -6.5 89 1.34 0
19:02 747.01 -6.5 89 1.34 0
19:03 747.01 -6.5 89 1.34 0
19:04 747.01 -6.5 89 .89 0
19:05 747.01 -6.56 89 1.34 0
19:06 747.01 -6.5 89 1.34 0
19:07 747.01 -6.56 89 1.34 0
19:08 747.01 -6.56 89 1.79 0
19:09 747.01 -6.56 89 1.34 0
19:10 747.01 -6.56 89 1.34 0
19:11 747.01 -6.5 89 1.34 0
19:12 747.01 -6.5 89 1.34 0
19:13 747.01 -6.56 89 .89 0
19:14 747.01 -6.5 89 1.34 0
19:15 747.01 -6.56 89 1.34 0
19:16 747.01 -6.5 89 1.34 0
19:17 747.01 -6.5 89 .89 0
19:18 747.01 -6.56 89 1.79 0
19:19 747.01 -6.5 89 1.34 0
19:20 747.01 -6.5 89 1.79 0
19:21 747.01 -6.5 89 1.34 0
19:22 747.01 -6.56 89 1.34 0
19:23 747.01 -6.5 89 1.79 0
19:24 747.27 -6.56 89 1.34 0
19:25 747.01 -6.56 89 1.34 0
19:26 747.01 -6.56 89 1.79 0
19:27 747.01 -6.5 89 2.24 0
19:28 747.27 -6.5 89 1.34 0
19:29 747.01 -6.56 89 1.79 0
19:30 747.01 -6.5 89 1.79 0
19:31 747.01 -6.5 89 1.79 0
19:32 747.27 -6.5 89 1.79 0
19:33 747.27 -6.5 89 1.79 0
19:34 747.27 -6.56 89 1.34 0
19:35 747.01 -6.56 89 1.79 0
19:36 747.27 -6.5 89 1.79 0
19:37 747.27 -6.56 89 1.79 0
19:38 747.27 -6.56 89 1.79 0
19:39 747.27 -6.56 89 1.79 0
19:40 747.01 -6.56 89 1.34 0
19:41 747.27 -6.56 89 1.34 0
19:42 747.27 -6.56 89 2.24 0
19:43 747.27 -6.5 89 1.34 0
19:44 747.27 -6.5 89 1.34 0
19:45 747.27 -6.5 89 1.34 0
19:46 747.27 -6.56 89 1.34 0
19:47 747.27 -6.5 89 1.79 0
19:48 747.27 -6.5 89 2.68 0
19:49 747.27 -6.5 89 1.34 0
19:50 747.27 -6.5 89 1.79 0
19:51 747.27 -6.5 89 1.79 0
19:52 747.27 -6.5 89 1.34 0
19:53 747.27 -6.5 89 1.79 0
19:54 747.27 -6.5 89 2.24 0
19:55 747.27 -6.5 89 2.24 0
19:56 747.27 -6.44 89 1.79 0
19:57 747.27 -6.44 89 1.79 0
19:58 747.27 -6.44 89 1.79 0
19:59 747.27 -6.44 89 1.34 0
20:00 747.27 -6.44 89 .89 0
20:01 747.27 -6.5 89 .89 0
20:02 747.27 -6.5 89 1.34 0
20:03 747.27 -6.44 89 2.24 0
20:04 747.27 -6.5 89 1.34 0
20:05 747.27 -6.44 89 1.79 0
20:06 747.27 -6.44 89 1.34 0
20:07 747.27 -6.44 89 1.79 0
20:08 747.27 -6.5 89 1.34 0
20:09 747.27 -6.5 89 1.79 0
20:10 747.27 -6.5 89 .89 0
20:11 747.27 -6.5 89 2.24 0
20:12 747.27 -6.5 89 1.79 0
20:13 747.27 -6.5 89 1.34 0
20:14 747.52 -6.5 89 1.79 0
20:15 747.27 -6.5 89 1.79 0
20:16 747.27 -6.5 89 2.24 0
20:17 747.27 -6.5 89 2.24 0
20:18 747.27 -6.5 89 1.34 0
20:19 747.27 -6.5 89 1.34 0
20:20 747.52 -6.5 89 2.24 0
20:21 747.52 -6.5 89 1.79 0
20:22 747.52 -6.5 89 2.24 0
20:23 747.52 -6.44 89 1.79 0
20:24 747.52 -6.5 89 1.79 0
20:25 747.52 -6.44 89 1.79 0
20:26 747.52 -6.44 89 .89 0
20:27 747.52 -6.44 89 2.24 0
20:28 747.52 -6.5 89 .89 0
20:29 747.52 -6.5 89 .89 0
20:30 747.52 -6.44 89 1.34 0
20:31 747.52 -6.5 89 1.34 0
20:32 747.52 -6.5 89 1.34 0
20:33 747.52 -6.5 89 1.34 0
20:34 747.52 -6.5 89 .89 0
20:35 747.52 -6.56 89 1.79 0
20:36 747.52 -6.56 89 1.34 0
20:37 747.52 -6.5 89 1.79 0
20:38 747.52 -6.56 89 .89 0
20:39 747.52 -6.56 89 1.34 0
20:40 747.52 -6.56 89 1.79 0
20:41 747.52 -6.56 89 2.24 0
20:42 747.52 -6.56 89 1.34 0
20:43 747.52 -6.56 89 1.34 0
20:44 747.52 -6.56 89 1.79 0
20:45 747.52 -6.56 89 .89 0
20:46 747.52 -6.56 89 1.79 0
20:47 747.52 -6.56 89 .89 0
20:48 747.52 -6.56 89 1.34 0
20:49 747.52 -6.56 89 1.79 0
20:50 747.52 -6.61 89 1.34 0
20:51 747.52 -6.61 88 .89 0
20:52 747.78 -6.61 88 1.34 0
20:53 747.78 -6.61 88 2.24 0
20:54 747.78 -6.61 88 2.24 0
20:55 747.78 -6.61 89 1.34 0
20:56 747.52 -6.61 88 1.34 0
20:57 747.78 -6.61 88 .89 0
20:58 747.78 -6.61 88 1.79 0
20:59 747.78 -6.67 88 1.34 0
21:00 747.78 -6.67 88 .89 0
21:01 747.78 -6.67 88 1.34 0
21:02 747.78 -6.67 88 1.79 0
21:03 747.78 -6.67 88 1.34 0
21:04 747.78 -6.67 88 .89 0
21:05 747.78 -6.67 88 1.79 0
21:06 747.78 -6.67 88 1.79 0
21:07 747.78 -6.67 88 1.79 0
21:08 747.78 -6.67 88 1.79 0
21:09 747.78 -6.72 88 .89 0
21:10 747.78 -6.72 88 1.34 0
21:11 747.78 -6.72 88 .89 0
21:12 747.78 -6.72 88 1.34 0
21:13 747.78 -6.72 88 1.79 0
21:14 747.78 -6.72 88 2.24 0
21:15 747.78 -6.72 88 1.79 0
21:16 747.78 -6.78 88 1.34 0
21:17 747.78 -6.72 88 1.34 0
21:18 747.78 -6.72 88 3.13 0
21:19 747.78 -6.72 88 1.79 0
21:20 747.78 -6.78 87 3.13 0
21:21 747.78 -6.78 87 .89 0
21:22 747.78 -6.72 88 1.34 0
21:23 747.78 -6.78 88 1.34 0
21:24 747.78 -6.78 87 1.79 0
21:25 747.78 -6.78 87 2.24 0
21:26 747.78 -6.78 87 1.79 0
21:27 747.78 -6.78 87 1.34 0
21:28 747.78 -6.78 87 1.79 0
21:29 747.78 -6.78 87 2.24 0
21:30 747.78 -6.83 87 1.79 0
21:31 747.78 -6.83 87 1.79 0
21:32 748.03 -6.83 87 1.79 0
21:33 748.03 -6.83 87 .89 0
21:34 748.03 -6.89 87 1.79 0
21:35 747.78 -6.83 87 1.79 0
21:36 748.03 -6.89 87 1.34 0
21:37 747.78 -6.83 87 1.79 0
21:38 747.78 -6.89 87 1.79 0
21:39 747.78 -6.89 87 1.34 0
21:40 747.78 -6.89 87 1.34 0
21:41 747.78 -6.89 87 2.24 0
21:42 748.03 -6.89 87 1.79 0
21:43 748.03 -6.89 87 1.34 0
21:44 748.03 -6.89 87 1.34 0
21:45 748.03 -6.94 87 1.34 0
21:46 747.78 -6.94 87 1.79 0
21:47 748.03 -6.94 87 1.79 0
21:48 748.03 -6.94 87 2.68 0
21:49 748.03 -6.94 87 1.79 0
21:50 748.03 -6.94 87 1.79 0
21:51 748.03 -6.94 87 1.79 0
21:52 748.03 -7 87 1.79 0
21:53 748.03 -7 87 2.68 0
21:54 748.03 -7 87 2.24 0
21:55 748.03 -7.06 87 2.24 0
21:56 748.03 -7.06 87 1.79 0
21:57 748.03 -7.11 87 2.24 0
21:58 748.03 -7.06 87 2.24 0
21:59 748.03 -7.11 87 2.24 0
22:00 748.03 -7.11 87 1.34 0
22:01 748.03 -7.11 87 2.68 0
22:02 748.03 -7.11 87 1.34 0
22:03 748.03 -7.11 87 1.34 0
22:04 748.03 -7.17 87 1.79 0
22:05 748.03 -7.17 87 1.79 0
22:06 748.03 -7.17 87 .89 0
22:07 748.03 -7.17 87 1.79 0
22:08 748.03 -7.17 87 1.79 0
22:09 748.03 -7.17 87 1.79 0
22:10 748.03 -7.17 87 2.24 0
22:11 748.03 -7.22 87 1.79 0
22:12 748.03 -7.22 87 3.13 0
22:13 748.03 -7.22 87 1.34 0
22:14 748.03 -7.22 87 1.34 0
22:15 748.03 -7.28 87 1.79 0
22:16 748.03 -7.28 87 1.79 0
22:17 748.03 -7.28 86 1.34 0
22:18 748.03 -7.28 86 2.24 0
22:19 748.03 -7.28 86 1.79 0
22:20 748.03 -7.28 86 1.79 0
22:21 748.03 -7.28 86 1.79 0
22:22 748.03 -7.28 86 2.24 0
22:23 748.03 -7.28 86 2.24 0
22:24 748.03 -7.28 86 .89 0
22:25 748.03 -7.33 86 1.34 0
22:26 748.03 -7.33 86 1.79 0
22:27 748.03 -7.33 86 1.79 0
22:28 748.28 -7.33 86 2.68 0
22:29 748.03 -7.39 86 1.34 0
22:30 748.28 -7.33 86 2.68 0
22:31 748.03 -7.33 86 1.79 0
22:32 748.28 -7.33 86 1.34 0
22:33 748.28 -7.33 86 1.79 0
22:34 748.28 -7.33 86 1.34 0
22:35 748.28 -7.39 86 1.34 0
22:36 748.28 -7.39 86 1.79 0
22:37 748.28 -7.39 86 1.34 0
22:38 748.28 -7.39 86 1.79 0
22:39 748.28 -7.39 86 1.34 0
22:40 748.28 -7.39 86 1.34 0
22:41 748.28 -7.44 86 1.34 0
22:42 748.28 -7.44 86 1.34 0
22:43 748.28 -7.44 86 1.34 0
22:44 748.28 -7.44 86 1.34 0
22:45 748.28 -7.44 85 2.24 0
22:46 748.28 -7.44 85 2.24 0
22:47 748.28 -7.44 85 2.24 0
22:48 748.28 -7.44 85 1.34 0
22:49 748.28 -7.44 85 1.79 0
22:50 748.28 -7.44 85 1.34 0
22:51 748.28 -7.44 85 1.79 0
22:52 748.28 -7.5 85 1.34 0
22:53 748.28 -7.5 85 1.79 0
22:54 748.28 -7.56 85 1.34 0
22:55 748.28 -7.5 85 1.79 0
22:56 748.28 -7.5 85 1.34 0
22:57 748.28 -7.56 85 1.79 0
22:58 748.28 -7.56 85 1.79 0
22:59 748.28 -7.56 85 1.79 0
23:00 748.28 -7.56 85 1.79 0
23:01 748.28 -7.56 85 2.24 0
23:02 748.28 -7.56 85 1.79 0
23:03 748.28 -7.61 85 2.24 0
23:04 748.28 -7.56 85 2.24 0
23:05 748.28 -7.61 85 1.79 0
23:06 748.28 -7.61 85 1.34 0
23:07 748.28 -7.67 85 1.34 0
23:08 748.28 -7.67 85 2.24 0
23:09 748.28 -7.67 85 1.79 0
23:10 748.28 -7.67 85 2.24 0
23:11 748.28 -7.67 85 1.79 0
23:12 748.28 -7.72 85 1.79 0
23:13 748.28 -7.72 85 2.24 0
23:14 748.28 -7.72 85 2.24 0
23:15 748.28 -7.72 85 1.34 0
23:16 748.54 -7.78 85 2.24 0
23:17 748.28 -7.78 85 1.79 0
23:18 748.28 -7.83 85 1.79 0
23:19 748.28 -7.83 85 1.34 0
23:20 748.28 -7.83 85 1.79 0
23:21 748.28 -7.89 85 2.24 0
23:22 748.28 -7.89 85 1.79 0
23:23 748.28 -7.89 85 1.79 0
23:24 748.54 -7.94 85 1.79 0
23:25 748.54 -7.94 85 2.68 0
23:26 748.54 -7.94 85 2.24 0
23:27 748.54 -8.06 85 3.58 0
23:28 748.54 -8.06 85 1.79 0
23:29 748.54 -8.06 85 2.68 0
23:30 748.54 -8.11 85 1.79 0
23:31 748.54 -8.17 85 2.24 0
23:32 748.54 -8.17 85 2.24 0
23:33 748.54 -8.17 85 1.79 0
23:34 748.54 -8.28 85 1.79 0
23:35 748.54 -8.28 85 1.79 0
23:36 748.54 -8.33 85 2.68 0
23:37 748.54 -8.33 85 2.24 0
23:38 748.54 -8.33 85 1.79 0
23:39 748.54 -8.39 85 1.79 0
23:40 748.54 -8.39 85 1.34 0
23:41 748.54 -8.44 85 2.24 0
23:42 748.54 -8.5 85 1.79 0
23:43 748.54 -8.5 86 2.24 0
23:44 748.54 -8.56 86 1.34 0
23:45 748.54 -8.56 86 1.79 0
23:46 748.54 -8.56 86 1.79 0
23:47 748.54 -8.61 86 1.79 0
23:48 748.54 -8.61 86 1.79 0
23:49 748.54 -8.67 86 2.24 0
23:50 748.79 -8.67 86 1.79 0
23:51 748.54 -8.72 86 2.24 0
23:52 748.79 -8.72 86 2.24 0
23:53 748.54 -8.78 86 2.24 0
23:54 748.79 -8.78 86 1.79 0
23:55 748.54 -8.78 86 1.79 0
23:56 748.54 -8.83 86 2.68 0
23:57 748.79 -8.78 86 1.79 0
23:58 748.79 -8.83 86 .89 0
23:59 748.79 -8.83 86 1.79 0
