00:00 727.2 1802.61 255 113.99 16645.89
00:01 727.2 1802.61 255 113.99 16645.89
00:02 727.2 1802.61 255 113.99 16645.89
00:03 727.2 1802.61 255 113.99 16645.89
00:04 727.2 1802.61 255 113.99 16645.89
00:05 727.2 1802.61 255 113.99 16645.89
00:06 727.2 1802.61 255 113.99 16645.89
00:07 727.2 1802.61 255 113.99 16645.89
00:08 727.2 1802.61 255 113.99 16645.89
00:09 727.2 1802.61 255 113.99 16645.89
00:10 727.2 1802.61 255 113.99 16645.89
00:11 727.2 1802.61 255 113.99 16645.89
00:12 727.2 1802.61 255 113.99 16645.89
00:13 727.2 1802.61 255 113.99 16645.89
00:14 727.2 1802.61 255 113.99 16645.89
00:15 727.2 1802.61 255 113.99 16645.89
00:16 727.2 1802.61 255 113.99 16645.89
00:17 727.2 1802.61 255 113.99 16645.89
00:18 727.46 1802.61 255 113.99 16645.89
00:19 727.2 1802.61 255 113.99 16645.89
00:20 727.2 1802.61 255 113.99 16645.89
00:21 727.46 1802.61 255 113.99 16645.89
00:22 727.46 1802.61 255 113.99 16645.89
00:23 727.46 1802.61 255 113.99 16645.89
00:24 727.46 1802.61 255 113.99 16645.89
00:25 727.46 1802.61 255 113.99 16645.89
00:26 727.2 1802.61 255 113.99 16645.89
00:27 727.46 1802.61 255 113.99 16645.89
00:28 727.2 1802.61 255 113.99 16645.89
00:29 727.2 1802.61 255 113.99 16645.89
00:30 727.46 1802.61 255 113.99 16645.89
00:31 727.2 1802.61 255 113.99 16645.89
00:32 727.46 1802.61 255 113.99 16645.89
00:33 727.46 1802.61 255 113.99 16645.89
00:34 727.46 1802.61 255 113.99 16645.89
00:35 727.2 1802.61 255 113.99 16645.89
00:36 727.2 1802.61 255 113.99 16645.89
00:37 727.46 1802.61 255 113.99 16645.89
00:38 727.2 1802.61 255 113.99 16645.89
00:39 727.46 1802.61 255 113.99 16645.89
00:40 727.46 1802.61 255 113.99 16645.89
00:41 727.46 1802.61 255 113.99 16645.89
00:42 727.46 1802.61 255 113.99 16645.89
00:43 727.46 1802.61 255 113.99 16645.89
00:44 727.46 1802.61 255 113.99 16645.89
00:45 727.46 1802.61 255 113.99 16645.89
00:46 727.46 1802.61 255 113.99 16645.89
00:47 727.46 1802.61 255 113.99 16645.89
00:48 727.46 1802.61 255 113.99 16645.89
00:49 727.46 1802.61 255 113.99 16645.89
00:50 727.46 1802.61 255 113.99 16645.89
00:51 727.46 1802.61 255 113.99 16645.89
00:52 727.46 1802.61 255 113.99 16645.89
00:53 727.46 1802.61 255 113.99 16645.89
00:54 727.46 1802.61 255 113.99 16645.89
00:55 727.46 1802.61 255 113.99 16645.89
00:56 727.46 1802.61 255 113.99 16645.89
00:57 727.46 1802.61 255 113.99 16645.89
00:58 727.46 1802.61 255 113.99 16645.89
00:59 727.46 1802.61 255 113.99 16645.89
01:00 727.46 1802.61 255 113.99 16645.89
01:01 727.46 1802.61 255 113.99 16645.89
01:02 727.46 1802.61 255 113.99 16645.89
01:03 727.46 1802.61 255 113.99 16645.89
01:04 727.46 1802.61 255 113.99 16645.89
01:05 727.46 1802.61 255 113.99 16645.89
01:06 727.46 1802.61 255 113.99 16645.89
01:07 727.46 1802.61 255 113.99 16645.89
01:08 727.46 1802.61 255 113.99 16645.89
01:09 727.46 1802.61 255 113.99 16645.89
01:10 727.46 1802.61 255 113.99 16645.89
01:11 727.46 1802.61 255 113.99 16645.89
01:12 727.46 1802.61 255 113.99 16645.89
01:13 727.46 1802.61 255 113.99 16645.89
01:14 727.46 1802.61 255 113.99 16645.89
01:15 727.46 1802.61 255 113.99 16645.89
01:16 727.46 1802.61 255 113.99 16645.89
01:17 727.46 1802.61 255 113.99 16645.89
01:18 727.46 1802.61 255 113.99 16645.89
01:19 727.46 1802.61 255 113.99 16645.89
01:20 727.46 1802.61 255 113.99 16645.89
01:21 727.46 1802.61 255 113.99 16645.89
01:22 727.46 1802.61 255 113.99 16645.89
01:23 727.46 1802.61 255 113.99 16645.89
01:24 727.46 1802.61 255 113.99 16645.89
01:25 727.46 1802.61 255 113.99 16645.89
01:26 727.46 1802.61 255 113.99 16645.89
01:27 727.46 1802.61 255 113.99 16645.89
01:28 727.46 1802.61 255 113.99 16645.89
01:29 727.46 1802.61 255 113.99 16645.89
01:30 727.46 1802.61 255 113.99 16645.89
01:31 727.46 1802.61 255 113.99 16645.89
01:32 727.46 1802.61 255 113.99 16645.89
01:33 727.46 1802.61 255 113.99 16645.89
01:34 727.46 1802.61 255 113.99 16645.89
01:35 727.46 1802.61 255 113.99 16645.89
01:36 727.46 1802.61 255 113.99 16645.89
01:37 727.46 1802.61 255 113.99 16645.89
01:38 727.46 1802.61 255 113.99 16645.89
01:39 727.46 1802.61 255 113.99 16645.89
01:40 727.46 1802.61 255 113.99 16645.89
01:41 727.46 1802.61 255 113.99 16645.89
01:42 727.46 1802.61 255 113.99 16645.89
01:43 727.46 1802.61 255 113.99 16645.89
01:44 727.46 1802.61 255 113.99 16645.89
01:45 727.46 1802.61 255 113.99 16645.89
01:46 727.46 1802.61 255 113.99 16645.89
01:47 727.46 1802.61 255 113.99 16645.89
01:48 727.46 1802.61 255 113.99 16645.89
01:49 727.46 1802.61 255 113.99 16645.89
01:50 727.46 1802.61 255 113.99 16645.89
01:51 727.46 1802.61 255 113.99 16645.89
01:52 727.46 1802.61 255 113.99 16645.89
01:53 727.46 1802.61 255 113.99 16645.89
01:54 727.46 1802.61 255 113.99 16645.89
01:55 727.46 1802.61 255 113.99 16645.89
01:56 727.46 1802.61 255 113.99 16645.89
01:57 727.46 1802.61 255 113.99 16645.89
01:58 727.46 1802.61 255 113.99 16645.89
01:59 727.46 1802.61 255 113.99 16645.89
02:00 727.46 1802.61 255 113.99 16645.89
02:01 727.46 1802.61 255 113.99 16645.89
02:02 727.46 1802.61 255 113.99 16645.89
02:03 727.46 1802.61 255 113.99 16645.89
02:04 727.46 1802.61 255 113.99 16645.89
02:05 727.46 1802.61 255 113.99 16645.89
02:06 727.46 1802.61 255 113.99 16645.89
02:07 727.46 1802.61 255 113.99 16645.89
02:08 727.71 1802.61 255 113.99 16645.89
02:09 727.71 1802.61 255 113.99 16645.89
02:10 727.71 1802.61 255 113.99 16645.89
02:11 727.71 1802.61 255 113.99 16645.89
02:12 727.71 1802.61 255 113.99 16645.89
02:13 727.46 1802.61 255 113.99 16645.89
02:14 727.71 1802.61 255 113.99 16645.89
02:15 727.71 1802.61 255 113.99 16645.89
02:16 727.46 1802.61 255 113.99 16645.89
02:17 727.46 1802.61 255 113.99 16645.89
02:18 727.46 1802.61 255 113.99 16645.89
02:19 727.71 1802.61 255 113.99 16645.89
02:20 727.71 1802.61 255 113.99 16645.89
02:21 727.46 1802.61 255 113.99 16645.89
02:22 727.71 1802.61 255 113.99 16645.89
02:23 727.71 1802.61 255 113.99 16645.89
02:24 727.46 1802.61 255 113.99 16645.89
02:25 727.71 1802.61 255 113.99 16645.89
02:26 727.71 1802.61 255 113.99 16645.89
02:27 727.71 1802.61 255 113.99 16645.89
02:28 727.71 1802.61 255 113.99 16645.89
02:29 727.46 1802.61 255 113.99 16645.89
02:30 727.71 1802.61 255 113.99 16645.89
02:31 727.71 1802.61 255 113.99 16645.89
02:32 727.71 1802.61 255 113.99 16645.89
02:33 727.71 1802.61 255 113.99 16645.89
02:34 727.71 1802.61 255 113.99 16645.89
02:35 727.71 1802.61 255 113.99 16645.89
02:36 727.71 1802.61 255 113.99 16645.89
02:37 727.71 1802.61 255 113.99 16645.89
02:38 727.71 1802.61 255 113.99 16645.89
02:39 727.71 1802.61 255 113.99 16645.89
02:40 727.71 1802.61 255 113.99 16645.89
02:41 727.71 1802.61 255 113.99 16645.89
02:42 727.71 1802.61 255 113.99 16645.89
02:43 727.71 1802.61 255 113.99 16645.89
02:44 727.71 1802.61 255 113.99 16645.89
02:45 727.71 1802.61 255 113.99 16645.89
02:46 727.71 1802.61 255 113.99 16645.89
02:47 727.71 1802.61 255 113.99 16645.89
02:48 727.71 1802.61 255 113.99 16645.89
02:49 727.46 1802.61 255 113.99 16645.89
02:50 727.71 1802.61 255 113.99 16645.89
02:51 727.71 1802.61 255 113.99 16645.89
02:52 727.71 1802.61 255 113.99 16645.89
02:53 727.71 1802.61 255 113.99 16645.89
02:54 727.71 1802.61 255 113.99 16645.89
02:55 727.71 1802.61 255 113.99 16645.89
02:56 727.71 1802.61 255 113.99 16645.89
02:57 727.71 1802.61 255 113.99 16645.89
02:58 727.71 1802.61 255 113.99 16645.89
02:59 727.71 1802.61 255 113.99 16645.89
03:00 727.71 1802.61 255 113.99 16645.89
03:01 727.71 1802.61 255 113.99 16645.89
03:02 727.71 1802.61 255 113.99 16645.89
03:03 727.71 1802.61 255 113.99 16645.89
03:04 727.71 1802.61 255 113.99 16645.89
03:05 727.71 1802.61 255 113.99 16645.89
03:06 727.71 1802.61 255 113.99 16645.89
03:07 727.71 1802.61 255 113.99 16645.89
03:08 727.71 1802.61 255 113.99 16645.89
03:09 727.71 1802.61 255 113.99 16645.89
03:10 727.71 1802.61 255 113.99 16645.89
03:11 727.71 1802.61 255 113.99 16645.89
03:12 727.71 1802.61 255 113.99 16645.89
03:13 727.71 1802.61 255 113.99 16645.89
03:14 727.71 1802.61 255 113.99 16645.89
03:15 727.71 1802.61 255 113.99 16645.89
03:16 727.71 1802.61 255 113.99 16645.89
03:17 727.71 1802.61 255 113.99 16645.89
03:18 727.71 1802.61 255 113.99 16645.89
03:19 727.96 1802.61 255 113.99 16645.89
03:20 727.71 1802.61 255 113.99 16645.89
03:21 727.96 1802.61 255 113.99 16645.89
03:22 727.71 1802.61 255 113.99 16645.89
03:23 727.71 1802.61 255 113.99 16645.89
03:24 727.71 1802.61 255 113.99 16645.89
03:25 727.71 1802.61 255 113.99 16645.89
03:26 727.71 1802.61 255 113.99 16645.89
03:27 727.71 1802.61 255 113.99 16645.89
03:28 727.96 1802.61 255 113.99 16645.89
03:29 727.96 1802.61 255 113.99 16645.89
03:30 727.96 1802.61 255 113.99 16645.89
03:31 727.96 1802.61 255 113.99 16645.89
03:32 727.96 1802.61 255 113.99 16645.89
03:33 727.96 1802.61 255 113.99 16645.89
03:34 727.96 1802.61 255 113.99 16645.89
03:35 727.96 1802.61 255 113.99 16645.89
03:36 727.96 1802.61 255 113.99 16645.89
03:37 727.96 1802.61 255 113.99 16645.89
03:38 727.96 1802.61 255 113.99 16645.89
03:39 727.96 1802.61 255 113.99 16645.89
03:40 727.96 1802.61 255 113.99 16645.89
03:41 727.96 1802.61 255 113.99 16645.89
03:42 727.96 1802.61 255 113.99 16645.89
03:43 727.96 1802.61 255 113.99 16645.89
03:44 727.96 1802.61 255 113.99 16645.89
03:45 727.96 1802.61 255 113.99 16645.89
03:46 727.96 1802.61 255 113.99 16645.89
03:47 727.96 1802.61 255 113.99 16645.89
03:48 727.96 1802.61 255 113.99 16645.89
03:49 727.96 1802.61 255 113.99 16645.89
03:50 727.96 1802.61 255 113.99 16645.89
03:51 727.96 1802.61 255 113.99 16645.89
03:52 727.96 1802.61 255 113.99 16645.89
03:53 727.96 1802.61 255 113.99 16645.89
03:54 727.96 1802.61 255 113.99 16645.89
03:55 727.96 1802.61 255 113.99 16645.89
03:56 727.96 1802.61 255 113.99 16645.89
03:57 727.96 1802.61 255 113.99 16645.89
03:58 727.96 1802.61 255 113.99 16645.89
03:59 727.96 1802.61 255 113.99 16645.89
04:00 727.96 1802.61 255 113.99 16645.89
04:01 727.96 1802.61 255 113.99 16645.89
04:02 727.96 1802.61 255 113.99 16645.89
04:03 727.96 1802.61 255 113.99 16645.89
04:04 727.96 1802.61 255 113.99 16645.89
04:05 727.96 1802.61 255 113.99 16645.89
04:06 727.96 1802.61 255 113.99 16645.89
04:07 727.96 1802.61 255 113.99 16645.89
04:08 727.96 1802.61 255 113.99 16645.89
04:09 727.96 1802.61 255 113.99 16645.89
04:10 727.96 1802.61 255 113.99 16645.89
04:11 727.96 1802.61 255 113.99 16645.89
04:12 727.96 1802.61 255 113.99 16645.89
04:13 727.96 1802.61 255 113.99 16645.89
04:14 727.96 1802.61 255 113.99 16645.89
04:15 727.96 1802.61 255 113.99 16645.89
04:16 727.96 1802.61 255 113.99 16645.89
04:17 727.96 1802.61 255 113.99 16645.89
04:18 727.96 1802.61 255 113.99 16645.89
04:19 727.96 1802.61 255 113.99 16645.89
04:20 727.96 1802.61 255 113.99 16645.89
04:21 727.96 1802.61 255 113.99 16645.89
04:22 727.96 1802.61 255 113.99 16645.89
04:23 727.96 1802.61 255 113.99 16645.89
04:24 727.96 1802.61 255 113.99 16645.89
04:25 727.96 1802.61 255 113.99 16645.89
04:26 727.96 1802.61 255 113.99 16645.89
04:27 727.96 1802.61 255 113.99 16645.89
04:28 727.96 1802.61 255 113.99 16645.89
04:29 727.96 1802.61 255 113.99 16645.89
04:30 727.96 1802.61 255 113.99 16645.89
04:31 727.96 1802.61 255 113.99 16645.89
04:32 727.96 1802.61 255 113.99 16645.89
04:33 727.96 1802.61 255 113.99 16645.89
04:34 727.96 1802.61 255 113.99 16645.89
04:35 727.96 1802.61 255 113.99 16645.89
04:36 727.96 1802.61 255 113.99 16645.89
04:37 727.96 1802.61 255 113.99 16645.89
04:38 727.96 1802.61 255 113.99 16645.89
04:39 727.96 1802.61 255 113.99 16645.89
04:40 727.96 1802.61 255 113.99 16645.89
04:41 727.96 1802.61 255 113.99 16645.89
04:42 727.96 1802.61 255 113.99 16645.89
04:43 727.96 1802.61 255 113.99 16645.89
04:44 727.96 1802.61 255 113.99 16645.89
04:45 727.96 1802.61 255 113.99 16645.89
04:46 728.22 1802.61 255 113.99 16645.89
04:47 727.96 1802.61 255 113.99 16645.89
04:48 728.22 1802.61 255 113.99 16645.89
04:49 728.22 1802.61 255 113.99 16645.89
04:50 728.22 1802.61 255 113.99 16645.89
04:51 728.22 1802.61 255 113.99 16645.89
04:52 728.22 1802.61 255 113.99 16645.89
04:53 728.22 1802.61 255 113.99 16645.89
04:54 728.22 1802.61 255 113.99 16645.89
04:55 728.22 1802.61 255 113.99 16645.89
04:56 728.22 1802.61 255 113.99 16645.89
04:57 728.22 1802.61 255 113.99 16645.89
04:58 728.22 1802.61 255 113.99 16645.89
04:59 728.22 1802.61 255 113.99 16645.89
05:00 728.22 1802.61 255 113.99 16645.89
05:01 728.22 1802.61 255 113.99 16645.89
05:02 728.22 1802.61 255 113.99 16645.89
05:03 728.22 1802.61 255 113.99 16645.89
05:04 728.22 1802.61 255 113.99 16645.89
05:05 728.22 1802.61 255 113.99 16645.89
05:06 728.22 1802.61 255 113.99 16645.89
05:07 728.22 1802.61 255 113.99 16645.89
05:08 728.22 1802.61 255 113.99 16645.89
05:09 728.22 1802.61 255 113.99 16645.89
05:10 728.22 1802.61 255 113.99 16645.89
05:11 728.22 1802.61 255 113.99 16645.89
05:12 728.22 1802.61 255 113.99 16645.89
05:13 728.22 1802.61 255 113.99 16645.89
05:14 728.22 1802.61 255 113.99 16645.89
05:15 728.22 1802.61 255 113.99 16645.89
05:16 728.22 1802.61 255 113.99 16645.89
05:17 728.22 1802.61 255 113.99 16645.89
05:18 728.22 1802.61 255 113.99 16645.89
05:19 728.22 1802.61 255 113.99 16645.89
05:20 728.22 1802.61 255 113.99 16645.89
05:21 728.22 1802.61 255 113.99 16645.89
05:22 728.22 1802.61 255 113.99 16645.89
05:23 728.22 1802.61 255 113.99 16645.89
05:24 728.22 1802.61 255 113.99 16645.89
05:25 728.22 1802.61 255 113.99 16645.89
05:26 728.22 1802.61 255 113.99 16645.89
05:27 728.22 1802.61 255 113.99 16645.89
05:28 728.22 1802.61 255 113.99 16645.89
05:29 728.47 1802.61 255 113.99 16645.89
05:30 728.22 1802.61 255 113.99 16645.89
05:31 728.22 1802.61 255 113.99 16645.89
05:32 728.47 1802.61 255 113.99 16645.89
05:33 728.47 1802.61 255 113.99 16645.89
05:34 728.47 1802.61 255 113.99 16645.89
05:35 728.22 1802.61 255 113.99 16645.89
05:36 728.47 1802.61 255 113.99 16645.89
05:37 728.47 1802.61 255 113.99 16645.89
05:38 728.47 1802.61 255 113.99 16645.89
05:39 728.47 1802.61 255 113.99 16645.89
05:40 728.22 1802.61 255 113.99 16645.89
05:41 728.22 1802.61 255 113.99 16645.89
05:42 728.22 1802.61 255 113.99 16645.89
05:43 728.22 1802.61 255 113.99 16645.89
05:44 728.22 1802.61 255 113.99 16645.89
05:45 728.22 1802.61 255 113.99 16645.89
05:46 728.22 1802.61 255 113.99 16645.89
05:47 728.22 1802.61 255 113.99 16645.89
05:48 728.22 1802.61 255 113.99 16645.89
05:49 728.22 1802.61 255 113.99 16645.89
05:50 728.22 1802.61 255 113.99 16645.89
05:51 728.22 1802.61 255 113.99 16645.89
05:52 728.22 1802.61 255 113.99 16645.89
05:53 728.22 1802.61 255 113.99 16645.89
05:54 728.22 1802.61 255 113.99 16645.89
05:55 728.22 1802.61 255 113.99 16645.89
05:56 728.22 1802.61 255 113.99 16645.89
05:57 728.22 1802.61 255 113.99 16645.89
05:58 728.22 1802.61 255 113.99 16645.89
05:59 728.22 1802.61 255 113.99 16645.89
06:00 728.22 1802.61 255 113.99 16645.89
06:01 728.22 1802.61 255 113.99 16645.89
06:02 728.22 1802.61 255 113.99 16645.89
06:03 728.22 1802.61 255 113.99 16645.89
06:04 728.22 1802.61 255 113.99 16645.89
06:05 728.22 1802.61 255 113.99 16645.89
06:06 728.22 1802.61 255 113.99 16645.89
06:07 728.47 1802.61 255 113.99 16645.89
06:08 728.22 1802.61 255 113.99 16645.89
06:09 728.47 1802.61 255 113.99 16645.89
06:10 728.22 1802.61 255 113.99 16645.89
06:11 728.47 1802.61 255 113.99 16645.89
06:12 728.22 1802.61 255 113.99 16645.89
06:13 728.47 1802.61 255 113.99 16645.89
06:14 728.22 1802.61 255 113.99 16645.89
06:15 728.47 1802.61 255 113.99 16645.89
06:16 728.47 1802.61 255 113.99 16645.89
06:17 728.47 1802.61 255 113.99 16645.89
06:18 728.47 1802.61 255 113.99 16645.89
06:19 728.47 1802.61 255 113.99 16645.89
06:20 728.47 1802.61 255 113.99 16645.89
06:21 728.47 1802.61 255 113.99 16645.89
06:22 728.47 1802.61 255 113.99 16645.89
06:23 728.47 1802.61 255 113.99 16645.89
06:24 728.47 1802.61 255 113.99 16645.89
06:25 728.47 1802.61 255 113.99 16645.89
06:26 728.47 1802.61 255 113.99 16645.89
06:27 728.47 1802.61 255 113.99 16645.89
06:28 728.47 1802.61 255 113.99 16645.89
06:29 728.47 1802.61 255 113.99 16645.89
06:30 728.47 1802.61 255 113.99 16645.89
06:31 728.47 1802.61 255 113.99 16645.89
06:32 728.47 1802.61 255 113.99 16645.89
06:33 728.47 1802.61 255 113.99 16645.89
06:34 728.47 1802.61 255 113.99 16645.89
06:35 728.47 1802.61 255 113.99 16645.89
06:36 728.47 1802.61 255 113.99 16645.89
06:37 728.47 1802.61 255 113.99 16645.89
06:38 728.47 1802.61 255 113.99 16645.89
06:39 728.47 1802.61 255 113.99 16645.89
06:40 728.47 1802.61 255 113.99 16645.89
06:41 728.47 1802.61 255 113.99 16645.89
06:42 728.47 1802.61 255 113.99 16645.89
06:43 728.47 1802.61 255 113.99 16645.89
06:44 728.47 1802.61 255 113.99 16645.89
06:45 728.47 1802.61 255 113.99 16645.89
06:46 728.47 1802.61 255 113.99 16645.89
06:47 728.47 1802.61 255 113.99 16645.89
06:48 728.47 1802.61 255 113.99 16645.89
06:49 728.47 1802.61 255 113.99 16645.89
06:50 728.47 1802.61 255 113.99 16645.89
06:51 728.47 1802.61 255 113.99 16645.89
06:52 728.73 1802.61 255 113.99 16645.89
06:53 728.73 1802.61 255 113.99 16645.89
06:54 728.47 1802.61 255 113.99 16645.89
06:55 728.47 1802.61 255 113.99 16645.89
06:56 728.73 1802.61 255 113.99 16645.89
06:57 728.73 1802.61 255 113.99 16645.89
06:58 728.73 1802.61 255 113.99 16645.89
06:59 728.73 1802.61 255 113.99 16645.89
07:00 728.73 1802.61 255 113.99 16645.89
07:01 728.73 1802.61 255 113.99 16645.89
07:02 728.73 1802.61 255 113.99 16645.89
07:03 728.73 1802.61 255 113.99 16645.89
07:04 728.73 1802.61 255 113.99 16645.89
07:05 728.73 1802.61 255 113.99 16645.89
07:06 728.73 1802.61 255 113.99 16645.89
07:07 728.73 1802.61 255 113.99 16645.89
07:08 728.73 1802.61 255 113.99 16645.89
07:09 728.73 1802.61 255 113.99 16645.89
07:10 728.73 1802.61 255 113.99 16645.89
07:11 728.73 1802.61 255 113.99 16645.89
07:12 728.73 1802.61 255 113.99 16645.89
07:13 728.73 1802.61 255 113.99 16645.89
07:14 728.73 1802.61 255 113.99 16645.89
07:15 728.73 1802.61 255 113.99 16645.89
07:16 728.73 1802.61 255 113.99 16645.89
07:17 728.73 1802.61 255 113.99 16645.89
07:18 728.73 1802.61 255 113.99 16645.89
07:19 728.73 1802.61 255 113.99 16645.89
07:20 728.73 1802.61 255 113.99 16645.89
07:21 728.73 1802.61 255 113.99 16645.89
07:22 728.73 1802.61 255 113.99 16645.89
07:23 728.73 1802.61 255 113.99 16645.89
07:24 728.73 1802.61 255 113.99 16645.89
07:25 728.73 1802.61 255 113.99 16645.89
07:26 728.73 1802.61 255 113.99 16645.89
07:27 728.98 1802.61 255 113.99 16645.89
07:28 728.98 1802.61 255 113.99 16645.89
07:29 728.98 1802.61 255 113.99 16645.89
07:30 728.98 1802.61 255 113.99 16645.89
07:31 728.73 1802.61 255 113.99 16645.89
07:32 728.98 1802.61 255 113.99 16645.89
07:33 728.98 1802.61 255 113.99 16645.89
07:34 728.98 1802.61 255 113.99 16645.89
07:35 728.98 1802.61 255 113.99 16645.89
07:36 728.98 1802.61 255 113.99 16645.89
07:37 728.98 1802.61 255 113.99 16645.89
07:38 728.98 1802.61 255 113.99 16645.89
07:39 728.98 1802.61 255 113.99 16645.89
07:40 728.98 1802.61 255 113.99 16645.89
07:41 728.98 1802.61 255 113.99 16645.89
07:42 728.98 1802.61 255 113.99 16645.89
07:43 728.98 1802.61 255 113.99 16645.89
07:44 728.98 1802.61 255 113.99 16645.89
07:45 728.98 1802.61 255 113.99 16645.89
07:46 728.98 1802.61 255 113.99 16645.89
07:47 728.98 1802.61 255 113.99 16645.89
07:48 728.98 1802.61 255 113.99 16645.89
07:49 728.98 1802.61 255 113.99 16645.89
07:50 728.98 1802.61 255 113.99 16645.89
07:51 728.98 1802.61 255 113.99 16645.89
07:52 729.23 1802.61 255 113.99 16645.89
07:53 729.23 1802.61 255 113.99 16645.89
07:54 729.23 1802.61 255 113.99 16645.89
07:55 729.23 1802.61 255 113.99 16645.89
07:56 729.23 1802.61 255 113.99 16645.89
07:57 729.23 1802.61 255 113.99 16645.89
07:58 729.23 1802.61 255 113.99 16645.89
07:59 729.23 1802.61 255 113.99 16645.89
08:00 729.23 1802.61 255 113.99 16645.89
08:01 729.23 1802.61 255 113.99 16645.89
08:02 729.23 1802.61 255 113.99 16645.89
08:03 729.23 1802.61 255 113.99 16645.89
08:04 729.23 1802.61 255 113.99 16645.89
08:05 729.23 1802.61 255 113.99 16645.89
08:06 729.23 1802.61 255 113.99 16645.89
08:07 729.23 1802.61 255 113.99 16645.89
08:08 729.23 1802.61 255 113.99 16645.89
08:09 729.49 1802.61 255 113.99 16645.89
08:10 729.23 1802.61 255 113.99 16645.89
08:11 729.49 1802.61 255 113.99 16645.89
08:12 729.49 1802.61 255 113.99 16645.89
08:13 729.23 1802.61 255 113.99 16645.89
08:14 729.23 1802.61 255 113.99 16645.89
08:15 729.49 1802.61 255 113.99 16645.89
08:16 729.49 1802.61 255 113.99 16645.89
08:17 729.49 1802.61 255 113.99 16645.89
08:18 729.49 1802.61 255 113.99 16645.89
08:19 729.49 1802.61 255 113.99 16645.89
08:20 729.49 1802.61 255 113.99 16645.89
08:21 729.49 1802.61 255 113.99 16645.89
08:22 729.49 1802.61 255 113.99 16645.89
08:23 729.49 1802.61 255 113.99 16645.89
08:24 729.49 1802.61 255 113.99 16645.89
08:25 729.49 1802.61 255 113.99 16645.89
08:26 729.49 1802.61 255 113.99 16645.89
08:27 729.49 1802.61 255 113.99 16645.89
08:28 729.49 1802.61 255 113.99 16645.89
08:29 729.49 1802.61 255 113.99 16645.89
08:30 729.74 1802.61 255 113.99 16645.89
08:31 729.74 1802.61 255 113.99 16645.89
08:32 729.49 1802.61 255 113.99 16645.89
08:33 729.74 1802.61 255 113.99 16645.89
08:34 729.74 1802.61 255 113.99 16645.89
08:35 729.74 1802.61 255 113.99 16645.89
08:36 729.74 1802.61 255 113.99 16645.89
08:37 729.74 1802.61 255 113.99 16645.89
08:38 729.74 1802.61 255 113.99 16645.89
08:39 729.74 1802.61 255 113.99 16645.89
08:40 729.74 1802.61 255 113.99 16645.89
08:41 729.74 1802.61 255 113.99 16645.89
08:42 729.74 1802.61 255 113.99 16645.89
08:43 729.74 1802.61 255 113.99 16645.89
08:44 729.74 1802.61 255 113.99 16645.89
08:45 729.74 1802.61 255 113.99 16645.89
08:46 729.74 1802.61 255 113.99 16645.89
08:47 729.74 1802.61 255 113.99 16645.89
08:48 730 1802.61 255 113.99 16645.89
08:49 729.74 1802.61 255 113.99 16645.89
08:50 730 1802.61 255 113.99 16645.89
08:51 730 1802.61 255 113.99 16645.89
08:52 730 1802.61 255 113.99 16645.89
08:53 730 1802.61 255 113.99 16645.89
08:54 730 1802.61 255 113.99 16645.89
08:55 730 1802.61 255 113.99 16645.89
08:56 730 1802.61 255 113.99 16645.89
08:57 730 1802.61 255 113.99 16645.89
08:58 730 1802.61 255 113.99 16645.89
08:59 730 1802.61 255 113.99 16645.89
09:00 730 1802.61 255 113.99 16645.89
09:01 730 1802.61 255 113.99 16645.89
09:02 730 1802.61 255 113.99 16645.89
09:03 730 1802.61 255 113.99 16645.89
09:04 730 1802.61 255 113.99 16645.89
09:05 730 1802.61 255 113.99 16645.89
09:06 730 1802.61 255 113.99 16645.89
09:07 730 1802.61 255 113.99 16645.89
09:08 730 1802.61 255 113.99 16645.89
09:09 730.25 1802.61 255 113.99 16645.89
09:10 730.25 1802.61 255 113.99 16645.89
09:11 730.25 1802.61 255 113.99 16645.89
09:12 730.25 1802.61 255 113.99 16645.89
09:13 730.25 1802.61 255 113.99 16645.89
09:14 730.25 1802.61 255 113.99 16645.89
09:15 730.25 1802.61 255 113.99 16645.89
09:16 730.25 1802.61 255 113.99 16645.89
09:17 730.25 1802.61 255 113.99 16645.89
09:18 730.25 1802.61 255 113.99 16645.89
09:19 730.25 1802.61 255 113.99 16645.89
09:20 730.25 1802.61 255 113.99 16645.89
09:21 730.25 1802.61 255 113.99 16645.89
09:22 730.25 1802.61 255 113.99 16645.89
09:23 730.25 1802.61 255 113.99 16645.89
09:24 730.25 1802.61 255 113.99 16645.89
09:25 730.25 1802.61 255 113.99 16645.89
09:26 730.25 1802.61 255 113.99 16645.89
09:27 730.25 1802.61 255 113.99 16645.89
09:28 730.25 1802.61 255 113.99 16645.89
09:29 730.25 1802.61 255 113.99 16645.89
09:30 730.25 1802.61 255 113.99 16645.89
09:31 730.25 1802.61 255 113.99 16645.89
09:32 730.5 1802.61 255 113.99 16645.89
09:33 730.5 1802.61 255 113.99 16645.89
09:34 730.5 1802.61 255 113.99 16645.89
09:35 730.5 1802.61 255 113.99 16645.89
09:36 730.5 1802.61 255 113.99 16645.89
09:37 730.5 1802.61 255 113.99 16645.89
09:38 730.5 1802.61 255 113.99 16645.89
09:39 730.5 1802.61 255 113.99 16645.89
09:40 730.5 1802.61 255 113.99 16645.89
09:41 730.76 1802.61 255 113.99 16645.89
09:42 730.5 1802.61 255 113.99 16645.89
09:43 730.76 1802.61 255 113.99 16645.89
09:44 730.5 1802.61 255 113.99 16645.89
09:45 730.76 1802.61 255 113.99 16645.89
09:46 730.76 1802.61 255 113.99 16645.89
09:47 730.76 1802.61 255 113.99 16645.89
09:48 730.76 1802.61 255 113.99 16645.89
09:49 730.76 1802.61 255 113.99 16645.89
09:50 730.76 1802.61 255 113.99 16645.89
09:51 730.76 1802.61 255 113.99 16645.89
09:52 730.76 1802.61 255 113.99 16645.89
09:53 730.76 1802.61 255 113.99 16645.89
09:54 730.76 1802.61 255 113.99 16645.89
09:55 730.76 1802.61 255 113.99 16645.89
09:56 730.76 1802.61 255 113.99 16645.89
09:57 730.76 1802.61 255 113.99 16645.89
09:58 730.76 1802.61 255 113.99 16645.89
09:59 731.01 1802.61 255 113.99 16645.89
10:00 730.76 1802.61 255 113.99 16645.89
10:01 731.01 1802.61 255 113.99 16645.89
10:02 731.01 1802.61 255 113.99 16645.89
10:03 731.01 1802.61 255 113.99 16645.89
10:04 731.01 1802.61 255 113.99 16645.89
10:05 731.01 1802.61 255 113.99 16645.89
10:06 731.01 1802.61 255 113.99 16645.89
10:07 731.01 1802.61 255 113.99 16645.89
10:08 731.01 1802.61 255 113.99 16645.89
10:09 731.01 1802.61 255 113.99 16645.89
10:10 731.01 1802.61 255 113.99 16645.89
10:11 731.01 1802.61 255 113.99 16645.89
10:12 731.01 1802.61 255 113.99 16645.89
10:13 731.01 1802.61 255 113.99 16645.89
10:14 731.01 1802.61 255 113.99 16645.89
10:15 731.01 1802.61 255 113.99 16645.89
10:16 731.27 1802.61 255 113.99 16645.89
10:17 731.27 1802.61 255 113.99 16645.89
10:18 731.27 1802.61 255 113.99 16645.89
10:19 731.27 1802.61 255 113.99 16645.89
10:20 731.27 1802.61 255 113.99 16645.89
10:21 731.27 1802.61 255 113.99 16645.89
10:22 731.27 1802.61 255 113.99 16645.89
10:23 731.27 1802.61 255 113.99 16645.89
10:24 731.27 1802.61 255 113.99 16645.89
10:25 731.27 1802.61 255 113.99 16645.89
10:26 731.27 1802.61 255 113.99 16645.89
10:27 731.27 1802.61 255 113.99 16645.89
10:28 731.27 1802.61 255 113.99 16645.89
10:29 731.27 1802.61 255 113.99 16645.89
10:30 731.27 1802.61 255 113.99 16645.89
10:31 731.27 1802.61 255 113.99 16645.89
10:32 731.27 1802.61 255 113.99 16645.89
10:33 731.27 1802.61 255 113.99 16645.89
10:34 731.27 1802.61 255 113.99 16645.89
10:35 731.27 1802.61 255 113.99 16645.89
10:36 731.27 1802.61 255 113.99 16645.89
10:37 731.27 1802.61 255 113.99 16645.89
10:38 731.27 1802.61 255 113.99 16645.89
10:39 731.27 1802.61 255 113.99 16645.89
10:40 731.27 1802.61 255 113.99 16645.89
10:41 731.27 1802.61 255 113.99 16645.89
10:42 731.27 1802.61 255 113.99 16645.89
10:43 731.27 1802.61 255 113.99 16645.89
10:44 731.27 1802.61 255 113.99 16645.89
10:45 731.27 1802.61 255 113.99 16645.89
10:46 731.27 1802.61 255 113.99 16645.89
10:47 731.27 1802.61 255 113.99 16645.89
10:48 731.27 1802.61 255 113.99 16645.89
10:49 731.52 1802.61 255 113.99 16645.89
10:50 731.52 1802.61 255 113.99 16645.89
10:51 731.52 1802.61 255 113.99 16645.89
10:52 731.27 1802.61 255 113.99 16645.89
10:53 731.52 1802.61 255 113.99 16645.89
10:54 731.52 1802.61 255 113.99 16645.89
10:55 731.52 1802.61 255 113.99 16645.89
10:56 731.52 1802.61 255 113.99 16645.89
10:57 731.52 1802.61 255 113.99 16645.89
10:58 731.52 1802.61 255 113.99 16645.89
10:59 731.52 1802.61 255 113.99 16645.89
11:00 731.52 1802.61 255 113.99 16645.89
11:01 731.52 1802.61 255 113.99 16645.89
11:02 731.52 1802.61 255 113.99 16645.89
11:03 731.52 1802.61 255 113.99 16645.89
11:04 731.52 1802.61 255 113.99 16645.89
11:05 731.52 1802.61 255 113.99 16645.89
11:06 731.52 1802.61 255 113.99 16645.89
11:07 731.52 1802.61 255 113.99 16645.89
11:08 731.52 1802.61 255 113.99 16645.89
11:09 731.52 1802.61 255 113.99 16645.89
11:10 731.52 1802.61 255 113.99 16645.89
11:11 731.52 1802.61 255 113.99 16645.89
11:12 731.52 1802.61 255 113.99 16645.89
11:13 731.52 1802.61 255 113.99 16645.89
11:14 731.52 1802.61 255 113.99 16645.89
11:15 731.52 1802.61 255 113.99 16645.89
11:16 731.52 1802.61 255 113.99 16645.89
11:17 731.52 1802.61 255 113.99 16645.89
11:18 731.52 1802.61 255 113.99 16645.89
11:19 731.52 1802.61 255 113.99 16645.89
11:20 731.52 1802.61 255 113.99 16645.89
11:21 731.52 1802.61 255 113.99 16645.89
11:22 731.52 1802.61 255 113.99 16645.89
11:23 731.52 1802.61 255 113.99 16645.89
11:24 731.52 1802.61 255 113.99 16645.89
11:25 731.52 1802.61 255 113.99 16645.89
11:26 731.77 1802.61 255 113.99 16645.89
11:27 731.77 1802.61 255 113.99 16645.89
11:28 731.77 1802.61 255 113.99 16645.89
11:29 731.77 1802.61 255 113.99 16645.89
11:30 731.77 1802.61 255 113.99 16645.89
11:31 731.77 1802.61 255 113.99 16645.89
11:32 731.77 1802.61 255 113.99 16645.89
11:33 731.77 1802.61 255 113.99 16645.89
11:34 731.77 1802.61 255 113.99 16645.89
11:35 731.77 1802.61 255 113.99 16645.89
11:36 731.77 1802.61 255 113.99 16645.89
11:37 731.77 1802.61 255 113.99 16645.89
11:38 731.77 1802.61 255 113.99 16645.89
11:39 731.77 1802.61 255 113.99 16645.89
11:40 732.03 1802.61 255 113.99 16645.89
11:41 731.77 1802.61 255 113.99 16645.89
11:42 731.77 1802.61 255 113.99 16645.89
11:43 731.77 1802.61 255 113.99 16645.89
11:44 731.77 1802.61 255 113.99 16645.89
11:45 731.77 1802.61 255 113.99 16645.89
11:46 731.77 1802.61 255 113.99 16645.89
11:47 731.77 1802.61 255 113.99 16645.89
11:48 732.03 1802.61 255 113.99 16645.89
11:49 732.03 1802.61 255 113.99 16645.89
11:50 732.03 1802.61 255 113.99 16645.89
11:51 732.03 1802.61 255 113.99 16645.89
11:52 732.03 1802.61 255 113.99 16645.89
11:53 732.03 1802.61 255 113.99 16645.89
11:54 732.03 1802.61 255 113.99 16645.89
11:55 732.03 1802.61 255 113.99 16645.89
11:56 732.03 1802.61 255 113.99 16645.89
11:57 732.03 1802.61 255 113.99 16645.89
11:58 732.03 1802.61 255 113.99 16645.89
11:59 732.03 1802.61 255 113.99 16645.89
12:00 732.03 1802.61 255 113.99 16645.89
12:01 732.03 1802.61 255 113.99 16645.89
12:02 732.03 1802.61 255 113.99 16645.89
12:03 732.03 1802.61 255 113.99 16645.89
12:04 732.03 1802.61 255 113.99 16645.89
12:05 732.03 1802.61 255 113.99 16645.89
12:06 732.03 1802.61 255 113.99 16645.89
12:07 732.03 1802.61 255 113.99 16645.89
12:08 732.28 1802.61 255 113.99 16645.89
12:09 732.03 1802.61 255 113.99 16645.89
12:10 732.03 1802.61 255 113.99 16645.89
12:11 732.03 1802.61 255 113.99 16645.89
12:12 732.03 1802.61 255 113.99 16645.89
12:13 732.28 1802.61 255 113.99 16645.89
12:14 732.28 1802.61 255 113.99 16645.89
12:15 732.28 1802.61 255 113.99 16645.89
12:16 732.28 1802.61 255 113.99 16645.89
12:17 732.03 1802.61 255 113.99 16645.89
12:18 732.28 1802.61 255 113.99 16645.89
12:19 732.28 1802.61 255 113.99 16645.89
12:20 732.28 1802.61 255 113.99 16645.89
12:21 732.28 1802.61 255 113.99 16645.89
12:22 732.28 1802.61 255 113.99 16645.89
12:23 732.28 1802.61 255 113.99 16645.89
12:24 732.28 1802.61 255 113.99 16645.89
12:25 732.28 1802.61 255 113.99 16645.89
12:26 732.28 1802.61 255 113.99 16645.89
12:27 732.28 1802.61 255 113.99 16645.89
12:28 732.28 1802.61 255 113.99 16645.89
12:29 732.28 1802.61 255 113.99 16645.89
12:30 732.28 1802.61 255 113.99 16645.89
12:31 732.28 1802.61 255 113.99 16645.89
12:32 732.28 1802.61 255 113.99 16645.89
12:33 732.28 1802.61 255 113.99 16645.89
12:34 732.28 1802.61 255 113.99 16645.89
12:35 732.28 1802.61 255 113.99 16645.89
12:36 732.54 1802.61 255 113.99 16645.89
12:37 732.28 1802.61 255 113.99 16645.89
12:38 732.28 1802.61 255 113.99 16645.89
12:39 732.54 1802.61 255 113.99 16645.89
12:40 732.54 1802.61 255 113.99 16645.89
12:41 732.54 1802.61 255 113.99 16645.89
12:42 732.54 1802.61 255 113.99 16645.89
12:43 732.54 1802.61 255 113.99 16645.89
12:44 732.54 1802.61 255 113.99 16645.89
12:45 732.54 1802.61 255 113.99 16645.89
12:46 732.54 1802.61 255 113.99 16645.89
12:47 732.54 1802.61 255 113.99 16645.89
12:48 732.54 1802.61 255 113.99 16645.89
12:49 732.54 1802.61 255 113.99 16645.89
12:50 732.54 1802.61 255 113.99 16645.89
12:51 732.54 1802.61 255 113.99 16645.89
12:52 732.54 1802.61 255 113.99 16645.89
12:53 732.54 1802.61 255 113.99 16645.89
12:54 732.54 1802.61 255 113.99 16645.89
12:55 732.54 1802.61 255 113.99 16645.89
12:56 732.54 1802.61 255 113.99 16645.89
12:57 732.54 1802.61 255 113.99 16645.89
12:58 732.54 1802.61 255 113.99 16645.89
12:59 732.54 1802.61 255 113.99 16645.89
13:00 732.54 1802.61 255 113.99 16645.89
13:01 732.54 1802.61 255 113.99 16645.89
13:02 732.54 1802.61 255 113.99 16645.89
13:03 732.54 1802.61 255 113.99 16645.89
13:04 732.54 1802.61 255 113.99 16645.89
13:05 732.54 1802.61 255 113.99 16645.89
13:06 732.54 1802.61 255 113.99 16645.89
13:07 732.54 1802.61 255 113.99 16645.89
13:08 732.54 1802.61 255 113.99 16645.89
13:09 732.54 1802.61 255 113.99 16645.89
13:10 732.54 1802.61 255 113.99 16645.89
13:11 732.79 1802.61 255 113.99 16645.89
13:12 732.79 1802.61 255 113.99 16645.89
13:13 732.54 1802.61 255 113.99 16645.89
13:14 732.79 1802.61 255 113.99 16645.89
13:15 732.79 1802.61 255 113.99 16645.89
13:16 732.79 1802.61 255 113.99 16645.89
13:17 732.54 1802.61 255 113.99 16645.89
13:18 732.79 1802.61 255 113.99 16645.89
13:19 732.79 1802.61 255 113.99 16645.89
13:20 732.79 1802.61 255 113.99 16645.89
13:21 732.79 1802.61 255 113.99 16645.89
13:22 732.79 1802.61 255 113.99 16645.89
13:23 732.79 1802.61 255 113.99 16645.89
13:24 732.79 1802.61 255 113.99 16645.89
13:25 732.79 1802.61 255 113.99 16645.89
13:26 732.79 1802.61 255 113.99 16645.89
13:27 732.79 1802.61 255 113.99 16645.89
13:28 732.79 1802.61 255 113.99 16645.89
13:29 732.79 1802.61 255 113.99 16645.89
13:30 732.79 1802.61 255 113.99 16645.89
13:31 732.79 1802.61 255 113.99 16645.89
13:32 732.54 1802.61 255 113.99 16645.89
13:33 732.54 1802.61 255 113.99 16645.89
13:34 732.54 1802.61 255 113.99 16645.89
13:35 732.54 1802.61 255 113.99 16645.89
13:36 732.54 1802.61 255 113.99 16645.89
13:37 732.54 1802.61 255 113.99 16645.89
13:38 732.54 1802.61 255 113.99 16645.89
13:39 732.54 1802.61 255 113.99 16645.89
13:40 732.54 1802.61 255 113.99 16645.89
13:41 732.54 1802.61 255 113.99 16645.89
13:42 732.54 1802.61 255 113.99 16645.89
13:43 732.54 1802.61 255 113.99 16645.89
13:44 732.54 1802.61 255 113.99 16645.89
13:45 732.54 1802.61 255 113.99 16645.89
13:46 732.54 1802.61 255 113.99 16645.89
13:47 732.54 1802.61 255 113.99 16645.89
13:48 732.54 1802.61 255 113.99 16645.89
13:49 732.54 1802.61 255 113.99 16645.89
13:50 732.54 1802.61 255 113.99 16645.89
13:51 732.54 1802.61 255 113.99 16645.89
13:52 732.54 1802.61 255 113.99 16645.89
13:53 732.54 1802.61 255 113.99 16645.89
13:54 732.79 1802.61 255 113.99 16645.89
13:55 732.79 1802.61 255 113.99 16645.89
13:56 732.79 1802.61 255 113.99 16645.89
13:57 732.79 1802.61 255 113.99 16645.89
13:58 732.79 1802.61 255 113.99 16645.89
13:59 732.79 1802.61 255 113.99 16645.89
14:00 732.79 1802.61 255 113.99 16645.89
14:01 732.79 1802.61 255 113.99 16645.89
14:02 732.79 1802.61 255 113.99 16645.89
14:03 732.79 1802.61 255 113.99 16645.89
14:04 732.54 1802.61 255 113.99 16645.89
14:05 732.79 1802.61 255 113.99 16645.89
14:06 732.79 1802.61 255 113.99 16645.89
14:07 732.79 1802.61 255 113.99 16645.89
14:08 732.79 1802.61 255 113.99 16645.89
14:09 732.79 1802.61 255 113.99 16645.89
14:10 732.79 1802.61 255 113.99 16645.89
14:11 732.79 1802.61 255 113.99 16645.89
14:12 732.79 1802.61 255 113.99 16645.89
14:13 732.79 1802.61 255 113.99 16645.89
14:14 732.79 1802.61 255 113.99 16645.89
14:15 732.79 1802.61 255 113.99 16645.89
14:16 732.79 1802.61 255 113.99 16645.89
14:17 732.79 1802.61 255 113.99 16645.89
14:18 732.79 1802.61 255 113.99 16645.89
14:19 732.79 1802.61 255 113.99 16645.89
14:20 732.79 1802.61 255 113.99 16645.89
14:21 732.79 1802.61 255 113.99 16645.89
14:22 732.79 1802.61 255 113.99 16645.89
14:23 732.79 1802.61 255 113.99 16645.89
14:24 732.79 1802.61 255 113.99 16645.89
14:25 732.79 1802.61 255 113.99 16645.89
14:26 732.79 1802.61 255 113.99 16645.89
14:27 732.79 1802.61 255 113.99 16645.89
14:28 733.04 1802.61 255 113.99 16645.89
14:29 733.04 1802.61 255 113.99 16645.89
14:30 733.04 1802.61 255 113.99 16645.89
14:31 733.04 1802.61 255 113.99 16645.89
14:32 733.04 1802.61 255 113.99 16645.89
14:33 733.04 1802.61 255 113.99 16645.89
14:34 733.04 1802.61 255 113.99 16645.89
14:35 733.04 1802.61 255 113.99 16645.89
14:36 733.04 1802.61 255 113.99 16645.89
14:37 733.04 1802.61 255 113.99 16645.89
14:38 733.04 1802.61 255 113.99 16645.89
14:39 733.04 1802.61 255 113.99 16645.89
14:40 733.04 1802.61 255 113.99 16645.89
14:41 733.04 1802.61 255 113.99 16645.89
14:42 733.04 1802.61 255 113.99 16645.89
14:43 733.04 1802.61 255 113.99 16645.89
14:44 733.04 1802.61 255 113.99 16645.89
14:45 733.04 1802.61 255 113.99 16645.89
14:46 733.04 1802.61 255 113.99 16645.89
14:47 733.04 1802.61 255 113.99 16645.89
14:48 733.04 1802.61 255 113.99 16645.89
14:49 733.3 1802.61 255 113.99 16645.89
14:50 733.04 1802.61 255 113.99 16645.89
14:51 733.3 1802.61 255 113.99 16645.89
14:52 733.3 1802.61 255 113.99 16645.89
14:53 733.04 1802.61 255 113.99 16645.89
14:54 733.3 1802.61 255 113.99 16645.89
14:55 733.3 1802.61 255 113.99 16645.89
14:56 733.3 1802.61 255 113.99 16645.89
14:57 733.3 1802.61 255 113.99 16645.89
14:58 733.3 1802.61 255 113.99 16645.89
14:59 733.3 1802.61 255 113.99 16645.89
15:00 733.3 1802.61 255 113.99 16645.89
15:01 733.3 1802.61 255 113.99 16645.89
15:02 733.3 1802.61 255 113.99 16645.89
15:03 733.3 1802.61 255 113.99 16645.89
15:04 733.3 1802.61 255 113.99 16645.89
15:05 733.3 1802.61 255 113.99 16645.89
15:06 733.3 1802.61 255 113.99 16645.89
15:07 733.3 1802.61 255 113.99 16645.89
15:08 733.3 1802.61 255 113.99 16645.89
15:09 733.3 1802.61 255 113.99 16645.89
15:10 733.55 1802.61 255 113.99 16645.89
15:11 733.3 1802.61 255 113.99 16645.89
15:12 733.55 1802.61 255 113.99 16645.89
15:13 733.3 1802.61 255 113.99 16645.89
15:14 733.55 1802.61 255 113.99 16645.89
15:15 733.55 1802.61 255 113.99 16645.89
15:16 733.55 1802.61 255 113.99 16645.89
15:17 733.3 1802.61 255 113.99 16645.89
15:18 733.3 1802.61 255 113.99 16645.89
15:19 733.3 1802.61 255 113.99 16645.89
15:20 733.3 1802.61 255 113.99 16645.89
15:21 733.3 1802.61 255 113.99 16645.89
15:22 733.3 1802.61 255 113.99 16645.89
15:23 733.3 1802.61 255 113.99 16645.89
15:24 733.3 1802.61 255 113.99 16645.89
15:25 733.3 1802.61 255 113.99 16645.89
15:26 733.3 1802.61 255 113.99 16645.89
15:27 733.3 1802.61 255 113.99 16645.89
15:28 733.3 1802.61 255 113.99 16645.89
15:29 733.3 1802.61 255 113.99 16645.89
15:30 733.3 1802.61 255 113.99 16645.89
15:31 733.3 1802.61 255 113.99 16645.89
15:32 733.3 1802.61 255 113.99 16645.89
15:33 733.3 1802.61 255 113.99 16645.89
15:34 733.3 1802.61 255 113.99 16645.89
15:35 733.3 1802.61 255 113.99 16645.89
15:36 733.3 1802.61 255 113.99 16645.89
15:37 733.3 1802.61 255 113.99 16645.89
15:38 733.3 1802.61 255 113.99 16645.89
15:39 733.3 1802.61 255 113.99 16645.89
15:40 733.3 1802.61 255 113.99 16645.89
15:41 733.3 1802.61 255 113.99 16645.89
15:42 733.3 1802.61 255 113.99 16645.89
15:43 733.3 1802.61 255 113.99 16645.89
15:44 733.3 1802.61 255 113.99 16645.89
15:45 733.3 1802.61 255 113.99 16645.89
15:46 733.3 1802.61 255 113.99 16645.89
15:47 733.3 1802.61 255 113.99 16645.89
15:48 733.3 1802.61 255 113.99 16645.89
15:49 733.3 1802.61 255 113.99 16645.89
15:50 733.3 1802.61 255 113.99 16645.89
15:51 733.3 1802.61 255 113.99 16645.89
15:52 733.3 1802.61 255 113.99 16645.89
15:53 733.3 1802.61 255 113.99 16645.89
15:54 733.3 1802.61 255 113.99 16645.89
15:55 733.3 1802.61 255 113.99 16645.89
15:56 734.31 -1.33 65 .45 0
15:57 733.3 1802.61 255 113.99 16645.89
15:58 733.55 -1.39 76 1.34 0
15:59 733.55 -1.39 75 .45 0
16:00 733.55 -1.33 75 1.79 0
16:01 733.55 -1.33 75 1.79 0
16:02 733.55 -1.33 75 1.34 0
16:03 733.55 -1.33 75 1.34 0
16:04 733.55 -1.33 75 1.34 0
16:05 733.55 -1.33 75 1.34 0
16:06 733.55 -1.33 75 1.34 0
16:07 733.55 -1.33 75 1.34 0
16:08 733.55 -1.33 75 1.34 0
16:09 733.55 -1.33 75 1.34 0
16:10 733.55 -1.33 75 1.34 0
16:11 733.55 -1.33 75 1.34 0
16:12 733.81 -1.33 75 1.34 0
16:13 733.55 -1.33 75 1.34 0
16:14 733.55 -1.33 75 1.34 0
16:15 733.55 -1.33 75 1.34 0
16:16 733.55 -1.33 75 1.34 0
16:17 733.81 1802.61 255 113.99 16645.89
16:18 733.55 1802.61 255 113.99 16645.89
16:19 733.55 1802.61 255 113.99 16645.89
16:20 733.55 1802.61 255 113.99 16645.89
16:21 733.55 1802.61 255 113.99 16645.89
16:22 733.55 1802.61 255 113.99 16645.89
16:23 733.55 1802.61 255 113.99 16645.89
16:24 733.55 1802.61 255 113.99 16645.89
16:25 733.55 1802.61 255 113.99 16645.89
16:26 733.55 1802.61 255 113.99 16645.89
16:27 733.55 1802.61 255 113.99 16645.89
16:28 733.55 1802.61 255 113.99 16645.89
16:29 733.55 1802.61 255 113.99 16645.89
16:30 733.55 1802.61 255 113.99 16645.89
16:31 733.55 1802.61 255 113.99 16645.89
16:32 733.55 1802.61 255 113.99 16645.89
16:33 733.55 1802.61 255 113.99 16645.89
16:34 733.55 1802.61 255 113.99 16645.89
16:35 733.55 1802.61 255 113.99 16645.89
16:36 733.55 1802.61 255 113.99 16645.89
16:37 733.3 1802.61 255 113.99 16645.89
16:38 733.3 1802.61 255 113.99 16645.89
16:39 733.55 1802.61 255 113.99 16645.89
16:40 733.55 1802.61 255 113.99 16645.89
16:41 733.55 1802.61 255 113.99 16645.89
16:42 733.55 1802.61 255 113.99 16645.89
16:43 733.55 1802.61 255 113.99 16645.89
16:44 733.55 1802.61 255 113.99 16645.89
16:45 733.55 1802.61 255 113.99 16645.89
16:46 733.55 1802.61 255 113.99 16645.89
16:47 733.55 1802.61 255 113.99 16645.89
16:48 733.55 1802.61 255 113.99 16645.89
16:49 733.55 1802.61 255 113.99 16645.89
16:50 733.55 1802.61 255 113.99 16645.89
16:51 733.55 1802.61 255 113.99 16645.89
16:52 733.55 1802.61 255 113.99 16645.89
16:53 733.55 1802.61 255 113.99 16645.89
16:54 733.55 1802.61 255 113.99 16645.89
16:55 733.55 1802.61 255 113.99 16645.89
16:56 733.55 1802.61 255 113.99 16645.89
16:57 733.55 1802.61 255 113.99 16645.89
16:58 733.55 1802.61 255 113.99 16645.89
16:59 733.55 1802.61 255 113.99 16645.89
17:00 733.55 1802.61 255 113.99 16645.89
17:01 733.55 1802.61 255 113.99 16645.89
17:02 733.55 1802.61 255 113.99 16645.89
17:03 733.55 1802.61 255 113.99 16645.89
17:04 733.55 1802.61 255 113.99 16645.89
17:05 733.55 1802.61 255 113.99 16645.89
17:06 733.55 1802.61 255 113.99 16645.89
17:07 733.55 1802.61 255 113.99 16645.89
17:08 733.55 1802.61 255 113.99 16645.89
17:09 733.55 1802.61 255 113.99 16645.89
17:10 733.55 1802.61 255 113.99 16645.89
17:11 733.55 1802.61 255 113.99 16645.89
17:12 733.55 1802.61 255 113.99 16645.89
17:13 733.55 1802.61 255 113.99 16645.89
17:14 733.55 1802.61 255 113.99 16645.89
17:15 733.55 1802.61 255 113.99 16645.89
17:16 733.55 1802.61 255 113.99 16645.89
17:17 733.55 1802.61 255 113.99 16645.89
17:18 733.55 1802.61 255 113.99 16645.89
17:19 733.55 1802.61 255 113.99 16645.89
17:20 733.55 1802.61 255 113.99 16645.89
17:21 733.55 1802.61 255 113.99 16645.89
17:22 733.3 1802.61 255 113.99 16645.89
17:23 733.3 1802.61 255 113.99 16645.89
17:24 733.3 1802.61 255 113.99 16645.89
17:25 733.55 1802.61 255 113.99 16645.89
17:26 733.55 1802.61 255 113.99 16645.89
17:27 733.55 1802.61 255 113.99 16645.89
17:28 733.3 1802.61 255 113.99 16645.89
17:29 733.55 1802.61 255 113.99 16645.89
17:30 733.55 1802.61 255 113.99 16645.89
17:31 733.55 1802.61 255 113.99 16645.89
17:32 733.55 1802.61 255 113.99 16645.89
17:33 733.55 1802.61 255 113.99 16645.89
17:34 733.55 1802.61 255 113.99 16645.89
17:35 733.55 1802.61 255 113.99 16645.89
17:36 733.55 1802.61 255 113.99 16645.89
17:37 733.55 1802.61 255 113.99 16645.89
17:38 733.55 1802.61 255 113.99 16645.89
17:39 733.55 1802.61 255 113.99 16645.89
17:40 733.55 1802.61 255 113.99 16645.89
17:41 733.55 1802.61 255 113.99 16645.89
17:42 733.55 1802.61 255 113.99 16645.89
17:43 733.55 1802.61 255 113.99 16645.89
17:44 733.55 1802.61 255 113.99 16645.89
17:45 733.55 1802.61 255 113.99 16645.89
17:46 733.55 1802.61 255 113.99 16645.89
17:47 733.55 1802.61 255 113.99 16645.89
17:48 733.55 1802.61 255 113.99 16645.89
17:49 733.55 1802.61 255 113.99 16645.89
17:50 733.55 1802.61 255 113.99 16645.89
17:51 733.55 1802.61 255 113.99 16645.89
17:52 733.55 1802.61 255 113.99 16645.89
17:53 733.55 1802.61 255 113.99 16645.89
17:54 733.55 1802.61 255 113.99 16645.89
17:55 733.55 1802.61 255 113.99 16645.89
17:56 733.55 1802.61 255 113.99 16645.89
17:57 733.55 1802.61 255 113.99 16645.89
17:58 733.55 1802.61 255 113.99 16645.89
17:59 733.55 1802.61 255 113.99 16645.89
18:00 733.55 1802.61 255 113.99 16645.89
18:01 733.55 1802.61 255 113.99 16645.89
18:02 733.55 1802.61 255 113.99 16645.89
18:03 733.55 1802.61 255 113.99 16645.89
18:04 733.55 1802.61 255 113.99 16645.89
18:05 733.55 1802.61 255 113.99 16645.89
18:06 733.55 1802.61 255 113.99 16645.89
18:07 733.55 1802.61 255 113.99 16645.89
18:08 733.55 1802.61 255 113.99 16645.89
18:09 733.55 1802.61 255 113.99 16645.89
18:10 733.55 1802.61 255 113.99 16645.89
18:11 733.55 1802.61 255 113.99 16645.89
18:12 733.55 1802.61 255 113.99 16645.89
18:13 733.55 1802.61 255 113.99 16645.89
18:14 733.55 1802.61 255 113.99 16645.89
18:15 733.55 1802.61 255 113.99 16645.89
18:16 733.81 1802.61 255 113.99 16645.89
18:17 733.81 1802.61 255 113.99 16645.89
18:18 733.81 1802.61 255 113.99 16645.89
18:19 733.81 1802.61 255 113.99 16645.89
18:20 733.81 1802.61 255 113.99 16645.89
18:21 733.81 1802.61 255 113.99 16645.89
18:22 733.81 1802.61 255 113.99 16645.89
18:23 733.81 1802.61 255 113.99 16645.89
18:24 733.81 1802.61 255 113.99 16645.89
18:25 733.81 1802.61 255 113.99 16645.89
18:26 733.81 1802.61 255 113.99 16645.89
18:27 733.81 1802.61 255 113.99 16645.89
18:28 733.81 1802.61 255 113.99 16645.89
18:29 733.81 1802.61 255 113.99 16645.89
18:30 733.81 1802.61 255 113.99 16645.89
18:31 733.81 1802.61 255 113.99 16645.89
18:32 733.81 1802.61 255 113.99 16645.89
18:33 733.81 1802.61 255 113.99 16645.89
18:34 733.81 1802.61 255 113.99 16645.89
18:35 733.81 1802.61 255 113.99 16645.89
18:36 733.81 1802.61 255 113.99 16645.89
18:37 733.81 1802.61 255 113.99 16645.89
18:38 733.81 1802.61 255 113.99 16645.89
18:39 733.81 1802.61 255 113.99 16645.89
18:40 733.81 1802.61 255 113.99 16645.89
18:41 733.81 1802.61 255 113.99 16645.89
18:42 733.81 1802.61 255 113.99 16645.89
18:43 733.81 1802.61 255 113.99 16645.89
18:44 733.81 1802.61 255 113.99 16645.89
18:45 734.06 1802.61 255 113.99 16645.89
18:46 734.06 1802.61 255 113.99 16645.89
18:47 734.06 1802.61 255 113.99 16645.89
18:48 734.06 1802.61 255 113.99 16645.89
18:49 734.06 1802.61 255 113.99 16645.89
18:50 734.06 1802.61 255 113.99 16645.89
18:51 734.06 1802.61 255 113.99 16645.89
18:52 734.06 1802.61 255 113.99 16645.89
18:53 734.06 1802.61 255 113.99 16645.89
18:54 734.06 1802.61 255 113.99 16645.89
18:55 734.06 1802.61 255 113.99 16645.89
18:56 734.06 1802.61 255 113.99 16645.89
18:57 734.06 1802.61 255 113.99 16645.89
18:58 734.06 1802.61 255 113.99 16645.89
18:59 734.06 1802.61 255 113.99 16645.89
19:00 734.06 1802.61 255 113.99 16645.89
19:01 734.06 1802.61 255 113.99 16645.89
19:02 734.06 1802.61 255 113.99 16645.89
19:03 734.06 1802.61 255 113.99 16645.89
19:04 734.06 1802.61 255 113.99 16645.89
19:05 734.06 1802.61 255 113.99 16645.89
19:06 734.06 1802.61 255 113.99 16645.89
19:07 734.06 1802.61 255 113.99 16645.89
19:08 734.06 1802.61 255 113.99 16645.89
19:09 734.06 1802.61 255 113.99 16645.89
19:10 734.06 1802.61 255 113.99 16645.89
19:11 734.06 1802.61 255 113.99 16645.89
19:12 734.06 1802.61 255 113.99 16645.89
19:13 734.06 1802.61 255 113.99 16645.89
19:14 734.06 1802.61 255 113.99 16645.89
19:15 734.06 1802.61 255 113.99 16645.89
19:16 734.06 1802.61 255 113.99 16645.89
19:17 734.06 1802.61 255 113.99 16645.89
19:18 734.06 1802.61 255 113.99 16645.89
19:19 734.06 1802.61 255 113.99 16645.89
19:20 734.06 1802.61 255 113.99 16645.89
19:21 734.31 1802.61 255 113.99 16645.89
19:22 734.31 1802.61 255 113.99 16645.89
19:23 734.06 1802.61 255 113.99 16645.89
19:24 734.31 1802.61 255 113.99 16645.89
19:25 734.06 1802.61 255 113.99 16645.89
19:26 734.06 1802.61 255 113.99 16645.89
19:27 734.06 1802.61 255 113.99 16645.89
19:28 734.06 1802.61 255 113.99 16645.89
19:29 734.06 1802.61 255 113.99 16645.89
19:30 734.06 1802.61 255 113.99 16645.89
19:31 734.06 1802.61 255 113.99 16645.89
19:32 734.06 1802.61 255 113.99 16645.89
19:33 734.06 1802.61 255 113.99 16645.89
19:34 734.06 1802.61 255 113.99 16645.89
19:35 734.06 1802.61 255 113.99 16645.89
19:36 734.06 1802.61 255 113.99 16645.89
19:37 734.06 1802.61 255 113.99 16645.89
19:38 734.06 1802.61 255 113.99 16645.89
19:39 734.06 1802.61 255 113.99 16645.89
19:40 734.31 1802.61 255 113.99 16645.89
19:41 734.31 1802.61 255 113.99 16645.89
19:42 734.31 1802.61 255 113.99 16645.89
19:43 734.31 1802.61 255 113.99 16645.89
19:44 734.31 1802.61 255 113.99 16645.89
19:45 734.31 1802.61 255 113.99 16645.89
19:46 734.31 1802.61 255 113.99 16645.89
19:47 734.31 1802.61 255 113.99 16645.89
19:48 734.31 1802.61 255 113.99 16645.89
19:49 734.31 1802.61 255 113.99 16645.89
19:50 734.31 1802.61 255 113.99 16645.89
19:51 734.31 1802.61 255 113.99 16645.89
19:52 734.31 1802.61 255 113.99 16645.89
19:53 734.31 1802.61 255 113.99 16645.89
19:54 734.31 1802.61 255 113.99 16645.89
19:55 734.31 1802.61 255 113.99 16645.89
19:56 734.31 1802.61 255 113.99 16645.89
19:57 734.31 1802.61 255 113.99 16645.89
19:58 734.31 1802.61 255 113.99 16645.89
19:59 734.31 1802.61 255 113.99 16645.89
20:00 734.31 1802.61 255 113.99 16645.89
20:01 734.31 1802.61 255 113.99 16645.89
20:02 734.31 1802.61 255 113.99 16645.89
20:03 734.31 1802.61 255 113.99 16645.89
20:04 734.31 1802.61 255 113.99 16645.89
20:05 734.31 1802.61 255 113.99 16645.89
20:06 734.31 1802.61 255 113.99 16645.89
20:07 734.57 1802.61 255 113.99 16645.89
20:08 734.31 1802.61 255 113.99 16645.89
20:09 734.31 1802.61 255 113.99 16645.89
20:10 734.31 1802.61 255 113.99 16645.89
20:11 734.31 1802.61 255 113.99 16645.89
20:12 734.57 1802.61 255 113.99 16645.89
20:13 734.31 1802.61 255 113.99 16645.89
20:14 734.31 1802.61 255 113.99 16645.89
20:15 734.31 1802.61 255 113.99 16645.89
20:16 734.57 1802.61 255 113.99 16645.89
20:17 734.57 1802.61 255 113.99 16645.89
20:18 734.31 1802.61 255 113.99 16645.89
20:19 734.31 1802.61 255 113.99 16645.89
20:20 734.57 1802.61 255 113.99 16645.89
20:21 734.57 1802.61 255 113.99 16645.89
20:22 734.57 1802.61 255 113.99 16645.89
20:23 734.57 1802.61 255 113.99 16645.89
20:24 734.57 1802.61 255 113.99 16645.89
20:25 734.57 1802.61 255 113.99 16645.89
20:26 734.57 1802.61 255 113.99 16645.89
20:27 734.57 1802.61 255 113.99 16645.89
20:28 734.57 1802.61 255 113.99 16645.89
20:29 734.57 1802.61 255 113.99 16645.89
20:30 734.57 1802.61 255 113.99 16645.89
20:31 734.57 1802.61 255 113.99 16645.89
20:32 734.57 1802.61 255 113.99 16645.89
20:33 734.57 1802.61 255 113.99 16645.89
20:34 734.57 1802.61 255 113.99 16645.89
20:35 734.57 1802.61 255 113.99 16645.89
20:36 734.57 1802.61 255 113.99 16645.89
20:37 734.57 1802.61 255 113.99 16645.89
20:38 734.57 1802.61 255 113.99 16645.89
20:39 734.57 1802.61 255 113.99 16645.89
20:40 734.57 1802.61 255 113.99 16645.89
20:41 734.57 1802.61 255 113.99 16645.89
20:42 734.57 1802.61 255 113.99 16645.89
20:43 734.57 1802.61 255 113.99 16645.89
20:44 734.57 1802.61 255 113.99 16645.89
20:45 734.57 1802.61 255 113.99 16645.89
20:46 734.57 1802.61 255 113.99 16645.89
20:47 734.57 1802.61 255 113.99 16645.89
20:48 734.57 1802.61 255 113.99 16645.89
20:49 734.57 1802.61 255 113.99 16645.89
20:50 734.57 1802.61 255 113.99 16645.89
20:51 734.57 1802.61 255 113.99 16645.89
20:52 734.57 1802.61 255 113.99 16645.89
20:53 734.57 1802.61 255 113.99 16645.89
20:54 734.57 1802.61 255 113.99 16645.89
20:55 734.57 1802.61 255 113.99 16645.89
20:56 734.57 1802.61 255 113.99 16645.89
20:57 734.57 1802.61 255 113.99 16645.89
20:58 734.57 1802.61 255 113.99 16645.89
20:59 734.57 1802.61 255 113.99 16645.89
21:00 734.57 1802.61 255 113.99 16645.89
21:01 734.57 1802.61 255 113.99 16645.89
21:02 734.57 1802.61 255 113.99 16645.89
21:03 734.57 1802.61 255 113.99 16645.89
21:04 734.57 1802.61 255 113.99 16645.89
21:05 734.57 1802.61 255 113.99 16645.89
21:06 734.57 1802.61 255 113.99 16645.89
21:07 734.57 1802.61 255 113.99 16645.89
21:08 734.57 1802.61 255 113.99 16645.89
21:09 734.57 1802.61 255 113.99 16645.89
21:10 734.57 1802.61 255 113.99 16645.89
21:11 734.57 1802.61 255 113.99 16645.89
21:12 734.57 1802.61 255 113.99 16645.89
21:13 734.57 1802.61 255 113.99 16645.89
21:14 734.57 1802.61 255 113.99 16645.89
21:15 734.57 1802.61 255 113.99 16645.89
21:16 734.57 1802.61 255 113.99 16645.89
21:17 734.57 1802.61 255 113.99 16645.89
21:18 734.57 1802.61 255 113.99 16645.89
21:19 734.57 1802.61 255 113.99 16645.89
21:20 734.57 1802.61 255 113.99 16645.89
21:21 734.57 1802.61 255 113.99 16645.89
21:22 734.82 1802.61 255 113.99 16645.89
21:23 734.57 1802.61 255 113.99 16645.89
21:24 734.82 1802.61 255 113.99 16645.89
21:25 734.82 1802.61 255 113.99 16645.89
21:26 734.82 1802.61 255 113.99 16645.89
21:27 734.82 1802.61 255 113.99 16645.89
21:28 734.82 1802.61 255 113.99 16645.89
21:29 734.82 1802.61 255 113.99 16645.89
21:30 734.82 1802.61 255 113.99 16645.89
21:31 734.82 1802.61 255 113.99 16645.89
21:32 734.82 1802.61 255 113.99 16645.89
21:33 734.82 1802.61 255 113.99 16645.89
21:34 734.82 1802.61 255 113.99 16645.89
21:35 734.82 1802.61 255 113.99 16645.89
21:36 734.82 1802.61 255 113.99 16645.89
21:37 734.82 1802.61 255 113.99 16645.89
21:38 734.82 1802.61 255 113.99 16645.89
21:39 734.82 1802.61 255 113.99 16645.89
21:40 734.82 1802.61 255 113.99 16645.89
21:41 734.82 1802.61 255 113.99 16645.89
21:42 734.82 1802.61 255 113.99 16645.89
21:43 734.82 1802.61 255 113.99 16645.89
21:44 734.82 1802.61 255 113.99 16645.89
21:45 734.82 1802.61 255 113.99 16645.89
21:46 734.82 1802.61 255 113.99 16645.89
21:47 734.82 1802.61 255 113.99 16645.89
21:48 734.82 1802.61 255 113.99 16645.89
21:49 734.82 1802.61 255 113.99 16645.89
21:50 734.82 1802.61 255 113.99 16645.89
21:51 734.82 1802.61 255 113.99 16645.89
21:52 734.82 1802.61 255 113.99 16645.89
21:53 734.82 1802.61 255 113.99 16645.89
21:54 734.82 1802.61 255 113.99 16645.89
21:55 734.82 1802.61 255 113.99 16645.89
21:56 734.82 1802.61 255 113.99 16645.89
21:57 734.82 1802.61 255 113.99 16645.89
21:58 734.82 1802.61 255 113.99 16645.89
21:59 734.82 1802.61 255 113.99 16645.89
22:00 734.82 1802.61 255 113.99 16645.89
22:01 734.82 1802.61 255 113.99 16645.89
22:02 734.82 1802.61 255 113.99 16645.89
22:03 734.82 1802.61 255 113.99 16645.89
22:04 734.82 1802.61 255 113.99 16645.89
22:05 734.82 1802.61 255 113.99 16645.89
22:06 734.82 1802.61 255 113.99 16645.89
22:07 734.82 1802.61 255 113.99 16645.89
22:08 734.82 1802.61 255 113.99 16645.89
22:09 734.82 1802.61 255 113.99 16645.89
22:10 734.82 1802.61 255 113.99 16645.89
22:11 734.82 1802.61 255 113.99 16645.89
22:12 735.08 1802.61 255 113.99 16645.89
22:13 735.08 1802.61 255 113.99 16645.89
22:14 735.08 1802.61 255 113.99 16645.89
22:15 734.82 1802.61 255 113.99 16645.89
22:16 735.08 1802.61 255 113.99 16645.89
22:17 734.82 1802.61 255 113.99 16645.89
22:18 734.82 1802.61 255 113.99 16645.89
22:19 735.08 1802.61 255 113.99 16645.89
22:20 734.82 1802.61 255 113.99 16645.89
22:21 734.82 1802.61 255 113.99 16645.89
22:22 735.08 1802.61 255 113.99 16645.89
22:23 735.08 1802.61 255 113.99 16645.89
22:24 735.08 1802.61 255 113.99 16645.89
22:25 735.08 1802.61 255 113.99 16645.89
22:26 735.08 1802.61 255 113.99 16645.89
22:27 735.08 1802.61 255 113.99 16645.89
22:28 735.08 1802.61 255 113.99 16645.89
22:29 735.08 1802.61 255 113.99 16645.89
22:30 735.08 1802.61 255 113.99 16645.89
22:31 735.08 1802.61 255 113.99 16645.89
22:32 735.33 1802.61 255 113.99 16645.89
22:33 735.08 1802.61 255 113.99 16645.89
22:34 735.08 1802.61 255 113.99 16645.89
22:35 735.08 1802.61 255 113.99 16645.89
22:36 735.08 1802.61 255 113.99 16645.89
22:37 735.08 1802.61 255 113.99 16645.89
22:38 735.33 1802.61 255 113.99 16645.89
22:39 735.08 1802.61 255 113.99 16645.89
22:40 735.33 1802.61 255 113.99 16645.89
22:41 735.33 1802.61 255 113.99 16645.89
22:42 735.33 1802.61 255 113.99 16645.89
22:43 735.33 1802.61 255 113.99 16645.89
22:44 735.33 1802.61 255 113.99 16645.89
22:45 735.33 1802.61 255 113.99 16645.89
22:46 735.33 1802.61 255 113.99 16645.89
22:47 735.33 1802.61 255 113.99 16645.89
22:48 735.33 1802.61 255 113.99 16645.89
22:49 735.33 1802.61 255 113.99 16645.89
22:50 735.33 1802.61 255 113.99 16645.89
22:51 735.33 1802.61 255 113.99 16645.89
22:52 735.08 1802.61 255 113.99 16645.89
22:53 735.33 1802.61 255 113.99 16645.89
22:54 735.33 1802.61 255 113.99 16645.89
22:55 735.08 1802.61 255 113.99 16645.89
22:56 735.33 1802.61 255 113.99 16645.89
22:57 735.33 1802.61 255 113.99 16645.89
22:58 735.33 1802.61 255 113.99 16645.89
22:59 735.33 1802.61 255 113.99 16645.89
23:00 735.33 1802.61 255 113.99 16645.89
23:01 735.33 1802.61 255 113.99 16645.89
23:02 735.33 1802.61 255 113.99 16645.89
23:03 735.33 1802.61 255 113.99 16645.89
23:04 735.33 1802.61 255 113.99 16645.89
23:05 735.33 1802.61 255 113.99 16645.89
23:06 735.33 1802.61 255 113.99 16645.89
23:07 735.33 1802.61 255 113.99 16645.89
23:08 735.33 1802.61 255 113.99 16645.89
23:09 735.33 1802.61 255 113.99 16645.89
23:10 735.33 1802.61 255 113.99 16645.89
23:11 735.33 1802.61 255 113.99 16645.89
23:12 735.33 1802.61 255 113.99 16645.89
23:13 735.33 1802.61 255 113.99 16645.89
23:14 735.33 1802.61 255 113.99 16645.89
23:15 735.33 1802.61 255 113.99 16645.89
23:16 735.33 1802.61 255 113.99 16645.89
23:17 735.33 1802.61 255 113.99 16645.89
23:18 735.33 1802.61 255 113.99 16645.89
23:19 735.33 1802.61 255 113.99 16645.89
23:20 735.33 1802.61 255 113.99 16645.89
23:21 735.33 1802.61 255 113.99 16645.89
23:22 735.33 1802.61 255 113.99 16645.89
23:23 735.33 1802.61 255 113.99 16645.89
23:24 735.33 1802.61 255 113.99 16645.89
23:25 735.33 1802.61 255 113.99 16645.89
23:26 735.33 1802.61 255 113.99 16645.89
23:27 735.33 1802.61 255 113.99 16645.89
23:28 735.33 1802.61 255 113.99 16645.89
23:29 735.33 1802.61 255 113.99 16645.89
23:30 735.33 1802.61 255 113.99 16645.89
23:31 735.33 1802.61 255 113.99 16645.89
23:32 735.33 1802.61 255 113.99 16645.89
23:33 735.58 1802.61 255 113.99 16645.89
23:34 735.58 1802.61 255 113.99 16645.89
23:35 735.58 1802.61 255 113.99 16645.89
23:36 735.58 1802.61 255 113.99 16645.89
23:37 735.33 1802.61 255 113.99 16645.89
23:38 735.58 1802.61 255 113.99 16645.89
23:39 735.58 1802.61 255 113.99 16645.89
23:40 735.58 1802.61 255 113.99 16645.89
23:41 735.58 1802.61 255 113.99 16645.89
23:42 735.58 1802.61 255 113.99 16645.89
23:43 735.58 1802.61 255 113.99 16645.89
23:44 735.58 1802.61 255 113.99 16645.89
23:45 735.58 1802.61 255 113.99 16645.89
23:46 735.58 1802.61 255 113.99 16645.89
23:47 735.58 1802.61 255 113.99 16645.89
23:48 735.58 1802.61 255 113.99 16645.89
23:49 735.58 1802.61 255 113.99 16645.89
23:50 735.58 1802.61 255 113.99 16645.89
23:51 735.58 1802.61 255 113.99 16645.89
23:52 735.58 1802.61 255 113.99 16645.89
23:53 735.58 1802.61 255 113.99 16645.89
23:54 735.58 1802.61 255 113.99 16645.89
23:55 735.58 1802.61 255 113.99 16645.89
23:56 735.58 1802.61 255 113.99 16645.89
23:57 735.58 1802.61 255 113.99 16645.89
23:58 735.58 1802.61 255 113.99 16645.89
23:59 735.58 1802.61 255 113.99 16645.89
