00:00 746.25 13.33 77 1.34 0
00:01 746.25 13.33 77 .89 0
00:02 746.25 13.33 77 .89 0
00:03 746.25 13.28 77 1.34 0
00:04 746.25 13.28 77 .89 0
00:05 746.25 13.28 77 1.34 0
00:06 746.25 13.28 77 1.34 0
00:07 746.25 13.28 77 .89 0
00:08 746.25 13.22 77 1.34 0
00:09 746.25 13.22 77 .89 0
00:10 746.25 13.17 78 1.79 0
00:11 746.25 13.17 77 .89 0
00:12 746.25 13.11 78 1.79 0
00:13 746.25 13.11 78 1.79 0
00:14 746.25 13.06 78 1.79 0
00:15 746.25 13 78 1.79 0
00:16 746.25 13 78 1.34 0
00:17 746.25 13 78 .89 0
00:18 746.25 13 78 .89 0
00:19 746.25 12.94 78 1.34 0
00:20 746.25 12.94 78 1.34 0
00:21 746.25 12.94 78 1.34 0
00:22 746.25 12.94 78 .89 0
00:23 746.25 12.94 78 .89 0
00:24 746.25 12.89 78 1.79 0
00:25 746.25 12.89 78 1.79 0
00:26 746.25 12.89 79 1.79 0
00:27 746.25 12.89 79 1.34 0
00:28 746.25 12.89 79 .89 0
00:29 746.25 12.89 79 1.79 0
00:30 746.25 12.89 79 1.34 0
00:31 746.25 12.89 79 1.79 0
00:32 746.25 12.89 79 1.79 0
00:33 746.25 12.89 79 1.79 0
00:34 746.25 12.89 79 1.34 0
00:35 746.25 12.89 79 1.34 0
00:36 746.25 12.89 79 .89 0
00:37 746.25 12.89 79 1.34 0
00:38 746.25 12.89 78 1.34 0
00:39 746.25 12.94 78 .89 0
00:40 746.25 12.89 78 .89 0
00:41 746.25 12.94 78 1.34 0
00:42 746.25 12.94 78 .89 0
00:43 746.51 12.94 78 .89 0
00:44 746.51 12.94 78 1.79 0
00:45 746.51 12.94 78 1.79 0
00:46 746.51 12.94 78 1.79 0
00:47 746.51 13 78 1.34 0
00:48 746.51 13 78 1.34 0
00:49 746.51 13 78 .89 0
00:50 746.51 13.06 78 1.34 0
00:51 746.51 13.06 78 1.79 0
00:52 746.51 13.06 78 1.79 0
00:53 746.51 13 78 .89 0
00:54 746.51 13.06 78 1.34 0
00:55 746.25 13.06 78 .89 0
00:56 746.51 13.06 78 1.79 0
00:57 746.51 13.06 78 1.34 0
00:58 746.51 13.06 78 .89 0
00:59 746.51 13.06 78 1.34 0
01:00 746.51 13.06 78 .45 0
01:01 746.25 13.06 78 .89 0
01:02 746.51 13.06 78 .89 0
01:03 746.51 13.11 78 2.24 0
01:04 746.51 13.11 77 1.79 0
01:05 746.51 13.11 77 1.34 0
01:06 746.51 13.17 78 1.79 0
01:07 746.51 13.17 78 1.34 0
01:08 746.51 13.17 77 1.79 0
01:09 746.51 13.17 77 .89 0
01:10 746.51 13.17 77 1.34 0
01:11 746.51 13.17 77 .89 0
01:12 746.51 13.17 77 1.79 0
01:13 746.51 13.17 77 .89 0
01:14 746.51 13.17 77 1.34 0
01:15 746.51 13.17 77 1.79 0
01:16 746.51 13.17 77 1.79 0
01:17 746.51 13.17 77 1.34 0
01:18 746.51 13.17 77 1.79 0
01:19 746.51 13.17 77 .89 0
01:20 746.51 13.17 77 1.34 0
01:21 746.51 13.17 77 1.34 0
01:22 746.51 13.17 77 1.34 0
01:23 746.51 13.17 77 2.24 0
01:24 746.25 13.17 77 .89 0
01:25 746.51 13.17 77 .89 0
01:26 746.51 13.17 77 .89 0
01:27 746.51 13.22 77 .89 0
01:28 746.51 13.17 77 .89 0
01:29 746.51 13.22 77 1.34 0
01:30 746.51 13.22 78 1.34 0
01:31 746.51 13.22 77 1.79 0
01:32 746.51 13.17 78 1.34 0
01:33 746.51 13.22 78 1.79 0
01:34 746.51 13.22 78 1.34 0
01:35 746.51 13.22 78 1.79 0
01:36 746.51 13.22 78 1.34 0
01:37 746.51 13.22 78 1.79 0
01:38 746.51 13.17 78 1.79 0
01:39 746.51 13.17 78 1.34 0
01:40 746.51 13.11 78 .89 0
01:41 746.51 13.11 78 .89 0
01:42 746.51 13.11 78 1.34 0
01:43 746.51 13.11 78 .89 0
01:44 746.51 13.11 78 .89 0
01:45 746.51 13.11 78 1.79 0
01:46 746.51 13.11 78 1.79 0
01:47 746.51 13.11 78 1.34 0
01:48 746.51 13.11 78 1.34 0
01:49 746.51 13.17 78 1.79 0
01:50 746.51 13.11 78 1.79 0
01:51 746.51 13.11 78 2.68 0
01:52 746.51 13.11 78 2.68 0
01:53 746.51 13.11 78 1.34 0
01:54 746.51 13.11 78 1.34 0
01:55 746.51 13.06 78 .45 0
01:56 746.51 13.11 78 .89 0
01:57 746.51 13.06 78 .45 0
01:58 746.51 13.11 78 .45 0
01:59 746.51 13.11 78 .45 0
02:00 746.51 13.11 78 0 0
02:01 746.51 13.11 78 0 0
02:02 746.51 13.11 78 0 0
02:03 746.51 13.06 78 .89 0
02:04 746.51 13.06 78 0 0
02:05 746.51 13.11 78 .45 0
02:06 746.51 13.11 78 .45 0
02:07 746.51 13.11 78 .89 0
02:08 746.51 13.11 78 1.79 0
02:09 746.51 13.11 78 .89 0
02:10 746.51 13.11 78 1.34 0
02:11 746.51 13.17 79 1.79 0
02:12 746.51 13.06 79 1.34 0
02:13 746.51 13.06 79 1.79 0
02:14 746.51 13 79 1.79 0
02:15 746.51 12.94 79 1.34 0
02:16 746.51 12.94 79 .89 0
02:17 746.51 12.94 79 .45 0
02:18 746.51 12.94 79 0 0
02:19 746.51 12.94 79 0 0
02:20 746.51 12.89 79 0 0
02:21 746.51 12.89 79 0 0
02:22 746.51 12.94 79 0 0
02:23 746.51 12.89 79 1.34 0
02:24 746.51 12.89 79 1.34 0
02:25 746.51 12.89 79 .45 0
02:26 746.51 12.94 79 .45 0
02:27 746.51 12.94 79 .89 0
02:28 746.51 12.94 79 .89 0
02:29 746.51 12.94 79 1.34 0
02:30 746.51 12.94 79 1.34 0
02:31 746.51 12.94 79 .89 0
02:32 746.51 12.94 79 1.79 0
02:33 746.51 12.94 79 .89 0
02:34 746.76 13 79 .45 0
02:35 746.51 12.94 79 .45 0
02:36 746.76 12.94 79 .45 0
02:37 746.76 12.94 79 0 0
02:38 746.76 12.94 79 .89 0
02:39 746.76 12.94 79 .45 0
02:40 746.76 12.94 79 .45 0
02:41 746.76 12.89 79 1.34 0
02:42 746.76 12.89 79 .89 0
02:43 746.76 12.89 79 .89 0
02:44 746.76 12.89 79 .89 0
02:45 746.76 12.83 79 .89 0
02:46 746.76 12.89 79 1.34 0
02:47 746.76 12.83 79 .89 0
02:48 746.76 12.83 80 .89 0
02:49 746.76 12.83 79 .45 0
02:50 746.76 12.83 79 .89 0
02:51 746.76 12.83 80 .89 0
02:52 746.76 12.83 80 1.34 0
02:53 746.76 12.83 79 .89 0
02:54 746.76 12.83 79 1.34 0
02:55 746.76 12.83 79 1.34 0
02:56 746.76 12.83 79 .89 0
02:57 746.76 12.83 79 .45 0
02:58 746.76 12.89 79 .89 0
02:59 746.76 12.83 79 .89 0
03:00 746.76 12.83 79 1.34 0
03:01 746.76 12.83 79 .89 0
03:02 746.76 12.83 80 .45 0
03:03 746.76 12.78 80 0 0
03:04 746.76 12.83 80 .89 0
03:05 746.76 12.83 80 .89 0
03:06 746.76 12.78 80 .89 0
03:07 746.76 12.83 80 .89 0
03:08 746.76 12.78 80 .89 0
03:09 746.76 12.78 80 .89 0
03:10 746.76 12.78 80 1.34 0
03:11 746.76 12.78 80 .89 0
03:12 746.76 12.78 80 1.79 0
03:13 746.76 12.78 80 1.34 0
03:14 746.76 12.78 80 1.34 0
03:15 746.76 12.78 80 1.79 0
03:16 746.76 12.72 80 1.34 0
03:17 746.76 12.72 80 1.79 0
03:18 746.76 12.72 80 .89 0
03:19 746.76 12.72 80 .89 0
03:20 746.76 12.72 80 1.34 0
03:21 746.76 12.72 80 .89 0
03:22 746.76 12.72 80 .45 0
03:23 746.76 12.72 80 .89 0
03:24 746.76 12.72 80 .89 0
03:25 746.76 12.72 80 .45 0
03:26 746.76 12.72 80 .89 0
03:27 746.76 12.67 80 .45 0
03:28 746.76 12.72 80 1.34 0
03:29 746.76 12.72 80 .45 0
03:30 746.76 12.72 80 .89 0
03:31 746.76 12.72 80 .89 0
03:32 746.76 12.72 80 .45 0
03:33 747.01 12.72 80 1.79 0
03:34 747.01 12.72 80 .89 0
03:35 746.76 12.72 80 .89 0
03:36 746.76 12.72 80 0 0
03:37 746.76 12.72 80 0 0
03:38 746.76 12.72 80 0 0
03:39 746.76 12.72 80 0 0
03:40 747.01 12.72 80 .45 0
03:41 746.76 12.72 79 .45 0
03:42 746.76 12.78 79 1.34 0
03:43 747.01 12.78 79 .89 0
03:44 747.01 12.78 79 1.34 0
03:45 747.01 12.78 79 1.79 0
03:46 747.01 12.78 79 1.79 0
03:47 746.76 12.78 79 .89 0
03:48 747.01 12.78 79 1.34 0
03:49 747.01 12.78 79 .89 0
03:50 747.01 12.72 79 .89 0
03:51 747.01 12.78 79 .89 0
03:52 747.01 12.78 80 .89 0
03:53 747.01 12.78 79 .89 0
03:54 747.01 12.78 79 .89 0
03:55 747.01 12.78 79 1.34 0
03:56 747.01 12.72 79 .89 0
03:57 747.01 12.72 79 .45 0
03:58 747.01 12.78 79 .89 0
03:59 747.01 12.72 79 .89 0
04:00 747.01 12.78 79 .45 0
04:01 747.01 12.78 80 .89 0
04:02 747.01 12.72 80 .45 0
04:03 747.01 12.78 80 .45 0
04:04 747.01 12.78 80 .89 0
04:05 747.01 12.72 80 .45 0
04:06 747.01 12.78 80 1.34 0
04:07 747.01 12.72 79 1.34 0
04:08 747.01 12.72 79 1.34 0
04:09 747.01 12.72 79 1.34 0
04:10 747.01 12.78 79 .89 0
04:11 747.01 12.72 79 .89 0
04:12 747.01 12.78 79 .89 0
04:13 747.01 12.72 79 1.34 0
04:14 747.01 12.72 79 .89 0
04:15 747.01 12.72 79 .45 0
04:16 747.01 12.72 79 1.34 0
04:17 747.01 12.72 80 .45 0
04:18 747.01 12.72 80 .45 0
04:19 747.01 12.72 80 .89 0
04:20 747.01 12.72 80 .89 0
04:21 747.01 12.67 80 .45 0
04:22 747.01 12.67 80 .89 0
04:23 747.01 12.67 80 .89 0
04:24 747.01 12.67 80 .45 0
04:25 747.01 12.67 80 .89 0
04:26 747.01 12.61 81 .89 0
04:27 747.01 12.61 81 .45 0
04:28 747.01 12.61 81 .89 0
04:29 747.01 12.56 81 1.79 0
04:30 747.01 12.56 81 1.34 0
04:31 747.01 12.56 81 1.34 0
04:32 747.01 12.56 81 1.79 0
04:33 747.01 12.56 81 .89 0
04:34 747.01 12.56 81 1.79 0
04:35 747.01 12.56 81 1.79 0
04:36 747.01 12.56 81 2.24 0
04:37 747.01 12.5 81 1.34 0
04:38 747.01 12.5 81 1.79 0
04:39 747.01 12.5 81 1.34 0
04:40 747.01 12.5 81 1.79 0
04:41 747.01 12.44 81 .89 0
04:42 747.01 12.44 81 .45 0
04:43 747.01 12.44 81 1.79 0
04:44 747.01 12.44 81 1.34 0
04:45 747.01 12.44 81 .45 0
04:46 747.01 12.44 81 1.34 0
04:47 747.01 12.44 81 .89 0
04:48 747.01 12.44 81 .89 0
04:49 747.01 12.44 81 1.79 0
04:50 747.01 12.44 81 2.24 0
04:51 747.01 12.44 81 1.34 0
04:52 747.01 12.44 81 1.34 0
04:53 747.01 12.44 81 1.34 0
04:54 747.01 12.44 81 3.13 0
04:55 747.01 12.39 81 1.79 0
04:56 747.01 12.39 81 3.13 0
04:57 747.01 12.39 81 1.34 0
04:58 747.01 12.39 81 1.34 0
04:59 747.01 12.39 81 2.24 0
05:00 747.01 12.33 81 1.79 0
05:01 747.01 12.33 81 1.34 0
05:02 747.01 12.33 82 2.24 0
05:03 747.01 12.28 82 1.34 0
05:04 747.01 12.33 82 .89 0
05:05 747.01 12.28 82 3.13 0
05:06 747.01 12.28 82 2.24 0
05:07 747.01 12.28 82 1.34 0
05:08 747.01 12.28 82 2.24 0
05:09 747.01 12.28 82 2.24 0
05:10 747.01 12.28 82 2.24 0
05:11 747.01 12.28 82 3.58 0
05:12 747.01 12.28 82 2.68 0
05:13 747.01 12.28 82 1.34 0
05:14 747.01 12.28 82 .89 0
05:15 747.01 12.22 82 1.34 0
05:16 747.01 12.22 82 2.24 0
05:17 747.01 12.22 82 1.34 0
05:18 747.01 12.22 82 2.24 0
05:19 747.01 12.22 82 .89 0
05:20 747.01 12.22 82 .89 0
05:21 747.01 12.22 82 .89 0
05:22 747.01 12.22 82 1.34 0
05:23 747.01 12.22 82 .89 0
05:24 747.01 12.17 82 2.24 0
05:25 747.01 12.17 82 1.79 0
05:26 747.01 12.17 82 .89 0
05:27 747.01 12.17 82 .89 0
05:28 747.01 12.17 82 1.79 0
05:29 747.01 12.17 82 1.34 0
05:30 747.01 12.17 82 2.24 0
05:31 747.01 12.17 82 1.79 0
05:32 747.01 12.11 82 .89 0
05:33 747.01 12.17 82 .89 0
05:34 747.01 12.11 82 1.34 0
05:35 747.01 12.11 82 1.34 0
05:36 747.01 12.11 82 .89 0
05:37 747.01 12.17 82 1.79 0
05:38 747.01 12.17 82 1.34 0
05:39 747.01 12.17 82 .89 0
05:40 747.01 12.17 82 .89 0
05:41 747.01 12.17 82 1.34 0
05:42 747.01 12.17 82 .89 0
05:43 747.01 12.17 82 1.79 0
05:44 747.01 12.17 81 1.34 0
05:45 747.01 12.11 81 2.68 0
05:46 747.01 12.11 81 2.68 0
05:47 747.01 12.11 81 .45 0
05:48 747.01 12.17 81 1.79 0
05:49 747.01 12.17 81 .89 0
05:50 747.27 12.17 81 1.79 0
05:51 747.27 12.17 81 .89 0
05:52 747.27 12.17 81 .89 0
05:53 747.27 12.17 81 0 0
05:54 747.27 12.17 81 .89 0
05:55 747.27 12.17 81 1.34 0
05:56 747.27 12.17 81 1.34 0
05:57 747.27 12.17 81 .89 0
05:58 747.27 12.17 81 .89 0
05:59 747.27 12.17 81 2.68 0
06:00 747.27 12.17 81 .89 0
06:01 747.27 12.17 81 .89 0
06:02 747.27 12.17 81 .89 0
06:03 747.27 12.17 81 1.34 0
06:04 747.27 12.22 81 .89 0
06:05 747.27 12.17 81 1.34 0
06:06 747.27 12.17 80 .89 0
06:07 747.27 12.22 81 .45 0
06:08 747.01 12.22 81 1.34 0
06:09 747.27 12.22 80 1.34 0
06:10 747.27 12.22 81 1.34 0
06:11 747.27 12.22 80 1.34 0
06:12 747.27 12.28 80 .45 0
06:13 747.27 12.28 80 .45 0
06:14 747.27 12.28 80 .45 0
06:15 747.27 12.28 80 1.34 0
06:16 747.27 12.28 80 1.34 0
06:17 747.27 12.28 80 .89 0
06:18 747.27 12.28 80 .89 0
06:19 747.27 12.28 80 .89 0
06:20 747.27 12.33 80 .89 0
06:21 747.27 12.28 80 .89 0
06:22 747.27 12.33 80 .89 0
06:23 747.27 12.33 80 .89 0
06:24 747.27 12.33 80 1.34 0
06:25 747.27 12.33 80 1.34 0
06:26 747.27 12.33 80 .45 0
06:27 747.27 12.33 81 .89 0
06:28 747.27 12.33 80 .45 0
06:29 747.27 12.33 80 .45 0
06:30 747.27 12.33 81 .89 0
06:31 747.27 12.33 81 0 0
06:32 747.27 12.39 81 1.34 0
06:33 747.27 12.33 81 .45 0
06:34 747.27 12.39 81 .45 0
06:35 747.52 12.39 81 .45 0
06:36 747.52 12.39 81 0 0
06:37 747.52 12.39 81 1.34 0
06:38 747.52 12.39 81 .89 0
06:39 747.52 12.39 81 .45 0
06:40 747.52 12.39 81 .89 0
06:41 747.52 12.44 81 .89 0
06:42 747.52 12.39 81 .89 0
06:43 747.52 12.39 81 .89 0
06:44 747.52 12.44 81 .89 0
06:45 747.52 12.44 81 .89 0
06:46 747.52 12.44 81 .89 0
06:47 747.52 12.44 81 .89 0
06:48 747.52 12.44 81 .89 0
06:49 747.52 12.44 81 .89 0
06:50 747.52 12.44 81 .89 0
06:51 747.52 12.44 81 .45 0
06:52 747.52 12.44 81 .45 0
06:53 747.52 12.44 81 1.34 0
06:54 747.52 12.44 81 .89 0
06:55 747.52 12.44 81 .89 0
06:56 747.52 12.5 81 1.34 0
06:57 747.52 12.5 81 .89 0
06:58 747.52 12.44 81 1.79 0
06:59 747.52 12.5 81 .89 0
07:00 747.52 12.5 81 .45 0
07:01 747.52 12.5 81 .89 0
07:02 747.52 12.56 81 .45 0
07:03 747.52 12.61 81 .45 0
07:04 747.52 12.56 81 1.34 0
07:05 747.52 12.61 80 .89 0
07:06 747.52 12.61 80 .45 0
07:07 747.52 12.61 81 .89 0
07:08 747.52 12.67 80 .89 0
07:09 747.52 12.67 80 .89 0
07:10 747.52 12.67 80 1.34 0
07:11 747.52 12.67 80 1.79 0
07:12 747.52 12.72 80 1.34 0
07:13 747.52 12.72 80 .89 0
07:14 747.52 12.72 80 .89 0
07:15 747.52 12.72 80 1.34 0
07:16 747.52 12.72 80 1.34 0
07:17 747.52 12.72 80 2.24 0
07:18 747.52 12.72 80 .89 0
07:19 747.52 12.78 80 1.34 0
07:20 747.52 12.78 80 1.34 0
07:21 747.52 12.78 80 1.79 0
07:22 747.52 12.83 79 .89 0
07:23 747.52 12.83 79 .89 0
07:24 747.52 12.83 79 1.79 0
07:25 747.52 12.83 79 1.34 0
07:26 747.52 12.83 78 1.79 0
07:27 747.52 12.89 79 1.34 0
07:28 747.52 12.94 79 1.79 0
07:29 747.52 12.94 78 1.79 0
07:30 747.52 12.94 78 1.34 0
07:31 747.52 12.94 78 1.79 0
07:32 747.52 12.94 78 1.34 0
07:33 747.52 13 78 .89 0
07:34 747.52 13.06 78 .89 0
07:35 747.52 13.06 78 .89 0
07:36 747.52 13.06 78 1.79 0
07:37 747.52 13.11 78 .89 0
07:38 747.52 13.17 78 1.79 0
07:39 747.52 13.17 78 1.79 0
07:40 747.52 13.17 78 .89 0
07:41 747.52 13.28 77 1.34 0
07:42 747.27 13.28 77 2.68 0
07:43 747.27 13.33 77 1.34 0
07:44 747.52 13.33 77 1.34 0
07:45 747.52 13.33 77 .45 0
07:46 747.52 13.39 77 .45 0
07:47 747.52 13.44 77 1.79 0
07:48 747.52 13.44 77 1.34 0
07:49 747.52 13.5 77 1.34 0
07:50 747.52 13.5 77 1.79 0
07:51 747.52 13.56 76 2.68 0
07:52 747.52 13.56 76 .89 0
07:53 747.52 13.56 76 1.79 0
07:54 747.52 13.61 76 1.79 0
07:55 747.52 13.61 76 1.34 0
07:56 747.52 13.67 76 1.79 0
07:57 747.52 13.67 75 1.79 0
07:58 747.52 13.72 75 1.34 0
07:59 747.52 13.72 76 1.79 0
08:00 747.52 13.78 76 .89 0
08:01 747.52 13.78 76 1.34 0
08:02 747.52 13.78 75 1.34 0
08:03 747.52 13.83 75 .89 0
08:04 747.52 13.83 75 .45 0
08:05 747.52 13.89 76 1.34 0
08:06 747.52 13.89 75 .89 0
08:07 747.52 13.94 75 2.68 0
08:08 747.52 13.94 74 1.79 0
08:09 747.52 13.94 75 .89 0
08:10 747.52 13.94 75 0 0
08:11 747.52 13.94 75 1.34 0
08:12 747.52 14 74 .89 0
08:13 747.52 14.06 74 1.79 0
08:14 747.52 14.11 73 2.24 0
08:15 747.52 14.11 74 1.34 0
08:16 747.52 14.17 74 .89 0
08:17 747.52 14.22 74 .89 0
08:18 747.52 14.28 74 .89 0
08:19 747.52 14.33 74 .89 0
08:20 747.52 14.44 74 .45 0
08:21 747.52 14.5 73 3.13 0
08:22 747.52 14.5 71 1.34 0
08:23 747.52 14.56 72 3.13 0
08:24 747.52 14.56 70 1.34 0
08:25 747.52 14.56 71 1.79 0
08:26 747.52 14.56 71 2.24 0
08:27 747.52 14.61 71 .45 0
08:28 747.52 14.61 71 1.34 0
08:29 747.52 14.67 72 .89 0
08:30 747.52 14.72 72 .89 0
08:31 747.52 14.78 72 1.79 0
08:32 747.52 14.78 71 2.24 0
08:33 747.52 14.83 70 3.13 0
08:34 747.52 14.83 69 3.58 0
08:35 747.52 14.78 69 3.13 0
08:36 747.52 14.78 69 1.34 0
08:37 747.52 14.78 70 2.24 0
08:38 747.52 14.83 70 1.79 0
08:39 747.52 14.83 69 1.79 0
08:40 747.52 14.94 69 1.79 0
08:41 747.52 14.94 69 .89 0
08:42 747.52 15 70 .89 0
08:43 747.52 15.11 70 2.24 0
08:44 747.52 15.17 69 1.34 0
08:45 747.52 15.22 69 1.34 0
08:46 747.52 15.33 68 2.68 0
08:47 747.52 15.44 68 1.34 0
08:48 747.52 15.56 68 1.79 0
08:49 747.52 15.72 68 1.79 0
08:50 747.52 15.83 67 .89 0
08:51 747.52 16 67 1.79 0
08:52 747.52 16.06 65 1.34 0
08:53 747.52 16.17 65 1.79 0
08:54 747.52 16.22 65 1.34 0
08:55 747.52 16.22 64 1.34 0
08:56 747.52 16.28 65 3.13 0
08:57 747.52 16.28 64 3.58 0
08:58 747.52 16.17 63 2.24 0
08:59 747.52 16.06 63 1.79 0
09:00 747.52 16 64 3.13 0
09:01 747.52 16 65 1.79 0
09:02 747.52 15.94 65 2.24 0
09:03 747.52 15.83 65 1.79 0
09:04 747.52 15.83 65 3.58 0
09:05 747.52 15.89 66 2.24 0
09:06 747.52 15.89 66 3.13 0
09:07 747.52 15.94 65 1.79 0
09:08 747.52 15.94 64 2.68 0
09:09 747.52 16 63 1.79 0
09:10 747.52 16 65 1.79 0
09:11 747.52 16 64 2.68 0
09:12 747.52 16.06 64 1.34 0
09:13 747.52 16.06 64 2.24 0
09:14 747.52 16.11 64 1.79 0
09:15 747.52 16.17 64 2.68 0
09:16 747.52 16.17 63 3.13 0
09:17 747.52 16.22 63 4.02 0
09:18 747.52 16.17 62 4.02 0
09:19 747.52 16.11 62 2.24 0
09:20 747.52 16.17 63 2.68 0
09:21 747.52 16.17 63 1.34 0
09:22 747.52 16.17 63 1.34 0
09:23 747.52 16.28 62 2.68 0
09:24 747.52 16.33 62 1.34 0
09:25 747.52 16.39 62 2.68 0
09:26 747.52 16.39 61 2.24 0
09:27 747.52 16.39 61 1.79 0
09:28 747.52 16.39 61 4.92 0
09:29 747.52 16.44 61 4.02 0
09:30 747.52 16.39 60 .89 0
09:31 747.52 16.44 61 2.68 0
09:32 747.52 16.44 60 1.79 0
09:33 747.52 16.5 60 1.79 0
09:34 747.52 16.56 61 0 0
09:35 747.52 16.56 61 2.24 0
09:36 747.52 16.67 60 1.34 0
09:37 747.52 16.72 60 1.34 0
09:38 747.52 16.78 59 2.68 0
09:39 747.52 16.89 60 .89 0
09:40 747.52 16.94 60 1.34 0
09:41 747.78 16.94 59 3.58 0
09:42 747.52 16.94 58 1.34 0
09:43 747.52 16.89 58 1.79 0
09:44 747.78 16.83 59 3.58 0
09:45 747.52 16.83 58 2.68 0
09:46 747.52 16.83 58 3.58 0
09:47 747.52 16.78 62 1.79 0
09:48 747.52 16.78 61 4.47 0
09:49 747.52 16.72 60 3.58 0
09:50 747.78 16.67 60 3.13 0
09:51 747.78 16.67 61 3.13 0
09:52 747.78 16.72 61 3.13 0
09:53 747.78 16.72 61 1.34 0
09:54 747.78 16.72 61 2.24 0
09:55 747.78 16.72 60 2.24 0
09:56 747.52 16.72 61 3.58 0
09:57 747.78 16.67 60 3.58 0
09:58 747.52 16.67 61 1.34 0
09:59 747.78 16.67 61 4.02 0
10:00 747.78 16.67 61 2.68 0
10:01 747.78 16.72 61 4.92 0
10:02 747.78 16.67 60 3.13 0
10:03 747.78 16.67 61 2.24 0
10:04 747.78 16.67 61 1.79 0
10:05 747.78 16.72 61 2.68 0
10:06 747.78 16.72 60 2.24 0
10:07 747.78 16.72 61 3.58 0
10:08 747.78 16.67 61 2.68 0
10:09 747.78 16.72 61 1.79 0
10:10 747.78 16.83 61 3.13 0
10:11 747.78 16.89 61 2.24 0
10:12 747.78 17 59 2.68 0
10:13 747.78 17.06 60 .89 0
10:14 747.78 17.17 60 3.13 0
10:15 747.78 17.28 59 2.68 0
10:16 747.78 17.39 59 3.58 0
10:17 747.78 17.44 58 1.79 0
10:18 747.78 17.5 58 4.02 0
10:19 747.78 17.5 58 3.58 0
10:20 747.78 17.5 58 1.34 0
10:21 747.78 17.5 60 1.34 0
10:22 747.78 17.56 60 3.13 0
10:23 747.78 17.61 57 1.79 0
10:24 747.78 17.67 58 3.13 0
10:25 747.78 17.67 56 2.68 0
10:26 747.78 17.56 57 2.68 0
10:27 747.78 17.56 57 2.24 0
10:28 747.78 17.5 57 .89 0
10:29 747.78 17.44 57 1.34 0
10:30 747.78 17.44 58 2.24 0
10:31 747.78 17.5 58 1.34 0
10:32 747.78 17.61 58 1.34 0
10:33 747.78 17.67 57 1.79 0
10:34 747.78 17.72 57 2.24 0
10:35 747.78 17.72 57 2.24 0
10:36 747.78 17.67 56 1.34 0
10:37 747.78 17.61 57 .89 0
10:38 747.78 17.61 57 4.02 0
10:39 747.78 17.56 56 3.58 0
10:40 747.78 17.5 56 1.79 0
10:41 747.78 17.56 57 1.79 0
10:42 747.78 17.56 57 1.34 0
10:43 747.78 17.56 57 1.79 0
10:44 747.78 17.61 57 2.24 0
10:45 747.78 17.61 57 2.24 0
10:46 747.78 17.72 58 4.02 0
10:47 747.78 17.78 57 2.68 0
10:48 747.78 17.83 56 2.68 0
10:49 747.78 17.83 57 3.13 0
10:50 747.78 17.94 57 .45 0
10:51 747.78 18 57 1.79 0
10:52 747.78 18.06 56 .45 0
10:53 747.78 18.06 56 1.79 0
10:54 747.78 18.11 56 2.68 0
10:55 747.78 18.22 56 1.34 0
10:56 747.78 18.28 55 4.02 0
10:57 747.78 18.33 55 1.79 0
10:58 747.78 18.44 55 3.58 0
10:59 747.78 18.44 54 4.02 0
11:00 747.78 18.39 55 1.79 0
11:01 747.78 18.33 55 2.68 0
11:02 747.78 18.33 54 1.79 0
11:03 747.78 18.33 55 .89 0
11:04 747.78 18.39 54 1.79 0
11:05 747.78 18.39 54 2.24 0
11:06 747.78 18.39 55 1.79 0
11:07 747.78 18.39 55 .89 0
11:08 747.78 18.39 55 4.92 0
11:09 747.78 18.28 54 1.79 0
11:10 747.78 18.28 55 3.13 0
11:11 747.78 18.28 55 1.79 0
11:12 747.78 18.22 55 3.58 0
11:13 747.78 18.22 55 2.68 0
11:14 747.78 18.22 54 4.02 0
11:15 747.78 18.22 55 2.24 0
11:16 747.78 18.22 55 2.24 0
11:17 747.78 18.28 55 1.79 0
11:18 747.78 18.33 55 .45 0
11:19 747.78 18.39 55 1.79 0
11:20 747.78 18.44 55 .89 0
11:21 747.78 18.61 55 .89 0
11:22 747.78 18.72 55 0 0
11:23 747.78 18.83 54 1.79 0
11:24 747.78 18.94 54 2.24 0
11:25 747.78 19.06 54 1.34 0
11:26 747.78 19.06 53 1.34 0
11:27 747.78 19.06 53 .45 0
11:28 747.78 19.06 53 .45 0
11:29 747.78 19.06 54 1.34 0
11:30 747.78 19.11 54 1.34 0
11:31 747.78 19.22 54 3.13 0
11:32 747.78 19.22 55 3.58 0
11:33 747.78 19.17 55 2.68 0
11:34 747.78 19.11 55 1.34 0
11:35 747.78 19.11 55 .89 0
11:36 747.78 19 54 .45 0
11:37 747.78 19 54 3.58 0
11:38 747.78 18.89 54 3.13 0
11:39 747.78 18.83 55 .89 0
11:40 747.78 18.89 56 3.13 0
11:41 747.78 18.89 56 1.79 0
11:42 747.78 18.89 55 3.58 0
11:43 747.78 18.83 56 2.24 0
11:44 747.78 18.83 56 2.68 0
11:45 747.78 18.78 55 1.34 0
11:46 747.78 18.78 56 1.79 0
11:47 747.78 18.72 56 4.47 0
11:48 747.78 18.56 54 1.79 0
11:49 747.78 18.5 55 1.79 0
11:50 747.78 18.44 56 3.13 0
11:51 747.78 18.44 56 1.34 0
11:52 747.78 18.5 56 3.13 0
11:53 747.78 18.61 55 .89 0
11:54 747.78 18.67 56 .89 0
11:55 747.78 18.72 55 .89 0
11:56 747.78 18.83 55 2.68 0
11:57 747.78 18.83 55 2.24 0
11:58 747.78 18.83 54 3.13 0
11:59 747.78 18.78 54 1.79 0
12:00 747.78 18.72 53 1.34 0
12:01 747.78 18.67 54 3.58 0
12:02 747.78 18.61 54 1.79 0
12:03 747.78 18.56 54 2.24 0
12:04 747.78 18.56 54 .45 0
12:05 747.78 18.56 54 1.79 0
12:06 747.78 18.5 53 3.58 0
12:07 747.78 18.39 54 3.13 0
12:08 747.78 18.33 54 2.68 0
12:09 747.78 18.28 55 1.79 0
12:10 747.78 18.22 54 2.24 0
12:11 747.78 18.22 55 .45 0
12:12 747.78 18.33 55 2.68 0
12:13 747.78 18.44 54 3.13 0
12:14 747.78 18.56 54 1.79 0
12:15 747.78 18.61 53 .89 0
12:16 747.78 18.67 54 1.79 0
12:17 747.78 18.78 53 .89 0
12:18 747.78 18.83 54 1.34 0
12:19 747.78 19 54 2.24 0
12:20 747.78 19.06 54 1.34 0
12:21 747.78 19.06 53 1.79 0
12:22 747.78 19 54 .89 0
12:23 747.78 18.94 53 1.79 0
12:24 747.78 18.89 53 .89 0
12:25 747.78 18.83 53 1.79 0
12:26 747.78 18.72 53 1.34 0
12:27 747.78 18.78 54 1.34 0
12:28 747.78 18.67 54 1.79 0
12:29 747.78 18.61 54 1.79 0
12:30 747.78 18.56 55 1.34 0
12:31 747.78 18.56 54 .45 0
12:32 747.78 18.61 55 1.79 0
12:33 747.78 18.61 54 1.34 0
12:34 747.78 18.56 54 .45 0
12:35 747.78 18.56 54 .45 0
12:36 747.78 18.56 54 1.34 0
12:37 747.78 18.5 55 1.34 0
12:38 747.78 18.5 56 .89 0
12:39 747.78 18.44 55 2.68 0
12:40 747.78 18.33 55 1.34 0
12:41 747.78 18.28 56 1.79 0
12:42 747.78 18.17 56 .89 0
12:43 747.78 18.11 57 2.24 0
12:44 747.78 18.11 57 1.34 0
12:45 747.78 18.06 58 .89 0
12:46 747.78 18.11 58 2.68 0
12:47 747.78 18.17 58 1.79 0
12:48 747.78 18.28 59 .89 0
12:49 747.78 18.39 58 1.34 0
12:50 747.78 18.44 57 2.24 0
12:51 747.78 18.5 56 2.68 0
12:52 747.78 18.56 56 2.24 0
12:53 747.78 18.56 55 1.34 0
12:54 747.78 18.56 56 2.24 0
12:55 747.78 18.56 55 1.34 0
12:56 747.78 18.56 55 1.79 0
12:57 747.78 18.61 56 1.34 0
12:58 747.78 18.72 55 1.34 0
12:59 747.78 18.83 56 .45 0
13:00 747.78 18.94 56 .89 0
13:01 747.78 19.06 57 3.13 0
13:02 747.78 19.06 55 2.24 0
13:03 747.78 19.11 55 1.79 0
13:04 747.78 19.11 55 2.24 0
13:05 747.78 19.06 53 1.34 0
13:06 747.78 19.06 55 1.79 0
13:07 747.78 19 52 .45 0
13:08 747.78 19 53 1.79 0
13:09 747.78 19 53 1.79 0
13:10 747.78 18.94 53 2.68 0
13:11 747.78 18.94 55 1.34 0
13:12 747.78 19 54 .45 0
13:13 747.78 19.06 54 1.34 0
13:14 747.78 19.11 54 1.34 0
13:15 747.78 19.22 54 1.79 0
13:16 747.78 19.33 53 1.34 0
13:17 747.78 19.5 54 1.79 0
13:18 747.78 19.56 51 2.24 0
13:19 747.78 19.61 53 .89 0
13:20 747.78 19.72 51 1.34 0
13:21 747.78 19.78 51 .45 0
13:22 747.78 19.83 50 1.34 0
13:23 747.78 19.89 51 .45 0
13:24 747.78 19.94 50 .45 0
13:25 747.78 20 50 1.34 0
13:26 747.78 20 50 .89 0
13:27 747.78 20.06 50 .89 0
13:28 747.78 20 51 1.34 0
13:29 747.78 19.83 50 3.13 0
13:30 748.03 19.61 51 4.02 0
13:31 747.78 19.39 52 1.34 0
13:32 748.03 19.22 52 2.24 0
13:33 748.03 19.11 54 2.24 0
13:34 747.78 19 54 4.47 0
13:35 747.78 18.78 53 1.79 0
13:36 748.03 18.72 54 .89 0
13:37 748.03 18.67 55 1.34 0
13:38 748.03 18.61 53 1.79 0
13:39 748.03 18.56 54 1.79 0
13:40 748.03 18.5 53 1.34 0
13:41 748.03 18.5 53 1.79 0
13:42 748.03 18.44 54 .89 0
13:43 748.03 18.44 54 .89 0
13:44 748.03 18.39 55 1.79 0
13:45 748.03 18.39 53 1.79 0
13:46 748.03 18.39 53 1.79 0
13:47 748.03 18.33 53 1.79 0
13:48 748.03 18.28 54 1.34 0
13:49 748.03 18.28 52 1.34 0
13:50 748.03 18.28 53 1.34 0
13:51 748.03 18.28 53 0 0
13:52 748.03 18.33 54 .45 0
13:53 748.03 18.28 53 .89 0
13:54 748.03 18.33 53 .89 0
13:55 748.03 18.39 53 1.79 0
13:56 748.03 18.39 51 .89 0
13:57 748.03 18.44 52 .45 0
13:58 748.03 18.44 51 .89 0
13:59 748.03 18.5 51 .89 0
14:00 748.03 18.56 51 .89 0
14:01 748.03 18.56 51 .45 0
14:02 747.78 18.61 51 .89 0
14:03 748.03 18.67 51 .89 0
14:04 747.78 18.78 51 1.34 0
14:05 747.78 18.83 51 .89 0
14:06 747.78 18.89 51 2.68 0
14:07 747.78 18.89 51 .89 0
14:08 747.78 18.94 52 1.79 0
14:09 748.03 18.94 52 4.02 0
14:10 748.03 18.94 52 2.24 0
14:11 748.03 18.94 53 2.24 0
14:12 748.03 18.89 52 3.58 0
14:13 747.78 18.83 53 2.24 0
14:14 748.03 18.78 53 2.68 0
14:15 748.03 18.83 51 3.13 0
14:16 748.03 18.83 51 2.68 0
14:17 747.78 18.83 51 2.24 0
14:18 747.78 18.89 51 4.47 0
14:19 747.78 18.89 52 2.24 0
14:20 747.78 18.94 52 1.34 0
14:21 747.78 19 51 .89 0
14:22 747.78 19 51 2.24 0
14:23 747.78 19 51 2.68 0
14:24 747.78 18.94 50 2.24 0
14:25 747.78 18.94 51 1.34 0
14:26 747.78 18.83 50 3.58 0
14:27 747.78 18.83 50 2.68 0
14:28 747.78 18.78 52 2.24 0
14:29 747.78 18.78 52 2.24 0
14:30 747.78 18.72 51 1.79 0
14:31 748.03 18.72 52 2.68 0
14:32 747.78 18.67 52 1.34 0
14:33 747.78 18.67 53 3.13 0
14:34 748.03 18.67 52 2.24 0
14:35 748.03 18.67 53 1.34 0
14:36 747.78 18.67 53 1.34 0
14:37 748.03 18.67 53 2.68 0
14:38 747.78 18.67 52 1.79 0
14:39 747.78 18.67 52 2.24 0
14:40 747.78 18.67 53 2.24 0
14:41 747.78 18.61 53 1.79 0
14:42 747.78 18.67 54 1.34 0
14:43 747.78 18.72 54 1.34 0
14:44 747.78 18.78 55 1.34 0
14:45 747.78 18.78 55 .89 0
14:46 747.78 18.78 55 .89 0
14:47 747.78 18.78 55 2.24 0
14:48 747.78 18.83 52 4.02 0
14:49 747.78 18.78 54 1.34 0
14:50 747.78 18.78 53 .89 0
14:51 748.03 18.78 54 1.34 0
14:52 748.03 18.78 53 1.34 0
14:53 747.78 18.78 54 1.79 0
14:54 748.03 18.78 54 2.68 0
14:55 748.03 18.78 52 1.79 0
14:56 747.78 18.72 52 .89 0
14:57 748.03 18.72 53 1.79 0
14:58 747.78 18.72 53 1.34 0
14:59 747.78 18.67 54 2.24 0
15:00 747.78 18.67 54 1.34 0
15:01 747.78 18.67 53 1.79 0
15:02 747.78 18.67 54 .89 0
15:03 747.78 18.67 54 1.34 0
15:04 748.03 18.72 54 .89 0
15:05 747.78 18.72 54 .45 0
15:06 747.78 18.78 55 .45 0
15:07 747.78 18.78 53 1.34 0
15:08 747.78 18.78 53 .89 0
15:09 747.78 18.78 54 .89 0
15:10 747.78 18.78 54 0 0
15:11 747.78 18.78 55 .89 0
15:12 747.78 18.78 54 .89 0
15:13 747.78 18.78 54 .89 0
15:14 747.78 18.78 56 1.34 0
15:15 747.78 18.78 53 .45 0
15:16 747.78 18.78 53 .89 0
15:17 747.78 18.78 54 .45 0
15:18 747.78 18.78 55 .89 0
15:19 747.78 18.78 54 .89 0
15:20 747.78 18.83 54 1.79 0
15:21 747.78 18.83 54 1.79 0
15:22 747.78 18.83 53 1.79 0
15:23 747.78 18.89 52 1.79 0
15:24 747.78 18.94 51 1.79 0
15:25 747.78 19 52 .89 0
15:26 747.78 19.06 52 .45 0
15:27 747.78 19.17 52 1.34 0
15:28 747.78 19.22 52 0 0
15:29 747.78 19.28 51 0 0
15:30 747.78 19.39 51 .45 0
15:31 747.78 19.56 51 .45 0
15:32 747.78 19.67 51 1.34 0
15:33 747.78 19.72 51 1.34 0
15:34 747.78 19.72 49 0 0
15:35 747.78 19.78 49 .45 0
15:36 747.78 19.83 50 0 0
15:37 747.78 19.89 50 1.34 0
15:38 747.78 20 50 1.34 0
15:39 747.78 20 51 3.13 0
15:40 747.78 19.94 49 3.13 0
15:41 747.78 19.89 50 1.79 0
15:42 747.78 19.83 50 2.24 0
15:43 747.78 19.83 51 1.79 0
15:44 747.78 19.78 50 2.24 0
15:45 747.78 19.72 50 2.24 0
15:46 747.78 19.67 49 2.68 0
15:47 747.78 19.61 48 1.79 0
15:48 747.78 19.56 49 2.24 0
15:49 747.78 19.56 49 .89 0
15:50 747.78 19.56 49 1.34 0
15:51 747.78 19.56 50 1.34 0
15:52 747.78 19.67 50 1.34 0
15:53 747.78 19.72 50 1.79 0
15:54 747.78 19.78 49 1.79 0
15:55 747.78 19.83 48 1.34 0
15:56 747.78 19.78 49 1.79 0
15:57 747.78 19.78 48 1.34 0
15:58 747.78 19.78 48 1.34 0
15:59 747.78 19.72 48 2.68 0
16:00 747.78 19.78 48 2.24 0
16:01 747.78 19.78 48 2.24 0
16:02 747.78 19.83 50 2.24 0
16:03 748.03 19.89 49 1.79 0
16:04 747.78 19.89 49 2.68 0
16:05 747.78 19.89 48 3.58 0
16:06 747.78 19.83 48 1.34 0
16:07 748.03 19.78 48 1.79 0
16:08 747.78 19.78 48 .45 0
16:09 747.78 19.78 48 .89 0
16:10 747.78 19.78 48 .89 0
16:11 747.78 19.78 48 0 0
16:12 747.78 19.83 48 0 0
16:13 748.03 19.89 48 1.34 0
16:14 747.78 20 49 1.79 0
16:15 747.78 19.94 48 2.24 0
16:16 748.03 19.94 49 1.79 0
16:17 747.78 19.89 50 1.34 0
16:18 748.03 19.83 51 2.68 0
16:19 748.03 19.72 50 1.79 0
16:20 748.03 19.61 50 2.68 0
16:21 748.03 19.5 50 3.13 0
16:22 747.78 19.39 51 2.24 0
16:23 747.78 19.28 52 1.79 0
16:24 748.03 19.22 53 1.34 0
16:25 748.03 19.22 53 3.58 0
16:26 748.03 19.11 53 2.68 0
16:27 747.78 19.11 53 3.13 0
16:28 748.03 19 53 2.68 0
16:29 747.78 18.94 53 2.24 0
16:30 748.03 18.83 53 1.34 0
16:31 747.78 18.83 54 .45 0
16:32 748.03 18.78 54 2.24 0
16:33 747.78 18.78 54 1.34 0
16:34 748.03 18.78 55 2.24 0
16:35 748.03 18.78 55 1.34 0
16:36 748.03 18.72 55 .89 0
16:37 748.03 18.72 55 .89 0
16:38 748.03 18.78 56 1.34 0
16:39 748.03 18.78 56 1.79 0
16:40 747.78 18.78 56 .89 0
16:41 748.03 18.78 56 .89 0
16:42 748.03 18.72 56 2.24 0
16:43 747.78 18.67 56 2.24 0
16:44 748.03 18.72 56 1.34 0
16:45 748.03 18.67 56 1.79 0
16:46 747.78 18.72 58 .89 0
16:47 748.03 18.72 57 0 0
16:48 748.03 18.72 57 0 0
16:49 748.03 18.78 58 1.79 0
16:50 748.03 18.78 57 1.79 0
16:51 747.78 18.78 57 1.34 0
16:52 747.78 18.78 57 .89 0
16:53 747.78 18.78 57 2.24 0
16:54 747.78 18.83 56 .89 0
16:55 747.78 18.83 57 1.34 0
16:56 747.78 18.83 57 1.34 0
16:57 747.78 18.83 57 .45 0
16:58 747.78 18.89 56 1.79 0
16:59 747.78 18.89 56 3.58 0
17:00 747.78 18.89 54 3.13 0
17:01 748.03 18.94 55 2.68 0
17:02 747.78 18.94 55 3.13 0
17:03 747.78 19 55 2.24 0
17:04 747.78 19.06 54 1.79 0
17:05 747.78 19.11 55 1.34 0
17:06 748.03 19.11 54 1.79 0
17:07 747.78 19.22 55 1.34 0
17:08 747.78 19.22 53 1.79 0
17:09 748.03 19.28 53 1.79 0
17:10 747.78 19.33 52 2.24 0
17:11 747.78 19.33 52 3.58 0
17:12 747.78 19.33 50 3.13 0
17:13 747.78 19.28 51 3.58 0
17:14 747.78 19.22 52 1.34 0
17:15 747.78 19.22 54 .45 0
17:16 747.78 19.22 53 1.34 0
17:17 747.78 19.22 53 1.34 0
17:18 747.78 19.22 53 0 0
17:19 747.78 19.28 53 .89 0
17:20 747.78 19.33 53 1.79 0
17:21 747.78 19.33 53 2.24 0
17:22 747.78 19.33 53 1.34 0
17:23 747.78 19.28 54 .89 0
17:24 747.78 19.28 54 .89 0
17:25 747.78 19.22 53 2.24 0
17:26 747.78 19.22 54 1.79 0
17:27 747.78 19.22 54 .89 0
17:28 747.78 19.22 54 1.34 0
17:29 747.78 19.22 55 4.02 0
17:30 747.78 19.17 54 3.58 0
17:31 747.78 19.11 54 2.68 0
17:32 747.78 19.06 54 2.68 0
17:33 748.03 19 54 2.68 0
17:34 747.78 18.94 55 1.79 0
17:35 747.78 18.89 55 2.68 0
17:36 747.78 18.89 55 1.79 0
17:37 747.78 18.83 56 1.34 0
17:38 747.78 18.78 55 1.79 0
17:39 748.03 18.78 55 1.79 0
17:40 747.78 18.72 55 1.79 0
17:41 747.78 18.67 55 1.79 0
17:42 747.78 18.67 55 2.24 0
17:43 747.78 18.67 55 1.79 0
17:44 747.78 18.67 55 2.24 0
17:45 747.78 18.67 55 1.79 0
17:46 747.78 18.67 54 .89 0
17:47 747.78 18.67 55 1.34 0
17:48 747.78 18.72 55 .89 0
17:49 747.78 18.72 56 1.34 0
17:50 747.78 18.78 55 0 0
17:51 747.78 18.78 56 1.34 0
17:52 747.78 18.83 56 2.24 0
17:53 747.78 18.89 55 3.13 0
17:54 747.78 18.94 54 .89 0
17:55 747.78 18.94 55 2.68 0
17:56 747.78 18.94 54 2.68 0
17:57 747.78 18.94 54 2.24 0
17:58 747.78 18.94 54 1.79 0
17:59 747.78 18.94 54 1.34 0
18:00 747.78 18.94 55 2.24 0
18:01 747.78 18.94 53 2.68 0
18:02 747.78 18.89 54 1.79 0
18:03 747.78 18.89 54 .89 0
18:04 747.78 18.83 54 1.79 0
18:05 747.78 18.83 55 1.79 0
18:06 747.78 18.78 54 1.34 0
18:07 747.78 18.78 55 .45 0
18:08 747.78 18.83 55 1.79 0
18:09 747.78 18.78 55 1.34 0
18:10 747.78 18.78 55 1.79 0
18:11 747.78 18.78 56 .89 0
18:12 747.78 18.78 55 1.34 0
18:13 747.78 18.72 55 .89 0
18:14 747.78 18.78 56 1.34 0
18:15 747.78 18.78 56 .89 0
18:16 747.78 18.83 55 .45 0
18:17 747.78 18.78 56 1.79 0
18:18 747.78 18.78 56 2.24 0
18:19 747.78 18.67 55 2.24 0
18:20 747.78 18.67 54 3.58 0
18:21 747.78 18.61 55 1.34 0
18:22 747.78 18.61 55 .89 0
18:23 747.78 18.61 56 .89 0
18:24 747.78 18.61 56 1.34 0
18:25 747.78 18.61 56 2.24 0
18:26 747.78 18.67 56 .89 0
18:27 747.78 18.67 56 .45 0
18:28 747.78 18.72 56 1.79 0
18:29 747.78 18.72 56 .89 0
18:30 747.78 18.72 56 .45 0
18:31 747.78 18.72 57 2.24 0
18:32 747.78 18.67 55 2.24 0
18:33 747.78 18.67 56 3.13 0
18:34 747.78 18.61 55 4.47 0
18:35 747.78 18.56 55 1.34 0
18:36 747.78 18.5 55 .89 0
18:37 747.78 18.5 56 2.24 0
18:38 747.78 18.44 56 3.13 0
18:39 747.78 18.39 56 1.79 0
18:40 747.78 18.39 56 2.24 0
18:41 747.78 18.33 56 2.24 0
18:42 747.78 18.33 57 2.24 0
18:43 747.78 18.28 57 2.68 0
18:44 747.78 18.22 57 1.34 0
18:45 747.78 18.22 57 1.79 0
18:46 747.78 18.22 57 2.68 0
18:47 747.78 18.17 57 1.79 0
18:48 747.78 18.17 58 1.34 0
18:49 747.78 18.11 58 1.79 0
18:50 748.03 18.11 58 .89 0
18:51 747.78 18.11 58 1.34 0
18:52 747.78 18.06 59 .89 0
18:53 747.78 18.06 59 1.34 0
18:54 748.03 18.06 59 1.34 0
18:55 748.03 18.06 59 1.79 0
18:56 748.03 18 59 .89 0
18:57 748.03 17.94 59 1.34 0
18:58 748.03 17.94 59 .89 0
18:59 748.03 17.89 60 .89 0
19:00 747.78 17.89 60 .45 0
19:01 748.03 17.83 60 .89 0
19:02 748.03 17.83 60 .45 0
19:03 748.03 17.78 60 .89 0
19:04 748.03 17.78 61 .45 0
19:05 748.03 17.78 60 .45 0
19:06 748.03 17.78 60 .89 0
19:07 748.03 17.72 61 2.24 0
19:08 748.03 17.72 60 1.34 0
19:09 748.03 17.67 61 1.79 0
19:10 748.03 17.67 61 1.34 0
19:11 748.03 17.61 61 .89 0
19:12 748.03 17.56 61 .45 0
19:13 747.78 17.56 61 1.34 0
19:14 748.03 17.5 61 1.34 0
19:15 748.03 17.5 62 .89 0
19:16 747.78 17.44 61 1.34 0
19:17 748.03 17.39 61 1.34 0
19:18 748.03 17.33 63 .45 0
19:19 748.03 17.28 63 0 0
19:20 748.03 17.28 63 .45 0
19:21 748.03 17.22 63 .45 0
19:22 748.03 17.22 63 .45 0
19:23 748.03 17.17 63 .89 0
19:24 748.03 17.17 63 .89 0
19:25 748.03 17.17 63 .89 0
19:26 748.03 17.11 63 .45 0
19:27 748.03 17.06 63 .89 0
19:28 748.03 17.06 62 .45 0
19:29 748.03 17.06 63 .45 0
19:30 748.03 17 63 .45 0
19:31 748.03 17 63 .45 0
19:32 748.03 16.94 63 .45 0
19:33 748.03 16.94 64 0 0
19:34 748.03 16.94 64 .89 0
19:35 748.03 16.89 64 .45 0
19:36 748.03 16.89 64 0 0
19:37 748.03 16.83 64 .45 0
19:38 748.03 16.83 64 .45 0
19:39 748.03 16.83 64 .45 0
19:40 748.03 16.78 64 .45 0
19:41 748.03 16.78 63 .89 0
19:42 748.03 16.78 63 .89 0
19:43 748.03 16.72 63 .89 0
19:44 748.03 16.67 63 .89 0
19:45 748.03 16.67 64 .89 0
19:46 748.03 16.61 64 .45 0
19:47 748.03 16.61 64 .89 0
19:48 748.03 16.56 65 .45 0
19:49 748.03 16.5 66 0 0
19:50 748.03 16.44 66 .45 0
19:51 748.03 16.33 68 .45 0
19:52 748.03 16.28 69 .45 0
19:53 748.03 16.17 69 .45 0
19:54 748.03 16.06 69 0 0
19:55 748.03 15.94 70 0 0
19:56 748.03 15.89 70 0 0
19:57 748.03 15.78 70 0 0
19:58 748.03 15.67 70 0 0
19:59 748.03 15.56 71 0 0
20:00 748.03 15.39 71 0 0
20:01 748.03 15.28 71 0 0
20:02 748.03 15.17 71 0 0
20:03 748.03 15.17 72 0 0
20:04 748.03 15.06 72 0 0
20:05 748.03 15 72 0 0
20:06 748.03 14.89 72 0 0
20:07 748.03 14.83 73 0 0
20:08 748.03 14.78 73 0 0
20:09 748.03 14.72 72 0 0
20:10 748.03 14.67 73 0 0
20:11 748.03 14.61 73 0 0
20:12 748.28 14.56 74 0 0
20:13 748.03 14.44 74 0 0
20:14 748.28 14.39 74 0 0
20:15 748.28 14.33 74 0 0
20:16 748.28 14.28 75 0 0
20:17 748.28 14.22 75 0 0
20:18 748.28 14.22 75 0 0
20:19 748.28 14.11 75 0 0
20:20 748.28 14.06 75 0 0
20:21 748.28 14 76 0 0
20:22 748.28 13.94 76 0 0
20:23 748.28 13.83 76 0 0
20:24 748.28 13.78 76 0 0
20:25 748.28 13.72 76 0 0
20:26 748.28 13.67 76 0 0
20:27 748.28 13.56 77 0 0
20:28 748.28 13.56 77 0 0
20:29 748.28 13.44 77 0 0
20:30 748.28 13.39 77 0 0
20:31 748.28 13.33 77 0 0
20:32 748.28 13.28 78 0 0
20:33 748.28 13.22 78 0 0
20:34 748.28 13.17 78 0 0
20:35 748.28 13.06 78 0 0
20:36 748.28 13.06 78 0 0
20:37 748.28 13 78 0 0
20:38 748.28 12.94 78 0 0
20:39 748.28 12.94 78 0 0
20:40 748.28 12.83 79 0 0
20:41 748.28 12.78 79 0 0
20:42 748.28 12.78 79 0 0
20:43 748.28 12.72 79 0 0
20:44 748.28 12.72 79 0 0
20:45 748.28 12.67 79 0 0
20:46 748.28 12.61 79 0 0
20:47 748.28 12.61 79 0 0
20:48 748.28 12.56 79 0 0
20:49 748.28 12.56 79 0 0
20:50 748.28 12.44 79 0 0
20:51 748.28 12.44 80 0 0
20:52 748.28 12.44 80 0 0
20:53 748.28 12.39 80 0 0
20:54 748.54 12.33 80 0 0
20:55 748.28 12.33 80 0 0
20:56 748.28 12.28 80 0 0
20:57 748.28 12.28 80 0 0
20:58 748.28 12.28 80 0 0
20:59 748.28 12.22 81 0 0
21:00 748.28 12.17 81 0 0
21:01 748.28 12.11 81 0 0
21:02 748.28 12.11 81 0 0
21:03 748.28 12.06 81 0 0
21:04 748.28 12.06 81 0 0
21:05 748.28 12 81 0 0
21:06 748.28 11.94 81 0 0
21:07 748.28 11.94 81 0 0
21:08 748.28 11.89 81 0 0
21:09 748.28 11.89 82 0 0
21:10 748.28 11.83 82 0 0
21:11 748.54 11.83 82 0 0
21:12 748.54 11.78 82 0 0
21:13 748.28 11.78 82 0 0
21:14 748.28 11.72 82 0 0
21:15 748.28 11.72 82 0 0
21:16 748.54 11.67 82 0 0
21:17 748.54 11.61 82 0 0
21:18 748.54 11.61 82 0 0
21:19 748.54 11.56 82 0 0
21:20 748.54 11.5 83 0 0
21:21 748.54 11.5 83 0 0
21:22 748.54 11.5 83 0 0
21:23 748.54 11.5 83 0 0
21:24 748.54 11.44 83 0 0
21:25 748.54 11.44 83 0 0
21:26 748.54 11.44 83 0 0
21:27 748.28 11.39 83 0 0
21:28 748.54 11.39 83 0 0
21:29 748.54 11.33 83 0 0
21:30 748.54 11.33 83 0 0
21:31 748.54 11.33 83 0 0
21:32 748.54 11.33 83 0 0
21:33 748.54 11.28 83 0 0
21:34 748.54 11.28 83 0 0
21:35 748.54 11.28 83 0 0
21:36 748.28 11.22 83 0 0
21:37 748.54 11.22 83 0 0
21:38 748.54 11.17 83 0 0
21:39 748.54 11.17 83 0 0
21:40 748.54 11.17 83 0 0
21:41 748.28 11.11 83 0 0
21:42 748.54 11.11 83 0 0
21:43 748.54 11.06 83 0 0
21:44 748.28 11.06 83 0 0
21:45 748.54 11.06 84 0 0
21:46 748.54 11 84 0 0
21:47 748.54 11 84 0 0
21:48 748.54 11 84 0 0
21:49 748.54 10.94 84 0 0
21:50 748.54 10.94 84 0 0
21:51 748.54 10.89 84 0 0
21:52 748.54 10.89 84 0 0
21:53 748.28 10.83 84 0 0
21:54 748.54 10.83 84 0 0
21:55 748.54 10.78 84 0 0
21:56 748.54 10.83 84 0 0
21:57 748.54 10.78 85 0 0
21:58 748.54 10.78 85 0 0
21:59 748.54 10.78 85 0 0
22:00 748.54 10.78 85 0 0
22:01 748.54 10.78 85 0 0
22:02 748.54 10.72 85 0 0
22:03 748.54 10.72 85 0 0
22:04 748.54 10.67 85 0 0
22:05 748.54 10.67 85 0 0
22:06 748.54 10.61 85 0 0
22:07 748.28 10.56 85 0 0
22:08 748.28 10.61 85 0 0
22:09 748.28 10.56 85 0 0
22:10 748.54 10.5 85 0 0
22:11 748.54 10.5 85 0 0
22:12 748.54 10.5 85 0 0
22:13 748.54 10.44 85 0 0
22:14 748.54 10.44 85 0 0
22:15 748.54 10.44 85 0 0
22:16 748.28 10.39 85 0 0
22:17 748.54 10.39 85 0 0
22:18 748.54 10.39 85 0 0
22:19 748.54 10.33 85 0 0
22:20 748.54 10.33 85 0 0
22:21 748.54 10.33 85 0 0
22:22 748.54 10.33 85 0 0
22:23 748.54 10.33 85 0 0
22:24 748.54 10.28 85 0 0
22:25 748.54 10.28 85 0 0
22:26 748.54 10.28 85 0 0
22:27 748.54 10.28 85 0 0
22:28 748.54 10.22 85 0 0
22:29 748.54 10.28 85 0 0
22:30 748.54 10.28 85 0 0
22:31 748.54 10.28 85 0 0
22:32 748.54 10.28 85 0 0
22:33 748.54 10.28 85 0 0
22:34 748.54 10.28 85 0 0
22:35 748.54 10.22 85 0 0
22:36 748.54 10.22 85 0 0
22:37 748.54 10.22 85 0 0
22:38 748.54 10.22 85 0 0
22:39 748.54 10.22 85 0 0
22:40 748.54 10.17 85 0 0
22:41 748.54 10.11 85 0 0
22:42 748.54 10.11 85 0 0
22:43 748.54 10.06 85 0 0
22:44 748.54 10.06 85 0 0
22:45 748.54 10.06 86 0 0
22:46 748.54 10.06 86 0 0
22:47 748.54 10 86 0 0
22:48 748.54 10 86 0 0
22:49 748.54 9.94 85 0 0
22:50 748.54 9.94 86 0 0
22:51 748.54 9.89 86 0 0
22:52 748.54 9.89 86 0 0
22:53 748.54 9.89 86 0 0
22:54 748.54 9.83 86 0 0
22:55 748.54 9.83 86 0 0
22:56 748.54 9.78 86 0 0
22:57 748.54 9.78 86 0 0
22:58 748.54 9.78 86 0 0
22:59 748.54 9.78 86 0 0
23:00 748.54 9.78 86 0 0
23:01 748.54 9.78 86 0 0
23:02 748.54 9.78 87 0 0
23:03 748.54 9.78 87 0 0
23:04 748.54 9.83 86 0 0
23:05 748.54 9.78 87 0 0
23:06 748.54 9.78 87 0 0
23:07 748.54 9.78 87 0 0
23:08 748.54 9.78 87 0 0
23:09 748.54 9.78 87 0 0
23:10 748.79 9.78 87 0 0
23:11 748.54 9.78 87 0 0
23:12 748.54 9.78 87 0 0
23:13 748.54 9.72 86 0 0
23:14 748.54 9.72 86 0 0
23:15 748.54 9.72 86 0 0
23:16 748.54 9.67 86 0 0
23:17 748.54 9.67 86 0 0
23:18 748.79 9.67 86 0 0
23:19 748.54 9.61 86 0 0
23:20 748.54 9.61 86 0 0
23:21 748.54 9.61 86 0 0
23:22 748.79 9.61 86 0 0
23:23 748.54 9.61 86 0 0
23:24 748.54 9.56 86 0 0
23:25 748.54 9.61 86 0 0
23:26 748.54 9.56 86 0 0
23:27 748.54 9.56 86 0 0
23:28 748.54 9.5 86 0 0
23:29 748.54 9.5 86 0 0
23:30 748.54 9.5 86 0 0
23:31 748.79 9.44 86 0 0
23:32 748.54 9.44 86 0 0
23:33 748.54 9.44 86 0 0
23:34 748.79 9.44 87 0 0
23:35 748.79 9.44 87 0 0
23:36 748.79 9.39 86 0 0
23:37 748.79 9.33 87 0 0
23:38 748.79 9.39 87 0 0
23:39 748.79 9.33 87 0 0
23:40 748.54 9.33 87 0 0
23:41 748.79 9.33 87 0 0
23:42 748.79 9.28 87 0 0
23:43 748.54 9.28 87 0 0
23:44 748.79 9.28 87 0 0
23:45 748.79 9.22 87 0 0
23:46 748.79 9.22 87 0 0
23:47 748.79 9.22 87 0 0
23:48 748.79 9.22 87 0 0
23:49 748.79 9.17 87 0 0
23:50 748.79 9.17 87 0 0
23:51 748.79 9.17 87 0 0
23:52 748.79 9.17 87 0 0
23:53 748.79 9.17 87 0 0
23:54 748.79 9.17 87 0 0
23:55 748.79 9.11 87 0 0
23:56 748.79 9.06 87 0 0
23:57 748.79 9.06 87 0 0
23:58 748.79 9.06 87 0 0
23:59 748.79 9.06 87 0 0
