00:00 752.1 10.9 80 .9 0
00:01 752.1 10.9 80 .9 0
00:02 752.1 10.9 80 .9 0
00:03 752.1 10.9 80 1.3 0
00:04 752.1 10.9 80 .9 0
00:05 752.1 10.9 80 .9 0
00:06 752.1 10.9 80 .9 0
00:07 752.1 10.9 80 .9 0
00:08 752.1 10.9 80 .4 0
00:09 752.1 10.9 80 .9 0
00:10 752.1 10.9 80 .9 0
00:11 752.1 10.9 81 .9 0
00:12 752.1 10.9 81 .9 0
00:13 752.1 10.9 81 1.3 0
00:14 752.1 10.9 81 .9 0
00:15 752.3 10.9 81 1.3 0
00:16 752.3 10.8 81 1.3 0
00:17 752.3 10.8 81 .9 0
00:18 752.3 10.8 81 .9 0
00:19 752.3 10.8 81 .9 0
00:20 752.3 10.8 82 1.3 0
00:21 752.3 10.8 82 .9 0
00:22 752.3 10.8 82 .9 0
00:23 752.3 10.8 82 .9 0
00:24 752.3 10.8 82 1.3 0
00:25 752.3 10.7 82 .9 0
00:26 752.3 10.7 82 .9 0
00:27 752.3 10.7 82 1.3 0
00:28 752.3 10.7 82 .9 0
00:29 752.3 10.7 82 .4 0
00:30 752.4 10.6 82 .9 0
00:31 752.4 10.6 82 1.3 0
00:32 752.4 10.6 82 1.3 0
00:33 752.4 10.6 82 1.3 0
00:34 752.4 10.6 82 1.3 0
00:35 752.4 10.6 82 1.3 0
00:36 752.4 10.6 82 1.3 0
00:37 752.4 10.6 82 1.3 0
00:38 752.4 10.6 82 1.3 0
00:39 752.4 10.6 82 .9 0
00:40 752.4 10.6 82 .9 0
00:41 752.4 10.6 82 .9 0
00:42 752.4 10.6 82 .9 0
00:43 752.4 10.6 82 .9 0
00:44 752.4 10.6 82 1.3 0
00:45 752.4 10.6 82 .9 0
00:46 752.4 10.6 82 .9 0
00:47 752.4 10.6 82 .9 0
00:48 752.4 10.6 82 .9 0
00:49 752.4 10.6 82 1.3 0
00:50 752.4 10.6 82 .9 0
00:51 752.4 10.6 82 .9 0
00:52 752.4 10.6 82 .9 0
00:53 752.4 10.6 82 .9 0
00:54 752.4 10.6 82 .9 0
00:55 752.4 10.6 82 .9 0
00:56 752.4 10.6 82 .9 0
00:57 752.4 10.6 82 .9 0
00:58 752.4 10.6 82 .9 0
00:59 752.4 10.6 82 .9 0
01:00 752.5 10.6 82 .9 0
01:01 752.5 10.7 82 .9 0
01:02 752.5 10.7 82 .9 0
01:03 752.5 10.7 82 .9 0
01:04 752.5 10.7 82 .9 0
01:05 752.5 10.7 82 .9 0
01:06 752.5 10.7 82 .9 0
01:07 752.5 10.7 82 .9 0
01:08 752.5 10.6 82 .9 0
01:09 752.5 10.6 82 .9 0
01:10 752.5 10.6 82 .9 0
01:11 752.5 10.6 82 .9 0
01:12 752.5 10.6 82 .9 0
01:13 752.5 10.6 82 .9 0
01:14 752.5 10.6 82 .9 0
01:15 752.5 10.6 82 1.3 0
01:16 752.5 10.5 82 1.3 0
01:17 752.5 10.5 82 1.3 0
01:18 752.5 10.5 82 1.3 0
01:19 752.5 10.5 82 1.3 0
01:20 752.5 10.5 82 1.3 0
01:21 752.5 10.5 82 .9 0
01:22 752.5 10.5 82 1.3 0
01:23 752.5 10.5 82 .9 0
01:24 752.5 10.5 82 .9 0
01:25 752.5 10.5 82 .9 0
01:26 752.5 10.4 82 1.3 0
01:27 752.5 10.4 82 1.3 0
01:28 752.5 10.4 82 .9 0
01:29 752.5 10.4 83 1.3 0
01:30 752.5 10.4 82 1.3 0
01:31 752.5 10.4 82 1.8 0
01:32 752.5 10.4 82 1.8 0
01:33 752.5 10.5 82 1.3 0
01:34 752.5 10.5 82 1.3 0
01:35 752.5 10.5 82 1.3 0
01:36 752.5 10.4 82 1.3 0
01:37 752.5 10.4 82 .9 0
01:38 752.5 10.4 82 .9 0
01:39 752.5 10.4 82 1.3 0
01:40 752.5 10.4 82 1.3 0
01:41 752.5 10.4 82 1.3 0
01:42 752.5 10.4 82 .9 0
01:43 752.5 10.4 82 .9 0
01:44 752.5 10.4 82 .9 0
01:45 752.5 10.4 82 1.3 0
01:46 752.5 10.4 82 1.3 0
01:47 752.5 10.5 82 1.3 0
01:48 752.5 10.5 82 1.3 0
01:49 752.5 10.5 82 1.3 0
01:50 752.5 10.5 82 1.3 0
01:51 752.5 10.5 82 .9 0
01:52 752.5 10.4 82 .9 0
01:53 752.5 10.4 82 .9 0
01:54 752.5 10.4 82 .9 0
01:55 752.5 10.4 82 .9 0
01:56 752.5 10.4 82 .9 0
01:57 752.5 10.4 82 .9 0
01:58 752.5 10.4 82 .9 0
01:59 752.5 10.4 82 .9 0
02:00 752.6 10.4 82 .9 0
02:01 752.6 10.4 82 .9 0
02:02 752.6 10.4 82 .4 0
02:03 752.6 10.4 82 .9 0
02:04 752.6 10.4 82 .9 0
02:05 752.6 10.4 82 .9 0
02:06 752.6 10.4 82 .9 0
02:07 752.6 10.4 82 .9 0
02:08 752.6 10.4 82 .9 0
02:09 752.6 10.4 82 .9 0
02:10 752.6 10.4 82 .4 0
02:11 752.6 10.4 82 .4 0
02:12 752.6 10.4 82 0 0
02:13 752.6 10.4 83 0 0
02:14 752.6 10.3 83 0 0
02:15 752.6 10.3 83 .4 0
02:16 752.6 10.3 83 .4 0
02:17 752.6 10.3 83 .4 0
02:18 752.6 10.3 83 .4 0
02:19 752.6 10.3 83 .9 0
02:20 752.6 10.3 83 .9 0
02:21 752.6 10.3 83 .9 0
02:22 752.6 10.3 83 .9 0
02:23 752.6 10.3 83 .9 0
02:24 752.6 10.3 83 1.3 0
02:25 752.6 10.3 83 1.3 0
02:26 752.6 10.3 83 1.3 0
02:27 752.6 10.3 83 .9 0
02:28 752.6 10.2 83 .9 0
02:29 752.6 10.2 84 .9 0
02:30 752.8 10.2 84 .9 0
02:31 752.8 10.1 84 .9 0
02:32 752.8 10.1 84 .9 0
02:33 752.8 10.1 84 .9 0
02:34 752.8 10.1 84 .4 0
02:35 752.8 10 84 0 0
02:36 752.8 10 84 .4 0
02:37 752.8 10 84 0 0
02:38 752.8 9.9 84 0 0
02:39 752.8 9.9 84 0 0
02:40 752.8 9.9 84 0 0
02:41 752.8 9.9 85 .4 0
02:42 752.8 9.9 85 0 0
02:43 752.8 9.8 85 .4 0
02:44 752.8 9.8 85 .4 0
02:45 752.8 9.8 85 .4 0
02:46 752.8 9.8 85 .4 0
02:47 752.8 9.8 85 .9 0
02:48 752.8 9.8 85 .9 0
02:49 752.8 9.8 85 .9 0
02:50 752.8 9.8 85 .9 0
02:51 752.8 9.8 85 .9 0
02:52 752.8 9.8 85 .9 0
02:53 752.8 9.8 85 .9 0
02:54 752.8 9.7 86 .9 0
02:55 752.8 9.7 86 .9 0
02:56 752.8 9.7 86 .9 0
02:57 752.8 9.6 86 .9 0
02:58 752.8 9.6 86 .9 0
02:59 752.8 9.6 86 .9 0
03:00 752.9 9.6 86 .9 0
03:01 752.9 9.6 86 .9 0
03:02 752.9 9.6 86 .9 0
03:03 752.9 9.4 86 .9 0
03:04 752.9 9.4 86 .9 0
03:05 752.9 9.4 86 .9 0
03:06 752.9 9.4 86 .9 0
03:07 752.9 9.3 86 .9 0
03:08 752.9 9.3 86 .9 0
03:09 752.9 9.3 86 .9 0
03:10 752.9 9.3 86 .9 0
03:11 752.9 9.3 87 .9 0
03:12 752.9 9.3 87 .9 0
03:13 752.9 9.3 87 .9 0
03:14 752.9 9.3 87 .9 0
03:15 752.9 9.3 87 .9 0
03:16 752.9 9.3 87 .9 0
03:17 752.9 9.3 87 .9 0
03:18 752.9 9.2 87 .9 0
03:19 752.9 9.2 87 .9 0
03:20 752.9 9.2 87 .9 0
03:21 752.9 9.2 87 .9 0
03:22 752.9 9.3 87 .9 0
03:23 752.9 9.3 87 1.3 0
03:24 752.9 9.3 87 .9 0
03:25 752.9 9.3 87 1.3 0
03:26 752.9 9.3 87 1.3 0
03:27 752.9 9.3 87 1.3 0
03:28 752.9 9.3 87 1.3 0
03:29 752.9 9.3 87 1.3 0
03:30 752.9 9.3 87 1.3 0
03:31 752.9 9.3 87 .9 0
03:32 752.9 9.3 87 .9 0
03:33 752.9 9.2 87 .9 0
03:34 752.9 9.2 87 .9 0
03:35 752.9 9.1 87 .9 0
03:36 752.9 9.1 87 .9 0
03:37 752.9 9.1 87 .9 0
03:38 752.9 9.1 87 .9 0
03:39 752.9 9.1 87 1.3 0
03:40 752.9 9.1 87 .9 0
03:41 752.9 9.1 88 1.3 0
03:42 752.9 9.1 88 .9 0
03:43 752.9 9.1 88 .9 0
03:44 752.9 9.1 88 1.3 0
03:45 752.9 9.1 88 .9 0
03:46 752.9 9.1 88 1.3 0
03:47 752.9 9.1 88 .9 0
03:48 752.9 9.1 88 .9 0
03:49 752.9 9.1 88 .9 0
03:50 752.9 9.1 88 1.3 0
03:51 752.9 9.1 88 1.3 0
03:52 752.9 9.1 88 .9 0
03:53 752.9 9.1 88 1.3 0
03:54 752.9 9.1 88 1.3 0
03:55 752.9 9.1 88 1.3 0
03:56 752.9 9.1 88 1.8 0
03:57 752.9 9.1 88 1.3 0
03:58 752.9 9.1 88 1.3 0
03:59 752.9 9.1 88 1.3 0
04:00 753 9.1 88 1.3 0
04:01 753 9.1 88 1.3 0
04:02 753 9.1 88 1.3 0
04:03 753 9.1 88 1.3 0
04:04 753 9.1 88 1.3 0
04:05 753 9.1 88 1.3 0
04:06 753 9.1 88 1.3 0
04:07 753 9.1 88 1.3 0
04:08 753 9.1 88 1.3 0
04:09 753 9.1 88 1.8 0
04:10 753 9.1 88 1.3 0
04:11 753 9.1 88 1.3 0
04:12 753 9.1 88 1.3 0
04:13 753 9.1 88 1.3 0
04:14 753 9.2 88 1.8 0
04:15 753 9.2 88 1.8 0
04:16 753 9.2 88 1.3 0
04:17 753 9.2 88 1.3 0
04:18 753 9.2 88 1.3 0
04:19 753 9.2 88 1.3 0
04:20 753 9.2 88 1.8 0
04:21 753 9.2 88 1.8 0
04:22 753 9.2 88 1.3 0
04:23 753 9.2 88 1.3 0
04:24 753 9.2 88 1.3 0
04:25 753 9.2 88 1.3 0
04:26 753 9.2 88 1.8 0
04:27 753 9.2 88 1.8 0
04:28 753 9.2 88 1.3 0
04:29 753 9.2 88 1.3 0
04:30 753 9.2 88 1.3 0
04:31 753 9.1 87 1.3 0
04:32 753 9.1 87 1.3 0
04:33 753 9.1 87 1.3 0
04:34 753 9.1 88 1.3 0
04:35 753 9.1 88 1.3 0
04:36 753 9.1 88 1.3 0
04:37 753 9.1 88 1.3 0
04:38 753 9.1 88 1.8 0
04:39 753 9.1 88 1.8 0
04:40 753 9.1 88 1.8 0
04:41 753 8.9 88 1.8 0
04:42 753 8.9 88 1.8 0
04:43 753 8.9 88 1.8 0
04:44 753 8.9 88 1.3 0
04:45 753 8.9 88 1.8 0
04:46 753 8.9 89 1.8 0
04:47 753 8.9 89 1.8 0
04:48 753 8.9 89 1.8 0
04:49 753 8.9 89 1.8 0
04:50 753 8.9 89 1.3 0
04:51 753 8.9 89 1.3 0
04:52 753 8.9 89 1.3 0
04:53 753 8.9 89 1.8 0
04:54 753 8.9 89 1.8 0
04:55 753 8.9 89 1.3 0
04:56 753 8.9 89 1.3 0
04:57 753 8.9 89 1.3 0
04:58 753 8.9 89 1.8 0
04:59 753 8.9 89 1.8 0
05:00 753 8.9 89 1.8 0
05:01 753 8.9 89 1.3 0
05:02 753 8.9 89 1.3 0
05:03 753 8.9 89 1.8 0
05:04 753 8.9 89 1.3 0
05:05 753 8.9 89 1.3 0
05:06 753 8.9 89 1.3 0
05:07 753 8.9 89 1.3 0
05:08 753 8.9 89 .9 0
05:09 753 8.9 89 1.3 0
05:10 753 8.9 89 1.3 0
05:11 753 8.9 89 .9 0
05:12 753 8.9 89 .9 0
05:13 753 8.9 89 .9 0
05:14 753 8.9 89 .4 0
05:15 753 8.9 89 .9 0
05:16 753 8.9 89 .9 0
05:17 753 8.9 89 .9 0
05:18 753 8.9 89 .9 0
05:19 753 8.9 89 .4 0
05:20 753 8.9 89 .4 0
05:21 753 8.9 89 .4 0
05:22 753 8.8 89 .4 0
05:23 753 8.8 89 .4 0
05:24 753 8.8 89 .4 0
05:25 753 8.8 89 .4 0
05:26 753 8.8 89 .4 0
05:27 753 8.8 89 .4 0
05:28 753 8.8 89 .4 0
05:29 753 8.8 89 .4 0
05:30 753 8.7 89 .4 0
05:31 753 8.7 89 .4 0
05:32 753 8.7 90 .4 0
05:33 753 8.7 90 .4 0
05:34 753 8.7 90 .4 0
05:35 753 8.7 90 .4 0
05:36 753 8.6 90 .4 0
05:37 753 8.6 90 .4 0
05:38 753 8.6 90 .4 0
05:39 753 8.6 90 .9 0
05:40 753 8.6 90 .4 0
05:41 753 8.6 90 .4 0
05:42 753 8.6 90 .4 0
05:43 753 8.6 90 .4 0
05:44 753 8.6 90 .4 0
05:45 753 8.6 90 .4 0
05:46 753 8.6 90 .4 0
05:47 753 8.6 90 .4 0
05:48 753 8.6 90 .4 0
05:49 753 8.6 90 .4 0
05:50 753 8.6 90 .4 0
05:51 753 8.6 90 .4 0
05:52 753 8.6 90 .4 0
05:53 753 8.6 90 .4 0
05:54 753 8.6 90 .4 0
05:55 753 8.6 90 .9 0
05:56 753 8.6 91 .9 0
05:57 753 8.6 90 .9 0
05:58 753 8.6 90 .9 0
05:59 753 8.6 90 .4 0
06:00 753.2 8.6 91 .4 0
06:01 753.2 8.4 91 .4 0
06:02 753.2 8.4 90 .4 0
06:03 753.2 8.4 90 .4 0
06:04 753.2 8.4 90 .4 0
06:05 753.2 8.4 90 .4 0
06:06 753.2 8.4 90 0 0
06:07 753.2 8.4 90 0 0
06:08 753.2 8.4 90 0 0
06:09 753.2 8.4 90 0 0
06:10 753.2 8.4 90 0 0
06:11 753.2 8.4 90 0 0
06:12 753.2 8.4 90 0 0
06:13 753.2 8.4 90 0 0
06:14 753.2 8.4 90 0 0
06:15 753.1 8.3 90 0 0
06:16 753.1 8.3 90 0 0
06:17 753.1 8.3 90 0 0
06:18 753.1 8.3 90 0 0
06:19 753.1 8.3 90 0 0
06:20 753.1 8.3 90 0 0
06:21 753.1 8.3 90 0 0
06:22 753.1 8.3 90 0 0
06:23 753.1 8.3 90 0 0
06:24 753.1 8.2 90 0 0
06:25 753.1 8.2 90 0 0
06:26 753.1 8.2 90 0 0
06:27 753.1 8.2 90 0 0
06:28 753.1 8.2 90 0 0
06:29 753.1 8.2 90 0 0
06:30 753.3 8.2 90 0 0
06:31 753.3 8.2 91 0 0
06:32 753.3 8.2 91 0 0
06:33 753.3 8.2 91 0 0
06:34 753.3 8.2 91 0 0
06:35 753.3 8.3 91 0 0
06:36 753.3 8.2 91 0 0
06:37 753.3 8.2 90 0 0
06:38 753.3 8.2 90 0 0
06:39 753.3 8.2 90 0 0
06:40 753.3 8.2 90 0 0
06:41 753.3 8.1 90 0 0
06:42 753.3 8.1 91 0 0
06:43 753.3 8.1 91 0 0
06:44 753.3 8.1 91 0 0
06:45 753.4 8.1 91 0 0
06:46 753.4 8.1 91 0 0
06:47 753.4 8.1 91 0 0
06:48 753.4 8.1 91 0 0
06:49 753.4 8.1 91 0 0
06:50 753.4 8.1 91 0 0
06:51 753.4 8.2 91 0 0
06:52 753.4 8.2 91 0 0
06:53 753.4 8.2 91 0 0
06:54 753.4 8.2 91 0 0
06:55 753.4 8.2 91 0 0
06:56 753.4 8.2 91 0 0
06:57 753.4 8.2 91 0 0
06:58 753.4 8.2 91 0 0
06:59 753.4 8.2 91 0 0
07:00 753.3 8.2 91 0 0
07:01 753.3 8.1 91 0 0
07:02 753.3 8.1 91 0 0
07:03 753.3 8.1 91 0 0
07:04 753.3 8.2 91 0 0
07:05 753.3 8.2 91 0 0
07:06 753.3 8.3 91 0 0
07:07 753.3 8.3 91 0 0
07:08 753.3 8.4 91 0 0
07:09 753.3 8.4 91 0 0
07:10 753.3 8.4 92 0 0
07:11 753.3 8.6 92 0 0
07:12 753.3 8.6 91 0 0
07:13 753.3 8.6 91 0 0
07:14 753.3 8.6 91 0 0
07:15 753.3 8.6 91 0 0
07:16 753.3 8.7 91 0 0
07:17 753.3 8.7 91 0 0
07:18 753.3 8.7 91 0 0
07:19 753.3 8.7 91 0 0
07:20 753.3 8.7 91 0 0
07:21 753.3 8.8 91 0 0
07:22 753.3 8.8 91 0 0
07:23 753.3 8.8 91 0 0
07:24 753.3 8.9 91 0 0
07:25 753.3 8.9 91 0 0
07:26 753.3 8.9 91 0 0
07:27 753.3 8.9 91 0 0
07:28 753.3 8.9 91 0 0
07:29 753.3 8.9 90 0 0
07:30 753.4 8.9 90 0 0
07:31 753.4 8.9 90 0 0
07:32 753.4 8.9 90 0 0
07:33 753.4 8.9 90 0 0
07:34 753.4 8.9 90 0 0
07:35 753.4 8.9 90 0 0
07:36 753.4 8.9 91 0 0
07:37 753.4 8.9 91 0 0
07:38 753.4 8.9 91 0 0
07:39 753.4 8.9 90 0 0
07:40 753.4 8.9 91 0 0
07:41 753.4 8.9 91 0 0
07:42 753.4 8.9 91 0 0
07:43 753.4 8.9 91 0 0
07:44 753.4 8.9 91 0 0
07:45 753.3 8.9 91 0 0
07:46 753.3 9.1 91 0 0
07:47 753.3 9.1 91 0 0
07:48 753.3 9.1 91 0 0
07:49 753.3 9.1 91 0 0
07:50 753.3 9.1 91 0 0
07:51 753.3 9.2 91 0 0
07:52 753.3 9.3 91 0 0
07:53 753.3 9.3 91 0 0
07:54 753.3 9.4 91 0 0
07:55 753.3 9.4 91 0 0
07:56 753.3 9.4 91 0 0
07:57 753.3 9.6 91 0 0
07:58 753.3 9.6 91 0 0
07:59 753.3 9.7 91 0 0
08:00 753.4 9.7 91 0 0
08:01 753.4 9.8 90 0 0
08:02 753.4 9.8 90 0 0
08:03 753.4 9.8 90 0 0
08:04 753.4 9.8 90 0 0
08:05 753.4 9.8 90 0 0
08:06 753.4 9.9 90 0 0
08:07 753.4 9.9 89 0 0
08:08 753.4 10 89 0 0
08:09 753.4 10 89 0 0
08:10 753.4 10.1 89 0 0
08:11 753.4 10.2 89 0 0
08:12 753.4 10.2 89 0 0
08:13 753.4 10.3 88 0 0
08:14 753.4 10.3 88 0 0
08:15 753.7 10.3 88 .4 0
08:16 753.7 10.4 88 0 0
08:17 753.7 10.5 88 0 0
08:18 753.7 10.6 88 0 0
08:19 753.7 10.7 88 0 0
08:20 753.7 10.7 87 .4 0
08:21 753.7 10.8 87 .4 0
08:22 753.7 10.8 87 0 0
08:23 753.7 11 87 0 0
08:24 753.7 11.1 86 0 0
08:25 753.7 11.2 86 .9 0
08:26 753.7 11.2 86 .9 0
08:27 753.7 11.3 86 .4 0
08:28 753.7 11.3 85 .9 0
08:29 753.7 11.3 85 .9 0
08:30 753.6 11.4 84 .4 0
08:31 753.6 11.4 84 0 0
08:32 753.6 11.5 84 0 0
08:33 753.6 11.6 84 0 0
08:34 753.6 11.6 84 0 0
08:35 753.6 11.7 84 0 0
08:36 753.6 11.7 84 .4 0
08:37 753.6 11.7 83 .9 0
08:38 753.6 11.8 83 1.3 0
08:39 753.6 11.8 83 1.3 0
08:40 753.6 11.8 82 1.3 0
08:41 753.6 11.8 82 1.3 0
08:42 753.6 11.8 82 .9 0
08:43 753.6 11.8 82 .4 0
08:44 753.6 11.9 82 .4 0
08:45 753.7 11.9 82 .9 0
08:46 753.7 12 82 .9 0
08:47 753.7 12 82 .9 0
08:48 753.7 12.1 82 .9 0
08:49 753.7 12.1 81 .4 0
08:50 753.7 12.2 81 .4 0
08:51 753.7 12.2 81 .9 0
08:52 753.7 12.2 81 .9 0
08:53 753.7 12.2 80 .9 0
08:54 753.7 12.3 80 .4 0
08:55 753.7 12.3 80 .4 0
08:56 753.7 12.3 80 0 0
08:57 753.7 12.3 80 .4 0
08:58 753.7 12.4 79 1.3 0
08:59 753.7 12.4 79 1.3 0
09:00 753.7 12.4 79 1.3 0
09:01 753.7 12.4 79 .9 0
09:02 753.7 12.4 78 .9 0
09:03 753.7 12.5 78 1.3 0
09:04 753.7 12.5 78 1.3 0
09:05 753.7 12.5 78 .9 0
09:06 753.7 12.5 78 .4 0
09:07 753.7 12.5 78 .9 0
09:08 753.7 12.5 78 .9 0
09:09 753.7 12.6 78 .4 0
09:10 753.7 12.6 78 .4 0
09:11 753.7 12.6 78 .9 0
09:12 753.7 12.6 78 .4 0
09:13 753.7 12.6 78 .4 0
09:14 753.7 12.7 78 0 0
09:15 753.8 12.7 79 .4 0
09:16 753.8 12.7 79 .4 0
09:17 753.8 12.7 78 .9 0
09:18 753.8 12.7 78 .9 0
09:19 753.8 12.8 78 .9 0
09:20 753.8 12.8 78 .9 0
09:21 753.8 12.8 77 .9 0
09:22 753.8 12.9 77 1.3 0
09:23 753.8 12.9 77 1.3 0
09:24 753.8 12.9 77 .9 0
09:25 753.8 13 78 .4 0
09:26 753.8 13 77 .9 0
09:27 753.8 13.1 78 .9 0
09:28 753.8 13.2 77 1.3 0
09:29 753.8 13.2 77 1.3 0
09:30 753.8 13.2 77 1.3 0
09:31 753.8 13.3 77 .4 0
09:32 753.8 13.4 77 .9 0
09:33 753.8 13.5 75 .9 0
09:34 753.8 13.5 75 .9 0
09:35 753.8 13.6 75 .4 0
09:36 753.8 13.7 76 0 0
09:37 753.8 13.7 76 .9 0
09:38 753.8 13.9 75 .9 0
09:39 753.8 13.9 74 .4 0
09:40 753.8 14.1 74 1.3 0
09:41 753.8 14.1 73 1.3 0
09:42 753.8 14.1 73 1.8 0
09:43 753.8 14.1 73 1.3 0
09:44 753.8 14.1 73 1.3 0
09:45 753.7 14.2 73 1.3 0
09:46 753.7 14.2 73 .9 0
09:47 753.7 14.2 73 1.8 0
09:48 753.7 14.2 73 1.8 0
09:49 753.7 14.2 73 1.3 0
09:50 753.7 14.2 73 1.3 0
09:51 753.7 14.3 73 1.3 0
09:52 753.7 14.3 73 1.8 0
09:53 753.7 14.3 72 1.8 0
09:54 753.7 14.3 72 1.8 0
09:55 753.7 14.3 71 1.3 0
09:56 753.7 14.3 72 1.3 0
09:57 753.7 14.4 72 1.8 0
09:58 753.7 14.4 72 1.8 0
09:59 753.7 14.4 72 .9 0
10:00 753.7 14.5 71 1.3 0
10:01 753.7 14.4 71 1.8 0
10:02 753.7 14.5 71 1.3 0
10:03 753.7 14.5 71 .4 0
10:04 753.7 14.6 71 .4 0
10:05 753.7 14.6 71 1.8 0
10:06 753.7 14.6 70 2.2 0
10:07 753.7 14.7 71 1.3 0
10:08 753.7 14.6 71 1.3 0
10:09 753.7 14.7 71 .9 0
10:10 753.7 14.7 71 .4 0
10:11 753.7 14.7 70 1.3 0
10:12 753.7 14.7 71 2.2 0
10:13 753.7 14.7 69 2.2 0
10:14 753.7 14.7 70 1.8 0
10:15 753.7 14.7 70 1.3 0
10:16 753.7 14.8 70 2.2 0
10:17 753.7 14.8 69 1.8 0
10:18 753.7 14.8 69 1.8 0
10:19 753.7 14.8 69 1.3 0
10:20 753.7 14.8 70 .9 0
10:21 753.7 14.9 70 2.2 0
10:22 753.7 14.9 69 1.3 0
10:23 753.7 14.9 69 1.3 0
10:24 753.7 14.9 69 1.3 0
10:25 753.7 14.9 71 1.3 0
10:26 753.7 15 68 3.6 0
10:27 753.7 14.9 68 3.1 0
10:28 753.7 14.9 69 2.2 0
10:29 753.7 15 69 .9 0
10:30 753.5 15.1 70 .4 0
10:31 753.5 15.2 69 .9 0
10:32 753.5 15.2 68 2.7 0
10:33 753.5 15.2 68 2.2 0
10:34 753.5 15.2 69 3.1 0
10:35 753.5 15.2 69 2.7 0
10:36 753.5 15.1 68 1.8 0
10:37 753.5 15.1 69 1.8 0
10:38 753.5 15.1 69 .9 0
10:39 753.5 15.1 68 1.8 0
10:40 753.5 15.2 68 1.8 0
10:41 753.5 15.2 69 1.8 0
10:42 753.5 15.2 68 1.3 0
10:43 753.5 15.2 68 .9 0
10:44 753.5 15.2 68 1.3 0
10:45 753.5 15.3 67 1.3 0
10:46 753.5 15.4 68 1.8 0
10:47 753.5 15.4 66 1.3 0
10:48 753.5 15.5 66 .9 0
10:49 753.5 15.6 65 1.3 0
10:50 753.5 15.7 66 1.3 0
10:51 753.5 15.7 64 3.1 0
10:52 753.5 15.7 63 2.7 0
10:53 753.5 15.7 63 2.2 0
10:54 753.5 15.7 64 2.2 0
10:55 753.5 15.7 64 2.7 0
10:56 753.5 15.8 64 1.8 0
10:57 753.5 15.9 64 1.8 0
10:58 753.5 16 64 3.1 0
10:59 753.5 16 64 3.1 0
11:00 753.4 15.9 63 1.8 0
11:01 753.4 15.9 64 3.1 0
11:02 753.4 15.9 64 4.5 0
11:03 753.4 15.9 64 2.2 0
11:04 753.4 15.9 64 1.8 0
11:05 753.4 15.9 64 1.8 0
11:06 753.4 16 64 1.8 0
11:07 753.4 16.2 65 2.7 0
11:08 753.4 16.3 63 1.8 0
11:09 753.4 16.4 63 2.2 0
11:10 753.4 16.6 62 1.3 0
11:11 753.4 16.8 61 4.5 0
11:12 753.4 16.9 59 2.7 0
11:13 753.4 16.9 60 2.7 0
11:14 753.4 16.9 57 4.9 0
11:15 753.4 16.8 57 2.7 0
11:16 753.4 16.8 58 1.8 0
11:17 753.4 16.7 57 5.8 0
11:18 753.4 16.6 58 4 0
11:19 753.4 16.6 59 3.6 0
11:20 753.4 16.6 58 4.5 0
11:21 753.4 16.6 59 5.4 0
11:22 753.4 16.6 59 3.6 0
11:23 753.4 16.7 59 3.6 0
11:24 753.4 16.6 59 3.1 0
11:25 753.4 16.6 59 2.7 0
11:26 753.4 16.6 59 4.5 0
11:27 753.4 16.6 59 4.9 0
11:28 753.4 16.5 59 3.1 0
11:29 753.4 16.5 60 3.6 0
11:30 753.5 16.4 60 4.5 0
11:31 753.5 16.4 60 4.5 0
11:32 753.5 16.4 60 4.5 0
11:33 753.5 16.4 60 3.1 0
11:34 753.5 16.4 61 3.6 0
11:35 753.5 16.4 59 4.5 0
11:36 753.5 16.4 60 3.1 0
11:37 753.5 16.4 60 4.5 0
11:38 753.5 16.4 60 2.7 0
11:39 753.5 16.5 61 4.5 0
11:40 753.5 16.4 60 4.5 0
11:41 753.5 16.4 60 2.7 0
11:42 753.5 16.3 60 2.2 0
11:43 753.5 16.3 60 3.6 0
11:44 753.5 16.3 61 3.1 0
11:45 753.7 16.3 61 2.7 0
11:46 753.7 16.3 60 .9 0
11:47 753.7 16.3 61 1.3 0
11:48 753.7 16.3 61 2.7 0
11:49 753.7 16.3 61 4 0
11:50 753.7 16.3 61 4.5 0
11:51 753.7 16.3 61 3.1 0
11:52 753.7 16.3 62 3.6 0
11:53 753.7 16.3 61 3.6 0
11:54 753.7 16.3 61 4 0
11:55 753.7 16.3 61 2.7 0
11:56 753.7 16.3 61 1.8 0
11:57 753.7 16.3 61 2.7 0
11:58 753.7 16.3 62 3.6 0
11:59 753.7 16.2 62 4 0
12:00 753.6 16.2 61 3.6 0
12:01 753.6 16.2 61 1.8 0
12:02 753.6 16.2 61 2.7 0
12:03 753.6 16.2 61 2.7 0
12:04 753.6 16.2 61 2.7 0
12:05 753.6 16.3 62 1.3 0
12:06 753.6 16.3 61 2.2 0
12:07 753.6 16.3 60 2.7 0
12:08 753.6 16.3 61 .9 0
12:09 753.6 16.3 61 1.3 0
12:10 753.6 16.3 61 1.3 0
12:11 753.6 16.3 61 1.8 0
12:12 753.6 16.3 62 1.3 0
12:13 753.6 16.3 61 2.7 0
12:14 753.6 16.3 61 3.6 0
12:15 753.4 16.3 61 1.8 0
12:16 753.4 16.4 61 1.8 0
12:17 753.4 16.4 60 1.8 0
12:18 753.4 16.4 61 1.8 0
12:19 753.4 16.4 60 1.3 0
12:20 753.4 16.5 61 1.8 0
12:21 753.4 16.5 60 2.2 0
12:22 753.4 16.5 59 2.2 0
12:23 753.4 16.4 60 1.8 0
12:24 753.4 16.4 60 1.8 0
12:25 753.4 16.5 61 .9 0
12:26 753.4 16.5 61 1.3 0
12:27 753.4 16.5 59 .4 0
12:28 753.4 16.6 59 0 0
12:29 753.4 16.7 59 0 0
12:30 753.3 16.7 59 .4 0
12:31 753.3 16.9 59 .4 0
12:32 753.3 16.9 58 0 0
12:33 753.3 17.1 58 .9 0
12:34 753.3 17.1 58 2.2 0
12:35 753.3 17.1 59 1.8 0
12:36 753.3 16.9 59 1.3 0
12:37 753.3 16.9 59 .9 0
12:38 753.3 16.9 59 0 0
12:39 753.3 16.9 59 .9 0
12:40 753.3 17.1 60 .9 0
12:41 753.3 17.1 60 .9 0
12:42 753.3 17.1 59 2.2 0
12:43 753.3 17.1 59 2.2 0
12:44 753.3 17.1 58 1.3 0
12:45 753.3 17.1 58 2.2 0
12:46 753.3 17.1 58 2.2 0
12:47 753.3 16.9 58 2.2 0
12:48 753.3 16.9 58 1.8 0
12:49 753.3 16.9 58 .9 0
12:50 753.3 16.9 58 .4 0
12:51 753.3 16.9 59 .9 0
12:52 753.3 16.9 59 .4 0
12:53 753.3 16.9 59 .9 0
12:54 753.3 16.9 58 .9 0
12:55 753.3 16.9 58 .4 0
12:56 753.3 16.9 58 1.3 0
12:57 753.3 16.9 59 .4 0
12:58 753.3 16.9 59 .4 0
12:59 753.3 17.1 59 .4 0
13:00 753 17.1 59 .9 0
13:01 753 17.1 58 1.8 0
13:02 753 17.1 57 1.8 0
13:03 753 17.1 56 1.3 0
13:04 753 17.1 57 1.8 0
13:05 753 17.1 57 1.3 0
13:06 753 17.1 57 1.8 0
13:07 753 17.1 57 2.2 0
13:08 753 17.1 57 1.3 0
13:09 753 17.1 57 1.3 0
13:10 753 17.1 57 1.3 0
13:11 753 17.1 57 1.3 0
13:12 753 17.1 58 1.3 0
13:13 753 17.1 58 1.3 0
13:14 753 17.1 57 0 0
13:15 753 17.1 58 0 0
13:16 753 17.1 58 0 0
13:17 753 17.1 57 0 0
13:18 753 17.1 57 0 0
13:19 753 17.1 57 0 0
13:20 753 17.1 57 .4 0
13:21 753 17.1 58 1.8 0
13:22 753 17.1 58 2.2 0
13:23 753 17.1 59 1.8 0
13:24 753 17.1 59 1.8 0
13:25 753 16.9 59 2.2 0
13:26 753 16.9 59 2.7 0
13:27 753 16.9 59 2.2 0
13:28 753 16.9 59 2.2 0
13:29 753 16.9 59 2.2 0
13:30 753.2 16.8 59 2.7 0
13:31 753.2 16.8 59 2.2 0
13:32 753.2 16.8 59 2.2 0
13:33 753.2 16.8 60 2.2 0
13:34 753.2 16.7 60 2.2 0
13:35 753.2 16.7 59 2.2 0
13:36 753.2 16.7 59 1.8 0
13:37 753.2 16.7 59 1.3 0
13:38 753.2 16.7 59 .9 0
13:39 753.2 16.7 60 .4 0
13:40 753.2 16.7 60 0 0
13:41 753.2 16.7 60 0 0
13:42 753.2 16.7 60 0 0
13:43 753.2 16.7 60 0 0
13:44 753.2 16.7 60 .4 0
13:45 752.9 16.7 61 .4 0
13:46 752.9 16.7 61 0 0
13:47 752.9 16.7 61 0 0
13:48 752.9 16.7 61 0 0
13:49 752.9 16.7 61 0 0
13:50 752.9 16.7 62 .9 0
13:51 752.9 16.7 61 1.3 0
13:52 752.9 16.7 61 .9 0
13:53 752.9 16.6 61 1.3 0
13:54 752.9 16.6 61 1.3 0
13:55 752.9 16.6 61 1.8 0
13:56 752.9 16.6 61 1.8 0
13:57 752.9 16.6 61 1.8 0
13:58 752.9 16.6 61 1.8 0
13:59 752.9 16.6 61 1.8 0
14:00 753.1 16.5 61 1.8 0
14:01 753.1 16.5 61 1.8 0
14:02 753.1 16.5 61 1.8 0
14:03 753.1 16.5 61 1.3 0
14:04 753.1 16.5 62 1.3 0
14:05 753.1 16.5 62 1.3 0
14:06 753.1 16.5 61 .4 0
14:07 753.1 16.5 63 .4 0
14:08 753.1 16.5 63 1.8 0
14:09 753.1 16.5 62 1.8 0
14:10 753.1 16.4 63 1.3 0
14:11 753.1 16.4 63 1.3 0
14:12 753.1 16.4 63 1.3 0
14:13 753.1 16.4 63 .9 0
14:14 753.1 16.4 64 .4 0
14:15 753.1 16.4 63 1.3 0
14:16 753.1 16.4 64 1.3 0
14:17 753.1 16.4 63 1.8 0
14:18 753.1 16.4 63 1.8 0
14:19 753.1 16.4 62 1.8 0
14:20 753.1 16.4 64 1.8 0
14:21 753.1 16.4 63 1.3 0
14:22 753.1 16.4 64 1.3 0
14:23 753.1 16.4 63 .9 0
14:24 753.1 16.4 63 2.2 0
14:25 753.1 16.4 63 2.2 0
14:26 753.1 16.4 63 1.3 0
14:27 753.1 16.4 63 2.2 0
14:28 753.1 16.4 63 1.8 0
14:29 753.1 16.4 63 1.8 0
14:30 753 16.4 62 2.2 0
14:31 753 16.4 62 1.3 0
14:32 753 16.4 62 1.8 0
14:33 753 16.4 62 1.8 0
14:34 753 16.4 63 1.3 0
14:35 753 16.4 62 1.3 0
14:36 753 16.4 62 1.8 0
14:37 753 16.4 63 1.8 0
14:38 753 16.4 63 1.3 0
14:39 753 16.4 62 1.8 0
14:40 753 16.4 62 1.8 0
14:41 753 16.4 63 .9 0
14:42 753 16.4 62 .9 0
14:43 753 16.4 63 .4 0
14:44 753 16.4 63 .4 0
14:45 752.9 16.4 63 1.8 0
14:46 752.9 16.4 62 2.2 0
14:47 752.9 16.3 62 1.3 0
14:48 752.9 16.3 63 .9 0
14:49 752.9 16.3 63 .9 0
14:50 752.9 16.3 62 1.3 0
14:51 752.9 16.3 63 0 0
14:52 752.9 16.3 63 1.3 0
14:53 752.9 16.3 62 1.3 0
14:54 752.9 16.3 62 1.3 0
14:55 752.9 16.3 63 1.8 0
14:56 752.9 16.3 62 2.2 0
14:57 752.9 16.3 62 1.8 0
14:58 752.9 16.3 63 .9 0
14:59 752.9 16.3 63 1.3 0
15:00 752.8 16.3 62 1.3 0
15:01 752.8 16.3 63 1.3 0
15:02 752.8 16.3 63 .9 0
15:03 752.8 16.3 63 1.3 0
15:04 752.8 16.3 63 .9 0
15:05 752.8 16.3 63 .4 0
15:06 752.8 16.3 64 .4 0
15:07 752.8 16.3 64 .9 0
15:08 752.8 16.3 64 1.3 0
15:09 752.8 16.3 64 .9 0
15:10 752.8 16.3 64 1.3 0
15:11 752.8 16.3 64 .9 0
15:12 752.8 16.3 65 .4 0
15:13 752.8 16.3 65 .9 0
15:14 752.8 16.3 64 .4 0
15:15 752.9 16.3 67 .4 0
15:16 752.9 16.3 67 .4 0
15:17 752.9 16.3 68 .4 0
15:18 752.9 16.2 68 .4 0
15:19 752.9 16.2 67 0 0
15:20 752.9 16.2 68 .4 0
15:21 752.9 16.2 68 0 0
15:22 752.9 16.1 69 .4 0
15:23 752.9 16.1 69 .4 0
15:24 752.9 16.1 70 0 0
15:25 752.9 16 70 0 0
15:26 752.9 16 71 0 0
15:27 752.9 16 71 0 0
15:28 752.9 15.9 72 .4 0
15:29 752.9 15.9 71 .4 0
15:30 752.7 15.8 71 .4 0
15:31 752.7 15.8 72 .4 0
15:32 752.7 15.8 72 0 0
15:33 752.7 15.8 74 0 0
15:34 752.7 15.7 73 .4 0
15:35 752.7 15.7 73 .9 0
15:36 752.7 15.7 73 .4 0
15:37 752.7 15.6 71 .9 0
15:38 752.7 15.6 70 .4 0
15:39 752.7 15.5 70 .4 0
15:40 752.7 15.5 71 .4 0
15:41 752.7 15.5 72 .4 0
15:42 752.7 15.5 74 .4 0
15:43 752.7 15.4 74 .4 0
15:44 752.7 15.4 74 .4 0
15:45 752.6 15.3 74 .4 0
15:46 752.6 15.3 74 0 0
15:47 752.6 15.3 75 0 0
15:48 752.6 15.2 75 0 0
15:49 752.6 15.2 75 0 0
15:50 752.6 15.2 75 0 0
15:51 752.6 15.2 75 0 0
15:52 752.6 15.2 75 0 0
15:53 752.6 15.2 75 0 0
15:54 752.6 15.2 75 0 0
15:55 752.6 15.2 75 0 0
15:56 752.6 15.2 75 0 0
15:57 752.6 15.2 75 0 0
15:58 752.6 15.2 75 0 0
15:59 752.6 15.1 75 0 0
16:00 752.6 15.1 76 0 0
16:01 752.6 15.1 76 0 0
16:02 752.6 15.1 77 0 0
16:03 752.6 15.1 77 0 0
16:04 752.6 15.1 77 0 0
16:05 752.6 15.1 76 .9 0
16:06 752.6 15 74 2.2 0
16:07 752.6 15 75 2.2 0
16:08 752.6 15 74 2.2 0
16:09 752.6 15 74 2.7 0
16:10 752.6 15 74 .9 0
16:11 752.6 15 75 .4 0
16:12 752.6 15 75 .9 0
16:13 752.6 15 75 .9 0
16:14 752.6 15 75 1.3 0
16:15 752.5 14.9 75 1.3 0
16:16 752.5 14.9 75 1.8 0
16:17 752.5 14.9 75 1.3 0
16:18 752.5 14.8 76 1.3 0
16:19 752.5 14.8 76 .9 0
16:20 752.5 14.8 77 .4 0
16:21 752.5 14.8 77 .4 0
16:22 752.5 14.8 78 .4 0
16:23 752.5 14.8 78 .9 0
16:24 752.5 14.7 78 .9 0
16:25 752.5 14.7 78 .4 0
16:26 752.5 14.7 79 0 0
16:27 752.5 14.7 79 0 0
16:28 752.5 14.7 79 0 0
16:29 752.5 14.7 80 0 1.3
16:30 752.4 14.7 80 0 1.3
16:31 752.4 14.7 81 0 1.3
16:32 752.4 14.7 81 0 1.3
16:33 752.4 14.7 81 0 1.3
16:34 752.4 14.7 81 0 1.3
16:35 752.4 14.6 81 0 1.3
16:36 752.4 14.6 82 0 2.3
16:37 752.4 14.6 83 0 2.3
16:38 752.4 14.6 84 .9 2.3
16:39 752.4 14.5 85 .9 2.3
16:40 752.4 14.5 86 .4 2.3
16:41 752.4 14.4 86 .4 2.3
16:42 752.4 14.3 87 .4 2.3
16:43 752.4 14.3 87 0 2
16:44 752.4 14.2 87 0 1.8
16:45 752.3 14.2 87 0 1.5
16:46 752.3 14.1 87 0 1.5
16:47 752.3 14.1 88 0 1.5
16:48 752.3 14.1 88 0 1.5
16:49 752.3 14.1 88 0 1.5
16:50 752.3 14.1 88 0 1.5
16:51 752.3 14.1 88 0 1.5
16:52 752.3 14.1 89 0 1.5
16:53 752.3 14.1 89 0 1.5
16:54 752.3 14.1 89 0 1.5
16:55 752.3 14.1 89 0 1.5
16:56 752.3 14.1 89 0 1.5
16:57 752.3 14.1 89 0 1.5
16:58 752.3 13.9 89 0 1.3
16:59 752.3 13.9 89 0 1.3
17:00 752.3 13.9 89 0 1
17:01 752.3 13.9 89 0 1
17:02 752.3 13.9 89 0 1
17:03 752.3 13.9 89 0 1
17:04 752.3 13.9 89 0 1
17:05 752.3 13.9 89 0 1
17:06 752.3 13.9 89 0 3.8
17:07 752.3 13.9 89 0 3.8
17:08 752.3 13.9 90 0 3.8
17:09 752.3 13.9 90 0 3.8
17:10 752.3 13.9 90 0 4.3
17:11 752.3 13.9 90 0 4.3
17:12 752.3 13.9 90 .4 4.3
17:13 752.3 13.9 90 0 4.3
17:14 752.3 13.9 90 .4 4.3
17:15 752.6 13.8 91 0 4.3
17:16 752.6 13.8 91 0 4.3
17:17 752.6 13.8 91 0 3.6
17:18 752.6 13.7 91 0 3
17:19 752.6 13.7 91 0 2.5
17:20 752.6 13.7 91 0 2
17:21 752.6 13.7 91 0 1.8
17:22 752.6 13.7 91 0 1.8
17:23 752.6 13.7 91 .4 1.5
17:24 752.6 13.7 91 .4 1.3
17:25 752.6 13.7 91 0 1.3
17:26 752.6 13.7 91 0 1.3
17:27 752.6 13.7 91 .9 1
17:28 752.6 13.7 91 .9 1
17:29 752.6 13.7 91 .4 1
17:30 752.5 13.7 91 0 1
17:31 752.5 13.7 91 .4 1
17:32 752.5 13.7 91 .4 1
17:33 752.5 13.6 91 .4 1
17:34 752.5 13.6 91 0 1
17:35 752.5 13.6 91 .4 1
17:36 752.5 13.5 90 .9 1
17:37 752.5 13.4 90 .4 1
17:38 752.5 13.3 90 .9 1
17:39 752.5 13.3 90 .9 1
17:40 752.5 13.3 90 .9 1
17:41 752.5 13.3 90 1.3 1
17:42 752.5 13.3 90 .9 1
17:43 752.5 13.2 90 .9 1
17:44 752.5 13.2 90 .4 1
17:45 752.1 13.2 90 .4 1
17:46 752.1 13.2 90 .9 1
17:47 752.1 13.2 90 .4 1
17:48 752.1 13.2 90 1.3 1
17:49 752.1 13.2 90 1.8 1
17:50 752.1 13.2 90 1.8 1
17:51 752.1 13.2 90 2.2 1
17:52 752.1 13.2 89 2.2 1
17:53 752.1 13.2 89 1.8 1
17:54 752.1 13.2 89 .9 1
17:55 752.1 13.2 89 .4 1
17:56 752.1 13.2 88 .9 1
17:57 752.1 13.2 88 .9 1
17:58 752.1 13.2 88 .4 0
17:59 752.1 13.2 88 .9 0
18:00 752.1 13.2 88 1.3 0
18:01 752.1 13.2 88 .9 0
18:02 752.1 13.2 88 .4 0
18:03 752.1 13.2 88 .4 0
18:04 752.1 13.2 88 .9 0
18:05 752.1 13.2 88 .9 0
18:06 752.1 13.2 88 .4 0
18:07 752.1 13.2 88 .4 0
18:08 752.1 13.2 88 0 0
18:09 752.1 13.2 88 1.3 0
18:10 752.1 13.2 88 1.3 0
18:11 752.1 13.2 88 .9 0
18:12 752.1 13.2 88 1.3 0
18:13 752.1 13.2 88 1.3 0
18:14 752.1 13.2 88 1.8 0
18:15 752.1 13.2 88 1.3 0
18:16 752.1 13.2 88 1.3 0
18:17 752.1 13.3 88 1.3 0
18:18 752.1 13.3 88 1.3 0
18:19 752.1 13.3 88 1.8 0
18:20 752.1 13.3 88 1.3 0
18:21 752.1 13.3 88 .9 0
18:22 752.1 13.2 88 2.2 0
18:23 752.1 13.2 88 1.8 0
18:24 752.1 13.2 88 2.2 0
18:25 752.1 13.2 88 1.3 0
18:26 752.1 13.2 87 2.2 0
18:27 752.1 13.2 87 2.2 0
18:28 752.1 13.2 87 1.8 0
18:29 752.1 13.2 87 2.2 0
18:30 751.8 13.2 87 2.7 0
18:31 751.8 13.2 87 2.7 0
18:32 751.8 13.2 87 2.7 0
18:33 751.8 13.2 87 2.2 0
18:34 751.8 13.2 87 2.2 0
18:35 751.8 13.2 87 2.2 0
18:36 751.8 13.2 87 1.8 0
18:37 751.8 13.2 87 1.3 0
18:38 751.8 13.2 87 1.3 0
18:39 751.8 13.2 87 1.3 0
18:40 751.8 13.2 87 1.8 0
18:41 751.8 13.2 87 1.3 0
18:42 751.8 13.2 87 1.3 0
18:43 751.8 13.2 87 1.3 0
18:44 751.8 13.1 86 1.3 0
18:45 751.8 13.1 86 1.8 0
18:46 751.8 13.1 86 .9 0
18:47 751.8 13.1 87 1.3 0
18:48 751.8 13.1 87 1.3 0
18:49 751.8 13.1 87 1.3 0
18:50 751.8 13.1 87 1.3 0
18:51 751.8 13.1 87 1.8 1
18:52 751.8 13.1 87 1.3 1
18:53 751.8 13.1 87 1.8 1
18:54 751.8 13 87 1.3 1
18:55 751.8 13 87 1.8 1
18:56 751.8 13 87 1.8 1
18:57 751.8 13 86 1.8 1
18:58 751.8 13 86 1.3 1
18:59 751.8 13 86 1.3 1
19:00 751.8 13 86 1.3 1
19:01 751.8 13 86 1.3 1
19:02 751.8 13 86 1.3 1
19:03 751.8 13 86 .9 1
19:04 751.8 13 86 1.3 1
19:05 751.8 13 86 1.3 1
19:06 751.8 13 86 1.3 1
19:07 751.8 13 86 1.3 1
19:08 751.8 13 86 1.3 0
19:09 751.8 13 86 .9 0
19:10 751.8 13 86 0 0
19:11 751.8 13.1 87 .4 0
19:12 751.8 13.1 87 .4 0
19:13 751.8 13.1 87 .4 0
19:14 751.8 13.1 87 .4 0
19:15 751.6 13.1 87 .4 0
19:16 751.6 13 87 .9 0
19:17 751.6 13 87 1.3 0
19:18 751.6 13 87 1.3 0
19:19 751.6 13 87 1.3 0
19:20 751.6 12.9 87 1.8 0
19:21 751.6 12.9 87 1.8 0
19:22 751.6 12.9 87 1.8 0
19:23 751.6 12.9 86 1.8 0
19:24 751.6 12.9 87 1.3 0
19:25 751.6 12.9 87 1.3 0
19:26 751.6 12.9 87 1.3 0
19:27 751.6 12.9 87 1.3 0
19:28 751.6 12.9 87 1.8 0
19:29 751.6 12.9 87 1.3 0
19:30 751.7 12.9 87 1.3 0
19:31 751.7 12.9 87 1.3 0
19:32 751.7 12.9 87 1.8 0
19:33 751.7 12.9 87 1.8 0
19:34 751.7 12.9 87 2.2 0
19:35 751.7 12.8 87 2.2 0
19:36 751.7 12.8 87 2.2 0
19:37 751.7 12.8 87 2.2 0
19:38 751.7 12.8 87 2.2 0
19:39 751.7 12.8 87 1.8 0
19:40 751.7 12.8 87 2.7 0
19:41 751.7 12.8 87 2.7 0
19:42 751.7 12.8 87 3.1 0
19:43 751.7 12.7 87 2.7 0
19:44 751.7 12.7 87 2.2 0
19:45 751.5 12.7 87 2.7 0
19:46 751.5 12.7 87 3.1 0
19:47 751.5 12.7 87 2.7 0
19:48 751.5 12.7 87 2.2 0
19:49 751.5 12.7 88 2.2 0
19:50 751.5 12.7 88 2.2 0
19:51 751.5 12.7 88 2.2 0
19:52 751.5 12.7 88 2.2 0
19:53 751.5 12.7 88 2.2 0
19:54 751.5 12.7 88 2.2 0
19:55 751.5 12.7 88 2.2 0
19:56 751.5 12.7 88 2.2 0
19:57 751.5 12.7 88 1.8 0
19:58 751.5 12.7 88 2.2 0
19:59 751.5 12.7 88 3.1 0
20:00 751.4 12.7 88 3.1 0
20:01 751.4 12.7 88 2.7 0
20:02 751.4 12.7 88 3.1 0
20:03 751.4 12.7 88 3.1 0
20:04 751.4 12.7 88 2.2 0
20:05 751.4 12.7 88 1.8 0
20:06 751.4 12.7 88 1.8 0
20:07 751.4 12.7 88 2.2 0
20:08 751.4 12.7 88 2.2 0
20:09 751.4 12.7 88 2.2 0
20:10 751.4 12.7 88 2.2 0
20:11 751.4 12.7 89 1.3 0
20:12 751.4 12.7 89 1.8 0
20:13 751.4 12.7 89 1.8 0
20:14 751.4 12.7 89 2.2 0
20:15 751.3 12.7 89 3.1 0
20:16 751.3 12.7 89 3.1 0
20:17 751.3 12.7 89 2.7 0
20:18 751.3 12.7 89 1.8 0
20:19 751.3 12.7 89 2.2 0
20:20 751.3 12.7 89 2.2 0
20:21 751.3 12.7 89 1.3 0
20:22 751.3 12.7 89 1.3 0
20:23 751.3 12.7 89 1.8 0
20:24 751.3 12.7 89 .9 0
20:25 751.3 12.7 89 1.3 0
20:26 751.3 12.7 89 1.8 0
20:27 751.3 12.7 89 1.3 0
20:28 751.3 12.7 89 .9 0
20:29 751.3 12.7 89 1.8 0
20:30 751 12.7 89 1.8 0
20:31 751 12.7 89 1.3 0
20:32 751 12.7 89 1.8 0
20:33 751 12.7 89 .4 0
20:34 751 12.7 89 .4 0
20:35 751 12.7 89 2.2 0
20:36 751 12.7 89 1.8 0
20:37 751 12.7 89 .9 0
20:38 751 12.7 89 1.8 0
20:39 751 12.7 89 1.8 0
20:40 751 12.7 89 1.8 0
20:41 751 12.7 89 1.3 0
20:42 751 12.7 89 1.8 0
20:43 751 12.6 89 1.3 0
20:44 751 12.7 89 2.2 0
20:45 751.2 12.7 89 1.3 0
20:46 751.2 12.7 89 1.8 0
20:47 751.2 12.7 89 .9 0
20:48 751.2 12.7 89 1.3 0
20:49 751.2 12.7 89 .9 0
20:50 751.2 12.7 89 .9 0
20:51 751.2 12.7 89 1.8 0
20:52 751.2 12.7 89 2.2 0
20:53 751.2 12.7 89 1.3 0
20:54 751.2 12.7 89 1.8 0
20:55 751.2 12.7 89 1.8 0
20:56 751.2 12.7 89 2.2 0
20:57 751.2 12.7 89 1.3 0
20:58 751.2 12.7 89 .9 0
20:59 751.2 12.7 89 .4 0
21:00 751 12.6 89 .9 0
21:01 751 12.6 89 1.3 0
21:02 751 12.6 89 1.3 0
21:03 751 12.6 89 .9 0
21:04 751 12.6 89 0 0
21:05 751 12.6 89 .9 0
21:06 751 12.6 89 .9 0
21:07 751 12.6 89 .9 0
21:08 751 12.6 89 .9 0
21:09 751 12.6 89 1.8 0
21:10 751 12.6 89 1.3 0
21:11 751 12.6 89 2.2 0
21:12 751 12.6 89 1.3 0
21:13 751 12.6 89 1.8 0
21:14 751 12.6 89 1.8 0
21:15 750.9 12.6 88 1.3 0
21:16 750.9 12.6 88 2.7 0
21:17 750.9 12.6 88 1.8 0
21:18 750.9 12.6 88 1.8 0
21:19 750.9 12.6 88 2.2 0
21:20 750.9 12.6 88 2.2 0
21:21 750.9 12.6 88 3.1 0
21:22 750.9 12.6 88 2.7 0
21:23 750.9 12.6 88 3.1 0
21:24 750.9 12.6 88 2.7 0
21:25 750.9 12.7 88 1.3 0
21:26 750.9 12.7 88 1.3 0
21:27 750.9 12.7 88 .4 0
21:28 750.9 12.7 88 1.3 0
21:29 750.9 12.7 88 1.3 0
21:30 750.7 12.7 88 1.8 0
21:31 750.7 12.7 88 .9 0
21:32 750.7 12.6 88 .9 0
21:33 750.7 12.6 88 .9 0
21:34 750.7 12.6 88 1.3 0
21:35 750.7 12.6 88 1.3 0
21:36 750.7 12.6 88 1.8 0
21:37 750.7 12.6 88 2.2 0
21:38 750.7 12.6 88 3.1 0
21:39 750.7 12.6 88 2.2 0
21:40 750.7 12.5 88 1.8 0
21:41 750.7 12.6 88 2.2 0
21:42 750.7 12.5 88 1.3 0
21:43 750.7 12.5 88 2.7 0
21:44 750.7 12.5 88 1.8 0
21:45 750.5 12.5 88 2.2 0
21:46 750.5 12.5 88 2.2 0
21:47 750.5 12.5 88 3.1 0
21:48 750.5 12.5 88 2.7 0
21:49 750.5 12.5 88 2.7 0
21:50 750.5 12.5 87 1.8 0
21:51 750.5 12.5 87 1.8 0
21:52 750.5 12.5 87 1.3 0
21:53 750.5 12.5 87 1.8 0
21:54 750.5 12.5 87 1.3 0
21:55 750.5 12.5 87 1.8 0
21:56 750.5 12.5 87 1.3 0
21:57 750.5 12.5 87 1.3 0
21:58 750.5 12.5 87 1.8 0
21:59 750.5 12.5 87 1.8 0
22:00 750.5 12.5 87 1.8 0
22:01 750.5 12.5 87 1.8 0
22:02 750.5 12.5 87 1.8 0
22:03 750.5 12.4 87 1.3 0
22:04 750.5 12.4 87 1.3 0
22:05 750.5 12.4 87 1.3 0
22:06 750.5 12.4 87 .9 0
22:07 750.5 12.4 87 1.8 0
22:08 750.5 12.4 87 2.2 0
22:09 750.5 12.4 87 1.8 0
22:10 750.5 12.4 87 2.2 0
22:11 750.5 12.4 88 2.7 0
22:12 750.5 12.4 88 2.2 0
22:13 750.5 12.4 88 2.2 0
22:14 750.5 12.4 88 1.8 0
22:15 750.3 12.4 88 2.2 0
22:16 750.3 12.3 88 2.2 0
22:17 750.3 12.3 88 2.2 0
22:18 750.3 12.3 88 2.2 0
22:19 750.3 12.3 88 2.2 0
22:20 750.3 12.3 88 2.2 0
22:21 750.3 12.3 88 1.8 0
22:22 750.3 12.3 88 1.3 0
22:23 750.3 12.3 88 .9 0
22:24 750.3 12.3 88 1.3 0
22:25 750.3 12.3 88 2.2 0
22:26 750.3 12.3 88 1.3 0
22:27 750.3 12.3 88 1.8 0
22:28 750.3 12.3 88 1.8 0
22:29 750.3 12.3 88 1.3 0
22:30 750.3 12.3 88 1.3 0
22:31 750.3 12.3 88 1.8 0
22:32 750.3 12.3 88 1.3 0
22:33 750.3 12.3 88 1.3 0
22:34 750.3 12.3 88 .9 0
22:35 750.3 12.3 88 .9 0
22:36 750.3 12.3 88 1.3 0
22:37 750.3 12.3 88 .9 0
22:38 750.3 12.3 88 1.8 0
22:39 750.3 12.3 88 2.2 0
22:40 750.3 12.3 88 1.8 0
22:41 750.3 12.3 88 1.8 0
22:42 750.3 12.3 88 1.3 0
22:43 750.3 12.3 88 1.8 0
22:44 750.3 12.3 88 1.8 0
22:45 750.1 12.3 88 1.8 0
22:46 750.1 12.3 88 1.8 0
22:47 750.1 12.3 88 2.2 0
22:48 750.1 12.3 88 1.8 0
22:49 750.1 12.3 88 2.2 0
22:50 750.1 12.3 88 2.7 0
22:51 750.1 12.3 88 2.7 0
22:52 750.1 12.3 88 2.2 0
22:53 750.1 12.3 88 3.1 0
22:54 750.1 12.3 88 2.2 0
22:55 750.1 12.3 88 2.2 0
22:56 750.1 12.3 88 2.2 0
22:57 750.1 12.3 88 2.2 0
22:58 750.1 12.3 88 1.8 0
22:59 750.1 12.3 88 2.2 0
23:00 750 12.3 88 2.7 0
23:01 750 12.3 88 1.8 0
23:02 750 12.3 88 2.2 0
23:03 750 12.3 88 2.2 0
23:04 750 12.3 88 2.2 0
23:05 750 12.3 88 1.8 0
23:06 750 12.3 88 1.8 0
23:07 750 12.3 88 2.7 0
23:08 750 12.3 88 2.2 0
23:09 750 12.3 88 1.3 0
23:10 750 12.3 88 2.2 0
23:11 750 12.3 88 2.7 0
23:12 750 12.3 88 3.1 0
23:13 750 12.3 88 2.2 0
23:14 750 12.3 88 3.6 0
23:15 749.7 12.3 88 1.8 0
23:16 749.7 12.3 88 3.1 0
23:17 749.7 12.3 88 3.6 0
23:18 749.7 12.4 87 2.7 0
23:19 749.7 12.4 87 1.8 0
23:20 749.7 12.4 87 2.2 0
23:21 749.7 12.4 87 2.7 0
23:22 749.7 12.4 87 3.6 0
23:23 749.7 12.4 87 2.2 0
23:24 749.7 12.4 87 1.3 0
23:25 749.7 12.5 87 2.7 0
23:26 749.7 12.5 87 2.7 0
23:27 749.7 12.5 87 3.1 0
23:28 749.7 12.5 87 3.6 0
23:29 749.7 12.5 87 1.8 0
23:30 749.5 12.4 87 2.2 0
23:31 749.5 12.4 87 2.2 0
23:32 749.5 12.4 87 1.8 0
23:33 749.5 12.4 87 2.2 0
23:34 749.5 12.4 87 2.2 0
23:35 749.5 12.4 87 2.7 0
23:36 749.5 12.4 87 2.7 0
23:37 749.5 12.4 87 1.8 0
23:38 749.5 12.4 87 1.3 0
23:39 749.5 12.4 87 2.2 0
23:40 749.5 12.3 87 2.7 0
23:41 749.5 12.3 87 2.2 0
23:42 749.5 12.3 87 2.7 0
23:43 749.5 12.3 87 2.2 0
23:44 749.5 12.3 87 3.1 0
23:45 749.4 12.3 87 2.2 0
23:46 749.4 12.3 87 1.8 0
23:47 749.4 12.3 87 3.1 0
23:48 749.4 12.3 87 1.8 0
23:49 749.4 12.3 87 2.2 0
23:50 749.4 12.3 87 1.3 0
23:51 749.4 12.3 87 3.6 0
23:52 749.4 12.3 87 2.7 0
23:53 749.4 12.3 87 3.1 0
23:54 749.4 12.3 87 2.2 0
23:55 749.4 12.4 87 2.2 0
23:56 749.4 12.4 87 2.7 0
23:57 749.4 12.4 87 2.7 0
23:58 749.4 12.4 87 2.7 0
23:59 749.4 12.4 87 2.2 0
