00:00 734.31 8.56 73 2.68 0
00:01 734.31 8.61 73 1.79 0
00:02 734.31 8.61 73 1.79 0
00:03 734.31 8.56 73 1.34 0
00:04 734.31 8.61 73 1.79 0
00:05 734.31 8.61 73 .89 0
00:06 734.31 8.56 73 1.34 0
00:07 734.31 8.56 73 .89 0
00:08 734.31 8.61 73 .45 0
00:09 734.31 8.61 73 1.34 0
00:10 734.31 8.56 73 .45 0
00:11 734.31 8.56 73 2.24 0
00:12 734.31 8.61 73 1.34 0
00:13 734.31 8.61 73 1.34 0
00:14 734.31 8.61 73 1.34 0
00:15 734.31 8.61 73 1.34 0
00:16 734.31 8.56 73 .45 0
00:17 734.31 8.61 73 1.34 0
00:18 734.31 8.61 73 1.34 0
00:19 734.31 8.56 73 1.34 0
00:20 734.31 8.56 73 .45 0
00:21 734.31 8.56 73 .89 0
00:22 734.31 8.61 73 1.34 0
00:23 734.31 8.61 73 .45 0
00:24 734.31 8.56 73 .45 0
00:25 734.31 8.56 73 .89 0
00:26 734.31 8.61 73 2.68 0
00:27 734.31 8.61 73 .45 0
00:28 734.31 8.56 73 .45 0
00:29 734.31 8.61 74 1.79 0
00:30 734.31 8.61 73 1.79 0
00:31 734.31 8.67 73 .89 0
00:32 734.31 8.67 73 1.34 0
00:33 734.31 8.67 73 .89 0
00:34 734.31 8.67 73 .45 0
00:35 734.31 8.67 73 1.79 0
00:36 734.31 8.72 73 1.79 0
00:37 734.31 8.72 73 2.68 0
00:38 734.31 8.72 73 3.13 0
00:39 734.31 8.72 73 3.58 0
00:40 734.31 8.67 72 1.34 0
00:41 734.31 8.67 72 1.34 0
00:42 734.31 8.67 72 1.34 0
00:43 734.31 8.67 73 .89 0
00:44 734.31 8.67 73 .89 0
00:45 734.31 8.67 73 1.34 0
00:46 734.31 8.67 73 1.79 0
00:47 734.31 8.67 73 1.79 0
00:48 734.31 8.61 73 1.34 0
00:49 734.31 8.61 73 1.34 0
00:50 734.31 8.61 73 .89 0
00:51 734.31 8.61 73 1.79 0
00:52 734.31 8.61 73 1.34 0
00:53 734.31 8.61 73 .89 0
00:54 734.31 8.56 73 1.79 0
00:55 734.31 8.5 73 1.79 0
00:56 734.31 8.5 73 .89 0
00:57 734.31 8.5 73 1.79 0
00:58 734.31 8.5 73 1.34 0
00:59 734.31 8.5 73 1.34 0
01:00 734.31 8.44 73 1.34 0
01:01 734.31 8.44 73 1.34 0
01:02 734.31 8.44 73 1.79 0
01:03 734.31 8.44 72 2.68 0
01:04 734.31 8.39 72 1.34 0
01:05 734.31 8.39 72 .89 0
01:06 734.31 8.39 72 1.34 0
01:07 734.31 8.39 72 1.34 0
01:08 734.31 8.39 72 .89 0
01:09 734.31 8.33 72 .45 0
01:10 734.31 8.33 72 .89 0
01:11 734.31 8.33 72 4.02 0
01:12 734.31 8.33 72 1.79 0
01:13 734.31 8.28 72 3.13 0
01:14 734.31 8.28 71 3.13 0
01:15 734.31 8.33 70 1.34 0
01:16 734.31 8.33 70 3.13 0
01:17 734.31 8.33 71 1.34 0
01:18 734.31 8.33 70 1.79 0
01:19 734.31 8.28 70 2.68 0
01:20 734.31 8.33 70 4.02 0
01:21 734.31 8.28 70 2.68 0
01:22 734.31 8.33 70 3.13 0
01:23 734.31 8.28 70 3.58 0
01:24 734.31 8.28 69 2.24 0
01:25 734.31 8.28 69 2.24 0
01:26 734.31 8.28 69 3.58 0
01:27 734.31 8.28 69 2.24 0
01:28 734.31 8.28 69 1.79 0
01:29 734.31 8.28 69 3.13 0
01:30 734.31 8.17 70 4.47 0
01:31 734.31 8.17 70 2.24 0
01:32 734.31 8.11 69 4.47 0
01:33 734.31 8.06 70 3.13 0
01:34 734.31 8 70 3.13 0
01:35 734.31 8 70 3.13 0
01:36 734.31 8 70 2.68 0
01:37 734.31 7.94 70 4.92 0
01:38 734.31 7.94 70 2.68 0
01:39 734.31 7.94 70 5.36 0
01:40 734.31 7.89 70 3.58 0
01:41 734.31 7.83 70 4.47 0
01:42 734.31 7.78 70 2.24 0
01:43 734.31 7.72 70 4.47 0
01:44 734.31 7.67 70 2.24 0
01:45 734.31 7.61 70 4.92 0
01:46 734.31 7.56 70 .89 0
01:47 734.31 7.56 70 2.24 0
01:48 734.31 7.56 70 2.24 0
01:49 734.31 7.5 70 4.92 0
01:50 734.31 7.44 70 3.13 0
01:51 734.31 7.44 70 3.13 0
01:52 734.31 7.44 71 1.79 0
01:53 734.31 7.44 70 1.79 0
01:54 734.31 7.39 71 1.79 0
01:55 734.31 7.44 71 3.13 0
01:56 734.31 7.39 71 3.13 0
01:57 734.31 7.39 71 3.58 0
01:58 734.31 7.44 71 5.81 0
01:59 734.31 7.44 70 4.47 0
02:00 734.31 7.44 70 4.92 0
02:01 734.31 7.44 69 6.26 0
02:02 734.57 7.44 69 5.36 0
02:03 734.31 7.44 69 4.47 0
02:04 734.57 7.44 69 4.92 0
02:05 734.57 7.5 69 4.47 0
02:06 734.57 7.44 69 4.47 0
02:07 734.57 7.44 69 3.13 0
02:08 734.57 7.44 69 3.58 0
02:09 734.57 7.44 69 3.58 0
02:10 734.57 7.44 69 3.13 0
02:11 734.57 7.44 69 4.02 0
02:12 734.57 7.44 69 4.47 0
02:13 734.57 7.44 69 4.47 0
02:14 734.57 7.39 69 2.24 0
02:15 734.57 7.39 68 4.92 0
02:16 734.31 7.39 68 5.81 0
02:17 734.31 7.39 69 1.79 0
02:18 734.57 7.39 69 4.02 0
02:19 734.31 7.33 68 2.24 0
02:20 734.57 7.33 69 4.47 0
02:21 734.57 7.33 69 5.81 0
02:22 734.57 7.33 68 3.58 0
02:23 734.31 7.28 68 4.02 0
02:24 734.57 7.33 69 3.58 0
02:25 734.31 7.28 69 1.79 0
02:26 734.57 7.28 69 3.13 0
02:27 734.57 7.28 69 4.02 0
02:28 734.57 7.28 69 1.79 0
02:29 734.57 7.28 69 3.58 0
02:30 734.57 7.28 69 1.34 0
02:31 734.57 7.28 69 3.13 0
02:32 734.57 7.28 69 4.02 0
02:33 734.57 7.28 69 2.68 0
02:34 734.57 7.28 69 2.24 0
02:35 734.57 7.28 69 3.58 0
02:36 734.57 7.28 70 2.68 0
02:37 734.57 7.28 69 4.47 0
02:38 734.31 7.28 69 4.47 0
02:39 734.57 7.28 69 1.34 0
02:40 734.31 7.28 69 2.68 0
02:41 734.31 7.28 69 4.47 0
02:42 734.31 7.28 68 3.58 0
02:43 734.57 7.28 69 4.92 0
02:44 734.57 7.28 69 4.92 0
02:45 734.31 7.28 68 6.26 0
02:46 734.31 7.28 68 4.92 0
02:47 734.57 7.28 68 8.05 0
02:48 734.31 7.28 68 1.79 0
02:49 734.31 7.28 68 3.13 0
02:50 734.31 7.28 68 4.02 0
02:51 734.57 7.28 68 1.34 0
02:52 734.57 7.28 68 5.36 0
02:53 734.57 7.22 67 4.47 0
02:54 734.57 7.22 66 7.15 0
02:55 734.57 7.22 66 6.71 0
02:56 734.31 7.22 65 4.02 0
02:57 734.31 7.22 65 3.13 0
02:58 734.31 7.22 65 3.13 0
02:59 734.31 7.22 65 5.81 0
03:00 734.31 7.22 65 6.26 0
03:01 734.31 7.22 64 4.92 0
03:02 734.31 7.22 64 2.68 0
03:03 734.31 7.22 64 5.36 0
03:04 734.57 7.22 64 3.58 0
03:05 734.57 7.17 65 2.24 0
03:06 734.57 7.22 65 2.24 0
03:07 734.31 7.22 65 2.24 0
03:08 734.31 7.22 65 2.68 0
03:09 734.31 7.17 65 3.58 0
03:10 734.31 7.22 65 7.15 0
03:11 734.31 7.17 65 4.47 0
03:12 734.31 7.17 65 2.24 0
03:13 734.31 7.22 65 4.47 0
03:14 734.31 7.22 65 1.79 0
03:15 734.31 7.22 65 3.13 0
03:16 734.31 7.17 65 3.58 0
03:17 734.31 7.22 65 3.58 0
03:18 734.31 7.17 65 3.13 0
03:19 734.31 7.17 65 5.36 0
03:20 734.31 7.17 64 6.26 0
03:21 734.31 7.22 63 6.71 0
03:22 734.31 7.22 64 2.24 0
03:23 734.31 7.22 64 3.58 0
03:24 734.31 7.22 64 1.79 0
03:25 734.31 7.17 64 2.68 0
03:26 734.31 7.22 64 1.79 0
03:27 734.31 7.22 65 4.47 0
03:28 734.31 7.17 64 4.92 0
03:29 734.31 7.17 64 3.58 0
03:30 734.31 7.17 64 4.47 0
03:31 734.31 7.17 64 4.92 0
03:32 734.31 7.17 64 4.02 0
03:33 734.31 7.17 64 2.68 0
03:34 734.31 7.17 64 3.58 0
03:35 734.31 7.11 64 4.02 0
03:36 734.06 7.17 64 1.79 0
03:37 734.06 7.11 64 1.79 0
03:38 734.06 7.11 65 1.79 0
03:39 734.06 7.11 65 1.79 0
03:40 734.06 7.11 65 3.13 0
03:41 734.06 7.11 65 4.92 0
03:42 734.06 7.11 65 3.13 0
03:43 734.06 7.11 65 3.13 0
03:44 734.06 7.11 64 1.79 0
03:45 734.06 7.11 65 2.68 0
03:46 734.06 7.06 65 3.13 0
03:47 734.06 7.11 65 1.79 0
03:48 734.06 7.11 65 1.79 0
03:49 734.06 7.11 65 3.58 0
03:50 734.06 7.06 65 3.13 0
03:51 734.06 7.11 64 1.34 0
03:52 734.06 7.11 65 5.36 0
03:53 734.06 7.06 65 4.47 0
03:54 734.06 7.06 64 4.02 0
03:55 734.06 7.11 64 5.81 0
03:56 734.06 7.11 64 6.26 0
03:57 734.06 7.11 64 5.81 0
03:58 734.06 7.11 64 5.36 0
03:59 734.06 7.11 64 4.02 0
04:00 734.06 7.11 64 3.13 0
04:01 734.06 7.11 64 4.47 0
04:02 734.06 7.11 64 4.47 0
04:03 734.06 7.11 64 4.92 0
04:04 734.06 7.11 64 3.58 0
04:05 734.06 7.11 64 2.24 0
04:06 734.06 7.11 65 4.02 0
04:07 734.06 7.06 65 3.13 0
04:08 734.06 7.06 65 4.02 0
04:09 734.06 7.06 65 3.13 0
04:10 734.06 7.06 65 4.92 0
04:11 734.06 7.06 65 3.13 0
04:12 734.06 7 65 3.13 0
04:13 734.06 7.06 65 3.13 0
04:14 734.06 7.06 65 4.02 0
04:15 733.81 7 65 1.79 0
04:16 733.81 7 66 2.24 0
04:17 733.81 7 65 2.24 0
04:18 733.81 7 65 .89 0
04:19 733.81 7 66 2.68 0
04:20 733.81 6.94 65 2.24 0
04:21 733.81 7 65 1.79 0
04:22 733.81 6.94 65 4.92 0
04:23 733.81 6.94 65 3.58 0
04:24 733.81 6.94 65 5.81 0
04:25 733.81 6.94 65 4.02 0
04:26 733.81 6.94 65 5.36 0
04:27 733.81 6.94 65 3.13 0
04:28 733.81 6.94 65 1.79 0
04:29 733.81 6.94 65 3.13 0
04:30 733.81 6.94 65 2.68 0
04:31 733.81 6.94 65 2.68 0
04:32 733.81 6.94 65 1.34 0
04:33 733.81 6.89 65 3.58 0
04:34 733.81 6.89 65 2.68 0
04:35 733.81 6.83 65 4.02 0
04:36 733.81 6.83 64 2.68 0
04:37 733.81 6.89 64 4.02 0
04:38 733.81 6.89 64 3.13 0
04:39 733.81 6.83 64 2.68 0
04:40 733.81 6.89 64 3.13 0
04:41 733.81 6.83 65 .89 0
04:42 733.81 6.83 65 2.68 0
04:43 733.81 6.83 65 2.24 0
04:44 733.81 6.83 65 4.02 0
04:45 733.81 6.83 65 2.68 0
04:46 733.81 6.83 65 2.68 0
04:47 733.81 6.83 65 3.13 0
04:48 733.81 6.83 65 5.36 0
04:49 733.81 6.83 65 4.02 0
04:50 733.81 6.83 65 2.24 0
04:51 733.81 6.83 65 4.47 0
04:52 733.81 6.83 65 4.02 0
04:53 733.81 6.83 65 4.02 0
04:54 733.81 6.83 64 3.13 0
04:55 733.81 6.83 63 4.92 0
04:56 733.81 6.78 63 2.68 0
04:57 733.81 6.83 64 3.58 0
04:58 733.81 6.83 64 4.47 0
04:59 733.81 6.78 64 3.58 0
05:00 733.81 6.78 64 2.24 0
05:01 733.81 6.78 64 2.68 0
05:02 733.81 6.78 64 1.79 0
05:03 733.81 6.78 64 1.79 0
05:04 733.81 6.78 64 1.34 0
05:05 733.55 6.78 64 1.79 0
05:06 733.55 6.78 65 3.58 0
05:07 733.81 6.72 64 3.13 0
05:08 733.55 6.72 64 2.68 0
05:09 733.81 6.67 64 4.02 0
05:10 733.55 6.67 64 3.13 0
05:11 733.55 6.67 64 2.68 0
05:12 733.55 6.67 64 3.13 0
05:13 733.55 6.67 64 4.47 0
05:14 733.55 6.67 64 6.26 0
05:15 733.55 6.67 64 3.58 0
05:16 733.55 6.67 64 1.79 0
05:17 733.55 6.67 64 .89 0
05:18 733.55 6.61 64 2.68 0
05:19 733.55 6.61 64 4.92 0
05:20 733.55 6.61 64 2.68 0
05:21 733.55 6.61 64 3.13 0
05:22 733.55 6.56 64 3.13 0
05:23 733.55 6.56 64 3.58 0
05:24 733.55 6.56 64 4.92 0
05:25 733.55 6.61 64 3.58 0
05:26 733.55 6.56 64 3.13 0
05:27 733.55 6.56 64 2.68 0
05:28 733.55 6.56 64 5.81 0
05:29 733.55 6.56 64 5.36 0
05:30 733.55 6.56 64 1.79 0
05:31 733.55 6.56 64 1.79 0
05:32 733.55 6.56 64 5.36 0
05:33 733.55 6.56 64 4.92 0
05:34 733.55 6.56 64 5.36 0
05:35 733.55 6.61 64 4.02 0
05:36 733.55 6.61 64 3.13 0
05:37 733.55 6.56 64 3.13 0
05:38 733.55 6.61 64 2.68 0
05:39 733.55 6.56 65 1.34 0
05:40 733.55 6.56 65 1.79 0
05:41 733.55 6.56 65 2.24 0
05:42 733.55 6.56 65 1.79 0
05:43 733.55 6.56 65 2.24 0
05:44 733.55 6.56 65 2.24 0
05:45 733.55 6.56 65 4.02 0
05:46 733.55 6.56 65 1.79 0
05:47 733.55 6.56 65 1.34 0
05:48 733.55 6.56 65 2.24 0
05:49 733.55 6.56 65 2.24 0
05:50 733.55 6.56 65 2.24 0
05:51 733.55 6.56 65 1.34 0
05:52 733.55 6.56 65 1.79 0
05:53 733.55 6.5 66 2.24 0
05:54 733.55 6.5 66 3.58 0
05:55 733.55 6.56 65 2.24 0
05:56 733.55 6.56 65 2.68 0
05:57 733.55 6.56 65 2.68 0
05:58 733.55 6.5 65 1.79 0
05:59 733.55 6.56 66 3.13 0
06:00 733.55 6.5 66 3.58 0
06:01 733.55 6.5 66 3.58 0
06:02 733.55 6.56 66 5.36 0
06:03 733.55 6.5 65 4.92 0
06:04 733.55 6.56 65 3.13 0
06:05 733.55 6.56 66 5.81 0
06:06 733.55 6.5 65 5.81 0
06:07 733.55 6.56 66 3.13 0
06:08 733.55 6.56 66 4.47 0
06:09 733.55 6.56 66 1.79 0
06:10 733.55 6.56 66 3.13 0
06:11 733.55 6.56 66 5.81 0
06:12 733.55 6.56 66 4.47 0
06:13 733.55 6.56 66 4.92 0
06:14 733.55 6.56 66 4.92 0
06:15 733.3 6.56 66 1.79 0
06:16 733.55 6.56 66 4.02 0
06:17 733.55 6.56 66 4.02 0
06:18 733.55 6.61 66 4.02 0
06:19 733.55 6.56 66 4.02 0
06:20 733.55 6.56 66 3.13 0
06:21 733.55 6.56 66 5.81 0
06:22 733.55 6.56 66 8.05 0
06:23 733.55 6.56 66 3.13 0
06:24 733.3 6.56 66 4.92 0
06:25 733.3 6.56 66 5.36 0
06:26 733.55 6.56 66 4.47 0
06:27 733.3 6.56 66 5.36 0
06:28 733.55 6.56 66 4.02 0
06:29 733.3 6.61 66 4.02 0
06:30 733.3 6.56 66 4.47 0
06:31 733.3 6.56 66 4.47 0
06:32 733.55 6.56 67 2.68 0
06:33 733.55 6.56 67 4.92 0
06:34 733.3 6.56 67 3.13 0
06:35 733.55 6.61 67 2.68 0
06:36 733.55 6.56 67 2.24 0
06:37 733.3 6.56 67 3.13 0
06:38 733.3 6.56 67 5.36 0
06:39 733.3 6.56 67 4.47 0
06:40 733.3 6.56 67 4.47 0
06:41 733.55 6.56 67 5.36 0
06:42 733.3 6.5 67 6.71 0
06:43 733.3 6.5 67 5.36 0
06:44 733.3 6.5 67 7.15 0
06:45 733.3 6.5 67 5.81 0
06:46 733.3 6.44 67 4.02 0
06:47 733.3 6.44 67 6.71 0
06:48 733.3 6.44 67 4.47 0
06:49 733.3 6.5 67 6.26 0
06:50 733.3 6.44 67 3.13 0
06:51 733.3 6.44 67 3.58 0
06:52 733.3 6.44 68 4.92 0
06:53 733.3 6.44 68 4.02 0
06:54 733.3 6.44 68 3.13 0
06:55 733.3 6.5 68 4.02 0
06:56 733.3 6.56 68 3.13 0
06:57 733.3 6.61 68 2.24 0
06:58 733.3 6.67 68 4.47 0
06:59 733.3 6.78 67 6.26 0
07:00 733.3 6.78 67 4.02 0
07:01 733.3 6.78 67 6.71 0
07:02 733.3 6.78 67 4.92 0
07:03 733.3 6.83 67 1.79 0
07:04 733.3 6.89 67 6.71 0
07:05 733.3 6.94 67 4.92 0
07:06 733.3 7 67 3.58 0
07:07 733.3 7.06 67 6.71 0
07:08 733.3 7.06 66 5.36 0
07:09 733.3 7.06 66 4.02 0
07:10 733.04 7.06 67 4.47 0
07:11 733.3 7 67 6.26 0
07:12 733.04 6.89 66 6.26 0
07:13 733.3 6.83 66 7.15 0
07:14 733.04 6.72 67 4.92 0
07:15 733.04 6.67 67 5.81 0
07:16 733.3 6.61 67 5.81 0
07:17 733.3 6.56 68 4.47 0
07:18 733.04 6.56 69 9.39 0
07:19 733.3 6.39 69 4.92 0
07:20 733.3 6.33 69 3.58 0
07:21 733.3 6.22 70 4.47 0
07:22 733.3 6.17 70 4.02 0
07:23 733.3 6.11 71 4.92 0
07:24 733.3 5.94 72 4.92 0
07:25 733.3 5.83 72 8.05 0
07:26 733.3 5.78 72 4.92 0
07:27 733.3 5.67 73 4.47 0
07:28 733.3 5.61 73 5.81 0
07:29 733.3 5.61 73 5.81 0
07:30 733.3 5.56 73 4.92 0
07:31 733.3 5.56 73 4.47 0
07:32 733.3 5.56 74 4.92 0
07:33 733.3 5.56 74 6.26 0
07:34 733.3 5.56 73 6.26 0
07:35 733.3 5.61 73 5.36 0
07:36 733.3 5.67 73 3.13 0
07:37 733.3 5.72 73 4.92 0
07:38 733.3 5.78 73 4.92 0
07:39 733.3 5.83 72 5.36 0
07:40 733.3 5.89 72 4.92 0
07:41 733.04 5.94 72 4.92 0
07:42 733.3 6 71 8.49 0
07:43 733.3 6.06 70 4.47 0
07:44 733.3 6.06 70 8.05 0
07:45 733.3 6.11 69 4.02 0
07:46 733.3 6.17 68 6.26 0
07:47 733.3 6.17 68 5.36 0
07:48 733.3 6.17 68 5.36 0
07:49 733.3 6.17 68 6.26 0
07:50 733.3 6.17 68 4.92 0
07:51 733.04 6.22 68 7.15 0
07:52 733.04 6.28 68 6.71 0
07:53 733.04 6.33 68 6.71 0
07:54 733.04 6.33 68 4.02 0
07:55 733.3 6.33 68 4.02 0
07:56 733.04 6.28 68 7.6 0
07:57 733.04 6.28 67 6.71 0
07:58 733.04 6.28 67 4.02 0
07:59 733.04 6.22 67 5.36 0
08:00 733.04 6.22 68 6.71 0
08:01 733.04 6.17 68 5.81 0
08:02 733.04 6.17 68 6.71 0
08:03 733.04 6.11 68 7.15 0
08:04 733.04 6.06 68 7.15 0
08:05 733.04 6 68 5.36 0
08:06 733.04 6 69 6.71 0
08:07 733.04 5.94 69 5.36 0
08:08 733.04 5.94 69 4.02 0
08:09 733.04 5.89 69 3.58 0
08:10 733.04 5.89 70 6.71 0
08:11 733.04 5.89 70 4.47 0
08:12 733.04 5.89 70 7.15 0
08:13 733.04 5.89 70 6.26 0
08:14 733.04 5.83 71 4.47 0
08:15 733.04 5.83 72 4.47 0
08:16 733.04 5.78 72 7.15 0
08:17 733.04 5.61 73 6.26 0
08:18 733.04 5.61 73 3.58 0
08:19 733.04 5.56 74 5.81 0
08:20 733.04 5.5 74 4.02 0
08:21 733.04 5.5 74 4.92 0
08:22 733.04 5.5 74 4.02 0
08:23 733.04 5.5 74 4.47 0
08:24 733.04 5.56 74 7.6 0
08:25 733.04 5.56 74 4.47 0
08:26 733.04 5.61 74 3.58 0
08:27 733.04 5.61 74 7.15 0
08:28 733.04 5.61 73 6.26 0
08:29 733.04 5.61 73 7.15 0
08:30 733.04 5.56 73 4.92 0
08:31 733.04 5.56 74 5.81 0
08:32 733.04 5.56 74 4.02 0
08:33 733.04 5.56 73 2.68 0
08:34 733.04 5.56 73 5.36 0
08:35 733.04 5.56 73 4.02 0
08:36 733.04 5.61 73 4.92 0
08:37 733.04 5.56 73 8.94 0
08:38 733.04 5.5 72 7.6 0
08:39 733.04 5.44 73 4.02 0
08:40 733.04 5.44 73 5.81 0
08:41 733.04 5.44 73 4.02 0
08:42 733.04 5.44 73 6.71 0
08:43 733.04 5.44 73 4.47 0
08:44 733.04 5.39 73 4.02 0
08:45 733.04 5.33 73 6.26 0
08:46 733.04 5.33 73 8.05 0
08:47 733.04 5.28 73 6.26 0
08:48 733.04 5.28 73 5.36 0
08:49 733.04 5.22 73 5.36 0
08:50 733.04 5.22 73 4.02 0
08:51 733.04 5.22 74 3.13 0
08:52 733.04 5.28 74 3.58 0
08:53 733.04 5.28 74 4.02 0
08:54 733.04 5.28 74 5.36 0
08:55 733.04 5.33 74 3.58 0
08:56 733.04 5.39 74 3.13 0
08:57 733.04 5.44 74 2.24 0
08:58 733.04 5.5 74 4.92 0
08:59 733.04 5.67 74 3.58 0
09:00 733.04 5.78 73 7.6 0
09:01 733.04 5.89 72 6.26 0
09:02 733.04 5.94 70 5.81 0
09:03 733.04 6.06 70 5.36 0
09:04 733.04 6.17 70 7.6 0
09:05 733.04 6.17 68 7.6 0
09:06 733.04 6.17 68 3.58 0
09:07 733.04 6.11 68 5.36 0
09:08 733.04 6.17 69 3.13 0
09:09 733.04 6.28 69 9.83 0
09:10 733.04 6.39 68 4.92 0
09:11 733.04 6.5 67 8.49 0
09:12 733.04 6.5 67 6.71 0
09:13 733.04 6.56 66 7.6 0
09:14 733.04 6.56 66 5.36 0
09:15 733.04 6.61 66 5.81 0
09:16 733.04 6.61 66 7.6 0
09:17 733.04 6.67 66 7.6 0
09:18 733.04 6.67 66 5.81 0
09:19 733.04 6.67 66 8.94 0
09:20 733.04 6.72 64 5.81 0
09:21 733.04 6.72 65 9.39 0
09:22 732.79 6.72 64 4.47 0
09:23 733.04 6.67 64 5.36 0
09:24 733.04 6.67 64 5.36 0
09:25 733.04 6.67 64 9.83 0
09:26 733.04 6.56 64 6.26 0
09:27 733.04 6.56 64 9.39 0
09:28 732.79 6.5 64 6.71 0
09:29 733.04 6.44 64 5.81 0
09:30 733.04 6.39 64 5.36 0
09:31 733.04 6.39 63 6.71 0
09:32 733.04 6.33 63 7.6 0
09:33 733.04 6.28 64 5.36 0
09:34 733.04 6.28 64 5.81 0
09:35 733.04 6.22 65 3.58 0
09:36 733.04 6.22 65 6.71 0
09:37 733.04 6.22 65 8.05 0
09:38 733.04 6.17 65 5.36 0
09:39 733.04 6.17 66 3.13 0
09:40 733.04 6.17 66 5.81 0
09:41 733.04 6.11 66 5.81 0
09:42 733.04 6.11 66 2.24 0
09:43 733.04 6.17 66 5.81 0
09:44 733.04 6.11 66 6.71 0
09:45 733.04 6.17 66 6.26 0
09:46 733.04 6.06 67 6.26 0
09:47 733.3 5.94 69 7.6 0
09:48 733.3 5.72 70 2.24 0
09:49 733.3 5.61 72 4.47 0
09:50 733.3 5.5 72 8.49 0
09:51 733.3 5.28 72 7.15 0
09:52 733.3 5.11 72 6.26 0
09:53 733.04 5 73 5.36 0
09:54 733.3 4.94 74 7.15 0
09:55 733.3 4.83 74 7.15 0
09:56 733.3 4.78 75 5.36 0
09:57 733.3 4.67 75 6.71 0
09:58 733.3 4.56 76 4.92 0
09:59 733.3 4.5 76 3.58 0
10:00 733.3 4.5 77 3.58 0
10:01 733.3 4.44 77 7.6 0
10:02 733.3 4.33 77 4.92 0
10:03 733.3 4.39 77 4.92 0
10:04 733.3 4.33 77 4.02 0
10:05 733.3 4.39 77 2.68 0
10:06 733.3 4.39 77 3.58 0
10:07 733.3 4.44 77 2.68 0
10:08 733.3 4.5 77 5.81 0
10:09 733.04 4.5 77 2.24 0
10:10 733.3 4.56 77 3.58 0
10:11 733.04 4.61 77 4.02 0
10:12 733.04 4.67 77 4.47 0
10:13 733.04 4.72 77 3.58 0
10:14 733.04 4.83 77 4.02 0
10:15 733.04 4.89 76 4.47 0
10:16 733.04 4.94 76 2.24 0
10:17 733.04 5 77 2.68 0
10:18 733.04 5.06 76 3.58 0
10:19 733.04 5.17 76 7.15 0
10:20 733.04 5.28 75 7.15 0
10:21 733.04 5.44 75 7.15 0
10:22 733.04 5.56 74 4.92 0
10:23 733.04 5.72 74 4.92 0
10:24 733.04 5.83 74 8.94 0
10:25 733.04 5.94 73 2.68 0
10:26 733.04 6.11 72 3.13 0
10:27 733.04 6.22 72 7.15 0
10:28 733.04 6.33 72 8.94 0
10:29 733.04 6.44 71 3.58 0
10:30 733.04 6.56 71 7.15 0
10:31 733.04 6.67 70 9.39 0
10:32 733.04 6.72 69 4.47 0
10:33 733.04 6.61 68 9.39 0
10:34 733.04 6.56 68 3.13 0
10:35 733.04 6.5 68 5.81 0
10:36 733.04 6.44 68 6.71 0
10:37 733.04 6.39 68 4.02 0
10:38 733.04 6.39 68 4.92 0
10:39 733.04 6.44 69 3.58 0
10:40 733.04 6.44 68 5.36 0
10:41 733.04 6.44 67 9.83 0
10:42 733.04 6.39 67 8.05 0
10:43 733.3 6.28 67 6.71 0
10:44 733.3 6.22 67 9.39 0
10:45 733.04 6.17 67 6.26 0
10:46 733.3 6.06 68 7.15 0
10:47 733.3 5.83 70 11.62 0
10:48 733.55 5.33 73 9.39 0
10:49 733.55 4.67 75 8.49 0
10:50 733.55 4.33 77 8.05 0
10:51 733.55 4.06 78 7.15 0
10:52 733.55 3.89 78 4.92 0
10:53 733.55 3.67 80 5.81 0
10:54 733.55 3.56 80 6.26 0
10:55 733.55 3.44 80 8.49 0
10:56 733.55 3.33 81 5.81 0
10:57 733.55 3.28 81 6.71 0
10:58 733.55 3.22 82 3.13 0
10:59 733.55 3.22 82 5.36 0
11:00 733.55 3.28 82 4.02 0
11:01 733.55 3.28 83 4.92 0
11:02 733.55 3.28 83 2.68 0
11:03 733.55 3.33 82 3.58 0
11:04 733.55 3.39 83 1.79 0
11:05 733.55 3.44 83 3.58 0
11:06 733.55 3.44 83 1.79 0
11:07 733.55 3.5 83 1.79 0
11:08 733.55 3.56 83 5.81 0
11:09 733.55 3.56 82 4.02 0
11:10 733.55 3.61 82 5.36 0
11:11 733.55 3.61 80 3.58 0
11:12 733.55 3.67 80 2.24 0
11:13 733.55 3.72 80 4.02 0
11:14 733.55 3.78 80 5.36 0
11:15 733.55 3.83 79 4.47 0
11:16 733.55 3.94 78 1.79 0
11:17 733.55 4 79 3.58 0
11:18 733.55 4.06 79 3.13 0
11:19 733.55 4.11 79 5.81 0
11:20 733.3 4.17 79 3.58 0
11:21 733.55 4.33 79 3.58 0
11:22 733.3 4.39 78 5.81 0
11:23 733.3 4.39 76 4.02 0
11:24 733.55 4.5 76 4.47 0
11:25 733.3 4.56 77 3.58 0
11:26 733.3 4.61 77 4.92 0
11:27 733.3 4.67 76 4.02 0
11:28 733.55 4.78 75 5.36 0
11:29 733.3 4.83 74 3.58 0
11:30 733.3 4.89 74 4.02 0
11:31 733.55 4.94 74 1.79 0
11:32 733.3 5 73 4.02 0
11:33 733.55 5.06 73 5.36 0
11:34 733.3 5.11 71 3.13 0
11:35 733.3 5.17 71 3.58 0
11:36 733.55 5.22 71 5.36 0
11:37 733.55 5.33 71 5.36 0
11:38 733.3 5.33 71 4.92 0
11:39 733.3 5.39 71 4.47 0
11:40 733.55 5.44 69 4.92 0
11:41 733.55 5.56 69 2.24 0
11:42 733.55 5.61 69 6.26 0
11:43 733.55 5.61 68 7.6 0
11:44 733.3 5.61 66 5.81 0
11:45 733.55 5.61 66 7.15 0
11:46 733.55 5.61 66 7.6 0
11:47 733.3 5.61 66 6.26 0
11:48 733.55 5.61 65 5.36 0
11:49 733.55 5.61 65 5.36 0
11:50 733.55 5.61 65 8.94 0
11:51 733.55 5.61 65 7.15 0
11:52 733.55 5.67 65 8.49 0
11:53 733.55 5.67 66 7.15 0
11:54 733.3 5.61 65 5.36 0
11:55 733.3 5.61 66 7.15 0
11:56 733.55 5.56 66 5.36 0
11:57 733.55 5.5 66 3.58 0
11:58 733.55 5.5 67 3.13 0
11:59 733.55 5.5 67 7.15 0
12:00 733.55 5.5 67 8.94 0
12:01 733.81 5.28 69 6.26 0
12:02 733.81 5 71 5.81 0
12:03 733.81 4.5 73 8.94 0
12:04 733.81 3.94 76 7.15 0
12:05 733.81 3.44 77 6.26 0
12:06 733.81 3.06 79 9.39 0
12:07 733.81 2.83 80 6.71 0
12:08 733.81 2.61 81 7.6 0
12:09 733.81 2.44 81 2.68 0
12:10 733.81 2.39 82 4.47 0
12:11 733.81 2.39 83 6.71 0
12:12 733.81 2.39 83 6.71 0
12:13 733.81 2.39 83 4.02 0
12:14 733.81 2.5 84 4.02 0
12:15 733.81 2.56 84 6.26 0
12:16 733.81 2.72 85 4.92 0
12:17 733.81 2.83 84 2.68 0
12:18 733.81 2.94 85 3.13 0
12:19 733.81 3.06 85 2.68 0
12:20 733.81 3.17 84 1.79 0
12:21 733.81 3.28 85 4.02 0
12:22 733.81 3.39 85 3.13 0
12:23 733.81 3.5 84 3.58 0
12:24 733.81 3.56 85 2.68 0
12:25 733.81 3.61 84 5.36 0
12:26 733.81 3.67 84 3.58 0
12:27 733.81 3.72 83 4.47 0
12:28 733.81 3.78 83 4.02 0
12:29 733.81 3.78 83 4.47 0
12:30 733.81 3.83 82 3.58 0
12:31 733.81 3.94 82 5.36 0
12:32 733.81 4 82 3.13 0
12:33 733.81 4.06 82 3.58 0
12:34 733.81 4.17 82 3.13 0
12:35 733.81 4.28 82 1.34 0
12:36 733.81 4.39 82 2.68 0
12:37 733.81 4.5 82 4.02 0
12:38 733.81 4.56 81 7.6 0
12:39 733.81 4.56 79 3.58 0
12:40 733.81 4.67 80 3.58 0
12:41 733.81 4.72 80 6.26 0
12:42 733.81 4.72 79 7.6 0
12:43 733.81 4.67 77 5.36 0
12:44 733.81 4.61 77 3.58 0
12:45 733.81 4.61 78 2.68 0
12:46 733.81 4.72 79 7.6 0
12:47 734.06 4.67 78 7.6 0
12:48 733.81 4.67 76 4.02 0
12:49 733.81 4.67 77 4.92 0
12:50 734.06 4.78 76 6.26 0
12:51 734.06 4.78 75 4.47 0
12:52 734.06 4.89 76 6.26 0
12:53 733.81 5 76 6.26 0
12:54 734.06 5.06 76 5.36 0
12:55 733.81 5.11 76 6.26 0
12:56 734.06 5.17 76 3.13 0
12:57 734.06 5.17 76 5.81 0
12:58 734.06 5.28 75 6.26 0
12:59 734.06 5.17 75 5.81 0
13:00 734.06 5.06 75 4.92 0
13:01 734.06 5.06 75 5.36 0
13:02 734.06 5 74 4.92 0
13:03 734.06 5 73 4.92 0
13:04 734.06 5.06 71 4.92 0
13:05 733.81 5.06 71 9.83 0
13:06 734.06 5.06 70 7.6 0
13:07 734.06 5.06 71 3.13 0
13:08 734.06 5.11 71 4.92 0
13:09 734.06 5.22 70 7.15 0
13:10 734.06 5.28 69 6.71 0
13:11 733.81 5.33 68 4.92 0
13:12 734.06 5.33 69 5.36 0
13:13 734.06 5.33 69 5.81 0
13:14 734.06 5.33 69 8.05 0
13:15 733.81 5.33 69 4.47 0
13:16 734.06 5.33 69 4.92 0
13:17 734.06 5.39 69 7.6 0
13:18 734.06 5.39 69 4.02 0
13:19 734.06 5.33 69 1.34 0
13:20 734.06 5.39 70 5.36 0
13:21 734.06 5.39 70 3.58 0
13:22 734.06 5.39 70 4.47 0
13:23 734.06 5.39 70 5.36 0
13:24 734.06 5.33 70 6.71 0
13:25 734.06 5.17 71 6.26 0
13:26 734.06 5.06 72 4.92 0
13:27 734.06 4.94 72 1.79 0
13:28 734.06 4.94 73 6.71 0
13:29 734.06 4.89 74 4.92 0
13:30 734.06 4.83 74 5.36 0
13:31 734.06 4.72 74 4.02 0
13:32 734.31 4.72 75 6.71 0
13:33 734.31 4.67 75 2.68 0
13:34 734.31 4.61 76 5.81 0
13:35 734.31 4.56 76 7.15 0
13:36 734.57 4.5 76 5.81 0
13:37 734.31 4.17 77 10.28 0
13:38 734.31 3.83 78 8.05 0
13:39 734.31 3.61 79 11.18 3.56
13:40 734.31 3.39 79 5.36 3.56
13:41 734.31 3.33 80 7.15 3.56
13:42 734.31 3.28 81 4.02 3.56
13:43 734.31 3.28 82 4.02 3.3
13:44 734.31 3.33 83 6.26 2.54
13:45 734.31 3.39 83 3.58 2.29
13:46 734.31 3.44 83 6.26 2.03
13:47 734.31 3.44 83 4.47 1.78
13:48 734.31 3.56 82 4.02 1.52
13:49 734.31 3.61 82 4.02 1.52
13:50 734.31 3.67 82 4.92 1.27
13:51 734.31 3.72 82 6.71 1.27
13:52 734.31 3.78 81 6.71 1.02
13:53 734.31 3.83 81 5.36 1.02
13:54 734.31 3.89 81 4.02 1.02
13:55 734.31 3.89 81 6.26 1.02
13:56 734.31 3.94 81 3.13 0
13:57 734.31 4.06 82 4.47 0
13:58 734.31 4.11 81 4.92 0
13:59 734.31 4.17 81 4.47 0
14:00 734.31 4.17 80 3.58 0
14:01 734.31 4.17 80 4.47 0
14:02 734.31 4.17 80 4.92 0
14:03 734.31 4.28 80 6.26 0
14:04 734.31 4.22 79 4.47 0
14:05 734.31 4.28 79 5.81 0
14:06 734.31 4.33 78 4.02 0
14:07 734.31 4.44 79 4.02 0
14:08 734.31 4.5 79 3.13 0
14:09 734.31 4.56 79 4.47 0
14:10 734.31 4.56 79 1.79 0
14:11 734.31 4.61 78 3.58 0
14:12 734.31 4.67 78 4.47 0
14:13 734.31 4.67 77 3.13 0
14:14 734.31 4.67 77 4.02 0
14:15 734.31 4.67 77 5.36 0
14:16 734.31 4.61 76 3.13 0
14:17 734.31 4.67 77 4.02 0
14:18 734.31 4.72 77 5.81 0
14:19 734.31 4.78 77 6.26 0
14:20 734.31 4.83 77 4.47 0
14:21 734.31 4.83 77 3.13 0
14:22 734.31 4.89 77 4.47 0
14:23 734.31 4.89 77 4.92 0
14:24 734.31 4.94 78 3.58 0
14:25 734.31 4.94 77 5.36 0
14:26 734.31 4.89 77 7.15 0
14:27 734.31 4.83 76 4.02 0
14:28 734.31 4.83 76 6.26 0
14:29 734.57 4.78 76 7.15 0
14:30 734.57 4.72 76 5.36 0
14:31 734.57 4.67 76 7.15 0
14:32 734.57 4.67 76 4.47 0
14:33 734.57 4.61 77 6.71 0
14:34 734.57 4.61 77 7.6 0
14:35 734.57 4.61 77 6.71 0
14:36 734.57 4.56 77 5.81 0
14:37 734.57 4.5 78 4.92 0
14:38 734.82 4.44 79 7.6 0
14:39 734.82 4.28 79 6.71 0
14:40 734.82 4.17 79 4.02 0
14:41 734.82 4.17 80 2.24 0
14:42 734.82 4 81 3.58 0
14:43 734.82 3.94 81 3.58 0
14:44 734.82 3.89 81 5.81 0
14:45 734.82 3.83 81 2.24 0
14:46 734.82 3.83 80 3.13 0
14:47 734.82 3.89 81 4.02 0
14:48 734.82 3.89 80 4.47 0
14:49 734.82 3.89 80 2.24 0
14:50 734.57 3.94 79 6.26 0
14:51 734.82 4 79 4.47 0
14:52 734.57 4.06 79 5.81 0
14:53 734.57 4.17 79 5.81 0
14:54 734.57 4.33 77 4.02 0
14:55 734.57 4.44 77 3.58 0
14:56 734.57 4.56 77 3.58 0
14:57 734.57 4.78 78 5.36 0
14:58 734.57 4.89 77 1.79 0
14:59 734.57 5.06 77 5.36 0
15:00 734.57 5.22 74 6.71 0
15:01 734.57 5.22 73 10.73 0
15:02 734.57 5.06 71 5.36 0
15:03 734.57 5.11 73 6.26 0
15:04 734.57 5.11 73 6.71 0
15:05 734.57 5.17 73 3.13 0
15:06 734.57 5.22 73 9.83 0
15:07 734.57 5.28 71 8.05 0
15:08 734.57 5.22 71 5.81 0
15:09 734.57 5.22 71 4.47 0
15:10 734.57 5.22 71 4.47 0
15:11 734.57 5.28 71 7.15 0
15:12 734.57 5.28 71 6.71 0
15:13 734.57 5.33 71 1.79 0
15:14 734.57 5.33 72 4.47 0
15:15 734.57 5.39 72 4.47 0
15:16 734.57 5.44 72 4.02 0
15:17 734.57 5.39 72 4.92 0
15:18 734.57 5.33 72 4.92 0
15:19 734.57 5.28 72 1.79 0
15:20 734.57 5.28 72 5.36 0
15:21 734.57 5.17 72 6.26 0
15:22 734.57 5.11 72 3.13 0
15:23 734.57 5.06 73 6.71 0
15:24 734.57 5 72 5.81 0
15:25 734.57 4.89 73 2.68 0
15:26 734.82 4.89 74 4.02 0
15:27 734.82 4.83 74 6.71 0
15:28 734.82 4.72 73 4.47 0
15:29 734.82 4.72 74 4.02 0
15:30 734.82 4.67 74 4.47 0
15:31 734.82 4.61 75 4.02 0
15:32 734.82 4.56 75 5.81 0
15:33 734.82 4.56 75 4.92 0
15:34 734.82 4.56 76 3.58 0
15:35 734.82 4.56 77 5.81 0
15:36 734.82 4.5 77 4.47 0
15:37 734.82 4.5 77 4.47 0
15:38 734.82 4.39 78 6.26 0
15:39 735.08 4.33 78 4.02 0
15:40 735.08 4.28 78 9.39 0
15:41 735.08 4.17 79 5.36 0
15:42 735.08 4.11 79 4.47 0
15:43 735.08 4 80 6.26 0
15:44 735.08 3.89 81 5.81 0
15:45 735.08 3.78 81 1.79 0
15:46 735.08 3.67 82 5.36 0
15:47 735.08 3.56 82 4.92 0
15:48 735.08 3.5 83 3.13 0
15:49 735.08 3.5 83 4.02 0
15:50 735.08 3.5 84 4.02 0
15:51 735.08 3.44 84 4.92 0
15:52 735.08 3.44 84 5.36 0
15:53 735.08 3.44 84 3.13 0
15:54 735.08 3.44 84 3.58 0
15:55 735.08 3.44 84 3.58 0
15:56 735.08 3.5 84 3.13 0
15:57 735.08 3.56 85 4.02 0
15:58 735.08 3.56 85 2.68 0
15:59 735.08 3.56 84 4.02 0
16:00 735.08 3.67 84 4.92 0
16:01 735.08 3.67 84 4.47 0
16:02 735.08 3.72 84 4.02 0
16:03 735.08 3.78 84 4.92 0
16:04 735.08 3.78 83 5.36 0
16:05 735.08 3.83 83 4.47 0
16:06 735.08 3.83 83 3.58 0
16:07 735.08 3.89 83 4.02 0
16:08 735.08 3.94 83 1.34 0
16:09 735.08 4.06 83 5.36 0
16:10 735.08 4.06 83 4.02 0
16:11 735.08 4.11 82 3.13 0
16:12 735.08 4.17 82 6.71 0
16:13 735.08 4.22 81 6.26 0
16:14 735.08 4.28 81 1.79 0
16:15 735.08 4.33 80 4.02 0
16:16 735.08 4.33 80 5.36 0
16:17 735.08 4.33 80 4.02 0
16:18 735.08 4.44 80 4.47 0
16:19 735.08 4.44 80 3.58 0
16:20 735.08 4.5 80 1.34 0
16:21 735.08 4.5 80 5.36 0
16:22 735.08 4.56 80 4.92 0
16:23 735.08 4.5 80 3.58 0
16:24 735.08 4.5 80 4.47 0
16:25 735.08 4.5 79 3.13 0
16:26 735.08 4.5 79 4.92 0
16:27 735.08 4.5 80 1.79 0
16:28 735.33 4.5 80 2.68 0
16:29 735.33 4.5 80 2.24 0
16:30 735.08 4.5 80 2.24 0
16:31 735.33 4.5 80 2.24 0
16:32 735.33 4.5 80 4.47 0
16:33 735.33 4.5 80 3.58 0
16:34 735.33 4.5 80 2.24 0
16:35 735.33 4.5 80 1.79 0
16:36 735.33 4.56 81 .89 0
16:37 735.33 4.56 81 2.68 0
16:38 735.33 4.5 81 3.13 0
16:39 735.33 4.44 81 4.47 0
16:40 735.33 4.39 81 4.92 0
16:41 735.33 4.33 81 4.47 0
16:42 735.33 4.28 81 7.15 0
16:43 735.33 4.22 82 7.15 0
16:44 735.33 4.11 82 4.02 0
16:45 735.33 4.06 82 5.36 0
16:46 735.33 4.06 82 3.58 0
16:47 735.58 4 82 3.58 0
16:48 735.33 4 82 5.36 0
16:49 735.33 3.94 82 7.15 0
16:50 735.33 3.94 82 3.58 0
16:51 735.33 3.94 82 5.81 0
16:52 735.33 3.94 82 3.58 0
16:53 735.58 3.94 82 5.81 0
16:54 735.33 3.94 81 6.26 0
16:55 735.33 3.94 81 3.58 0
16:56 735.33 3.94 82 4.02 0
16:57 735.58 3.94 81 4.92 0
16:58 735.33 4 81 4.02 0
16:59 735.58 4 81 4.47 0
17:00 735.33 4.06 81 5.36 0
17:01 735.33 4.06 81 5.36 0
17:02 735.58 4.11 81 .89 0
17:03 735.58 4.17 81 4.02 0
17:04 735.33 4.17 80 3.58 0
17:05 735.33 4.22 80 4.47 0
17:06 735.33 4.28 81 1.34 0
17:07 735.58 4.28 81 3.13 0
17:08 735.58 4.33 81 4.92 0
17:09 735.58 4.33 80 4.92 0
17:10 735.58 4.33 79 3.13 0
17:11 735.58 4.39 79 4.02 0
17:12 735.58 4.44 79 6.71 0
17:13 735.58 4.44 79 2.68 0
17:14 735.58 4.44 79 3.58 0
17:15 735.58 4.44 79 3.58 0
17:16 735.33 4.5 80 4.02 0
17:17 735.58 4.5 80 5.36 0
17:18 735.58 4.56 79 4.02 0
17:19 735.58 4.56 79 5.36 0
17:20 735.58 4.61 79 2.68 0
17:21 735.58 4.61 79 6.26 0
17:22 735.58 4.61 79 1.34 0
17:23 735.58 4.67 79 4.92 0
17:24 735.58 4.67 79 4.92 0
17:25 735.58 4.67 79 4.02 0
17:26 735.58 4.67 79 5.36 0
17:27 735.58 4.72 79 4.47 0
17:28 735.58 4.72 78 4.92 0
17:29 735.58 4.72 79 2.24 0
17:30 735.58 4.78 79 4.47 0
17:31 735.58 4.78 79 3.58 0
17:32 735.58 4.83 79 1.79 0
17:33 735.58 4.89 79 1.79 0
17:34 735.58 4.94 79 1.79 0
17:35 735.58 4.94 79 2.24 0
17:36 735.58 4.94 79 1.34 0
17:37 735.58 5 78 5.36 0
17:38 735.58 4.94 78 3.13 0
17:39 735.58 4.94 78 4.47 0
17:40 735.58 4.89 78 3.13 0
17:41 735.58 4.89 78 2.24 0
17:42 735.58 4.89 79 3.58 0
17:43 735.58 4.89 79 4.47 0
17:44 735.58 4.83 79 4.47 0
17:45 735.58 4.83 79 4.92 0
17:46 735.58 4.78 80 4.47 0
17:47 735.58 4.78 80 5.36 0
17:48 735.58 4.72 80 7.6 0
17:49 735.58 4.67 80 4.47 0
17:50 735.58 4.67 80 4.47 0
17:51 735.58 4.67 80 7.6 0
17:52 735.58 4.61 80 4.92 0
17:53 735.58 4.61 80 5.81 0
17:54 735.58 4.61 80 4.02 0
17:55 735.58 4.61 80 3.13 0
17:56 735.58 4.61 80 3.58 0
17:57 735.58 4.67 80 3.13 0
17:58 735.58 4.67 80 4.02 0
17:59 735.58 4.67 80 3.13 0
18:00 735.58 4.67 80 1.34 0
18:01 735.58 4.72 80 1.34 0
18:02 735.58 4.72 81 4.92 0
18:03 735.58 4.72 80 4.02 0
18:04 735.58 4.72 79 .89 0
18:05 735.58 4.78 80 4.47 0
18:06 735.58 4.78 80 3.13 0
18:07 735.58 4.83 80 5.81 0
18:08 735.58 4.83 79 5.36 0
18:09 735.58 4.83 80 5.81 0
18:10 735.58 4.83 79 4.47 0
18:11 735.58 4.83 79 1.79 0
18:12 735.58 4.89 79 4.02 0
18:13 735.58 4.83 79 6.71 0
18:14 735.58 4.89 78 5.81 0
18:15 735.58 4.89 78 5.81 0
18:16 735.58 4.94 78 7.6 0
18:17 735.58 4.94 78 4.92 0
18:18 735.58 5 78 4.92 0
18:19 735.58 5.06 77 3.13 0
18:20 735.58 5.06 77 4.02 0
18:21 735.58 5.06 77 4.47 0
18:22 735.58 5.11 77 4.02 0
18:23 735.58 5.11 77 6.71 0
18:24 735.84 5.11 77 6.26 0
18:25 735.58 5.06 77 7.6 0
18:26 735.58 5 77 4.02 0
18:27 735.58 4.94 77 7.15 0
18:28 735.58 4.89 78 6.71 0
18:29 735.58 4.94 78 4.47 0
18:30 735.58 4.89 78 5.36 0
18:31 735.84 4.89 78 6.71 0
18:32 735.84 4.89 78 8.94 0
18:33 735.58 4.83 78 5.81 0
18:34 735.58 4.89 78 4.92 0
18:35 735.84 4.83 78 4.02 0
18:36 735.84 4.83 78 5.81 0
18:37 735.84 4.78 78 5.81 0
18:38 735.84 4.72 78 6.71 0
18:39 735.84 4.72 78 7.15 0
18:40 735.84 4.67 79 7.15 0
18:41 735.84 4.61 79 8.94 0
18:42 735.84 4.56 79 5.36 0
18:43 735.84 4.5 79 6.26 0
18:44 735.84 4.5 80 4.02 0
18:45 735.84 4.5 80 5.81 0
18:46 735.84 4.44 80 4.02 0
18:47 735.84 4.5 80 4.02 0
18:48 735.84 4.5 80 3.58 0
18:49 735.84 4.5 80 4.47 0
18:50 735.84 4.5 80 4.02 0
18:51 735.84 4.5 80 3.58 0
18:52 735.84 4.5 80 4.92 0
18:53 735.84 4.5 80 5.36 0
18:54 735.84 4.56 80 4.02 0
18:55 735.84 4.5 80 3.58 0
18:56 735.84 4.5 80 1.34 0
18:57 735.84 4.56 80 5.36 0
18:58 735.84 4.56 80 1.34 0
18:59 735.84 4.56 80 .89 0
19:00 735.84 4.56 80 5.81 0
19:01 736.09 4.56 80 3.58 0
19:02 736.09 4.56 80 3.13 0
19:03 735.84 4.61 80 4.92 0
19:04 735.84 4.61 80 3.58 0
19:05 735.84 4.61 80 3.13 0
19:06 736.09 4.61 80 5.81 0
19:07 736.09 4.61 80 5.81 0
19:08 736.09 4.61 80 2.24 0
19:09 736.09 4.61 80 5.81 0
19:10 735.84 4.61 79 4.02 0
19:11 736.09 4.61 79 3.13 0
19:12 736.09 4.67 79 4.02 0
19:13 736.09 4.67 79 9.39 0
19:14 736.09 4.67 79 8.49 0
19:15 736.09 4.72 78 3.13 0
19:16 736.09 4.72 78 5.36 0
19:17 736.09 4.72 78 8.05 0
19:18 736.09 4.72 78 4.92 0
19:19 736.09 4.72 78 2.68 0
19:20 736.09 4.72 78 2.68 0
19:21 736.09 4.72 78 2.68 0
19:22 736.09 4.72 78 4.92 0
19:23 736.09 4.72 78 4.47 0
19:24 736.09 4.72 78 7.15 0
19:25 736.09 4.67 78 4.02 0
19:26 736.09 4.67 78 6.71 0
19:27 736.09 4.67 78 2.68 0
19:28 736.09 4.67 78 7.15 0
19:29 736.09 4.67 78 4.92 0
19:30 736.09 4.61 78 7.15 0
19:31 736.09 4.61 78 5.36 0
19:32 736.09 4.61 79 6.26 0
19:33 736.09 4.61 79 5.36 0
19:34 736.09 4.61 79 4.47 0
19:35 736.09 4.61 79 5.36 0
19:36 736.09 4.61 79 3.13 0
19:37 736.09 4.56 79 3.13 0
19:38 736.09 4.56 79 4.92 0
19:39 736.09 4.56 79 5.81 0
19:40 736.09 4.56 79 7.15 0
19:41 736.09 4.56 79 3.13 0
19:42 736.09 4.56 79 1.79 0
19:43 736.09 4.56 79 6.71 0
19:44 736.09 4.56 79 4.47 0
19:45 736.09 4.56 79 4.47 0
19:46 736.09 4.61 79 4.02 0
19:47 736.09 4.56 79 3.13 0
19:48 736.09 4.56 79 4.02 0
19:49 736.35 4.56 79 4.02 0
19:50 736.09 4.56 79 3.13 0
19:51 736.35 4.56 79 3.58 0
19:52 736.35 4.56 78 5.36 0
19:53 736.09 4.56 78 4.92 0
19:54 736.35 4.56 78 6.26 0
19:55 736.09 4.61 77 5.81 0
19:56 736.35 4.61 77 2.24 0
19:57 736.35 4.56 78 3.13 0
19:58 736.35 4.61 78 5.36 0
19:59 736.35 4.56 78 3.58 0
20:00 736.35 4.56 78 3.13 0
20:01 736.35 4.56 78 2.68 0
20:02 736.35 4.56 78 3.13 0
20:03 736.35 4.56 78 4.92 0
20:04 736.35 4.56 78 4.02 0
20:05 736.35 4.56 78 4.47 0
20:06 736.35 4.56 78 2.24 0
20:07 736.35 4.56 78 4.92 0
20:08 736.35 4.56 78 4.47 0
20:09 736.35 4.56 78 4.47 0
20:10 736.35 4.61 78 8.94 0
20:11 736.35 4.56 78 8.49 0
20:12 736.35 4.56 78 3.58 0
20:13 736.35 4.56 78 3.13 0
20:14 736.35 4.56 78 6.26 0
20:15 736.35 4.56 78 3.58 0
20:16 736.35 4.56 78 4.02 0
20:17 736.6 4.5 79 4.02 0
20:18 736.6 4.44 79 9.83 0
20:19 736.6 4.33 79 3.58 0
20:20 736.6 4.33 79 4.47 0
20:21 736.6 4.28 79 7.6 0
20:22 736.6 4.22 79 6.26 0
20:23 736.6 4.17 79 4.02 0
20:24 736.6 4.17 79 1.79 0
20:25 736.6 4.17 80 5.36 0
20:26 736.6 4.17 80 3.13 0
20:27 736.6 4.17 80 6.71 0
20:28 736.6 4.17 80 6.26 0
20:29 736.6 4.17 80 3.13 0
20:30 736.6 4.17 80 3.13 0
20:31 736.6 4.11 80 4.02 0
20:32 736.6 4.11 80 4.47 0
20:33 736.6 4.11 80 6.71 0
20:34 736.6 4.11 80 4.02 0
20:35 736.6 4.06 80 7.15 0
20:36 736.6 4.06 80 6.26 0
20:37 736.6 4.06 80 3.13 0
20:38 736.6 4.06 80 7.15 0
20:39 736.6 4.06 80 3.58 0
20:40 736.6 4.06 80 2.68 0
20:41 736.6 4 80 2.24 0
20:42 736.6 4.06 80 5.81 0
20:43 736.6 4 80 3.58 0
20:44 736.6 4 80 4.92 0
20:45 736.6 4 80 3.58 0
20:46 736.6 4 80 8.49 0
20:47 736.6 4.06 80 5.81 0
20:48 736.6 4.06 80 1.79 0
20:49 736.6 4.06 80 3.13 0
20:50 736.6 4.06 80 3.13 0
20:51 736.6 4.06 80 4.47 0
20:52 736.6 4.06 80 5.36 0
20:53 736.6 4.06 80 3.58 0
20:54 736.6 4 80 4.92 0
20:55 736.6 4 80 5.81 0
20:56 736.6 4 80 2.24 0
20:57 736.6 4 80 2.24 0
20:58 736.6 4 80 3.13 0
20:59 736.6 4.06 80 2.68 0
21:00 736.6 4 80 3.58 0
21:01 736.85 4 80 1.79 0
21:02 736.6 4.06 80 1.34 0
21:03 736.6 4.06 80 3.58 0
21:04 736.6 4.06 80 6.26 0
21:05 736.6 4.06 80 4.47 0
21:06 736.6 4.06 80 2.68 0
21:07 736.6 4.06 80 4.02 0
21:08 736.85 4.06 80 4.92 0
21:09 736.85 4.06 80 7.6 0
21:10 736.85 4.11 80 6.26 0
21:11 736.85 4.17 80 5.36 0
21:12 736.85 4.17 79 4.47 0
21:13 736.85 4.17 80 4.02 0
21:14 736.85 4.11 80 6.26 0
21:15 736.85 4.17 79 4.02 0
21:16 736.85 4.17 79 3.58 0
21:17 736.85 4.17 79 4.92 0
21:18 736.85 4.17 79 5.81 0
21:19 736.85 4.17 79 4.47 0
21:20 736.85 4.17 79 4.47 0
21:21 736.85 4.17 79 2.68 0
21:22 736.85 4.17 79 3.13 0
21:23 736.85 4.17 79 6.71 0
21:24 736.85 4.17 79 5.36 0
21:25 736.85 4.17 79 2.24 0
21:26 736.85 4.17 79 1.79 0
21:27 736.85 4.17 79 4.47 0
21:28 736.85 4.17 79 5.36 0
21:29 736.85 4.17 79 4.02 0
21:30 736.85 4.17 79 4.02 0
21:31 736.85 4.17 79 3.58 0
21:32 736.85 4.17 80 2.68 0
21:33 736.85 4.17 80 5.36 0
21:34 736.85 4.11 80 4.02 0
21:35 736.85 4.11 80 6.26 0
21:36 736.85 4.06 80 6.26 0
21:37 736.85 4.06 80 4.02 0
21:38 736.85 4 80 3.58 0
21:39 736.85 4 81 6.71 0
21:40 736.85 4 81 4.02 0
21:41 736.85 4 81 5.36 0
21:42 737.11 3.94 81 5.36 0
21:43 737.11 3.94 81 1.79 0
21:44 737.11 3.94 82 3.58 0
21:45 737.11 3.89 82 4.92 0
21:46 737.11 3.89 82 2.68 0
21:47 737.11 3.83 82 2.68 0
21:48 737.11 3.89 82 5.81 0
21:49 737.11 3.83 82 2.24 0
21:50 737.11 3.83 82 3.58 0
21:51 736.85 3.83 82 3.58 0
21:52 737.11 3.83 82 4.02 0
21:53 737.11 3.83 82 2.24 0
21:54 737.11 3.83 82 5.81 0
21:55 737.11 3.83 82 4.02 0
21:56 737.11 3.78 82 4.47 0
21:57 737.11 3.78 82 4.47 0
21:58 737.11 3.78 83 4.92 0
21:59 737.11 3.78 83 4.02 0
22:00 737.11 3.78 83 3.58 0
22:01 737.11 3.78 83 4.47 0
22:02 737.11 3.72 83 3.58 0
22:03 737.11 3.72 83 3.13 0
22:04 737.11 3.67 83 3.13 0
22:05 737.11 3.67 83 4.02 0
22:06 737.11 3.72 83 4.47 0
22:07 737.11 3.67 83 5.81 0
22:08 737.11 3.67 83 4.47 0
22:09 737.11 3.67 83 4.92 0
22:10 737.11 3.67 83 2.68 0
22:11 737.11 3.67 83 5.36 0
22:12 737.11 3.67 83 3.13 0
22:13 737.11 3.67 83 2.68 0
22:14 737.11 3.72 83 4.92 0
22:15 737.11 3.67 83 5.81 0
22:16 737.11 3.67 83 3.13 0
22:17 737.11 3.67 83 4.92 0
22:18 737.11 3.72 83 2.24 0
22:19 737.11 3.72 83 3.13 0
22:20 737.11 3.72 84 1.34 0
22:21 737.11 3.67 84 3.58 0
22:22 737.11 3.67 84 4.02 0
22:23 737.11 3.67 84 3.58 0
22:24 737.11 3.67 84 4.47 0
22:25 737.11 3.67 84 3.13 0
22:26 737.11 3.67 84 .89 0
22:27 737.11 3.67 84 3.58 0
22:28 737.11 3.72 84 4.92 0
22:29 737.11 3.67 84 4.92 0
22:30 737.11 3.72 84 4.47 0
22:31 737.11 3.67 84 5.81 0
22:32 737.11 3.67 84 4.02 0
22:33 737.11 3.67 84 3.58 0
22:34 737.11 3.67 84 3.58 0
22:35 737.11 3.67 84 2.24 0
22:36 737.11 3.67 84 4.92 0
22:37 737.36 3.67 84 3.58 0
22:38 737.11 3.61 84 4.47 0
22:39 737.11 3.61 84 3.13 0
22:40 737.36 3.61 84 3.13 0
22:41 737.36 3.61 84 4.02 0
22:42 737.36 3.61 84 4.92 0
22:43 737.36 3.56 84 4.02 0
22:44 737.36 3.56 84 3.58 0
22:45 737.36 3.56 84 3.58 0
22:46 737.36 3.56 85 2.68 0
22:47 737.36 3.5 85 3.58 0
22:48 737.36 3.44 85 5.36 0
22:49 737.36 3.39 85 4.02 0
22:50 737.36 3.33 85 3.58 0
22:51 737.36 3.33 85 4.92 0
22:52 737.36 3.28 85 4.92 0
22:53 737.36 3.28 85 5.81 0
22:54 737.36 3.28 85 4.02 0
22:55 737.36 3.28 85 4.47 0
22:56 737.36 3.22 86 4.02 0
22:57 737.36 3.22 86 4.02 0
22:58 737.36 3.17 86 4.47 0
22:59 737.36 3.17 86 2.24 0
23:00 737.36 3.17 86 4.02 0
23:01 737.36 3.17 86 5.81 0
23:02 737.36 3.11 86 6.26 0
23:03 737.36 3.17 86 2.24 0
23:04 737.36 3.17 86 4.92 0
23:05 737.36 3.17 86 4.02 0
23:06 737.36 3.17 86 3.13 0
23:07 737.36 3.17 86 5.81 0
23:08 737.36 3.17 86 4.02 0
23:09 737.36 3.17 86 5.81 0
23:10 737.36 3.22 86 4.02 0
23:11 737.11 3.17 86 4.02 0
23:12 737.36 3.17 86 5.81 0
23:13 737.36 3.17 86 4.02 0
23:14 737.36 3.17 86 2.24 0
23:15 737.36 3.22 86 1.79 0
23:16 737.36 3.22 86 1.79 0
23:17 737.36 3.17 86 1.34 0
23:18 737.36 3.17 86 1.79 0
23:19 737.36 3.17 86 2.68 0
23:20 737.36 3.17 86 3.13 0
23:21 737.36 3.17 86 1.79 0
23:22 737.36 3.17 86 1.79 0
23:23 737.36 3.11 86 4.47 0
23:24 737.36 3.11 86 3.13 0
23:25 737.36 3.11 86 2.24 0
23:26 737.36 3.17 86 3.13 0
23:27 737.36 3.11 86 4.92 0
23:28 737.36 3.11 86 3.13 0
23:29 737.36 3.11 86 3.13 0
23:30 737.36 3.17 86 4.47 0
23:31 737.36 3.11 86 4.02 0
23:32 737.36 3.17 86 2.68 0
23:33 737.36 3.11 86 .89 0
23:34 737.36 3.11 86 4.47 0
23:35 737.36 3.11 86 4.92 0
23:36 737.36 3.17 86 1.79 0
23:37 737.36 3.11 86 3.58 0
23:38 737.36 3.17 86 2.68 0
23:39 737.36 3.17 86 2.24 0
23:40 737.36 3.17 86 1.34 0
23:41 737.36 3.22 86 7.6 0
23:42 737.36 3.28 86 4.47 0
23:43 737.36 3.22 86 4.02 0
23:44 737.36 3.28 86 4.47 0
23:45 737.36 3.28 85 6.71 0
23:46 737.36 3.28 85 3.58 0
23:47 737.36 3.28 85 5.36 0
23:48 737.36 3.33 85 2.24 0
23:49 737.36 3.33 85 1.34 0
23:50 737.36 3.33 85 4.02 0
23:51 737.36 3.33 85 4.47 0
23:52 737.36 3.39 85 3.58 0
23:53 737.36 3.39 85 2.68 0
23:54 737.36 3.39 85 3.58 0
23:55 737.36 3.39 85 1.34 0
23:56 737.36 3.39 85 3.58 0
23:57 737.36 3.39 85 4.47 0
23:58 737.36 3.33 84 4.47 0
23:59 737.36 3.39 84 4.02 0
