00:00 744.73 1.33 75 1.79 0
00:01 744.98 1.33 75 1.79 0
00:02 744.98 1.33 75 1.34 0
00:03 744.98 1.33 75 .89 0
00:04 744.98 1.39 75 1.79 0
00:05 744.98 1.39 75 .89 0
00:06 744.73 1.39 75 1.79 0
00:07 744.73 1.39 75 1.34 0
00:08 744.98 1.39 75 1.79 0
00:09 744.98 1.44 75 1.34 0
00:10 744.98 1.39 74 1.34 0
00:11 744.98 1.44 74 1.34 0
00:12 744.98 1.44 74 1.34 0
00:13 744.98 1.44 74 .89 0
00:14 744.98 1.44 74 1.34 0
00:15 744.98 1.44 74 1.34 0
00:16 744.98 1.44 74 1.34 0
00:17 744.98 1.5 74 1.34 0
00:18 744.98 1.5 74 1.79 0
00:19 744.98 1.5 74 1.34 0
00:20 744.98 1.5 74 1.34 0
00:21 744.98 1.5 74 2.24 0
00:22 744.98 1.44 74 1.34 0
00:23 744.98 1.5 74 1.79 0
00:24 744.98 1.44 74 1.34 0
00:25 744.98 1.44 74 1.34 0
00:26 744.98 1.44 74 .89 0
00:27 744.98 1.44 74 1.79 0
00:28 744.98 1.39 74 1.34 0
00:29 744.98 1.39 74 1.79 0
00:30 744.98 1.39 74 1.34 0
00:31 744.98 1.39 74 1.34 0
00:32 744.98 1.39 74 1.34 0
00:33 744.98 1.39 74 1.34 0
00:34 744.98 1.33 74 1.79 0
00:35 744.98 1.33 74 1.34 0
00:36 744.98 1.33 75 1.34 0
00:37 744.98 1.28 75 1.34 0
00:38 744.98 1.28 75 1.34 0
00:39 744.98 1.28 75 1.34 0
00:40 744.98 1.22 75 1.34 0
00:41 744.98 1.22 75 1.34 0
00:42 744.98 1.17 75 1.34 0
00:43 744.98 1.17 75 1.34 0
00:44 744.98 1.06 76 .89 0
00:45 744.98 1 76 1.34 0
00:46 744.98 .94 76 1.34 0
00:47 744.98 .89 76 1.34 0
00:48 744.98 .83 76 1.34 0
00:49 744.98 .72 76 1.34 0
00:50 744.98 .67 76 1.34 0
00:51 744.98 .61 76 1.34 0
00:52 744.98 .56 76 1.34 0
00:53 744.98 .44 76 1.79 0
00:54 744.98 .44 77 1.79 0
00:55 744.98 .39 77 1.34 0
00:56 744.98 .44 77 1.34 0
00:57 744.98 .44 77 1.79 0
00:58 744.98 .5 77 1.34 0
00:59 744.98 .5 77 1.79 0
01:00 744.98 .61 77 1.79 0
01:01 744.98 .61 76 1.79 0
01:02 744.98 .72 76 1.34 0
01:03 744.98 .78 76 1.79 0
01:04 744.98 .78 76 1.79 0
01:05 744.98 .78 76 1.34 0
01:06 744.98 .78 76 1.34 0
01:07 744.98 .78 76 1.34 0
01:08 744.98 .78 76 1.34 0
01:09 744.98 .78 76 1.34 0
01:10 744.98 .83 76 1.79 0
01:11 744.98 .83 76 1.34 0
01:12 744.98 .83 76 1.34 0
01:13 744.98 .83 76 1.34 0
01:14 744.98 .89 76 1.34 0
01:15 744.98 .89 76 .89 0
01:16 744.98 .83 76 1.34 0
01:17 744.98 .83 76 1.79 0
01:18 744.98 .83 76 1.34 0
01:19 744.98 .78 76 1.34 0
01:20 744.98 .78 76 1.34 0
01:21 744.98 .72 76 1.34 0
01:22 744.98 .67 76 1.34 0
01:23 744.98 .61 76 1.34 0
01:24 744.98 .61 76 1.34 0
01:25 744.98 .56 76 .89 0
01:26 744.98 .56 77 1.34 0
01:27 744.98 .5 77 1.34 0
01:28 744.98 .5 77 1.34 0
01:29 744.98 .44 76 .89 0
01:30 744.98 .39 76 1.34 0
01:31 744.98 .39 77 .89 0
01:32 744.98 .33 77 .89 0
01:33 744.98 .28 77 .89 0
01:34 744.98 .28 77 1.34 0
01:35 744.98 .22 77 .89 0
01:36 744.98 .17 77 .89 0
01:37 744.98 .11 77 .89 0
01:38 744.98 .06 77 1.34 0
01:39 744.98 .06 78 .89 0
01:40 744.98 0 78 .89 0
01:41 744.98 -.06 78 .89 0
01:42 744.98 -.11 78 .45 0
01:43 744.98 -.17 78 .89 0
01:44 744.98 -.22 78 .45 0
01:45 744.98 -.22 78 .45 0
01:46 744.98 -.28 78 .45 0
01:47 744.98 -.33 78 .45 0
01:48 744.98 -.33 78 .45 0
01:49 744.98 -.39 78 .45 0
01:50 744.98 -.44 78 .45 0
01:51 744.98 -.5 78 .89 0
01:52 744.98 -.56 78 .45 0
01:53 744.98 -.61 79 .89 0
01:54 744.98 -.67 79 .89 0
01:55 744.98 -.67 79 .89 0
01:56 744.98 -.72 79 .89 0
01:57 744.98 -.72 79 .89 0
01:58 744.98 -.78 79 .89 0
01:59 744.98 -.83 79 .89 0
02:00 744.98 -.83 79 .89 0
02:01 745.24 -.94 79 .89 0
02:02 744.98 -1.06 79 .89 0
02:03 745.24 -1 79 .89 0
02:04 744.98 -1.06 80 1.34 0
02:05 745.24 -1.11 80 .89 0
02:06 744.98 -1.11 80 .89 0
02:07 744.98 -1.11 80 .89 0
02:08 744.98 -1.17 80 1.34 0
02:09 744.98 -1.17 80 .89 0
02:10 744.98 -1.17 80 .45 0
02:11 744.98 -1.11 80 .45 0
02:12 744.98 -1.11 80 .89 0
02:13 745.24 -1.11 80 .89 0
02:14 745.24 -1.11 80 .89 0
02:15 744.98 -1.11 80 1.34 0
02:16 744.98 -1.11 80 .89 0
02:17 745.24 -1.11 80 .89 0
02:18 744.98 -1.06 80 1.34 0
02:19 744.98 -1.11 80 .89 0
02:20 744.98 -1.11 80 .89 0
02:21 745.24 -1.06 80 .89 0
02:22 745.24 -1.06 80 .89 0
02:23 744.98 -1.11 80 1.34 0
02:24 745.24 -1.11 80 1.34 0
02:25 745.24 -1.11 80 1.34 0
02:26 744.98 -1.11 80 .89 0
02:27 744.98 -1.11 80 .89 0
02:28 744.98 -1.11 80 1.34 0
02:29 745.24 -1.11 80 1.34 0
02:30 744.98 -1.11 80 1.34 0
02:31 744.98 -1.06 80 1.34 0
02:32 744.98 -1 80 1.34 0
02:33 744.98 -1 80 1.34 0
02:34 744.98 -.94 80 1.34 0
02:35 744.98 -.94 80 1.34 0
02:36 744.98 -.89 80 1.34 0
02:37 744.98 -.89 80 1.79 0
02:38 744.98 -.94 80 1.34 0
02:39 744.98 -.89 80 1.34 0
02:40 744.98 -.94 80 1.34 0
02:41 744.98 -.94 80 1.34 0
02:42 744.98 -.94 80 1.34 0
02:43 744.98 -1 80 .89 0
02:44 744.98 -1 79 .89 0
02:45 744.98 -1 79 .89 0
02:46 744.98 -1.06 79 1.34 0
02:47 744.98 -1.06 80 1.34 0
02:48 744.98 -1.06 80 .89 0
02:49 744.98 -1.06 80 1.34 0
02:50 744.98 -1.06 80 1.34 0
02:51 744.98 -1.06 80 1.79 0
02:52 744.98 -1 80 1.79 0
02:53 744.98 -.94 80 1.34 0
02:54 744.98 -.89 80 1.34 0
02:55 744.98 -.89 80 1.34 0
02:56 744.98 -.83 80 1.79 0
02:57 744.98 -.78 80 1.34 0
02:58 744.98 -.78 80 1.34 0
02:59 744.98 -.78 79 1.79 0
03:00 744.98 -.78 79 1.34 0
03:01 744.98 -.72 79 1.79 0
03:02 744.98 -.78 79 1.79 0
03:03 744.98 -.78 79 1.34 0
03:04 744.98 -.78 79 1.34 0
03:05 744.98 -.78 79 1.34 0
03:06 744.98 -.83 79 1.34 0
03:07 744.98 -.83 79 1.34 0
03:08 744.98 -.83 79 1.34 0
03:09 744.98 -.89 79 1.79 0
03:10 744.98 -.89 79 1.34 0
03:11 744.98 -.94 79 1.34 0
03:12 744.98 -.94 79 1.79 0
03:13 744.98 -.94 79 1.34 0
03:14 744.98 -1 79 1.34 0
03:15 744.98 -1 79 1.79 0
03:16 745.24 -1 79 1.34 0
03:17 745.24 -1.06 79 1.34 0
03:18 745.24 -1.06 80 1.79 0
03:19 745.24 -1.11 80 1.34 0
03:20 745.24 -1.11 80 1.34 0
03:21 745.24 -1.11 80 1.34 0
03:22 745.24 -1.11 80 1.79 0
03:23 745.24 -1.17 80 1.79 0
03:24 745.24 -1.22 80 1.79 0
03:25 745.24 -1.28 80 1.79 0
03:26 745.24 -1.28 80 1.34 0
03:27 745.24 -1.33 80 1.79 0
03:28 745.24 -1.28 80 1.79 0
03:29 745.24 -1.22 80 1.79 0
03:30 745.24 -1.17 80 2.24 0
03:31 745.24 -1.06 80 1.79 0
03:32 745.24 -1 80 3.13 0
03:33 745.24 -.94 80 2.24 0
03:34 745.24 -.89 80 2.24 0
03:35 745.24 -.83 80 2.24 0
03:36 745.24 -.78 79 3.13 0
03:37 745.24 -.78 79 2.24 0
03:38 745.24 -.72 79 2.24 0
03:39 745.24 -.72 79 1.79 0
03:40 745.24 -.67 79 1.79 0
03:41 745.24 -.67 79 1.79 0
03:42 745.24 -.67 79 2.24 0
03:43 745.24 -.67 79 2.24 0
03:44 745.24 -.67 79 2.24 0
03:45 745.24 -.61 79 1.79 0
03:46 745.24 -.56 79 1.79 0
03:47 745.24 -.61 78 2.24 0
03:48 745.24 -.56 78 2.24 0
03:49 745.24 -.61 78 2.24 0
03:50 745.24 -.61 78 2.24 0
03:51 745.24 -.61 78 2.24 0
03:52 745.24 -.67 78 2.24 0
03:53 745.24 -.67 78 2.24 0
03:54 745.24 -.67 78 2.24 0
03:55 745.24 -.72 79 2.24 0
03:56 745.24 -.72 79 1.79 0
03:57 745.49 -.78 79 1.79 0
03:58 745.24 -.78 79 1.79 0
03:59 745.49 -.83 79 1.79 0
04:00 745.24 -.89 79 1.79 0
04:01 745.49 -.89 79 1.79 0
04:02 745.49 -.89 79 1.34 0
04:03 745.49 -.89 79 1.34 0
04:04 745.49 -.89 79 1.79 0
04:05 745.49 -.89 79 1.34 0
04:06 745.49 -.89 79 1.34 0
04:07 745.24 -.89 79 1.34 0
04:08 745.49 -.94 79 1.79 0
04:09 745.24 -.94 79 1.34 0
04:10 745.24 -1 79 1.79 0
04:11 745.24 -.94 79 1.34 0
04:12 745.24 -.94 79 1.79 0
04:13 745.24 -.94 79 1.79 0
04:14 745.24 -1 79 1.79 0
04:15 745.24 -1 79 1.79 0
04:16 745.24 -1 79 1.34 0
04:17 745.24 -1.06 79 1.34 0
04:18 745.24 -1 79 1.79 0
04:19 745.24 -1.06 79 1.79 0
04:20 745.24 -1.06 79 1.79 0
04:21 745.24 -1.06 79 1.34 0
04:22 745.49 -1.11 79 1.79 0
04:23 745.24 -1.11 79 1.79 0
04:24 745.24 -1.11 79 1.79 0
04:25 745.24 -1.11 79 1.79 0
04:26 745.24 -1.06 79 1.79 0
04:27 745.24 -1.06 79 2.24 0
04:28 745.24 -1 79 2.24 0
04:29 745.24 -.94 79 1.79 0
04:30 745.24 -.94 79 2.24 0
04:31 745.24 -.94 79 1.34 0
04:32 745.24 -.89 79 1.79 0
04:33 745.24 -.89 79 1.79 0
04:34 745.24 -.89 79 1.34 0
04:35 745.24 -.89 79 1.79 0
04:36 745.24 -.94 79 1.79 0
04:37 745.24 -.94 79 2.24 0
04:38 745.24 -.94 79 1.34 0
04:39 745.49 -1 79 1.34 0
04:40 745.49 -1.06 79 1.34 0
04:41 745.24 -1.11 79 1.79 0
04:42 745.49 -1.11 79 1.34 0
04:43 745.49 -1.11 79 1.79 0
04:44 745.49 -1.17 79 1.79 0
04:45 745.24 -1.22 79 1.79 0
04:46 745.49 -1.22 79 1.79 0
04:47 745.49 -1.17 79 1.79 0
04:48 745.49 -1.11 79 1.79 0
04:49 745.49 -1.11 79 1.79 0
04:50 745.49 -1.11 79 1.79 0
04:51 745.49 -1.11 79 1.79 0
04:52 745.49 -1.11 79 1.79 0
04:53 745.49 -1.11 79 1.79 0
04:54 745.49 -1.11 79 2.24 0
04:55 745.49 -1.11 79 2.24 0
04:56 745.49 -1.11 79 2.24 0
04:57 745.49 -1.06 79 2.24 0
04:58 745.49 -1.06 79 2.24 0
04:59 745.49 -1.06 79 2.68 0
05:00 745.49 -1.06 79 2.24 0
05:01 745.49 -1.06 79 2.24 0
05:02 745.49 -1.06 79 2.24 0
05:03 745.49 -1.06 79 1.79 0
05:04 745.49 -1.06 79 1.79 0
05:05 745.49 -1.06 79 2.24 0
05:06 745.49 -1.06 79 1.79 0
05:07 745.49 -1.11 79 1.79 0
05:08 745.49 -1.06 79 1.79 0
05:09 745.49 -1.11 79 2.24 0
05:10 745.49 -1.06 79 3.13 0
05:11 745.49 -1.06 79 2.24 0
05:12 745.49 -1.06 79 2.24 0
05:13 745.49 -1 79 2.68 0
05:14 745.49 -1 79 2.24 0
05:15 745.49 -.94 79 2.24 0
05:16 745.49 -.94 79 2.24 0
05:17 745.49 -.94 79 2.24 0
05:18 745.49 -.94 79 1.79 0
05:19 745.49 -.94 79 1.79 0
05:20 745.49 -.89 78 1.79 0
05:21 745.49 -.94 78 2.24 0
05:22 745.49 -.94 78 1.79 0
05:23 745.49 -1 78 1.79 0
05:24 745.49 -1 78 1.34 0
05:25 745.49 -1.06 78 1.79 0
05:26 745.49 -1.11 78 1.79 0
05:27 745.74 -1.11 78 1.79 0
05:28 745.74 -1.17 79 1.34 0
05:29 745.74 -1.11 79 1.34 0
05:30 745.74 -1.17 79 1.34 0
05:31 745.74 -1.17 79 1.79 0
05:32 745.74 -1.17 79 1.79 0
05:33 745.74 -1.22 79 1.34 0
05:34 745.74 -1.22 79 1.34 0
05:35 745.74 -1.22 79 1.34 0
05:36 745.74 -1.22 79 1.34 0
05:37 745.74 -1.28 79 1.34 0
05:38 745.74 -1.28 79 1.34 0
05:39 745.74 -1.22 79 .89 0
05:40 745.74 -1.28 79 1.79 0
05:41 745.74 -1.28 79 1.34 0
05:42 745.74 -1.22 79 1.79 0
05:43 745.74 -1.22 79 1.34 0
05:44 745.74 -1.28 79 1.79 0
05:45 745.74 -1.28 79 1.34 0
05:46 745.74 -1.28 79 1.79 0
05:47 745.74 -1.28 79 1.34 0
05:48 745.74 -1.28 79 1.79 0
05:49 745.74 -1.33 79 1.79 0
05:50 745.74 -1.33 79 1.34 0
05:51 745.74 -1.33 79 1.34 0
05:52 745.74 -1.33 79 1.34 0
05:53 745.74 -1.39 79 1.79 0
05:54 745.74 -1.44 79 1.34 0
05:55 745.74 -1.44 79 1.34 0
05:56 745.74 -1.44 79 1.79 0
05:57 745.74 -1.44 79 1.79 0
05:58 745.74 -1.5 79 1.34 0
05:59 745.74 -1.5 79 1.34 0
06:00 745.74 -1.56 79 1.34 0
06:01 745.74 -1.5 80 1.34 0
06:02 745.74 -1.5 80 1.34 0
06:03 745.74 -1.5 80 .89 0
06:04 745.74 -1.56 80 1.34 0
06:05 745.74 -1.5 80 1.34 0
06:06 745.74 -1.5 80 1.34 0
06:07 745.74 -1.56 80 1.34 0
06:08 745.74 -1.56 80 1.34 0
06:09 746 -1.56 80 .89 0
06:10 745.74 -1.56 80 1.34 0
06:11 745.74 -1.56 80 1.34 0
06:12 745.74 -1.56 80 1.79 0
06:13 745.74 -1.61 80 1.34 0
06:14 745.74 -1.61 80 1.34 0
06:15 745.74 -1.67 80 1.34 0
06:16 746 -1.67 80 1.34 0
06:17 745.74 -1.67 80 1.79 0
06:18 746 -1.67 80 1.34 0
06:19 746 -1.67 80 1.34 0
06:20 746 -1.61 80 1.34 0
06:21 746 -1.61 80 1.34 0
06:22 745.74 -1.56 80 1.34 0
06:23 746 -1.5 80 1.34 0
06:24 746 -1.5 80 1.34 0
06:25 746 -1.5 80 1.34 0
06:26 746 -1.5 80 1.34 0
06:27 746 -1.44 80 1.34 0
06:28 746 -1.44 80 1.34 0
06:29 746 -1.44 80 .89 0
06:30 746 -1.44 80 .89 0
06:31 746 -1.44 80 1.34 0
06:32 746 -1.44 80 1.34 0
06:33 746 -1.44 80 1.34 0
06:34 746 -1.39 80 1.34 0
06:35 746 -1.39 80 .89 0
06:36 746 -1.39 79 .89 0
06:37 746 -1.39 79 1.34 0
06:38 746 -1.39 79 .89 0
06:39 746 -1.39 79 1.34 0
06:40 746 -1.39 80 1.34 0
06:41 746 -1.39 79 1.34 0
06:42 746 -1.44 79 1.34 0
06:43 746 -1.44 79 .89 0
06:44 746 -1.5 79 1.34 0
06:45 746 -1.56 80 1.34 0
06:46 746 -1.56 80 1.34 0
06:47 746 -1.56 80 .89 0
06:48 746 -1.56 80 1.34 0
06:49 746 -1.56 80 1.34 0
06:50 746.25 -1.61 80 1.34 0
06:51 746.25 -1.61 80 .89 0
06:52 746.25 -1.61 80 1.34 0
06:53 746.25 -1.67 80 .89 0
06:54 746.25 -1.67 80 1.34 0
06:55 746.25 -1.67 80 1.79 0
06:56 746.25 -1.67 80 1.34 0
06:57 746.25 -1.67 80 1.79 0
06:58 746.25 -1.67 80 1.34 0
06:59 746.25 -1.61 80 1.79 0
07:00 746.25 -1.56 80 1.79 0
07:01 746.25 -1.56 80 1.34 0
07:02 746.25 -1.5 80 1.79 0
07:03 746.25 -1.44 80 1.34 0
07:04 746.25 -1.33 80 .89 0
07:05 746.25 -1.28 80 1.34 0
07:06 746.25 -1.28 80 1.34 0
07:07 746.25 -1.22 80 .89 0
07:08 746.25 -1.17 80 1.34 0
07:09 746.25 -1.11 80 1.34 0
07:10 746.25 -1.06 80 1.34 0
07:11 746.25 -1 79 1.34 0
07:12 746.25 -.94 79 .89 0
07:13 746.25 -.94 79 1.34 0
07:14 746.25 -.89 79 1.34 0
07:15 746.25 -.83 79 1.34 0
07:16 746.25 -.83 79 .89 0
07:17 746.25 -.78 79 .89 0
07:18 746.25 -.78 79 1.79 0
07:19 746.25 -.72 79 1.34 0
07:20 746.25 -.67 79 .89 0
07:21 746.25 -.67 79 1.34 0
07:22 746.25 -.61 79 .89 0
07:23 746.25 -.61 79 1.34 0
07:24 746.25 -.56 79 1.34 0
07:25 746.25 -.5 79 1.79 0
07:26 746.25 -.5 79 .89 0
07:27 746.25 -.44 79 .89 0
07:28 746.25 -.39 79 1.34 0
07:29 746.25 -.33 78 1.34 0
07:30 746.25 -.33 78 1.34 0
07:31 746.25 -.33 78 1.34 0
07:32 746.25 -.28 78 1.34 0
07:33 746.25 -.22 78 1.34 0
07:34 746.25 -.17 78 1.79 0
07:35 746.25 -.11 78 1.34 0
07:36 746.25 -.11 78 1.34 0
07:37 746.25 -.06 78 1.34 0
07:38 746.25 -.06 78 .89 0
07:39 746.25 .06 78 1.79 0
07:40 746.25 .06 78 .89 0
07:41 746.25 .11 78 .89 0
07:42 746.25 .17 78 1.34 0
07:43 746.25 .17 78 .89 0
07:44 746.25 .22 78 .89 0
07:45 746.25 .22 78 1.79 0
07:46 746.25 .22 78 1.34 0
07:47 746.25 .28 78 1.79 0
07:48 746.25 .33 78 1.34 0
07:49 746.25 .33 78 .89 0
07:50 746.25 .39 78 1.34 0
07:51 746.25 .44 77 1.79 0
07:52 746.25 .5 78 1.79 0
07:53 746.25 .5 77 1.34 0
07:54 746.25 .56 77 .45 0
07:55 746.25 .67 77 1.34 0
07:56 746.25 .67 77 1.34 0
07:57 746.25 .78 77 1.34 0
07:58 746.25 .78 77 .89 0
07:59 746.25 .83 77 1.34 0
08:00 746.25 .89 77 1.34 0
08:01 746.25 .94 77 1.34 0
08:02 746.51 1 77 3.13 0
08:03 746.25 1.11 77 1.79 0
08:04 746.25 1.17 76 1.34 0
08:05 746.25 1.28 76 2.24 0
08:06 746.25 1.33 76 3.13 0
08:07 746.25 1.39 75 2.24 0
08:08 746.25 1.5 75 2.68 0
08:09 746.25 1.61 75 1.79 0
08:10 746.25 1.67 74 1.79 0
08:11 746.25 1.67 74 1.34 0
08:12 746.25 1.78 74 1.79 0
08:13 746.25 1.83 74 2.24 0
08:14 746.25 1.83 74 1.34 0
08:15 746.25 1.94 73 1.79 0
08:16 746.51 1.94 73 1.34 0
08:17 746.51 1.94 73 2.24 0
08:18 746.51 2 73 .89 0
08:19 746.51 2.06 73 1.79 0
08:20 746.51 2.11 73 1.34 0
08:21 746.51 2.11 73 1.34 0
08:22 746.51 2.17 73 1.34 0
08:23 746.51 2.22 73 1.79 0
08:24 746.51 2.22 73 1.79 0
08:25 746.51 2.28 72 1.34 0
08:26 746.51 2.28 72 1.79 0
08:27 746.51 2.33 72 1.79 0
08:28 746.51 2.33 72 2.24 0
08:29 746.51 2.33 72 1.34 0
08:30 746.51 2.39 72 1.79 0
08:31 746.51 2.44 72 1.79 0
08:32 746.51 2.44 72 2.24 0
08:33 746.51 2.5 72 2.24 0
08:34 746.51 2.56 72 1.79 0
08:35 746.51 2.56 72 1.79 0
08:36 746.51 2.61 72 1.34 0
08:37 746.51 2.67 71 1.34 0
08:38 746.51 2.72 71 1.79 0
08:39 746.51 2.78 71 2.24 0
08:40 746.51 2.83 71 2.24 0
08:41 746.51 2.89 71 1.79 0
08:42 746.51 2.94 71 3.58 0
08:43 746.51 3 71 1.79 0
08:44 746.51 3.06 70 2.24 0
08:45 746.51 3.11 70 4.02 0
08:46 746.51 3.17 70 3.58 0
08:47 746.51 3.22 70 3.13 0
08:48 746.51 3.28 70 1.79 0
08:49 746.51 3.28 70 3.58 0
08:50 746.51 3.33 69 1.79 0
08:51 746.51 3.39 70 1.34 0
08:52 746.51 3.39 70 1.79 0
08:53 746.51 3.44 69 1.34 0
08:54 746.51 3.5 69 1.79 0
08:55 746.51 3.56 69 1.34 0
08:56 746.51 3.61 69 4.02 0
08:57 746.51 3.61 69 2.24 0
08:58 746.51 3.67 69 1.79 0
08:59 746.51 3.72 69 3.58 0
09:00 746.51 3.72 68 2.24 0
09:01 746.51 3.78 68 1.79 0
09:02 746.51 3.78 68 1.79 0
09:03 746.51 3.83 68 2.24 0
09:04 746.51 3.89 68 2.68 0
09:05 746.51 3.94 68 3.58 0
09:06 746.51 4 68 3.13 0
09:07 746.51 4 68 2.68 0
09:08 746.51 4 67 2.24 0
09:09 746.51 4.06 67 2.24 0
09:10 746.51 4.11 67 1.79 0
09:11 746.51 4.11 67 2.24 0
09:12 746.51 4.17 67 4.02 0
09:13 746.51 4.17 67 1.79 0
09:14 746.51 4.22 66 4.02 0
09:15 746.51 4.22 66 3.58 0
09:16 746.51 4.28 66 3.13 0
09:17 746.51 4.33 66 3.13 0
09:18 746.51 4.33 66 2.24 0
09:19 746.51 4.33 66 4.92 0
09:20 746.51 4.33 66 5.36 0
09:21 746.51 4.33 66 4.47 0
09:22 746.51 4.33 66 2.68 0
09:23 746.51 4.39 66 4.02 0
09:24 746.51 4.39 66 3.58 0
09:25 746.51 4.39 65 3.58 0
09:26 746.51 4.44 65 2.24 0
09:27 746.51 4.44 65 1.79 0
09:28 746.51 4.44 66 4.02 0
09:29 746.51 4.5 65 4.47 0
09:30 746.51 4.56 65 2.68 0
09:31 746.51 4.56 65 4.02 0
09:32 746.51 4.56 65 2.24 0
09:33 746.51 4.61 65 3.58 0
09:34 746.51 4.61 65 3.58 0
09:35 746.51 4.61 65 2.68 0
09:36 746.51 4.67 65 3.58 0
09:37 746.51 4.72 65 1.79 0
09:38 746.51 4.72 65 4.02 0
09:39 746.51 4.72 64 2.68 0
09:40 746.51 4.78 64 5.36 0
09:41 746.51 4.78 64 1.79 0
09:42 746.51 4.78 64 5.36 0
09:43 746.51 4.83 64 3.58 0
09:44 746.51 4.78 64 2.24 0
09:45 746.51 4.83 64 3.58 0
09:46 746.51 4.83 64 4.02 0
09:47 746.51 4.83 64 2.68 0
09:48 746.51 4.89 64 4.47 0
09:49 746.51 4.89 64 3.58 0
09:50 746.51 4.89 64 2.68 0
09:51 746.51 4.94 64 3.58 0
09:52 746.51 4.94 64 4.02 0
09:53 746.51 4.94 64 1.79 0
09:54 746.51 5 64 1.34 0
09:55 746.51 5.06 64 1.79 0
09:56 746.51 5.06 64 2.68 0
09:57 746.51 5.06 64 4.02 0
09:58 746.51 5.11 63 4.92 0
09:59 746.51 5.11 63 4.02 0
10:00 746.51 5.06 63 3.58 0
10:01 746.51 5.06 63 3.58 0
10:02 746.51 5.06 63 3.58 0
10:03 746.51 5.06 63 2.24 0
10:04 746.51 5.11 63 5.81 0
10:05 746.51 5.11 63 4.47 0
10:06 746.51 5.11 63 2.68 0
10:07 746.51 5.11 63 4.47 0
10:08 746.51 5.11 63 4.47 0
10:09 746.51 5.17 63 2.24 0
10:10 746.51 5.17 63 4.02 0
10:11 746.51 5.22 63 3.58 0
10:12 746.51 5.22 63 6.26 0
10:13 746.51 5.17 62 4.02 0
10:14 746.51 5.22 62 1.79 0
10:15 746.51 5.22 63 5.36 0
10:16 746.51 5.22 62 4.47 0
10:17 746.51 5.28 62 4.02 0
10:18 746.51 5.28 62 4.47 0
10:19 746.51 5.28 62 5.81 0
10:20 746.51 5.22 62 4.02 0
10:21 746.51 5.22 62 4.47 0
10:22 746.51 5.28 62 5.36 0
10:23 746.51 5.28 62 4.47 0
10:24 746.51 5.28 62 4.02 0
10:25 746.51 5.28 62 4.92 0
10:26 746.51 5.28 62 4.92 0
10:27 746.51 5.33 62 3.58 0
10:28 746.51 5.33 62 2.24 0
10:29 746.51 5.39 62 4.92 0
10:30 746.51 5.39 62 5.81 0
10:31 746.51 5.39 62 4.02 0
10:32 746.51 5.39 62 2.24 0
10:33 746.51 5.44 62 4.02 0
10:34 746.51 5.44 62 5.81 0
10:35 746.51 5.39 62 4.47 0
10:36 746.51 5.33 61 4.47 0
10:37 746.51 5.39 61 4.02 0
10:38 746.51 5.39 62 4.92 0
10:39 746.51 5.44 62 4.47 0
10:40 746.51 5.56 62 4.92 0
10:41 746.51 5.61 62 4.02 0
10:42 746.51 5.72 61 3.13 0
10:43 746.51 5.78 61 4.47 0
10:44 746.51 5.78 61 2.68 0
10:45 746.51 5.78 61 2.68 0
10:46 746.51 5.83 61 4.02 0
10:47 746.51 5.78 61 3.58 0
10:48 746.51 5.78 60 1.79 0
10:49 746.51 5.78 61 2.68 0
10:50 746.51 5.78 60 3.13 0
10:51 746.51 5.83 60 2.24 0
10:52 746.51 5.83 61 .45 0
10:53 746.51 5.94 60 5.36 0
10:54 746.51 5.94 60 4.92 0
10:55 746.51 5.94 60 2.68 0
10:56 746.51 5.94 60 4.02 0
10:57 746.51 5.94 60 2.68 0
10:58 746.51 5.94 60 5.81 0
10:59 746.51 5.94 59 4.92 0
11:00 746.51 5.94 59 4.02 0
11:01 746.51 5.89 60 3.58 0
11:02 746.51 5.83 60 3.13 0
11:03 746.51 5.83 60 2.24 0
11:04 746.51 5.83 60 1.34 0
11:05 746.51 5.89 60 6.26 0
11:06 746.51 5.94 60 5.36 0
11:07 746.51 5.94 58 6.26 0
11:08 746.51 5.94 58 4.02 0
11:09 746.51 5.94 58 5.36 0
11:10 746.51 5.94 58 4.02 0
11:11 746.51 5.94 58 6.26 0
11:12 746.51 5.94 58 4.47 0
11:13 746.51 5.94 58 5.81 0
11:14 746.51 5.94 58 4.92 0
11:15 746.51 5.89 58 5.81 0
11:16 746.51 5.89 58 4.92 0
11:17 746.51 5.89 58 4.02 0
11:18 746.51 5.94 58 2.24 0
11:19 746.51 5.94 58 5.81 0
11:20 746.51 6 58 4.02 0
11:21 746.51 6 58 5.36 0
11:22 746.51 6.06 58 6.26 0
11:23 746.51 6.06 57 3.13 0
11:24 746.51 6.11 57 2.68 0
11:25 746.51 6.11 57 5.36 0
11:26 746.51 6.11 58 4.47 0
11:27 746.51 6.11 57 3.58 0
11:28 746.51 6.11 58 6.26 0
11:29 746.51 6.06 58 3.58 0
11:30 746.51 6.06 58 4.92 0
11:31 746.51 6.06 58 2.24 0
11:32 746.51 6.06 57 5.81 0
11:33 746.51 6.06 57 5.81 0
11:34 746.51 6.06 57 4.92 0
11:35 746.51 6.06 57 4.92 0
11:36 746.51 6.11 58 2.24 0
11:37 746.51 6.11 58 1.79 0
11:38 746.51 6.17 58 4.02 0
11:39 746.51 6.17 58 4.02 0
11:40 746.51 6.17 57 4.02 0
11:41 746.51 6.17 57 1.79 0
11:42 746.51 6.17 57 2.68 0
11:43 746.51 6.22 58 5.36 0
11:44 746.51 6.22 57 4.92 0
11:45 746.51 6.17 57 5.36 0
11:46 746.51 6.17 57 5.81 0
11:47 746.51 6.22 57 4.47 0
11:48 746.51 6.17 57 5.36 0
11:49 746.51 6.11 57 4.92 0
11:50 746.51 6.17 57 4.92 0
11:51 746.51 6.17 58 3.58 0
11:52 746.51 6.17 57 3.58 0
11:53 746.51 6.17 57 2.24 0
11:54 746.51 6.17 57 4.47 0
11:55 746.51 6.17 57 4.02 0
11:56 746.51 6.22 57 4.02 0
11:57 746.51 6.33 58 4.92 0
11:58 746.51 6.39 56 4.47 0
11:59 746.51 6.39 56 5.36 0
12:00 746.51 6.33 56 3.58 0
12:01 746.51 6.33 55 4.47 0
12:02 746.51 6.33 55 1.79 0
12:03 746.51 6.33 55 4.02 0
12:04 746.51 6.33 56 4.92 0
12:05 746.51 6.33 55 5.81 0
12:06 746.51 6.39 55 4.02 0
12:07 746.51 6.39 55 1.79 0
12:08 746.51 6.39 55 2.68 0
12:09 746.51 6.39 55 5.81 0
12:10 746.51 6.44 55 3.58 0
12:11 746.51 6.39 55 4.47 0
12:12 746.51 6.39 56 8.05 0
12:13 746.51 6.44 56 4.92 0
12:14 746.51 6.5 56 5.81 0
12:15 746.51 6.5 55 4.02 0
12:16 746.51 6.5 55 4.02 0
12:17 746.51 6.56 55 1.79 0
12:18 746.51 6.67 55 3.13 0
12:19 746.51 6.67 55 5.36 0
12:20 746.51 6.67 55 4.47 0
12:21 746.51 6.56 54 4.92 0
12:22 746.51 6.56 54 4.47 0
12:23 746.51 6.56 54 7.15 0
12:24 746.25 6.56 54 4.92 0
12:25 746.25 6.56 54 4.92 0
12:26 746.51 6.56 54 3.13 0
12:27 746.25 6.67 54 1.34 0
12:28 746.51 6.67 54 3.58 0
12:29 746.25 6.67 55 2.68 0
12:30 746.25 6.67 55 3.58 0
12:31 746.25 6.67 54 3.58 0
12:32 746.51 6.67 55 3.13 0
12:33 746.25 6.67 55 2.68 0
12:34 746.51 6.67 55 3.58 0
12:35 746.51 6.67 55 4.02 0
12:36 746.51 6.72 55 2.68 0
12:37 746.51 6.67 55 2.24 0
12:38 746.25 6.67 55 2.24 0
12:39 746.25 6.67 55 3.13 0
12:40 746.25 6.67 54 4.02 0
12:41 746.25 6.67 54 6.26 0
12:42 746.51 6.72 54 4.47 0
12:43 746.25 6.78 54 5.36 0
12:44 746.25 6.78 54 2.24 0
12:45 746.25 6.78 53 2.68 0
12:46 746.25 6.72 53 2.68 0
12:47 746.25 6.72 53 3.13 0
12:48 746.25 6.78 54 2.68 0
12:49 746.51 6.78 54 3.58 0
12:50 746.25 6.83 55 4.02 0
12:51 746.25 6.78 54 4.02 0
12:52 746.25 6.78 54 3.13 0
12:53 746.25 6.83 55 3.58 0
12:54 746.25 6.83 55 4.02 0
12:55 746.25 6.89 55 3.58 0
12:56 746.25 6.89 55 6.71 0
12:57 746.25 6.94 53 2.68 0
12:58 746.25 6.94 53 4.47 0
12:59 746.25 6.94 53 4.02 0
13:00 746.25 6.89 53 1.79 0
13:01 746.25 6.89 53 5.81 0
13:02 746.25 6.94 52 4.02 0
13:03 746.25 6.94 53 3.58 0
13:04 746.25 7 53 4.92 0
13:05 746.25 7.06 53 2.68 0
13:06 746.25 7.06 53 3.58 0
13:07 746.25 7.06 53 6.26 0
13:08 746.25 7.06 52 3.58 0
13:09 746.25 7.06 52 2.68 0
13:10 746.25 7.06 52 3.13 0
13:11 746.25 7 51 2.24 0
13:12 746.25 7 52 2.24 0
13:13 746.25 7.06 53 3.13 0
13:14 746.25 7.06 52 3.13 0
13:15 746.25 7.06 52 1.79 0
13:16 746.25 7.06 52 4.92 0
13:17 746.25 7.11 52 5.36 0
13:18 746.25 7.06 52 4.47 0
13:19 746.25 7.06 51 4.02 0
13:20 746.25 7 52 4.02 0
13:21 746.25 7.06 51 4.02 0
13:22 746.25 7.06 52 4.02 0
13:23 746.25 7.17 52 3.13 0
13:24 746.25 7.22 52 5.36 0
13:25 746.25 7.22 52 2.68 0
13:26 746.25 7.22 51 3.58 0
13:27 746.25 7.22 51 5.36 0
13:28 746.25 7.22 51 6.71 0
13:29 746.25 7.17 50 4.47 0
13:30 746.25 7.17 51 2.68 0
13:31 746.25 7.17 51 4.92 0
13:32 746.25 7.17 50 5.36 0
13:33 746.25 7.17 50 3.58 0
13:34 746.25 7.17 50 5.81 0
13:35 746.25 7.17 50 5.81 0
13:36 746.25 7.11 50 7.15 0
13:37 746.25 7.06 50 5.36 0
13:38 746.25 7.06 50 4.92 0
13:39 746.25 7.11 50 3.58 0
13:40 746.25 7.11 50 3.58 0
13:41 746.25 7.06 50 4.92 0
13:42 746.25 7.11 50 4.92 0
13:43 746.25 7.11 50 3.58 0
13:44 746.25 7.11 50 1.79 0
13:45 746.25 7.17 50 4.02 0
13:46 746.25 7.17 50 4.02 0
13:47 746.25 7.22 49 5.36 0
13:48 746.25 7.22 48 4.47 0
13:49 746.25 7.28 49 5.36 0
13:50 746.25 7.33 49 4.47 0
13:51 746.25 7.39 50 5.81 0
13:52 746.25 7.44 50 4.92 0
13:53 746.25 7.39 49 5.81 0
13:54 746.25 7.39 50 2.24 0
13:55 746.25 7.39 49 2.24 0
13:56 746.25 7.44 49 4.47 0
13:57 746.25 7.39 48 4.47 0
13:58 746.25 7.5 48 3.58 0
13:59 746.25 7.5 48 6.26 0
14:00 746.25 7.5 48 3.58 0
14:01 746.25 7.56 49 3.58 0
14:02 746.25 7.56 48 3.13 0
14:03 746.25 7.56 48 2.24 0
14:04 746.25 7.56 48 4.47 0
14:05 746.25 7.56 47 4.47 0
14:06 746.25 7.5 47 2.24 0
14:07 746.25 7.44 46 5.36 0
14:08 746.25 7.44 46 4.02 0
14:09 746.25 7.44 46 3.58 0
14:10 746 7.44 47 4.02 0
14:11 746.25 7.44 46 2.68 0
14:12 746.25 7.44 46 5.36 0
14:13 746 7.39 46 3.58 0
14:14 746.25 7.44 46 5.36 0
14:15 746.25 7.44 46 6.26 0
14:16 746 7.44 46 4.02 0
14:17 746.25 7.44 46 4.47 0
14:18 746.25 7.44 47 6.71 0
14:19 746.25 7.5 47 4.02 0
14:20 746.25 7.5 46 3.58 0
14:21 746.25 7.5 46 5.81 0
14:22 746.25 7.5 46 4.02 0
14:23 746.25 7.56 47 4.92 0
14:24 746.25 7.56 46 5.81 0
14:25 746.25 7.5 46 2.24 0
14:26 746.25 7.56 47 4.02 0
14:27 746.25 7.56 47 6.71 0
14:28 746.25 7.56 46 6.71 0
14:29 746.25 7.56 47 2.24 0
14:30 746.25 7.56 47 2.24 0
14:31 746.25 7.61 47 3.58 0
14:32 746.25 7.61 46 3.58 0
14:33 746.25 7.61 47 4.92 0
14:34 746.25 7.67 47 3.13 0
14:35 746.25 7.72 47 5.36 0
14:36 746.25 7.72 47 6.26 0
14:37 746.25 7.72 47 4.92 0
14:38 746.25 7.67 46 6.26 0
14:39 746.25 7.61 46 4.02 0
14:40 746.25 7.61 47 1.34 0
14:41 746.25 7.56 46 3.58 0
14:42 746.25 7.67 46 2.68 0
14:43 746.25 7.67 45 4.47 0
14:44 746.25 7.67 45 4.92 0
14:45 746.25 7.72 46 5.36 0
14:46 746.25 7.67 45 4.02 0
14:47 746.25 7.67 46 6.71 0
14:48 746.25 7.61 47 5.36 0
14:49 746.25 7.56 46 4.47 0
14:50 746.25 7.56 46 4.47 0
14:51 746.25 7.56 47 2.24 0
14:52 746.25 7.56 48 1.79 0
14:53 746.25 7.61 47 5.36 0
14:54 746 7.67 46 5.36 0
14:55 746 7.67 45 4.92 0
14:56 746.25 7.61 46 1.79 0
14:57 746 7.67 47 1.79 0
14:58 746.25 7.72 47 5.36 0
14:59 746.25 7.72 47 4.92 0
15:00 746.25 7.72 46 4.02 0
15:01 746.25 7.72 47 2.24 0
15:02 746.25 7.72 47 4.47 0
15:03 746.25 7.72 47 4.47 0
15:04 746.25 7.72 46 5.36 0
15:05 746.25 7.72 47 5.36 0
15:06 746.25 7.72 46 4.92 0
15:07 746.25 7.67 47 5.81 0
15:08 746 7.67 46 4.92 0
15:09 746 7.67 47 5.36 0
15:10 746.25 7.67 46 3.58 0
15:11 746.25 7.67 47 2.24 0
15:12 746.25 7.67 47 3.13 0
15:13 746.25 7.67 46 5.36 0
15:14 746.25 7.67 46 5.81 0
15:15 746.25 7.67 46 4.92 0
15:16 746 7.67 47 4.92 0
15:17 746.25 7.72 46 4.92 0
15:18 746.25 7.72 46 1.34 0
15:19 746.25 7.72 46 3.58 0
15:20 746 7.72 45 5.36 0
15:21 746 7.72 46 3.58 0
15:22 746.25 7.72 45 5.36 0
15:23 746 7.67 45 3.13 0
15:24 746.25 7.72 45 4.92 0
15:25 746 7.67 46 2.68 0
15:26 746.25 7.72 46 4.92 0
15:27 746.25 7.72 46 4.92 0
15:28 746 7.72 45 4.02 0
15:29 746 7.72 46 3.58 0
15:30 746.25 7.72 46 3.13 0
15:31 746.25 7.67 45 2.24 0
15:32 746 7.67 46 2.24 0
15:33 746 7.72 47 2.24 0
15:34 746 7.72 46 3.13 0
15:35 746 7.78 46 5.36 0
15:36 746 7.78 46 4.47 0
15:37 746 7.78 46 5.81 0
15:38 746 7.72 46 4.92 0
15:39 746 7.72 45 4.02 0
15:40 746 7.67 45 3.58 0
15:41 746 7.67 45 2.68 0
15:42 746 7.67 45 4.47 0
15:43 746 7.67 45 6.26 0
15:44 746 7.67 45 3.58 0
15:45 746 7.72 46 4.92 0
15:46 746 7.72 46 3.58 0
15:47 746 7.72 47 4.02 0
15:48 746 7.78 46 4.02 0
15:49 746 7.78 47 3.13 0
15:50 746 7.78 47 4.02 0
15:51 746 7.83 46 2.68 0
15:52 746 7.89 46 3.58 0
15:53 746 7.89 46 3.13 0
15:54 746 7.94 46 3.13 0
15:55 746 7.89 46 4.02 0
15:56 746 7.89 46 4.02 0
15:57 746 7.89 46 2.68 0
15:58 746 7.89 46 2.24 0
15:59 746 7.94 46 3.58 0
16:00 746 7.94 46 2.24 0
16:01 746 7.89 46 4.02 0
16:02 746 7.94 46 5.81 0
16:03 746 7.94 46 4.92 0
16:04 746 7.94 46 4.92 0
16:05 746 7.94 46 4.92 0
16:06 746 7.89 46 4.47 0
16:07 746 7.89 46 3.58 0
16:08 746 7.94 46 3.58 0
16:09 746 7.94 46 2.68 0
16:10 746 7.94 47 3.58 0
16:11 746 7.94 46 2.68 0
16:12 746 7.94 46 3.58 0
16:13 746 7.94 46 4.92 0
16:14 746 7.94 46 4.02 0
16:15 746 7.94 46 4.02 0
16:16 746 7.94 46 3.58 0
16:17 746 7.94 47 4.02 0
16:18 746 7.94 46 3.58 0
16:19 746 7.94 47 2.68 0
16:20 746 7.94 47 3.58 0
16:21 746 7.94 47 3.13 0
16:22 746 8 47 3.13 0
16:23 746 8 47 4.92 0
16:24 746 8 46 4.02 0
16:25 746 8 46 2.24 0
16:26 746 8 46 2.24 0
16:27 746 8.06 46 3.58 0
16:28 746 8.06 46 2.24 0
16:29 746 8.06 46 4.47 0
16:30 746 8.06 45 2.24 0
16:31 746 8.06 46 1.34 0
16:32 746 8.06 46 3.58 0
16:33 746 8 46 2.24 0
16:34 745.74 8.06 46 1.79 0
16:35 746 8.06 46 1.79 0
16:36 746 8.06 46 2.68 0
16:37 746 8.11 46 1.79 0
16:38 745.74 8.11 47 1.79 0
16:39 746 8.11 47 1.79 0
16:40 746 8.17 46 1.79 0
16:41 746 8.17 47 1.79 0
16:42 746 8.17 47 2.24 0
16:43 746 8.17 47 2.68 0
16:44 746 8.17 47 3.58 0
16:45 746 8.17 47 4.02 0
16:46 746 8.17 47 1.34 0
16:47 746 8.17 47 2.24 0
16:48 746 8.17 47 4.92 0
16:49 746 8.17 46 3.58 0
16:50 746 8.11 46 2.68 0
16:51 746 8.11 47 4.47 0
16:52 746 8.11 47 4.47 0
16:53 746 8.11 47 2.24 0
16:54 746 8.11 47 4.47 0
16:55 746 8.11 47 4.02 0
16:56 745.74 8.11 47 4.02 0
16:57 746 8.11 47 2.68 0
16:58 746 8.11 47 2.24 0
16:59 746 8.11 47 2.24 0
17:00 746 8.11 47 1.79 0
17:01 746 8.11 47 2.24 0
17:02 746 8.17 48 2.24 0
17:03 746 8.17 47 2.68 0
17:04 746 8.17 47 4.47 0
17:05 746 8.17 47 2.68 0
17:06 746 8.17 47 3.58 0
17:07 746 8.11 47 1.79 0
17:08 746 8.11 47 2.24 0
17:09 746 8.11 47 4.02 0
17:10 746 8.11 47 4.47 0
17:11 746 8.11 46 3.13 0
17:12 746 8.11 47 2.24 0
17:13 746 8.11 47 2.68 0
17:14 746 8.11 47 2.24 0
17:15 746 8.11 46 1.79 0
17:16 746 8.11 46 3.58 0
17:17 746 8.06 47 1.79 0
17:18 746 8.06 47 1.79 0
17:19 746 8.06 47 1.34 0
17:20 746 8.11 47 1.79 0
17:21 746 8.17 47 1.34 0
17:22 746 8.17 47 2.24 0
17:23 746 8.17 47 2.24 0
17:24 746 8.17 47 2.24 0
17:25 746 8.17 47 3.13 0
17:26 746 8.17 47 1.34 0
17:27 746 8.17 47 1.79 0
17:28 746 8.17 47 3.58 0
17:29 746 8.22 47 1.79 0
17:30 746 8.17 47 2.68 0
17:31 746 8.22 47 2.68 0
17:32 746 8.17 47 2.68 0
17:33 746 8.17 47 2.24 0
17:34 746 8.17 48 4.92 0
17:35 746 8.17 47 4.02 0
17:36 746 8.11 47 2.68 0
17:37 746.25 8.11 47 3.58 0
17:38 746.25 8.06 48 2.24 0
17:39 746.25 8.06 48 2.24 0
17:40 746.25 8.06 48 2.24 0
17:41 746.25 8.06 48 2.68 0
17:42 746.25 8.06 48 3.58 0
17:43 746.25 8.06 47 1.79 0
17:44 746.25 8.06 48 2.24 0
17:45 746.25 8.06 48 1.79 0
17:46 746.25 8.06 48 2.68 0
17:47 746.25 8.06 48 2.68 0
17:48 746.25 8.06 48 3.58 0
17:49 746.25 8.06 47 2.24 0
17:50 746.25 8.06 48 3.13 0
17:51 746.25 8 48 2.68 0
17:52 746.25 8 47 2.24 0
17:53 746.25 8 47 2.24 0
17:54 746.25 8 47 2.24 0
17:55 746.25 8 47 1.79 0
17:56 746.25 8 47 2.24 0
17:57 746.25 8 47 1.34 0
17:58 746.25 8 47 2.24 0
17:59 746.25 8 48 1.79 0
18:00 746.25 8 47 1.79 0
18:01 746.25 8 47 1.34 0
18:02 746.25 8 47 1.79 0
18:03 746.25 8 47 1.34 0
18:04 746.25 8 47 1.34 0
18:05 746.25 8 47 .89 0
18:06 746.25 8 48 1.34 0
18:07 746.25 8 48 1.34 0
18:08 746.25 8 47 1.34 0
18:09 746.25 8 47 1.79 0
18:10 746.25 8 48 1.34 0
18:11 746.25 8 48 1.34 0
18:12 746.25 8 48 .89 0
18:13 746.25 8 47 1.34 0
18:14 746.25 8 48 .89 0
18:15 746.25 8 48 2.24 0
18:16 746.25 8 47 1.79 0
18:17 746.25 8 48 1.34 0
18:18 746.25 8 48 1.34 0
18:19 746.51 7.94 47 1.34 0
18:20 746.51 7.94 47 1.79 0
18:21 746.25 7.94 47 1.79 0
18:22 746.25 7.94 47 .45 0
18:23 746.25 7.94 48 .89 0
18:24 746.51 7.89 48 1.79 0
18:25 746.51 7.89 47 1.34 0
18:26 746.51 7.89 48 1.34 0
18:27 746.25 7.83 48 .89 0
18:28 746.51 7.83 48 1.34 0
18:29 746.51 7.78 48 .89 0
18:30 746.51 7.78 48 1.34 0
18:31 746.51 7.72 48 1.34 0
18:32 746.51 7.72 48 .89 0
18:33 746.51 7.67 48 .89 0
18:34 746.51 7.72 48 .89 0
18:35 746.51 7.67 48 .89 0
18:36 746.51 7.61 48 .89 0
18:37 746.51 7.61 48 .89 0
18:38 746.51 7.61 49 .89 0
18:39 746.51 7.56 49 .89 0
18:40 746.51 7.44 49 .45 0
18:41 746.51 7.44 49 .45 0
18:42 746.51 7.44 49 .45 0
18:43 746.51 7.39 50 0 0
18:44 746.51 7.33 49 0 0
18:45 746.51 7.28 49 0 0
18:46 746.51 7.22 49 0 0
18:47 746.51 7.22 49 0 0
18:48 746.51 7.17 50 0 0
18:49 746.51 7.11 50 0 0
18:50 746.51 7 50 0 0
18:51 746.51 6.94 50 0 0
18:52 746.51 6.83 51 0 0
18:53 746.51 6.78 51 0 0
18:54 746.51 6.72 51 0 0
18:55 746.51 6.67 52 0 0
18:56 746.51 6.56 52 0 0
18:57 746.51 6.56 53 0 0
18:58 746.51 6.5 54 0 0
18:59 746.51 6.44 55 0 0
19:00 746.51 6.39 56 0 0
19:01 746.51 6.33 54 0 0
19:02 746.51 6.22 53 0 0
19:03 746.51 6.22 53 0 0
19:04 746.51 6.11 54 0 0
19:05 746.51 6.06 55 0 0
19:06 746.51 6 55 0 0
19:07 746.51 5.94 54 0 0
19:08 746.51 5.83 54 0 0
19:09 746.51 5.83 54 0 0
19:10 746.51 5.83 56 0 0
19:11 746.51 5.78 57 0 0
19:12 746.51 5.72 58 0 0
19:13 746.51 5.67 56 0 0
19:14 746.51 5.61 55 0 0
19:15 746.51 5.61 56 0 0
19:16 746.51 5.56 58 0 0
19:17 746.51 5.5 61 0 0
19:18 746.51 5.5 61 0 0
19:19 746.51 5.39 61 0 0
19:20 746.51 5.33 60 0 0
19:21 746.51 5.22 59 0 0
19:22 746.76 5.17 60 0 0
19:23 746.76 5.11 59 0 0
19:24 746.51 5.06 58 0 0
19:25 746.51 4.94 58 0 0
19:26 746.76 4.89 58 0 0
19:27 746.51 4.83 58 0 0
19:28 746.51 4.78 58 0 0
19:29 746.51 4.67 58 0 0
19:30 746.51 4.61 58 0 0
19:31 746.76 4.56 58 0 0
19:32 746.51 4.5 58 0 0
19:33 746.51 4.39 59 0 0
19:34 746.51 4.33 59 0 0
19:35 746.51 4.28 59 0 0
19:36 746.51 4.17 59 0 0
19:37 746.51 4.17 59 0 0
19:38 746.51 4.11 59 0 0
19:39 746.76 4.06 59 0 0
19:40 746.76 4.06 59 0 0
19:41 746.76 4 61 0 0
19:42 746.76 4 61 0 0
19:43 746.76 3.94 61 0 0
19:44 746.51 3.89 62 0 0
19:45 746.51 3.83 62 0 0
19:46 746.51 3.78 61 0 0
19:47 746.76 3.72 62 0 0
19:48 746.76 3.67 63 0 0
19:49 746.76 3.61 64 0 0
19:50 746.76 3.5 63 0 0
19:51 746.76 3.44 63 0 0
19:52 746.76 3.39 63 0 0
19:53 746.76 3.33 62 0 0
19:54 746.76 3.28 62 0 0
19:55 746.76 3.22 62 0 0
19:56 746.76 3.22 62 0 0
19:57 746.76 3.17 62 0 0
19:58 746.76 3.11 62 0 0
19:59 746.51 3.06 61 0 0
20:00 746.76 3.11 61 0 0
20:01 746.76 3.11 61 0 0
20:02 746.76 3.17 61 0 0
20:03 746.76 3.17 62 0 0
20:04 746.76 3.17 62 0 0
20:05 746.76 3.17 62 0 0
20:06 746.76 3.17 62 0 0
20:07 746.76 3.11 62 0 0
20:08 746.76 3.06 62 0 0
20:09 746.76 3 62 0 0
20:10 746.76 2.94 62 0 0
20:11 746.76 2.89 62 0 0
20:12 746.76 2.78 62 0 0
20:13 746.76 2.78 62 0 0
20:14 746.76 2.67 62 0 0
20:15 746.76 2.61 63 0 0
20:16 746.76 2.56 64 0 0
20:17 746.76 2.44 64 0 0
20:18 746.76 2.39 64 0 0
20:19 746.76 2.33 65 0 0
20:20 746.76 2.28 65 0 0
20:21 746.76 2.22 65 0 0
20:22 746.76 2.17 65 0 0
20:23 746.76 2.06 65 0 0
20:24 747.01 1.94 65 0 0
20:25 746.76 1.89 65 0 0
20:26 746.76 1.83 65 0 0
20:27 746.76 1.78 66 0 0
20:28 746.76 1.78 66 0 0
20:29 746.76 1.78 66 0 0
20:30 746.76 1.78 66 0 0
20:31 746.76 1.83 66 0 0
20:32 746.76 1.83 66 0 0
20:33 746.76 1.83 66 0 0
20:34 746.76 1.89 66 0 0
20:35 746.76 1.89 66 0 0
20:36 746.76 1.89 66 0 0
20:37 746.76 1.89 66 0 0
20:38 746.76 1.83 66 0 0
20:39 746.76 1.83 66 0 0
20:40 746.76 1.83 66 0 0
20:41 746.76 1.83 66 0 0
20:42 746.76 1.83 66 0 0
20:43 746.76 1.78 67 0 0
20:44 746.76 1.78 68 0 0
20:45 746.76 1.78 67 0 0
20:46 746.76 1.78 68 0 0
20:47 746.76 1.72 68 0 0
20:48 746.76 1.67 68 0 0
20:49 746.76 1.67 69 0 0
20:50 746.76 1.56 69 0 0
20:51 746.76 1.5 68 0 0
20:52 746.76 1.44 68 0 0
20:53 746.76 1.44 68 0 0
20:54 746.76 1.39 68 0 0
20:55 746.76 1.33 68 0 0
20:56 746.76 1.33 68 0 0
20:57 746.76 1.28 68 0 0
20:58 746.76 1.28 68 0 0
20:59 746.76 1.22 68 0 0
21:00 746.76 1.17 68 0 0
21:01 746.76 1.17 68 0 0
21:02 746.76 1.11 68 0 0
21:03 746.76 1.06 68 0 0
21:04 747.01 1 69 0 0
21:05 747.01 .94 69 0 0
21:06 746.76 .94 69 0 0
21:07 746.76 .94 69 0 0
21:08 746.76 .94 69 0 0
21:09 746.76 .94 69 0 0
21:10 746.76 .94 69 0 0
21:11 746.76 .94 69 0 0
21:12 746.76 .94 69 0 0
21:13 746.76 .94 69 0 0
21:14 746.76 .94 69 0 0
21:15 746.76 .89 69 0 0
21:16 746.76 .83 69 0 0
21:17 747.01 .78 69 0 0
21:18 746.76 .72 69 0 0
21:19 746.76 .67 69 0 0
21:20 746.76 .61 69 0 0
21:21 746.76 .56 69 0 0
21:22 746.76 .5 69 0 0
21:23 746.76 .5 69 0 0
21:24 746.76 .44 70 0 0
21:25 746.76 .44 70 0 0
21:26 747.01 .44 70 0 0
21:27 746.76 .44 70 0 0
21:28 747.01 .44 70 0 0
21:29 747.01 .44 70 0 0
21:30 747.01 .39 70 0 0
21:31 747.01 .39 70 0 0
21:32 747.01 .39 70 0 0
21:33 747.01 .39 70 0 0
21:34 747.01 .33 70 0 0
21:35 747.01 .33 70 0 0
21:36 747.01 .28 70 0 0
21:37 747.01 .28 70 0 0
21:38 747.01 .22 70 0 0
21:39 747.01 .17 70 0 0
21:40 747.01 .11 70 0 0
21:41 747.01 .06 70 0 0
21:42 747.01 0 71 0 0
21:43 747.01 -.06 71 0 0
21:44 747.01 -.11 71 0 0
21:45 747.01 -.11 71 0 0
21:46 747.01 -.17 71 0 0
21:47 747.01 -.22 71 0 0
21:48 747.01 -.17 71 0 0
21:49 746.76 -.22 71 0 0
21:50 747.01 -.22 72 0 0
21:51 747.01 -.22 72 0 0
21:52 747.01 -.22 72 0 0
21:53 747.01 -.17 72 0 0
21:54 747.01 -.17 72 0 0
21:55 747.01 -.17 72 0 0
21:56 747.01 -.17 72 0 0
21:57 746.76 -.17 72 0 0
21:58 747.01 -.17 72 0 0
21:59 747.01 -.17 72 0 0
22:00 747.01 -.17 72 0 0
22:01 746.76 -.17 72 0 0
22:02 746.76 -.17 72 0 0
22:03 747.01 -.11 72 0 0
22:04 746.76 -.17 72 0 0
22:05 746.76 -.17 72 0 0
22:06 746.76 -.17 72 0 0
22:07 747.01 -.17 74 0 0
22:08 746.76 -.17 74 0 0
22:09 747.01 -.17 75 0 0
22:10 747.01 -.22 75 0 0
22:11 747.01 -.22 75 0 0
22:12 746.76 -.28 75 0 0
22:13 747.01 -.28 75 0 0
22:14 746.76 -.33 75 0 0
22:15 746.76 -.33 75 0 0
22:16 746.76 -.39 75 0 0
22:17 746.76 -.39 75 0 0
22:18 747.01 -.44 75 0 0
22:19 746.76 -.44 74 0 0
22:20 746.76 -.44 74 0 0
22:21 746.76 -.44 75 0 0
22:22 746.76 -.44 75 0 0
22:23 746.76 -.44 75 0 0
22:24 746.76 -.44 74 0 0
22:25 746.76 -.44 74 0 0
22:26 746.76 -.5 74 0 0
22:27 746.76 -.5 74 0 0
22:28 746.76 -.5 74 0 0
22:29 746.76 -.5 74 0 0
22:30 747.01 -.56 74 0 0
22:31 746.76 -.56 74 0 0
22:32 746.76 -.56 74 0 0
22:33 746.76 -.5 74 0 0
22:34 746.76 -.44 75 0 0
22:35 747.01 -.44 75 0 0
22:36 746.76 -.44 75 0 0
22:37 746.76 -.44 75 0 0
22:38 746.76 -.44 75 0 0
22:39 746.76 -.39 75 0 0
22:40 746.76 -.33 75 0 0
22:41 746.76 -.33 75 0 0
22:42 747.01 -.39 75 0 0
22:43 747.01 -.33 75 0 0
22:44 747.01 -.33 75 0 0
22:45 747.01 -.33 75 0 0
22:46 747.01 -.39 75 0 0
22:47 747.01 -.44 75 0 0
22:48 747.01 -.44 74 0 0
22:49 747.01 -.44 74 0 0
22:50 746.76 -.44 74 0 0
22:51 747.01 -.5 75 0 0
22:52 746.76 -.5 75 0 0
22:53 746.76 -.44 75 0 0
22:54 747.01 -.5 75 0 0
22:55 746.76 -.5 75 0 0
22:56 746.76 -.5 75 0 0
22:57 746.76 -.5 76 0 0
22:58 746.76 -.56 76 0 0
22:59 746.76 -.56 76 0 0
23:00 746.76 -.61 76 0 0
23:01 746.76 -.67 77 0 0
23:02 747.01 -.72 77 0 0
23:03 747.01 -.72 77 0 0
23:04 747.01 -.78 77 0 0
23:05 747.01 -.83 77 0 0
23:06 747.01 -.83 77 0 0
23:07 747.01 -.89 77 0 0
23:08 747.01 -.89 77 0 0
23:09 747.01 -.94 77 0 0
23:10 747.01 -.94 77 0 0
23:11 747.01 -.89 77 0 0
23:12 747.01 -.89 77 0 0
23:13 747.01 -.89 77 0 0
23:14 747.01 -.89 78 0 0
23:15 747.01 -.94 77 0 0
23:16 747.01 -.94 78 0 0
23:17 746.76 -.94 78 0 0
23:18 746.76 -.94 78 0 0
23:19 747.01 -.83 78 0 0
23:20 746.76 -.72 78 0 0
23:21 746.76 -.67 78 0 0
23:22 746.76 -.61 77 0 0
23:23 746.76 -.56 77 0 0
23:24 746.76 -.5 76 0 0
23:25 746.76 -.44 76 0 0
23:26 746.76 -.44 76 0 0
23:27 746.76 -.39 76 0 0
23:28 747.01 -.33 76 0 0
23:29 747.01 -.33 76 0 0
23:30 746.76 -.28 76 0 0
23:31 746.76 -.33 76 0 0
23:32 746.76 -.28 76 0 0
23:33 746.76 -.33 76 0 0
23:34 746.76 -.33 76 0 0
23:35 747.01 -.33 76 0 0
23:36 746.76 -.33 76 0 0
23:37 746.76 -.39 76 0 0
23:38 746.76 -.44 76 0 0
23:39 746.76 -.5 76 0 0
23:40 746.76 -.56 76 0 0
23:41 746.76 -.61 77 0 0
23:42 746.76 -.67 77 0 0
23:43 746.76 -.67 77 0 0
23:44 746.76 -.72 77 0 0
23:45 746.76 -.78 77 0 0
23:46 746.76 -.78 77 0 0
23:47 747.01 -.83 77 0 0
23:48 746.76 -.83 77 0 0
23:49 746.76 -.89 77 0 0
23:50 746.76 -.89 77 0 0
23:51 746.76 -.94 77 0 0
23:52 746.76 -.94 77 0 0
23:53 746.76 -1 78 0 0
23:54 746.76 -1 78 0 0
23:55 746.76 -1.06 78 0 0
23:56 746.76 -1.11 78 0 0
23:57 746.76 -1.22 78 0 0
23:58 746.76 -1.28 78 0 0
23:59 746.76 -1.33 78 0 0
