00:00 733.81 1.44 96 1.79 0
00:01 733.55 1.44 96 1.79 0
00:02 733.81 1.44 96 .45 0
00:03 733.81 1.44 96 .45 0
00:04 733.55 1.44 96 1.34 0
00:05 733.55 1.44 96 1.79 0
00:06 733.55 1.44 96 2.24 0
00:07 733.55 1.44 96 .45 0
00:08 733.55 1.44 96 .89 0
00:09 733.55 1.44 96 1.34 0
00:10 733.55 1.39 96 1.34 0
00:11 733.55 1.39 96 .45 0
00:12 733.55 1.39 96 .89 0
00:13 733.55 1.39 96 .89 0
00:14 733.55 1.39 96 1.79 0
00:15 733.55 1.39 96 1.34 0
00:16 733.55 1.39 96 .89 0
00:17 733.55 1.39 96 1.34 0
00:18 733.55 1.33 96 .45 0
00:19 733.55 1.39 96 .89 0
00:20 733.55 1.33 96 .89 0
00:21 733.55 1.33 96 .89 0
00:22 733.55 1.33 96 .89 0
00:23 733.3 1.33 96 .45 0
00:24 733.55 1.33 96 .89 0
00:25 733.3 1.33 96 0 0
00:26 733.3 1.33 96 0 0
00:27 733.3 1.33 96 .45 0
00:28 733.3 1.33 96 .45 0
00:29 733.3 1.33 96 1.34 0
00:30 733.3 1.33 96 .45 0
00:31 733.3 1.33 96 1.79 0
00:32 733.3 1.33 96 1.34 0
00:33 733.3 1.33 96 .89 0
00:34 733.3 1.28 96 .89 0
00:35 733.3 1.28 96 2.24 0
00:36 733.3 1.28 96 .45 0
00:37 733.3 1.33 96 .45 0
00:38 733.3 1.28 96 .89 0
00:39 733.3 1.33 96 .89 0
00:40 733.04 1.33 96 .89 0
00:41 733.3 1.28 96 .45 0
00:42 733.3 1.33 96 0 0
00:43 733.3 1.33 96 0 0
00:44 733.3 1.28 96 1.34 0
00:45 733.3 1.33 96 .89 0
00:46 733.3 1.33 96 1.79 0
00:47 733.3 1.28 96 .45 0
00:48 733.3 1.33 96 0 0
00:49 733.04 1.33 96 .89 0
00:50 733.04 1.28 96 1.79 0
00:51 733.3 1.33 96 1.79 0
00:52 733.04 1.28 96 2.24 0
00:53 733.04 1.33 96 1.34 0
00:54 733.04 1.28 96 1.34 0
00:55 733.04 1.28 96 .89 0
00:56 733.04 1.28 96 1.34 0
00:57 733.04 1.28 96 1.34 0
00:58 733.04 1.28 96 1.34 0
00:59 733.04 1.28 96 .45 0
01:00 733.04 1.28 96 2.24 0
01:01 733.04 1.28 96 1.34 0
01:02 733.04 1.28 96 .45 0
01:03 733.04 1.28 96 .45 0
01:04 733.04 1.22 96 .45 0
01:05 733.04 1.28 96 1.34 0
01:06 733.04 1.28 96 1.34 0
01:07 733.04 1.28 96 .45 0
01:08 733.04 1.28 96 0 0
01:09 733.04 1.22 96 1.34 0
01:10 733.04 1.22 96 .89 0
01:11 733.04 1.22 96 1.34 0
01:12 733.04 1.28 96 .45 0
01:13 733.04 1.28 96 1.34 0
01:14 733.04 1.22 96 .45 0
01:15 733.04 1.22 96 .45 0
01:16 733.04 1.22 96 0 0
01:17 733.04 1.22 96 1.34 0
01:18 732.79 1.22 96 1.34 0
01:19 732.79 1.22 96 1.34 0
01:20 732.79 1.22 96 .89 0
01:21 732.79 1.22 96 0 0
01:22 732.79 1.22 96 1.34 0
01:23 732.79 1.22 96 .45 0
01:24 732.79 1.22 96 0 0
01:25 732.79 1.22 96 .89 0
01:26 732.79 1.22 96 .45 0
01:27 732.79 1.22 96 .45 0
01:28 732.79 1.17 96 .45 0
01:29 732.79 1.17 96 .45 0
01:30 732.79 1.17 96 .45 0
01:31 732.79 1.17 96 .89 0
01:32 732.79 1.17 96 .45 0
01:33 732.79 1.17 96 .45 0
01:34 732.79 1.17 96 .45 0
01:35 732.79 1.17 96 1.79 0
01:36 732.79 1.11 96 .89 0
01:37 732.79 1.11 96 .89 0
01:38 732.79 1.11 96 2.24 0
01:39 732.79 1.11 96 1.34 0
01:40 732.79 1.06 96 1.34 0
01:41 732.79 1.06 96 1.34 0
01:42 732.79 1.06 96 .89 0
01:43 732.79 1 96 .45 0
01:44 732.79 1 96 .45 0
01:45 732.79 1 96 1.34 0
01:46 732.79 .94 96 .45 0
01:47 732.79 .94 96 1.79 0
01:48 732.54 .94 96 .45 0
01:49 732.54 .94 96 1.79 0
01:50 732.54 .94 96 1.34 0
01:51 732.54 .89 96 0 0
01:52 732.54 .94 96 .89 0
01:53 732.54 .89 96 0 0
01:54 732.54 .89 96 .45 0
01:55 732.54 .89 96 .89 0
01:56 732.54 .89 96 1.79 0
01:57 732.54 .83 96 1.79 0
01:58 732.54 .78 96 1.79 0
01:59 732.54 .78 96 1.34 0
02:00 732.54 .78 96 .45 0
02:01 732.54 .78 96 .89 0
02:02 732.54 .72 96 0 0
02:03 732.54 .72 96 1.34 0
02:04 732.54 .72 96 .89 0
02:05 732.54 .72 96 1.34 0
02:06 732.54 .67 96 .89 0
02:07 732.54 .67 96 .89 0
02:08 732.54 .72 96 .45 0
02:09 732.54 .67 96 .89 0
02:10 732.54 .67 96 .89 0
02:11 732.54 .67 96 .45 0
02:12 732.54 .67 96 .45 0
02:13 732.54 .67 96 .45 0
02:14 732.54 .67 96 .45 0
02:15 732.54 .61 96 .45 0
02:16 732.54 .67 96 0 0
02:17 732.54 .61 96 .45 0
02:18 732.54 .67 96 .89 0
02:19 732.54 .67 96 .89 0
02:20 732.54 .67 96 .89 0
02:21 732.54 .67 96 .89 0
02:22 732.54 .67 96 1.79 0
02:23 732.54 .67 96 .89 0
02:24 732.54 .67 96 1.34 0
02:25 732.54 .67 96 1.34 0
02:26 732.54 .67 96 1.79 0
02:27 732.54 .67 96 1.34 0
02:28 732.54 .67 96 1.34 0
02:29 732.54 .67 96 1.79 0
02:30 732.54 .67 96 .89 0
02:31 732.54 .61 96 .89 0
02:32 732.54 .61 96 .45 0
02:33 732.54 .61 96 .89 0
02:34 732.28 .61 96 0 0
02:35 732.54 .61 96 .45 0
02:36 732.54 .61 96 .89 0
02:37 732.54 .61 96 .45 0
02:38 732.54 .56 96 .89 0
02:39 732.54 .61 96 .45 0
02:40 732.54 .56 96 .89 0
02:41 732.54 .61 96 .89 0
02:42 732.28 .56 96 .89 0
02:43 732.28 .56 96 .45 0
02:44 732.28 .56 96 .89 0
02:45 732.28 .56 96 .89 0
02:46 732.28 .56 96 .45 0
02:47 732.28 .61 96 .45 0
02:48 732.28 .61 96 .45 0
02:49 732.28 .61 96 .89 0
02:50 732.28 .61 96 .45 0
02:51 732.28 .61 96 0 0
02:52 732.28 .61 96 0 0
02:53 732.28 .61 96 0 0
02:54 732.28 .56 96 0 0
02:55 732.28 .56 96 0 0
02:56 732.28 .56 96 0 0
02:57 732.28 .56 96 .45 0
02:58 732.28 .56 96 .45 0
02:59 732.28 .5 96 0 0
03:00 732.28 .5 96 .45 0
03:01 732.28 .5 96 .45 0
03:02 732.28 .5 96 0 0
03:03 732.28 .56 96 .45 0
03:04 732.28 .56 96 0 0
03:05 732.28 .5 96 0 0
03:06 732.28 .5 96 0 0
03:07 732.28 .5 96 0 0
03:08 732.03 .5 96 0 0
03:09 732.03 .5 96 0 0
03:10 732.28 .5 96 0 0
03:11 732.03 .5 96 0 0
03:12 732.03 .5 96 0 0
03:13 732.03 .56 96 0 0
03:14 732.03 .5 96 0 0
03:15 732.03 .5 96 0 0
03:16 732.03 .5 96 0 0
03:17 732.03 .5 96 0 0
03:18 732.03 .5 96 0 0
03:19 732.03 .5 96 0 0
03:20 732.03 .5 96 0 0
03:21 732.03 .5 96 0 0
03:22 732.03 .5 96 0 0
03:23 732.03 .5 96 0 0
03:24 732.03 .5 96 0 0
03:25 732.03 .5 96 0 0
03:26 732.03 .5 96 0 0
03:27 732.03 .5 96 0 0
03:28 732.03 .5 96 0 0
03:29 732.03 .5 96 0 0
03:30 732.03 .5 96 0 0
03:31 732.03 .5 96 0 0
03:32 732.03 .5 96 0 0
03:33 732.03 .5 96 0 0
03:34 732.03 .5 96 0 0
03:35 732.03 .5 96 0 0
03:36 732.03 .44 96 0 0
03:37 732.03 .44 96 0 0
03:38 732.03 .44 96 1.34 0
03:39 732.03 .39 96 .89 0
03:40 732.03 .39 96 1.34 0
03:41 732.03 .39 96 .89 0
03:42 732.03 .33 96 .45 0
03:43 732.03 .33 96 .89 0
03:44 732.03 .33 96 .45 0
03:45 732.03 .33 96 .89 0
03:46 732.03 .39 96 .45 0
03:47 732.03 .33 96 .89 0
03:48 732.03 .33 96 0 0
03:49 732.03 .33 96 .89 0
03:50 732.03 .33 96 .89 0
03:51 732.03 .28 96 .45 0
03:52 732.03 .33 96 .89 0
03:53 732.03 .33 96 .89 0
03:54 732.03 .33 96 .45 0
03:55 732.03 .33 96 .89 0
03:56 732.03 .39 96 1.34 0
03:57 732.03 .39 96 .45 0
03:58 732.03 .39 96 .89 0
03:59 732.03 .39 96 .89 0
04:00 732.03 .39 96 1.34 0
04:01 732.03 .39 96 1.34 0
04:02 732.03 .39 96 .89 0
04:03 732.03 .39 96 1.34 0
04:04 732.03 .39 96 .45 0
04:05 732.03 .39 96 .45 0
04:06 732.03 .39 96 .45 0
04:07 732.03 .39 96 .45 0
04:08 732.03 .39 96 .89 0
04:09 731.77 .39 96 .89 0
04:10 732.03 .39 96 0 0
04:11 731.77 .44 96 .45 0
04:12 732.03 .44 96 0 0
04:13 732.03 .44 96 1.34 0
04:14 732.03 .39 96 1.79 0
04:15 732.03 .44 96 1.79 0
04:16 732.03 .44 96 1.34 0
04:17 732.03 .44 96 1.79 0
04:18 732.03 .44 96 .89 0
04:19 732.03 .44 96 .45 0
04:20 731.77 .44 96 1.34 0
04:21 731.77 .44 96 .45 0
04:22 732.03 .44 96 1.79 0
04:23 731.77 .44 96 1.34 0
04:24 731.77 .44 96 1.34 0
04:25 732.03 .44 96 2.24 0
04:26 731.77 .44 96 .89 0
04:27 732.03 .44 96 1.79 0
04:28 731.77 .44 96 1.79 0
04:29 731.77 .44 96 2.24 0
04:30 732.03 .5 96 2.24 0
04:31 732.03 .5 96 1.79 0
04:32 731.77 .5 96 1.79 0
04:33 731.77 .5 97 .89 0
04:34 731.77 .5 96 1.79 0
04:35 731.77 .56 97 2.24 0
04:36 731.77 .56 97 1.79 0
04:37 731.77 .56 97 1.79 0
04:38 731.77 .56 97 1.34 0
04:39 731.77 .56 97 1.34 0
04:40 731.77 .56 96 1.34 0
04:41 731.77 .56 97 1.34 0
04:42 731.77 .61 97 2.24 0
04:43 731.77 .56 96 1.79 0
04:44 731.77 .56 97 1.34 0
04:45 731.77 .56 96 2.24 0
04:46 731.77 .56 97 1.34 0
04:47 731.77 .56 96 1.79 0
04:48 731.77 .56 97 3.13 0
04:49 731.77 .56 96 1.34 0
04:50 731.77 .61 97 1.34 0
04:51 731.77 .56 96 .45 0
04:52 731.77 .56 96 .89 0
04:53 731.77 .56 96 1.79 0
04:54 731.77 .56 96 1.79 0
04:55 732.03 .61 96 1.79 0
04:56 731.77 .61 96 1.34 0
04:57 731.77 .56 96 1.79 0
04:58 731.77 .56 96 1.79 0
04:59 731.77 .56 96 2.24 0
05:00 731.77 .56 96 1.79 0
05:01 731.77 .56 96 3.58 0
05:02 731.77 .61 96 2.24 0
05:03 731.77 .56 96 2.68 0
05:04 731.77 .56 96 2.68 0
05:05 731.77 .56 96 1.34 0
05:06 732.03 .56 96 1.34 0
05:07 731.77 .56 96 3.58 0
05:08 731.77 .56 96 1.79 0
05:09 731.77 .56 96 2.24 0
05:10 731.77 .5 97 1.79 0
05:11 732.03 .56 96 1.79 0
05:12 731.77 .56 96 .45 0
05:13 732.03 .56 97 .45 0
05:14 732.03 .5 96 1.34 0
05:15 732.03 .5 96 2.24 0
05:16 732.03 .56 96 2.24 0
05:17 732.03 .5 96 1.34 0
05:18 731.77 .5 96 1.79 0
05:19 732.03 .5 96 .89 0
05:20 731.77 .5 97 .89 0
05:21 731.77 .5 96 .89 0
05:22 731.77 .5 97 2.24 0
05:23 731.77 .5 97 1.34 0
05:24 731.77 .5 97 .89 0
05:25 731.77 .5 96 .89 0
05:26 731.77 .5 97 2.24 0
05:27 731.77 .5 97 .89 0
05:28 731.77 .5 97 .89 0
05:29 732.03 .5 97 .89 0
05:30 731.77 .5 97 .89 0
05:31 731.77 .5 97 1.34 0
05:32 732.03 .5 97 1.34 0
05:33 732.03 .5 97 1.34 0
05:34 732.03 .5 97 .89 0
05:35 732.03 .5 97 .89 0
05:36 732.03 .5 97 .45 0
05:37 732.03 .5 97 .89 0
05:38 732.03 .5 97 .89 0
05:39 732.03 .5 97 .89 0
05:40 731.77 .5 97 1.34 0
05:41 731.77 .5 97 1.34 0
05:42 731.77 .5 97 .89 0
05:43 732.03 .5 97 1.34 0
05:44 732.03 .5 97 1.34 0
05:45 732.03 .5 97 2.68 0
05:46 731.77 .5 97 1.79 0
05:47 731.77 .5 97 .89 0
05:48 731.77 .5 97 1.34 0
05:49 731.77 .5 97 1.34 0
05:50 731.77 .5 97 1.34 0
05:51 731.77 .56 97 .89 0
05:52 731.77 .56 97 2.68 0
05:53 731.77 .56 97 1.79 0
05:54 732.03 .56 97 .89 0
05:55 732.03 .5 97 2.68 0
05:56 731.77 .5 97 1.79 0
05:57 732.03 .56 97 1.34 0
05:58 731.77 .56 97 1.34 0
05:59 731.77 .56 97 .89 0
06:00 731.77 .56 97 .89 0
06:01 731.77 .56 97 .89 0
06:02 731.77 .56 97 .89 0
06:03 732.03 .56 97 .45 0
06:04 731.77 .56 97 1.79 0
06:05 731.77 .61 97 .89 0
06:06 731.77 .56 97 1.34 0
06:07 731.77 .61 97 1.79 0
06:08 731.77 .61 97 1.79 0
06:09 731.77 .61 97 1.34 0
06:10 731.77 .56 97 1.34 0
06:11 731.77 .61 97 1.34 0
06:12 731.77 .56 97 1.79 0
06:13 731.77 .56 97 2.24 0
06:14 731.77 .61 97 1.79 0
06:15 731.77 .56 97 1.79 0
06:16 731.77 .56 97 .89 0
06:17 731.77 .61 97 3.13 0
06:18 731.77 .61 97 1.34 0
06:19 731.77 .61 97 1.79 0
06:20 731.77 .61 97 1.34 0
06:21 731.77 .61 97 1.79 0
06:22 731.77 .61 97 1.34 0
06:23 731.77 .61 97 .89 0
06:24 731.77 .61 97 .45 0
06:25 731.77 .61 97 1.79 0
06:26 731.77 .61 97 .89 0
06:27 731.77 .61 97 1.34 0
06:28 731.77 .61 97 1.79 0
06:29 731.77 .61 97 1.34 0
06:30 731.77 .61 97 .89 0
06:31 731.77 .61 97 1.34 0
06:32 731.77 .61 97 1.34 0
06:33 731.77 .61 97 .89 0
06:34 731.77 .61 97 .89 0
06:35 731.77 .61 97 .89 0
06:36 731.77 .61 97 2.24 0
06:37 731.77 .61 97 1.34 0
06:38 731.77 .61 97 1.34 0
06:39 731.77 .61 97 .89 0
06:40 731.77 .61 97 1.34 0
06:41 731.77 .56 97 1.34 0
06:42 731.77 .61 97 1.34 0
06:43 731.77 .56 97 .89 0
06:44 731.77 .56 97 .89 0
06:45 731.77 .61 97 1.79 0
06:46 731.77 .61 97 2.68 0
06:47 731.77 .56 97 1.34 0
06:48 731.77 .61 97 2.24 0
06:49 731.77 .61 97 1.34 0
06:50 731.77 .61 97 .89 0
06:51 731.77 .56 97 1.34 0
06:52 731.77 .61 97 .89 0
06:53 731.77 .61 97 2.24 0
06:54 731.77 .61 97 1.34 0
06:55 731.77 .61 97 .89 0
06:56 731.77 .61 97 .89 0
06:57 731.77 .61 97 1.79 0
06:58 731.77 .61 97 1.34 0
06:59 731.77 .61 97 1.34 0
07:00 731.77 .61 97 2.24 0
07:01 731.77 .61 97 2.24 0
07:02 731.77 .61 97 1.79 0
07:03 731.77 .61 97 2.24 0
07:04 731.77 .67 97 3.58 0
07:05 731.77 .61 97 1.34 0
07:06 731.77 .67 97 .89 0
07:07 731.77 .61 97 1.79 0
07:08 731.77 .67 97 2.24 0
07:09 731.77 .67 97 2.24 0
07:10 731.77 .67 97 1.79 0
07:11 731.77 .67 97 1.79 0
07:12 731.77 .67 97 1.34 0
07:13 731.77 .67 97 1.34 0
07:14 731.77 .67 97 2.68 0
07:15 731.77 .67 97 1.79 0
07:16 731.77 .67 97 2.24 0
07:17 731.77 .67 97 1.34 0
07:18 731.77 .67 97 1.34 0
07:19 731.77 .67 97 2.68 0
07:20 731.77 .67 97 .45 0
07:21 731.77 .67 97 2.68 0
07:22 731.77 .67 97 1.34 0
07:23 731.77 .67 97 1.34 0
07:24 731.77 .67 97 1.79 0
07:25 731.77 .67 97 1.79 0
07:26 731.77 .67 97 1.79 0
07:27 731.77 .67 97 1.34 0
07:28 731.77 .72 97 1.34 0
07:29 731.77 .67 97 .89 0
07:30 731.77 .67 97 1.79 0
07:31 731.77 .72 97 1.79 0
07:32 731.77 .67 97 1.79 0
07:33 731.77 .72 97 2.24 0
07:34 731.77 .72 97 .89 0
07:35 731.77 .72 97 1.34 0
07:36 731.77 .72 97 2.24 0
07:37 731.77 .72 97 2.68 0
07:38 731.77 .67 97 2.24 0
07:39 731.77 .72 97 .89 0
07:40 731.77 .72 97 .89 0
07:41 731.77 .72 97 1.79 0
07:42 731.77 .72 97 .89 0
07:43 731.77 .67 97 1.79 0
07:44 731.77 .72 97 2.68 0
07:45 731.77 .72 97 .89 0
07:46 731.77 .72 97 2.68 0
07:47 731.77 .72 97 1.79 0
07:48 731.77 .72 97 1.34 0
07:49 731.77 .78 97 .89 0
07:50 731.77 .78 97 1.34 0
07:51 731.77 .78 97 .89 0
07:52 731.77 .72 97 .89 0
07:53 731.77 .72 97 1.34 0
07:54 731.77 .72 97 1.34 0
07:55 731.77 .78 97 1.34 0
07:56 731.77 .78 97 .89 0
07:57 731.77 .78 97 2.68 0
07:58 731.77 .78 97 .89 0
07:59 731.77 .78 97 1.34 0
08:00 731.77 .78 97 1.34 0
08:01 731.77 .78 97 .89 0
08:02 731.77 .78 97 3.58 0
08:03 731.77 .78 97 2.68 0
08:04 731.77 .78 97 1.79 0
08:05 731.77 .78 97 1.79 0
08:06 731.77 .78 97 1.79 0
08:07 731.77 .78 97 3.13 0
08:08 731.77 .83 97 1.79 0
08:09 731.77 .78 97 1.34 0
08:10 731.77 .78 97 1.34 0
08:11 731.77 .83 97 2.68 0
08:12 731.77 .83 97 2.68 0
08:13 731.77 .83 97 3.58 0
08:14 731.77 .83 97 3.13 0
08:15 731.77 .83 97 2.68 0
08:16 731.77 .83 97 2.68 0
08:17 731.77 .83 97 1.79 0
08:18 731.77 .83 97 3.58 0
08:19 731.77 .83 97 1.79 0
08:20 731.77 .83 97 1.79 0
08:21 731.77 .83 97 2.24 0
08:22 731.77 .83 97 3.58 0
08:23 731.77 .83 97 3.13 0
08:24 731.77 .83 97 1.79 0
08:25 731.77 .83 97 3.13 0
08:26 731.77 .83 97 1.34 0
08:27 732.03 .83 97 2.24 0
08:28 731.77 .83 97 2.68 0
08:29 731.77 .83 97 1.34 0
08:30 732.03 .83 97 1.34 0
08:31 732.03 .89 97 1.34 0
08:32 731.77 .89 97 2.68 0
08:33 731.77 .83 97 1.34 0
08:34 731.77 .89 97 2.24 0
08:35 731.77 .83 97 1.34 0
08:36 732.03 .83 97 3.58 0
08:37 732.03 .89 97 3.13 0
08:38 731.77 .89 97 1.79 0
08:39 732.03 .83 97 2.24 0
08:40 732.03 .83 97 1.79 0
08:41 731.77 .89 97 1.34 0
08:42 732.03 .89 97 1.34 0
08:43 731.77 .89 97 1.79 0
08:44 731.77 .89 97 2.68 0
08:45 731.77 .89 97 1.79 0
08:46 731.77 .83 97 1.79 0
08:47 731.77 .89 97 2.24 0
08:48 731.77 .89 97 2.68 0
08:49 732.03 .89 97 .89 0
08:50 732.03 .89 97 1.34 0
08:51 731.77 .89 97 1.79 0
08:52 731.77 .89 97 1.34 0
08:53 732.03 .89 97 .89 0
08:54 731.77 .89 97 2.68 0
08:55 732.03 .89 97 3.13 0
08:56 731.77 .89 97 1.34 0
08:57 732.03 .89 97 1.34 0
08:58 731.77 .89 97 1.79 0
08:59 731.77 .89 97 1.34 0
09:00 732.03 .89 97 2.24 0
09:01 731.77 .89 97 3.13 0
09:02 732.03 .89 97 1.79 0
09:03 732.03 .89 97 1.34 0
09:04 732.03 .89 97 4.02 0
09:05 732.03 .89 97 1.34 0
09:06 731.77 .89 97 1.79 0
09:07 732.03 .89 97 1.79 0
09:08 732.03 .83 97 4.92 0
09:09 731.77 .89 97 1.34 0
09:10 732.03 .83 97 2.24 0
09:11 732.03 .89 97 1.79 0
09:12 732.03 .89 97 3.13 0
09:13 732.03 .89 97 2.24 0
09:14 732.03 .83 97 3.58 0
09:15 732.03 .89 97 2.68 0
09:16 732.03 .89 97 4.02 0
09:17 732.03 .89 97 1.79 0
09:18 732.03 .89 97 1.79 0
09:19 732.03 .89 97 2.68 0
09:20 732.03 .89 97 3.13 0
09:21 732.03 .89 97 2.68 0
09:22 732.03 .89 97 2.24 0
09:23 732.03 .89 97 2.24 0
09:24 732.03 .89 97 1.79 0
09:25 732.03 .83 97 4.02 0
09:26 732.03 .89 97 2.24 0
09:27 732.03 .89 97 2.68 0
09:28 732.03 .89 97 2.24 0
09:29 732.03 .83 97 1.79 0
09:30 732.03 .83 97 4.02 0
09:31 732.03 .83 97 4.47 0
09:32 732.03 .83 96 1.79 0
09:33 732.03 .83 97 3.58 0
09:34 732.03 .83 96 2.68 0
09:35 732.03 .83 96 3.13 0
09:36 732.03 .83 96 2.68 0
09:37 732.03 .83 96 3.13 0
09:38 732.03 .83 96 1.34 0
09:39 732.03 .83 96 1.79 0
09:40 732.03 .83 96 3.13 0
09:41 732.03 .83 96 3.58 0
09:42 732.03 .83 96 1.34 0
09:43 732.03 .83 96 3.58 0
09:44 732.03 .83 96 1.79 0
09:45 732.03 .83 96 3.58 0
09:46 732.03 .83 96 3.58 0
09:47 732.03 .83 96 3.58 0
09:48 732.03 .89 96 3.13 0
09:49 732.03 .89 96 2.68 0
09:50 732.03 .83 96 1.34 0
09:51 732.03 .83 96 1.79 0
09:52 732.03 .89 97 1.79 0
09:53 732.03 .83 96 3.13 0
09:54 732.03 .83 96 2.68 0
09:55 732.03 .83 96 1.79 0
09:56 732.03 .83 96 1.79 0
09:57 732.03 .83 96 3.13 0
09:58 732.03 .83 96 2.24 0
09:59 732.03 .89 97 .89 0
10:00 732.03 .83 96 .89 0
10:01 732.03 .89 96 3.13 0
10:02 732.03 .83 96 2.24 0
10:03 732.03 .89 97 3.58 0
10:04 732.03 .89 96 2.68 0
10:05 732.03 .89 96 1.79 0
10:06 732.03 .89 96 1.34 0
10:07 732.03 .89 96 1.79 0
10:08 732.28 .89 96 1.79 0
10:09 732.03 .89 96 1.79 0
10:10 732.28 .89 96 4.02 0
10:11 732.03 .89 96 4.02 0
10:12 732.28 .89 96 4.02 0
10:13 732.03 .89 96 1.34 0
10:14 732.28 .94 96 3.13 0
10:15 732.03 .89 96 2.24 0
10:16 732.28 .89 96 3.13 0
10:17 732.28 .89 96 2.24 0
10:18 732.28 .94 96 5.36 0
10:19 732.28 .94 96 1.79 0
10:20 732.28 .94 96 1.79 0
10:21 732.28 .94 96 1.79 0
10:22 732.28 .94 96 1.79 0
10:23 732.28 .94 96 1.34 0
10:24 732.28 .94 96 2.68 0
10:25 732.28 .94 96 3.58 0
10:26 732.28 .94 96 2.68 0
10:27 732.28 .94 96 1.79 0
10:28 732.28 .94 96 3.58 0
10:29 732.28 .94 96 4.47 0
10:30 732.28 .94 96 4.92 0
10:31 732.28 .94 96 4.92 0
10:32 732.28 .89 96 3.13 0
10:33 732.28 .89 96 .89 0
10:34 732.28 .89 96 2.24 0
10:35 732.28 .89 96 1.79 0
10:36 732.28 .89 96 4.02 0
10:37 732.28 .89 96 4.02 0
10:38 732.28 .89 96 2.68 0
10:39 732.28 .83 96 1.79 0
10:40 732.28 .89 96 3.13 0
10:41 732.28 .83 96 3.13 0
10:42 732.28 .83 96 2.68 0
10:43 732.28 .83 96 4.47 0
10:44 732.28 .83 96 1.79 0
10:45 732.28 .83 96 3.13 0
10:46 732.28 .83 96 3.58 0
10:47 732.28 .83 96 1.79 0
10:48 732.28 .83 96 3.13 0
10:49 732.54 .83 96 1.34 0
10:50 732.28 .83 96 4.02 0
10:51 732.28 .83 96 3.58 0
10:52 732.28 .83 96 2.24 0
10:53 732.28 .83 96 1.34 0
10:54 732.54 .83 96 4.47 0
10:55 732.28 .83 96 3.13 0
10:56 732.54 .83 96 1.79 0
10:57 732.54 .78 96 4.02 0
10:58 732.54 .83 96 4.02 0
10:59 732.54 .83 96 3.58 0
11:00 732.54 .83 96 4.92 0
11:01 732.54 .78 96 5.36 0
11:02 732.54 .78 96 2.24 0
11:03 732.54 .78 96 4.47 0
11:04 732.54 .78 96 3.58 0
11:05 732.54 .78 96 2.24 0
11:06 732.54 .78 96 3.58 0
11:07 732.54 .78 96 1.34 0
11:08 732.54 .78 96 4.92 0
11:09 732.54 .78 96 2.68 0
11:10 732.54 .78 96 4.02 0
11:11 732.54 .83 96 3.58 0
11:12 732.54 .83 96 3.58 0
11:13 732.54 .83 96 2.24 0
11:14 732.54 .83 96 3.13 0
11:15 732.54 .78 96 3.13 0
11:16 732.54 .83 96 3.58 0
11:17 732.54 .78 96 3.58 0
11:18 732.54 .83 96 2.24 0
11:19 732.54 .83 96 3.58 0
11:20 732.54 .83 96 4.02 0
11:21 732.54 .83 96 2.24 0
11:22 732.54 .83 96 3.58 0
11:23 732.54 .83 96 1.79 0
11:24 732.54 .78 96 3.58 0
11:25 732.54 .83 96 2.24 0
11:26 732.54 .78 96 3.13 0
11:27 732.54 .83 96 1.34 0
11:28 732.54 .83 96 2.24 0
11:29 732.54 .83 96 1.34 0
11:30 732.79 .83 96 4.02 0
11:31 732.54 .83 96 1.79 0
11:32 732.54 .83 96 4.47 0
11:33 732.54 .83 96 2.24 0
11:34 732.79 .78 96 2.68 0
11:35 732.79 .83 96 1.79 0
11:36 732.54 .83 96 2.68 0
11:37 732.79 .83 96 1.79 0
11:38 732.79 .83 96 1.34 0
11:39 732.54 .83 96 3.58 0
11:40 732.79 .83 96 1.79 0
11:41 732.79 .83 96 2.68 0
11:42 732.54 .78 96 .89 0
11:43 732.79 .83 96 4.02 0
11:44 732.54 .78 96 4.47 0
11:45 732.79 .83 96 1.79 0
11:46 732.54 .78 96 3.13 0
11:47 732.54 .78 96 1.79 0
11:48 732.79 .78 96 1.79 0
11:49 732.79 .83 96 3.58 0
11:50 732.79 .78 96 .89 0
11:51 732.79 .83 96 2.68 0
11:52 732.79 .78 96 2.68 0
11:53 732.79 .83 96 2.68 0
11:54 732.79 .83 96 3.13 0
11:55 732.79 .83 96 4.02 0
11:56 732.79 .83 96 2.68 0
11:57 732.79 .78 96 4.47 0
11:58 732.79 .78 96 4.47 0
11:59 732.79 .83 96 2.24 0
12:00 732.79 .83 96 4.02 0
12:01 732.79 .83 96 5.36 0
12:02 732.79 .78 96 5.81 0
12:03 732.79 .78 96 6.71 0
12:04 732.79 .78 96 5.36 0
12:05 732.79 .78 96 3.13 0
12:06 732.79 .78 96 2.68 0
12:07 732.79 .83 96 3.58 0
12:08 732.79 .83 96 3.58 0
12:09 732.79 .83 96 1.79 0
12:10 732.79 .83 96 4.02 0
12:11 732.79 .83 96 2.24 0
12:12 732.79 .83 95 3.58 0
12:13 732.79 .83 95 3.58 0
12:14 732.79 .83 95 1.79 0
12:15 732.79 .83 95 4.47 0
12:16 732.79 .78 95 4.02 0
12:17 732.79 .78 95 3.58 0
12:18 732.79 .78 95 0 0
12:19 732.79 .78 95 5.36 0
12:20 732.79 .78 95 4.02 0
12:21 732.79 .78 95 2.24 0
12:22 732.79 .78 95 4.47 0
12:23 732.79 .78 95 4.02 0
12:24 732.79 .78 95 3.58 0
12:25 732.79 .78 95 3.58 0
12:26 732.79 .78 95 3.58 0
12:27 733.04 .78 95 2.68 0
12:28 732.79 .78 95 2.24 0
12:29 732.79 .78 95 3.58 0
12:30 733.04 .78 95 3.58 0
12:31 733.04 .78 95 1.79 0
12:32 733.04 .78 95 4.02 0
12:33 733.04 .78 95 2.68 0
12:34 733.04 .78 95 4.02 0
12:35 733.04 .78 95 4.02 0
12:36 733.04 .78 95 4.47 0
12:37 733.04 .78 95 5.81 0
12:38 733.04 .78 95 5.36 0
12:39 733.04 .78 95 4.02 0
12:40 733.04 .78 95 3.58 0
12:41 733.04 .78 95 4.02 0
12:42 733.04 .78 95 4.47 0
12:43 733.04 .78 95 4.02 0
12:44 733.04 .78 95 2.24 0
12:45 733.04 .78 95 2.68 0
12:46 733.04 .78 95 2.68 0
12:47 733.04 .78 95 2.24 0
12:48 733.04 .78 95 5.36 0
12:49 733.04 .78 95 4.47 0
12:50 733.04 .78 95 4.02 0
12:51 733.04 .78 95 4.02 0
12:52 733.04 .78 95 2.24 0
12:53 733.04 .78 95 2.24 0
12:54 733.04 .78 95 2.24 0
12:55 733.04 .78 95 3.13 0
12:56 733.04 .78 95 2.68 0
12:57 733.04 .78 95 2.68 0
12:58 733.04 .78 95 3.13 0
12:59 733.04 .78 95 3.13 0
13:00 733.04 .78 95 2.68 0
13:01 733.04 .78 95 3.58 0
13:02 733.04 .78 95 3.58 0
13:03 733.04 .78 95 1.79 0
13:04 733.04 .78 95 3.13 0
13:05 733.04 .78 95 4.47 0
13:06 733.04 .78 95 5.36 0
13:07 733.04 .78 95 5.36 0
13:08 733.04 .78 95 4.02 0
13:09 733.04 .78 95 2.24 0
13:10 733.04 .78 95 2.68 0
13:11 733.04 .78 95 4.47 0
13:12 733.04 .72 95 2.68 0
13:13 733.04 .72 95 3.13 0
13:14 733.04 .72 95 1.34 0
13:15 733.04 .67 95 3.13 0
13:16 733.04 .72 95 2.68 0
13:17 733.04 .67 95 2.24 0
13:18 733.04 .67 95 2.24 0
13:19 733.04 .67 95 1.79 0
13:20 733.04 .67 95 4.02 0
13:21 733.04 .67 95 3.58 0
13:22 733.04 .67 95 2.68 0
13:23 733.04 .67 95 3.58 0
13:24 733.04 .67 95 1.34 0
13:25 733.04 .72 95 2.68 0
13:26 733.04 .67 95 2.24 0
13:27 733.04 .72 95 4.47 0
13:28 733.04 .72 95 4.02 0
13:29 733.3 .67 95 2.24 0
13:30 733.3 .67 95 3.58 0
13:31 733.3 .67 95 4.02 0
13:32 733.04 .67 95 4.02 0
13:33 733.04 .72 95 3.58 0
13:34 733.04 .67 95 4.92 0
13:35 733.04 .61 95 4.92 0
13:36 733.04 .67 95 1.79 0
13:37 733.04 .67 95 4.47 0
13:38 733.04 .67 95 5.36 0
13:39 733.04 .67 95 3.13 0
13:40 733.3 .67 95 3.58 0
13:41 733.3 .61 95 4.92 0
13:42 733.3 .61 95 4.02 0
13:43 733.3 .61 95 3.13 0
13:44 733.3 .61 95 6.26 0
13:45 733.3 .61 95 4.02 0
13:46 733.3 .56 95 4.47 0
13:47 733.3 .56 94 2.68 0
13:48 733.3 .56 94 4.02 0
13:49 733.3 .61 94 4.02 0
13:50 733.3 .56 94 4.47 0
13:51 733.3 .56 94 2.68 0
13:52 733.3 .56 94 2.24 0
13:53 733.3 .5 94 1.79 0
13:54 733.3 .5 94 3.13 0
13:55 733.3 .5 94 4.92 0
13:56 733.3 .44 94 5.36 0
13:57 733.3 .44 94 4.02 0
13:58 733.3 .44 94 2.24 0
13:59 733.3 .39 94 4.02 0
14:00 733.3 .39 94 4.47 0
14:01 733.3 .39 94 2.68 0
14:02 733.3 .33 94 3.13 0
14:03 733.3 .33 94 2.68 0
14:04 733.3 .33 94 2.68 0
14:05 733.3 .33 94 3.13 0
14:06 733.3 .33 95 2.68 0
14:07 733.3 .28 95 2.68 0
14:08 733.3 .28 95 3.58 0
14:09 733.3 .28 95 2.68 0
14:10 733.3 .28 95 1.79 0
14:11 733.55 .28 95 2.24 0
14:12 733.3 .28 95 5.81 0
14:13 733.3 .28 95 4.02 0
14:14 733.55 .22 95 4.02 0
14:15 733.55 .22 95 2.24 0
14:16 733.55 .22 95 4.47 0
14:17 733.55 .22 95 2.24 0
14:18 733.55 .22 95 2.68 0
14:19 733.55 .22 95 2.24 0
14:20 733.55 .22 95 5.81 0
14:21 733.55 .17 95 8.49 0
14:22 733.55 .06 95 5.81 0
14:23 733.55 .06 95 5.81 0
14:24 733.55 0 95 5.81 0
14:25 733.55 -.11 95 4.47 0
14:26 733.55 -.17 95 6.26 0
14:27 733.55 -.17 95 2.68 0
14:28 733.55 -.17 95 4.02 0
14:29 733.55 -.17 95 6.26 0
14:30 733.55 -.22 95 5.81 0
14:31 733.55 -.28 95 5.81 0
14:32 733.55 -.28 95 4.02 0
14:33 733.55 -.28 95 5.81 0
14:34 733.55 -.28 95 4.02 0
14:35 733.81 -.28 95 7.6 0
14:36 733.55 -.28 94 7.15 0
14:37 733.81 -.33 94 6.26 0
14:38 733.81 -.39 94 4.47 0
14:39 733.81 -.39 94 3.58 0
14:40 733.81 -.44 94 3.58 0
14:41 733.81 -.44 94 5.36 0
14:42 733.81 -.44 94 4.02 0
14:43 733.81 -.5 94 4.02 0
14:44 733.81 -.56 94 4.02 0
14:45 733.81 -.56 93 6.26 0
14:46 733.81 -.67 93 8.49 0
14:47 733.81 -.67 93 9.39 0
14:48 733.81 -.72 93 5.81 0
14:49 733.81 -.72 93 4.02 0
14:50 733.81 -.72 93 8.49 0
14:51 733.81 -.78 93 4.92 0
14:52 733.81 -.78 93 6.71 0
14:53 733.81 -.78 93 7.15 0
14:54 733.81 -.83 92 5.81 0
14:55 733.81 -.83 92 2.68 0
14:56 733.81 -.94 92 4.92 0
14:57 733.81 -.94 92 4.02 0
14:58 733.81 -.94 92 8.05 0
14:59 733.81 -1 92 4.47 0
15:00 733.81 -1 92 6.26 0
15:01 733.81 -1.06 92 4.02 0
15:02 733.81 -1 92 7.15 0
15:03 733.81 -1.06 92 9.39 0
15:04 733.81 -1.17 92 6.26 0
15:05 733.81 -1.17 92 5.81 0
15:06 733.81 -1.17 92 4.92 0
15:07 733.81 -1.22 92 6.71 0
15:08 734.06 -1.28 92 2.68 0
15:09 733.81 -1.28 92 4.47 0
15:10 733.81 -1.28 92 4.92 0
15:11 733.81 -1.28 92 6.71 0
15:12 734.06 -1.33 92 6.26 0
15:13 734.06 -1.33 91 6.71 0
15:14 733.81 -1.33 91 6.26 0
15:15 734.06 -1.39 91 4.92 0
15:16 734.06 -1.39 91 5.36 0
15:17 734.06 -1.39 91 3.58 0
15:18 734.06 -1.39 91 7.6 0
15:19 734.06 -1.44 90 7.6 0
15:20 734.06 -1.5 90 3.58 0
15:21 734.06 -1.56 90 6.26 0
15:22 734.06 -1.61 90 4.92 0
15:23 734.06 -1.56 90 3.58 0
15:24 734.06 -1.61 90 7.15 0
15:25 734.06 -1.72 90 4.47 0
15:26 734.06 -1.72 90 6.71 0
15:27 734.06 -1.78 90 4.02 0
15:28 734.06 -1.78 90 4.92 0
15:29 734.06 -1.83 89 5.81 0
15:30 734.06 -1.89 89 4.47 0
15:31 734.31 -1.83 89 4.02 0
15:32 734.31 -1.89 89 5.36 0
15:33 734.06 -1.89 89 2.68 0
15:34 734.06 -1.94 89 7.15 0
15:35 734.31 -1.94 89 5.36 0
15:36 734.31 -1.94 89 5.36 0
15:37 734.31 -2 89 4.02 0
15:38 734.31 -2 89 2.68 0
15:39 734.31 -2 89 4.47 0
15:40 734.31 -2 89 4.02 0
15:41 734.31 -2.06 90 4.02 0
15:42 734.31 -2.06 90 5.36 0
15:43 734.31 -2.11 90 3.58 0
15:44 734.31 -2.11 90 4.47 0
15:45 734.31 -2.17 90 7.15 0
15:46 734.31 -2.17 89 4.02 0
15:47 734.31 -2.22 89 7.15 0
15:48 734.31 -2.33 89 5.81 0
15:49 734.31 -2.39 89 7.15 0
15:50 734.31 -2.44 89 7.6 0
15:51 734.31 -2.56 89 7.15 0
15:52 734.31 -2.61 89 4.92 0
15:53 734.31 -2.61 89 4.02 0
15:54 734.31 -2.61 89 4.02 0
15:55 734.31 -2.72 89 6.71 0
15:56 734.31 -2.72 89 4.47 0
15:57 734.31 -2.78 89 1.79 0
15:58 734.31 -2.78 89 4.02 0
15:59 734.31 -2.83 89 4.92 0
16:00 734.31 -2.83 89 5.81 0
16:01 734.57 -2.83 89 4.47 0
16:02 734.57 -2.89 90 4.02 0
16:03 734.57 -2.89 89 2.24 0
16:04 734.57 -2.83 90 6.26 0
16:05 734.57 -2.89 90 4.92 0
16:06 734.57 -2.89 90 3.13 0
16:07 734.57 -2.89 90 4.47 0
16:08 734.57 -2.94 90 6.26 0
16:09 734.57 -3 90 4.47 0
16:10 734.82 -3.11 90 3.58 0
16:11 734.82 -3.11 90 4.47 0
16:12 734.82 -3.17 90 4.47 0
16:13 734.82 -3.28 90 6.26 0
16:14 734.82 -3.28 90 4.02 0
16:15 734.82 -3.28 90 2.68 0
16:16 734.82 -3.33 90 9.39 0
16:17 734.82 -3.39 90 5.81 0
16:18 734.82 -3.44 90 7.15 0
16:19 734.82 -3.44 90 5.36 0
16:20 734.82 -3.44 90 4.02 0
16:21 734.82 -3.5 90 6.26 0
16:22 734.82 -3.5 90 6.26 0
16:23 734.82 -3.56 90 8.05 0
16:24 734.82 -3.61 90 5.81 0
16:25 734.82 -3.67 90 4.47 0
16:26 734.82 -3.61 90 7.15 0
16:27 734.82 -3.67 90 7.15 0
16:28 734.82 -3.78 90 8.49 0
16:29 734.82 -3.83 90 6.71 0
16:30 735.08 -3.94 89 6.26 0
16:31 734.82 -4.06 90 8.05 0
16:32 735.08 -4.06 90 4.02 0
16:33 735.08 -4.11 90 5.36 0
16:34 735.08 -4.11 90 6.71 0
16:35 735.08 -4.11 90 8.05 0
16:36 735.08 -4.22 90 4.47 0
16:37 734.82 -4.17 90 4.02 0
16:38 735.08 -4.22 90 7.15 0
16:39 735.08 -4.22 90 6.26 0
16:40 735.08 -4.33 90 7.15 0
16:41 735.08 -4.39 90 8.05 0
16:42 735.08 -4.5 90 9.39 0
16:43 735.08 -4.56 90 8.05 0
16:44 735.08 -4.56 89 6.71 0
16:45 735.08 -4.67 89 7.15 0
16:46 735.08 -4.67 89 4.92 0
16:47 735.08 -4.72 89 8.05 0
16:48 735.08 -4.78 89 7.6 0
16:49 735.08 -4.83 89 7.6 0
16:50 735.33 -4.83 89 7.6 0
16:51 735.33 -4.89 89 6.71 0
16:52 735.33 -4.94 89 5.36 0
16:53 735.33 -4.94 89 8.49 0
16:54 735.33 -5 89 4.02 0
16:55 735.33 -5 89 4.92 0
16:56 735.33 -5 89 4.92 0
16:57 735.33 -5 89 .89 0
16:58 735.33 -5 89 4.02 0
16:59 735.33 -5.06 89 3.58 0
17:00 735.33 -5.06 89 7.15 0
17:01 735.33 -5.17 89 4.02 0
17:02 735.33 -5.22 89 4.47 0
17:03 735.33 -5.22 89 3.58 0
17:04 735.33 -5.28 90 3.58 0
17:05 735.33 -5.39 90 7.6 0
17:06 735.33 -5.56 90 10.28 0
17:07 735.33 -5.67 89 8.94 0
17:08 735.58 -5.78 90 3.13 0
17:09 735.58 -5.83 90 4.92 0
17:10 735.58 -5.89 90 7.15 0
17:11 735.58 -5.94 90 6.71 0
17:12 735.58 -5.94 90 8.94 0
17:13 735.58 -6 90 7.15 0
17:14 735.58 -6.06 90 6.71 0
17:15 735.58 -6.06 90 8.94 0
17:16 735.58 -6.11 90 8.94 0
17:17 735.58 -6.17 90 4.92 0
17:18 735.84 -6.17 90 1.79 0
17:19 735.84 -6.17 90 6.71 0
17:20 735.84 -6.22 90 8.94 0
17:21 735.58 -6.33 90 10.28 0
17:22 735.58 -6.39 89 7.6 0
17:23 735.84 -6.44 89 8.49 0
17:24 735.84 -6.5 89 6.26 0
17:25 735.84 -6.56 89 7.15 0
17:26 735.84 -6.56 89 6.71 0
17:27 735.84 -6.56 89 5.81 0
17:28 735.84 -6.56 89 7.6 0
17:29 735.84 -6.56 88 5.81 0
17:30 735.84 -6.56 88 4.47 0
17:31 735.84 -6.61 88 5.36 0
17:32 735.84 -6.67 88 7.6 0
17:33 735.84 -6.67 88 4.92 0
17:34 735.84 -6.67 88 5.81 0
17:35 735.84 -6.67 88 4.47 0
17:36 735.84 -6.67 88 4.02 0
17:37 736.09 -6.67 88 5.36 0
17:38 735.84 -6.67 89 6.26 0
17:39 735.84 -6.67 88 6.71 0
17:40 736.09 -6.72 88 5.81 0
17:41 736.09 -6.72 88 6.26 0
17:42 736.09 -6.72 88 9.39 0
17:43 736.09 -6.78 88 10.28 0
17:44 736.09 -6.78 88 4.02 0
17:45 736.09 -6.72 88 4.92 0
17:46 736.09 -6.78 88 7.6 0
17:47 736.09 -6.83 88 6.26 0
17:48 736.09 -6.78 88 5.36 0
17:49 736.09 -6.89 88 8.49 0
17:50 736.09 -6.89 88 7.6 0
17:51 736.09 -6.89 88 8.49 0
17:52 736.09 -6.89 87 8.49 0
17:53 736.09 -6.94 87 4.47 0
17:54 736.09 -6.94 87 4.47 0
17:55 736.09 -6.94 88 9.83 0
17:56 736.35 -6.94 87 6.26 0
17:57 736.09 -6.94 88 7.15 0
17:58 736.09 -6.94 88 4.47 0
17:59 736.09 -6.94 88 5.36 0
18:00 736.35 -6.94 88 5.81 0
18:01 736.35 -6.94 88 6.26 0
18:02 736.35 -7 88 6.26 0
18:03 736.35 -7 88 6.71 0
18:04 736.35 -7.06 88 6.26 0
18:05 736.35 -7.06 88 6.26 0
18:06 736.35 -7.06 88 6.71 0
18:07 736.35 -7.06 88 5.36 0
18:08 736.35 -7.06 88 4.02 0
18:09 736.35 -7.06 88 7.15 0
18:10 736.35 -7.06 88 7.6 0
18:11 736.35 -7.06 88 6.71 0
18:12 736.35 -7.11 88 8.94 0
18:13 736.35 -7.17 88 3.13 0
18:14 736.35 -7.17 88 7.15 0
18:15 736.35 -7.17 88 7.6 0
18:16 736.35 -7.17 88 7.6 0
18:17 736.35 -7.22 88 5.81 0
18:18 736.35 -7.17 88 7.6 0
18:19 736.35 -7.17 88 7.15 0
18:20 736.35 -7.17 88 6.26 0
18:21 736.6 -7.17 88 4.47 0
18:22 736.35 -7.22 88 8.05 0
18:23 736.35 -7.28 88 7.6 0
18:24 736.35 -7.28 88 4.47 0
18:25 736.35 -7.28 88 9.39 0
18:26 736.6 -7.28 88 6.71 0
18:27 736.6 -7.28 87 6.71 0
18:28 736.6 -7.33 88 6.71 0
18:29 736.6 -7.33 88 5.36 0
18:30 736.6 -7.33 88 8.49 0
18:31 736.6 -7.33 88 6.26 0
18:32 736.6 -7.33 88 4.92 0
18:33 736.6 -7.28 88 7.15 0
18:34 736.6 -7.39 88 6.26 0
18:35 736.6 -7.44 88 6.26 0
18:36 736.6 -7.56 87 9.83 0
18:37 736.6 -7.67 87 7.6 0
18:38 736.6 -7.67 87 9.39 0
18:39 736.6 -7.72 87 7.6 0
18:40 736.6 -7.78 87 5.81 0
18:41 736.6 -7.83 86 8.05 0
18:42 736.6 -7.83 87 6.26 0
18:43 736.6 -7.89 86 5.81 0
18:44 736.85 -7.89 86 5.36 0
18:45 736.85 -7.89 86 4.47 0
18:46 736.85 -7.89 86 9.83 0
18:47 736.85 -8 87 6.71 0
18:48 736.85 -8.06 86 8.05 0
18:49 736.85 -8.11 86 6.26 0
18:50 736.85 -8.11 86 7.6 0
18:51 736.85 -8.11 86 4.92 0
18:52 736.85 -8.17 86 5.81 0
18:53 736.85 -8.17 86 7.6 0
18:54 736.85 -8.17 86 4.92 0
18:55 736.85 -8.22 86 9.39 0
18:56 736.85 -8.28 86 7.6 0
18:57 736.85 -8.28 86 6.26 0
18:58 736.85 -8.33 86 5.81 0
18:59 736.85 -8.33 86 8.05 0
19:00 736.85 -8.33 86 9.39 0
19:01 737.11 -8.44 86 6.71 0
19:02 737.11 -8.44 86 8.49 0
19:03 737.11 -8.44 86 7.15 0
19:04 737.11 -8.5 86 5.36 0
19:05 737.11 -8.56 86 7.15 0
19:06 737.11 -8.56 85 5.36 0
19:07 737.11 -8.61 85 6.26 0
19:08 737.11 -8.67 85 6.71 0
19:09 737.11 -8.67 85 7.6 0
19:10 737.11 -8.67 85 8.49 0
19:11 737.11 -8.78 85 7.15 0
19:12 737.11 -8.78 85 5.36 0
19:13 737.11 -8.78 85 7.15 0
19:14 737.11 -8.78 86 5.81 0
19:15 737.36 -8.78 86 7.15 0
19:16 737.36 -8.78 86 5.36 0
19:17 737.36 -8.78 86 4.47 0
19:18 737.36 -8.83 86 4.92 0
19:19 737.36 -8.78 86 5.36 0
19:20 737.36 -8.78 86 4.47 0
19:21 737.36 -8.78 86 5.36 0
19:22 737.36 -8.78 86 6.26 0
19:23 737.36 -8.78 87 6.26 0
19:24 737.36 -8.83 87 9.83 0
19:25 737.36 -8.94 87 6.71 0
19:26 737.36 -9 86 4.47 0
19:27 737.62 -9.06 86 5.81 0
19:28 737.62 -9.11 86 9.39 0
19:29 737.62 -9.17 86 9.39 0
19:30 737.36 -9.17 85 5.36 0
19:31 737.62 -9.22 85 6.71 0
19:32 737.62 -9.22 85 4.47 0
19:33 737.62 -9.28 85 9.39 0
19:34 737.62 -9.28 85 8.05 0
19:35 737.36 -9.33 85 3.58 0
19:36 737.62 -9.33 85 6.71 0
19:37 737.62 -9.39 85 8.94 0
19:38 737.36 -9.39 85 8.94 0
19:39 737.62 -9.39 84 6.26 0
19:40 737.62 -9.44 85 6.26 0
19:41 737.62 -9.44 85 6.26 0
19:42 737.62 -9.44 85 4.92 0
19:43 737.62 -9.44 85 4.47 0
19:44 737.62 -9.5 85 5.36 0
19:45 737.62 -9.5 85 6.71 0
19:46 737.62 -9.5 85 8.05 0
19:47 737.62 -9.56 85 5.36 0
19:48 737.62 -9.56 85 6.26 0
19:49 737.62 -9.56 85 7.6 0
19:50 737.62 -9.61 85 5.36 0
19:51 737.87 -9.56 85 4.92 0
19:52 737.87 -9.56 85 6.71 0
19:53 737.87 -9.61 85 4.92 0
19:54 737.87 -9.61 85 4.02 0
19:55 737.87 -9.61 85 5.36 0
19:56 737.87 -9.61 85 1.79 0
19:57 737.87 -9.61 85 6.26 0
19:58 737.87 -9.61 85 6.26 0
19:59 737.87 -9.61 85 5.81 0
20:00 737.87 -9.67 85 4.92 0
20:01 737.87 -9.67 85 6.71 0
20:02 737.87 -9.72 85 6.26 0
20:03 737.87 -9.78 85 4.92 0
20:04 737.87 -9.78 85 8.49 0
20:05 737.87 -9.83 85 9.39 0
20:06 737.87 -9.94 84 6.71 0
20:07 737.87 -10 84 4.47 0
20:08 737.87 -10.06 84 4.47 0
20:09 737.87 -10.06 84 7.6 0
20:10 737.87 -10.06 85 5.81 0
20:11 737.87 -10.11 85 4.92 0
20:12 737.87 -10.11 85 2.68 0
20:13 737.87 -10.11 85 4.47 0
20:14 737.87 -10.11 85 5.36 0
20:15 738.12 -10.17 85 4.92 0
20:16 738.12 -10.17 85 6.26 0
20:17 738.12 -10.17 85 7.15 0
20:18 738.12 -10.17 85 5.81 0
20:19 738.12 -10.17 85 4.92 0
20:20 738.12 -10.17 85 2.24 0
20:21 738.12 -10.17 85 4.92 0
20:22 738.12 -10.17 85 3.58 0
20:23 738.12 -10.17 85 4.92 0
20:24 738.12 -10.17 86 4.47 0
20:25 738.12 -10.22 86 2.24 0
20:26 738.12 -10.22 86 4.47 0
20:27 738.12 -10.22 86 7.6 0
20:28 738.12 -10.22 86 7.15 0
20:29 738.12 -10.28 85 5.36 0
20:30 738.12 -10.39 85 5.81 0
20:31 738.38 -10.39 85 2.68 0
20:32 738.38 -10.39 85 4.92 0
20:33 738.38 -10.39 85 3.58 0
20:34 738.38 -10.44 85 5.36 0
20:35 738.38 -10.5 85 5.81 0
20:36 738.38 -10.5 85 8.49 0
20:37 738.38 -10.56 86 5.36 0
20:38 738.38 -10.56 86 4.02 0
20:39 738.38 -10.56 86 4.92 0
20:40 738.38 -10.61 85 4.47 0
20:41 738.38 -10.56 86 4.47 0
20:42 738.38 -10.56 86 2.68 0
20:43 738.38 -10.61 86 3.58 0
20:44 738.38 -10.56 86 4.02 0
20:45 738.38 -10.61 86 3.58 0
20:46 738.38 -10.61 86 4.02 0
20:47 738.38 -10.61 86 1.79 0
20:48 738.38 -10.61 86 2.24 0
20:49 738.38 -10.61 86 2.24 0
20:50 738.38 -10.56 86 4.02 0
20:51 738.38 -10.61 86 4.02 0
20:52 738.38 -10.61 86 2.24 0
20:53 738.38 -10.67 86 3.58 0
20:54 738.38 -10.61 86 2.68 0
20:55 738.38 -10.67 87 1.79 0
20:56 738.38 -10.67 87 2.68 0
20:57 738.38 -10.67 87 1.34 0
20:58 738.38 -10.67 87 6.26 0
20:59 738.38 -10.72 87 4.02 0
21:00 738.38 -10.72 87 4.47 0
21:01 738.38 -10.78 86 8.05 0
21:02 738.38 -10.83 86 5.81 0
21:03 738.38 -10.83 86 5.81 0
21:04 738.38 -10.89 85 4.02 0
21:05 738.38 -10.83 85 1.79 0
21:06 738.38 -10.83 86 1.34 0
21:07 738.38 -10.89 86 4.02 0
21:08 738.38 -10.89 86 4.02 0
21:09 738.38 -10.89 86 6.71 0
21:10 738.63 -10.94 86 4.92 0
21:11 738.63 -10.94 86 3.58 0
21:12 738.63 -10.94 86 4.92 0
21:13 738.38 -10.94 85 1.79 0
21:14 738.38 -10.94 85 4.47 0
21:15 738.63 -11 86 4.02 0
21:16 738.38 -11 86 4.92 0
21:17 738.63 -11.06 86 4.92 0
21:18 738.63 -11 86 6.26 0
21:19 738.63 -11.06 86 5.81 0
21:20 738.63 -11.06 86 3.58 0
21:21 738.63 -11.11 86 7.6 0
21:22 738.63 -11.06 86 7.6 0
21:23 738.63 -11.11 86 4.92 0
21:24 738.63 -11.11 85 5.81 0
21:25 738.38 -11.11 85 6.26 0
21:26 738.63 -11.17 85 6.71 0
21:27 738.63 -11.17 85 4.92 0
21:28 738.38 -11.11 85 3.58 0
21:29 738.38 -11.17 85 5.81 0
21:30 738.63 -11.17 85 4.92 0
21:31 738.63 -11.17 85 7.15 0
21:32 738.63 -11.22 85 2.24 0
21:33 738.63 -11.22 85 4.02 0
21:34 738.63 -11.17 85 5.81 0
21:35 738.63 -11.17 85 4.02 0
21:36 738.63 -11.22 85 3.58 0
21:37 738.63 -11.22 85 4.02 0
21:38 738.63 -11.22 85 2.24 0
21:39 738.63 -11.28 85 4.47 0
21:40 738.63 -11.28 85 4.92 0
21:41 738.63 -11.22 85 2.68 0
21:42 738.63 -11.28 85 4.02 0
21:43 738.63 -11.28 85 3.58 0
21:44 738.63 -11.28 85 3.58 0
21:45 738.63 -11.28 85 1.34 0
21:46 738.63 -11.28 85 4.02 0
21:47 738.63 -11.33 85 4.92 0
21:48 738.63 -11.33 85 2.68 0
21:49 738.63 -11.33 85 4.02 0
21:50 738.63 -11.33 85 4.02 0
21:51 738.63 -11.33 85 4.02 0
21:52 738.63 -11.39 85 4.02 0
21:53 738.63 -11.39 85 4.47 0
21:54 738.63 -11.39 85 2.68 0
21:55 738.89 -11.39 85 2.68 0
21:56 738.89 -11.44 85 4.92 0
21:57 738.89 -11.44 85 1.79 0
21:58 738.89 -11.44 85 3.58 0
21:59 738.89 -11.44 85 4.02 0
22:00 738.89 -11.44 85 1.79 0
22:01 738.89 -11.44 86 3.58 0
22:02 738.89 -11.44 86 4.02 0
22:03 738.89 -11.44 86 4.47 0
22:04 738.89 -11.44 86 2.68 0
22:05 738.89 -11.44 86 4.02 0
22:06 738.89 -11.44 86 1.79 0
22:07 738.89 -11.5 86 2.68 0
22:08 738.89 -11.5 86 2.68 0
22:09 738.89 -11.5 86 1.79 0
22:10 738.89 -11.5 86 2.68 0
22:11 738.89 -11.5 86 1.79 0
22:12 738.89 -11.44 86 4.47 0
22:13 738.89 -11.5 86 4.02 0
22:14 738.89 -11.5 86 2.68 0
22:15 738.89 -11.5 86 2.68 0
22:16 738.89 -11.5 86 4.47 0
22:17 738.89 -11.5 86 4.47 0
22:18 738.89 -11.5 86 3.58 0
22:19 738.89 -11.5 86 2.24 0
22:20 738.89 -11.5 86 4.92 0
22:21 738.89 -11.5 86 2.68 0
22:22 738.89 -11.5 86 .89 0
22:23 738.89 -11.5 86 2.24 0
22:24 738.89 -11.5 86 4.47 0
22:25 738.89 -11.5 86 4.92 0
22:26 738.89 -11.5 86 4.47 0
22:27 739.14 -11.5 86 3.58 0
22:28 738.89 -11.5 86 2.68 0
22:29 738.89 -11.5 86 2.68 0
22:30 739.14 -11.44 86 3.58 0
22:31 738.89 -11.44 86 4.47 0
22:32 738.89 -11.44 85 2.24 0
22:33 738.89 -11.44 85 2.68 0
22:34 739.14 -11.44 85 4.02 0
22:35 739.14 -11.44 85 4.92 0
22:36 739.14 -11.44 85 3.58 0
22:37 739.14 -11.44 85 4.47 0
22:38 739.14 -11.44 85 3.13 0
22:39 739.14 -11.44 85 3.58 0
22:40 739.14 -11.44 85 4.47 0
22:41 739.14 -11.44 85 3.13 0
22:42 739.14 -11.44 85 4.02 0
22:43 739.14 -11.44 86 4.02 0
22:44 739.14 -11.39 86 6.26 0
22:45 739.14 -11.44 86 4.47 0
22:46 739.14 -11.39 85 1.79 0
22:47 739.14 -11.39 85 3.58 0
22:48 739.14 -11.39 86 4.02 0
22:49 739.14 -11.39 86 7.15 0
22:50 739.14 -11.39 86 3.58 0
22:51 739.14 -11.39 86 5.81 0
22:52 739.14 -11.39 86 4.02 0
22:53 739.14 -11.39 85 3.58 0
22:54 739.14 -11.39 85 2.24 0
22:55 739.14 -11.39 85 4.47 0
22:56 739.14 -11.39 85 5.81 0
22:57 739.39 -11.39 85 4.47 0
22:58 739.39 -11.39 85 4.02 0
22:59 739.14 -11.39 85 7.6 0
23:00 739.14 -11.39 84 6.26 0
23:01 739.39 -11.39 83 5.36 0
23:02 739.39 -11.44 83 6.26 0
23:03 739.39 -11.39 83 5.36 0
23:04 739.39 -11.44 82 8.05 0
23:05 739.39 -11.5 82 4.47 0
23:06 739.14 -11.44 81 7.6 0
23:07 739.39 -11.44 81 4.92 0
23:08 739.39 -11.5 81 5.81 0
23:09 739.39 -11.5 81 3.58 0
23:10 739.39 -11.5 81 4.47 0
23:11 739.39 -11.5 81 8.49 0
23:12 739.39 -11.56 81 5.81 0
23:13 739.39 -11.56 81 8.05 0
23:14 739.39 -11.56 81 5.36 0
23:15 739.39 -11.56 81 3.13 0
23:16 739.39 -11.56 81 7.15 0
23:17 739.39 -11.56 81 4.92 0
23:18 739.39 -11.56 81 6.71 0
23:19 739.39 -11.61 81 5.36 0
23:20 739.39 -11.56 81 5.81 0
23:21 739.39 -11.56 81 5.36 0
23:22 739.39 -11.61 81 5.81 0
23:23 739.39 -11.61 80 3.58 0
23:24 739.39 -11.61 80 2.68 0
23:25 739.39 -11.61 80 6.71 0
23:26 739.39 -11.61 80 7.15 0
23:27 739.39 -11.67 80 7.6 0
23:28 739.65 -11.67 80 8.05 0
23:29 739.65 -11.67 80 5.36 0
23:30 739.65 -11.67 80 8.49 0
23:31 739.65 -11.67 80 4.92 0
23:32 739.39 -11.67 80 6.71 0
23:33 739.39 -11.72 80 4.02 0
23:34 739.65 -11.67 80 5.36 0
23:35 739.65 -11.72 80 4.47 0
23:36 739.65 -11.72 80 4.92 0
23:37 739.39 -11.72 80 4.47 0
23:38 739.65 -11.78 80 6.71 0
23:39 739.65 -11.78 81 5.81 0
23:40 739.65 -11.78 81 4.47 0
23:41 739.65 -11.78 81 6.26 0
23:42 739.65 -11.83 81 3.58 0
23:43 739.65 -11.83 81 3.13 0
23:44 739.65 -11.83 81 4.47 0
23:45 739.65 -11.83 81 6.71 0
23:46 739.65 -11.83 81 5.36 0
23:47 739.65 -11.89 81 4.02 0
23:48 739.65 -11.89 81 1.34 0
23:49 739.65 -11.83 82 5.36 0
23:50 739.65 -11.89 82 5.36 0
23:51 739.65 -11.89 82 5.36 0
23:52 739.65 -11.89 82 1.79 0
23:53 739.65 -11.89 82 3.58 0
23:54 739.65 -11.89 82 4.02 0
23:55 739.65 -11.89 82 4.92 0
23:56 739.65 -11.89 82 4.92 0
23:57 739.65 -11.94 82 6.26 0
23:58 739.65 -11.94 82 2.24 0
23:59 739.65 -11.94 82 4.02 0
