00:00 744.22 8.11 60 1.34 0
00:01 744.22 8.11 60 .45 0
00:02 744.47 8.11 60 1.34 0
00:03 744.22 8.11 60 .89 0
00:04 744.47 8.17 60 .89 0
00:05 744.22 8.17 60 1.34 0
00:06 744.22 8.17 60 1.79 0
00:07 744.47 8.17 60 1.34 0
00:08 744.47 8.17 60 1.34 0
00:09 744.47 8.11 60 1.79 0
00:10 744.47 8.11 60 1.34 0
00:11 744.47 8.11 60 1.79 0
00:12 744.47 8.11 60 1.34 0
00:13 744.22 8.11 61 1.34 0
00:14 744.22 8 61 1.34 0
00:15 744.22 8 61 1.34 0
00:16 744.22 7.94 61 1.34 0
00:17 744.22 7.89 61 1.34 0
00:18 744.22 7.78 62 .89 0
00:19 744.22 7.61 62 1.79 0
00:20 744.22 7.5 62 1.34 0
00:21 744.22 7.33 63 1.34 0
00:22 744.22 7.28 63 1.79 0
00:23 744.47 7.22 63 1.79 0
00:24 744.47 7.17 63 1.79 0
00:25 744.22 7.17 63 1.79 0
00:26 744.22 7.22 63 1.34 0
00:27 744.22 7.22 63 1.34 0
00:28 744.22 7.28 63 .89 0
00:29 744.22 7.28 63 .45 0
00:30 744.22 7.28 63 .89 0
00:31 744.22 7.28 63 .89 0
00:32 744.22 7.28 63 .89 0
00:33 744.47 7.28 63 1.34 0
00:34 744.47 7.33 63 .89 0
00:35 744.47 7.33 63 1.79 0
00:36 744.47 7.39 62 2.24 0
00:37 744.22 7.44 62 .89 0
00:38 744.47 7.44 62 1.34 0
00:39 744.22 7.44 62 1.34 0
00:40 744.47 7.44 62 1.79 0
00:41 744.22 7.39 62 1.79 0
00:42 744.22 7.44 62 1.34 0
00:43 744.22 7.44 62 1.34 0
00:44 744.47 7.44 62 1.34 0
00:45 744.22 7.44 62 1.34 0
00:46 744.22 7.5 62 1.34 0
00:47 744.22 7.56 62 1.34 0
00:48 744.47 7.56 62 2.24 0
00:49 744.22 7.56 62 1.34 0
00:50 744.22 7.56 62 1.34 0
00:51 744.22 7.56 62 1.34 0
00:52 744.22 7.56 62 1.34 0
00:53 744.22 7.5 63 1.34 0
00:54 744.22 7.39 63 1.34 0
00:55 744.22 7.28 64 1.79 0
00:56 744.22 7.17 64 1.79 0
00:57 744.22 7.06 64 1.79 0
00:58 744.22 6.94 64 1.79 0
00:59 744.22 6.83 64 1.79 0
01:00 744.47 6.78 65 2.24 0
01:01 744.22 6.72 65 2.24 0
01:02 744.22 6.67 65 2.24 0
01:03 744.22 6.67 65 1.79 0
01:04 744.22 6.67 65 2.24 0
01:05 744.22 6.67 65 2.68 0
01:06 744.22 6.67 65 2.68 0
01:07 744.22 6.67 65 2.24 0
01:08 744.22 6.67 65 2.24 0
01:09 744.22 6.67 65 2.24 0
01:10 744.22 6.67 65 2.24 0
01:11 744.22 6.67 65 2.24 0
01:12 744.22 6.67 65 2.24 0
01:13 744.22 6.67 65 2.24 0
01:14 744.22 6.67 65 2.68 0
01:15 744.22 6.67 65 2.24 0
01:16 744.22 6.61 65 1.79 0
01:17 744.22 6.61 66 2.24 0
01:18 744.47 6.56 66 2.24 0
01:19 744.47 6.5 66 2.24 0
01:20 744.22 6.5 66 2.24 0
01:21 744.47 6.44 66 2.24 0
01:22 744.47 6.39 66 2.24 0
01:23 744.22 6.33 66 2.24 0
01:24 744.47 6.28 66 1.79 0
01:25 744.22 6.28 66 1.79 0
01:26 744.22 6.22 66 1.79 0
01:27 744.47 6.22 66 1.34 0
01:28 744.22 6.22 66 2.24 0
01:29 744.22 6.22 67 2.24 0
01:30 744.22 6.17 67 1.34 0
01:31 744.22 6.17 67 2.24 0
01:32 744.22 6.17 67 1.79 0
01:33 744.22 6.17 67 1.34 0
01:34 744.22 6.22 67 1.34 0
01:35 744.22 6.22 67 1.34 0
01:36 744.22 6.17 67 2.68 0
01:37 744.22 6.11 67 2.68 0
01:38 744.22 6.06 68 2.68 0
01:39 744.22 6.06 67 2.24 0
01:40 744.22 5.94 68 2.24 0
01:41 744.22 5.94 68 2.24 0
01:42 744.22 5.89 68 2.24 0
01:43 744.22 5.89 68 2.24 0
01:44 744.22 5.83 68 1.79 0
01:45 744.22 5.83 68 1.79 0
01:46 744.22 5.78 68 1.34 0
01:47 744.22 5.78 68 2.24 0
01:48 744.22 5.78 68 1.79 0
01:49 744.22 5.72 68 1.79 0
01:50 744.22 5.67 69 2.24 0
01:51 744.22 5.61 69 1.79 0
01:52 744.22 5.56 69 1.79 0
01:53 744.22 5.56 69 2.68 0
01:54 744.22 5.5 69 2.68 0
01:55 744.22 5.44 70 1.79 0
01:56 744.22 5.44 70 2.24 0
01:57 744.22 5.44 70 1.79 0
01:58 744.22 5.39 70 2.24 0
01:59 744.22 5.33 70 1.79 0
02:00 744.22 5.33 70 1.79 0
02:01 744.22 5.33 70 2.24 0
02:02 744.22 5.33 70 2.24 0
02:03 744.22 5.28 70 1.79 0
02:04 744.22 5.28 70 1.79 0
02:05 744.22 5.28 70 2.24 0
02:06 744.22 5.28 70 1.79 0
02:07 744.22 5.33 70 2.24 0
02:08 744.22 5.33 70 2.68 0
02:09 744.22 5.39 70 1.79 0
02:10 744.22 5.44 70 2.68 0
02:11 744.22 5.44 70 1.79 0
02:12 744.22 5.5 70 2.24 0
02:13 744.22 5.5 70 1.79 0
02:14 744.22 5.56 70 1.34 0
02:15 744.22 5.56 70 2.24 0
02:16 744.22 5.56 70 1.34 0
02:17 744.22 5.56 70 1.34 0
02:18 744.22 5.56 69 .89 0
02:19 744.22 5.61 69 1.34 0
02:20 744.22 5.61 69 1.34 0
02:21 744.22 5.61 70 1.34 0
02:22 744.22 5.67 69 .89 0
02:23 744.22 5.67 69 .89 0
02:24 744.22 5.72 69 1.34 0
02:25 744.22 5.78 69 1.34 0
02:26 744.22 5.83 69 .89 0
02:27 744.22 5.83 69 1.34 0
02:28 744.22 5.83 69 .89 0
02:29 744.22 5.89 69 1.34 0
02:30 744.22 5.89 69 .89 0
02:31 744.22 5.89 68 .89 0
02:32 744.22 5.94 68 .89 0
02:33 744.22 5.94 68 .89 0
02:34 744.22 5.83 69 .89 0
02:35 744.22 5.78 69 .89 0
02:36 744.22 5.78 69 .89 0
02:37 744.22 5.72 69 .89 0
02:38 744.22 5.61 69 .89 0
02:39 744.22 5.56 69 .89 0
02:40 744.22 5.5 70 .89 0
02:41 744.22 5.44 70 1.34 0
02:42 744.22 5.39 70 1.34 0
02:43 744.22 5.22 71 1.34 0
02:44 744.22 5.11 71 1.34 0
02:45 744.22 5.06 71 1.34 0
02:46 744.22 4.94 72 2.24 0
02:47 744.22 4.94 72 1.79 0
02:48 744.22 4.89 72 1.79 0
02:49 744.22 4.83 72 2.24 0
02:50 744.22 4.78 72 2.24 0
02:51 744.22 4.78 72 1.79 0
02:52 744.22 4.78 72 2.24 0
02:53 744.22 4.78 72 1.79 0
02:54 744.22 4.78 72 1.79 0
02:55 744.22 4.78 72 1.34 0
02:56 744.22 4.78 72 1.79 0
02:57 744.22 4.89 72 1.34 0
02:58 744.22 4.94 72 1.34 0
02:59 744.22 5.06 72 1.34 0
03:00 744.22 5.17 72 1.79 0
03:01 744.22 5.22 71 1.34 0
03:02 744.22 5.33 71 1.34 0
03:03 744.22 5.39 70 .89 0
03:04 744.22 5.33 70 1.34 0
03:05 744.22 5.28 71 1.79 0
03:06 744.22 5.17 71 2.68 0
03:07 743.97 5 71 2.68 0
03:08 744.22 4.89 72 2.24 0
03:09 744.22 4.83 72 2.24 0
03:10 744.22 4.83 72 1.79 0
03:11 744.22 4.83 72 1.79 0
03:12 744.22 4.83 72 2.68 0
03:13 744.22 4.89 72 2.68 0
03:14 744.22 4.89 72 2.24 0
03:15 744.22 4.89 72 2.68 0
03:16 744.22 4.89 72 2.68 0
03:17 744.22 4.89 72 3.58 0
03:18 744.22 4.83 72 2.68 0
03:19 744.22 4.78 72 2.24 0
03:20 744.22 4.78 72 2.24 0
03:21 744.22 4.78 72 2.68 0
03:22 744.22 4.72 72 2.24 0
03:23 744.22 4.72 72 2.68 0
03:24 744.22 4.67 72 2.24 0
03:25 744.22 4.72 73 2.68 0
03:26 744.22 4.67 73 2.24 0
03:27 744.22 4.61 73 1.79 0
03:28 744.22 4.61 73 1.79 0
03:29 744.22 4.56 73 1.79 0
03:30 744.22 4.56 73 2.24 0
03:31 744.22 4.56 73 2.24 0
03:32 744.22 4.56 73 2.68 0
03:33 744.22 4.56 73 2.24 0
03:34 744.22 4.56 73 1.79 0
03:35 744.22 4.56 73 1.79 0
03:36 744.22 4.56 73 2.68 0
03:37 744.22 4.56 73 2.68 0
03:38 744.22 4.56 73 1.34 0
03:39 744.22 4.5 73 1.79 0
03:40 744.22 4.56 73 1.79 0
03:41 744.22 4.5 73 2.24 0
03:42 744.22 4.5 73 1.79 0
03:43 744.22 4.44 73 1.79 0
03:44 744.22 4.44 73 2.24 0
03:45 744.22 4.5 73 2.68 0
03:46 744.22 4.5 74 1.79 0
03:47 744.22 4.44 74 1.79 0
03:48 744.22 4.44 74 2.24 0
03:49 744.22 4.44 74 2.24 0
03:50 744.22 4.44 74 1.79 0
03:51 743.97 4.39 74 1.79 0
03:52 744.22 4.39 74 1.34 0
03:53 744.22 4.39 74 2.24 0
03:54 744.22 4.33 74 2.24 0
03:55 744.22 4.33 74 2.68 0
03:56 744.22 4.33 74 2.24 0
03:57 744.22 4.33 74 1.34 0
03:58 744.22 4.28 74 1.79 0
03:59 744.22 4.28 74 2.24 0
04:00 744.22 4.22 74 2.24 0
04:01 744.22 4.17 74 1.79 0
04:02 744.22 4.17 74 1.79 0
04:03 743.97 4.17 74 2.24 0
04:04 743.97 4.11 74 1.79 0
04:05 744.22 4.11 74 2.24 0
04:06 744.22 4.11 75 2.24 0
04:07 743.97 4.11 75 1.79 0
04:08 744.22 4.11 75 2.24 0
04:09 743.97 4.11 75 1.79 0
04:10 743.97 4.11 75 2.24 0
04:11 743.97 4.11 75 2.24 0
04:12 743.97 4.11 75 2.24 0
04:13 743.97 4.06 75 1.79 0
04:14 743.97 4.06 75 2.24 0
04:15 744.22 4.06 75 2.24 0
04:16 743.97 4.06 75 2.24 0
04:17 743.97 4.06 75 2.24 0
04:18 743.97 4 75 1.34 0
04:19 743.97 4 75 1.79 0
04:20 743.97 3.94 75 2.24 0
04:21 743.97 3.89 75 1.79 0
04:22 743.97 3.89 75 2.24 0
04:23 743.97 3.89 75 1.79 0
04:24 743.97 3.83 76 1.79 0
04:25 743.97 3.83 76 1.79 0
04:26 743.97 3.78 76 2.24 0
04:27 743.97 3.78 76 1.79 0
04:28 743.97 3.78 76 2.24 0
04:29 743.97 3.78 76 1.79 0
04:30 743.97 3.78 76 2.24 0
04:31 743.97 3.78 76 2.24 0
04:32 743.97 3.78 76 2.24 0
04:33 743.97 3.83 76 1.79 0
04:34 743.97 3.83 76 2.24 0
04:35 743.97 3.89 76 1.34 0
04:36 743.97 3.89 76 2.24 0
04:37 743.97 3.94 76 1.34 0
04:38 743.97 3.94 76 1.79 0
04:39 743.97 3.94 76 2.68 0
04:40 743.97 4 76 .89 0
04:41 743.97 4 76 2.24 0
04:42 743.97 4.06 75 1.79 0
04:43 743.97 4.11 75 2.24 0
04:44 743.97 4.11 75 2.24 0
04:45 743.97 4.17 75 1.79 0
04:46 743.97 4.11 75 1.34 0
04:47 743.97 4.17 75 1.34 0
04:48 743.97 4.17 75 1.79 0
04:49 743.97 4.11 75 1.79 0
04:50 743.97 4.11 75 1.34 0
04:51 743.97 4.06 75 1.34 0
04:52 743.97 4.06 75 2.24 0
04:53 743.97 4.06 75 2.24 0
04:54 743.97 4 75 1.79 0
04:55 743.97 4.06 75 1.79 0
04:56 743.97 4 75 2.24 0
04:57 743.97 4 75 2.68 0
04:58 743.97 4 75 1.79 0
04:59 743.97 4 75 1.79 0
05:00 743.97 3.94 75 2.24 0
05:01 743.97 3.89 76 2.24 0
05:02 743.97 3.89 76 2.24 0
05:03 743.97 3.89 76 2.24 0
05:04 743.97 3.89 76 2.24 0
05:05 743.97 3.89 76 2.24 0
05:06 743.97 3.83 76 2.24 0
05:07 743.97 3.78 76 2.24 0
05:08 743.97 3.72 76 1.79 0
05:09 743.97 3.72 76 2.24 0
05:10 743.97 3.72 76 2.24 0
05:11 743.97 3.67 76 2.24 0
05:12 743.97 3.67 77 1.79 0
05:13 743.97 3.67 77 2.24 0
05:14 743.97 3.67 77 2.24 0
05:15 743.97 3.67 77 1.79 0
05:16 743.97 3.67 77 2.24 0
05:17 743.97 3.67 77 1.79 0
05:18 743.97 3.67 77 1.79 0
05:19 743.97 3.67 77 1.79 0
05:20 743.97 3.67 77 2.24 0
05:21 743.97 3.67 77 1.34 0
05:22 743.97 3.67 77 1.79 0
05:23 743.97 3.67 77 2.24 0
05:24 743.97 3.67 77 1.79 0
05:25 743.97 3.67 77 1.34 0
05:26 743.97 3.67 77 1.79 0
05:27 743.97 3.67 77 1.79 0
05:28 743.97 3.67 77 1.34 0
05:29 743.97 3.67 77 1.79 0
05:30 743.97 3.72 77 1.34 0
05:31 743.97 3.67 77 1.34 0
05:32 743.97 3.67 77 1.34 0
05:33 743.97 3.67 77 2.24 0
05:34 743.97 3.67 77 1.79 0
05:35 743.97 3.67 77 1.79 0
05:36 743.97 3.67 77 1.79 0
05:37 743.97 3.72 77 1.34 0
05:38 743.97 3.72 77 1.34 0
05:39 743.97 3.67 77 1.34 0
05:40 743.97 3.72 77 1.79 0
05:41 743.97 3.72 77 .89 0
05:42 743.97 3.78 77 .89 0
05:43 743.97 3.78 77 .89 0
05:44 743.97 3.83 77 .89 0
05:45 743.97 3.89 77 .89 0
05:46 743.97 4 77 .45 0
05:47 743.97 4 77 .45 0
05:48 743.97 4.06 77 .89 0
05:49 743.97 4.11 76 .89 0
05:50 743.97 4.17 76 .89 0
05:51 743.97 4.22 76 .89 0
05:52 743.97 4.22 76 1.34 0
05:53 743.97 4.28 76 1.34 0
05:54 743.97 4.22 76 1.34 0
05:55 743.97 4.28 75 1.34 0
05:56 743.97 4.22 75 1.79 0
05:57 743.97 4.22 76 .89 0
05:58 743.97 4.17 76 2.24 0
05:59 744.22 4.17 76 1.34 0
06:00 743.97 4.17 76 1.34 0
06:01 743.97 4.11 76 1.34 0
06:02 744.22 4.17 76 1.34 0
06:03 744.22 4.11 76 2.24 0
06:04 744.22 4.17 76 1.34 0
06:05 743.97 4.17 76 1.79 0
06:06 743.97 4.17 76 1.34 0
06:07 744.22 4.17 76 1.79 0
06:08 744.22 4.17 76 1.34 0
06:09 743.97 4.17 76 1.79 0
06:10 744.22 4.17 76 2.24 0
06:11 743.97 4.22 76 2.24 0
06:12 743.97 4.22 76 1.34 0
06:13 743.97 4.22 76 2.24 0
06:14 743.97 4.22 76 1.79 0
06:15 743.97 4.28 76 1.79 0
06:16 743.97 4.28 76 1.34 0
06:17 744.22 4.28 76 1.79 0
06:18 743.97 4.28 76 1.34 0
06:19 743.97 4.33 76 1.34 0
06:20 743.97 4.33 76 1.34 0
06:21 743.97 4.33 76 2.24 0
06:22 743.97 4.33 76 1.34 0
06:23 743.97 4.33 76 1.34 0
06:24 743.97 4.39 76 1.79 0
06:25 743.97 4.44 76 1.34 0
06:26 744.22 4.44 76 1.34 0
06:27 744.22 4.5 76 1.79 0
06:28 743.97 4.5 76 1.79 0
06:29 744.22 4.56 76 1.79 0
06:30 743.97 4.61 76 1.34 0
06:31 744.22 4.72 76 1.79 0
06:32 743.97 4.78 76 1.79 0
06:33 744.22 4.83 75 1.79 0
06:34 743.97 4.83 75 1.79 0
06:35 743.97 4.94 75 1.34 0
06:36 743.97 5.06 75 .89 0
06:37 744.22 5.11 74 1.34 0
06:38 743.97 5.17 74 .89 0
06:39 744.22 5.22 74 1.34 0
06:40 744.22 5.28 74 1.34 0
06:41 744.22 5.33 74 .89 0
06:42 744.22 5.39 74 1.79 0
06:43 744.22 5.5 74 1.34 0
06:44 744.22 5.56 73 1.34 0
06:45 744.22 5.67 73 1.34 0
06:46 744.22 5.72 73 1.34 0
06:47 744.22 5.78 72 .45 0
06:48 744.22 5.83 72 2.24 0
06:49 744.22 5.89 72 1.34 0
06:50 744.22 5.94 72 2.24 0
06:51 744.22 6.06 72 .89 0
06:52 744.22 6.11 72 1.34 0
06:53 744.22 6.22 71 2.24 0
06:54 744.22 6.28 71 2.24 0
06:55 744.22 6.39 71 2.68 0
06:56 744.22 6.44 71 .89 0
06:57 744.22 6.56 70 1.34 0
06:58 744.22 6.67 70 2.68 0
06:59 744.22 6.72 70 1.79 0
07:00 744.22 6.78 69 3.13 0
07:01 744.22 6.83 69 1.79 0
07:02 744.22 6.89 69 2.68 0
07:03 744.22 7 69 2.24 0
07:04 744.22 7.06 68 1.79 0
07:05 744.22 7.11 68 1.34 0
07:06 744.22 7.17 68 4.02 0
07:07 744.22 7.17 68 3.58 0
07:08 744.22 7.17 68 4.02 0
07:09 744.22 7.22 68 2.68 0
07:10 744.22 7.28 68 1.79 0
07:11 744.22 7.28 68 2.68 0
07:12 744.22 7.33 67 2.24 0
07:13 744.22 7.39 67 2.68 0
07:14 744.22 7.39 67 2.68 0
07:15 744.22 7.44 67 2.24 0
07:16 744.22 7.5 67 2.68 0
07:17 744.22 7.56 67 3.13 0
07:18 744.22 7.61 67 1.79 0
07:19 744.22 7.67 67 1.79 0
07:20 744.22 7.72 66 1.79 0
07:21 744.22 7.83 66 .89 0
07:22 744.22 7.83 66 1.79 0
07:23 744.22 7.89 66 1.34 0
07:24 744.22 7.94 66 2.24 0
07:25 744.47 8 66 1.79 0
07:26 744.22 8.06 66 .45 0
07:27 744.22 8.11 66 2.24 0
07:28 744.22 8.17 65 .89 0
07:29 744.47 8.22 65 .89 0
07:30 744.47 8.28 65 2.24 0
07:31 744.47 8.33 65 1.79 0
07:32 744.22 8.33 65 .89 0
07:33 744.22 8.39 65 1.34 0
07:34 744.22 8.44 65 1.79 0
07:35 744.22 8.44 65 1.34 0
07:36 744.22 8.56 65 1.34 0
07:37 744.22 8.61 65 1.79 0
07:38 744.22 8.72 64 1.34 0
07:39 744.22 8.72 64 1.79 0
07:40 744.22 8.78 63 1.79 0
07:41 744.22 8.83 63 .89 0
07:42 744.22 8.89 63 1.34 0
07:43 744.22 8.94 63 2.24 0
07:44 744.22 8.94 63 1.34 0
07:45 744.22 9.06 63 1.79 0
07:46 744.22 9.11 63 .45 0
07:47 744.22 9.17 63 1.34 0
07:48 744.22 9.22 63 1.34 0
07:49 744.22 9.33 62 .45 0
07:50 744.22 9.33 62 .45 0
07:51 744.22 9.44 62 1.79 0
07:52 744.22 9.44 62 1.79 0
07:53 744.22 9.44 61 .45 0
07:54 744.22 9.5 62 1.79 0
07:55 744.22 9.44 61 1.79 0
07:56 744.22 9.5 61 2.24 0
07:57 744.22 9.5 61 1.79 0
07:58 744.22 9.5 61 1.34 0
07:59 744.22 9.56 61 2.24 0
08:00 744.22 9.61 61 1.79 0
08:01 744.22 9.61 61 1.34 0
08:02 744.22 9.67 61 2.24 0
08:03 744.22 9.72 61 1.34 0
08:04 744.22 9.78 61 1.79 0
08:05 744.22 9.78 60 3.13 0
08:06 744.47 9.83 60 2.24 0
08:07 744.22 9.83 60 2.24 0
08:08 744.47 9.83 60 1.79 0
08:09 744.22 9.89 59 1.79 0
08:10 744.22 9.89 59 .89 0
08:11 744.22 10 59 .89 0
08:12 744.47 10.06 59 2.24 0
08:13 744.47 10.17 59 1.34 0
08:14 744.47 10.22 59 1.34 0
08:15 744.47 10.28 59 2.24 0
08:16 744.47 10.33 58 1.34 0
08:17 744.47 10.44 58 .89 0
08:18 744.47 10.56 58 2.24 0
08:19 744.47 10.61 57 .89 0
08:20 744.22 10.72 57 3.13 0
08:21 744.47 10.78 57 2.24 0
08:22 744.47 10.78 56 1.79 0
08:23 744.47 10.83 56 1.34 0
08:24 744.47 10.89 56 2.68 0
08:25 744.47 10.83 56 2.68 0
08:26 744.47 10.83 55 .89 0
08:27 744.47 10.83 56 3.13 0
08:28 744.47 10.78 56 1.79 0
08:29 744.47 10.83 56 3.13 0
08:30 744.47 10.78 56 2.68 0
08:31 744.47 10.78 56 .89 0
08:32 744.47 10.78 56 3.13 0
08:33 744.47 10.78 56 2.24 0
08:34 744.47 10.78 56 1.79 0
08:35 744.47 10.78 56 4.02 0
08:36 744.47 10.78 56 2.68 0
08:37 744.47 10.78 56 2.24 0
08:38 744.47 10.83 56 .45 0
08:39 744.47 10.89 56 1.34 0
08:40 744.47 11 56 1.79 0
08:41 744.47 11.06 56 2.24 0
08:42 744.47 11.11 56 1.79 0
08:43 744.47 11.17 54 4.92 0
08:44 744.47 11.11 54 3.58 0
08:45 744.47 11.11 55 4.02 0
08:46 744.47 11.17 55 4.47 0
08:47 744.47 11.22 54 4.02 0
08:48 744.47 11.22 54 2.24 0
08:49 744.47 11.22 54 3.58 0
08:50 744.47 11.28 54 2.68 0
08:51 744.47 11.33 54 .89 0
08:52 744.47 11.39 54 2.24 0
08:53 744.47 11.39 54 2.68 0
08:54 744.47 11.44 54 1.79 0
08:55 744.47 11.44 54 1.79 0
08:56 744.47 11.5 54 1.34 0
08:57 744.47 11.56 54 1.79 0
08:58 744.47 11.67 54 1.79 0
08:59 744.47 11.78 54 .89 0
09:00 744.47 11.89 54 3.58 0
09:01 744.47 11.94 53 3.13 0
09:02 744.47 12 53 1.79 0
09:03 744.47 12 53 3.13 0
09:04 744.47 11.94 53 3.58 0
09:05 744.47 11.89 53 2.68 0
09:06 744.47 11.94 53 .45 0
09:07 744.47 12 53 1.79 0
09:08 744.47 12.06 53 .89 0
09:09 744.47 12.11 53 1.79 0
09:10 744.47 12.11 53 2.24 0
09:11 744.47 12 52 3.13 0
09:12 744.47 11.89 52 2.68 0
09:13 744.47 11.89 53 2.24 0
09:14 744.47 11.89 53 4.47 0
09:15 744.47 11.89 53 2.24 0
09:16 744.47 11.89 53 4.02 0
09:17 744.47 11.89 52 2.24 0
09:18 744.47 11.89 52 3.13 0
09:19 744.47 11.83 53 5.36 0
09:20 744.47 11.83 53 4.02 0
09:21 744.47 11.83 53 3.13 0
09:22 744.47 11.89 53 1.79 0
09:23 744.47 11.94 52 4.47 0
09:24 744.47 11.94 52 3.58 0
09:25 744.47 11.94 52 3.13 0
09:26 744.47 11.94 52 4.02 0
09:27 744.47 11.94 52 3.13 0
09:28 744.47 12 53 4.47 0
09:29 744.47 12 52 1.79 0
09:30 744.47 12 52 2.68 0
09:31 744.47 12 52 1.34 0
09:32 744.47 12.11 53 3.13 0
09:33 744.47 12.22 52 1.79 0
09:34 744.47 12.28 52 4.92 0
09:35 744.47 12.33 52 1.79 0
09:36 744.47 12.44 51 3.13 0
09:37 744.47 12.44 51 3.58 0
09:38 744.47 12.39 51 1.79 0
09:39 744.22 12.39 51 1.79 0
09:40 744.47 12.44 51 1.34 0
09:41 744.47 12.5 51 1.34 0
09:42 744.22 12.56 51 2.24 0
09:43 744.22 12.61 51 2.24 0
09:44 744.22 12.67 51 4.47 0
09:45 744.47 12.67 50 4.47 0
09:46 744.22 12.72 50 .45 0
09:47 744.22 12.78 50 2.68 0
09:48 744.47 12.83 50 1.79 0
09:49 744.22 12.83 50 3.58 0
09:50 744.22 12.78 50 5.36 0
09:51 744.22 12.67 50 4.92 0
09:52 744.22 12.56 50 4.92 0
09:53 744.22 12.39 51 2.68 0
09:54 744.22 12.33 51 3.58 0
09:55 744.22 12.28 51 1.79 0
09:56 744.22 12.28 51 .89 0
09:57 744.22 12.28 51 4.92 0
09:58 744.22 12.22 51 4.02 0
09:59 744.22 12.11 51 2.24 0
10:00 744.22 12.17 51 3.58 0
10:01 744.22 12.22 51 2.68 0
10:02 744.22 12.28 51 4.47 0
10:03 744.22 12.17 50 1.34 0
10:04 744.22 12.17 50 3.13 0
10:05 744.22 12.11 51 2.68 0
10:06 744.22 12.11 51 1.34 0
10:07 744.22 12.11 51 2.24 0
10:08 744.22 12.17 51 2.24 0
10:09 744.22 12.17 51 2.24 0
10:10 744.22 12.22 51 2.68 0
10:11 744.22 12.17 51 2.24 0
10:12 744.22 12.17 51 4.02 0
10:13 744.22 12.17 51 3.58 0
10:14 744.22 12.17 51 2.68 0
10:15 744.22 12.11 51 4.47 0
10:16 744.47 12.11 51 2.24 0
10:17 744.22 12.11 51 2.68 0
10:18 744.22 12.06 52 3.13 0
10:19 744.22 12.06 51 2.68 0
10:20 744.22 12.06 52 2.68 0
10:21 744.22 12 52 3.13 0
10:22 744.22 11.94 52 3.13 0
10:23 744.22 11.94 52 4.92 0
10:24 744.22 11.94 52 3.58 0
10:25 744.22 11.89 52 4.02 0
10:26 744.47 11.78 52 2.68 0
10:27 744.22 11.78 53 2.24 0
10:28 744.47 11.78 53 1.79 0
10:29 744.22 11.83 53 3.58 0
10:30 744.22 11.83 53 2.68 0
10:31 744.22 11.83 54 2.24 0
10:32 744.22 11.83 54 1.34 0
10:33 744.22 11.83 54 1.79 0
10:34 744.22 11.83 54 1.79 0
10:35 744.22 11.83 53 3.58 0
10:36 744.22 11.78 54 1.34 0
10:37 744.22 11.78 54 1.34 0
10:38 744.47 11.78 54 2.68 0
10:39 744.47 11.78 54 3.58 0
10:40 744.47 11.78 54 2.68 0
10:41 744.47 11.83 54 3.58 0
10:42 744.22 11.89 53 1.79 0
10:43 744.22 11.89 54 2.68 0
10:44 744.22 12 54 1.79 0
10:45 744.22 11.94 53 4.92 0
10:46 744.22 12 52 4.02 0
10:47 744.22 12.06 52 1.79 0
10:48 744.22 12.06 52 4.47 0
10:49 744.22 12 51 1.34 0
10:50 744.22 12 51 .89 0
10:51 744.22 12 52 3.58 0
10:52 744.22 12.06 52 2.68 0
10:53 744.22 12.06 52 1.34 0
10:54 744.22 12.06 52 2.24 0
10:55 744.22 12.11 52 2.68 0
10:56 744.22 12.17 52 3.58 0
10:57 744.22 12.22 51 3.58 0
10:58 744.22 12.28 51 2.68 0
10:59 744.22 12.28 51 4.47 0
11:00 744.22 12.33 50 3.58 0
11:01 744.22 12.33 50 1.79 0
11:02 744.22 12.28 50 2.24 0
11:03 744.22 12.28 50 4.02 0
11:04 744.22 12.28 50 4.02 0
11:05 744.22 12.22 50 2.24 0
11:06 744.22 12.22 50 2.24 0
11:07 744.22 12.28 50 5.81 0
11:08 744.22 12.22 50 3.13 0
11:09 744.22 12.22 50 1.79 0
11:10 744.22 12.22 50 2.68 0
11:11 744.22 12.22 51 2.24 0
11:12 744.22 12.28 51 3.58 0
11:13 744.47 12.28 51 3.13 0
11:14 744.22 12.28 51 4.92 0
11:15 744.47 12.28 51 4.92 0
11:16 744.47 12.28 51 3.58 0
11:17 744.47 12.28 51 3.58 0
11:18 744.22 12.28 51 2.24 0
11:19 744.47 12.22 50 2.68 0
11:20 744.22 12.22 50 2.24 0
11:21 744.22 12.17 50 2.24 0
11:22 744.47 12.22 50 3.13 0
11:23 744.47 12.22 50 4.47 0
11:24 744.47 12.22 50 2.24 0
11:25 744.22 12.28 50 4.02 0
11:26 744.47 12.22 50 4.02 0
11:27 744.22 12.22 50 1.34 0
11:28 744.47 12.17 51 4.02 0
11:29 744.47 12.11 50 2.24 0
11:30 744.22 12.11 50 3.13 0
11:31 744.47 12.11 51 3.13 0
11:32 744.22 12.11 50 1.79 0
11:33 744.22 12.11 51 3.13 0
11:34 744.22 12.11 51 2.24 0
11:35 744.22 12.11 51 1.34 0
11:36 744.22 12.11 51 2.24 0
11:37 744.22 12.22 51 3.13 0
11:38 744.22 12.28 51 4.02 0
11:39 744.22 12.39 51 2.24 0
11:40 744.22 12.44 51 .89 0
11:41 744.22 12.61 51 3.13 0
11:42 744.22 12.61 50 2.24 0
11:43 744.22 12.67 49 1.79 0
11:44 744.22 12.61 48 1.34 0
11:45 744.22 12.61 49 1.34 0
11:46 744.22 12.67 49 .45 0
11:47 744.22 12.78 50 2.68 0
11:48 744.22 13 49 3.13 0
11:49 744.22 13.06 48 2.24 0
11:50 744.22 13.17 48 3.13 0
11:51 744.22 13.22 47 2.68 0
11:52 744.22 13.22 46 0 0
11:53 744.22 13.28 46 3.13 0
11:54 744.22 13.39 47 .89 0
11:55 744.22 13.5 47 5.36 0
11:56 744.22 13.5 46 1.79 0
11:57 744.22 13.5 46 4.47 0
11:58 744.22 13.5 46 3.13 0
11:59 744.22 13.5 45 4.02 0
12:00 744.22 13.44 45 1.79 0
12:01 744.22 13.39 46 .45 0
12:02 744.22 13.33 46 2.24 0
12:03 744.22 13.39 46 3.13 0
12:04 744.22 13.39 45 2.68 0
12:05 743.97 13.44 45 1.34 0
12:06 744.22 13.44 45 4.92 0
12:07 744.22 13.39 45 6.71 0
12:08 744.22 13.33 45 6.26 0
12:09 744.22 13.28 45 4.02 0
12:10 744.22 13.22 45 5.36 0
12:11 744.22 13.11 45 4.02 0
12:12 744.22 13.06 45 3.13 0
12:13 744.22 13.06 45 4.92 0
12:14 744.22 13 45 4.92 0
12:15 744.22 12.94 45 4.02 0
12:16 744.22 12.89 45 4.47 0
12:17 744.22 12.89 45 2.68 0
12:18 744.22 12.89 46 4.47 0
12:19 744.22 12.89 46 4.92 0
12:20 744.22 12.83 45 1.34 0
12:21 744.22 12.83 46 .45 0
12:22 744.22 12.89 46 .45 0
12:23 744.22 12.94 46 1.79 0
12:24 744.22 12.94 46 2.68 0
12:25 744.22 13.06 45 2.68 0
12:26 744.22 13.06 45 2.24 0
12:27 744.22 13.06 45 2.24 0
12:28 744.22 13.06 45 3.13 0
12:29 744.22 13.06 45 1.34 0
12:30 744.22 13.06 45 2.24 0
12:31 744.22 13.17 45 2.24 0
12:32 744.22 13.17 45 1.34 0
12:33 744.22 13.28 45 1.79 0
12:34 744.22 13.33 44 2.24 0
12:35 744.22 13.39 44 3.13 0
12:36 744.22 13.39 43 1.79 0
12:37 744.22 13.39 43 1.79 0
12:38 744.22 13.44 45 1.79 0
12:39 744.22 13.5 43 1.34 0
12:40 744.22 13.56 43 .89 0
12:41 744.22 13.61 43 3.13 0
12:42 744.22 13.67 43 2.24 0
12:43 744.22 13.72 43 4.02 0
12:44 744.22 13.72 43 5.36 0
12:45 744.22 13.67 43 6.71 0
12:46 744.22 13.56 42 5.81 0
12:47 744.22 13.44 42 6.26 0
12:48 744.22 13.39 42 5.81 0
12:49 744.22 13.33 42 5.36 0
12:50 744.22 13.28 43 4.92 0
12:51 744.22 13.22 43 4.92 0
12:52 744.22 13.17 43 3.58 0
12:53 744.22 13.11 43 4.47 0
12:54 744.22 13.06 44 3.58 0
12:55 744.22 13.06 45 3.58 0
12:56 744.22 13 44 4.47 0
12:57 744.22 13.06 44 1.34 0
12:58 744.22 13.11 44 1.79 0
12:59 744.22 13.17 45 3.58 0
13:00 744.22 13.28 43 2.68 0
13:01 744.22 13.33 43 2.68 0
13:02 744.22 13.39 43 1.34 0
13:03 744.22 13.44 43 2.24 0
13:04 743.97 13.56 43 3.13 0
13:05 744.22 13.83 43 2.68 0
13:06 743.97 14 42 3.58 0
13:07 744.22 14.11 41 1.34 0
13:08 744.22 14.17 41 .45 0
13:09 743.97 14.22 41 .89 0
13:10 744.22 14.28 41 0 0
13:11 743.97 14.33 41 2.24 0
13:12 744.22 14.33 40 3.13 0
13:13 744.22 14.22 40 2.24 0
13:14 744.22 14.11 41 2.24 0
13:15 744.22 14 41 2.24 0
13:16 744.22 13.89 43 6.71 0
13:17 744.22 13.72 43 5.81 0
13:18 744.22 13.56 44 6.26 0
13:19 744.22 13.5 44 5.36 0
13:20 743.97 13.44 44 4.47 0
13:21 744.22 13.33 44 4.47 0
13:22 744.22 13.33 44 2.68 0
13:23 744.22 13.33 45 2.24 0
13:24 744.22 13.33 45 2.68 0
13:25 744.22 13.33 45 3.13 0
13:26 744.22 13.33 44 3.58 0
13:27 744.22 13.33 45 2.68 0
13:28 744.22 13.28 45 2.24 0
13:29 744.22 13.33 45 1.79 0
13:30 744.22 13.39 44 3.58 0
13:31 744.22 13.39 43 3.13 0
13:32 744.22 13.39 43 4.92 0
13:33 744.22 13.33 44 4.47 0
13:34 744.22 13.33 44 4.02 0
13:35 744.22 13.33 43 2.24 0
13:36 744.22 13.39 44 .89 0
13:37 744.22 13.5 43 3.13 0
13:38 744.22 13.5 43 .89 0
13:39 743.97 13.61 43 2.68 0
13:40 743.97 13.61 42 .45 0
13:41 744.22 13.61 42 4.02 0
13:42 744.22 13.67 42 5.81 0
13:43 744.22 13.67 42 4.47 0
13:44 744.22 13.61 42 4.02 0
13:45 744.22 13.61 43 4.92 0
13:46 744.22 13.56 43 4.47 0
13:47 744.22 13.56 43 1.79 0
13:48 744.22 13.56 43 3.13 0
13:49 744.22 13.56 43 3.13 0
13:50 744.22 13.56 44 1.79 0
13:51 744.22 13.56 44 3.58 0
13:52 744.22 13.56 44 4.92 0
13:53 744.22 13.56 44 3.58 0
13:54 744.22 13.56 45 5.36 0
13:55 744.22 13.61 44 4.47 0
13:56 744.22 13.56 43 4.92 0
13:57 744.22 13.56 43 2.24 0
13:58 744.22 13.61 44 3.58 0
13:59 744.22 13.67 44 1.79 0
14:00 744.22 13.67 43 .45 0
14:01 744.22 13.72 43 2.24 0
14:02 744.22 13.72 43 3.58 0
14:03 744.22 13.72 43 4.02 0
14:04 744.22 13.78 43 2.24 0
14:05 744.22 13.89 44 1.34 0
14:06 744.22 13.94 42 2.68 0
14:07 744.22 14 41 1.79 0
14:08 744.22 14 42 3.13 0
14:09 744.22 14 41 2.68 0
14:10 744.22 14 41 4.47 0
14:11 744.22 13.94 41 3.58 0
14:12 744.22 13.94 41 2.24 0
14:13 744.22 14 41 3.13 0
14:14 743.97 14 41 2.24 0
14:15 743.97 14.11 41 3.13 0
14:16 744.22 14.11 40 4.47 0
14:17 744.22 14.11 40 4.92 0
14:18 744.22 14.06 40 2.24 0
14:19 744.22 14.06 39 .89 0
14:20 744.22 13.94 40 .89 0
14:21 744.22 13.94 40 3.13 0
14:22 743.97 13.94 41 .89 0
14:23 743.97 14 40 3.58 0
14:24 744.22 14 41 1.79 0
14:25 744.22 14 40 4.47 0
14:26 743.97 13.94 40 3.58 0
14:27 743.97 13.94 40 4.47 0
14:28 743.97 13.94 40 3.58 0
14:29 743.97 13.94 39 2.68 0
14:30 744.22 14 39 4.92 0
14:31 743.97 13.94 39 1.34 0
14:32 743.97 13.94 39 2.68 0
14:33 743.97 13.94 39 1.79 0
14:34 743.97 13.94 39 2.68 0
14:35 743.97 13.94 39 3.58 0
14:36 743.97 14 39 2.68 0
14:37 743.97 14.06 39 2.68 0
14:38 743.97 14.11 39 1.34 0
14:39 743.97 14.22 39 1.79 0
14:40 743.97 14.33 39 5.81 0
14:41 743.97 14.33 38 3.58 0
14:42 743.97 14.33 38 3.13 0
14:43 743.97 14.33 38 3.58 0
14:44 743.97 14.33 38 2.68 0
14:45 743.97 14.39 38 1.34 0
14:46 743.97 14.39 39 2.68 0
14:47 743.97 14.5 38 1.34 0
14:48 743.97 14.61 38 3.13 0
14:49 743.97 14.61 38 2.68 0
14:50 743.97 14.67 38 5.36 0
14:51 743.97 14.67 38 3.58 0
14:52 743.97 14.61 38 3.58 0
14:53 743.97 14.5 39 3.58 0
14:54 743.97 14.39 39 3.58 0
14:55 743.97 14.33 39 2.24 0
14:56 743.97 14.28 39 3.58 0
14:57 743.97 14.17 39 4.92 0
14:58 743.97 14.11 40 3.58 0
14:59 743.97 14.06 39 2.68 0
15:00 743.97 14.06 40 2.24 0
15:01 743.97 14.11 40 2.24 0
15:02 743.97 14.11 39 1.79 0
15:03 743.97 14.22 40 2.24 0
15:04 743.97 14.22 40 1.79 0
15:05 743.97 14.33 40 1.79 0
15:06 743.97 14.44 39 1.79 0
15:07 743.97 14.5 39 4.47 0
15:08 743.97 14.5 38 3.58 0
15:09 743.97 14.56 38 1.34 0
15:10 743.97 14.61 38 3.58 0
15:11 743.97 14.72 38 4.02 0
15:12 743.97 14.67 37 1.79 0
15:13 743.97 14.67 37 1.34 0
15:14 743.97 14.67 38 2.24 0
15:15 743.97 14.72 38 2.24 0
15:16 743.97 14.72 38 2.68 0
15:17 743.97 14.72 38 4.92 0
15:18 743.97 14.72 38 2.68 0
15:19 743.97 14.67 38 2.24 0
15:20 743.97 14.61 38 2.68 0
15:21 743.97 14.56 39 4.02 0
15:22 743.97 14.44 39 3.58 0
15:23 743.97 14.39 40 2.68 0
15:24 743.97 14.39 40 4.02 0
15:25 743.97 14.33 40 3.58 0
15:26 743.97 14.33 40 3.58 0
15:27 743.97 14.39 40 2.24 0
15:28 743.97 14.33 39 2.68 0
15:29 743.97 14.39 39 3.58 0
15:30 743.97 14.39 40 2.68 0
15:31 743.97 14.44 39 2.24 0
15:32 743.97 14.44 39 3.13 0
15:33 743.71 14.56 38 5.36 0
15:34 743.71 14.56 37 4.02 0
15:35 743.71 14.56 36 1.79 0
15:36 743.71 14.56 36 .89 0
15:37 743.71 14.61 36 1.79 0
15:38 743.71 14.72 37 1.34 0
15:39 743.71 14.78 38 5.36 0
15:40 743.71 14.78 37 5.81 0
15:41 743.71 14.67 37 5.36 0
15:42 743.71 14.61 38 5.81 0
15:43 743.71 14.67 38 4.02 0
15:44 743.71 14.67 38 5.36 0
15:45 743.71 14.67 38 4.92 0
15:46 743.71 14.78 38 4.92 0
15:47 743.71 14.72 38 5.81 0
15:48 743.71 14.72 38 3.58 0
15:49 743.71 14.72 38 4.47 0
15:50 743.71 14.83 38 4.47 0
15:51 743.71 14.83 38 6.26 0
15:52 743.71 14.83 38 3.58 0
15:53 743.71 14.83 38 1.79 0
15:54 743.71 14.83 38 2.68 0
15:55 743.71 14.89 38 4.02 0
15:56 743.71 14.83 38 3.58 0
15:57 743.71 14.83 37 2.24 0
15:58 743.71 14.83 38 3.58 0
15:59 743.71 14.83 38 2.68 0
16:00 743.71 14.89 38 4.92 0
16:01 743.71 14.89 38 1.79 0
16:02 743.71 14.89 38 1.34 0
16:03 743.71 14.89 38 4.47 0
16:04 743.71 14.83 38 1.79 0
16:05 743.71 14.94 38 4.02 0
16:06 743.71 15 38 1.79 0
16:07 743.71 15.06 38 3.58 0
16:08 743.71 15.17 38 1.34 0
16:09 743.71 15.22 38 .89 0
16:10 743.71 15.33 38 1.34 0
16:11 743.71 15.5 38 3.13 0
16:12 743.71 15.56 38 5.81 0
16:13 743.71 15.56 37 5.81 0
16:14 743.71 15.5 37 5.36 0
16:15 743.71 15.33 38 4.47 0
16:16 743.71 15.28 38 4.47 0
16:17 743.71 15.22 37 3.13 0
16:18 743.71 15.11 38 4.02 0
16:19 743.71 15.06 38 3.58 0
16:20 743.71 15 38 5.36 0
16:21 743.71 14.94 38 1.79 0
16:22 743.71 14.89 39 4.47 0
16:23 743.71 14.83 39 5.81 0
16:24 743.71 14.72 39 5.36 0
16:25 743.71 14.61 39 4.47 0
16:26 743.97 14.5 39 4.02 0
16:27 743.97 14.44 39 2.24 0
16:28 743.71 14.39 39 2.68 0
16:29 743.97 14.39 40 2.24 0
16:30 743.97 14.33 40 1.79 0
16:31 743.97 14.33 40 1.79 0
16:32 743.97 14.33 40 2.24 0
16:33 743.71 14.33 40 2.68 0
16:34 743.97 14.39 40 1.79 0
16:35 743.97 14.44 40 1.79 0
16:36 743.71 14.5 40 2.24 0
16:37 743.97 14.56 39 2.24 0
16:38 743.71 14.56 39 2.68 0
16:39 743.97 14.61 39 1.34 0
16:40 743.97 14.67 39 1.34 0
16:41 743.97 14.72 39 1.79 0
16:42 743.71 14.78 39 4.02 0
16:43 743.97 14.78 38 2.24 0
16:44 743.71 14.78 37 0 0
16:45 743.71 14.83 38 1.34 0
16:46 743.71 14.89 38 1.79 0
16:47 743.71 15 38 1.79 0
16:48 743.71 15 37 1.79 0
16:49 743.71 15 37 3.13 0
16:50 743.71 15 37 2.24 0
16:51 743.71 15.06 37 1.34 0
16:52 743.71 15.11 37 .89 0
16:53 743.71 15.17 37 .89 0
16:54 743.71 15.17 37 2.24 0
16:55 743.71 15.22 37 2.24 0
16:56 743.71 15.22 37 1.34 0
16:57 743.71 15.28 37 2.24 0
16:58 743.71 15.39 37 2.24 0
16:59 743.71 15.39 37 2.24 0
17:00 743.71 15.44 37 4.47 0
17:01 743.97 15.44 36 6.26 0
17:02 743.97 15.33 36 6.26 0
17:03 743.97 15.17 35 6.26 0
17:04 743.97 15.06 36 4.47 0
17:05 743.97 15.06 36 2.24 0
17:06 743.71 15.06 36 4.47 0
17:07 743.97 15.06 36 5.36 0
17:08 743.97 15 36 5.36 0
17:09 743.97 15 37 4.92 0
17:10 743.97 14.89 37 2.24 0
17:11 743.97 14.83 37 3.58 0
17:12 743.97 14.83 37 2.68 0
17:13 743.97 14.78 37 2.24 0
17:14 743.97 14.78 37 4.02 0
17:15 743.97 14.72 37 2.24 0
17:16 743.97 14.67 37 3.13 0
17:17 743.97 14.67 37 3.58 0
17:18 743.97 14.67 37 1.79 0
17:19 743.97 14.67 38 2.24 0
17:20 743.97 14.67 38 1.79 0
17:21 743.97 14.67 38 3.13 0
17:22 743.97 14.67 38 1.79 0
17:23 743.97 14.67 38 2.24 0
17:24 743.97 14.67 38 2.24 0
17:25 743.97 14.67 39 2.24 0
17:26 743.97 14.72 39 2.68 0
17:27 743.97 14.67 39 1.79 0
17:28 743.97 14.72 39 1.79 0
17:29 743.97 14.78 38 1.79 0
17:30 743.97 14.78 38 2.24 0
17:31 743.97 14.78 39 2.24 0
17:32 743.97 14.78 38 1.79 0
17:33 743.97 14.78 38 1.34 0
17:34 743.97 14.78 39 1.79 0
17:35 743.97 14.83 39 .89 0
17:36 743.97 14.89 38 1.79 0
17:37 743.97 14.89 38 1.34 0
17:38 743.97 14.94 38 .89 0
17:39 743.97 15 39 0 0
17:40 743.97 15.11 39 .89 0
17:41 743.97 15.17 38 .45 0
17:42 743.97 15.28 38 1.34 0
17:43 743.97 15.33 38 1.79 0
17:44 743.97 15.33 38 1.34 0
17:45 743.97 15.33 38 1.79 0
17:46 743.97 15.33 38 1.34 0
17:47 743.97 15.33 38 .45 0
17:48 743.97 15.39 38 .89 0
17:49 743.97 15.44 38 1.79 0
17:50 743.97 15.5 38 .45 0
17:51 743.97 15.61 38 .89 0
17:52 743.97 15.67 38 .89 0
17:53 743.97 15.78 37 2.68 0
17:54 743.97 15.78 37 .89 0
17:55 743.97 15.83 37 1.79 0
17:56 743.97 15.83 38 2.24 0
17:57 743.97 15.83 37 1.34 0
17:58 743.97 15.83 37 4.92 0
17:59 743.97 15.72 37 4.02 0
18:00 743.97 15.56 37 4.47 0
18:01 743.97 15.39 37 2.24 0
18:02 743.97 15.28 37 4.02 0
18:03 744.22 15.17 38 4.47 0
18:04 743.97 15.06 38 3.13 0
18:05 744.22 14.94 38 .89 0
18:06 744.22 14.89 38 3.13 0
18:07 744.22 14.83 38 2.68 0
18:08 744.22 14.78 38 2.68 0
18:09 744.22 14.72 39 2.24 0
18:10 744.22 14.72 39 2.24 0
18:11 744.22 14.67 39 .45 0
18:12 744.22 14.67 39 1.79 0
18:13 744.22 14.67 39 2.68 0
18:14 744.22 14.67 39 2.24 0
18:15 744.22 14.67 39 1.79 0
18:16 744.22 14.67 39 1.79 0
18:17 744.22 14.67 39 1.34 0
18:18 744.22 14.67 39 1.34 0
18:19 744.22 14.72 39 1.79 0
18:20 744.22 14.78 39 1.79 0
18:21 744.22 14.78 39 1.79 0
18:22 744.22 14.83 39 .89 0
18:23 744.22 14.83 39 1.34 0
18:24 744.22 14.94 39 2.24 0
18:25 744.22 14.94 39 4.02 0
18:26 744.22 14.94 39 2.24 0
18:27 744.22 14.89 39 1.34 0
18:28 744.22 14.89 39 4.47 0
18:29 744.22 14.89 39 2.68 0
18:30 744.22 14.83 39 3.58 0
18:31 744.22 14.83 39 2.68 0
18:32 744.22 14.78 39 1.79 0
18:33 744.22 14.78 39 4.47 0
18:34 744.22 14.78 39 .89 0
18:35 744.22 14.78 39 4.02 0
18:36 744.22 14.78 39 1.79 0
18:37 744.22 14.78 39 2.68 0
18:38 744.22 14.78 39 2.24 0
18:39 744.22 14.78 39 2.24 0
18:40 744.22 14.78 39 1.34 0
18:41 744.22 14.78 39 2.24 0
18:42 744.22 14.78 39 1.79 0
18:43 744.22 14.78 39 1.34 0
18:44 744.22 14.78 39 2.24 0
18:45 744.22 14.78 39 1.79 0
18:46 744.22 14.78 39 1.79 0
18:47 744.22 14.78 39 1.79 0
18:48 744.22 14.78 39 2.68 0
18:49 744.22 14.78 39 1.34 0
18:50 744.22 14.78 39 2.24 0
18:51 744.22 14.78 39 .45 0
18:52 744.22 14.78 40 .89 0
18:53 744.22 14.78 39 1.34 0
18:54 744.22 14.78 39 1.34 0
18:55 744.22 14.78 39 1.34 0
18:56 744.22 14.78 39 1.34 0
18:57 744.22 14.78 39 2.24 0
18:58 744.22 14.78 39 1.34 0
18:59 744.22 14.78 39 1.79 0
19:00 744.22 14.78 39 .89 0
19:01 744.22 14.78 39 .89 0
19:02 744.22 14.78 40 .89 0
19:03 744.22 14.78 39 1.34 0
19:04 744.22 14.72 39 1.34 0
19:05 744.22 14.72 40 1.34 0
19:06 744.22 14.72 40 1.34 0
19:07 744.22 14.72 40 .45 0
19:08 744.22 14.67 40 .89 0
19:09 744.22 14.67 40 .89 0
19:10 744.22 14.67 40 .89 0
19:11 744.22 14.67 40 .89 0
19:12 744.22 14.61 40 .89 0
19:13 744.22 14.61 40 .89 0
19:14 744.22 14.61 40 .89 0
19:15 744.22 14.56 40 .89 0
19:16 744.22 14.61 40 .45 0
19:17 744.22 14.56 40 .89 0
19:18 744.22 14.61 40 .45 0
19:19 744.22 14.56 40 .45 0
19:20 744.22 14.56 40 .45 0
19:21 744.22 14.56 41 .45 0
19:22 744.22 14.56 41 0 0
19:23 744.22 14.56 41 .45 0
19:24 744.22 14.56 41 0 0
19:25 744.22 14.56 41 0 0
19:26 744.22 14.5 41 0 0
19:27 744.22 14.5 41 0 0
19:28 744.22 14.5 42 0 0
19:29 744.22 14.5 42 0 0
19:30 744.22 14.44 42 0 0
19:31 744.22 14.39 43 .45 0
19:32 744.22 14.33 43 .45 0
19:33 744.22 14.22 44 .89 0
19:34 744.22 14.11 44 .45 0
19:35 744.22 14 44 1.34 0
19:36 744.22 13.89 44 .89 0
19:37 744.22 13.78 43 0 0
19:38 744.22 13.67 45 .45 0
19:39 744.22 13.56 45 .45 0
19:40 744.22 13.5 46 .45 0
19:41 744.22 13.39 46 .45 0
19:42 744.22 13.28 46 0 0
19:43 744.22 13.11 47 0 0
19:44 744.22 13 47 0 0
19:45 744.22 12.89 47 0 0
19:46 744.22 12.83 47 0 0
19:47 744.22 12.72 47 0 0
19:48 744.22 12.61 47 0 0
19:49 744.22 12.56 47 0 0
19:50 744.22 12.5 48 0 0
19:51 744.22 12.5 48 0 0
19:52 744.22 12.44 49 0 0
19:53 744.22 12.39 49 0 0
19:54 744.47 12.33 49 0 0
19:55 744.47 12.33 48 0 0
19:56 744.22 12.28 50 0 0
19:57 744.22 12.22 50 0 0
19:58 744.47 12.17 51 0 0
19:59 744.47 12.11 52 0 0
20:00 744.47 12.06 52 0 0
20:01 744.47 11.94 52 0 0
20:02 744.47 11.89 53 0 0
20:03 744.47 11.83 53 0 0
20:04 744.47 11.78 53 0 0
20:05 744.47 11.67 53 0 0
20:06 744.47 11.61 53 0 0
20:07 744.47 11.56 52 0 0
20:08 744.47 11.56 51 0 0
20:09 744.47 11.5 53 0 0
20:10 744.47 11.44 53 0 0
20:11 744.47 11.39 53 0 0
20:12 744.47 11.33 53 0 0
20:13 744.47 11.22 54 0 0
20:14 744.47 11.17 54 0 0
20:15 744.47 11.06 54 0 0
20:16 744.47 10.89 54 0 0
20:17 744.47 10.78 54 0 0
20:18 744.47 10.67 54 0 0
20:19 744.47 10.61 55 0 0
20:20 744.47 10.5 56 0 0
20:21 744.47 10.39 56 0 0
20:22 744.47 10.33 57 0 0
20:23 744.47 10.22 57 0 0
20:24 744.47 10.17 57 0 0
20:25 744.47 10.11 58 0 0
20:26 744.47 10.06 58 0 0
20:27 744.47 10.06 58 0 0
20:28 744.47 10 59 0 0
20:29 744.47 10 59 0 0
20:30 744.47 9.94 59 0 0
20:31 744.47 9.89 59 0 0
20:32 744.47 9.83 59 0 0
20:33 744.47 9.78 59 0 0
20:34 744.47 9.78 59 0 0
20:35 744.47 9.72 59 0 0
20:36 744.47 9.67 60 0 0
20:37 744.47 9.67 60 0 0
20:38 744.47 9.61 60 0 0
20:39 744.47 9.61 60 0 0
20:40 744.47 9.56 60 0 0
20:41 744.47 9.5 59 0 0
20:42 744.47 9.44 59 0 0
20:43 744.47 9.39 59 0 0
20:44 744.47 9.33 59 0 0
20:45 744.47 9.28 59 0 0
20:46 744.73 9.22 60 0 0
20:47 744.47 9.17 60 0 0
20:48 744.73 9.11 60 0 0
20:49 744.73 9.11 59 0 0
20:50 744.73 9.06 60 0 0
20:51 744.73 9 60 0 0
20:52 744.73 9 60 0 0
20:53 744.73 8.94 61 0 0
20:54 744.73 8.89 62 0 0
20:55 744.73 8.78 62 0 0
20:56 744.73 8.67 61 0 0
20:57 744.73 8.67 61 0 0
20:58 744.73 8.61 61 0 0
20:59 744.73 8.56 61 0 0
21:00 744.73 8.56 60 0 0
21:01 744.73 8.56 60 0 0
21:02 744.73 8.56 60 0 0
21:03 744.73 8.56 60 0 0
21:04 744.73 8.56 60 0 0
21:05 744.73 8.56 60 0 0
21:06 744.73 8.56 62 0 0
21:07 744.73 8.5 62 0 0
21:08 744.73 8.44 62 0 0
21:09 744.73 8.44 62 0 0
21:10 744.73 8.39 61 0 0
21:11 744.73 8.33 61 0 0
21:12 744.73 8.28 62 0 0
21:13 744.73 8.28 62 0 0
21:14 744.73 8.28 62 0 0
21:15 744.73 8.22 62 0 0
21:16 744.73 8.22 62 0 0
21:17 744.73 8.17 62 0 0
21:18 744.73 8.17 62 0 0
21:19 744.73 8.17 62 0 0
21:20 744.73 8.17 62 0 0
21:21 744.73 8.22 62 0 0
21:22 744.73 8.22 62 0 0
21:23 744.73 8.22 62 0 0
21:24 744.73 8.28 62 0 0
21:25 744.73 8.28 62 0 0
21:26 744.73 8.28 62 0 0
21:27 744.73 8.28 62 0 0
21:28 744.73 8.28 63 0 0
21:29 744.73 8.28 63 0 0
21:30 744.73 8.22 63 0 0
21:31 744.73 8.17 63 0 0
21:32 744.73 8.17 63 0 0
21:33 744.73 8.06 63 0 0
21:34 744.73 8 63 0 0
21:35 744.73 7.94 63 0 0
21:36 744.73 7.83 63 0 0
21:37 744.73 7.78 64 0 0
21:38 744.73 7.72 64 0 0
21:39 744.73 7.72 63 0 0
21:40 744.73 7.67 63 0 0
21:41 744.73 7.56 63 0 0
21:42 744.73 7.56 63 0 0
21:43 744.73 7.5 63 0 0
21:44 744.73 7.44 63 0 0
21:45 744.73 7.44 63 0 0
21:46 744.73 7.39 63 0 0
21:47 744.73 7.39 64 0 0
21:48 744.73 7.33 64 0 0
21:49 744.73 7.39 64 0 0
21:50 744.73 7.33 64 0 0
21:51 744.73 7.33 64 0 0
21:52 744.73 7.33 64 0 0
21:53 744.73 7.28 64 0 0
21:54 744.73 7.28 64 0 0
21:55 744.73 7.28 64 0 0
21:56 744.73 7.28 64 0 0
21:57 744.73 7.22 64 0 0
21:58 744.73 7.22 64 0 0
21:59 744.73 7.22 64 0 0
22:00 744.73 7.22 64 0 0
22:01 744.73 7.22 64 0 0
22:02 744.73 7.22 65 0 0
22:03 744.73 7.17 66 0 0
22:04 744.73 7.11 66 0 0
22:05 744.73 7.06 66 0 0
22:06 744.73 7 66 0 0
22:07 744.73 7 65 0 0
22:08 744.73 7 66 0 0
22:09 744.73 7 65 0 0
22:10 744.73 7 65 0 0
22:11 744.73 7 65 0 0
22:12 744.98 7 65 0 0
22:13 744.98 7 65 0 0
22:14 744.98 7 65 0 0
22:15 744.98 7 66 0 0
22:16 744.98 7 67 0 0
22:17 744.98 6.94 67 0 0
22:18 744.98 6.94 67 0 0
22:19 744.73 6.94 67 0 0
22:20 744.98 6.94 67 0 0
22:21 744.98 6.94 67 0 0
22:22 744.98 6.94 68 0 0
22:23 744.98 6.89 69 0 0
22:24 744.98 6.89 69 0 0
22:25 744.98 6.89 69 0 0
22:26 744.98 6.83 69 0 0
22:27 744.98 6.83 69 0 0
22:28 744.73 6.83 68 0 0
22:29 744.73 6.78 68 0 0
22:30 744.98 6.72 68 0 0
22:31 744.98 6.67 68 0 0
22:32 744.98 6.67 69 0 0
22:33 744.98 6.61 69 0 0
22:34 744.73 6.61 69 0 0
22:35 744.98 6.56 69 0 0
22:36 744.98 6.56 69 0 0
22:37 744.98 6.56 69 0 0
22:38 744.98 6.56 68 0 0
22:39 744.98 6.5 68 0 0
22:40 744.98 6.44 68 0 0
22:41 744.98 6.44 68 0 0
22:42 744.98 6.33 68 0 0
22:43 744.98 6.33 68 0 0
22:44 744.98 6.28 69 0 0
22:45 744.98 6.22 68 0 0
22:46 744.98 6.22 69 0 0
22:47 744.98 6.11 70 0 0
22:48 744.98 6.06 70 0 0
22:49 744.98 6 70 0 0
22:50 744.98 5.89 70 0 0
22:51 744.98 5.78 70 0 0
22:52 744.98 5.72 70 0 0
22:53 744.98 5.72 70 0 0
22:54 744.98 5.67 70 0 0
22:55 744.98 5.61 70 0 0
22:56 744.98 5.61 70 0 0
22:57 744.98 5.61 71 0 0
22:58 744.98 5.61 71 0 0
22:59 744.98 5.56 71 0 0
23:00 744.98 5.56 71 0 0
23:01 744.98 5.56 71 0 0
23:02 744.98 5.56 71 0 0
23:03 744.98 5.56 71 0 0
23:04 744.98 5.56 71 0 0
23:05 744.98 5.56 71 0 0
23:06 744.98 5.56 71 0 0
23:07 744.98 5.56 71 0 0
23:08 744.98 5.56 71 0 0
23:09 744.98 5.56 70 0 0
23:10 744.98 5.56 70 0 0
23:11 744.98 5.56 70 0 0
23:12 744.98 5.56 70 0 0
23:13 744.98 5.56 70 0 0
23:14 744.98 5.56 69 0 0
23:15 744.98 5.56 69 0 0
23:16 744.98 5.56 69 0 0
23:17 744.98 5.61 70 0 0
23:18 744.98 5.61 70 0 0
23:19 744.98 5.61 70 0 0
23:20 744.98 5.61 70 0 0
23:21 744.98 5.61 71 0 0
23:22 744.98 5.61 71 0 0
23:23 744.98 5.56 71 0 0
23:24 744.98 5.56 71 0 0
23:25 744.98 5.56 71 0 0
23:26 744.98 5.5 71 0 0
23:27 744.98 5.56 71 0 0
23:28 744.98 5.56 71 0 0
23:29 744.98 5.56 71 0 0
23:30 744.98 5.61 71 0 0
23:31 744.98 5.61 71 0 0
23:32 744.98 5.56 71 0 0
23:33 744.98 5.61 70 0 0
23:34 744.98 5.67 70 0 0
23:35 744.98 5.67 70 0 0
23:36 744.98 5.61 70 0 0
23:37 745.24 5.56 71 0 0
23:38 745.24 5.5 71 0 0
23:39 745.24 5.5 71 0 0
23:40 744.98 5.5 71 0 0
23:41 744.98 5.5 71 0 0
23:42 744.98 5.5 71 0 0
23:43 745.24 5.5 71 0 0
23:44 745.24 5.5 71 0 0
23:45 745.24 5.5 71 0 0
23:46 745.24 5.44 71 0 0
23:47 745.24 5.33 71 0 0
23:48 745.24 5.28 70 0 0
23:49 745.24 5.17 71 0 0
23:50 745.24 5.11 71 0 0
23:51 745.24 5.06 72 0 0
23:52 745.24 5 72 0 0
23:53 745.24 5 72 0 0
23:54 745.24 4.94 72 0 0
23:55 745.24 4.94 73 0 0
23:56 745.24 4.94 73 0 0
23:57 745.24 4.94 73 0 0
23:58 745.24 4.94 72 0 0
23:59 745.24 4.94 72 0 0
