00:00 752.09 -25.5 80 1.79 0
00:01 752.09 -25.5 80 1.34 0
00:02 752.09 -25.5 80 1.79 0
00:03 752.09 -25.56 80 1.79 0
00:04 752.09 -25.5 80 .89 0
00:05 752.09 -25.56 80 1.34 0
00:06 752.09 -25.56 79 1.34 0
00:07 752.09 -25.56 79 .89 0
00:08 752.09 -25.56 79 .89 0
00:09 752.09 -25.56 79 .89 0
00:10 752.09 -25.56 79 .89 0
00:11 752.09 -25.56 79 .89 0
00:12 752.35 -25.56 79 1.34 0
00:13 752.35 -25.56 79 .89 0
00:14 752.09 -25.5 80 .45 0
00:15 752.09 -25.56 80 .89 0
00:16 752.35 -25.5 80 .45 0
00:17 752.35 -25.5 80 .45 0
00:18 752.35 -25.5 80 0 0
00:19 752.35 -25.5 80 .89 0
00:20 752.35 -25.44 80 .89 0
00:21 752.35 -25.44 79 .45 0
00:22 752.35 -25.44 79 .89 0
00:23 752.35 -25.44 79 .45 0
00:24 752.35 -25.44 79 .45 0
00:25 752.35 -25.44 80 1.34 0
00:26 752.35 -25.44 80 .45 0
00:27 752.35 -25.5 79 1.34 0
00:28 752.35 -25.5 79 .45 0
00:29 752.6 -25.5 79 1.34 0
00:30 752.35 -25.5 79 1.79 0
00:31 752.6 -25.5 79 1.34 0
00:32 752.6 -25.5 79 1.79 0
00:33 752.6 -25.5 79 1.34 0
00:34 752.6 -25.5 79 1.34 0
00:35 752.6 -25.5 79 1.34 0
00:36 752.6 -25.5 79 .89 0
00:37 752.6 -25.5 79 1.34 0
00:38 752.35 -25.5 79 1.34 0
00:39 752.6 -25.5 79 .89 0
00:40 752.6 -25.5 79 .89 0
00:41 752.6 -25.5 79 1.34 0
00:42 752.6 -25.56 79 .89 0
00:43 752.6 -25.56 79 1.34 0
00:44 752.6 -25.56 79 1.79 0
00:45 752.6 -25.56 79 1.34 0
00:46 752.35 -25.56 79 1.34 0
00:47 752.6 -25.56 79 .89 0
00:48 752.6 -25.56 79 1.34 0
00:49 752.6 -25.5 79 1.79 0
00:50 752.6 -25.56 79 .89 0
00:51 752.6 -25.56 79 1.34 0
00:52 752.35 -25.56 79 1.34 0
00:53 752.35 -25.56 79 1.34 0
00:54 752.35 -25.56 79 2.24 0
00:55 752.35 -25.56 79 .89 0
00:56 752.35 -25.56 79 1.79 0
00:57 752.35 -25.56 79 1.79 0
00:58 752.35 -25.56 79 1.34 0
00:59 752.35 -25.56 79 1.34 0
01:00 752.6 -25.56 79 2.24 0
01:01 752.35 -25.56 79 1.79 0
01:02 752.35 -25.56 79 1.34 0
01:03 752.6 -25.56 79 1.79 0
01:04 752.6 -25.56 79 1.34 0
01:05 752.35 -25.56 79 2.68 0
01:06 752.6 -25.61 79 2.24 0
01:07 752.6 -25.56 79 2.24 0
01:08 752.6 -25.56 79 1.34 0
01:09 752.6 -25.61 79 1.79 0
01:10 752.35 -25.61 79 2.24 0
01:11 752.6 -25.61 79 1.79 0
01:12 752.6 -25.61 79 1.34 0
01:13 752.6 -25.61 79 2.68 0
01:14 752.6 -25.61 79 1.79 0
01:15 752.6 -25.61 79 1.79 0
01:16 752.6 -25.61 79 .89 0
01:17 752.6 -25.61 79 2.24 0
01:18 752.6 -25.61 79 1.79 0
01:19 752.6 -25.61 79 2.24 0
01:20 752.6 -25.61 79 1.79 0
01:21 752.6 -25.61 79 1.79 0
01:22 752.6 -25.61 79 1.79 0
01:23 752.6 -25.61 79 2.24 0
01:24 752.6 -25.61 79 1.34 0
01:25 752.6 -25.61 79 2.24 0
01:26 752.6 -25.61 79 2.24 0
01:27 752.6 -25.61 79 1.79 0
01:28 752.6 -25.61 79 1.79 0
01:29 752.35 -25.61 79 2.24 0
01:30 752.35 -25.61 79 2.24 0
01:31 752.35 -25.61 79 1.79 0
01:32 752.35 -25.61 79 1.34 0
01:33 752.35 -25.67 79 1.34 0
01:34 752.35 -25.67 79 1.79 0
01:35 752.35 -25.67 79 1.34 0
01:36 752.35 -25.67 79 2.24 0
01:37 752.35 -25.67 79 2.24 0
01:38 752.35 -25.67 79 1.79 0
01:39 752.35 -25.67 79 2.24 0
01:40 752.35 -25.67 79 2.68 0
01:41 752.6 -25.67 79 3.13 0
01:42 752.6 -25.67 79 1.79 0
01:43 752.35 -25.67 79 2.24 0
01:44 752.35 -25.67 79 1.79 0
01:45 752.35 -25.67 79 3.13 0
01:46 752.35 -25.67 79 2.24 0
01:47 752.6 -25.67 79 2.68 0
01:48 752.6 -25.67 79 1.34 0
01:49 752.35 -25.67 79 1.79 0
01:50 752.6 -25.67 79 1.79 0
01:51 752.6 -25.67 79 1.79 0
01:52 752.6 -25.67 79 .89 0
01:53 752.6 -25.67 79 2.24 0
01:54 752.6 -25.67 79 1.79 0
01:55 752.6 -25.67 79 1.34 0
01:56 752.6 -25.67 79 1.79 0
01:57 752.35 -25.67 79 1.79 0
01:58 752.6 -25.67 79 1.34 0
01:59 752.6 -25.72 79 1.34 0
02:00 752.6 -25.72 79 1.34 0
02:01 752.6 -25.67 79 .89 0
02:02 752.35 -25.72 79 1.79 0
02:03 752.35 -25.72 79 1.34 0
02:04 752.35 -25.72 79 1.34 0
02:05 752.35 -25.78 79 1.79 0
02:06 752.35 -25.72 79 1.79 0
02:07 752.35 -25.72 79 1.79 0
02:08 752.35 -25.72 79 2.24 0
02:09 752.35 -25.72 79 1.79 0
02:10 752.35 -25.72 79 1.34 0
02:11 752.35 -25.72 79 1.34 0
02:12 752.35 -25.78 79 .89 0
02:13 752.35 -25.78 79 1.79 0
02:14 752.35 -25.78 79 1.79 0
02:15 752.35 -25.78 79 1.34 0
02:16 752.35 -25.78 79 1.34 0
02:17 752.35 -25.78 79 .89 0
02:18 752.35 -25.78 79 1.34 0
02:19 752.35 -25.78 79 1.34 0
02:20 752.35 -25.78 79 1.79 0
02:21 752.35 -25.78 79 1.34 0
02:22 752.35 -25.78 79 .89 0
02:23 752.35 -25.78 79 1.34 0
02:24 752.35 -25.78 79 1.34 0
02:25 752.35 -25.78 79 1.34 0
02:26 752.35 -25.78 79 1.34 0
02:27 752.35 -25.78 79 1.79 0
02:28 752.35 -25.78 79 1.79 0
02:29 752.35 -25.78 79 .45 0
02:30 752.35 -25.78 79 1.34 0
02:31 752.35 -25.78 79 1.34 0
02:32 752.35 -25.78 79 1.34 0
02:33 752.35 -25.83 79 1.34 0
02:34 752.35 -25.78 79 1.34 0
02:35 752.35 -25.78 79 1.34 0
02:36 752.35 -25.78 79 1.34 0
02:37 752.35 -25.78 79 1.34 0
02:38 752.35 -25.78 79 .89 0
02:39 752.35 -25.78 79 .45 0
02:40 752.35 -25.78 79 .45 0
02:41 752.35 -25.78 79 .89 0
02:42 752.6 -25.78 79 1.34 0
02:43 752.6 -25.83 79 1.34 0
02:44 752.6 -25.83 79 1.34 0
02:45 752.6 -25.83 79 1.34 0
02:46 752.6 -25.83 79 1.34 0
02:47 752.6 -25.78 79 1.34 0
02:48 752.6 -25.83 79 1.34 0
02:49 752.6 -25.78 79 .89 0
02:50 752.6 -25.78 79 1.34 0
02:51 752.6 -25.78 79 .89 0
02:52 752.6 -25.78 79 1.34 0
02:53 752.6 -25.83 79 1.34 0
02:54 752.6 -25.78 79 .45 0
02:55 752.6 -25.78 79 .89 0
02:56 752.6 -25.78 79 .45 0
02:57 752.6 -25.78 79 .89 0
02:58 752.6 -25.78 79 1.34 0
02:59 752.6 -25.78 79 .89 0
03:00 752.6 -25.78 79 .89 0
03:01 752.6 -25.83 79 1.79 0
03:02 752.6 -25.83 79 1.34 0
03:03 752.6 -25.83 79 1.79 0
03:04 752.6 -25.83 79 .89 0
03:05 752.6 -25.83 79 1.79 0
03:06 752.6 -25.78 79 1.79 0
03:07 752.6 -25.78 79 .89 0
03:08 752.6 -25.78 79 .89 0
03:09 752.6 -25.78 79 1.34 0
03:10 752.6 -25.78 79 .89 0
03:11 752.6 -25.83 79 1.34 0
03:12 752.6 -25.83 79 1.34 0
03:13 752.6 -25.89 79 1.79 0
03:14 752.6 -25.83 79 1.34 0
03:15 752.6 -25.83 79 2.24 0
03:16 752.6 -25.89 79 1.79 0
03:17 752.6 -25.83 79 1.34 0
03:18 752.6 -25.83 79 .89 0
03:19 752.6 -25.89 79 1.79 0
03:20 752.6 -25.89 79 1.34 0
03:21 752.6 -25.89 79 1.34 0
03:22 752.6 -25.89 79 1.79 0
03:23 752.6 -25.89 79 1.34 0
03:24 752.6 -25.89 79 1.79 0
03:25 752.6 -25.89 79 1.79 0
03:26 752.6 -25.89 79 1.34 0
03:27 752.6 -25.89 79 .89 0
03:28 752.6 -25.89 79 .89 0
03:29 752.6 -25.89 79 1.34 0
03:30 752.86 -25.89 79 1.34 0
03:31 752.6 -25.89 79 1.34 0
03:32 752.86 -25.89 79 .89 0
03:33 752.86 -25.94 79 1.34 0
03:34 752.6 -25.89 79 1.79 0
03:35 752.86 -25.94 79 1.34 0
03:36 752.6 -25.94 79 .89 0
03:37 752.86 -25.94 79 1.34 0
03:38 752.86 -26 79 .89 0
03:39 752.86 -26 79 .89 0
03:40 752.86 -26.06 79 1.79 0
03:41 752.6 -26 79 1.79 0
03:42 752.86 -26.06 79 1.34 0
03:43 752.86 -26 79 1.34 0
03:44 752.86 -26 79 1.34 0
03:45 752.86 -26.06 79 .89 0
03:46 752.86 -26.06 79 1.34 0
03:47 752.86 -26.06 79 .89 0
03:48 752.86 -26.06 79 1.34 0
03:49 752.86 -26.06 79 .89 0
03:50 752.86 -26.06 79 1.34 0
03:51 752.86 -26.06 79 1.34 0
03:52 752.86 -26.06 79 1.34 0
03:53 752.86 -26.06 79 .89 0
03:54 752.86 -26.06 79 1.34 0
03:55 752.86 -26.06 79 1.34 0
03:56 752.86 -26.06 79 1.34 0
03:57 752.86 -26.11 79 1.34 0
03:58 752.86 -26.11 79 .89 0
03:59 752.86 -26.06 79 1.34 0
04:00 752.86 -26.11 79 1.34 0
04:01 752.86 -26.11 79 1.34 0
04:02 752.86 -26.11 79 1.34 0
04:03 752.86 -26.06 79 1.34 0
04:04 752.86 -26.06 79 1.79 0
04:05 752.86 -26.06 79 1.34 0
04:06 752.86 -26.06 79 1.34 0
04:07 752.86 -26.06 79 .89 0
04:08 752.86 -26.06 79 1.34 0
04:09 752.86 -26.06 79 1.34 0
04:10 752.86 -26.06 79 1.79 0
04:11 752.86 -26.06 79 1.79 0
04:12 752.86 -26.06 79 1.34 0
04:13 752.86 -26.06 79 1.79 0
04:14 752.86 -26.06 79 1.34 0
04:15 752.86 -26.11 79 1.79 0
04:16 753.11 -26.06 79 1.34 0
04:17 753.11 -26.06 79 1.34 0
04:18 753.11 -26.06 79 1.34 0
04:19 753.11 -26.11 79 1.34 0
04:20 753.11 -26.11 79 1.34 0
04:21 753.11 -26.11 79 1.79 0
04:22 752.86 -26.11 79 1.79 0
04:23 753.11 -26.11 79 1.34 0
04:24 753.11 -26.11 79 1.34 0
04:25 753.11 -26.11 79 .89 0
04:26 753.11 -26.17 79 1.34 0
04:27 753.11 -26.17 79 1.79 0
04:28 753.11 -26.17 79 1.34 0
04:29 753.11 -26.17 79 1.34 0
04:30 753.11 -26.17 79 1.34 0
04:31 753.11 -26.22 79 1.79 0
04:32 753.11 -26.22 79 .89 0
04:33 753.11 -26.22 79 1.34 0
04:34 753.11 -26.22 79 .89 0
04:35 753.11 -26.28 79 .89 0
04:36 753.11 -26.22 79 .89 0
04:37 753.11 -26.28 79 .89 0
04:38 753.11 -26.28 79 .89 0
04:39 753.11 -26.28 79 .45 0
04:40 753.11 -26.28 79 .89 0
04:41 753.11 -26.28 79 .89 0
04:42 753.11 -26.28 79 .89 0
04:43 753.11 -26.28 79 .89 0
04:44 753.11 -26.28 79 .45 0
04:45 753.11 -26.28 79 .89 0
04:46 753.11 -26.33 79 1.34 0
04:47 753.11 -26.33 79 .89 0
04:48 753.11 -26.33 79 .89 0
04:49 753.11 -26.33 79 .45 0
04:50 753.11 -26.33 79 .45 0
04:51 753.11 -26.33 79 .45 0
04:52 753.11 -26.33 79 .89 0
04:53 753.11 -26.39 79 .89 0
04:54 753.11 -26.39 79 .89 0
04:55 753.11 -26.39 79 .89 0
04:56 753.11 -26.39 79 .89 0
04:57 753.11 -26.39 79 .45 0
04:58 753.11 -26.39 79 .45 0
04:59 753.36 -26.44 79 .89 0
05:00 753.11 -26.44 79 .89 0
05:01 753.11 -26.44 79 1.34 0
05:02 753.36 -26.44 79 1.34 0
05:03 753.36 -26.44 79 .89 0
05:04 753.36 -26.39 79 1.34 0
05:05 753.36 -26.44 79 .89 0
05:06 753.36 -26.44 79 .89 0
05:07 753.36 -26.39 79 1.34 0
05:08 753.36 -26.39 79 1.34 0
05:09 753.36 -26.33 79 .89 0
05:10 753.36 -26.33 79 1.34 0
05:11 753.36 -26.33 79 .89 0
05:12 753.36 -26.33 79 .89 0
05:13 753.36 -26.39 79 .89 0
05:14 753.36 -26.33 79 .89 0
05:15 753.36 -26.39 79 1.34 0
05:16 753.36 -26.39 79 1.34 0
05:17 753.36 -26.39 79 .89 0
05:18 753.36 -26.44 79 .89 0
05:19 753.36 -26.44 79 .45 0
05:20 753.36 -26.44 79 .89 0
05:21 753.36 -26.5 79 1.34 0
05:22 753.36 -26.5 79 .89 0
05:23 753.36 -26.5 79 .89 0
05:24 753.36 -26.5 79 .89 0
05:25 753.36 -26.5 79 .89 0
05:26 753.36 -26.5 79 .89 0
05:27 753.36 -26.56 79 1.34 0
05:28 753.36 -26.56 79 .89 0
05:29 753.36 -26.56 79 .89 0
05:30 753.36 -26.56 79 .89 0
05:31 753.36 -26.56 79 .45 0
05:32 753.36 -26.56 78 .45 0
05:33 753.36 -26.56 78 .89 0
05:34 753.36 -26.56 78 .89 0
05:35 753.62 -26.61 78 .45 0
05:36 753.36 -26.61 79 .45 0
05:37 753.62 -26.61 78 .89 0
05:38 753.62 -26.61 78 .89 0
05:39 753.36 -26.61 78 .89 0
05:40 753.36 -26.61 78 1.34 0
05:41 753.62 -26.61 78 .89 0
05:42 753.62 -26.61 78 1.34 0
05:43 753.62 -26.61 78 .89 0
05:44 753.62 -26.61 78 1.34 0
05:45 753.62 -26.61 78 .89 0
05:46 753.62 -26.61 78 .45 0
05:47 753.62 -26.67 78 1.34 0
05:48 753.62 -26.67 79 1.34 0
05:49 753.62 -26.67 79 .89 0
05:50 753.62 -26.67 78 .45 0
05:51 753.62 -26.67 78 .89 0
05:52 753.62 -26.67 79 .89 0
05:53 753.62 -26.67 78 .89 0
05:54 753.62 -26.67 78 .89 0
05:55 753.62 -26.67 78 .89 0
05:56 753.62 -26.67 78 .45 0
05:57 753.62 -26.67 79 .89 0
05:58 753.62 -26.67 79 .89 0
05:59 753.62 -26.67 79 .45 0
06:00 753.62 -26.72 78 .45 0
06:01 753.87 -26.67 78 .45 0
06:02 753.62 -26.67 78 .45 0
06:03 753.62 -26.72 78 .89 0
06:04 753.62 -26.72 78 .89 0
06:05 753.87 -26.72 78 .89 0
06:06 753.62 -26.72 78 .45 0
06:07 753.87 -26.72 78 .89 0
06:08 753.87 -26.72 78 .89 0
06:09 753.87 -26.72 78 1.34 0
06:10 753.87 -26.72 78 .89 0
06:11 753.87 -26.72 78 .89 0
06:12 753.87 -26.78 78 .89 0
06:13 753.87 -26.78 78 .89 0
06:14 753.87 -26.78 78 .89 0
06:15 753.87 -26.78 78 .89 0
06:16 753.87 -26.78 79 .45 0
06:17 753.87 -26.78 79 .89 0
06:18 753.87 -26.78 78 .89 0
06:19 753.87 -26.78 78 .89 0
06:20 754.13 -26.78 78 .89 0
06:21 754.13 -26.78 78 1.34 0
06:22 754.13 -26.78 79 1.34 0
06:23 753.87 -26.72 79 1.34 0
06:24 754.13 -26.72 79 .89 0
06:25 754.13 -26.67 79 1.34 0
06:26 754.13 -26.72 79 .89 0
06:27 754.13 -26.72 79 .89 0
06:28 754.13 -26.72 79 1.34 0
06:29 754.13 -26.67 79 .89 0
06:30 753.87 -26.67 79 1.34 0
06:31 754.13 -26.67 79 .89 0
06:32 754.13 -26.67 79 1.34 0
06:33 754.13 -26.67 79 1.34 0
06:34 754.13 -26.67 79 .89 0
06:35 754.13 -26.61 79 .89 0
06:36 754.13 -26.61 79 .89 0
06:37 754.13 -26.61 79 .89 0
06:38 754.13 -26.61 79 .89 0
06:39 754.13 -26.61 79 1.34 0
06:40 754.13 -26.67 79 .45 0
06:41 754.13 -26.67 79 .89 0
06:42 754.13 -26.67 78 .89 0
06:43 754.13 -26.67 78 .89 0
06:44 754.13 -26.72 78 .89 0
06:45 754.13 -26.72 78 .89 0
06:46 754.13 -26.78 78 .89 0
06:47 754.13 -26.78 78 1.34 0
06:48 754.13 -26.72 78 1.34 0
06:49 754.13 -26.78 78 .89 0
06:50 754.13 -26.78 78 .89 0
06:51 754.13 -26.78 78 1.34 0
06:52 754.13 -26.78 78 .89 0
06:53 754.13 -26.78 78 1.34 0
06:54 754.13 -26.83 78 1.34 0
06:55 754.13 -26.83 78 1.34 0
06:56 754.13 -26.83 78 1.34 0
06:57 754.13 -26.83 78 .89 0
06:58 754.13 -26.89 78 .89 0
06:59 754.13 -26.89 78 1.79 0
07:00 754.13 -26.89 78 1.34 0
07:01 754.13 -26.89 78 1.34 0
07:02 754.13 -26.89 78 1.34 0
07:03 754.13 -26.94 78 1.34 0
07:04 754.13 -26.94 78 1.34 0
07:05 754.13 -26.94 78 1.34 0
07:06 754.13 -26.94 78 1.34 0
07:07 754.13 -26.94 78 1.79 0
07:08 754.13 -26.94 78 .89 0
07:09 754.13 -26.94 78 1.34 0
07:10 754.38 -27 78 1.34 0
07:11 754.13 -27 78 1.34 0
07:12 754.13 -27 78 1.34 0
07:13 754.13 -27.06 78 1.79 0
07:14 754.13 -27 78 .45 0
07:15 754.13 -27 78 1.34 0
07:16 754.13 -27 78 1.34 0
07:17 754.13 -27.06 78 1.79 0
07:18 754.13 -27 78 1.79 0
07:19 754.13 -27 78 1.79 0
07:20 754.13 -26.94 79 1.34 0
07:21 754.13 -26.94 79 1.34 0
07:22 754.13 -26.94 79 1.34 0
07:23 754.13 -26.94 79 1.34 0
07:24 754.13 -26.94 79 1.34 0
07:25 754.13 -26.94 79 1.79 0
07:26 754.13 -26.94 79 1.79 0
07:27 754.13 -26.94 79 1.34 0
07:28 754.13 -26.94 79 .89 0
07:29 754.13 -26.94 78 1.34 0
07:30 754.13 -27 79 2.24 0
07:31 754.13 -27 78 1.34 0
07:32 754.13 -27 78 2.24 0
07:33 754.13 -27 78 1.34 0
07:34 754.38 -27 78 .89 0
07:35 754.13 -27 78 1.34 0
07:36 754.38 -26.94 78 2.24 0
07:37 754.38 -26.94 79 1.34 0
07:38 754.13 -26.94 79 .89 0
07:39 754.13 -26.94 79 1.79 0
07:40 754.38 -26.94 79 1.34 0
07:41 754.38 -26.94 79 .89 0
07:42 754.38 -26.94 79 .89 0
07:43 754.38 -26.94 79 .89 0
07:44 754.38 -26.94 79 1.34 0
07:45 754.38 -26.94 79 .45 0
07:46 754.38 -26.89 79 .89 0
07:47 754.38 -26.89 79 1.34 0
07:48 754.38 -26.89 78 .89 0
07:49 754.38 -26.83 78 1.34 0
07:50 754.38 -26.89 78 1.34 0
07:51 754.38 -26.83 78 .89 0
07:52 754.38 -26.83 79 1.34 0
07:53 754.38 -26.83 79 1.34 0
07:54 754.38 -26.83 78 1.34 0
07:55 754.38 -26.78 78 2.24 0
07:56 754.38 -26.78 79 1.34 0
07:57 754.38 -26.78 78 .89 0
07:58 754.38 -26.78 79 1.34 0
07:59 754.38 -26.78 79 1.79 0
08:00 754.38 -26.78 79 .89 0
08:01 754.38 -26.78 79 1.34 0
08:02 754.38 -26.78 79 .89 0
08:03 754.38 -26.78 79 .89 0
08:04 754.38 -26.78 79 1.34 0
08:05 754.38 -26.78 79 .89 0
08:06 754.38 -26.78 78 1.34 0
08:07 754.38 -26.78 78 .89 0
08:08 754.38 -26.83 78 1.34 0
08:09 754.38 -26.83 78 1.34 0
08:10 754.38 -26.83 78 1.34 0
08:11 754.38 -26.83 78 1.34 0
08:12 754.38 -26.89 78 1.34 0
08:13 754.38 -26.89 78 1.34 0
08:14 754.38 -26.83 78 1.34 0
08:15 754.38 -26.83 78 1.34 0
08:16 754.38 -26.83 78 .89 0
08:17 754.38 -26.89 78 .89 0
08:18 754.38 -26.89 78 .89 0
08:19 754.38 -26.89 78 1.34 0
08:20 754.63 -26.89 78 1.34 0
08:21 754.63 -26.94 78 1.34 0
08:22 754.63 -26.94 78 .89 0
08:23 754.63 -26.94 78 1.34 0
08:24 754.63 -26.94 78 1.34 0
08:25 754.63 -26.94 78 .89 0
08:26 754.63 -26.94 78 .89 0
08:27 754.63 -26.94 78 .89 0
08:28 754.63 -26.94 78 1.34 0
08:29 754.63 -27 78 .89 0
08:30 754.63 -27 78 .89 0
08:31 754.63 -27 78 1.34 0
08:32 754.63 -27 78 .89 0
08:33 754.63 -27 78 1.34 0
08:34 754.63 -27.06 78 .89 0
08:35 754.63 -27.06 78 .89 0
08:36 754.63 -27.06 78 1.34 0
08:37 754.63 -27.06 78 .89 0
08:38 754.63 -27.06 78 1.34 0
08:39 754.63 -27.06 78 1.34 0
08:40 754.63 -27.06 78 .89 0
08:41 754.63 -27.06 78 1.34 0
08:42 754.63 -27.06 78 .89 0
08:43 754.63 -27.06 78 1.34 0
08:44 754.63 -27.06 78 1.34 0
08:45 754.63 -27.06 78 1.34 0
08:46 754.63 -27.06 78 1.34 0
08:47 754.63 -27.06 78 1.34 0
08:48 754.63 -27.06 78 1.34 0
08:49 754.63 -27.11 78 1.34 0
08:50 754.63 -27.11 78 .89 0
08:51 754.63 -27.11 78 1.34 0
08:52 754.63 -27.11 78 1.34 0
08:53 754.63 -27.17 78 1.79 0
08:54 754.63 -27.17 78 1.34 0
08:55 754.63 -27.11 78 1.34 0
08:56 754.63 -27.11 78 1.34 0
08:57 754.63 -27.11 78 1.34 0
08:58 754.89 -27.11 78 1.34 0
08:59 754.89 -27.17 78 .89 0
09:00 754.63 -27.17 78 1.34 0
09:01 754.89 -27.17 78 1.79 0
09:02 754.89 -27.22 78 1.34 0
09:03 754.89 -27.22 78 1.79 0
09:04 754.89 -27.22 78 1.79 0
09:05 754.89 -27.28 78 1.79 0
09:06 754.89 -27.22 78 1.34 0
09:07 754.89 -27.22 78 .89 0
09:08 754.89 -27.22 78 1.34 0
09:09 754.89 -27.22 78 .89 0
09:10 754.89 -27.17 78 1.34 0
09:11 754.89 -27.17 78 1.34 0
09:12 754.89 -27.17 78 1.34 0
09:13 754.89 -27.17 78 1.79 0
09:14 755.14 -27.17 78 1.34 0
09:15 755.14 -27.17 78 1.34 0
09:16 755.14 -27.17 78 1.79 0
09:17 755.14 -27.17 78 1.79 0
09:18 755.14 -27.17 78 1.34 0
09:19 755.14 -27.17 78 1.34 0
09:20 755.14 -27.17 78 1.79 0
09:21 755.14 -27.22 78 1.79 0
09:22 755.14 -27.17 78 1.34 0
09:23 755.14 -27.17 78 1.79 0
09:24 755.14 -27.17 78 1.34 0
09:25 755.14 -27.17 78 1.34 0
09:26 755.14 -27.17 78 1.34 0
09:27 755.14 -27.17 78 1.79 0
09:28 755.14 -27.17 78 1.79 0
09:29 755.14 -27.17 78 1.79 0
09:30 755.14 -27.17 78 1.79 0
09:31 755.14 -27.11 78 1.34 0
09:32 755.4 -27.11 78 2.24 0
09:33 755.14 -27.11 78 1.34 0
09:34 755.4 -27.11 78 1.79 0
09:35 755.4 -27.11 78 1.34 0
09:36 755.4 -27.11 78 1.79 0
09:37 755.4 -27.11 78 1.79 0
09:38 755.4 -27.11 78 1.34 0
09:39 755.4 -27.17 78 1.79 0
09:40 755.4 -27.17 78 1.79 0
09:41 755.4 -27.17 78 1.34 0
09:42 755.4 -27.17 78 1.34 0
09:43 755.4 -27.17 78 1.34 0
09:44 755.4 -27.17 78 1.34 0
09:45 755.4 -27.17 78 .89 0
09:46 755.4 -27.17 78 1.34 0
09:47 755.4 -27.17 78 1.34 0
09:48 755.4 -27.11 78 1.34 0
09:49 755.4 -27.06 78 1.34 0
09:50 755.4 -27.06 78 1.34 0
09:51 755.4 -27.06 78 1.34 0
09:52 755.4 -27 78 1.34 0
09:53 755.4 -27 78 .89 0
09:54 755.4 -27 78 1.34 0
09:55 755.4 -26.94 78 .89 0
09:56 755.4 -26.94 78 1.34 0
09:57 755.4 -26.89 78 .89 0
09:58 755.65 -26.89 78 .89 0
09:59 755.65 -26.83 78 .89 0
10:00 755.4 -26.78 78 .89 0
10:01 755.65 -26.78 78 1.34 0
10:02 755.65 -26.72 78 1.34 0
10:03 755.65 -26.67 78 .45 0
10:04 755.65 -26.67 78 1.34 0
10:05 755.65 -26.67 78 .89 0
10:06 755.65 -26.61 78 .45 0
10:07 755.65 -26.61 78 1.34 0
10:08 755.65 -26.56 79 .89 0
10:09 755.65 -26.56 79 .89 0
10:10 755.65 -26.5 79 1.34 0
10:11 755.65 -26.5 79 .89 0
10:12 755.65 -26.5 79 .89 0
10:13 755.65 -26.5 78 1.34 0
10:14 755.65 -26.44 78 1.34 0
10:15 755.65 -26.44 78 .45 0
10:16 755.65 -26.44 78 .89 0
10:17 755.65 -26.39 78 .89 0
10:18 755.65 -26.33 78 1.79 0
10:19 755.65 -26.33 78 .45 0
10:20 755.65 -26.28 78 .89 0
10:21 755.65 -26.28 78 .89 0
10:22 755.65 -26.28 78 .89 0
10:23 755.65 -26.22 78 1.34 0
10:24 755.65 -26.22 78 .45 0
10:25 755.65 -26.17 78 1.34 0
10:26 755.65 -26.17 79 .45 0
10:27 755.65 -26.11 79 .89 0
10:28 755.65 -26.06 79 1.34 0
10:29 755.65 -26.06 79 .89 0
10:30 755.65 -26.06 79 .89 0
10:31 755.65 -26 79 .89 0
10:32 755.65 -25.94 79 .45 0
10:33 755.65 -26 79 .89 0
10:34 755.65 -25.94 79 0 0
10:35 755.9 -25.89 78 1.34 0
10:36 755.65 -25.89 78 .89 0
10:37 755.65 -25.83 78 .89 0
10:38 755.65 -25.83 78 1.34 0
10:39 755.65 -25.83 78 .89 0
10:40 755.9 -25.78 78 .89 0
10:41 755.9 -25.78 78 1.34 0
10:42 755.9 -25.72 78 1.34 0
10:43 755.65 -25.72 78 1.34 0
10:44 755.9 -25.72 78 2.24 0
10:45 755.9 -25.72 78 1.34 0
10:46 755.65 -25.72 78 .89 0
10:47 755.9 -25.72 78 .45 0
10:48 755.9 -25.67 78 .45 0
10:49 755.9 -25.67 78 .89 0
10:50 755.9 -25.67 78 1.79 0
10:51 755.9 -25.61 78 1.79 0
10:52 755.9 -25.61 78 1.79 0
10:53 755.9 -25.61 79 1.79 0
10:54 755.9 -25.56 79 1.79 0
10:55 755.9 -25.56 79 1.79 0
10:56 755.9 -25.56 79 1.34 0
10:57 755.9 -25.5 79 .89 0
10:58 755.9 -25.5 79 .89 0
10:59 755.9 -25.44 79 .45 0
11:00 755.9 -25.44 79 .89 0
11:01 755.9 -25.39 78 .45 0
11:02 755.9 -25.33 79 .45 0
11:03 755.9 -25.33 79 .89 0
11:04 755.9 -25.28 79 .89 0
11:05 755.9 -25.22 79 .89 0
11:06 756.16 -25.22 79 1.34 0
11:07 756.16 -25.17 79 2.24 0
11:08 755.9 -25.17 79 1.79 0
11:09 756.16 -25.17 79 2.24 0
11:10 756.16 -25.17 79 1.79 0
11:11 756.16 -25.11 79 .89 0
11:12 756.16 -25.11 79 2.24 0
11:13 756.16 -25.06 79 1.34 0
11:14 756.16 -25.06 79 1.34 0
11:15 756.16 -25 79 .89 0
11:16 756.16 -25 79 .89 0
11:17 756.16 -24.94 79 1.79 0
11:18 756.16 -24.89 79 1.34 0
11:19 756.16 -24.89 79 .45 0
11:20 756.16 -24.83 79 1.79 0
11:21 756.16 -24.78 79 1.79 0
11:22 756.16 -24.72 79 .89 0
11:23 755.9 -24.72 79 2.24 0
11:24 756.16 -24.72 79 1.34 0
11:25 755.9 -24.72 79 1.79 0
11:26 755.9 -24.67 79 1.79 0
11:27 756.16 -24.67 79 2.68 0
11:28 755.9 -24.67 79 3.13 0
11:29 756.16 -24.67 79 2.24 0
11:30 756.16 -24.67 78 2.24 0
11:31 756.16 -24.67 79 1.34 0
11:32 756.16 -24.61 79 2.68 0
11:33 756.16 -24.61 79 1.79 0
11:34 755.9 -24.61 79 .89 0
11:35 756.16 -24.56 79 1.34 0
11:36 755.9 -24.56 79 1.79 0
11:37 756.16 -24.5 79 1.79 0
11:38 755.9 -24.5 79 1.79 0
11:39 755.9 -24.44 79 1.34 0
11:40 755.9 -24.44 78 2.24 0
11:41 756.16 -24.39 78 1.34 0
11:42 756.16 -24.39 78 1.34 0
11:43 756.16 -24.33 78 1.79 0
11:44 756.16 -24.33 78 1.79 0
11:45 756.16 -24.28 78 .89 0
11:46 756.16 -24.28 78 1.34 0
11:47 756.16 -24.28 79 2.24 0
11:48 756.16 -24.17 79 1.34 0
11:49 756.16 -24.17 79 .89 0
11:50 756.16 -24.17 79 1.79 0
11:51 756.16 -24.11 79 1.34 0
11:52 756.16 -24.06 79 1.34 0
11:53 756.16 -24 79 1.34 0
11:54 756.16 -24 79 1.79 0
11:55 756.16 -24 79 2.68 0
11:56 756.16 -23.94 79 2.24 0
11:57 756.16 -23.94 78 1.34 0
11:58 756.16 -23.94 78 1.79 0
11:59 756.16 -23.89 78 2.24 0
12:00 756.16 -23.89 78 2.24 0
12:01 756.16 -23.89 78 .89 0
12:02 756.16 -23.83 78 2.24 0
12:03 756.16 -23.78 78 2.68 0
12:04 756.16 -23.78 79 .89 0
12:05 756.16 -23.72 79 1.34 0
12:06 756.16 -23.67 79 1.79 0
12:07 756.16 -23.61 79 1.34 0
12:08 756.16 -23.56 79 1.34 0
12:09 756.16 -23.5 79 1.34 0
12:10 756.41 -23.56 79 1.79 0
12:11 756.16 -23.5 79 2.24 0
12:12 756.16 -23.5 78 2.24 0
12:13 756.41 -23.5 79 1.34 0
12:14 756.41 -23.5 78 .45 0
12:15 756.16 -23.5 78 .89 0
12:16 756.16 -23.44 78 .89 0
12:17 756.41 -23.44 78 2.24 0
12:18 756.41 -23.39 78 2.24 0
12:19 756.16 -23.39 78 1.34 0
12:20 756.41 -23.39 78 1.34 0
12:21 756.16 -23.33 78 1.79 0
12:22 756.16 -23.33 78 1.79 0
12:23 756.41 -23.33 78 1.34 0
12:24 756.16 -23.28 78 1.79 0
12:25 756.41 -23.28 78 1.79 0
12:26 756.41 -23.22 78 1.34 0
12:27 756.41 -23.22 78 .89 0
12:28 756.41 -23.17 78 2.24 0
12:29 756.41 -23.17 78 2.24 0
12:30 756.41 -23.17 78 2.24 0
12:31 756.41 -23.17 78 3.13 0
12:32 756.41 -23.11 78 1.79 0
12:33 756.41 -23.11 78 1.34 0
12:34 756.41 -23.11 78 2.24 0
12:35 756.41 -23.06 78 2.24 0
12:36 756.41 -23.06 78 1.34 0
12:37 756.41 -23.06 78 2.24 0
12:38 756.41 -23.06 78 1.34 0
12:39 756.41 -23 78 2.24 0
12:40 756.41 -23 78 1.34 0
12:41 756.41 -22.94 78 .89 0
12:42 756.41 -22.94 78 1.34 0
12:43 756.41 -22.89 78 .89 0
12:44 756.41 -22.89 78 1.34 0
12:45 756.41 -22.83 78 2.68 0
12:46 756.41 -22.83 78 1.79 0
12:47 756.41 -22.83 78 1.34 0
12:48 756.41 -22.78 78 1.34 0
12:49 756.41 -22.78 78 2.68 0
12:50 756.41 -22.78 78 2.24 0
12:51 756.41 -22.72 78 1.34 0
12:52 756.41 -22.72 78 .89 0
12:53 756.41 -22.72 78 1.34 0
12:54 756.41 -22.67 78 .89 0
12:55 756.41 -22.67 78 1.34 0
12:56 756.41 -22.61 78 1.34 0
12:57 756.41 -22.56 78 1.34 0
12:58 756.41 -22.56 78 .89 0
12:59 756.41 -22.5 78 2.24 0
13:00 756.41 -22.44 78 2.24 0
13:01 756.41 -22.44 78 2.68 0
13:02 756.41 -22.44 78 1.34 0
13:03 756.41 -22.44 78 2.24 0
13:04 756.41 -22.44 78 .89 0
13:05 756.41 -22.44 78 1.34 0
13:06 756.41 -22.39 78 1.79 0
13:07 756.16 -22.39 78 1.79 0
13:08 756.41 -22.39 78 2.68 0
13:09 756.41 -22.39 78 2.68 0
13:10 756.41 -22.44 78 1.34 0
13:11 756.41 -22.39 77 2.24 0
13:12 756.41 -22.39 77 1.79 0
13:13 756.41 -22.39 77 1.79 0
13:14 756.41 -22.39 77 1.79 0
13:15 756.41 -22.33 77 2.24 0
13:16 756.41 -22.33 77 2.24 0
13:17 756.41 -22.28 78 2.24 0
13:18 756.41 -22.28 78 1.79 0
13:19 756.41 -22.22 78 2.24 0
13:20 756.41 -22.22 78 1.34 0
13:21 756.41 -22.22 78 .89 0
13:22 756.41 -22.22 78 1.79 0
13:23 756.41 -22.17 78 2.24 0
13:24 756.41 -22.17 78 1.79 0
13:25 756.41 -22.11 78 1.34 0
13:26 756.41 -22.11 77 1.79 0
13:27 756.41 -22.11 78 1.79 0
13:28 756.41 -22.06 78 1.79 0
13:29 756.41 -22.06 78 .45 0
13:30 756.41 -22.06 77 1.34 0
13:31 756.41 -22.06 77 .89 0
13:32 756.41 -22 78 1.34 0
13:33 756.41 -21.94 77 1.34 0
13:34 756.41 -21.94 77 .89 0
13:35 756.41 -21.94 77 1.34 0
13:36 756.41 -21.89 78 .89 0
13:37 756.41 -21.83 78 1.79 0
13:38 756.41 -21.83 78 1.79 0
13:39 756.41 -21.78 77 1.34 0
13:40 756.41 -21.78 78 1.34 0
13:41 756.41 -21.78 77 1.34 0
13:42 756.41 -21.78 78 1.34 0
13:43 756.41 -21.78 77 .89 0
13:44 756.41 -21.78 77 .89 0
13:45 756.41 -21.83 77 1.79 0
13:46 756.41 -21.83 77 .89 0
13:47 756.41 -21.83 77 .89 0
13:48 756.41 -21.89 77 .45 0
13:49 756.41 -21.89 77 .45 0
13:50 756.16 -21.83 77 .89 0
13:51 756.16 -21.78 77 .45 0
13:52 756.41 -21.78 77 1.34 0
13:53 756.16 -21.72 77 1.79 0
13:54 756.16 -21.72 78 1.79 0
13:55 756.16 -21.67 78 1.34 0
13:56 756.41 -21.67 78 .89 0
13:57 756.41 -21.67 78 1.34 0
13:58 756.41 -21.67 77 1.34 0
13:59 756.41 -21.61 77 .89 0
14:00 756.41 -21.61 78 1.79 0
14:01 756.41 -21.61 77 1.34 0
14:02 756.41 -21.61 77 1.79 0
14:03 756.41 -21.56 77 .89 0
14:04 756.41 -21.56 77 1.34 0
14:05 756.41 -21.56 77 .89 0
14:06 756.41 -21.5 77 3.13 0
14:07 756.41 -21.56 77 1.34 0
14:08 756.41 -21.5 77 1.79 0
14:09 756.41 -21.56 77 1.34 0
14:10 756.41 -21.56 77 1.34 0
14:11 756.41 -21.5 77 1.34 0
14:12 756.41 -21.5 77 2.24 0
14:13 756.41 -21.5 77 1.79 0
14:14 756.41 -21.5 77 .89 0
14:15 756.41 -21.5 77 1.79 0
14:16 756.41 -21.56 77 2.68 0
14:17 756.41 -21.56 77 1.34 0
14:18 756.41 -21.56 77 1.79 0
14:19 756.41 -21.56 77 1.34 0
14:20 756.41 -21.56 77 1.34 0
14:21 756.41 -21.56 77 1.34 0
14:22 756.41 -21.56 77 1.34 0
14:23 756.41 -21.5 77 .89 0
14:24 756.41 -21.5 77 1.34 0
14:25 756.41 -21.5 77 1.34 0
14:26 756.41 -21.5 77 2.68 0
14:27 756.41 -21.5 77 2.24 0
14:28 756.41 -21.56 77 1.79 0
14:29 756.41 -21.56 77 1.34 0
14:30 756.41 -21.56 77 2.24 0
14:31 756.41 -21.56 77 1.34 0
14:32 756.41 -21.61 77 3.58 0
14:33 756.67 -21.61 77 2.68 0
14:34 756.41 -21.67 77 2.24 0
14:35 756.41 -21.61 77 2.68 0
14:36 756.41 -21.67 77 2.68 0
14:37 756.41 -21.61 77 1.79 0
14:38 756.41 -21.61 77 1.34 0
14:39 756.41 -21.61 77 1.34 0
14:40 756.41 -21.61 77 2.68 0
14:41 756.41 -21.56 77 1.79 0
14:42 756.41 -21.56 77 .89 0
14:43 756.41 -21.56 77 1.34 0
14:44 756.41 -21.5 77 1.79 0
14:45 756.41 -21.5 77 1.34 0
14:46 756.41 -21.5 77 .89 0
14:47 756.41 -21.5 77 1.34 0
14:48 756.41 -21.44 77 1.79 0
14:49 756.67 -21.44 77 .89 0
14:50 756.41 -21.39 77 1.34 0
14:51 756.41 -21.44 77 2.24 0
14:52 756.67 -21.44 77 1.79 0
14:53 756.67 -21.44 77 1.79 0
14:54 756.67 -21.44 77 1.79 0
14:55 756.67 -21.44 77 1.79 0
14:56 756.67 -21.44 77 1.79 0
14:57 756.67 -21.39 77 .89 0
14:58 756.67 -21.39 77 .89 0
14:59 756.67 -21.33 77 .89 0
15:00 756.67 -21.28 77 .89 0
15:01 756.67 -21.28 77 1.79 0
15:02 756.67 -21.28 77 .89 0
15:03 756.67 -21.28 77 .89 0
15:04 756.67 -21.22 77 .89 0
15:05 756.67 -21.22 77 .89 0
15:06 756.67 -21.17 77 1.34 0
15:07 756.67 -21.22 77 .89 0
15:08 756.67 -21.22 77 1.34 0
15:09 756.67 -21.22 77 1.34 0
15:10 756.67 -21.22 77 2.24 0
15:11 756.67 -21.22 76 1.34 0
15:12 756.67 -21.22 76 1.34 0
15:13 756.67 -21.22 76 1.34 0
15:14 756.67 -21.28 76 1.79 0
15:15 756.67 -21.28 76 1.34 0
15:16 756.67 -21.28 76 2.24 0
15:17 756.67 -21.33 76 1.34 0
15:18 756.67 -21.28 76 1.79 0
15:19 756.67 -21.33 76 1.79 0
15:20 756.67 -21.33 76 1.34 0
15:21 756.67 -21.33 76 1.79 0
15:22 756.67 -21.39 76 2.24 0
15:23 756.92 -21.39 76 1.34 0
15:24 756.92 -21.33 76 .89 0
15:25 756.67 -21.33 77 .89 0
15:26 756.67 -21.33 77 .89 0
15:27 756.67 -21.33 77 1.34 0
15:28 756.67 -21.33 77 2.24 0
15:29 756.67 -21.39 77 2.24 0
15:30 756.67 -21.39 77 1.34 0
15:31 756.67 -21.39 77 1.34 0
15:32 756.67 -21.39 77 1.79 0
15:33 756.67 -21.39 77 2.24 0
15:34 756.67 -21.39 77 1.79 0
15:35 756.67 -21.39 77 2.24 0
15:36 756.67 -21.39 77 .89 0
15:37 756.67 -21.39 77 .89 0
15:38 756.67 -21.44 77 1.79 0
15:39 756.67 -21.44 77 1.34 0
15:40 756.67 -21.39 77 .89 0
15:41 756.67 -21.44 77 1.79 0
15:42 756.67 -21.44 77 1.79 0
15:43 756.67 -21.44 77 1.34 0
15:44 756.67 -21.5 77 1.79 0
15:45 756.67 -21.5 77 .89 0
15:46 756.67 -21.44 77 .89 0
15:47 756.67 -21.5 77 1.79 0
15:48 756.67 -21.5 77 1.34 0
15:49 756.67 -21.5 77 .89 0
15:50 756.67 -21.5 77 1.34 0
15:51 756.67 -21.5 77 1.34 0
15:52 756.67 -21.56 77 1.34 0
15:53 756.67 -21.56 77 1.34 0
15:54 756.67 -21.56 77 1.34 0
15:55 756.67 -21.56 77 .89 0
15:56 756.67 -21.61 77 1.34 0
15:57 756.67 -21.61 77 1.34 0
15:58 756.67 -21.61 77 1.34 0
15:59 756.67 -21.56 77 1.79 0
16:00 756.67 -21.61 77 1.34 0
16:01 756.67 -21.61 77 2.68 0
16:02 756.67 -21.61 77 1.79 0
16:03 756.67 -21.67 77 1.34 0
16:04 756.67 -21.67 77 1.79 0
16:05 756.67 -21.67 77 .89 0
16:06 756.92 -21.67 77 1.34 0
16:07 756.67 -21.67 77 .89 0
16:08 756.67 -21.72 77 1.79 0
16:09 756.92 -21.78 77 1.34 0
16:10 756.92 -21.78 77 1.79 0
16:11 756.92 -21.83 77 1.79 0
16:12 756.92 -21.83 77 1.34 0
16:13 756.92 -21.83 77 1.34 0
16:14 756.92 -21.94 77 1.34 0
16:15 756.92 -21.94 77 1.34 0
16:16 756.92 -22 78 .89 0
16:17 756.92 -22 78 1.34 0
16:18 756.67 -22 77 1.34 0
16:19 756.92 -22.06 78 1.34 0
16:20 756.92 -22.06 78 1.79 0
16:21 756.92 -22.06 78 .89 0
16:22 756.92 -22.06 78 .89 0
16:23 756.92 -22.11 78 1.34 0
16:24 756.92 -22.11 78 1.34 0
16:25 756.67 -22.11 78 .89 0
16:26 756.92 -22.17 78 .45 0
16:27 756.92 -22.17 78 1.34 0
16:28 756.92 -22.17 78 1.34 0
16:29 756.92 -22.17 78 .89 0
16:30 756.92 -22.17 78 .89 0
16:31 756.92 -22.22 78 .89 0
16:32 756.92 -22.22 78 1.34 0
16:33 756.92 -22.22 78 1.34 0
16:34 756.92 -22.22 78 1.34 0
16:35 756.92 -22.22 78 1.34 0
16:36 756.92 -22.28 78 1.34 0
16:37 756.92 -22.28 78 1.34 0
16:38 756.92 -22.33 78 1.34 0
16:39 756.92 -22.33 78 1.79 0
16:40 756.92 -22.33 78 2.24 0
16:41 756.92 -22.33 79 1.79 0
16:42 756.92 -22.39 79 1.79 0
16:43 756.92 -22.39 79 2.24 0
16:44 756.92 -22.39 79 2.24 0
16:45 756.92 -22.39 79 2.24 0
16:46 756.92 -22.39 79 1.34 0
16:47 756.92 -22.44 79 1.34 0
16:48 756.92 -22.44 79 1.34 0
16:49 756.92 -22.44 79 1.34 0
16:50 756.92 -22.44 79 1.79 0
16:51 756.92 -22.44 79 1.34 0
16:52 756.92 -22.44 79 1.34 0
16:53 756.92 -22.44 79 1.34 0
16:54 756.92 -22.5 79 1.79 0
16:55 756.92 -22.5 79 1.34 0
16:56 756.92 -22.5 79 .89 0
16:57 756.92 -22.5 79 1.34 0
16:58 756.92 -22.5 79 1.34 0
16:59 756.92 -22.56 79 .89 0
17:00 756.92 -22.56 79 1.34 0
17:01 756.92 -22.56 79 1.34 0
17:02 756.92 -22.56 79 1.34 0
17:03 756.92 -22.56 79 .89 0
17:04 756.92 -22.56 79 1.34 0
17:05 756.92 -22.56 79 1.34 0
17:06 756.92 -22.56 79 .89 0
17:07 757.17 -22.56 79 1.34 0
17:08 757.17 -22.56 79 .89 0
17:09 757.17 -22.56 79 .89 0
17:10 756.92 -22.61 79 1.79 0
17:11 757.17 -22.61 79 1.34 0
17:12 757.17 -22.67 79 1.34 0
17:13 756.92 -22.67 79 1.34 0
17:14 756.92 -22.67 79 1.34 0
17:15 756.92 -22.67 79 .89 0
17:16 756.92 -22.67 79 .89 0
17:17 757.17 -22.72 79 1.34 0
17:18 757.17 -22.72 79 1.34 0
17:19 757.17 -22.72 79 1.34 0
17:20 757.17 -22.78 79 1.34 0
17:21 757.17 -22.78 79 1.34 0
17:22 757.17 -22.78 79 1.79 0
17:23 757.17 -22.83 79 1.34 0
17:24 757.17 -22.83 79 1.34 0
17:25 757.17 -22.83 79 1.79 0
17:26 757.17 -22.89 79 1.34 0
17:27 757.17 -22.89 79 1.79 0
17:28 757.17 -22.94 79 1.79 0
17:29 757.17 -22.94 79 1.34 0
17:30 756.92 -22.94 79 1.79 0
17:31 756.92 -22.94 79 1.79 0
17:32 756.92 -22.94 79 1.79 0
17:33 756.92 -22.94 79 1.79 0
17:34 757.17 -22.94 80 1.34 0
17:35 756.92 -22.94 80 1.34 0
17:36 756.92 -22.94 80 2.24 0
17:37 756.92 -22.94 80 2.24 0
17:38 757.17 -22.94 80 2.24 0
17:39 757.17 -22.94 80 1.79 0
17:40 756.92 -22.89 80 1.79 0
17:41 757.17 -22.89 80 2.24 0
17:42 757.17 -22.89 80 1.79 0
17:43 756.92 -22.89 80 1.79 0
17:44 757.17 -22.89 80 1.79 0
17:45 757.17 -22.83 80 1.34 0
17:46 757.17 -22.83 80 1.79 0
17:47 756.92 -22.83 80 1.79 0
17:48 756.92 -22.83 80 2.24 0
17:49 757.17 -22.83 80 2.24 0
17:50 756.92 -22.83 80 2.24 0
17:51 757.17 -22.83 80 3.13 0
17:52 757.17 -22.83 80 2.24 0
17:53 757.17 -22.78 80 2.24 0
17:54 757.17 -22.78 80 2.68 0
17:55 757.17 -22.72 80 1.79 0
17:56 757.17 -22.72 80 1.79 0
17:57 757.17 -22.67 80 2.24 0
17:58 757.17 -22.72 80 1.79 0
17:59 757.17 -22.67 80 1.79 0
18:00 757.17 -22.72 80 2.24 0
18:01 757.17 -22.72 80 2.24 0
18:02 757.17 -22.72 80 2.24 0
18:03 757.17 -22.72 80 2.24 0
18:04 757.17 -22.72 80 1.34 0
18:05 757.17 -22.72 80 1.79 0
18:06 757.17 -22.72 80 1.79 0
18:07 757.17 -22.72 80 1.34 0
18:08 757.17 -22.72 80 1.79 0
18:09 757.17 -22.67 80 1.79 0
18:10 757.17 -22.67 80 1.34 0
18:11 757.17 -22.61 80 1.79 0
18:12 757.17 -22.61 80 1.34 0
18:13 757.17 -22.61 80 2.24 0
18:14 757.17 -22.61 80 1.79 0
18:15 757.17 -22.56 80 1.79 0
18:16 757.17 -22.61 80 1.34 0
18:17 757.17 -22.61 80 1.34 0
18:18 757.17 -22.61 80 1.34 0
18:19 757.17 -22.67 80 1.34 0
18:20 757.17 -22.61 80 1.34 0
18:21 757.17 -22.61 80 1.34 0
18:22 757.17 -22.56 80 1.34 0
18:23 757.17 -22.61 80 .89 0
18:24 757.17 -22.61 80 1.79 0
18:25 757.17 -22.61 80 1.34 0
18:26 757.17 -22.61 80 1.34 0
18:27 757.17 -22.61 80 1.79 0
18:28 757.17 -22.61 80 1.34 0
18:29 756.92 -22.67 80 1.34 0
18:30 756.92 -22.61 80 1.34 0
18:31 757.17 -22.61 80 1.34 0
18:32 757.17 -22.67 80 1.34 0
18:33 757.17 -22.67 80 1.34 0
18:34 757.17 -22.67 80 1.34 0
18:35 757.17 -22.67 80 1.34 0
18:36 757.17 -22.67 80 1.79 0
18:37 757.17 -22.67 80 1.79 0
18:38 757.17 -22.72 80 1.34 0
18:39 757.17 -22.72 80 1.34 0
18:40 757.17 -22.67 80 1.79 0
18:41 757.17 -22.72 80 1.34 0
18:42 757.17 -22.72 80 1.34 0
18:43 757.17 -22.72 80 1.34 0
18:44 757.17 -22.72 80 1.34 0
18:45 757.17 -22.67 80 1.34 0
18:46 757.17 -22.72 80 1.34 0
18:47 757.17 -22.72 80 .89 0
18:48 757.17 -22.72 80 1.34 0
18:49 757.17 -22.78 80 1.34 0
18:50 757.17 -22.72 80 1.79 0
18:51 757.17 -22.78 80 2.24 0
18:52 757.17 -22.78 80 2.24 0
18:53 757.17 -22.72 80 1.79 0
18:54 757.17 -22.78 80 1.79 0
18:55 757.17 -22.78 80 2.24 0
18:56 757.17 -22.78 80 1.79 0
18:57 757.17 -22.78 80 1.34 0
18:58 757.17 -22.78 80 1.79 0
18:59 757.17 -22.83 80 1.79 0
19:00 757.17 -22.78 80 1.79 0
19:01 757.17 -22.83 80 2.24 0
19:02 757.17 -22.78 80 2.68 0
19:03 757.17 -22.83 80 2.24 0
19:04 757.17 -22.83 80 1.79 0
19:05 757.17 -22.83 80 1.34 0
19:06 757.17 -22.83 80 1.79 0
19:07 757.17 -22.83 80 1.79 0
19:08 757.17 -22.78 80 1.34 0
19:09 757.17 -22.78 80 1.34 0
19:10 757.17 -22.78 80 1.79 0
19:11 757.17 -22.78 80 1.79 0
19:12 757.17 -22.72 80 1.79 0
19:13 757.17 -22.72 80 1.79 0
19:14 757.17 -22.72 80 1.79 0
19:15 757.17 -22.67 80 1.79 0
19:16 757.17 -22.72 80 1.79 0
19:17 757.17 -22.67 80 1.79 0
19:18 757.17 -22.67 80 .89 0
19:19 757.17 -22.67 80 1.34 0
19:20 757.17 -22.67 80 1.34 0
19:21 757.17 -22.67 80 3.13 0
19:22 757.17 -22.67 80 2.24 0
19:23 757.17 -22.61 80 2.24 0
19:24 757.17 -22.61 80 2.24 0
19:25 757.17 -22.61 80 1.79 0
19:26 757.17 -22.61 80 2.24 0
19:27 757.17 -22.56 80 1.79 0
19:28 757.17 -22.56 81 1.79 0
19:29 757.43 -22.56 80 1.79 0
19:30 757.17 -22.56 80 1.79 0
19:31 757.17 -22.56 80 1.34 0
19:32 757.17 -22.56 80 1.79 0
19:33 757.17 -22.56 80 2.24 0
19:34 757.17 -22.56 80 1.79 0
19:35 757.17 -22.56 80 2.24 0
19:36 757.43 -22.56 80 1.79 0
19:37 757.17 -22.56 80 1.79 0
19:38 757.17 -22.56 80 1.79 0
19:39 757.17 -22.61 80 2.24 0
19:40 757.17 -22.56 80 2.24 0
19:41 757.17 -22.56 80 1.79 0
19:42 757.17 -22.61 80 1.79 0
19:43 757.17 -22.56 80 2.24 0
19:44 757.17 -22.56 80 3.58 0
19:45 757.17 -22.61 80 2.68 0
19:46 757.17 -22.56 80 1.79 0
19:47 757.17 -22.61 80 2.24 0
19:48 757.17 -22.61 80 3.58 0
19:49 757.17 -22.56 80 2.24 0
19:50 757.17 -22.61 80 3.58 0
19:51 757.17 -22.61 80 2.68 0
19:52 757.17 -22.61 80 2.24 0
19:53 757.17 -22.61 80 2.24 0
19:54 757.17 -22.56 80 2.68 0
19:55 757.17 -22.61 80 1.79 0
19:56 757.17 -22.61 80 3.13 0
19:57 757.17 -22.56 80 1.79 0
19:58 757.17 -22.56 80 2.24 0
19:59 757.17 -22.56 80 3.58 0
20:00 757.17 -22.56 80 2.68 0
20:01 757.17 -22.56 80 3.13 0
20:02 757.17 -22.56 80 3.13 0
20:03 757.17 -22.56 80 2.24 0
20:04 757.17 -22.56 80 2.24 0
20:05 757.17 -22.56 80 3.13 0
20:06 757.17 -22.61 80 1.79 0
20:07 757.17 -22.61 80 2.24 0
20:08 757.17 -22.67 80 1.79 0
20:09 757.17 -22.67 80 1.79 0
20:10 757.17 -22.67 80 2.68 0
20:11 757.17 -22.67 80 2.24 0
20:12 757.17 -22.67 80 2.24 0
20:13 757.17 -22.67 80 2.24 0
20:14 757.17 -22.67 80 2.24 0
20:15 757.17 -22.67 80 2.68 0
20:16 757.17 -22.67 80 1.79 0
20:17 757.17 -22.67 80 1.79 0
20:18 757.17 -22.67 80 1.79 0
20:19 757.17 -22.67 80 3.13 0
20:20 757.17 -22.67 80 3.13 0
20:21 757.17 -22.72 80 2.24 0
20:22 757.17 -22.72 80 1.34 0
20:23 757.17 -22.67 80 3.13 0
20:24 757.17 -22.72 80 2.24 0
20:25 757.17 -22.67 80 3.13 0
20:26 756.92 -22.67 80 1.79 0
20:27 757.17 -22.72 80 1.79 0
20:28 757.17 -22.67 80 1.79 0
20:29 757.17 -22.67 80 2.68 0
20:30 757.17 -22.61 80 1.79 0
20:31 757.17 -22.67 80 2.24 0
20:32 757.17 -22.67 80 1.79 0
20:33 757.17 -22.67 80 1.79 0
20:34 757.17 -22.67 80 2.24 0
20:35 757.17 -22.67 80 1.79 0
20:36 757.17 -22.72 80 1.79 0
20:37 757.17 -22.72 80 1.79 0
20:38 757.17 -22.72 80 1.79 0
20:39 757.17 -22.72 80 1.79 0
20:40 757.17 -22.72 80 1.34 0
20:41 757.17 -22.67 80 2.24 0
20:42 757.17 -22.72 80 1.79 0
20:43 757.17 -22.67 80 1.79 0
20:44 757.17 -22.67 80 1.79 0
20:45 757.17 -22.67 80 2.24 0
20:46 757.17 -22.61 81 1.34 0
20:47 757.17 -22.67 81 1.34 0
20:48 757.17 -22.67 81 1.79 0
20:49 757.17 -22.61 80 1.34 0
20:50 757.17 -22.67 80 2.24 0
20:51 757.17 -22.67 80 .89 0
20:52 757.17 -22.67 80 .45 0
20:53 757.17 -22.67 80 3.13 0
20:54 757.17 -22.61 80 1.79 0
20:55 757.17 -22.61 81 1.79 0
20:56 757.17 -22.61 81 1.79 0
20:57 757.17 -22.67 81 1.79 0
20:58 757.17 -22.61 80 1.79 0
20:59 757.17 -22.61 81 3.13 0
21:00 757.17 -22.61 81 1.79 0
21:01 756.92 -22.56 81 1.34 0
21:02 756.92 -22.61 81 1.34 0
21:03 756.92 -22.61 81 1.34 0
21:04 756.92 -22.61 80 1.79 0
21:05 756.92 -22.61 81 2.24 0
21:06 756.92 -22.61 80 1.34 0
21:07 756.92 -22.56 81 1.34 0
21:08 757.17 -22.61 81 1.79 0
21:09 756.92 -22.56 81 1.79 0
21:10 757.17 -22.56 81 .89 0
21:11 757.17 -22.56 81 3.13 0
21:12 757.17 -22.56 81 1.79 0
21:13 756.92 -22.56 81 .89 0
21:14 757.17 -22.5 81 1.34 0
21:15 757.17 -22.56 81 1.34 0
21:16 757.17 -22.5 81 1.79 0
21:17 757.17 -22.5 81 .89 0
21:18 757.17 -22.5 81 3.58 0
21:19 757.17 -22.5 81 1.79 0
21:20 756.92 -22.44 81 2.24 0
21:21 757.17 -22.44 81 1.34 0
21:22 756.92 -22.44 81 1.34 0
21:23 757.17 -22.39 81 3.13 0
21:24 757.17 -22.39 81 1.79 0
21:25 756.92 -22.44 81 1.79 0
21:26 757.17 -22.44 81 .89 0
21:27 756.92 -22.44 81 2.68 0
21:28 756.92 -22.39 81 1.79 0
21:29 756.92 -22.39 81 1.34 0
21:30 756.92 -22.39 81 3.58 0
21:31 756.92 -22.39 81 3.13 0
21:32 756.92 -22.39 81 2.68 0
21:33 756.92 -22.33 81 3.13 0
21:34 756.92 -22.33 81 4.47 0
21:35 757.17 -22.28 81 3.58 0
21:36 756.92 -22.28 81 1.34 0
21:37 756.92 -22.22 81 1.79 0
21:38 756.92 -22.22 81 2.24 0
21:39 756.92 -22.22 81 3.13 0
21:40 756.92 -22.17 81 3.13 0
21:41 756.92 -22.17 81 3.13 0
21:42 756.92 -22.11 81 4.92 0
21:43 756.92 -22.11 81 1.79 0
21:44 756.92 -22.06 81 1.79 0
21:45 757.17 -22.11 81 3.58 0
21:46 756.92 -22.06 81 2.24 0
21:47 756.92 -22.06 81 1.79 0
21:48 757.17 -22.06 81 1.79 0
21:49 757.17 -22.06 81 1.79 0
21:50 757.17 -22.06 81 2.24 0
21:51 757.17 -22.06 81 1.34 0
21:52 757.17 -22.06 81 1.79 0
21:53 757.17 -22.06 81 2.68 0
21:54 757.17 -22.06 81 2.24 0
21:55 757.17 -22.06 81 1.79 0
21:56 757.17 -22.11 81 1.34 0
21:57 757.17 -22.11 81 1.79 0
21:58 757.17 -22.06 81 1.79 0
21:59 757.17 -22.06 81 1.34 0
22:00 757.17 -22.06 81 1.79 0
22:01 757.17 -22.06 81 .45 0
22:02 757.17 -22.06 81 1.79 0
22:03 757.17 -22.06 81 1.34 0
22:04 757.17 -22 81 1.34 0
22:05 757.17 -22 81 .89 0
22:06 757.17 -21.94 81 1.34 0
22:07 757.17 -21.94 81 1.34 0
22:08 757.17 -21.94 81 1.34 0
22:09 757.17 -21.94 81 1.79 0
22:10 757.17 -21.94 81 1.79 0
22:11 757.17 -21.94 81 1.79 0
22:12 757.17 -21.94 81 .89 0
22:13 757.17 -21.89 82 1.79 0
22:14 757.17 -21.89 82 1.34 0
22:15 757.17 -21.83 82 1.79 0
22:16 757.17 -21.83 82 1.79 0
22:17 757.17 -21.83 82 1.34 0
22:18 757.17 -21.78 82 1.34 0
22:19 757.17 -21.78 82 2.24 0
22:20 757.17 -21.78 82 1.34 0
22:21 757.17 -21.78 82 1.79 0
22:22 757.17 -21.78 82 1.34 0
22:23 757.17 -21.78 82 .89 0
22:24 757.17 -21.78 82 2.68 0
22:25 757.17 -21.78 82 1.34 0
22:26 757.17 -21.78 82 2.24 0
22:27 757.17 -21.78 82 1.34 0
22:28 756.92 -21.72 82 2.68 0
22:29 756.92 -21.72 82 1.79 0
22:30 756.92 -21.67 82 1.34 0
22:31 756.92 -21.72 82 1.34 0
22:32 756.92 -21.67 82 1.34 0
22:33 757.17 -21.67 82 .89 0
22:34 756.92 -21.67 82 2.24 0
22:35 756.92 -21.67 82 1.34 0
22:36 756.92 -21.67 82 1.34 0
22:37 756.92 -21.67 82 1.34 0
22:38 756.92 -21.61 82 1.34 0
22:39 756.92 -21.67 82 1.34 0
22:40 756.92 -21.67 82 .89 0
22:41 756.92 -21.67 82 .89 0
22:42 756.92 -21.67 82 .89 0
22:43 757.17 -21.67 82 .89 0
22:44 756.92 -21.67 82 .89 0
22:45 756.92 -21.67 82 3.13 0
22:46 756.92 -21.67 82 1.79 0
22:47 756.92 -21.67 82 2.68 0
22:48 756.92 -21.67 82 1.34 0
22:49 756.92 -21.61 82 3.13 0
22:50 756.92 -21.61 82 1.79 0
22:51 756.92 -21.61 82 3.58 0
22:52 756.92 -21.56 82 3.58 0
22:53 756.92 -21.56 82 1.34 0
22:54 756.92 -21.56 82 2.24 0
22:55 756.92 -21.5 82 1.34 0
22:56 756.92 -21.5 82 2.24 0
22:57 756.92 -21.5 82 1.79 0
22:58 756.92 -21.44 82 2.24 0
22:59 756.92 -21.44 82 1.34 0
23:00 756.92 -21.44 82 1.34 0
23:01 757.17 -21.44 82 1.34 0
23:02 757.17 -21.5 82 .89 0
23:03 757.17 -21.5 82 1.34 0
23:04 757.17 -21.5 82 1.79 0
23:05 757.17 -21.5 82 1.79 0
23:06 757.17 -21.56 82 1.34 0
23:07 757.17 -21.56 82 1.79 0
23:08 757.17 -21.56 82 1.34 0
23:09 757.17 -21.56 82 .89 0
23:10 757.17 -21.56 82 1.79 0
23:11 757.17 -21.61 82 1.34 0
23:12 757.17 -21.61 82 1.79 0
23:13 757.17 -21.56 82 1.79 0
23:14 757.17 -21.61 82 1.34 0
23:15 757.17 -21.56 82 1.34 0
23:16 757.17 -21.56 82 1.79 0
23:17 757.17 -21.61 82 2.24 0
23:18 757.17 -21.56 82 1.79 0
23:19 757.17 -21.56 82 3.58 0
23:20 757.17 -21.56 82 1.79 0
23:21 757.17 -21.56 82 1.79 0
23:22 757.17 -21.56 82 2.24 0
23:23 757.17 -21.56 82 2.24 0
23:24 757.17 -21.56 82 2.24 0
23:25 757.17 -21.56 82 2.24 0
23:26 757.43 -21.56 82 1.79 0
23:27 757.17 -21.56 82 1.79 0
23:28 757.17 -21.56 82 2.24 0
23:29 757.17 -21.61 82 1.79 0
23:30 757.17 -21.56 82 1.34 0
23:31 757.43 -21.56 82 1.34 0
23:32 757.17 -21.56 82 .89 0
23:33 757.17 -21.61 82 1.34 0
23:34 757.43 -21.56 82 1.34 0
23:35 757.43 -21.56 82 1.79 0
23:36 757.43 -21.56 82 1.79 0
23:37 757.43 -21.56 82 1.79 0
23:38 757.43 -21.56 82 1.34 0
23:39 757.43 -21.56 82 1.79 0
23:40 757.43 -21.56 82 1.79 0
23:41 757.43 -21.56 82 1.34 0
23:42 757.43 -21.56 82 2.24 0
23:43 757.43 -21.56 82 1.79 0
23:44 757.43 -21.5 82 2.24 0
23:45 757.43 -21.5 82 .89 0
23:46 757.43 -21.44 82 1.79 0
23:47 757.43 -21.39 82 1.79 0
23:48 757.17 -21.39 82 1.34 0
23:49 757.17 -21.39 82 2.68 0
23:50 757.17 -21.33 82 .89 0
23:51 757.17 -21.33 82 .89 0
23:52 757.43 -21.28 82 .89 0
23:53 757.17 -21.28 82 3.58 0
23:54 757.43 -21.22 82 1.79 0
23:55 757.17 -21.22 82 1.34 0
23:56 757.17 -21.17 82 2.24 0
23:57 757.17 -21.17 82 2.24 0
23:58 757.17 -21.17 82 2.24 0
23:59 757.17 -21.11 82 1.34 0
