00:00 742.95 2.78 87 1.34 0
00:01 742.95 2.78 87 2.24 0
00:02 742.95 2.78 87 1.79 0
00:03 742.95 2.78 87 3.58 0
00:04 742.95 2.78 87 2.68 0
00:05 742.95 2.78 87 2.24 0
00:06 742.7 2.78 88 2.68 0
00:07 742.95 2.83 87 2.24 0
00:08 742.95 2.83 87 1.34 0
00:09 742.7 2.83 87 2.24 0
00:10 742.7 2.83 87 2.68 0
00:11 742.7 2.83 87 1.79 0
00:12 742.7 2.83 87 1.34 0
00:13 742.7 2.83 87 .89 0
00:14 742.7 2.83 87 2.68 0
00:15 742.7 2.83 87 3.13 0
00:16 742.7 2.83 87 1.34 0
00:17 742.95 2.83 87 2.68 0
00:18 742.95 2.83 87 1.34 0
00:19 742.7 2.83 87 2.24 0
00:20 742.7 2.78 87 1.79 0
00:21 742.7 2.78 87 1.34 0
00:22 742.7 2.78 87 1.34 0
00:23 742.7 2.78 87 4.02 0
00:24 742.7 2.78 87 2.24 0
00:25 742.7 2.78 87 2.24 0
00:26 742.7 2.78 87 2.24 0
00:27 742.7 2.78 87 2.24 0
00:28 742.44 2.72 87 .45 0
00:29 742.44 2.72 87 2.68 0
00:30 742.44 2.67 87 2.24 0
00:31 742.44 2.72 87 2.24 0
00:32 742.44 2.72 87 1.34 0
00:33 742.44 2.67 87 .89 0
00:34 742.44 2.67 87 1.79 0
00:35 742.44 2.61 87 1.79 0
00:36 742.44 2.67 87 2.24 0
00:37 742.44 2.61 87 1.79 0
00:38 742.44 2.61 88 1.34 0
00:39 742.44 2.61 88 2.24 0
00:40 742.44 2.61 88 2.24 0
00:41 742.44 2.56 88 1.34 0
00:42 742.44 2.56 88 2.24 0
00:43 742.44 2.56 88 1.79 0
00:44 742.44 2.56 88 2.24 0
00:45 742.44 2.56 88 1.34 0
00:46 742.44 2.56 88 2.68 0
00:47 742.44 2.56 88 2.24 0
00:48 742.44 2.56 88 .89 0
00:49 742.44 2.56 88 1.34 0
00:50 742.44 2.56 88 1.79 0
00:51 742.44 2.5 88 2.24 0
00:52 742.44 2.5 88 3.13 0
00:53 742.44 2.44 88 1.79 0
00:54 742.44 2.44 88 2.24 0
00:55 742.44 2.44 88 1.34 0
00:56 742.44 2.5 88 1.34 0
00:57 742.44 2.5 88 1.34 0
00:58 742.44 2.44 88 1.34 0
00:59 742.44 2.44 88 2.24 0
01:00 742.44 2.44 88 1.79 0
01:01 742.44 2.44 88 3.58 0
01:02 742.44 2.44 88 2.68 0
01:03 742.44 2.44 88 3.58 0
01:04 742.44 2.44 88 3.13 0
01:05 742.44 2.44 88 3.13 0
01:06 742.44 2.5 88 1.34 0
01:07 742.44 2.5 88 2.24 0
01:08 742.44 2.5 88 3.58 0
01:09 742.44 2.5 88 1.79 0
01:10 742.44 2.5 88 2.24 0
01:11 742.44 2.5 88 3.58 0
01:12 742.44 2.5 88 3.13 0
01:13 742.44 2.5 88 2.68 0
01:14 742.44 2.5 88 1.79 0
01:15 742.44 2.5 88 2.24 0
01:16 742.44 2.56 88 2.68 0
01:17 742.44 2.5 88 3.13 0
01:18 742.44 2.5 88 1.79 0
01:19 742.44 2.5 88 1.34 0
01:20 742.44 2.5 88 1.79 0
01:21 742.44 2.5 88 2.24 0
01:22 742.44 2.44 88 1.79 0
01:23 742.44 2.5 88 2.68 0
01:24 742.44 2.44 88 1.34 0
01:25 742.44 2.5 88 1.34 0
01:26 742.44 2.44 88 2.68 0
01:27 742.44 2.5 88 1.79 0
01:28 742.44 2.5 88 2.24 0
01:29 742.44 2.5 88 2.68 0
01:30 742.44 2.56 89 3.13 0
01:31 742.44 2.56 89 2.68 0
01:32 742.44 2.56 89 3.13 0
01:33 742.44 2.56 88 3.13 0
01:34 742.44 2.56 88 2.24 0
01:35 742.44 2.5 88 3.13 0
01:36 742.44 2.56 88 2.24 0
01:37 742.44 2.5 88 1.79 0
01:38 742.44 2.56 88 2.68 0
01:39 742.44 2.56 89 2.24 0
01:40 742.44 2.56 89 4.02 0
01:41 742.44 2.56 89 2.68 0
01:42 742.19 2.56 89 2.24 0
01:43 742.19 2.56 89 1.34 0
01:44 742.19 2.56 88 3.13 0
01:45 742.19 2.56 89 1.34 0
01:46 742.19 2.56 89 1.34 0
01:47 742.19 2.56 89 1.34 0
01:48 742.19 2.56 89 1.79 0
01:49 742.19 2.56 88 2.24 0
01:50 742.19 2.61 88 3.13 0
01:51 742.44 2.56 89 3.58 0
01:52 742.19 2.61 88 2.24 0
01:53 742.19 2.61 89 2.24 0
01:54 742.19 2.61 89 1.79 0
01:55 742.19 2.61 88 2.24 0
01:56 742.19 2.61 88 1.34 0
01:57 742.19 2.61 88 1.79 0
01:58 742.19 2.67 88 4.47 0
01:59 742.19 2.67 88 1.79 0
02:00 742.19 2.67 88 1.79 0
02:01 742.19 2.67 88 1.79 0
02:02 742.19 2.67 88 2.24 0
02:03 742.19 2.67 88 4.02 0
02:04 742.19 2.67 88 1.34 0
02:05 742.19 2.67 88 3.13 0
02:06 742.19 2.72 88 3.13 0
02:07 742.19 2.72 88 3.58 0
02:08 742.19 2.72 88 1.79 0
02:09 742.19 2.72 88 3.13 0
02:10 742.19 2.67 88 3.58 0
02:11 742.19 2.72 88 1.34 0
02:12 742.19 2.72 88 3.13 0
02:13 742.19 2.72 88 1.34 0
02:14 742.19 2.72 88 2.68 0
02:15 742.19 2.72 88 2.24 0
02:16 742.19 2.72 88 2.24 0
02:17 742.19 2.72 88 2.24 0
02:18 742.19 2.72 88 1.79 0
02:19 742.19 2.78 88 2.24 0
02:20 742.19 2.78 89 1.79 0
02:21 742.19 2.78 89 3.13 0
02:22 741.93 2.83 89 1.79 0
02:23 741.93 2.83 89 1.79 0
02:24 741.93 2.83 89 2.24 0
02:25 741.93 2.83 89 1.34 0
02:26 742.19 2.83 89 2.24 0
02:27 741.93 2.83 89 1.79 0
02:28 741.93 2.83 88 1.34 0
02:29 741.93 2.78 88 .89 0
02:30 741.93 2.78 88 2.24 0
02:31 741.93 2.78 89 1.79 0
02:32 741.93 2.83 89 1.34 0
02:33 741.93 2.83 89 1.34 0
02:34 741.93 2.83 89 2.24 0
02:35 741.93 2.83 89 1.79 0
02:36 741.93 2.83 89 1.34 0
02:37 741.93 2.83 89 1.79 0
02:38 742.19 2.83 89 1.79 0
02:39 742.19 2.83 89 1.79 0
02:40 742.19 2.83 89 1.79 0
02:41 741.93 2.83 89 1.34 0
02:42 742.19 2.83 89 1.34 0
02:43 741.93 2.83 89 1.79 0
02:44 741.93 2.89 89 1.34 0
02:45 741.93 2.89 89 1.34 0
02:46 742.19 2.89 89 .89 0
02:47 741.93 2.89 89 1.34 0
02:48 741.93 2.89 89 .89 0
02:49 741.93 2.94 89 1.34 0
02:50 741.93 2.94 88 .89 0
02:51 741.93 2.94 88 1.34 0
02:52 741.93 2.94 88 1.34 0
02:53 741.93 2.94 88 1.34 0
02:54 741.93 2.94 88 1.34 0
02:55 741.93 2.94 88 1.34 0
02:56 741.93 2.94 88 2.24 0
02:57 741.68 2.94 88 2.24 0
02:58 741.93 2.94 88 1.79 0
02:59 741.68 2.94 88 .89 0
03:00 741.68 3 88 1.34 0
03:01 741.68 3 88 1.79 0
03:02 741.68 3 88 2.24 0
03:03 741.68 3 88 1.34 0
03:04 741.68 3 88 2.24 0
03:05 741.68 3.06 88 1.34 0
03:06 741.68 3 88 1.79 0
03:07 741.68 3.06 88 1.79 0
03:08 741.68 3.06 88 2.68 0
03:09 741.68 3.06 88 2.24 0
03:10 741.68 3.06 88 .89 0
03:11 741.68 3.06 88 1.79 0
03:12 741.68 3.06 88 .89 0
03:13 741.68 3.11 88 1.34 0
03:14 741.68 3.11 88 1.34 0
03:15 741.68 3.11 88 .89 0
03:16 741.68 3.06 88 1.79 0
03:17 741.68 3.11 88 .89 0
03:18 741.68 3.11 88 1.34 0
03:19 741.68 3.11 88 .89 0
03:20 741.68 3.11 88 1.79 0
03:21 741.68 3.11 88 .89 0
03:22 741.93 3.11 88 1.34 0
03:23 741.93 3.11 88 1.79 0
03:24 741.93 3.11 88 .89 0
03:25 741.93 3.11 88 1.79 0
03:26 741.93 3.11 88 1.34 0
03:27 741.93 3.11 88 1.34 0
03:28 741.93 3.11 88 1.34 0
03:29 741.93 3.11 88 2.24 0
03:30 741.93 3.11 88 1.79 0
03:31 741.93 3.11 88 .89 0
03:32 741.93 3.11 88 1.34 0
03:33 741.93 3.11 88 1.79 0
03:34 741.93 3.11 88 1.34 0
03:35 741.93 3.11 88 1.34 0
03:36 741.93 3.11 88 1.79 0
03:37 741.93 3.11 88 1.79 0
03:38 741.93 3.11 88 1.79 0
03:39 741.93 3.11 88 1.79 0
03:40 741.93 3.11 88 2.68 0
03:41 741.93 3.06 88 1.34 0
03:42 741.93 3.06 88 .89 0
03:43 741.93 3.06 88 1.79 0
03:44 741.93 3.06 88 1.34 0
03:45 741.93 3.06 88 1.79 0
03:46 741.68 3.06 88 1.79 0
03:47 741.93 3.06 88 1.79 0
03:48 741.68 3.11 88 2.68 0
03:49 741.68 3.06 88 2.68 0
03:50 741.68 3.06 88 1.79 0
03:51 741.68 3.06 88 1.79 0
03:52 741.93 3.06 88 2.24 0
03:53 741.68 3.06 88 1.79 0
03:54 741.68 3.06 88 2.68 0
03:55 741.68 3 88 1.79 0
03:56 741.68 3 88 2.68 0
03:57 741.68 3 88 2.24 0
03:58 741.68 3 88 1.34 0
03:59 741.68 3 88 1.34 0
04:00 741.68 3 88 1.79 0
04:01 741.93 3.06 88 2.24 0
04:02 741.93 3 88 1.34 0
04:03 741.93 3 88 1.34 0
04:04 741.93 3 88 2.24 0
04:05 741.93 3 88 1.34 0
04:06 741.93 3 88 2.24 0
04:07 741.93 3 88 2.24 0
04:08 741.93 3 88 2.24 0
04:09 741.93 3 88 1.79 0
04:10 741.93 3 88 1.34 0
04:11 741.93 3.06 88 1.79 0
04:12 741.93 3.06 88 2.68 0
04:13 741.93 3.06 88 2.24 0
04:14 741.68 3.06 88 1.79 0
04:15 741.68 3.06 88 1.34 0
04:16 741.68 3.06 88 2.24 0
04:17 741.68 3.06 88 1.79 0
04:18 741.68 3 88 1.79 0
04:19 741.68 3 88 2.68 0
04:20 741.68 3 88 2.24 0
04:21 741.68 3 88 .89 0
04:22 741.68 3 88 2.24 0
04:23 741.68 3 88 1.79 0
04:24 741.68 3 88 1.79 0
04:25 741.68 3 88 .89 0
04:26 741.68 3 88 1.79 0
04:27 741.68 3 88 1.34 0
04:28 741.68 3 88 .45 0
04:29 741.68 3 88 2.24 0
04:30 741.68 3 88 1.79 0
04:31 741.68 3 88 2.24 0
04:32 741.68 3 88 1.79 0
04:33 741.68 3 88 1.79 0
04:34 741.68 3 88 1.79 0
04:35 741.68 3 88 1.34 0
04:36 741.68 3 88 1.79 0
04:37 741.68 3 88 .89 0
04:38 741.68 3 88 2.24 0
04:39 741.93 3 88 1.79 0
04:40 741.68 3 88 1.79 0
04:41 741.68 3 88 2.24 0
04:42 741.68 3 88 1.79 0
04:43 741.68 3 88 1.34 0
04:44 741.68 3 88 2.24 0
04:45 741.68 3.06 88 1.79 0
04:46 741.68 3.06 88 2.24 0
04:47 741.68 3.06 88 1.79 0
04:48 741.68 3.06 88 2.24 0
04:49 741.68 3.06 88 1.34 0
04:50 741.68 3.06 88 1.79 0
04:51 741.68 3.06 88 .89 0
04:52 741.68 3.06 88 .89 0
04:53 741.68 3.06 88 1.34 0
04:54 741.68 3.06 88 1.34 0
04:55 741.68 3.06 87 1.34 0
04:56 741.68 3 87 1.34 0
04:57 741.68 3.06 87 .45 0
04:58 741.68 3.06 88 1.79 0
04:59 741.68 3 88 .89 0
05:00 741.68 3.06 88 1.34 0
05:01 741.68 3 88 1.34 0
05:02 741.68 3 88 .89 0
05:03 741.68 3.06 88 1.79 0
05:04 741.68 3.06 88 1.34 0
05:05 741.68 3.06 88 1.79 0
05:06 741.68 3.06 88 .89 0
05:07 741.68 3.06 88 1.34 0
05:08 741.68 3.06 88 1.34 0
05:09 741.68 3.06 88 1.34 0
05:10 741.68 3.06 88 1.34 0
05:11 741.68 3.06 88 1.34 0
05:12 741.68 3.06 88 1.34 0
05:13 741.68 3.06 88 1.34 0
05:14 741.68 3.06 88 .89 0
05:15 741.68 3.06 87 .45 0
05:16 741.68 3.06 87 1.79 0
05:17 741.68 3.06 87 1.34 0
05:18 741.68 3.06 87 1.34 0
05:19 741.68 3.06 88 1.79 0
05:20 741.68 3.06 88 2.24 0
05:21 741.68 3.06 88 1.34 0
05:22 741.68 3.06 88 1.79 0
05:23 741.68 3.11 88 1.34 0
05:24 741.68 3.11 88 1.79 0
05:25 741.68 3.11 88 2.24 0
05:26 741.68 3.11 87 1.79 0
05:27 741.68 3.11 87 1.34 0
05:28 741.68 3.11 87 2.24 0
05:29 741.68 3.11 87 1.79 0
05:30 741.68 3.06 87 .89 0
05:31 741.68 3.06 87 2.24 0
05:32 741.68 3.06 87 1.34 0
05:33 741.68 3.06 87 1.34 0
05:34 741.43 3.06 87 1.34 0
05:35 741.43 3.11 87 1.79 0
05:36 741.43 3.11 87 1.34 0
05:37 741.43 3.11 87 1.34 0
05:38 741.43 3.11 87 1.79 0
05:39 741.43 3.11 87 1.34 0
05:40 741.43 3.11 87 1.79 0
05:41 741.43 3.11 87 1.34 0
05:42 741.43 3.11 87 1.79 0
05:43 741.43 3.11 87 1.34 0
05:44 741.43 3.11 87 1.79 0
05:45 741.43 3.11 87 3.13 0
05:46 741.43 3.11 87 1.79 0
05:47 741.43 3.11 87 2.24 0
05:48 741.17 3.17 87 2.24 0
05:49 741.17 3.17 87 2.24 0
05:50 741.43 3.17 87 2.24 0
05:51 741.43 3.17 87 1.34 0
05:52 741.43 3.17 87 1.34 0
05:53 741.43 3.17 87 .89 0
05:54 741.43 3.17 87 .89 0
05:55 741.43 3.17 87 1.34 0
05:56 741.43 3.11 87 1.79 0
05:57 741.43 3.11 87 1.34 0
05:58 741.43 3.11 87 1.34 0
05:59 741.43 3.11 87 1.34 0
06:00 741.43 3.11 87 1.34 0
06:01 741.17 3.11 87 1.79 0
06:02 741.17 3.06 87 1.79 0
06:03 741.43 3.11 87 3.13 0
06:04 741.17 3.11 87 2.24 0
06:05 741.17 3.11 87 1.34 0
06:06 741.17 3.11 87 2.24 0
06:07 741.17 3.11 87 3.13 0
06:08 741.17 3.11 87 3.13 0
06:09 741.17 3.11 87 2.24 0
06:10 741.17 3.11 87 1.79 0
06:11 741.43 3.17 87 2.24 0
06:12 741.43 3.11 87 1.34 0
06:13 741.43 3.11 87 1.34 0
06:14 741.43 3.11 87 1.79 0
06:15 741.43 3.11 87 2.24 0
06:16 741.43 3.11 87 1.34 0
06:17 741.43 3.17 87 1.34 0
06:18 741.43 3.11 87 2.24 0
06:19 741.43 3.17 87 1.79 0
06:20 741.43 3.11 87 3.13 0
06:21 741.43 3.17 87 .89 0
06:22 741.43 3.11 87 1.34 0
06:23 741.43 3.17 87 2.68 0
06:24 741.43 3.22 87 1.34 0
06:25 741.43 3.22 87 1.34 0
06:26 741.43 3.22 87 1.79 0
06:27 741.43 3.22 87 1.34 0
06:28 741.43 3.22 87 1.34 0
06:29 741.43 3.28 87 1.34 0
06:30 741.43 3.28 87 1.34 0
06:31 741.68 3.28 87 2.68 0
06:32 741.68 3.28 87 1.79 0
06:33 741.68 3.28 87 1.34 0
06:34 741.68 3.28 87 1.34 0
06:35 741.68 3.28 87 .89 0
06:36 741.43 3.28 87 1.79 0
06:37 741.68 3.28 87 .89 0
06:38 741.68 3.33 87 1.79 0
06:39 741.43 3.33 87 1.34 0
06:40 741.43 3.33 87 1.79 0
06:41 741.68 3.28 87 .89 0
06:42 741.68 3.33 87 .89 0
06:43 741.68 3.33 87 1.34 0
06:44 741.68 3.33 87 .89 0
06:45 741.68 3.33 87 1.79 0
06:46 741.68 3.39 87 1.34 0
06:47 741.68 3.33 87 .89 0
06:48 741.68 3.33 87 .89 0
06:49 741.68 3.33 87 1.34 0
06:50 741.68 3.39 87 1.79 0
06:51 741.68 3.39 87 1.34 0
06:52 741.68 3.39 87 .89 0
06:53 741.68 3.33 87 1.34 0
06:54 741.68 3.39 87 1.79 0
06:55 741.68 3.33 87 2.68 0
06:56 741.68 3.39 87 1.34 0
06:57 741.68 3.33 87 1.79 0
06:58 741.68 3.39 87 1.79 0
06:59 741.68 3.39 87 1.79 0
07:00 741.68 3.39 87 2.68 0
07:01 741.68 3.39 87 1.79 0
07:02 741.68 3.39 87 1.79 0
07:03 741.68 3.39 87 1.79 0
07:04 741.68 3.39 87 1.34 0
07:05 741.68 3.44 87 1.79 0
07:06 741.68 3.44 87 2.68 0
07:07 741.68 3.44 87 2.68 0
07:08 741.68 3.44 87 2.68 0
07:09 741.68 3.44 87 1.34 0
07:10 741.68 3.44 86 2.68 0
07:11 741.68 3.44 86 1.79 0
07:12 741.68 3.44 87 2.68 0
07:13 741.68 3.5 87 1.34 0
07:14 741.68 3.5 86 4.02 0
07:15 741.68 3.5 86 3.13 0
07:16 741.68 3.5 86 3.13 0
07:17 741.68 3.56 86 3.13 0
07:18 741.68 3.56 86 3.13 0
07:19 741.68 3.56 86 1.34 0
07:20 741.68 3.56 86 3.58 0
07:21 741.68 3.56 86 3.58 0
07:22 741.68 3.61 86 3.58 0
07:23 741.68 3.61 86 3.13 0
07:24 741.68 3.61 86 1.79 0
07:25 741.68 3.61 86 3.13 0
07:26 741.68 3.61 86 1.34 0
07:27 741.68 3.61 86 3.58 0
07:28 741.68 3.61 86 1.79 0
07:29 741.68 3.61 86 2.68 0
07:30 741.68 3.61 86 1.79 0
07:31 741.68 3.61 86 1.79 0
07:32 741.68 3.67 86 1.34 0
07:33 741.68 3.67 86 3.13 0
07:34 741.93 3.67 86 1.79 0
07:35 741.93 3.67 86 1.79 0
07:36 741.68 3.67 86 1.34 0
07:37 741.93 3.67 86 .89 0
07:38 741.68 3.67 86 1.34 0
07:39 741.68 3.67 86 1.79 0
07:40 741.93 3.67 86 2.68 0
07:41 741.68 3.67 86 1.79 0
07:42 741.68 3.61 86 1.34 0
07:43 741.68 3.67 86 2.68 0
07:44 741.68 3.67 86 1.34 0
07:45 741.68 3.67 86 1.79 0
07:46 741.68 3.67 86 2.68 0
07:47 741.68 3.67 86 2.68 0
07:48 741.68 3.72 86 1.79 0
07:49 741.68 3.72 86 2.68 0
07:50 741.68 3.72 86 1.79 0
07:51 741.68 3.72 86 1.34 0
07:52 741.68 3.72 86 3.13 0
07:53 741.68 3.72 86 1.79 0
07:54 741.68 3.72 86 1.34 0
07:55 741.68 3.78 86 .89 0
07:56 741.68 3.72 86 1.79 0
07:57 741.68 3.72 86 1.34 0
07:58 741.68 3.78 86 2.24 0
07:59 741.68 3.78 86 2.68 0
08:00 741.68 3.78 86 1.79 0
08:01 741.68 3.78 86 3.13 0
08:02 741.68 3.78 86 .89 0
08:03 741.68 3.78 86 2.24 0
08:04 741.68 3.83 86 2.68 0
08:05 741.68 3.83 86 4.02 0
08:06 741.68 3.83 86 3.13 0
08:07 741.68 3.83 86 3.13 0
08:08 741.68 3.83 86 2.68 0
08:09 741.68 3.83 86 1.79 0
08:10 741.68 3.83 86 3.13 0
08:11 741.68 3.83 86 2.68 0
08:12 741.68 3.83 86 1.79 0
08:13 741.68 3.83 86 2.68 0
08:14 741.68 3.83 86 1.79 0
08:15 741.68 3.83 86 1.79 0
08:16 741.68 3.83 86 1.34 0
08:17 741.93 3.83 86 1.34 0
08:18 741.93 3.83 86 3.58 0
08:19 741.93 3.83 86 1.34 0
08:20 741.93 3.83 86 1.79 0
08:21 741.93 3.89 86 2.68 0
08:22 741.93 3.89 86 2.68 0
08:23 741.93 3.89 86 1.79 0
08:24 741.68 3.89 86 2.68 0
08:25 741.68 3.94 86 1.34 0
08:26 741.68 3.94 85 3.13 0
08:27 741.93 3.94 85 4.47 0
08:28 741.68 3.94 85 4.02 0
08:29 741.93 3.94 85 4.02 0
08:30 741.68 3.94 85 3.13 0
08:31 741.68 4 85 3.58 0
08:32 741.68 4 85 4.92 0
08:33 741.68 4 85 3.13 0
08:34 741.68 4 85 1.79 0
08:35 741.68 4 85 2.24 0
08:36 741.68 3.94 85 3.13 0
08:37 741.93 4 85 2.24 0
08:38 741.68 4 85 4.02 0
08:39 741.68 4.06 85 4.47 0
08:40 741.93 4.06 85 2.24 0
08:41 741.68 4.06 85 1.34 0
08:42 741.68 4.06 85 1.79 0
08:43 741.93 4.06 85 1.34 0
08:44 741.93 4.11 85 3.13 0
08:45 741.93 4.11 85 1.79 0
08:46 741.93 4.11 85 3.13 0
08:47 741.93 4.11 85 1.79 0
08:48 741.93 4.11 85 3.13 0
08:49 741.93 4.11 85 .89 0
08:50 741.93 4.17 85 3.13 0
08:51 741.93 4.17 85 3.58 0
08:52 741.93 4.17 85 1.79 0
08:53 741.93 4.17 85 4.02 0
08:54 741.93 4.17 85 4.02 0
08:55 741.93 4.22 85 1.79 0
08:56 741.93 4.17 85 1.79 0
08:57 741.93 4.17 85 2.24 0
08:58 741.93 4.17 85 2.68 0
08:59 741.93 4.22 85 3.13 0
09:00 741.93 4.28 85 1.34 0
09:01 741.93 4.22 85 1.79 0
09:02 741.93 4.28 85 2.24 0
09:03 741.93 4.28 85 1.79 0
09:04 741.68 4.33 85 1.79 0
09:05 741.93 4.33 85 3.13 0
09:06 741.93 4.33 85 2.68 0
09:07 741.93 4.33 85 1.34 0
09:08 741.68 4.33 84 1.34 0
09:09 741.93 4.39 84 1.79 0
09:10 741.68 4.44 84 3.58 0
09:11 741.93 4.44 84 1.34 0
09:12 741.93 4.44 84 1.79 0
09:13 741.93 4.44 84 1.79 0
09:14 741.68 4.44 84 .89 0
09:15 741.68 4.44 84 .89 0
09:16 741.93 4.5 84 .89 0
09:17 741.68 4.5 84 1.79 0
09:18 741.68 4.56 84 1.34 0
09:19 741.68 4.56 84 2.68 0
09:20 741.93 4.56 84 2.24 0
09:21 741.68 4.56 84 3.58 0
09:22 741.68 4.61 84 1.79 0
09:23 741.68 4.61 84 1.79 0
09:24 741.68 4.61 84 1.79 0
09:25 741.68 4.67 84 1.79 0
09:26 741.68 4.67 84 3.13 0
09:27 741.68 4.72 83 1.34 0
09:28 741.68 4.72 83 3.13 0
09:29 741.68 4.72 84 1.79 0
09:30 741.68 4.72 84 .89 0
09:31 741.68 4.72 83 1.34 0
09:32 741.68 4.78 83 1.79 0
09:33 741.68 4.78 83 1.34 0
09:34 741.68 4.83 83 .89 0
09:35 741.68 4.83 84 3.13 0
09:36 741.68 4.83 83 1.79 0
09:37 741.68 4.83 83 2.24 0
09:38 741.68 4.89 83 3.13 0
09:39 741.68 4.83 83 4.02 0
09:40 741.68 4.83 83 2.24 0
09:41 741.68 4.83 83 3.13 0
09:42 741.68 4.83 83 .89 0
09:43 741.68 4.89 83 1.79 0
09:44 741.68 4.89 83 3.58 0
09:45 741.68 4.89 83 3.58 0
09:46 741.68 4.89 83 2.24 0
09:47 741.68 4.89 83 1.79 0
09:48 741.68 4.94 83 3.13 0
09:49 741.68 4.94 83 4.47 0
09:50 741.68 4.94 83 2.24 0
09:51 741.68 4.94 83 3.13 0
09:52 741.68 4.94 83 1.79 0
09:53 741.68 5 83 3.13 0
09:54 741.68 5 83 3.58 0
09:55 741.68 5.06 83 2.68 0
09:56 741.68 5.06 83 2.68 0
09:57 741.68 5.06 83 3.13 0
09:58 741.68 5.11 82 2.68 0
09:59 741.68 5.11 82 1.79 0
10:00 741.68 5.17 82 2.24 0
10:01 741.68 5.17 82 3.58 0
10:02 741.68 5.22 82 4.02 0
10:03 741.68 5.22 82 3.13 0
10:04 741.68 5.17 82 2.24 0
10:05 741.68 5.22 82 2.24 0
10:06 741.68 5.22 82 3.13 0
10:07 741.68 5.22 82 1.79 0
10:08 741.68 5.22 82 1.79 0
10:09 741.68 5.28 82 2.68 0
10:10 741.43 5.28 82 1.34 0
10:11 741.43 5.28 82 1.79 0
10:12 741.68 5.28 82 .89 0
10:13 741.68 5.33 82 2.68 0
10:14 741.68 5.33 81 1.79 0
10:15 741.68 5.39 81 .45 0
10:16 741.43 5.39 81 1.34 0
10:17 741.43 5.39 81 .89 0
10:18 741.68 5.44 81 1.34 0
10:19 741.68 5.44 82 .89 0
10:20 741.68 5.5 82 1.79 0
10:21 741.68 5.61 81 1.79 0
10:22 741.68 5.61 81 2.24 0
10:23 741.68 5.67 81 1.34 0
10:24 741.68 5.67 81 4.92 0
10:25 741.68 5.72 81 3.58 0
10:26 741.68 5.67 80 3.58 0
10:27 741.43 5.67 80 1.79 0
10:28 741.68 5.67 80 4.02 0
10:29 741.68 5.61 80 1.34 0
10:30 741.43 5.61 81 1.34 0
10:31 741.43 5.67 81 5.81 0
10:32 741.43 5.61 81 3.58 0
10:33 741.43 5.61 81 1.79 0
10:34 741.43 5.61 81 4.02 0
10:35 741.43 5.67 81 6.26 0
10:36 741.43 5.61 80 4.92 0
10:37 741.43 5.61 81 4.02 0
10:38 741.43 5.56 81 1.34 0
10:39 741.43 5.56 81 4.02 0
10:40 741.43 5.56 80 4.92 0
10:41 741.43 5.56 80 4.47 0
10:42 741.43 5.56 80 4.47 0
10:43 741.68 5.56 81 4.02 0
10:44 741.68 5.56 81 4.47 0
10:45 741.43 5.56 81 4.92 0
10:46 741.43 5.61 81 4.92 0
10:47 741.43 5.61 81 3.58 0
10:48 741.68 5.61 81 4.02 0
10:49 741.68 5.61 80 4.47 0
10:50 741.68 5.61 80 4.02 0
10:51 741.68 5.61 80 3.58 0
10:52 741.68 5.61 80 2.68 0
10:53 741.68 5.67 80 4.02 0
10:54 741.68 5.67 81 7.6 0
10:55 741.68 5.67 80 4.92 0
10:56 741.68 5.67 80 1.34 0
10:57 741.68 5.67 80 3.58 0
10:58 741.68 5.67 80 3.58 0
10:59 741.68 5.67 80 1.79 0
11:00 741.68 5.72 80 4.47 0
11:01 741.68 5.67 80 4.92 0
11:02 741.68 5.72 80 4.02 0
11:03 741.68 5.72 80 4.47 0
11:04 741.68 5.78 80 4.47 0
11:05 741.68 5.78 80 1.79 0
11:06 741.68 5.78 80 3.13 0
11:07 741.68 5.78 80 1.79 0
11:08 741.68 5.78 80 2.24 0
11:09 741.68 5.78 80 4.02 0
11:10 741.68 5.83 80 3.13 0
11:11 741.68 5.83 80 2.24 0
11:12 741.68 5.83 80 4.47 0
11:13 741.68 5.78 80 3.58 0
11:14 741.68 5.89 80 1.79 0
11:15 741.68 5.89 80 3.58 0
11:16 741.68 5.89 80 1.34 0
11:17 741.68 5.94 80 4.02 0
11:18 741.68 5.94 79 1.79 0
11:19 741.68 5.94 79 4.02 0
11:20 741.68 5.94 79 3.58 0
11:21 741.68 6 79 4.02 0
11:22 741.68 6 79 2.24 0
11:23 741.68 6 79 2.68 0
11:24 741.68 6.06 79 2.24 0
11:25 741.68 6.11 79 1.79 0
11:26 741.68 6.11 79 3.58 0
11:27 741.68 6.17 78 3.13 0
11:28 741.68 6.17 78 4.47 0
11:29 741.68 6.17 78 4.02 0
11:30 741.68 6.17 78 4.92 0
11:31 741.68 6.22 78 2.68 0
11:32 741.68 6.22 78 2.24 0
11:33 741.68 6.22 78 2.24 0
11:34 741.68 6.28 78 4.02 0
11:35 741.68 6.33 78 2.68 0
11:36 741.68 6.33 78 1.34 0
11:37 741.68 6.39 78 4.92 0
11:38 741.68 6.44 78 3.58 0
11:39 741.68 6.5 77 1.79 0
11:40 741.68 6.56 77 5.36 0
11:41 741.68 6.61 77 3.58 0
11:42 741.68 6.56 76 7.15 0
11:43 741.43 6.5 76 3.13 0
11:44 741.68 6.5 76 3.58 0
11:45 741.68 6.5 76 4.92 0
11:46 741.68 6.56 76 4.02 0
11:47 741.43 6.61 76 3.13 0
11:48 741.43 6.67 76 5.81 0
11:49 741.68 6.61 76 5.81 0
11:50 741.68 6.56 76 4.02 0
11:51 741.68 6.56 76 5.81 0
11:52 741.43 6.5 76 4.47 0
11:53 741.43 6.5 76 2.24 0
11:54 741.43 6.44 76 4.47 0
11:55 741.68 6.39 76 8.49 0
11:56 741.43 6.39 76 4.47 0
11:57 741.68 6.39 76 7.15 0
11:58 741.43 6.33 76 6.26 0
11:59 741.43 6.33 76 5.36 0
12:00 741.43 6.33 76 7.15 0
12:01 741.43 6.33 76 3.13 0
12:02 741.43 6.33 76 4.02 0
12:03 741.43 6.33 76 4.47 0
12:04 741.43 6.33 76 3.58 0
12:05 741.43 6.39 76 3.58 0
12:06 741.43 6.39 76 3.58 0
12:07 741.43 6.39 76 7.15 0
12:08 741.43 6.39 76 3.58 0
12:09 741.43 6.39 76 3.58 0
12:10 741.43 6.39 75 5.81 0
12:11 741.43 6.39 75 4.02 0
12:12 741.43 6.33 75 4.92 0
12:13 741.68 6.33 75 5.81 0
12:14 741.43 6.28 75 3.58 0
12:15 741.68 6.28 75 7.6 0
12:16 741.68 6.22 75 3.58 0
12:17 741.68 6.22 76 4.02 0
12:18 741.68 6.22 76 3.13 0
12:19 741.68 6.22 76 3.13 0
12:20 741.68 6.17 76 3.13 0
12:21 741.68 6.17 76 4.02 0
12:22 741.68 6.17 76 4.47 0
12:23 741.68 6.17 76 4.02 0
12:24 741.68 6.17 76 4.02 0
12:25 741.68 6.11 76 4.02 0
12:26 741.68 6.11 76 3.13 0
12:27 741.68 6.11 76 4.02 0
12:28 741.68 6.11 76 2.24 0
12:29 741.68 6.11 76 2.68 0
12:30 741.68 6.06 76 3.58 0
12:31 741.68 6.06 76 3.13 0
12:32 741.68 6.06 76 3.58 0
12:33 741.68 6.06 76 3.13 0
12:34 741.68 6.06 76 3.13 0
12:35 741.68 6.06 76 4.02 0
12:36 741.68 6.06 76 3.13 0
12:37 741.68 6.06 76 3.13 0
12:38 741.68 6.06 76 4.92 0
12:39 741.68 6.06 76 2.68 0
12:40 741.68 6.06 76 3.58 0
12:41 741.68 6.06 76 3.58 0
12:42 741.68 6.06 76 5.81 0
12:43 741.68 6.06 76 2.24 0
12:44 741.68 6.06 76 4.47 0
12:45 741.68 6.11 76 4.47 0
12:46 741.68 6.06 76 4.02 0
12:47 741.68 6.06 76 3.13 0
12:48 741.68 6.11 76 2.24 0
12:49 741.68 6.11 76 4.47 0
12:50 741.68 6.11 76 5.36 0
12:51 741.68 6.11 76 1.34 0
12:52 741.68 6.11 76 3.58 0
12:53 741.68 6.11 76 3.58 0
12:54 741.68 6.11 76 5.81 0
12:55 741.93 6.11 76 3.13 0
12:56 741.93 6.11 76 5.36 0
12:57 741.93 6.06 76 4.02 0
12:58 741.93 6.11 76 5.36 0
12:59 741.93 6.06 76 3.13 0
13:00 741.68 6.06 76 4.92 0
13:01 741.93 6.06 76 3.58 0
13:02 741.68 6.06 76 3.58 0
13:03 741.93 6.06 76 3.13 0
13:04 741.93 6.06 76 3.13 0
13:05 741.93 6 76 6.71 0
13:06 741.68 6.06 76 5.81 0
13:07 741.68 6.06 76 4.02 0
13:08 741.68 6.06 76 5.36 0
13:09 741.68 6.06 76 3.58 0
13:10 741.68 6.06 76 1.79 0
13:11 741.68 6.06 76 4.02 0
13:12 741.68 6.06 76 2.24 0
13:13 741.68 6.06 76 4.92 0
13:14 741.93 6.06 76 4.92 0
13:15 741.93 6.06 75 4.92 0
13:16 741.93 6.06 75 2.24 0
13:17 741.68 6.11 75 3.58 0
13:18 741.93 6.11 75 4.47 0
13:19 741.93 6.11 75 4.92 0
13:20 741.93 6.11 75 1.79 0
13:21 741.93 6.06 75 1.34 0
13:22 741.68 6.06 75 1.34 0
13:23 741.93 6.11 75 5.36 0
13:24 741.93 6.06 75 3.13 0
13:25 741.93 6.06 75 3.58 0
13:26 741.93 6.06 75 3.58 0
13:27 741.93 6.06 75 2.24 0
13:28 741.93 6 75 4.92 0
13:29 741.93 6.06 75 1.79 0
13:30 741.93 6.06 75 2.24 0
13:31 741.93 6.06 75 1.79 0
13:32 741.93 6 75 3.13 0
13:33 741.93 6 75 3.13 0
13:34 741.93 6.06 75 2.24 0
13:35 741.93 6 75 3.13 0
13:36 741.93 6.06 75 3.13 0
13:37 741.93 6 75 1.34 0
13:38 741.93 6 75 5.36 0
13:39 741.93 6 75 1.79 0
13:40 741.93 6.06 76 2.24 0
13:41 741.93 6 76 3.13 0
13:42 741.93 6 75 4.92 0
13:43 741.93 6 75 4.02 0
13:44 741.93 6 75 3.58 0
13:45 741.93 6 76 3.13 0
13:46 741.93 5.94 76 4.47 0
13:47 741.93 5.94 76 3.13 0
13:48 741.93 5.94 76 5.81 0
13:49 741.93 6 76 2.24 0
13:50 741.93 5.94 76 4.92 0
13:51 741.93 5.94 76 2.24 0
13:52 741.93 5.94 76 4.02 0
13:53 741.93 6 76 2.24 0
13:54 741.93 5.94 76 3.58 0
13:55 741.93 5.94 76 4.02 0
13:56 741.93 6 76 1.79 0
13:57 741.93 6 76 4.02 0
13:58 741.93 6 76 4.47 0
13:59 741.93 5.94 76 3.58 0
14:00 741.93 6 76 2.24 0
14:01 741.93 6 76 2.24 0
14:02 741.93 6 76 3.13 0
14:03 741.93 6.06 76 3.13 0
14:04 741.93 6 76 6.71 0
14:05 741.93 6 75 3.13 0
14:06 741.93 6.06 75 3.58 0
14:07 741.93 6 75 3.58 0
14:08 741.93 6.06 75 4.02 0
14:09 741.93 6.06 75 3.58 0
14:10 741.93 6.06 75 3.13 0
14:11 741.93 6.06 75 4.02 0
14:12 741.93 6.06 75 3.58 0
14:13 741.93 6.06 75 4.92 0
14:14 741.93 6.11 75 4.47 0
14:15 741.93 6.11 75 1.79 0
14:16 741.93 6.11 75 4.02 0
14:17 741.93 6.11 75 4.02 0
14:18 741.93 6.11 75 4.47 0
14:19 741.93 6.11 75 1.79 0
14:20 741.93 6.17 75 3.13 0
14:21 741.93 6.11 75 3.13 0
14:22 741.93 6.17 75 2.68 0
14:23 741.93 6.17 75 3.58 0
14:24 741.93 6.17 75 4.47 0
14:25 741.93 6.17 75 1.79 0
14:26 741.93 6.17 75 3.13 0
14:27 741.93 6.17 75 1.79 0
14:28 741.93 6.17 75 2.68 0
14:29 741.93 6.17 75 4.92 0
14:30 741.93 6.17 75 3.13 0
14:31 741.93 6.22 75 1.79 0
14:32 741.93 6.22 75 4.02 0
14:33 741.93 6.22 75 2.68 0
14:34 741.93 6.22 75 4.02 0
14:35 741.93 6.22 75 4.02 0
14:36 741.93 6.22 75 3.58 0
14:37 741.93 6.22 75 4.02 0
14:38 741.93 6.22 75 1.79 0
14:39 741.93 6.28 75 4.02 0
14:40 741.93 6.28 75 2.24 0
14:41 741.93 6.28 75 .89 0
14:42 741.93 6.28 75 2.68 0
14:43 741.93 6.28 75 4.02 0
14:44 741.93 6.33 75 4.02 0
14:45 741.93 6.33 75 3.13 0
14:46 741.93 6.33 75 3.13 0
14:47 741.93 6.33 75 2.24 0
14:48 741.93 6.33 75 3.13 0
14:49 741.93 6.33 75 1.34 0
14:50 741.93 6.33 75 3.58 0
14:51 741.93 6.33 75 2.24 0
14:52 741.93 6.33 75 1.34 0
14:53 741.93 6.33 75 2.24 0
14:54 741.93 6.39 75 1.34 0
14:55 741.93 6.39 75 .89 0
14:56 741.93 6.39 75 1.79 0
14:57 741.93 6.39 75 1.79 0
14:58 741.93 6.44 75 4.47 0
14:59 741.93 6.44 74 3.58 0
15:00 741.93 6.44 74 3.58 0
15:01 741.93 6.44 74 4.47 0
15:02 741.93 6.44 74 2.68 0
15:03 741.93 6.44 74 2.68 0
15:04 741.93 6.44 74 4.47 0
15:05 741.93 6.39 74 4.92 0
15:06 741.93 6.39 74 4.92 0
15:07 741.93 6.39 74 5.36 0
15:08 741.93 6.39 74 4.02 0
15:09 742.19 6.44 74 2.24 0
15:10 742.19 6.44 74 4.02 0
15:11 742.19 6.44 74 4.02 0
15:12 741.93 6.44 74 5.81 0
15:13 741.93 6.44 74 3.13 0
15:14 741.93 6.44 74 5.36 0
15:15 741.93 6.44 74 3.58 0
15:16 741.93 6.44 74 4.02 0
15:17 741.93 6.44 74 1.34 0
15:18 741.93 6.5 74 2.24 0
15:19 742.19 6.5 74 4.47 0
15:20 742.19 6.5 74 .89 0
15:21 742.19 6.5 74 3.13 0
15:22 742.19 6.5 74 4.02 0
15:23 742.19 6.5 74 1.79 0
15:24 742.19 6.5 74 4.47 0
15:25 742.19 6.5 74 3.58 0
15:26 742.19 6.5 74 3.13 0
15:27 742.19 6.5 74 3.13 0
15:28 742.19 6.56 74 1.34 0
15:29 742.19 6.56 74 3.58 0
15:30 742.19 6.56 74 3.13 0
15:31 742.19 6.56 74 3.58 0
15:32 742.19 6.56 74 4.02 0
15:33 742.19 6.56 74 3.13 0
15:34 742.19 6.56 74 3.13 0
15:35 742.19 6.61 74 4.02 0
15:36 742.19 6.61 74 4.02 0
15:37 742.19 6.61 74 4.02 0
15:38 742.19 6.61 74 3.58 0
15:39 742.19 6.61 74 4.47 0
15:40 742.19 6.61 74 3.13 0
15:41 742.19 6.67 74 2.68 0
15:42 742.19 6.61 73 1.34 0
15:43 742.19 6.67 73 2.68 0
15:44 742.19 6.61 73 2.24 0
15:45 742.19 6.61 73 4.47 0
15:46 742.19 6.61 73 1.79 0
15:47 742.44 6.61 73 2.24 0
15:48 742.44 6.61 73 4.02 0
15:49 742.44 6.61 73 2.68 0
15:50 742.44 6.67 73 3.13 0
15:51 742.44 6.67 73 3.13 0
15:52 742.19 6.67 73 2.24 0
15:53 742.19 6.61 73 3.13 0
15:54 742.44 6.61 73 6.26 0
15:55 742.19 6.61 73 7.15 0
15:56 742.44 6.61 73 3.13 0
15:57 742.44 6.61 73 4.47 0
15:58 742.44 6.67 73 3.13 0
15:59 742.19 6.67 73 1.79 0
16:00 742.19 6.67 73 1.79 0
16:01 742.19 6.67 73 3.58 0
16:02 742.19 6.72 73 4.02 0
16:03 742.19 6.72 73 2.24 0
16:04 742.19 6.72 73 4.02 0
16:05 742.19 6.72 73 2.68 0
16:06 742.19 6.72 73 4.92 0
16:07 742.19 6.78 73 3.13 0
16:08 742.19 6.83 73 4.47 0
16:09 742.19 6.83 73 3.58 0
16:10 742.19 6.89 73 .89 0
16:11 742.19 6.89 73 3.58 0
16:12 742.19 6.94 73 4.92 0
16:13 742.19 6.94 72 1.79 0
16:14 742.19 6.94 72 3.13 0
16:15 742.19 7 72 4.92 0
16:16 742.19 7.06 72 2.68 0
16:17 742.19 7.06 72 1.79 0
16:18 742.19 7.06 72 1.34 0
16:19 742.19 7.11 72 2.24 0
16:20 742.19 7.11 72 3.58 0
16:21 742.19 7.17 72 1.79 0
16:22 742.19 7.17 72 2.68 0
16:23 742.19 7.22 72 3.58 0
16:24 742.19 7.28 71 4.47 0
16:25 742.19 7.28 71 2.68 0
16:26 742.19 7.33 71 4.02 0
16:27 742.19 7.39 71 3.13 0
16:28 742.19 7.39 71 .89 0
16:29 742.19 7.44 71 3.13 0
16:30 742.19 7.5 71 2.24 0
16:31 742.19 7.56 71 3.58 0
16:32 742.19 7.67 70 3.13 0
16:33 742.19 7.72 70 5.36 0
16:34 742.19 7.72 70 5.81 0
16:35 742.19 7.72 70 4.47 0
16:36 742.19 7.67 69 4.47 0
16:37 742.19 7.67 70 2.68 0
16:38 742.19 7.67 70 4.92 0
16:39 742.19 7.61 69 4.02 0
16:40 742.19 7.67 70 2.24 0
16:41 742.19 7.72 69 4.47 0
16:42 742.19 7.67 69 4.47 0
16:43 742.19 7.67 69 2.24 0
16:44 742.19 7.67 70 3.58 0
16:45 742.19 7.72 70 1.34 0
16:46 742.19 7.72 69 3.13 0
16:47 742.19 7.78 70 1.34 0
16:48 742.19 7.83 69 1.79 0
16:49 742.19 7.89 69 4.92 0
16:50 742.19 7.89 69 4.02 0
16:51 742.19 7.89 69 5.81 0
16:52 742.19 7.78 69 4.92 0
16:53 742.19 7.78 69 3.58 0
16:54 742.19 7.78 69 4.47 0
16:55 742.19 7.78 69 1.79 0
16:56 742.19 7.78 69 2.68 0
16:57 742.19 7.78 69 3.13 0
16:58 742.19 7.83 69 4.92 0
16:59 742.19 7.83 69 4.02 0
17:00 742.44 7.83 69 2.24 0
17:01 742.19 7.83 69 4.92 0
17:02 742.19 7.83 69 4.02 0
17:03 742.19 7.83 69 3.58 0
17:04 742.19 7.83 69 5.36 0
17:05 742.44 7.78 69 4.92 0
17:06 742.19 7.78 69 4.02 0
17:07 742.19 7.78 69 3.58 0
17:08 742.19 7.78 69 2.24 0
17:09 742.44 7.78 69 4.47 0
17:10 742.44 7.78 69 5.36 0
17:11 742.44 7.83 69 4.02 0
17:12 742.44 7.83 69 4.02 0
17:13 742.44 7.78 69 6.26 0
17:14 742.44 7.83 69 4.02 0
17:15 742.44 7.83 69 4.02 0
17:16 742.44 7.83 69 4.02 0
17:17 742.44 7.83 69 3.58 0
17:18 742.44 7.83 69 4.47 0
17:19 742.44 7.83 69 4.02 0
17:20 742.44 7.83 69 2.68 0
17:21 742.44 7.83 69 3.58 0
17:22 742.44 7.89 69 3.58 0
17:23 742.44 7.89 69 4.92 0
17:24 742.44 7.89 69 4.47 0
17:25 742.44 7.89 69 4.47 0
17:26 742.44 7.89 69 4.02 0
17:27 742.44 7.89 69 4.02 0
17:28 742.44 7.89 69 3.13 0
17:29 742.44 7.89 69 4.02 0
17:30 742.44 7.89 69 3.58 0
17:31 742.44 7.94 69 4.47 0
17:32 742.19 7.89 69 6.71 0
17:33 742.19 7.89 69 4.47 0
17:34 742.19 7.89 69 4.02 0
17:35 742.44 7.89 69 4.02 0
17:36 742.19 7.89 69 5.36 0
17:37 742.44 7.89 69 4.02 0
17:38 742.19 7.83 69 4.02 0
17:39 742.44 7.89 69 3.58 0
17:40 742.44 7.89 69 3.13 0
17:41 742.44 7.94 69 4.02 0
17:42 742.44 7.94 69 6.26 0
17:43 742.44 7.94 69 4.47 0
17:44 742.44 7.94 69 3.13 0
17:45 742.44 7.94 69 3.13 0
17:46 742.44 7.89 69 4.47 0
17:47 742.44 7.89 69 3.58 0
17:48 742.44 7.89 69 4.92 0
17:49 742.44 7.89 69 3.13 0
17:50 742.44 7.94 69 2.68 0
17:51 742.44 7.94 69 4.92 0
17:52 742.44 7.94 69 3.13 0
17:53 742.44 7.89 69 3.13 0
17:54 742.44 7.94 69 5.36 0
17:55 742.44 7.94 69 3.13 0
17:56 742.44 7.94 69 1.79 0
17:57 742.44 7.94 69 1.79 0
17:58 742.44 7.94 69 .89 0
17:59 742.44 7.94 69 .89 0
18:00 742.44 7.94 69 2.24 0
18:01 742.44 8 69 1.34 0
18:02 742.44 8 68 2.68 0
18:03 742.7 8 68 .45 0
18:04 742.44 8 68 1.34 0
18:05 742.44 8 68 1.79 0
18:06 742.44 7.89 68 3.13 0
18:07 742.44 7.89 69 1.34 0
18:08 742.44 7.83 69 3.13 0
18:09 742.44 7.78 69 .89 0
18:10 742.7 7.72 69 2.24 0
18:11 742.7 7.67 69 4.92 0
18:12 742.44 7.67 69 1.79 0
18:13 742.7 7.61 69 2.68 0
18:14 742.7 7.61 69 2.68 0
18:15 742.7 7.56 70 3.13 0
18:16 742.7 7.56 70 3.13 0
18:17 742.7 7.56 70 3.13 0
18:18 742.7 7.56 70 3.13 0
18:19 742.7 7.5 70 2.68 0
18:20 742.7 7.5 70 2.68 0
18:21 742.7 7.5 70 2.68 0
18:22 742.7 7.44 70 1.34 0
18:23 742.7 7.44 70 1.34 0
18:24 742.7 7.44 70 1.34 0
18:25 742.7 7.44 70 3.13 0
18:26 742.7 7.44 70 3.13 0
18:27 742.7 7.44 70 2.24 0
18:28 742.7 7.44 70 2.68 0
18:29 742.7 7.44 70 2.24 0
18:30 742.7 7.39 70 3.13 0
18:31 742.7 7.44 70 1.34 0
18:32 742.7 7.44 70 4.02 0
18:33 742.7 7.44 70 1.79 0
18:34 742.7 7.5 70 3.13 0
18:35 742.7 7.5 70 1.34 0
18:36 742.7 7.44 70 1.79 0
18:37 742.7 7.5 70 2.24 0
18:38 742.7 7.5 70 1.79 0
18:39 742.7 7.5 70 2.68 0
18:40 742.7 7.5 70 4.02 0
18:41 742.7 7.44 70 1.34 0
18:42 742.7 7.44 70 .89 0
18:43 742.7 7.44 70 2.68 0
18:44 742.7 7.44 70 1.34 0
18:45 742.7 7.39 70 3.13 0
18:46 742.7 7.39 70 2.68 0
18:47 742.7 7.44 70 .89 0
18:48 742.7 7.39 70 3.58 0
18:49 742.7 7.39 71 1.34 0
18:50 742.7 7.39 70 2.68 0
18:51 742.7 7.39 71 3.13 0
18:52 742.7 7.39 71 3.13 0
18:53 742.7 7.44 70 1.79 0
18:54 742.7 7.39 70 1.34 0
18:55 742.7 7.39 70 2.68 0
18:56 742.7 7.33 71 3.13 0
18:57 742.7 7.33 71 1.79 0
18:58 742.7 7.33 71 1.79 0
18:59 742.7 7.33 71 3.13 0
19:00 742.7 7.33 71 .89 0
19:01 742.7 7.28 71 2.68 0
19:02 742.7 7.33 71 1.34 0
19:03 742.7 7.33 71 .89 0
19:04 742.95 7.28 71 1.79 0
19:05 742.95 7.22 71 3.13 0
19:06 742.95 7.22 71 1.34 0
19:07 742.95 7.22 71 1.79 0
19:08 742.95 7.22 71 1.79 0
19:09 742.95 7.17 71 1.79 0
19:10 742.95 7.22 71 .89 0
19:11 742.95 7.17 71 1.79 0
19:12 742.95 7.17 71 2.68 0
19:13 742.95 7.17 71 1.79 0
19:14 742.95 7.17 71 1.79 0
19:15 742.95 7.11 71 1.34 0
19:16 742.95 7.11 71 1.34 0
19:17 742.95 7.11 71 1.79 0
19:18 742.95 7.11 71 1.34 0
19:19 742.95 7.11 71 1.34 0
19:20 742.95 7.06 71 1.34 0
19:21 742.95 7.06 72 1.79 0
19:22 742.95 7 72 3.58 0
19:23 742.95 6.94 72 1.79 0
19:24 742.95 6.94 72 1.34 0
19:25 742.95 6.94 72 3.58 0
19:26 742.95 6.94 72 3.13 0
19:27 742.95 6.94 72 3.13 0
19:28 742.95 6.94 72 3.13 0
19:29 743.2 6.94 72 1.79 0
19:30 742.95 6.94 72 1.79 0
19:31 742.95 6.89 72 2.24 0
19:32 742.95 6.89 72 1.34 0
19:33 742.95 6.89 72 1.34 0
19:34 743.2 6.89 72 1.79 0
19:35 743.2 6.89 72 3.13 0
19:36 743.2 6.83 72 1.79 0
19:37 743.2 6.83 72 2.68 0
19:38 742.95 6.83 72 1.79 0
19:39 743.2 6.83 72 2.68 0
19:40 743.2 6.78 72 1.79 0
19:41 743.2 6.78 73 1.79 0
19:42 743.2 6.78 73 1.79 0
19:43 743.2 6.78 73 1.34 0
19:44 743.2 6.78 73 .89 0
19:45 743.2 6.72 73 1.34 0
19:46 743.2 6.67 73 1.79 0
19:47 743.2 6.67 73 3.13 0
19:48 743.2 6.67 73 2.68 0
19:49 743.2 6.67 73 3.13 0
19:50 743.2 6.67 73 2.68 0
19:51 743.2 6.67 73 2.68 0
19:52 743.2 6.61 73 2.68 0
19:53 743.2 6.67 73 2.68 0
19:54 743.2 6.61 73 3.13 0
19:55 743.2 6.61 73 3.13 0
19:56 743.2 6.61 73 3.58 0
19:57 743.2 6.56 73 4.02 0
19:58 743.46 6.56 73 2.68 0
19:59 743.2 6.56 73 1.79 0
20:00 743.2 6.5 74 4.02 0
20:01 743.46 6.5 74 3.13 0
20:02 743.46 6.5 74 2.68 0
20:03 743.46 6.5 73 1.79 0
20:04 743.46 6.44 74 1.79 0
20:05 743.46 6.44 74 3.58 0
20:06 743.46 6.39 74 3.13 0
20:07 743.46 6.44 74 4.02 0
20:08 743.46 6.39 74 3.13 0
20:09 743.46 6.39 74 1.79 0
20:10 743.46 6.33 74 1.79 0
20:11 743.46 6.39 74 3.13 0
20:12 743.46 6.39 74 2.24 0
20:13 743.46 6.39 74 1.34 0
20:14 743.46 6.33 74 1.79 0
20:15 743.46 6.33 74 3.13 0
20:16 743.46 6.33 74 3.13 0
20:17 743.46 6.28 74 1.79 0
20:18 743.46 6.33 74 2.68 0
20:19 743.46 6.33 74 3.13 0
20:20 743.46 6.33 74 3.58 0
20:21 743.46 6.33 74 3.13 0
20:22 743.46 6.33 74 2.68 0
20:23 743.46 6.33 74 4.47 0
20:24 743.46 6.33 74 3.58 0
20:25 743.46 6.33 74 1.34 0
20:26 743.46 6.33 74 3.58 0
20:27 743.46 6.28 74 2.24 0
20:28 743.46 6.28 74 2.68 0
20:29 743.46 6.28 74 3.58 0
20:30 743.46 6.28 74 2.68 0
20:31 743.46 6.28 74 1.79 0
20:32 743.46 6.28 74 2.68 0
20:33 743.46 6.28 74 3.13 0
20:34 743.46 6.22 74 3.13 0
20:35 743.46 6.22 74 3.13 0
20:36 743.46 6.22 75 1.79 0
20:37 743.46 6.22 75 3.58 0
20:38 743.46 6.22 75 2.24 0
20:39 743.46 6.17 75 3.58 0
20:40 743.46 6.17 75 2.68 0
20:41 743.46 6.11 75 3.13 0
20:42 743.46 6.17 75 3.58 0
20:43 743.46 6.17 75 1.79 0
20:44 743.46 6.11 75 3.13 0
20:45 743.46 6.11 75 3.13 0
20:46 743.46 6.06 75 1.79 0
20:47 743.46 6.11 75 3.58 0
20:48 743.46 6.06 75 1.34 0
20:49 743.46 6.06 75 1.34 0
20:50 743.46 6.06 75 2.24 0
20:51 743.46 6.06 75 4.02 0
20:52 743.46 6.06 75 2.68 0
20:53 743.46 6.06 75 1.79 0
20:54 743.46 6.06 75 3.13 0
20:55 743.46 6.11 75 4.47 0
20:56 743.46 6.11 75 2.24 0
20:57 743.46 6.11 75 3.58 0
20:58 743.46 6.11 75 3.58 0
20:59 743.46 6.11 75 4.02 0
21:00 743.46 6.11 75 3.13 0
21:01 743.71 6.11 75 3.13 0
21:02 743.46 6.11 75 3.58 0
21:03 743.46 6.11 75 1.79 0
21:04 743.46 6.17 75 3.13 0
21:05 743.46 6.17 75 4.02 0
21:06 743.46 6.17 75 1.79 0
21:07 743.46 6.11 75 3.58 0
21:08 743.46 6.17 75 1.79 0
21:09 743.46 6.17 75 3.58 0
21:10 743.71 6.11 75 2.68 0
21:11 743.46 6.11 75 1.79 0
21:12 743.46 6.11 75 4.92 0
21:13 743.46 6.17 75 3.13 0
21:14 743.46 6.17 75 2.68 0
21:15 743.71 6.22 75 4.02 0
21:16 743.71 6.22 74 3.13 0
21:17 743.71 6.22 74 3.13 0
21:18 743.71 6.22 74 4.02 0
21:19 743.46 6.28 74 4.47 0
21:20 743.46 6.28 74 1.79 0
21:21 743.46 6.28 74 3.13 0
21:22 743.46 6.28 74 3.58 0
21:23 743.46 6.33 74 2.68 0
21:24 743.46 6.33 74 5.36 0
21:25 743.46 6.39 74 2.68 0
21:26 743.71 6.39 74 4.47 0
21:27 743.71 6.44 74 4.47 0
21:28 743.46 6.39 74 3.13 0
21:29 743.71 6.39 74 3.13 0
21:30 743.71 6.39 74 4.02 0
21:31 743.71 6.39 74 1.79 0
21:32 743.71 6.39 74 5.36 0
21:33 743.71 6.44 74 4.47 0
21:34 743.71 6.39 74 3.13 0
21:35 743.71 6.44 74 2.24 0
21:36 743.71 6.39 74 4.02 0
21:37 743.71 6.39 74 5.36 0
21:38 743.71 6.44 74 1.34 0
21:39 743.71 6.39 74 2.68 0
21:40 743.71 6.39 74 4.47 0
21:41 743.71 6.39 74 2.68 0
21:42 743.71 6.44 74 2.68 0
21:43 743.71 6.39 74 2.68 0
21:44 743.71 6.39 74 2.24 0
21:45 743.71 6.39 74 4.02 0
21:46 743.71 6.39 74 3.13 0
21:47 743.46 6.39 74 4.02 0
21:48 743.71 6.39 74 2.68 0
21:49 743.46 6.39 74 2.24 0
21:50 743.46 6.39 74 1.79 0
21:51 743.46 6.39 74 3.58 0
21:52 743.46 6.39 74 1.34 0
21:53 743.46 6.39 74 2.68 0
21:54 743.46 6.39 74 2.68 0
21:55 743.46 6.33 74 3.13 0
21:56 743.46 6.39 74 2.68 0
21:57 743.46 6.39 74 3.58 0
21:58 743.46 6.39 74 3.13 0
21:59 743.46 6.39 74 2.68 0
22:00 743.46 6.39 74 2.68 0
22:01 743.46 6.39 74 1.34 0
22:02 743.46 6.39 74 3.13 0
22:03 743.46 6.39 74 2.68 0
22:04 743.46 6.39 74 1.79 0
22:05 743.46 6.39 74 1.79 0
22:06 743.46 6.33 74 1.34 0
22:07 743.46 6.39 74 1.34 0
22:08 743.46 6.39 74 2.68 0
22:09 743.46 6.39 74 .89 0
22:10 743.46 6.33 74 2.68 0
22:11 743.46 6.33 74 1.79 0
22:12 743.46 6.33 74 .89 0
22:13 743.46 6.33 74 1.79 0
22:14 743.46 6.33 74 .89 0
22:15 743.46 6.28 74 .89 0
22:16 743.46 6.33 74 1.34 0
22:17 743.46 6.33 74 1.34 0
22:18 743.46 6.28 74 1.34 0
22:19 743.46 6.28 74 .45 0
22:20 743.46 6.28 74 .89 0
22:21 743.46 6.28 74 .89 0
22:22 743.46 6.28 74 1.34 0
22:23 743.46 6.28 74 .89 0
22:24 743.46 6.22 74 .89 0
22:25 743.46 6.28 74 .45 0
22:26 743.46 6.28 75 .89 0
22:27 743.46 6.28 75 .89 0
22:28 743.46 6.33 75 .89 0
22:29 743.46 6.28 75 .45 0
22:30 743.46 6.33 75 .89 0
22:31 743.46 6.33 75 .89 0
22:32 743.46 6.33 75 .45 0
22:33 743.46 6.33 74 .45 0
22:34 743.46 6.33 74 0 0
22:35 743.46 6.33 74 0 0
22:36 743.46 6.33 74 .45 0
22:37 743.46 6.33 74 .45 0
22:38 743.46 6.33 74 0 0
22:39 743.46 6.33 74 0 0
22:40 743.46 6.33 74 0 0
22:41 743.46 6.28 74 .45 0
22:42 743.46 6.33 74 .45 0
22:43 743.46 6.28 75 .45 0
22:44 743.46 6.28 75 .89 0
22:45 743.46 6.28 75 .89 0
22:46 743.46 6.28 75 1.34 0
22:47 743.46 6.28 75 .89 0
22:48 743.46 6.28 75 .45 0
22:49 743.46 6.28 75 1.34 0
22:50 743.46 6.33 75 .89 0
22:51 743.46 6.28 75 1.34 0
22:52 743.46 6.28 75 1.34 0
22:53 743.46 6.33 75 1.34 0
22:54 743.46 6.33 75 .89 0
22:55 743.46 6.28 74 1.79 0
22:56 743.46 6.33 74 1.34 0
22:57 743.46 6.33 74 1.79 0
22:58 743.46 6.33 74 1.34 0
22:59 743.2 6.33 74 1.79 0
23:00 743.46 6.33 74 1.34 0
23:01 743.2 6.39 74 1.79 0
23:02 743.2 6.39 74 2.24 0
23:03 743.46 6.33 74 1.79 0
23:04 743.2 6.33 74 1.79 0
23:05 743.46 6.39 74 1.34 0
23:06 743.2 6.39 74 1.79 0
23:07 743.2 6.39 74 1.79 0
23:08 743.2 6.39 74 1.34 0
23:09 743.2 6.44 74 1.34 0
23:10 743.2 6.39 74 1.34 0
23:11 743.2 6.39 74 1.34 0
23:12 743.2 6.39 74 1.79 0
23:13 743.2 6.44 74 1.34 0
23:14 743.2 6.44 74 2.68 0
23:15 743.46 6.44 74 2.68 0
23:16 743.46 6.44 74 1.79 0
23:17 743.46 6.44 74 1.34 0
23:18 743.46 6.44 74 1.79 0
23:19 743.46 6.44 74 2.24 0
23:20 743.46 6.44 74 1.34 0
23:21 743.46 6.44 74 3.13 0
23:22 743.46 6.44 74 2.24 0
23:23 743.46 6.5 74 2.24 0
23:24 743.46 6.5 74 1.79 0
23:25 743.46 6.5 74 1.34 0
23:26 743.2 6.5 74 3.58 0
23:27 743.2 6.56 74 2.24 0
23:28 743.2 6.5 74 2.68 0
23:29 743.2 6.5 74 2.24 0
23:30 743.2 6.5 74 1.79 0
23:31 743.2 6.56 74 3.13 0
23:32 743.2 6.56 74 2.24 0
23:33 743.2 6.56 74 1.79 0
23:34 743.2 6.56 74 3.58 0
23:35 743.2 6.56 74 1.34 0
23:36 743.2 6.56 74 1.79 0
23:37 743.2 6.61 74 1.79 0
23:38 743.2 6.61 74 1.79 0
23:39 743.2 6.61 74 1.79 0
23:40 743.2 6.61 74 2.24 0
23:41 743.2 6.61 74 2.24 0
23:42 743.2 6.67 74 3.58 0
23:43 743.2 6.61 74 3.13 0
23:44 743.2 6.67 74 1.79 0
23:45 743.2 6.67 74 1.79 0
23:46 743.2 6.67 74 2.24 0
23:47 743.2 6.67 74 1.79 0
23:48 743.2 6.67 74 1.79 0
23:49 743.2 6.67 74 1.79 0
23:50 743.2 6.67 74 2.24 0
23:51 743.2 6.67 74 2.24 0
23:52 743.2 6.67 74 2.24 0
23:53 743.2 6.67 74 1.79 0
23:54 743.2 6.67 74 3.13 0
23:55 743.2 6.67 74 2.68 0
23:56 743.2 6.67 74 1.79 0
23:57 743.2 6.67 74 3.13 0
23:58 743.2 6.67 74 3.13 0
23:59 743.2 6.67 74 2.24 0
