00:00 741.68 16.06 90 2.68 0
00:01 741.68 16.06 90 2.24 0
00:02 741.68 16.06 90 1.79 0
00:03 741.68 16.06 90 1.34 0
00:04 741.68 16 90 1.79 0
00:05 741.68 16 89 1.34 0
00:06 741.68 16 89 1.34 0
00:07 741.68 16 89 1.34 0
00:08 741.68 15.94 89 3.58 0
00:09 741.68 15.89 89 1.79 0
00:10 741.68 15.89 89 1.34 0
00:11 741.68 15.89 89 2.24 0
00:12 741.68 15.83 89 1.34 0
00:13 741.93 15.78 89 .45 0
00:14 741.93 15.83 89 2.68 0
00:15 741.93 15.78 89 3.13 0
00:16 741.93 15.78 89 3.58 0
00:17 741.93 15.67 88 3.58 0
00:18 741.93 15.67 88 3.58 0
00:19 741.93 15.72 88 4.02 0
00:20 741.93 15.67 88 3.13 0
00:21 741.93 15.67 87 1.34 0
00:22 741.93 15.67 87 1.79 0
00:23 741.93 15.61 87 1.79 0
00:24 741.93 15.56 86 4.92 0
00:25 741.93 15.56 86 4.47 0
00:26 741.93 15.56 86 3.58 0
00:27 741.93 15.56 86 3.58 0
00:28 741.93 15.5 85 2.68 0
00:29 741.93 15.5 85 2.68 0
00:30 741.93 15.5 85 1.79 0
00:31 741.93 15.44 85 1.79 0
00:32 741.93 15.44 85 1.79 0
00:33 741.93 15.44 85 3.13 0
00:34 741.93 15.39 85 2.68 0
00:35 741.93 15.44 85 4.02 0
00:36 741.93 15.39 84 2.24 0
00:37 741.93 15.39 84 5.81 0
00:38 741.93 15.39 84 2.24 0
00:39 741.93 15.39 83 3.13 0
00:40 741.93 15.39 84 1.79 0
00:41 741.93 15.39 84 4.02 0
00:42 741.93 15.39 83 1.34 0
00:43 741.93 15.33 83 .89 0
00:44 741.93 15.39 84 2.24 0
00:45 741.93 15.33 83 4.02 0
00:46 741.93 15.33 83 2.24 0
00:47 741.93 15.33 83 5.36 0
00:48 741.93 15.33 83 3.13 0
00:49 741.93 15.33 83 3.58 0
00:50 741.93 15.28 83 2.68 0
00:51 741.93 15.28 83 2.68 0
00:52 741.93 15.28 84 .89 0
00:53 741.68 15.22 84 1.79 0
00:54 741.93 15.22 84 1.34 0
00:55 741.93 15.17 84 2.24 0
00:56 741.93 15.11 84 3.58 0
00:57 741.93 15.06 84 2.68 0
00:58 741.93 15 84 3.58 0
00:59 741.93 14.94 85 4.02 0
01:00 741.93 14.83 85 3.13 0
01:01 741.93 14.83 85 3.13 0
01:02 741.93 14.78 85 1.34 0
01:03 741.68 14.78 85 2.68 0
01:04 741.68 14.78 85 1.79 0
01:05 741.68 14.67 86 1.79 0
01:06 741.68 14.67 86 1.34 0
01:07 741.68 14.61 86 1.34 0
01:08 741.68 14.56 86 2.68 0
01:09 741.68 14.5 86 1.79 0
01:10 741.68 14.44 86 1.79 0
01:11 741.68 14.39 86 2.24 0
01:12 741.68 14.39 86 2.68 0
01:13 741.68 14.39 86 1.34 0
01:14 741.93 14.33 86 3.58 0
01:15 741.68 14.28 86 2.68 0
01:16 741.68 14.33 86 3.58 0
01:17 741.93 14.28 86 2.24 0
01:18 741.93 14.28 86 2.68 0
01:19 741.68 14.22 86 2.24 0
01:20 741.93 14.22 86 3.13 0
01:21 741.68 14.22 85 4.47 0
01:22 741.68 14.22 85 1.34 0
01:23 741.68 14.22 85 2.24 0
01:24 741.68 14.17 85 1.79 0
01:25 741.68 14.17 85 2.68 0
01:26 741.93 14.17 86 .89 0
01:27 741.93 14.11 86 1.79 0
01:28 741.93 14.11 86 1.34 0
01:29 741.93 14.11 86 1.34 0
01:30 741.93 14.06 86 2.68 0
01:31 741.93 14.06 86 4.02 0
01:32 741.93 14 86 2.24 0
01:33 741.93 14 86 .89 0
01:34 741.93 14 86 3.58 0
01:35 741.93 13.94 85 1.79 0
01:36 741.93 13.94 85 1.34 0
01:37 741.93 13.94 85 2.68 0
01:38 741.93 13.89 85 1.34 0
01:39 741.93 13.89 85 2.24 0
01:40 741.93 13.83 85 2.24 0
01:41 741.93 13.83 85 3.58 0
01:42 741.93 13.78 85 1.34 0
01:43 741.93 13.78 85 3.58 0
01:44 741.93 13.78 85 1.34 0
01:45 741.93 13.78 85 3.13 0
01:46 741.93 13.72 85 1.79 0
01:47 741.93 13.72 85 1.79 0
01:48 741.93 13.72 85 2.68 0
01:49 741.93 13.72 85 1.34 0
01:50 741.93 13.72 85 .45 0
01:51 741.93 13.67 85 .89 0
01:52 741.93 13.67 85 .89 0
01:53 741.93 13.61 85 .89 0
01:54 741.93 13.61 85 .89 0
01:55 741.93 13.61 85 .89 0
01:56 741.93 13.56 85 .45 0
01:57 742.19 13.56 85 1.34 0
01:58 742.19 13.56 85 1.34 0
01:59 742.19 13.5 85 .89 0
02:00 742.19 13.5 85 1.34 0
02:01 742.19 13.5 85 1.79 0
02:02 742.19 13.5 85 1.34 0
02:03 742.19 13.5 85 .89 0
02:04 742.19 13.44 85 .45 0
02:05 742.19 13.44 85 .89 0
02:06 742.19 13.44 85 .89 0
02:07 742.19 13.44 85 .45 0
02:08 742.19 13.44 85 .45 0
02:09 742.19 13.44 85 .89 0
02:10 742.19 13.44 85 .45 0
02:11 742.19 13.44 85 1.34 0
02:12 742.19 13.44 85 .89 0
02:13 742.19 13.39 85 .45 0
02:14 742.19 13.44 85 1.79 0
02:15 742.19 13.44 85 .89 0
02:16 742.19 13.44 85 .45 0
02:17 742.19 13.44 85 .89 0
02:18 742.19 13.44 85 2.68 0
02:19 741.93 13.39 85 1.34 0
02:20 741.93 13.44 85 1.34 0
02:21 741.93 13.39 85 .45 0
02:22 741.93 13.39 85 .89 0
02:23 741.93 13.33 85 .89 0
02:24 741.93 13.33 85 .45 0
02:25 741.93 13.33 85 .45 0
02:26 741.93 13.33 86 .89 0
02:27 741.93 13.28 86 .45 0
02:28 741.93 13.28 86 .45 0
02:29 741.93 13.22 86 .45 0
02:30 741.93 13.22 86 .89 0
02:31 741.93 13.17 86 .89 0
02:32 741.93 13.17 86 .45 0
02:33 742.19 13.17 86 .89 0
02:34 741.93 13.17 86 .45 0
02:35 741.93 13.17 86 .45 0
02:36 741.93 13.11 86 .45 0
02:37 741.93 13.11 87 .45 0
02:38 741.93 13.11 87 .45 0
02:39 741.93 13.11 87 1.79 0
02:40 741.93 13.06 87 1.34 0
02:41 741.93 13.06 87 .89 0
02:42 741.93 13 87 .45 0
02:43 741.93 13 87 1.34 0
02:44 741.93 13 87 .89 0
02:45 741.93 12.94 87 1.34 0
02:46 741.93 12.94 87 .89 0
02:47 741.93 12.94 87 1.79 0
02:48 741.93 12.94 87 1.79 0
02:49 741.93 12.94 87 1.34 0
02:50 741.93 12.89 87 1.34 0
02:51 741.93 12.89 87 2.24 0
02:52 741.93 12.89 87 1.79 0
02:53 741.93 12.83 87 1.79 0
02:54 741.93 12.83 87 1.34 0
02:55 741.93 12.83 87 1.79 0
02:56 741.93 12.83 87 1.79 0
02:57 741.93 12.83 87 .89 0
02:58 741.93 12.83 87 1.34 0
02:59 741.93 12.83 87 1.34 0
03:00 741.93 12.83 87 1.79 0
03:01 741.93 12.83 87 .89 0
03:02 741.93 12.83 87 1.79 0
03:03 741.93 12.83 87 .89 0
03:04 741.93 12.83 87 .89 0
03:05 741.93 12.89 86 1.34 0
03:06 741.93 12.89 86 .89 0
03:07 741.93 12.89 86 1.34 0
03:08 741.93 12.89 86 1.34 0
03:09 741.93 12.89 86 .89 0
03:10 741.93 12.89 86 1.34 0
03:11 741.93 12.94 86 .89 0
03:12 741.93 12.94 86 1.34 0
03:13 741.93 12.94 86 .89 0
03:14 741.93 12.94 86 .89 0
03:15 741.93 12.94 86 1.34 0
03:16 741.93 12.94 86 1.34 0
03:17 741.93 12.94 86 .89 0
03:18 741.93 12.94 86 .45 0
03:19 741.93 12.94 86 .45 0
03:20 741.93 12.94 86 .89 0
03:21 741.93 12.89 86 .89 0
03:22 741.93 12.89 86 .89 0
03:23 741.93 12.89 86 .89 0
03:24 741.93 12.89 86 .89 0
03:25 741.93 12.83 86 .89 0
03:26 741.93 12.83 86 1.79 0
03:27 741.93 12.83 86 1.34 0
03:28 741.93 12.83 86 1.79 0
03:29 741.93 12.83 86 .89 0
03:30 741.93 12.83 86 .45 0
03:31 741.93 12.83 86 .89 0
03:32 741.93 12.83 86 .89 0
03:33 741.93 12.83 86 .89 0
03:34 741.93 12.83 86 1.34 0
03:35 741.93 12.83 86 1.34 0
03:36 741.93 12.78 86 1.34 0
03:37 742.19 12.78 86 1.79 0
03:38 742.19 12.78 86 1.79 0
03:39 741.93 12.78 86 1.34 0
03:40 742.19 12.78 86 1.79 0
03:41 741.93 12.78 85 2.24 0
03:42 742.19 12.78 85 1.34 0
03:43 742.19 12.78 85 2.24 0
03:44 742.19 12.72 85 2.68 0
03:45 742.19 12.78 85 1.34 0
03:46 742.19 12.78 85 2.24 0
03:47 742.19 12.72 85 2.24 0
03:48 742.19 12.78 85 3.58 0
03:49 742.19 12.78 85 2.68 0
03:50 742.19 12.78 85 3.58 0
03:51 741.93 12.78 85 1.79 0
03:52 742.19 12.78 85 3.13 0
03:53 742.19 12.78 85 2.24 0
03:54 742.19 12.83 84 2.24 0
03:55 742.19 12.78 84 1.34 0
03:56 741.93 12.83 84 1.79 0
03:57 742.19 12.83 84 3.13 0
03:58 742.19 12.78 84 2.24 0
03:59 742.19 12.83 84 2.24 0
04:00 742.19 12.78 84 1.79 0
04:01 742.19 12.78 84 1.79 0
04:02 742.19 12.78 84 2.24 0
04:03 742.19 12.78 84 2.24 0
04:04 741.93 12.78 84 3.13 0
04:05 742.19 12.78 84 2.24 0
04:06 742.19 12.78 84 2.68 0
04:07 742.19 12.72 84 1.79 0
04:08 742.19 12.72 84 2.68 0
04:09 741.93 12.72 84 2.68 0
04:10 742.19 12.72 84 2.24 0
04:11 742.19 12.72 84 1.79 0
04:12 742.19 12.72 84 1.79 0
04:13 742.19 12.72 84 2.68 0
04:14 742.19 12.72 84 1.34 0
04:15 741.93 12.67 84 2.68 0
04:16 741.93 12.67 84 2.68 0
04:17 741.93 12.67 84 3.13 0
04:18 741.93 12.67 83 2.24 0
04:19 742.19 12.67 83 2.24 0
04:20 741.93 12.67 83 3.13 0
04:21 741.93 12.67 83 2.24 0
04:22 741.93 12.67 84 2.24 0
04:23 741.93 12.61 83 2.24 0
04:24 741.93 12.67 84 1.79 0
04:25 741.93 12.61 84 2.68 0
04:26 742.19 12.56 84 1.79 0
04:27 741.93 12.61 84 1.34 0
04:28 741.93 12.61 84 3.58 0
04:29 741.93 12.56 84 2.24 0
04:30 741.93 12.56 84 1.34 0
04:31 741.93 12.56 84 1.79 0
04:32 741.93 12.56 84 2.24 0
04:33 741.93 12.56 84 1.79 0
04:34 741.93 12.56 84 1.79 0
04:35 741.93 12.56 84 3.58 0
04:36 741.93 12.56 84 2.68 0
04:37 741.93 12.56 84 2.68 0
04:38 741.93 12.56 84 2.24 0
04:39 741.93 12.56 83 2.24 0
04:40 741.93 12.56 83 1.79 0
04:41 741.93 12.61 83 1.79 0
04:42 741.93 12.61 83 1.79 0
04:43 741.93 12.61 83 2.68 0
04:44 741.93 12.61 83 2.24 0
04:45 741.93 12.61 83 2.24 0
04:46 741.93 12.61 83 3.13 0
04:47 741.93 12.61 83 2.68 0
04:48 741.93 12.61 83 1.79 0
04:49 741.93 12.61 83 2.68 0
04:50 741.93 12.67 83 2.24 0
04:51 741.93 12.67 83 2.68 0
04:52 741.93 12.67 83 2.24 0
04:53 741.93 12.67 83 2.68 0
04:54 741.93 12.67 83 1.79 0
04:55 741.93 12.67 83 1.79 0
04:56 741.93 12.67 83 2.24 0
04:57 741.93 12.67 83 1.79 0
04:58 741.93 12.67 83 2.24 0
04:59 741.93 12.72 83 1.79 0
05:00 741.93 12.72 83 1.79 0
05:01 741.93 12.78 83 1.79 0
05:02 741.93 12.78 83 1.34 0
05:03 741.93 12.83 83 1.79 0
05:04 741.93 12.83 83 2.68 0
05:05 741.93 12.89 83 3.13 0
05:06 741.93 12.94 83 2.68 0
05:07 741.93 12.94 82 1.79 0
05:08 741.93 13 82 1.34 0
05:09 741.93 13 82 .45 0
05:10 741.93 13.06 82 2.68 0
05:11 741.93 13.06 82 3.58 0
05:12 741.93 13.11 82 .89 0
05:13 741.93 13.11 82 2.24 0
05:14 741.93 13.17 82 1.79 0
05:15 741.93 13.17 82 1.79 0
05:16 741.93 13.17 82 1.34 0
05:17 741.93 13.22 82 1.34 0
05:18 741.93 13.28 82 .45 0
05:19 741.93 13.28 82 2.24 0
05:20 741.93 13.28 82 2.24 0
05:21 741.93 13.28 82 3.13 0
05:22 741.93 13.33 82 2.68 0
05:23 741.93 13.28 82 2.68 0
05:24 741.93 13.33 82 2.24 0
05:25 741.93 13.33 82 2.24 0
05:26 741.93 13.28 82 1.34 0
05:27 741.93 13.28 82 1.79 0
05:28 741.93 13.28 82 .89 0
05:29 741.93 13.33 83 2.68 0
05:30 741.93 13.33 83 2.24 0
05:31 741.93 13.33 83 3.13 0
05:32 741.93 13.39 82 2.68 0
05:33 741.93 13.39 82 2.68 0
05:34 741.93 13.39 83 2.24 0
05:35 741.93 13.33 83 4.92 0
05:36 741.93 13.39 83 1.79 0
05:37 741.93 13.39 83 1.34 0
05:38 741.93 13.44 83 1.79 0
05:39 741.93 13.44 83 1.79 0
05:40 741.93 13.44 82 3.13 0
05:41 741.93 13.44 82 1.79 0
05:42 741.93 13.44 82 4.02 0
05:43 741.93 13.44 82 2.68 0
05:44 741.93 13.44 82 3.13 0
05:45 741.93 13.5 82 2.24 0
05:46 741.93 13.44 82 4.92 0
05:47 741.93 13.5 82 3.13 0
05:48 741.93 13.5 82 3.58 0
05:49 741.93 13.5 82 4.47 0
05:50 741.93 13.44 82 2.24 0
05:51 741.93 13.5 82 4.92 0
05:52 741.93 13.5 82 2.68 0
05:53 741.93 13.5 82 3.13 0
05:54 741.93 13.5 82 2.24 0
05:55 741.93 13.5 82 2.68 0
05:56 741.93 13.56 82 1.34 0
05:57 741.93 13.56 82 1.34 0
05:58 741.93 13.61 82 3.13 0
05:59 741.93 13.61 82 2.24 0
06:00 741.93 13.61 82 2.68 0
06:01 741.93 13.61 81 2.24 0
06:02 741.93 13.61 82 2.68 0
06:03 741.93 13.61 82 2.24 0
06:04 741.93 13.56 81 3.13 0
06:05 741.93 13.5 81 2.68 0
06:06 741.93 13.56 81 3.13 0
06:07 741.93 13.56 81 4.02 0
06:08 741.93 13.56 81 3.58 0
06:09 741.93 13.56 81 2.68 0
06:10 741.93 13.56 81 4.02 0
06:11 741.93 13.56 81 2.68 0
06:12 741.93 13.61 80 3.13 0
06:13 741.93 13.61 80 3.58 0
06:14 741.93 13.61 80 1.79 0
06:15 741.93 13.67 80 3.13 0
06:16 741.93 13.67 80 2.68 0
06:17 741.93 13.72 80 2.68 0
06:18 741.93 13.72 80 4.02 0
06:19 741.93 13.72 80 3.58 0
06:20 741.93 13.78 80 4.02 0
06:21 741.93 13.78 79 3.13 0
06:22 741.93 13.72 79 2.24 0
06:23 741.93 13.78 80 3.58 0
06:24 741.93 13.78 80 3.13 0
06:25 741.93 13.78 80 1.79 0
06:26 741.93 13.83 79 5.36 0
06:27 741.93 13.78 79 4.92 0
06:28 741.93 13.83 79 2.24 0
06:29 741.93 13.89 79 4.02 0
06:30 741.93 13.94 79 2.68 0
06:31 741.93 13.94 79 4.92 0
06:32 741.93 13.94 79 2.68 0
06:33 741.93 13.94 79 5.81 0
06:34 741.93 14 78 4.47 0
06:35 741.93 13.94 78 6.26 0
06:36 741.93 14 78 1.34 0
06:37 741.93 14 78 1.79 0
06:38 741.93 14.06 79 2.68 0
06:39 741.93 14.11 78 3.58 0
06:40 741.93 14.17 78 3.13 0
06:41 741.93 14.17 78 1.79 0
06:42 741.93 14.22 78 4.02 0
06:43 741.93 14.22 77 2.68 0
06:44 741.93 14.22 77 1.34 0
06:45 741.93 14.22 77 3.58 0
06:46 741.93 14.28 76 2.24 0
06:47 741.93 14.28 76 4.47 0
06:48 741.93 14.28 76 4.47 0
06:49 741.93 14.28 76 5.36 0
06:50 741.93 14.22 75 3.58 0
06:51 741.93 14.22 76 4.47 0
06:52 741.93 14.22 76 2.24 0
06:53 741.93 14.28 76 2.68 0
06:54 741.93 14.28 76 3.13 0
06:55 741.93 14.33 75 5.36 0
06:56 741.93 14.39 75 3.13 0
06:57 741.93 14.39 75 3.13 0
06:58 741.93 14.44 74 3.13 0
06:59 741.93 14.44 74 3.58 0
07:00 741.93 14.5 74 2.68 0
07:01 741.93 14.5 74 2.24 0
07:02 741.93 14.5 73 5.36 0
07:03 741.93 14.5 73 3.13 0
07:04 741.93 14.5 73 3.13 0
07:05 741.93 14.5 73 4.92 0
07:06 741.93 14.44 72 4.92 0
07:07 741.93 14.44 73 6.26 0
07:08 741.93 14.44 72 6.26 0
07:09 741.93 14.44 72 7.6 0
07:10 741.93 14.39 71 4.47 0
07:11 741.93 14.39 71 3.58 0
07:12 741.93 14.39 71 5.81 0
07:13 741.93 14.39 72 4.92 0
07:14 741.93 14.39 72 6.26 0
07:15 741.93 14.44 72 4.92 0
07:16 741.93 14.44 72 4.02 0
07:17 741.93 14.5 72 3.58 0
07:18 741.93 14.56 72 4.02 0
07:19 741.93 14.56 72 1.34 0
07:20 741.93 14.61 72 4.02 0
07:21 741.93 14.67 72 3.58 0
07:22 741.93 14.67 72 4.92 0
07:23 741.93 14.61 70 4.92 0
07:24 741.93 14.56 71 4.47 0
07:25 741.93 14.56 71 3.13 0
07:26 741.93 14.56 71 3.13 0
07:27 741.93 14.61 71 4.02 0
07:28 741.93 14.56 71 3.58 0
07:29 741.93 14.61 72 2.68 0
07:30 741.93 14.67 72 3.58 0
07:31 741.93 14.72 72 3.13 0
07:32 741.93 14.78 72 1.79 0
07:33 741.93 14.89 72 1.79 0
07:34 741.93 14.94 72 4.02 0
07:35 741.93 14.94 72 3.58 0
07:36 741.93 15 71 3.58 0
07:37 741.93 15.06 72 4.47 0
07:38 741.93 15 71 4.92 0
07:39 741.93 14.94 71 4.47 0
07:40 741.93 14.94 71 4.47 0
07:41 741.93 15 71 7.15 0
07:42 741.93 14.94 70 5.36 0
07:43 742.19 14.94 70 5.81 0
07:44 741.93 14.94 70 4.92 0
07:45 741.93 14.94 71 4.47 0
07:46 741.93 15 71 2.68 0
07:47 741.93 15.06 71 4.02 0
07:48 741.93 15.11 70 4.92 0
07:49 741.93 15.06 69 3.13 0
07:50 741.93 15 68 4.02 0
07:51 741.93 14.94 69 3.13 0
07:52 741.93 14.83 69 5.81 0
07:53 741.93 14.78 69 4.92 0
07:54 741.93 14.78 70 2.24 0
07:55 741.93 14.72 70 3.58 0
07:56 741.93 14.72 69 4.47 0
07:57 741.93 14.67 69 4.02 0
07:58 741.93 14.61 69 6.26 0
07:59 741.93 14.61 69 4.02 0
08:00 741.93 14.61 69 4.92 0
08:01 741.93 14.67 69 4.02 0
08:02 741.93 14.78 70 4.92 0
08:03 741.93 14.83 70 2.24 0
08:04 741.93 14.94 70 3.13 0
08:05 741.93 15 69 2.68 0
08:06 741.93 15.06 69 3.13 0
08:07 741.93 15 68 4.47 0
08:08 741.93 14.94 67 7.15 0
08:09 741.93 14.83 67 4.02 0
08:10 741.93 14.78 68 4.47 0
08:11 741.93 14.72 68 2.24 0
08:12 741.93 14.67 68 6.26 0
08:13 741.93 14.61 68 4.02 0
08:14 741.93 14.56 68 2.68 0
08:15 741.93 14.56 68 3.13 0
08:16 741.93 14.61 69 2.24 0
08:17 741.93 14.61 68 2.68 0
08:18 741.93 14.61 68 3.13 0
08:19 741.93 14.67 69 5.36 0
08:20 741.93 14.72 69 3.58 0
08:21 741.93 14.78 69 4.02 0
08:22 741.93 14.78 69 4.02 0
08:23 741.93 14.83 69 2.68 0
08:24 741.93 14.94 68 4.47 0
08:25 741.93 15 68 4.47 0
08:26 741.93 15.06 68 6.26 0
08:27 741.93 15.11 68 2.24 0
08:28 741.93 15.17 68 4.02 0
08:29 741.93 15.22 68 4.92 0
08:30 741.93 15.11 68 4.02 0
08:31 741.93 15.11 69 4.92 0
08:32 741.93 15.06 68 4.02 0
08:33 741.93 15.06 69 4.47 0
08:34 741.93 15 67 4.92 0
08:35 742.19 14.89 67 5.36 0
08:36 741.93 14.78 67 7.6 0
08:37 741.93 14.61 67 4.47 0
08:38 742.19 14.5 68 4.47 0
08:39 742.19 14.39 68 3.13 0
08:40 742.19 14.33 68 4.02 0
08:41 742.19 14.28 68 7.6 0
08:42 742.19 14.22 67 6.26 0
08:43 742.19 14.17 68 4.92 0
08:44 742.19 14.11 68 4.92 0
08:45 742.19 14.06 68 3.13 0
08:46 742.19 14.06 68 4.02 0
08:47 742.19 14.06 68 4.02 0
08:48 742.19 14.06 68 5.81 0
08:49 742.19 14.11 69 2.24 0
08:50 742.19 14.11 69 3.58 0
08:51 742.19 14.17 69 7.15 0
08:52 742.19 14.17 68 4.47 0
08:53 742.19 14.17 68 3.58 0
08:54 742.19 14.22 69 6.71 0
08:55 742.19 14.28 68 6.71 0
08:56 742.19 14.28 68 6.71 0
08:57 742.19 14.33 68 5.36 0
08:58 742.19 14.28 68 6.26 0
08:59 742.19 14.28 68 6.71 0
09:00 742.19 14.28 67 1.79 0
09:01 742.19 14.33 68 4.02 0
09:02 742.19 14.39 67 7.15 0
09:03 742.19 14.39 67 5.81 0
09:04 742.19 14.39 67 6.26 0
09:05 742.19 14.44 67 5.36 0
09:06 742.19 14.5 67 4.47 0
09:07 742.19 14.5 67 3.58 0
09:08 742.19 14.56 67 3.58 0
09:09 742.19 14.56 67 5.81 0
09:10 742.19 14.5 67 4.92 0
09:11 742.19 14.5 67 4.92 0
09:12 742.19 14.56 67 3.58 0
09:13 742.19 14.67 68 2.24 0
09:14 742.19 14.78 68 6.71 0
09:15 742.19 14.83 66 7.15 0
09:16 742.19 14.78 66 5.36 0
09:17 742.19 14.72 66 3.58 0
09:18 742.19 14.72 66 4.02 0
09:19 742.19 14.78 67 2.24 0
09:20 742.19 14.78 67 3.58 0
09:21 742.19 14.72 66 4.92 0
09:22 742.19 14.67 66 2.68 0
09:23 742.19 14.67 66 4.92 0
09:24 742.19 14.67 65 3.58 0
09:25 742.19 14.72 66 4.47 0
09:26 742.19 14.78 66 2.68 0
09:27 742.19 14.89 66 4.92 0
09:28 742.19 15 65 6.26 0
09:29 742.19 15.06 65 5.81 0
09:30 742.19 15 64 8.49 0
09:31 742.19 14.89 64 7.15 0
09:32 742.19 14.89 64 7.6 0
09:33 742.19 14.83 64 5.81 0
09:34 742.19 14.83 65 6.26 0
09:35 742.19 14.78 65 6.26 0
09:36 742.19 14.67 65 2.68 0
09:37 742.19 14.67 65 5.36 0
09:38 742.19 14.78 66 4.47 0
09:39 742.19 14.83 66 4.02 0
09:40 742.19 14.94 66 4.47 0
09:41 742.19 15 65 6.26 0
09:42 742.19 15.06 65 7.15 0
09:43 742.19 15 64 5.81 0
09:44 742.19 15.06 65 6.26 0
09:45 742.19 15.06 65 5.81 0
09:46 742.19 15.11 65 5.81 0
09:47 742.19 15.11 65 4.02 0
09:48 742.19 15.11 65 3.58 0
09:49 742.19 15.17 65 4.02 0
09:50 742.19 15.17 65 3.58 0
09:51 742.19 15.22 66 4.02 0
09:52 742.19 15.28 66 3.58 0
09:53 742.19 15.22 66 3.13 0
09:54 742.19 15.22 66 6.26 0
09:55 742.19 15.11 66 4.92 0
09:56 742.19 15.06 66 2.68 0
09:57 742.19 14.94 66 7.6 0
09:58 742.19 14.83 66 6.71 0
09:59 742.19 14.78 66 2.68 0
10:00 742.19 14.78 66 5.36 0
10:01 742.19 14.67 66 7.15 0
10:02 742.19 14.67 67 4.02 0
10:03 742.19 14.67 67 4.02 0
10:04 742.19 14.78 67 4.92 0
10:05 742.19 14.78 67 3.13 0
10:06 742.19 14.78 67 5.36 0
10:07 742.19 14.83 66 4.02 0
10:08 742.44 14.83 67 4.02 0
10:09 742.19 14.83 66 4.02 0
10:10 742.19 14.83 67 4.47 0
10:11 742.44 14.83 67 4.02 0
10:12 742.19 14.94 66 3.13 0
10:13 742.44 15 66 5.36 0
10:14 742.44 15.06 66 5.36 0
10:15 742.44 15.06 65 7.6 0
10:16 742.44 15 64 6.26 0
10:17 742.44 14.94 65 4.92 0
10:18 742.44 14.89 66 3.13 0
10:19 742.44 14.89 67 2.24 0
10:20 742.44 14.89 67 4.47 0
10:21 742.44 14.89 67 5.36 0
10:22 742.44 14.83 67 4.02 0
10:23 742.44 14.83 66 4.92 0
10:24 742.44 14.78 66 4.47 0
10:25 742.44 14.78 65 3.58 0
10:26 742.44 14.78 65 3.58 0
10:27 742.44 14.72 66 1.79 0
10:28 742.44 14.78 66 4.92 0
10:29 742.44 14.78 66 6.26 0
10:30 742.44 14.78 66 5.81 0
10:31 742.44 14.89 66 5.36 0
10:32 742.44 14.94 65 4.47 0
10:33 742.44 15.06 65 4.47 0
10:34 742.44 15.17 65 3.13 0
10:35 742.44 15.28 64 4.47 0
10:36 742.44 15.39 64 3.13 0
10:37 742.44 15.44 64 2.68 0
10:38 742.44 15.61 63 4.47 0
10:39 742.44 15.78 62 6.26 0
10:40 742.44 15.89 69 8.94 0
10:41 742.44 15.83 66 6.71 0
10:42 742.44 15.72 66 6.71 0
10:43 742.44 15.61 66 3.58 0
10:44 742.44 15.56 66 2.68 0
10:45 742.44 15.56 66 3.13 0
10:46 742.7 15.5 67 5.36 0
10:47 742.44 15.5 66 5.36 0
10:48 742.44 15.5 67 3.58 0
10:49 742.7 15.5 67 6.71 0
10:50 742.7 15.5 66 5.81 0
10:51 742.7 15.39 66 3.58 0
10:52 742.44 15.44 67 5.36 0
10:53 742.7 15.44 66 8.05 0
10:54 742.44 15.33 66 6.26 0
10:55 742.44 15.28 66 3.58 0
10:56 742.7 15.28 66 2.24 0
10:57 742.7 15.33 67 6.26 0
10:58 742.44 15.39 66 4.47 0
10:59 742.44 15.33 66 4.92 0
11:00 742.7 15.33 66 3.58 0
11:01 742.7 15.33 67 3.13 0
11:02 742.7 15.39 67 3.13 0
11:03 742.7 15.5 67 1.79 0
11:04 742.44 15.61 67 5.36 0
11:05 742.7 15.72 67 3.58 0
11:06 742.7 15.83 67 6.26 0
11:07 742.44 15.83 65 3.58 0
11:08 742.44 15.83 65 6.26 0
11:09 742.7 15.83 65 7.6 0
11:10 742.44 15.72 65 8.94 0
11:11 742.7 15.61 65 2.68 0
11:12 742.44 15.67 65 2.24 0
11:13 742.7 15.72 66 2.68 0
11:14 742.7 15.83 66 1.34 0
11:15 742.7 15.89 65 5.36 0
11:16 742.7 15.78 65 7.15 0
11:17 742.7 15.67 65 5.36 0
11:18 742.7 15.61 65 3.13 0
11:19 742.7 15.61 66 5.36 0
11:20 742.7 15.61 66 6.26 0
11:21 742.7 15.67 66 7.15 0
11:22 742.7 15.67 65 5.36 0
11:23 742.7 15.67 66 3.13 0
11:24 742.7 15.67 66 1.34 0
11:25 742.7 15.72 66 2.24 0
11:26 742.7 15.78 67 2.24 0
11:27 742.7 15.83 66 1.79 0
11:28 742.7 15.89 66 4.92 0
11:29 742.7 15.94 66 7.6 0
11:30 742.7 16 65 5.81 0
11:31 742.7 15.94 65 6.26 0
11:32 742.7 16 65 4.47 0
11:33 742.7 16.06 65 5.36 0
11:34 742.7 16.11 65 6.26 0
11:35 742.7 16.11 65 8.05 0
11:36 742.95 16.06 65 1.79 0
11:37 742.7 16.06 65 1.79 0
11:38 742.7 16.06 65 7.15 0
11:39 742.7 16.06 65 4.47 0
11:40 742.95 16 65 7.15 0
11:41 742.95 15.94 66 6.26 0
11:42 742.7 15.89 65 5.36 0
11:43 742.7 15.89 66 5.81 0
11:44 742.95 15.83 66 6.26 0
11:45 742.95 15.78 66 7.6 0
11:46 742.95 15.78 66 5.81 0
11:47 742.95 15.78 66 3.58 0
11:48 742.95 15.83 66 5.81 0
11:49 742.95 15.83 66 2.68 0
11:50 742.95 15.83 67 1.79 0
11:51 742.95 15.89 67 1.79 0
11:52 742.95 15.89 66 4.02 0
11:53 742.95 15.89 66 5.81 0
11:54 742.95 15.89 67 4.92 0
11:55 742.95 15.83 67 3.58 0
11:56 742.95 15.89 67 3.13 0
11:57 742.95 15.89 67 5.36 0
11:58 742.95 15.89 67 4.47 0
11:59 742.95 15.89 67 5.81 0
12:00 742.95 15.89 66 4.02 0
12:01 742.95 15.83 66 2.24 0
12:02 742.95 15.83 66 3.58 0
12:03 742.95 15.83 67 4.02 0
12:04 742.95 15.89 67 2.24 0
12:05 742.95 15.94 67 1.34 0
12:06 742.95 15.94 67 5.81 0
12:07 742.95 15.94 66 4.47 0
12:08 742.95 15.94 66 1.34 0
12:09 742.95 16 66 4.02 0
12:10 742.95 16 66 4.47 0
12:11 742.95 16 66 5.81 0
12:12 742.95 16 66 6.26 0
12:13 742.95 16 66 6.26 0
12:14 742.95 16 66 6.71 0
12:15 742.95 15.94 66 5.81 0
12:16 742.95 15.94 66 3.13 0
12:17 742.95 15.94 66 4.47 0
12:18 742.95 16 66 3.13 0
12:19 742.95 16 66 4.47 0
12:20 742.95 16 66 3.58 0
12:21 742.95 16 66 1.79 0
12:22 742.95 16.11 67 5.36 0
12:23 742.95 16.06 66 6.71 0
12:24 742.95 16.11 66 3.58 0
12:25 742.95 16.06 67 4.47 0
12:26 742.95 16.11 66 4.02 0
12:27 742.95 16.11 67 4.02 0
12:28 742.95 16.17 67 6.26 0
12:29 742.95 16.17 66 4.47 0
12:30 742.95 16.22 67 3.58 0
12:31 742.95 16.28 66 2.24 0
12:32 742.95 16.33 67 1.79 0
12:33 742.95 16.39 67 5.36 0
12:34 742.95 16.44 66 1.79 0
12:35 742.95 16.44 65 4.02 0
12:36 742.95 16.44 65 3.58 0
12:37 742.95 16.44 66 3.58 0
12:38 742.95 16.44 66 1.79 0
12:39 742.95 16.44 66 1.79 0
12:40 742.95 16.5 66 4.47 0
12:41 742.95 16.56 66 1.34 0
12:42 742.95 16.61 67 4.02 0
12:43 742.95 16.72 66 3.58 0
12:44 742.95 16.78 65 3.13 0
12:45 742.95 16.94 65 8.05 0
12:46 742.95 16.94 64 4.02 0
12:47 742.95 17 65 6.26 0
12:48 742.95 17 64 8.49 0
12:49 742.95 16.89 63 8.05 0
12:50 742.95 16.89 64 1.79 0
12:51 742.95 16.89 64 4.02 0
12:52 742.95 16.94 64 3.13 0
12:53 742.95 17 64 3.58 0
12:54 743.2 16.94 64 4.47 0
12:55 743.2 16.94 64 3.58 0
12:56 743.2 16.94 64 6.26 0
12:57 742.95 16.89 64 8.49 0
12:58 743.2 16.83 65 5.81 0
12:59 743.2 16.78 65 4.02 0
13:00 742.95 16.83 65 .89 0
13:01 742.95 16.89 66 .89 0
13:02 742.95 16.94 66 2.68 0
13:03 743.2 16.94 66 3.13 0
13:04 743.2 16.94 64 4.02 0
13:05 743.2 16.83 65 4.02 0
13:06 743.2 16.78 65 8.05 0
13:07 743.2 16.67 64 5.36 0
13:08 743.2 16.67 65 3.58 0
13:09 743.2 16.67 65 1.79 0
13:10 743.2 16.67 66 5.36 0
13:11 743.2 16.72 65 4.92 0
13:12 743.2 16.67 65 7.15 0
13:13 743.2 16.67 65 5.81 0
13:14 743.2 16.67 65 3.13 0
13:15 743.2 16.67 65 5.36 0
13:16 743.2 16.67 65 4.02 0
13:17 743.2 16.72 66 4.02 0
13:18 743.2 16.72 66 4.47 0
13:19 743.2 16.78 65 2.68 0
13:20 743.2 16.78 65 5.81 0
13:21 743.2 16.78 65 4.92 0
13:22 743.2 16.83 66 2.24 0
13:23 743.2 16.89 66 3.58 0
13:24 743.2 16.94 66 4.92 0
13:25 743.2 16.94 65 6.71 0
13:26 743.2 16.94 65 4.92 0
13:27 743.2 16.89 65 4.02 0
13:28 743.2 16.89 64 4.47 0
13:29 743.2 16.89 65 3.58 0
13:30 743.2 16.89 66 1.79 0
13:31 743.2 16.94 66 6.71 0
13:32 743.2 17 64 3.58 0
13:33 743.2 17 65 4.02 0
13:34 743.2 17.06 65 2.68 0
13:35 743.2 17.06 65 2.24 0
13:36 743.2 17.11 65 4.92 0
13:37 743.2 17.17 64 2.24 0
13:38 743.2 17.17 65 4.92 0
13:39 743.2 17.22 65 3.13 0
13:40 743.2 17.28 64 4.02 0
13:41 743.2 17.28 65 6.26 0
13:42 743.2 17.33 63 4.02 0
13:43 743.2 17.33 64 5.81 0
13:44 743.2 17.22 63 6.71 0
13:45 743.2 17.17 63 3.58 0
13:46 743.2 17.17 63 4.02 0
13:47 743.2 17.11 64 3.58 0
13:48 743.2 17.11 64 7.15 0
13:49 743.2 17.11 65 4.02 0
13:50 743.2 17.17 64 5.36 0
13:51 743.2 17.17 64 5.36 0
13:52 743.2 17.17 64 4.47 0
13:53 743.2 17.22 64 5.36 0
13:54 743.2 17.22 64 3.13 0
13:55 743.2 17.33 65 3.13 0
13:56 743.2 17.33 64 5.36 0
13:57 743.2 17.39 64 4.47 0
13:58 743.2 17.33 64 6.26 0
13:59 743.2 17.39 63 5.81 0
14:00 743.2 17.39 63 1.79 0
14:01 743.2 17.44 64 4.92 0
14:02 743.2 17.5 64 3.13 0
14:03 743.2 17.56 62 3.13 0
14:04 743.2 17.61 63 3.58 0
14:05 743.2 17.61 63 7.15 0
14:06 743.2 17.56 62 4.47 0
14:07 743.2 17.5 63 6.26 0
14:08 743.2 17.5 63 5.36 0
14:09 743.2 17.5 63 6.26 0
14:10 743.2 17.44 63 2.24 0
14:11 743.2 17.39 63 4.92 0
14:12 743.2 17.44 63 4.02 0
14:13 743.2 17.44 64 3.13 0
14:14 743.2 17.5 63 3.13 0
14:15 743.2 17.56 63 4.02 0
14:16 743.2 17.67 63 5.36 0
14:17 743.2 17.78 63 5.36 0
14:18 743.2 17.78 63 2.68 0
14:19 743.2 17.78 63 1.79 0
14:20 743.2 17.78 63 4.02 0
14:21 743.2 17.78 63 5.81 0
14:22 743.2 17.78 62 2.24 0
14:23 743.2 17.78 63 2.68 0
14:24 743.2 17.83 63 3.58 0
14:25 743.2 17.78 63 5.36 0
14:26 743.2 17.83 62 4.02 0
14:27 743.2 17.78 63 5.36 0
14:28 743.2 17.78 62 4.47 0
14:29 743.2 17.72 62 1.79 0
14:30 743.2 17.67 62 8.49 0
14:31 743.2 17.67 62 7.6 0
14:32 743.2 17.56 62 7.6 0
14:33 743.2 17.5 61 5.36 0
14:34 743.2 17.44 62 5.81 0
14:35 743.2 17.39 62 4.47 0
14:36 743.2 17.39 62 2.68 0
14:37 743.2 17.33 63 4.92 0
14:38 743.2 17.33 63 5.36 0
14:39 743.46 17.33 63 1.79 0
14:40 743.46 17.33 63 1.34 0
14:41 743.2 17.33 63 5.36 0
14:42 743.2 17.33 63 4.92 0
14:43 743.46 17.33 63 5.36 0
14:44 743.46 17.33 64 3.58 0
14:45 743.46 17.39 64 2.68 0
14:46 743.46 17.39 63 4.92 0
14:47 743.46 17.44 63 4.47 0
14:48 743.46 17.44 63 2.68 0
14:49 743.46 17.44 63 3.13 0
14:50 743.46 17.5 63 4.02 0
14:51 743.46 17.56 63 3.58 0
14:52 743.46 17.56 62 4.92 0
14:53 743.46 17.56 62 4.92 0
14:54 743.46 17.61 63 6.71 0
14:55 743.46 17.61 62 7.15 0
14:56 743.2 17.5 61 4.92 0
14:57 743.2 17.5 62 1.79 0
14:58 743.2 17.5 62 3.13 0
14:59 743.2 17.5 62 4.47 0
15:00 743.46 17.5 62 4.02 0
15:01 743.46 17.44 62 4.92 0
15:02 743.46 17.44 62 5.81 0
15:03 743.46 17.39 62 5.81 0
15:04 743.46 17.33 62 5.36 0
15:05 743.46 17.33 62 1.79 0
15:06 743.46 17.33 62 4.02 0
15:07 743.46 17.28 63 2.68 0
15:08 743.46 17.28 63 4.92 0
15:09 743.46 17.28 63 1.34 0
15:10 743.46 17.28 63 4.02 0
15:11 743.46 17.28 63 6.71 0
15:12 743.46 17.28 63 4.47 0
15:13 743.46 17.33 63 3.13 0
15:14 743.46 17.39 64 2.68 0
15:15 743.46 17.5 63 3.13 0
15:16 743.46 17.56 63 1.79 0
15:17 743.46 17.72 63 6.71 0
15:18 743.46 17.83 63 4.92 0
15:19 743.46 18 62 6.71 0
15:20 743.46 18 61 3.13 0
15:21 743.46 18.06 61 3.58 0
15:22 743.46 18.11 61 4.47 0
15:23 743.46 18.17 61 5.36 0
15:24 743.46 18.11 61 7.6 0
15:25 743.46 18.06 61 4.02 0
15:26 743.46 18.06 61 4.02 0
15:27 743.46 18.06 61 4.47 0
15:28 743.46 18.06 61 3.13 0
15:29 743.46 18 61 1.79 0
15:30 743.46 18.06 62 4.02 0
15:31 743.46 18.11 61 5.81 0
15:32 743.46 18.11 61 4.47 0
15:33 743.46 18.17 61 4.47 0
15:34 743.46 18.11 61 4.92 0
15:35 743.46 18.17 61 4.47 0
15:36 743.46 18.17 61 2.24 0
15:37 743.46 18.22 62 4.02 0
15:38 743.46 18.33 61 4.02 0
15:39 743.46 18.44 61 6.26 0
15:40 743.46 18.44 61 3.13 0
15:41 743.46 18.44 61 2.68 0
15:42 743.46 18.39 60 8.49 0
15:43 743.46 18.28 60 3.58 0
15:44 743.46 18.17 61 4.92 0
15:45 743.46 18.11 61 4.47 0
15:46 743.46 18.06 61 3.58 0
15:47 743.46 18.06 62 4.02 0
15:48 743.46 18.06 62 4.92 0
15:49 743.46 18.06 62 3.13 0
15:50 743.46 18.06 62 4.47 0
15:51 743.46 18 62 4.92 0
15:52 743.46 18 61 3.58 0
15:53 743.46 17.94 62 3.58 0
15:54 743.46 17.94 62 1.34 0
15:55 743.46 17.94 62 4.02 0
15:56 743.46 17.89 62 1.34 0
15:57 743.46 17.83 62 4.02 0
15:58 743.46 17.83 62 6.71 0
15:59 743.46 17.78 62 5.81 0
16:00 743.46 17.72 62 5.81 0
16:01 743.46 17.72 62 5.81 0
16:02 743.46 17.72 62 2.24 0
16:03 743.46 17.67 63 1.79 0
16:04 743.46 17.72 63 4.47 0
16:05 743.46 17.72 62 4.47 0
16:06 743.46 17.72 63 5.36 0
16:07 743.46 17.67 62 5.36 0
16:08 743.46 17.72 63 4.02 0
16:09 743.46 17.72 63 3.58 0
16:10 743.46 17.72 63 4.02 0
16:11 743.46 17.72 63 5.81 0
16:12 743.46 17.72 63 4.02 0
16:13 743.46 17.72 64 5.36 0
16:14 743.46 17.72 63 5.81 0
16:15 743.46 17.72 63 4.02 0
16:16 743.46 17.67 63 2.68 0
16:17 743.46 17.72 63 2.68 0
16:18 743.46 17.72 63 4.02 0
16:19 743.46 17.67 63 3.13 0
16:20 743.46 17.67 63 5.36 0
16:21 743.46 17.67 63 3.58 0
16:22 743.46 17.61 63 2.24 0
16:23 743.46 17.61 63 2.68 0
16:24 743.46 17.61 63 5.36 0
16:25 743.46 17.56 63 4.02 0
16:26 743.46 17.56 63 6.26 0
16:27 743.46 17.56 63 4.92 0
16:28 743.46 17.5 64 4.47 0
16:29 743.46 17.5 64 1.79 0
16:30 743.46 17.5 64 3.58 0
16:31 743.46 17.5 64 3.58 0
16:32 743.46 17.5 64 3.13 0
16:33 743.46 17.5 64 3.58 0
16:34 743.46 17.5 64 1.79 0
16:35 743.46 17.44 65 2.24 0
16:36 743.46 17.44 65 1.79 0
16:37 743.46 17.5 65 3.58 0
16:38 743.46 17.5 65 2.24 0
16:39 743.46 17.5 65 1.79 0
16:40 743.46 17.44 65 4.47 0
16:41 743.46 17.5 65 2.24 0
16:42 743.46 17.5 64 2.24 0
16:43 743.46 17.5 65 4.92 0
16:44 743.46 17.5 65 2.24 0
16:45 743.46 17.56 65 2.68 0
16:46 743.46 17.61 65 5.36 0
16:47 743.46 17.61 65 3.13 0
16:48 743.46 17.67 65 1.79 0
16:49 743.46 17.67 65 1.34 0
16:50 743.46 17.72 65 3.13 0
16:51 743.46 17.83 65 4.92 0
16:52 743.46 17.94 65 2.68 0
16:53 743.46 18 64 4.02 0
16:54 743.46 18.06 64 4.92 0
16:55 743.46 18.11 64 4.92 0
16:56 743.46 18.11 64 3.58 0
16:57 743.46 18.11 64 2.24 0
16:58 743.46 18.17 64 3.58 0
16:59 743.46 18.17 64 3.58 0
17:00 743.46 18.22 64 4.47 0
17:01 743.46 18.22 64 .89 0
17:02 743.2 18.28 64 3.58 0
17:03 743.46 18.28 64 4.02 0
17:04 743.46 18.22 64 6.26 0
17:05 743.46 18.22 63 7.6 0
17:06 743.46 18.11 63 3.58 0
17:07 743.2 18.06 64 4.02 0
17:08 743.2 18 64 4.02 0
17:09 743.2 18.06 64 2.68 0
17:10 743.46 18.06 64 5.81 0
17:11 743.46 18 64 6.26 0
17:12 743.2 18 64 3.58 0
17:13 743.2 17.94 64 3.58 0
17:14 743.2 18 65 2.24 0
17:15 743.2 18 65 4.47 0
17:16 743.2 18 65 1.79 0
17:17 743.2 17.94 65 1.34 0
17:18 743.2 18 65 3.58 0
17:19 743.2 17.94 65 1.79 0
17:20 743.2 18 65 2.24 0
17:21 743.2 18 64 3.58 0
17:22 743.2 17.94 64 5.36 0
17:23 743.2 17.94 64 6.71 0
17:24 743.2 17.89 64 6.26 0
17:25 743.2 17.89 65 4.92 0
17:26 743.2 17.83 64 5.81 0
17:27 743.2 17.83 64 5.81 0
17:28 743.2 17.78 65 4.02 0
17:29 743.2 17.72 65 4.02 0
17:30 743.2 17.72 64 4.02 0
17:31 743.2 17.72 64 4.02 0
17:32 743.2 17.72 64 5.36 0
17:33 743.2 17.67 64 5.36 0
17:34 743.2 17.61 64 4.47 0
17:35 743.2 17.61 64 4.47 0
17:36 743.2 17.67 65 5.81 0
17:37 743.2 17.61 65 5.36 0
17:38 743.2 17.61 65 3.13 0
17:39 743.2 17.61 65 3.13 0
17:40 743.2 17.61 65 2.24 0
17:41 743.2 17.61 65 3.58 0
17:42 743.2 17.61 65 3.58 0
17:43 743.2 17.61 65 3.13 0
17:44 743.2 17.67 65 3.13 0
17:45 743.2 17.72 65 7.6 0
17:46 743.2 17.78 64 5.36 0
17:47 743.2 17.83 64 4.92 0
17:48 743.2 17.89 64 5.81 0
17:49 743.2 18 64 2.24 0
17:50 743.2 18.06 64 3.58 0
17:51 743.2 18.17 64 2.68 0
17:52 743.2 18.22 63 3.13 0
17:53 743.2 18.33 64 4.92 0
17:54 743.2 18.39 64 4.92 0
17:55 743.2 18.5 63 5.36 0
17:56 743.2 18.44 63 6.71 0
17:57 743.2 18.5 63 4.47 0
17:58 743.2 18.5 63 5.36 0
17:59 743.2 18.5 63 3.58 0
18:00 743.2 18.56 63 2.24 0
18:01 743.2 18.56 63 4.02 0
18:02 743.2 18.61 63 2.24 0
18:03 743.2 18.67 63 4.02 0
18:04 743.2 18.72 63 2.68 0
18:05 743.2 18.78 63 1.34 0
18:06 743.2 18.83 63 4.47 0
18:07 743.2 18.83 62 4.02 0
18:08 743.2 18.78 63 6.26 0
18:09 742.95 18.67 62 8.49 0
18:10 742.95 18.61 62 6.26 0
18:11 742.95 18.61 62 3.58 0
18:12 742.95 18.61 63 2.68 0
18:13 743.2 18.61 63 2.68 0
18:14 743.2 18.67 63 4.47 0
18:15 742.95 18.72 62 6.26 0
18:16 743.2 18.78 62 5.36 0
18:17 743.2 18.78 62 4.47 0
18:18 742.95 18.78 62 1.79 0
18:19 743.2 18.83 62 8.49 0
18:20 743.2 18.83 62 3.58 0
18:21 743.2 18.83 62 4.47 0
18:22 743.2 18.83 62 4.02 0
18:23 743.2 18.89 62 1.79 0
18:24 743.2 18.94 62 4.02 0
18:25 743.2 18.94 62 1.79 0
18:26 743.2 18.94 62 3.13 0
18:27 743.2 18.94 62 3.58 0
18:28 743.2 18.94 62 6.26 0
18:29 743.2 18.89 61 1.34 0
18:30 743.2 18.83 62 4.02 0
18:31 743.2 18.83 62 8.05 0
18:32 743.2 18.78 61 6.26 0
18:33 743.2 18.67 62 2.68 0
18:34 743.2 18.56 61 8.05 0
18:35 743.2 18.5 61 7.15 0
18:36 743.2 18.39 61 4.92 0
18:37 743.2 18.33 62 3.58 0
18:38 743.2 18.33 62 5.81 0
18:39 743.2 18.28 62 4.02 0
18:40 743.2 18.22 62 6.26 0
18:41 743.2 18.22 62 6.26 0
18:42 743.2 18.22 62 4.92 0
18:43 743.2 18.22 63 4.47 0
18:44 743.2 18.22 63 4.02 0
18:45 743.2 18.22 63 7.15 0
18:46 743.2 18.22 63 4.02 0
18:47 743.2 18.22 63 5.81 0
18:48 743.2 18.22 62 4.92 0
18:49 743.2 18.22 63 2.68 0
18:50 743.2 18.22 63 4.47 0
18:51 743.2 18.22 63 2.68 0
18:52 743.2 18.22 63 7.6 0
18:53 743.2 18.17 63 4.92 0
18:54 743.2 18.17 63 3.58 0
18:55 743.2 18.11 63 4.47 0
18:56 743.2 18.17 63 4.02 0
18:57 743.2 18.17 64 4.92 0
18:58 743.2 18.17 64 4.92 0
18:59 743.2 18.17 64 4.02 0
19:00 743.2 18.17 64 2.24 0
19:01 743.2 18.28 64 3.13 0
19:02 743.2 18.33 64 4.92 0
19:03 743.2 18.33 64 3.13 0
19:04 743.2 18.39 64 5.36 0
19:05 743.2 18.33 63 3.58 0
19:06 743.2 18.39 64 1.79 0
19:07 743.2 18.33 64 2.68 0
19:08 743.2 18.28 64 4.02 0
19:09 743.2 18.22 64 .89 0
19:10 743.2 18.22 64 3.13 0
19:11 743.2 18.17 64 3.13 0
19:12 743.2 18.17 64 4.92 0
19:13 743.2 18.11 64 4.02 0
19:14 743.2 18.06 64 2.68 0
19:15 743.2 18.06 64 4.02 0
19:16 743.46 18.06 64 2.68 0
19:17 743.2 18 64 3.58 0
19:18 743.46 18 64 3.13 0
19:19 743.46 18 64 3.58 0
19:20 743.46 17.94 65 4.02 0
19:21 743.2 17.94 65 2.68 0
19:22 743.46 17.89 65 3.13 0
19:23 743.46 17.89 65 1.34 0
19:24 743.46 17.89 65 3.58 0
19:25 743.46 17.83 65 4.92 0
19:26 743.46 17.83 65 2.24 0
19:27 743.2 17.83 65 3.13 0
19:28 743.46 17.78 65 2.68 0
19:29 743.46 17.78 65 3.13 0
19:30 743.46 17.78 65 5.81 0
19:31 743.46 17.72 65 3.58 0
19:32 743.46 17.72 66 2.24 0
19:33 743.46 17.72 66 2.68 0
19:34 743.46 17.72 66 4.47 0
19:35 743.46 17.67 66 3.58 0
19:36 743.46 17.67 66 2.68 0
19:37 743.46 17.67 66 4.02 0
19:38 743.46 17.61 66 4.02 0
19:39 743.46 17.61 66 5.81 0
19:40 743.46 17.56 66 4.92 0
19:41 743.46 17.56 66 1.79 0
19:42 743.46 17.56 66 2.24 0
19:43 743.46 17.5 66 3.13 0
19:44 743.46 17.56 66 4.02 0
19:45 743.46 17.5 66 6.26 0
19:46 743.46 17.5 66 4.92 0
19:47 743.46 17.5 66 3.13 0
19:48 743.46 17.5 66 2.68 0
19:49 743.46 17.44 66 5.81 0
19:50 743.46 17.44 66 4.02 0
19:51 743.46 17.44 66 3.13 0
19:52 743.46 17.44 66 2.24 0
19:53 743.2 17.5 66 4.92 0
19:54 743.46 17.5 66 4.02 0
19:55 743.46 17.5 66 2.24 0
19:56 743.46 17.5 66 1.79 0
19:57 743.2 17.5 66 2.68 0
19:58 743.2 17.5 66 2.24 0
19:59 743.2 17.56 66 4.02 0
20:00 743.2 17.56 66 4.02 0
20:01 743.2 17.5 66 3.58 0
20:02 743.2 17.5 66 4.92 0
20:03 743.46 17.5 66 7.6 0
20:04 743.46 17.44 66 2.68 0
20:05 743.46 17.44 66 6.71 0
20:06 743.46 17.44 66 3.58 0
20:07 743.46 17.44 66 4.02 0
20:08 743.46 17.44 66 2.24 0
20:09 743.46 17.39 67 2.24 0
20:10 743.46 17.33 67 3.13 0
20:11 743.46 17.33 67 4.47 0
20:12 743.46 17.33 67 4.92 0
20:13 743.46 17.28 67 2.24 0
20:14 743.46 17.28 67 5.81 0
20:15 743.46 17.28 67 4.47 0
20:16 743.46 17.28 67 3.13 0
20:17 743.46 17.22 67 4.47 0
20:18 743.46 17.22 67 3.13 0
20:19 743.46 17.17 67 4.92 0
20:20 743.46 17.17 67 3.58 0
20:21 743.46 17.22 68 1.79 0
20:22 743.46 17.17 68 3.13 0
20:23 743.46 17.17 68 3.58 0
20:24 743.46 17.11 68 3.13 0
20:25 743.46 17.11 68 2.24 0
20:26 743.46 17.06 68 1.79 0
20:27 743.46 17.06 68 3.13 0
20:28 743.46 17.06 68 2.68 0
20:29 743.46 17.06 68 4.47 0
20:30 743.46 17.06 68 4.02 0
20:31 743.46 17 68 4.02 0
20:32 743.2 17 68 3.13 0
20:33 743.46 17 68 4.47 0
20:34 743.46 17.06 68 2.24 0
20:35 743.46 17 68 3.58 0
20:36 743.46 17 68 4.02 0
20:37 743.46 17 68 2.24 0
20:38 743.46 17 68 4.02 0
20:39 743.46 17 68 3.58 0
20:40 743.46 17 69 4.47 0
20:41 743.46 17 68 4.92 0
20:42 743.46 17 68 3.13 0
20:43 743.46 17 69 4.02 0
20:44 743.46 17 69 3.58 0
20:45 743.46 17 68 3.13 0
20:46 743.46 17 69 2.68 0
20:47 743.46 17 69 2.68 0
20:48 743.46 17 69 1.79 0
20:49 743.46 17 69 1.79 0
20:50 743.46 16.94 69 3.58 0
20:51 743.46 16.94 69 1.79 0
20:52 743.46 16.94 69 3.58 0
20:53 743.46 16.94 69 1.79 0
20:54 743.46 16.89 69 1.34 0
20:55 743.46 16.89 69 2.24 0
20:56 743.46 16.89 69 1.34 0
20:57 743.46 16.83 69 4.02 0
20:58 743.46 16.83 69 2.24 0
20:59 743.46 16.83 69 2.68 0
21:00 743.46 16.78 69 2.68 0
21:01 743.46 16.78 69 4.02 0
21:02 743.46 16.78 69 3.58 0
21:03 743.46 16.78 69 3.13 0
21:04 743.46 16.78 69 3.13 0
21:05 743.46 16.72 69 3.58 0
21:06 743.46 16.78 70 2.68 0
21:07 743.46 16.78 70 2.68 0
21:08 743.46 16.72 70 2.68 0
21:09 743.46 16.72 70 2.68 0
21:10 743.46 16.72 70 2.68 0
21:11 743.46 16.72 70 3.13 0
21:12 743.46 16.67 70 4.02 0
21:13 743.46 16.67 70 2.24 0
21:14 743.46 16.67 70 1.34 0
21:15 743.46 16.67 70 3.13 0
21:16 743.46 16.61 70 3.58 0
21:17 743.46 16.61 70 1.34 0
21:18 743.46 16.61 70 3.13 0
21:19 743.46 16.61 70 5.36 0
21:20 743.46 16.67 70 4.47 0
21:21 743.46 16.61 70 4.92 0
21:22 743.46 16.61 70 4.02 0
21:23 743.46 16.61 70 4.47 0
21:24 743.46 16.61 70 3.58 0
21:25 743.46 16.61 70 3.58 0
21:26 743.46 16.61 70 3.13 0
21:27 743.46 16.61 70 1.34 0
21:28 743.46 16.56 70 3.58 0
21:29 743.46 16.56 70 3.58 0
21:30 743.46 16.56 70 4.47 0
21:31 743.46 16.56 70 7.15 0
21:32 743.46 16.61 70 1.79 0
21:33 743.46 16.56 70 5.81 0
21:34 743.46 16.56 70 3.58 0
21:35 743.46 16.56 70 4.47 0
21:36 743.46 16.56 70 5.81 0
21:37 743.71 16.61 70 1.79 0
21:38 743.71 16.56 70 6.71 0
21:39 743.46 16.56 70 3.58 0
21:40 743.71 16.61 70 4.47 0
21:41 743.71 16.61 70 3.13 0
21:42 743.71 16.56 70 4.47 0
21:43 743.71 16.56 70 4.02 0
21:44 743.71 16.56 70 1.79 0
21:45 743.46 16.56 70 3.13 0
21:46 743.71 16.56 70 1.79 0
21:47 743.71 16.56 70 1.79 0
21:48 743.71 16.5 70 2.68 0
21:49 743.71 16.5 70 1.79 0
21:50 743.71 16.44 71 1.79 0
21:51 743.71 16.44 71 4.02 0
21:52 743.71 16.44 70 3.13 0
21:53 743.71 16.44 70 1.79 0
21:54 743.71 16.44 70 1.79 0
21:55 743.71 16.44 70 2.68 0
21:56 743.71 16.44 70 4.92 0
21:57 743.71 16.44 70 3.13 0
21:58 743.71 16.44 70 3.58 0
21:59 743.71 16.44 70 3.13 0
22:00 743.71 16.44 70 4.92 0
22:01 743.71 16.44 70 4.02 0
22:02 743.71 16.44 70 2.24 0
22:03 743.71 16.39 70 4.92 0
22:04 743.71 16.39 70 5.36 0
22:05 743.71 16.33 70 4.02 0
22:06 743.71 16.33 70 2.68 0
22:07 743.71 16.33 70 3.58 0
22:08 743.71 16.33 70 5.36 0
22:09 743.71 16.28 70 5.36 0
22:10 743.71 16.28 70 4.92 0
22:11 743.71 16.28 70 2.24 0
22:12 743.71 16.28 70 4.02 0
22:13 743.71 16.22 70 1.34 0
22:14 743.71 16.28 70 1.79 0
22:15 743.71 16.22 70 3.58 0
22:16 743.71 16.22 70 2.68 0
22:17 743.71 16.22 70 4.47 0
22:18 743.71 16.22 70 3.58 0
22:19 743.71 16.17 70 4.47 0
22:20 743.71 16.17 70 3.58 0
22:21 743.71 16.17 70 2.24 0
22:22 743.71 16.17 71 1.34 0
22:23 743.71 16.11 71 4.47 0
22:24 743.71 16.11 71 2.24 0
22:25 743.71 16.06 71 3.13 0
22:26 743.71 16.06 71 1.79 0
22:27 743.71 16.06 71 3.13 0
22:28 743.71 16.06 71 1.79 0
22:29 743.71 16 71 1.34 0
22:30 743.71 16 71 4.02 0
22:31 743.71 16 71 1.79 0
22:32 743.71 16 71 2.24 0
22:33 743.71 15.94 72 3.58 0
22:34 743.71 15.94 72 1.34 0
22:35 743.71 15.94 72 .89 0
22:36 743.71 15.94 72 .89 0
22:37 743.71 15.89 72 2.68 0
22:38 743.71 15.89 72 1.79 0
22:39 743.71 15.89 72 3.13 0
22:40 743.71 15.89 72 1.79 0
22:41 743.71 15.83 72 1.79 0
22:42 743.71 15.83 72 1.79 0
22:43 743.71 15.83 72 1.79 0
22:44 743.71 15.78 72 1.79 0
22:45 743.71 15.78 72 1.34 0
22:46 743.71 15.72 72 .89 0
22:47 743.71 15.72 72 2.68 0
22:48 743.71 15.72 72 1.34 0
22:49 743.71 15.67 72 3.58 0
22:50 743.71 15.67 72 3.13 0
22:51 743.71 15.67 72 1.34 0
22:52 743.71 15.67 72 1.34 0
22:53 743.71 15.67 72 .89 0
22:54 743.71 15.67 72 2.68 0
22:55 743.71 15.61 73 3.58 0
22:56 743.71 15.61 73 1.79 0
22:57 743.71 15.61 73 3.13 0
22:58 743.71 15.61 73 4.47 0
22:59 743.71 15.61 72 1.79 0
23:00 743.71 15.56 73 3.13 0
23:01 743.71 15.61 73 1.79 0
23:02 743.71 15.56 73 3.58 0
23:03 743.71 15.56 73 1.79 0
23:04 743.71 15.56 73 3.13 0
23:05 743.71 15.56 73 2.68 0
23:06 743.71 15.56 73 3.13 0
23:07 743.71 15.44 73 1.79 0
23:08 743.71 15.44 73 2.24 0
23:09 743.71 15.44 73 3.13 0
23:10 743.71 15.44 73 3.58 0
23:11 743.71 15.44 73 2.24 0
23:12 743.71 15.39 73 3.13 0
23:13 743.71 15.39 73 3.13 0
23:14 743.71 15.33 73 3.58 0
23:15 743.71 15.33 73 3.58 0
23:16 743.71 15.33 73 4.47 0
23:17 743.71 15.33 73 4.47 0
23:18 743.71 15.33 73 1.79 0
23:19 743.71 15.33 73 4.02 0
23:20 743.71 15.33 73 1.79 0
23:21 743.71 15.28 73 3.58 0
23:22 743.71 15.28 73 4.02 0
23:23 743.71 15.28 73 3.13 0
23:24 743.71 15.28 74 3.13 0
23:25 743.71 15.22 74 3.58 0
23:26 743.71 15.22 74 2.68 0
23:27 743.71 15.22 74 3.58 0
23:28 743.71 15.22 74 1.79 0
23:29 743.71 15.17 74 3.58 0
23:30 743.71 15.17 74 2.24 0
23:31 743.71 15.17 74 3.13 0
23:32 743.71 15.17 74 2.68 0
23:33 743.71 15.17 74 1.79 0
23:34 743.71 15.17 74 1.79 0
23:35 743.71 15.11 74 4.47 0
23:36 743.71 15.11 74 2.24 0
23:37 743.71 15.11 74 4.02 0
23:38 743.71 15.06 74 2.24 0
23:39 743.71 15.06 74 2.24 0
23:40 743.71 15.06 74 2.68 0
23:41 743.71 15.06 74 2.24 0
23:42 743.46 15 74 4.92 0
23:43 743.71 15 74 2.24 0
23:44 743.71 15 74 1.79 0
23:45 743.71 15 74 4.02 0
23:46 743.71 15 74 2.24 0
23:47 743.46 15 74 2.68 0
23:48 743.71 15 74 3.58 0
23:49 743.71 15 74 3.13 0
23:50 743.71 15 74 1.79 0
23:51 743.71 15 74 2.68 0
23:52 743.71 15 74 3.58 0
23:53 743.71 15 74 5.36 0
23:54 743.46 15 74 4.92 0
23:55 743.71 14.94 74 2.24 0
23:56 743.71 15 74 4.47 0
23:57 743.71 14.94 75 6.26 0
23:58 743.71 14.94 75 3.13 0
23:59 743.71 14.94 75 4.02 0
