00:00 741.93 .72 55 .89 0
00:01 741.93 .72 56 1.34 0
00:02 741.93 .67 55 1.34 0
00:03 741.93 .67 56 2.24 0
00:04 741.93 .56 56 .89 0
00:05 741.93 .5 56 .89 0
00:06 741.93 .5 56 .89 0
00:07 741.93 .44 57 1.79 0
00:08 741.93 .33 57 2.24 0
00:09 741.93 .33 57 .89 0
00:10 741.93 .28 57 .89 0
00:11 741.93 .28 57 .89 0
00:12 741.93 .17 58 1.79 0
00:13 741.93 .17 58 .89 0
00:14 741.93 .11 58 .45 0
00:15 741.93 .11 58 1.34 0
00:16 741.93 .11 58 2.24 0
00:17 741.93 0 58 1.79 0
00:18 741.93 0 59 1.79 0
00:19 741.93 -.06 59 .45 0
00:20 741.93 -.06 59 .89 0
00:21 741.93 -.17 59 .45 0
00:22 741.93 -.17 59 1.79 0
00:23 741.93 -.22 59 1.34 0
00:24 741.93 -.22 59 1.34 0
00:25 741.93 -.22 59 .89 0
00:26 741.93 -.33 59 .89 0
00:27 741.93 -.33 59 1.34 0
00:28 741.93 -.33 59 0 0
00:29 741.93 -.39 60 .45 0
00:30 741.93 -.39 60 .89 0
00:31 741.93 -.39 60 1.34 0
00:32 741.93 -.39 60 .89 0
00:33 741.93 -.39 60 1.34 0
00:34 741.93 -.39 60 .45 0
00:35 741.93 -.39 60 0 0
00:36 741.93 -.39 60 .45 0
00:37 741.93 -.39 60 1.34 0
00:38 741.93 -.39 60 .89 0
00:39 741.93 -.39 60 .89 0
00:40 741.93 -.39 60 0 0
00:41 741.93 -.39 60 .45 0
00:42 741.93 -.39 60 .45 0
00:43 741.93 -.39 60 .45 0
00:44 741.93 -.33 60 0 0
00:45 741.93 -.33 60 1.34 0
00:46 741.93 -.33 60 .89 0
00:47 741.93 -.33 60 2.24 0
00:48 741.93 -.22 59 3.13 0
00:49 741.93 -.22 59 2.24 0
00:50 741.93 -.17 59 .45 0
00:51 741.93 -.17 59 2.68 0
00:52 741.93 -.17 59 2.68 0
00:53 741.93 -.17 59 1.79 0
00:54 741.93 -.17 59 2.24 0
00:55 741.93 -.22 59 1.34 0
00:56 741.93 -.22 59 2.24 0
00:57 741.93 -.22 59 3.13 0
00:58 741.93 -.22 59 3.13 0
00:59 741.93 -.22 59 1.79 0
01:00 741.93 -.33 59 .89 0
01:01 741.93 -.33 59 2.68 0
01:02 741.93 -.33 59 .45 0
01:03 741.93 -.33 60 1.79 0
01:04 741.93 -.39 60 1.34 0
01:05 741.93 -.39 60 2.24 0
01:06 741.93 -.5 60 .45 0
01:07 741.93 -.5 60 1.34 0
01:08 741.93 -.56 60 1.34 0
01:09 741.93 -.56 60 .89 0
01:10 741.93 -.67 61 2.24 0
01:11 741.93 -.67 61 1.34 0
01:12 741.93 -.67 61 0 0
01:13 741.93 -.72 61 2.68 0
01:14 741.93 -.72 61 3.13 0
01:15 741.93 -.72 61 1.79 0
01:16 741.93 -.72 61 2.24 0
01:17 741.93 -.72 61 4.02 0
01:18 741.93 -.72 61 .45 0
01:19 741.93 -.72 61 .89 0
01:20 741.93 -.83 61 1.34 0
01:21 741.93 -.83 61 1.79 0
01:22 741.93 -.83 61 .89 0
01:23 741.93 -.83 61 2.24 0
01:24 741.93 -.83 61 .89 0
01:25 741.93 -.89 61 .89 0
01:26 741.93 -.89 61 2.24 0
01:27 741.93 -.89 61 1.79 0
01:28 741.93 -.89 61 2.24 0
01:29 741.93 -.89 61 2.68 0
01:30 741.93 -1 61 2.68 0
01:31 741.93 -1 61 2.68 0
01:32 741.93 -1 61 1.34 0
01:33 741.93 -1 62 0 0
01:34 741.93 -1 62 .45 0
01:35 741.93 -1 62 0 0
01:36 741.93 -1 62 .45 0
01:37 741.93 -1 62 0 0
01:38 741.93 -1 62 1.34 0
01:39 741.93 -1 62 1.34 0
01:40 741.93 -1 62 1.34 0
01:41 741.93 -1 62 .45 0
01:42 741.93 -1 62 .89 0
01:43 741.93 -1.06 62 2.24 0
01:44 741.93 -1.06 62 1.79 0
01:45 741.93 -1.06 62 2.24 0
01:46 741.93 -1.06 62 1.34 0
01:47 741.93 -1.06 62 1.79 0
01:48 741.93 -1.06 62 2.24 0
01:49 741.93 -1 62 .45 0
01:50 741.93 -1 62 .45 0
01:51 741.93 -1 61 .45 0
01:52 741.93 -1 61 .45 0
01:53 741.93 -1 61 .89 0
01:54 741.93 -1 61 .45 0
01:55 741.93 -1 61 .89 0
01:56 741.93 -1.06 61 .89 0
01:57 741.93 -1.06 61 .89 0
01:58 741.93 -1.06 61 1.34 0
01:59 741.68 -1.06 61 2.68 0
02:00 741.68 -1.06 61 2.68 0
02:01 741.68 -1.06 61 1.79 0
02:02 741.68 -1.06 61 1.34 0
02:03 741.68 -1 61 1.34 0
02:04 741.68 -1 61 .89 0
02:05 741.68 -1 61 .45 0
02:06 741.68 -1 61 1.34 0
02:07 741.68 -1 61 .89 0
02:08 741.68 -1 61 .89 0
02:09 741.68 -1 61 1.79 0
02:10 741.68 -1.06 61 2.24 0
02:11 741.68 -1.06 61 1.34 0
02:12 741.68 -1.06 61 1.34 0
02:13 741.68 -1.06 61 1.79 0
02:14 741.68 -1.06 61 .89 0
02:15 741.68 -1.06 61 1.79 0
02:16 741.68 -1.06 61 .89 0
02:17 741.68 -1.06 61 .89 0
02:18 741.68 -1.06 61 .89 0
02:19 741.68 -1.06 61 1.34 0
02:20 741.68 -1.17 61 1.34 0
02:21 741.68 -1.17 61 .89 0
02:22 741.68 -1.17 61 .89 0
02:23 741.68 -1.17 61 .45 0
02:24 741.68 -1.17 61 2.24 0
02:25 741.68 -1.17 61 .45 0
02:26 741.68 -1.17 61 1.34 0
02:27 741.68 -1.17 61 1.34 0
02:28 741.68 -1.17 61 .89 0
02:29 741.68 -1.17 61 1.34 0
02:30 741.68 -1.17 61 1.34 0
02:31 741.68 -1.22 61 1.34 0
02:32 741.68 -1.22 61 1.34 0
02:33 741.68 -1.22 61 2.24 0
02:34 741.68 -1.22 61 2.24 0
02:35 741.68 -1.22 61 2.24 0
02:36 741.68 -1.22 61 1.79 0
02:37 741.68 -1.22 61 .89 0
02:38 741.68 -1.22 61 1.34 0
02:39 741.68 -1.22 61 .89 0
02:40 741.68 -1.22 61 2.24 0
02:41 741.68 -1.33 61 .89 0
02:42 741.68 -1.33 61 .89 0
02:43 741.68 -1.33 61 .89 0
02:44 741.68 -1.33 61 1.79 0
02:45 741.68 -1.33 61 2.24 0
02:46 741.68 -1.33 61 1.34 0
02:47 741.68 -1.33 61 2.68 0
02:48 741.68 -1.33 61 .89 0
02:49 741.68 -1.33 61 .45 0
02:50 741.68 -1.33 61 1.34 0
02:51 741.68 -1.33 61 .45 0
02:52 741.68 -1.33 61 .89 0
02:53 741.68 -1.33 61 1.34 0
02:54 741.68 -1.33 60 1.34 0
02:55 741.68 -1.33 60 1.34 0
02:56 741.68 -1.22 60 1.34 0
02:57 741.68 -1.33 60 .45 0
02:58 741.68 -1.33 60 .89 0
02:59 741.68 -1.33 60 1.34 0
03:00 741.68 -1.33 60 .89 0
03:01 741.68 -1.33 60 2.68 0
03:02 741.68 -1.33 60 2.24 0
03:03 741.68 -1.33 61 2.24 0
03:04 741.68 -1.33 61 3.13 0
03:05 741.68 -1.33 61 3.13 0
03:06 741.68 -1.33 60 1.34 0
03:07 741.68 -1.33 60 1.79 0
03:08 741.68 -1.22 60 1.34 0
03:09 741.68 -1.22 60 1.34 0
03:10 741.68 -1.22 60 .89 0
03:11 741.68 -1.22 60 1.34 0
03:12 741.68 -1.22 59 .89 0
03:13 741.68 -1.22 60 .89 0
03:14 741.68 -1.22 60 .89 0
03:15 741.68 -1.33 60 1.34 0
03:16 741.68 -1.33 60 1.34 0
03:17 741.68 -1.33 60 .45 0
03:18 741.68 -1.33 60 0 0
03:19 741.68 -1.33 60 .89 0
03:20 741.68 -1.33 60 .45 0
03:21 741.68 -1.33 60 1.34 0
03:22 741.68 -1.33 60 .45 0
03:23 741.68 -1.33 60 0 0
03:24 741.68 -1.33 60 0 0
03:25 741.68 -1.33 60 0 0
03:26 741.68 -1.33 60 0 0
03:27 741.68 -1.33 60 .45 0
03:28 741.68 -1.33 60 .45 0
03:29 741.43 -1.33 60 1.79 0
03:30 741.43 -1.33 60 .89 0
03:31 741.43 -1.33 60 .89 0
03:32 741.43 -1.33 59 1.34 0
03:33 741.43 -1.33 59 1.79 0
03:34 741.43 -1.33 59 1.34 0
03:35 741.43 -1.33 59 1.34 0
03:36 741.43 -1.33 59 .89 0
03:37 741.43 -1.22 59 .89 0
03:38 741.43 -1.22 59 1.34 0
03:39 741.43 -1.22 59 .89 0
03:40 741.43 -1.22 59 1.34 0
03:41 741.43 -1.22 59 0 0
03:42 741.43 -1.22 59 .45 0
03:43 741.43 -1.22 59 .45 0
03:44 741.43 -1.22 59 0 0
03:45 741.43 -1.22 59 .89 0
03:46 741.43 -1.22 59 .89 0
03:47 741.43 -1.22 59 0 0
03:48 741.43 -1.22 59 0 0
03:49 741.43 -1.22 59 .45 0
03:50 741.43 -1.22 59 .89 0
03:51 741.43 -1.22 59 1.79 0
03:52 741.43 -1.22 59 .89 0
03:53 741.43 -1.22 58 .45 0
03:54 741.43 -1.22 59 .45 0
03:55 741.43 -1.22 59 .89 0
03:56 741.43 -1.22 59 0 0
03:57 741.43 -1.22 59 .89 0
03:58 741.43 -1.22 59 .45 0
03:59 741.17 -1.22 59 0 0
04:00 741.17 -1.22 59 .45 0
04:01 741.17 -1.22 59 .89 0
04:02 741.17 -1.22 59 0 0
04:03 741.17 -1.22 59 .89 0
04:04 741.17 -1.22 59 .89 0
04:05 741.17 -1.22 59 .89 0
04:06 741.17 -1.22 59 1.34 0
04:07 741.17 -1.22 58 1.34 0
04:08 741.17 -1.22 58 .45 0
04:09 741.17 -1.22 58 1.34 0
04:10 741.17 -1.22 58 1.34 0
04:11 741.17 -1.22 58 .89 0
04:12 741.17 -1.22 58 .89 0
04:13 741.17 -1.22 58 0 0
04:14 741.17 -1.22 58 .45 0
04:15 741.17 -1.22 59 .45 0
04:16 741.17 -1.22 59 .45 0
04:17 741.17 -1.22 59 .89 0
04:18 741.17 -1.22 59 .45 0
04:19 741.17 -1.22 59 1.34 0
04:20 741.17 -1.22 59 .89 0
04:21 741.17 -1.33 59 .45 0
04:22 741.17 -1.33 59 1.34 0
04:23 741.17 -1.33 59 .45 0
04:24 741.17 -1.33 59 0 0
04:25 741.17 -1.33 59 1.34 0
04:26 741.17 -1.33 59 .45 0
04:27 741.17 -1.33 59 1.34 0
04:28 741.17 -1.33 59 0 0
04:29 741.17 -1.33 59 .89 0
04:30 741.17 -1.33 59 .89 0
04:31 741.17 -1.33 59 0 0
04:32 741.17 -1.33 59 .89 0
04:33 741.17 -1.33 59 0 0
04:34 741.17 -1.33 59 0 0
04:35 741.17 -1.39 59 0 0
04:36 741.17 -1.39 60 0 0
04:37 741.17 -1.39 60 0 0
04:38 741.17 -1.44 60 0 0
04:39 741.17 -1.44 60 .45 0
04:40 741.17 -1.44 60 .45 0
04:41 741.17 -1.56 60 .45 0
04:42 741.17 -1.56 60 .45 0
04:43 741.17 -1.56 60 0 0
04:44 741.17 -1.56 60 .89 0
04:45 741.17 -1.56 60 .45 0
04:46 741.17 -1.56 60 .89 0
04:47 741.17 -1.56 60 .89 0
04:48 741.17 -1.56 60 0 0
04:49 741.17 -1.56 60 0 0
04:50 741.17 -1.56 60 0 0
04:51 741.17 -1.56 60 0 0
04:52 741.17 -1.56 60 0 0
04:53 741.17 -1.61 61 0 0
04:54 741.17 -1.72 62 0 0
04:55 741.17 -1.78 62 0 0
04:56 741.17 -1.78 62 0 0
04:57 741.17 -1.89 62 0 0
04:58 741.17 -1.89 62 0 0
04:59 740.92 -1.89 62 0 0
05:00 740.92 -1.89 62 .89 0
05:01 740.92 -1.89 62 0 0
05:02 740.92 -1.78 62 0 0
05:03 740.92 -1.78 62 .45 0
05:04 740.92 -1.78 62 .45 0
05:05 740.92 -1.78 62 1.34 0
05:06 740.92 -1.72 61 0 0
05:07 740.92 -1.72 61 .89 0
05:08 740.92 -1.72 61 1.34 0
05:09 740.92 -1.72 61 .45 0
05:10 740.92 -1.72 61 1.79 0
05:11 740.92 -1.61 61 1.79 0
05:12 740.92 -1.56 61 .45 0
05:13 740.92 -1.56 61 1.34 0
05:14 740.92 -1.44 60 1.34 0
05:15 740.92 -1.44 60 0 0
05:16 740.92 -1.44 60 .45 0
05:17 740.92 -1.39 60 0 0
05:18 740.92 -1.39 60 0 0
05:19 740.92 -1.39 60 0 0
05:20 740.92 -1.39 60 .89 0
05:21 740.92 -1.39 60 0 0
05:22 740.92 -1.39 60 0 0
05:23 740.92 -1.39 60 .89 0
05:24 740.92 -1.39 60 .45 0
05:25 740.92 -1.39 60 1.34 0
05:26 740.92 -1.39 60 1.34 0
05:27 740.92 -1.39 60 1.34 0
05:28 740.92 -1.39 60 1.34 0
05:29 740.92 -1.39 60 .89 0
05:30 740.92 -1.39 61 .45 0
05:31 740.92 -1.39 61 .45 0
05:32 740.92 -1.33 60 0 0
05:33 740.92 -1.33 60 .45 0
05:34 740.92 -1.33 60 0 0
05:35 740.92 -1.33 61 .45 0
05:36 740.92 -1.22 60 0 0
05:37 740.92 -1.22 60 0 0
05:38 740.92 -1.17 60 0 0
05:39 740.92 -1.17 60 1.79 0
05:40 740.92 -1.06 60 .45 0
05:41 740.92 -1.06 60 .89 0
05:42 740.92 -1 60 1.34 0
05:43 740.92 -1 59 .89 0
05:44 740.92 -.89 59 1.79 0
05:45 740.92 -.89 59 1.79 0
05:46 740.92 -.83 58 1.79 0
05:47 740.92 -.72 58 .89 0
05:48 740.92 -.72 58 .89 0
05:49 740.92 -.67 58 .45 0
05:50 740.92 -.67 58 .45 0
05:51 740.92 -.56 58 0 0
05:52 740.92 -.56 57 0 0
05:53 740.92 -.5 57 1.34 0
05:54 740.92 -.5 57 0 0
05:55 740.92 -.5 57 1.79 0
05:56 740.92 -.5 57 0 0
05:57 740.92 -.5 57 0 0
05:58 740.92 -.5 58 .89 0
05:59 740.92 -.5 58 1.34 0
06:00 740.92 -.5 57 1.34 0
06:01 740.92 -.5 57 1.34 0
06:02 740.92 -.5 57 1.79 0
06:03 740.92 -.5 57 1.34 0
06:04 740.92 -.5 57 1.79 0
06:05 740.92 -.5 56 .89 0
06:06 740.92 -.39 57 1.34 0
06:07 740.92 -.39 56 1.34 0
06:08 740.92 -.39 56 .89 0
06:09 740.92 -.33 56 1.79 0
06:10 740.92 -.22 56 0 0
06:11 740.92 -.22 56 1.34 0
06:12 740.92 -.17 55 1.79 0
06:13 740.92 -.17 54 2.24 0
06:14 740.66 -.06 54 1.79 0
06:15 740.66 -.06 53 3.13 0
06:16 740.66 -.06 53 3.13 0
06:17 740.66 -.06 53 1.79 0
06:18 740.66 0 53 2.24 0
06:19 740.66 0 53 1.79 0
06:20 740.66 .11 53 .89 0
06:21 740.66 .11 52 1.34 0
06:22 740.66 .17 52 1.34 0
06:23 740.66 .17 52 1.34 0
06:24 740.66 .17 52 1.79 0
06:25 740.66 .17 52 1.34 0
06:26 740.66 .28 52 .89 0
06:27 740.66 .28 52 1.34 0
06:28 740.66 .28 52 .89 0
06:29 740.66 .28 52 1.79 0
06:30 740.66 .28 51 2.24 0
06:31 740.66 .28 51 1.79 0
06:32 740.66 .28 51 1.34 0
06:33 740.66 .17 51 2.24 0
06:34 740.66 .28 51 1.79 0
06:35 740.66 .28 51 1.79 0
06:36 740.66 .17 51 2.68 0
06:37 740.66 .28 51 2.24 0
06:38 740.66 .28 51 1.79 0
06:39 740.66 .28 51 2.68 0
06:40 740.66 .33 51 1.34 0
06:41 740.66 .33 51 1.34 0
06:42 740.66 .33 51 1.34 0
06:43 740.66 .44 51 2.24 0
06:44 740.66 .44 51 2.24 0
06:45 740.66 .44 49 1.79 0
06:46 740.66 .44 49 2.24 0
06:47 740.66 .44 49 2.24 0
06:48 740.66 .44 49 1.79 0
06:49 740.66 .44 49 2.24 0
06:50 740.66 .5 49 2.24 0
06:51 740.66 .5 48 3.13 0
06:52 740.66 .5 48 2.24 0
06:53 740.66 .5 48 1.79 0
06:54 740.66 .5 49 2.68 0
06:55 740.66 .5 48 2.24 0
06:56 740.66 .5 48 2.24 0
06:57 740.66 .5 49 2.68 0
06:58 740.66 .5 49 1.79 0
06:59 740.66 .5 48 1.79 0
07:00 740.66 .56 49 2.24 0
07:01 740.66 .67 47 1.34 0
07:02 740.66 .72 46 4.92 0
07:03 740.66 .83 46 2.68 0
07:04 740.66 .83 46 2.68 0
07:05 740.66 .83 45 1.79 0
07:06 740.66 .83 43 2.24 0
07:07 740.66 .89 45 2.68 0
07:08 740.66 .89 45 3.13 0
07:09 740.66 .89 45 1.79 0
07:10 740.66 1 45 2.68 0
07:11 740.66 1 45 4.92 0
07:12 740.66 1.06 43 4.02 0
07:13 740.66 1.06 43 3.58 0
07:14 740.66 1.06 45 1.79 0
07:15 740.66 1.17 45 1.79 0
07:16 740.66 1.17 43 3.13 0
07:17 740.66 1.22 44 1.79 0
07:18 740.66 1.22 44 2.24 0
07:19 740.66 1.22 44 2.24 0
07:20 740.66 1.22 42 4.02 0
07:21 740.66 1.22 42 4.02 0
07:22 740.66 1.22 43 3.13 0
07:23 740.66 1.17 40 3.58 0
07:24 740.66 1.22 42 4.92 0
07:25 740.66 1.22 41 4.47 0
07:26 740.66 1.22 41 2.24 0
07:27 740.66 1.33 41 2.24 0
07:28 740.66 1.33 42 1.79 0
07:29 740.41 1.39 41 2.68 0
07:30 740.41 1.5 40 1.79 0
07:31 740.41 1.56 40 2.24 0
07:32 740.41 1.56 40 .89 0
07:33 740.41 1.67 40 2.24 0
07:34 740.41 1.72 40 2.68 0
07:35 740.41 1.72 39 4.47 0
07:36 740.41 1.67 39 3.13 0
07:37 740.41 1.67 38 4.02 0
07:38 740.41 1.56 39 2.68 0
07:39 740.41 1.67 37 5.36 0
07:40 740.41 1.67 35 2.24 0
07:41 740.41 1.67 36 4.02 0
07:42 740.41 1.56 36 4.02 0
07:43 740.41 1.56 37 3.13 0
07:44 740.66 1.56 36 4.47 0
07:45 740.66 1.56 36 5.36 0
07:46 740.66 1.56 36 4.47 0
07:47 740.66 1.56 37 2.24 0
07:48 740.66 1.67 36 1.79 0
07:49 740.66 1.67 35 2.68 0
07:50 740.66 1.72 37 4.02 0
07:51 740.66 1.72 36 2.68 0
07:52 740.66 1.72 36 5.36 0
07:53 740.66 1.72 36 2.68 0
07:54 740.66 1.72 35 4.02 0
07:55 740.66 1.72 36 2.68 0
07:56 740.66 1.83 36 4.02 0
07:57 740.66 1.83 37 4.92 0
07:58 740.66 1.83 37 4.47 0
07:59 740.66 1.83 38 4.02 0
08:00 740.66 1.83 37 5.36 0
08:01 740.66 1.72 37 4.02 0
08:02 740.66 1.83 38 4.47 0
08:03 740.66 1.72 38 3.13 0
08:04 740.66 1.72 38 5.81 0
08:05 740.66 1.83 39 4.02 0
08:06 740.66 1.83 39 4.02 0
08:07 740.66 1.83 39 4.02 0
08:08 740.66 1.83 39 4.47 0
08:09 740.66 1.83 39 2.24 0
08:10 740.66 1.89 39 4.47 0
08:11 740.66 2 39 4.47 0
08:12 740.66 2 39 2.68 0
08:13 740.66 2 38 3.13 0
08:14 740.41 2 38 2.68 0
08:15 740.41 2 39 6.26 0
08:16 740.41 2.06 39 2.68 0
08:17 740.41 2.06 39 2.24 0
08:18 740.41 2.06 39 4.92 0
08:19 740.41 2.17 39 4.92 0
08:20 740.41 2.17 39 2.68 0
08:21 740.41 2.22 39 2.24 0
08:22 740.41 2.22 39 3.58 0
08:23 740.41 2.22 39 2.24 0
08:24 740.41 2.28 39 5.36 0
08:25 740.41 2.28 38 5.81 0
08:26 740.41 2.28 38 4.47 0
08:27 740.41 2.28 39 4.92 0
08:28 740.41 2.28 38 3.13 0
08:29 740.41 2.39 39 4.92 0
08:30 740.41 2.39 38 1.79 0
08:31 740.41 2.44 39 4.02 0
08:32 740.41 2.56 38 4.47 0
08:33 740.41 2.56 38 3.13 0
08:34 740.41 2.56 38 1.34 0
08:35 740.41 2.56 39 4.02 0
08:36 740.41 2.56 38 4.92 0
08:37 740.41 2.56 38 2.24 0
08:38 740.41 2.56 39 2.68 0
08:39 740.41 2.56 38 1.79 0
08:40 740.41 2.61 38 1.34 0
08:41 740.41 2.61 38 2.24 0
08:42 740.41 2.72 38 2.68 0
08:43 740.41 2.78 38 3.58 0
08:44 740.41 2.83 38 1.79 0
08:45 740.41 2.83 38 2.68 0
08:46 740.41 2.83 39 2.24 0
08:47 740.41 2.94 39 2.24 0
08:48 740.41 2.94 38 1.79 0
08:49 740.41 2.94 38 3.13 0
08:50 740.41 2.94 38 2.68 0
08:51 740.41 2.94 38 5.36 0
08:52 740.41 3 39 5.36 0
08:53 740.41 3 39 4.92 0
08:54 740.41 3 39 4.92 0
08:55 740.41 2.94 39 5.36 0
08:56 740.41 2.83 39 4.92 0
08:57 740.41 2.83 40 5.81 0
08:58 740.41 2.78 40 5.81 0
08:59 740.41 2.72 40 4.47 0
09:00 740.41 2.72 40 4.02 0
09:01 740.41 2.72 40 3.13 0
09:02 740.41 2.72 40 4.47 0
09:03 740.41 2.72 41 4.92 0
09:04 740.41 2.78 41 2.68 0
09:05 740.41 2.83 44 4.02 0
09:06 740.41 2.83 40 4.02 0
09:07 740.41 2.83 40 4.47 0
09:08 740.41 2.94 40 1.79 0
09:09 740.41 3 40 4.47 0
09:10 740.41 3 40 1.79 0
09:11 740.41 3 40 4.47 0
09:12 740.41 3.11 40 2.68 0
09:13 740.41 3.11 40 5.36 0
09:14 740.16 3.11 40 4.92 0
09:15 740.16 3.11 40 2.68 0
09:16 740.16 3.17 40 4.47 0
09:17 740.16 3.28 40 2.68 0
09:18 740.16 3.28 40 5.36 0
09:19 740.16 3.28 40 3.13 0
09:20 740.16 3.17 40 1.79 0
09:21 740.16 3.28 41 2.68 0
09:22 740.16 3.33 41 2.68 0
09:23 740.16 3.5 41 3.13 0
09:24 740.16 3.56 40 4.47 0
09:25 740.16 3.67 40 3.58 0
09:26 740.16 3.72 40 4.47 0
09:27 740.16 3.83 40 2.24 0
09:28 740.16 3.83 39 1.79 0
09:29 740.16 3.83 40 4.47 0
09:30 740.16 3.72 39 4.92 0
09:31 740.16 3.72 40 3.58 0
09:32 740.16 3.83 40 4.02 0
09:33 740.16 3.83 40 2.24 0
09:34 740.16 3.83 40 1.34 0
09:35 740.16 3.83 40 1.34 0
09:36 740.16 3.89 40 4.92 0
09:37 740.16 4 40 2.68 0
09:38 740.16 4.06 40 2.24 0
09:39 740.16 4.06 40 3.13 0
09:40 740.16 4.11 40 4.02 0
09:41 740.16 4.22 40 2.68 0
09:42 740.16 4.11 40 4.47 0
09:43 740.16 4.06 40 4.92 0
09:44 739.9 4 40 4.92 0
09:45 739.9 4 41 4.92 0
09:46 739.9 3.89 41 1.79 0
09:47 739.9 3.89 41 2.68 0
09:48 739.9 4 41 2.68 0
09:49 739.9 4 41 3.13 0
09:50 739.9 4 41 5.36 0
09:51 739.9 4.06 41 5.81 0
09:52 739.9 4.06 41 5.36 0
09:53 739.9 4 41 4.92 0
09:54 739.9 4 41 2.68 0
09:55 739.9 3.89 41 1.79 0
09:56 739.9 4 42 4.92 0
09:57 739.9 4.06 42 4.92 0
09:58 739.9 4.06 41 1.34 0
09:59 739.65 4.11 42 2.68 0
10:00 739.65 4.22 41 4.92 0
10:01 739.65 4.22 40 4.02 0
10:02 739.65 4.11 40 4.02 0
10:03 739.65 4.06 40 2.68 0
10:04 739.65 4.11 41 2.24 0
10:05 739.65 4.11 41 1.34 0
10:06 739.65 4.22 41 1.79 0
10:07 739.65 4.28 41 2.24 0
10:08 739.65 4.39 40 4.92 0
10:09 739.65 4.39 40 4.47 0
10:10 739.65 4.44 40 4.02 0
10:11 739.65 4.44 40 3.13 0
10:12 739.65 4.39 40 2.68 0
10:13 739.65 4.39 40 1.79 0
10:14 739.65 4.44 40 3.13 0
10:15 739.65 4.56 40 4.02 0
10:16 739.65 4.56 40 3.13 0
10:17 739.65 4.44 40 4.92 0
10:18 739.65 4.44 40 2.68 0
10:19 739.65 4.44 40 4.02 0
10:20 739.65 4.44 40 4.02 0
10:21 739.65 4.44 40 2.68 0
10:22 739.65 4.56 40 1.79 0
10:23 739.65 4.61 40 1.79 0
10:24 739.65 4.67 40 4.02 0
10:25 739.65 4.67 39 3.13 0
10:26 739.65 4.78 40 4.92 0
10:27 739.65 4.78 39 3.58 0
10:28 739.65 4.78 40 3.13 0
10:29 739.39 4.78 40 2.68 0
10:30 739.39 4.83 40 2.68 0
10:31 739.39 4.94 39 2.68 0
10:32 739.39 5 40 3.13 0
10:33 739.39 5.11 39 2.24 0
10:34 739.39 5.11 39 2.68 0
10:35 739.39 5.17 38 4.47 0
10:36 739.39 5.17 38 1.34 0
10:37 739.39 5.17 38 2.68 0
10:38 739.39 5.33 38 2.24 0
10:39 739.39 5.33 37 3.13 0
10:40 739.39 5.33 37 2.68 0
10:41 739.39 5.33 38 3.13 0
10:42 739.39 5.33 38 3.13 0
10:43 739.39 5.33 38 2.68 0
10:44 739.39 5.22 38 2.68 0
10:45 739.39 5.22 38 2.68 0
10:46 739.39 5.22 38 1.34 0
10:47 739.39 5.33 38 2.24 0
10:48 739.39 5.33 38 4.47 0
10:49 739.39 5.39 38 3.58 0
10:50 739.39 5.39 38 4.92 0
10:51 739.39 5.39 38 3.13 0
10:52 739.39 5.39 37 3.13 0
10:53 739.39 5.39 38 2.68 0
10:54 739.39 5.39 37 .45 0
10:55 739.39 5.5 38 1.34 0
10:56 739.39 5.56 38 .45 0
10:57 739.39 5.72 38 2.68 0
10:58 739.39 5.89 36 3.58 0
10:59 739.14 5.89 36 4.47 0
11:00 739.14 5.78 36 2.24 0
11:01 739.14 5.78 36 3.13 0
11:02 739.14 5.78 37 4.47 0
11:03 739.14 5.89 36 4.47 0
11:04 739.14 5.89 35 2.68 0
11:05 739.14 5.89 35 2.24 0
11:06 739.14 5.89 35 2.68 0
11:07 739.14 5.94 36 2.68 0
11:08 739.14 6.06 35 6.26 0
11:09 739.14 5.94 35 4.47 0
11:10 739.14 5.89 35 5.36 0
11:11 739.14 5.78 35 6.26 0
11:12 739.14 5.78 36 5.36 0
11:13 739.14 5.78 36 3.13 0
11:14 738.89 5.78 36 .89 0
11:15 738.89 5.89 35 2.24 0
11:16 738.89 5.89 35 0 0
11:17 738.89 5.94 35 .89 0
11:18 738.89 6.06 36 1.79 0
11:19 738.89 6.11 35 .45 0
11:20 738.89 6.33 35 1.79 0
11:21 738.89 6.5 34 4.47 0
11:22 738.89 6.5 32 3.58 0
11:23 738.89 6.44 32 2.24 0
11:24 738.89 6.28 33 2.68 0
11:25 738.89 6.22 33 1.79 0
11:26 738.89 6.22 34 2.24 0
11:27 738.89 6.28 34 1.34 0
11:28 738.89 6.28 33 1.34 0
11:29 738.63 6.33 34 0 0
11:30 738.63 6.44 34 1.34 0
11:31 738.63 6.5 34 1.34 0
11:32 738.63 6.61 34 4.47 0
11:33 738.63 6.67 32 2.24 0
11:34 738.63 6.61 32 2.24 0
11:35 738.63 6.5 33 .89 0
11:36 738.63 6.5 33 .89 0
11:37 738.63 6.61 34 2.24 0
11:38 738.63 6.67 33 1.34 0
11:39 738.63 6.67 33 1.79 0
11:40 738.63 6.67 33 .89 0
11:41 738.63 6.78 34 3.13 0
11:42 738.63 6.67 32 4.47 0
11:43 738.63 6.67 31 4.02 0
11:44 738.63 6.61 31 2.68 0
11:45 738.63 6.61 31 1.79 0
11:46 738.63 6.67 31 .89 0
11:47 738.63 6.67 31 .89 0
11:48 738.63 6.67 31 .45 0
11:49 738.63 6.67 31 1.34 0
11:50 738.63 6.67 31 2.24 0
11:51 738.63 6.78 31 1.79 0
11:52 738.63 6.78 31 2.24 0
11:53 738.63 6.83 31 1.79 0
11:54 738.63 6.89 31 1.34 0
11:55 738.63 7.06 31 1.34 0
11:56 738.63 7.17 31 2.24 0
11:57 738.63 7.33 31 2.24 0
11:58 738.63 7.39 31 2.24 0
11:59 738.38 7.5 30 3.58 0
12:00 738.38 7.5 30 4.02 0
12:01 738.38 7.5 30 3.13 0
12:02 738.38 7.39 29 2.24 0
12:03 738.38 7.39 30 2.24 0
12:04 738.38 7.39 30 2.24 0
12:05 738.38 7.33 31 3.58 0
12:06 738.38 7.33 31 2.24 0
12:07 738.38 7.22 31 2.24 0
12:08 738.38 7.17 32 1.79 0
12:09 738.38 7.22 32 1.79 0
12:10 738.38 7.22 32 .89 0
12:11 738.38 7.33 32 1.34 0
12:12 738.38 7.5 32 0 0
12:13 738.38 7.56 32 1.79 0
12:14 738.38 7.72 31 1.34 0
12:15 738.38 7.83 30 3.58 0
12:16 738.38 7.83 29 4.02 0
12:17 738.38 7.83 28 2.68 0
12:18 738.38 7.72 29 3.13 0
12:19 738.38 7.67 29 4.47 0
12:20 738.38 7.67 30 1.34 0
12:21 738.38 7.72 30 4.47 0
12:22 738.38 7.83 30 3.13 0
12:23 738.38 7.89 30 3.58 0
12:24 738.38 7.89 29 2.68 0
12:25 738.38 7.83 29 2.68 0
12:26 738.38 7.83 30 4.02 0
12:27 738.38 7.72 30 2.24 0
12:28 738.38 7.72 30 3.13 0
12:29 738.12 7.67 30 .89 0
12:30 738.12 7.67 30 .89 0
12:31 738.12 7.67 31 4.02 0
12:32 738.12 7.72 30 6.71 0
12:33 738.12 7.72 30 3.58 0
12:34 738.12 7.72 31 5.81 0
12:35 738.12 7.72 31 4.92 0
12:36 738.12 7.72 31 5.81 0
12:37 738.12 7.72 30 4.92 0
12:38 738.12 7.67 31 4.92 0
12:39 738.12 7.67 31 3.58 0
12:40 738.12 7.67 31 2.24 0
12:41 738.12 7.67 31 1.79 0
12:42 738.12 7.72 31 2.24 0
12:43 738.12 7.83 31 2.24 0
12:44 737.87 7.89 31 3.13 0
12:45 737.87 7.89 31 5.36 0
12:46 737.87 7.83 31 3.13 0
12:47 737.87 7.83 31 1.79 0
12:48 737.87 7.89 31 4.92 0
12:49 737.87 7.94 31 .89 0
12:50 737.87 8.06 30 3.13 0
12:51 737.87 8.06 30 5.36 0
12:52 737.87 8.06 30 5.81 0
12:53 737.87 7.94 30 1.79 0
12:54 737.87 7.89 30 1.34 0
12:55 737.87 7.89 30 2.68 0
12:56 737.87 7.89 31 2.68 0
12:57 737.87 7.89 31 4.02 0
12:58 737.87 7.89 31 2.68 0
12:59 737.87 7.94 31 5.81 0
13:00 737.87 7.94 30 6.71 0
13:01 737.87 7.83 30 2.68 0
13:02 737.87 7.72 31 4.02 0
13:03 737.87 7.83 31 2.24 0
13:04 737.87 7.89 31 6.26 0
13:05 737.87 7.89 31 7.15 0
13:06 737.87 7.83 31 3.13 0
13:07 737.87 7.89 31 4.92 0
13:08 737.87 7.89 31 6.26 0
13:09 737.87 7.89 31 4.47 0
13:10 737.87 7.89 31 3.13 0
13:11 737.87 7.89 31 4.02 0
13:12 737.87 7.83 31 3.13 0
13:13 737.87 7.83 31 .89 0
13:14 737.62 7.89 31 2.24 0
13:15 737.62 7.94 31 2.68 0
13:16 737.62 8.06 31 4.92 0
13:17 737.62 8.22 32 3.13 0
13:18 737.62 8.28 31 5.36 0
13:19 737.62 8.39 31 2.68 0
13:20 737.62 8.44 31 2.24 0
13:21 737.62 8.56 31 .45 0
13:22 737.62 8.61 31 4.92 0
13:23 737.62 8.61 31 5.81 0
13:24 737.62 8.56 31 6.26 0
13:25 737.62 8.39 31 3.13 0
13:26 737.62 8.22 31 1.79 0
13:27 737.62 8.11 32 0 0
13:28 737.62 8.11 32 2.24 0
13:29 737.62 8.11 32 3.58 0
13:30 737.62 8.28 33 3.13 0
13:31 737.62 8.39 32 4.02 0
13:32 737.62 8.39 32 4.02 0
13:33 737.62 8.39 32 5.81 0
13:34 737.62 8.39 32 4.47 0
13:35 737.62 8.39 32 2.68 0
13:36 737.62 8.39 32 4.92 0
13:37 737.62 8.28 32 3.13 0
13:38 737.62 8.28 32 5.36 0
13:39 737.62 8.22 32 4.02 0
13:40 737.62 8.11 33 1.79 0
13:41 737.62 8.11 33 2.24 0
13:42 737.62 8.11 33 2.68 0
13:43 737.62 8.11 34 4.02 0
13:44 737.36 8.11 34 1.79 0
13:45 737.36 8.11 34 .89 0
13:46 737.36 8.11 34 4.92 0
13:47 737.36 8.28 34 4.02 0
13:48 737.36 8.39 35 2.24 0
13:49 737.36 8.44 35 3.13 0
13:50 737.36 8.39 34 3.13 0
13:51 737.36 8.28 34 2.68 0
13:52 737.36 8.28 35 5.36 0
13:53 737.36 8.22 35 4.92 0
13:54 737.36 8.11 36 6.26 0
13:55 737.36 8.06 36 5.81 0
13:56 737.36 7.94 37 2.24 0
13:57 737.36 7.89 37 3.58 0
13:58 737.36 7.89 37 3.58 0
13:59 737.36 7.89 38 5.81 0
14:00 737.36 7.94 38 2.68 0
14:01 737.36 8.06 38 1.79 0
14:02 737.36 8.06 38 2.24 0
14:03 737.36 8.06 38 6.71 0
14:04 737.36 7.83 39 8.05 0
14:05 737.36 7.67 40 4.02 0
14:06 737.36 7.56 41 5.81 0
14:07 737.36 7.5 42 6.71 0
14:08 737.36 7.39 42 4.47 0
14:09 737.36 7.33 43 6.26 0
14:10 737.36 7.33 43 3.13 0
14:11 737.36 7.39 43 4.02 0
14:12 737.36 7.5 43 6.26 0
14:13 737.36 7.39 43 2.68 0
14:14 737.62 7.33 44 3.58 0
14:15 737.62 7.22 44 3.13 0
14:16 737.62 7.22 45 4.92 0
14:17 737.62 7.17 46 6.26 0
14:18 737.62 7.06 46 8.05 0
14:19 737.62 7 47 8.49 0
14:20 737.62 7 48 2.24 0
14:21 737.62 7 48 2.24 0
14:22 737.62 7.06 48 2.24 0
14:23 737.62 7.17 48 1.79 0
14:24 737.62 7.22 48 3.13 0
14:25 737.62 7.17 48 4.47 0
14:26 737.62 7.06 49 4.47 0
14:27 737.62 7 50 4.92 0
14:28 737.62 6.89 51 4.47 0
14:29 737.36 6.89 51 4.47 0
14:30 737.36 6.83 51 6.71 0
14:31 737.36 6.78 52 4.47 0
14:32 737.36 6.67 52 7.15 0
14:33 737.36 6.61 52 4.47 0
14:34 737.36 6.5 52 4.47 0
14:35 737.36 6.5 53 4.47 0
14:36 737.36 6.5 53 4.92 0
14:37 737.36 6.5 53 2.68 0
14:38 737.36 6.5 53 2.68 0
14:39 737.36 6.5 53 5.81 0
14:40 737.36 6.5 53 4.02 0
14:41 737.36 6.5 54 4.02 0
14:42 737.36 6.5 53 4.47 0
14:43 737.36 6.5 53 3.13 0
14:44 737.36 6.61 53 5.81 0
14:45 737.36 6.61 53 2.68 0
14:46 737.36 6.61 54 2.24 0
14:47 737.36 6.61 54 4.47 0
14:48 737.36 6.61 54 2.68 0
14:49 737.36 6.67 54 4.92 0
14:50 737.36 6.67 54 4.47 0
14:51 737.36 6.67 54 5.81 0
14:52 737.36 6.61 54 5.36 0
14:53 737.36 6.61 55 6.26 0
14:54 737.36 6.5 55 6.26 0
14:55 737.36 6.5 55 6.26 0
14:56 737.36 6.5 55 6.26 0
14:57 737.36 6.44 56 5.81 0
14:58 737.36 6.33 55 5.36 0
14:59 737.36 6.28 56 5.36 0
15:00 737.36 6.28 56 4.92 0
15:01 737.36 6.28 57 3.13 0
15:02 737.36 6.28 57 5.36 0
15:03 737.36 6.28 58 7.15 0
15:04 737.36 6.22 58 4.47 0
15:05 737.36 6.22 59 3.13 0
15:06 737.36 6.22 59 2.68 0
15:07 737.36 6.22 59 2.24 0
15:08 737.36 6.22 58 4.02 0
15:09 737.36 6.22 58 3.13 0
15:10 737.36 6.22 59 4.47 0
15:11 737.36 6.22 59 5.36 0
15:12 737.36 6.22 58 4.02 0
15:13 737.36 6.22 59 3.58 0
15:14 737.11 6.22 59 4.92 0
15:15 737.11 6.22 59 3.13 0
15:16 737.11 6.22 59 2.24 0
15:17 737.11 6.11 59 1.79 0
15:18 737.11 6.11 59 .45 0
15:19 737.11 6.22 59 1.34 0
15:20 737.11 6.22 59 3.13 0
15:21 737.11 6.28 59 4.02 0
15:22 737.11 6.22 59 4.47 0
15:23 737.11 6.22 59 4.47 0
15:24 737.11 6.22 59 3.58 0
15:25 737.11 6.28 59 2.68 0
15:26 737.11 6.28 60 2.68 0
15:27 737.11 6.28 59 2.68 0
15:28 737.11 6.28 59 3.13 0
15:29 736.85 6.28 59 2.68 0
15:30 736.85 6.28 60 3.13 0
15:31 736.85 6.28 60 3.13 0
15:32 736.85 6.28 60 6.71 0
15:33 736.85 6.28 60 1.79 0
15:34 736.85 6.33 61 4.92 0
15:35 736.85 6.33 60 3.58 0
15:36 736.85 6.33 60 .89 0
15:37 736.85 6.33 60 3.13 0
15:38 736.85 6.33 60 4.92 0
15:39 736.85 6.33 60 4.47 0
15:40 736.85 6.33 59 1.79 0
15:41 736.85 6.33 60 .89 0
15:42 736.85 6.33 60 2.24 0
15:43 736.85 6.44 60 2.24 0
15:44 736.6 6.44 59 3.13 0
15:45 736.6 6.44 59 .89 0
15:46 736.6 6.44 59 3.13 0
15:47 736.6 6.33 59 2.24 0
15:48 736.6 6.33 59 2.24 0
15:49 736.6 6.33 59 4.92 0
15:50 736.6 6.33 59 4.47 0
15:51 736.6 6.28 59 2.24 0
15:52 736.6 6.28 59 2.24 0
15:53 736.6 6.28 60 3.13 0
15:54 736.6 6.28 59 4.47 0
15:55 736.6 6.28 60 3.13 0
15:56 736.6 6.28 60 2.68 0
15:57 736.6 6.28 60 4.02 0
15:58 736.6 6.28 60 3.13 0
15:59 736.6 6.28 60 2.68 0
16:00 736.6 6.28 61 2.68 0
16:01 736.6 6.28 60 4.02 0
16:02 736.6 6.28 60 3.13 0
16:03 736.6 6.28 61 3.13 0
16:04 736.6 6.22 61 1.79 0
16:05 736.6 6.22 62 1.79 0
16:06 736.6 6.22 62 3.13 0
16:07 736.6 6.22 63 1.79 0
16:08 736.6 6.22 63 1.79 0
16:09 736.6 6.22 63 2.24 0
16:10 736.6 6.22 62 1.79 0
16:11 736.6 6.22 63 4.47 0
16:12 736.6 6.11 63 3.58 0
16:13 736.6 6.11 62 4.47 0
16:14 736.6 6.11 62 4.02 0
16:15 736.6 6.11 61 .45 0
16:16 736.6 6.11 62 .45 0
16:17 736.6 6.11 62 2.24 0
16:18 736.6 6.11 63 1.34 0
16:19 736.6 6.11 62 1.79 0
16:20 736.6 6.11 63 .89 0
16:21 736.6 6.11 63 2.24 0
16:22 736.6 6.11 64 0 0
16:23 736.6 6.22 64 2.24 0
16:24 736.6 6.22 64 1.79 0
16:25 736.6 6.22 65 3.13 0
16:26 736.6 6.22 65 4.92 0
16:27 736.6 6.11 65 3.13 0
16:28 736.6 6.11 65 2.68 0
16:29 736.35 6.11 65 2.24 0
16:30 736.35 6.11 66 3.13 0
16:31 736.35 6.06 65 3.13 0
16:32 736.35 6.06 66 3.13 0
16:33 736.35 6.06 66 3.58 0
16:34 736.35 6.06 66 2.68 0
16:35 736.35 5.94 67 2.24 0
16:36 736.35 5.94 67 4.47 0
16:37 736.35 5.94 68 2.24 0
16:38 736.35 5.94 68 2.24 0
16:39 736.35 5.94 68 2.68 0
16:40 736.35 5.89 68 .89 0
16:41 736.35 5.89 69 .89 0
16:42 736.35 5.89 69 1.79 0
16:43 736.35 5.89 69 1.79 0
16:44 736.35 5.89 70 2.68 0
16:45 736.35 5.89 69 2.24 0
16:46 736.35 5.78 69 2.68 0
16:47 736.35 5.78 69 4.02 0
16:48 736.35 5.78 70 2.68 0
16:49 736.35 5.78 71 3.13 0
16:50 736.35 5.72 71 4.02 0
16:51 736.35 5.72 71 2.68 0
16:52 736.35 5.72 71 1.34 0
16:53 736.35 5.72 72 2.24 0
16:54 736.35 5.67 73 .89 0
16:55 736.35 5.67 73 1.79 0
16:56 736.35 5.67 73 2.24 0
16:57 736.35 5.67 74 3.58 0
16:58 736.35 5.56 74 3.13 0
16:59 736.09 5.56 74 .89 0
17:00 736.09 5.56 74 1.34 0
17:01 736.09 5.5 74 1.34 0
17:02 736.09 5.5 74 .45 0
17:03 736.09 5.5 74 .45 0
17:04 736.09 5.5 74 2.24 0
17:05 736.09 5.5 74 2.24 0
17:06 736.09 5.5 74 .45 0
17:07 736.09 5.5 74 1.34 0
17:08 736.09 5.5 75 1.34 0
17:09 736.09 5.5 75 2.24 0
17:10 736.09 5.5 75 1.79 0
17:11 736.09 5.39 75 1.34 0
17:12 736.09 5.39 75 .45 0
17:13 736.09 5.39 76 0 0
17:14 736.09 5.39 76 .45 0
17:15 736.09 5.39 76 .89 0
17:16 736.09 5.39 76 0 0
17:17 736.09 5.39 76 0 0
17:18 736.09 5.39 77 0 0
17:19 736.09 5.39 77 .45 0
17:20 736.09 5.39 77 0 0
17:21 736.09 5.39 77 1.34 0
17:22 736.09 5.39 77 .89 0
17:23 736.09 5.39 77 1.79 0
17:24 736.09 5.39 77 1.34 0
17:25 736.09 5.39 77 1.79 0
17:26 736.09 5.39 77 1.79 0
17:27 736.09 5.39 77 .45 0
17:28 736.09 5.39 77 0 0
17:29 735.84 5.39 77 1.34 0
17:30 735.84 5.39 77 1.34 0
17:31 735.84 5.39 77 1.79 0
17:32 735.84 5.39 77 1.34 0
17:33 735.84 5.5 77 .89 0
17:34 735.84 5.5 77 1.79 0
17:35 735.84 5.5 77 3.13 0
17:36 735.84 5.5 76 2.24 0
17:37 735.84 5.5 76 1.79 0
17:38 735.84 5.5 76 1.34 0
17:39 735.84 5.5 76 .89 0
17:40 735.84 5.5 76 1.79 0
17:41 735.84 5.5 76 0 0
17:42 735.84 5.5 76 1.79 0
17:43 735.84 5.5 76 1.79 0
17:44 735.84 5.5 76 .89 0
17:45 735.84 5.56 76 1.34 0
17:46 735.84 5.56 76 .89 0
17:47 735.84 5.56 76 .45 0
17:48 735.84 5.56 76 1.79 0
17:49 735.84 5.56 76 2.68 0
17:50 735.84 5.56 76 .45 0
17:51 735.84 5.56 76 1.79 0
17:52 735.84 5.56 76 1.79 0
17:53 735.84 5.56 76 1.79 0
17:54 735.84 5.56 76 0 0
17:55 735.84 5.56 77 2.24 0
17:56 735.84 5.56 77 1.34 0
17:57 735.84 5.56 77 0 0
17:58 735.84 5.67 77 1.79 0
17:59 735.58 5.67 77 0 0
18:00 735.58 5.67 77 0 0
18:01 735.58 5.67 77 2.24 0
18:02 735.58 5.67 77 1.79 0
18:03 735.58 5.67 77 1.79 0
18:04 735.58 5.67 78 1.79 0
18:05 735.58 5.67 78 1.79 0
18:06 735.58 5.67 78 3.13 0
18:07 735.58 5.67 78 3.13 0
18:08 735.58 5.67 78 3.13 0
18:09 735.58 5.56 78 2.24 0
18:10 735.58 5.67 79 .89 0
18:11 735.58 5.67 79 2.24 0
18:12 735.58 5.67 79 .89 0
18:13 735.58 5.67 79 .89 0
18:14 735.33 5.67 79 1.79 0
18:15 735.33 5.67 79 1.34 0
18:16 735.33 5.67 79 1.79 0
18:17 735.33 5.67 80 1.34 0
18:18 735.33 5.67 80 .89 0
18:19 735.33 5.67 80 2.24 0
18:20 735.33 5.67 79 .89 0
18:21 735.33 5.67 79 1.34 0
18:22 735.33 5.67 79 1.79 0
18:23 735.33 5.67 79 1.34 0
18:24 735.33 5.67 79 2.24 0
18:25 735.33 5.67 79 1.79 0
18:26 735.33 5.67 79 2.68 0
18:27 735.33 5.72 79 1.79 0
18:28 735.33 5.72 79 4.02 0
18:29 735.33 5.72 78 2.68 0
18:30 735.33 5.72 78 3.13 0
18:31 735.33 5.78 78 2.24 0
18:32 735.33 5.78 78 1.79 0
18:33 735.33 5.78 77 4.92 0
18:34 735.33 5.78 77 3.13 0
18:35 735.33 5.89 76 2.24 0
18:36 735.33 5.89 76 4.92 0
18:37 735.33 5.89 75 2.68 0
18:38 735.33 5.89 75 4.47 0
18:39 735.33 5.94 75 4.02 0
18:40 735.33 5.94 75 1.79 0
18:41 735.33 5.94 75 2.68 0
18:42 735.33 5.94 75 2.24 0
18:43 735.33 5.94 75 4.02 0
18:44 735.33 5.94 75 2.24 0
18:45 735.33 5.94 75 4.47 0
18:46 735.33 5.94 75 3.13 0
18:47 735.33 5.94 74 2.68 0
18:48 735.33 5.94 75 2.24 0
18:49 735.33 5.94 75 2.24 0
18:50 735.33 5.94 75 4.47 0
18:51 735.33 5.94 74 3.13 0
18:52 735.33 5.94 74 4.02 0
18:53 735.33 6.06 74 3.13 0
18:54 735.33 6.06 74 4.02 0
18:55 735.33 6.06 74 1.79 0
18:56 735.33 6.06 74 1.79 0
18:57 735.33 6.11 74 2.24 0
18:58 735.33 6.11 74 1.34 0
18:59 735.08 6.11 74 4.02 0
19:00 735.08 6.11 74 .89 0
19:01 735.08 6.11 74 .89 0
19:02 735.08 6.11 74 .89 0
19:03 735.08 6.11 74 0 0
19:04 735.08 6.11 75 .89 0
19:05 735.08 6.11 74 1.34 0
19:06 735.08 6.11 74 1.34 0
19:07 735.08 6.11 74 2.24 0
19:08 735.08 6.11 74 2.68 0
19:09 735.08 6.11 74 4.92 0
19:10 735.08 6.11 74 2.24 0
19:11 735.08 6.11 74 1.34 0
19:12 735.08 6.11 74 .89 0
19:13 735.08 6.11 74 1.34 0
19:14 734.82 6.06 74 .89 0
19:15 734.82 6.06 74 1.79 0
19:16 734.82 6.06 74 2.24 0
19:17 734.82 6.06 74 2.68 0
19:18 734.82 6.06 74 1.79 0
19:19 734.82 6.06 74 1.79 0
19:20 734.82 6.06 74 2.24 0
19:21 734.82 6.06 74 1.34 0
19:22 734.82 6.06 74 2.24 0
19:23 734.82 6.06 74 .45 0
19:24 734.82 6.06 74 .45 0
19:25 734.82 6.06 74 .89 0
19:26 734.82 6.06 74 .45 0
19:27 734.82 6.06 74 1.79 0
19:28 734.82 6.06 74 1.34 0
19:29 734.82 6.06 74 1.34 0
19:30 734.82 6.06 74 .89 0
19:31 734.82 6.06 74 1.79 0
19:32 734.82 6.06 74 1.34 0
19:33 734.82 6.06 74 1.79 0
19:34 734.82 6.06 74 1.34 0
19:35 734.82 6.06 74 .45 0
19:36 734.82 6.06 75 .89 0
19:37 734.82 5.94 75 0 0
19:38 734.82 5.94 75 1.34 0
19:39 734.82 5.94 75 .45 0
19:40 734.82 5.94 75 .89 0
19:41 734.82 5.94 75 1.34 0
19:42 734.82 5.94 75 0 0
19:43 734.82 5.94 75 .45 0
19:44 734.82 5.94 75 .45 0
19:45 734.82 5.94 75 .89 0
19:46 734.82 5.94 75 1.34 0
19:47 734.82 5.94 75 1.79 0
19:48 734.82 5.94 75 1.34 0
19:49 734.82 5.94 75 1.34 0
19:50 734.82 5.94 75 .89 0
19:51 734.82 5.94 75 0 0
19:52 734.82 5.89 75 1.79 0
19:53 734.82 5.89 75 1.34 0
19:54 734.82 5.89 75 .89 0
19:55 734.82 5.89 75 1.34 0
19:56 734.82 5.89 75 .45 0
19:57 734.82 5.89 76 .45 0
19:58 734.82 5.89 76 1.34 0
19:59 734.82 5.89 76 .89 0
20:00 734.82 5.89 76 1.34 0
20:01 734.82 5.89 76 1.34 0
20:02 734.82 5.78 76 2.24 0
20:03 734.82 5.78 76 1.79 0
20:04 734.82 5.78 76 1.79 0
20:05 734.82 5.78 76 .89 0
20:06 734.82 5.78 76 1.79 0
20:07 734.82 5.78 76 1.79 0
20:08 734.82 5.78 76 .45 0
20:09 734.82 5.78 76 0 0
20:10 734.82 5.78 76 .89 0
20:11 734.82 5.78 76 0 0
20:12 734.82 5.72 76 0 0
20:13 734.82 5.72 77 0 0
20:14 734.82 5.72 77 .89 0
20:15 734.82 5.72 77 0 0
20:16 734.82 5.72 77 .89 0
20:17 734.82 5.72 77 0 0
20:18 734.82 5.72 77 .45 0
20:19 734.82 5.72 77 0 0
20:20 734.82 5.72 77 0 0
20:21 734.82 5.72 77 .89 0
20:22 734.82 5.72 77 0 0
20:23 734.82 5.67 77 0 0
20:24 734.82 5.67 77 0 0
20:25 734.82 5.67 77 0 0
20:26 734.82 5.67 77 0 0
20:27 734.82 5.67 77 0 0
20:28 734.82 5.67 77 0 0
20:29 734.82 5.67 78 0 0
20:30 734.82 5.67 78 .45 0
20:31 734.82 5.67 78 .89 0
20:32 734.82 5.67 78 .89 0
20:33 734.82 5.67 78 0 0
20:34 734.82 5.67 78 0 0
20:35 734.82 5.67 78 0 0
20:36 734.82 5.56 78 0 0
20:37 734.82 5.56 78 1.79 0
20:38 734.82 5.56 78 1.79 0
20:39 734.82 5.56 78 .89 0
20:40 734.82 5.56 78 .45 0
20:41 734.82 5.56 78 .89 0
20:42 734.82 5.5 79 1.34 0
20:43 734.82 5.5 79 .45 0
20:44 734.82 5.5 79 1.34 0
20:45 734.82 5.5 79 .89 0
20:46 734.82 5.5 79 .89 0
20:47 734.82 5.5 79 .89 0
20:48 734.82 5.5 79 .89 0
20:49 734.82 5.5 79 .89 0
20:50 734.82 5.5 79 1.79 0
20:51 734.82 5.5 79 1.34 0
20:52 734.82 5.5 79 1.34 0
20:53 734.82 5.5 79 2.24 0
20:54 734.82 5.5 79 .89 0
20:55 734.82 5.5 79 .45 0
20:56 734.82 5.5 79 .89 0
20:57 734.82 5.5 79 2.24 0
20:58 734.82 5.56 79 3.13 0
20:59 734.57 5.56 81 2.24 0
21:00 734.57 5.56 79 .89 0
21:01 734.57 5.56 79 1.79 0
21:02 734.57 5.56 79 .45 0
21:03 734.57 5.56 79 0 0
21:04 734.57 5.56 79 .45 0
21:05 734.57 5.56 79 0 0
21:06 734.57 5.56 79 0 0
21:07 734.57 5.56 79 .45 0
21:08 734.57 5.56 79 .89 0
21:09 734.57 5.56 79 1.34 0
21:10 734.57 5.5 79 2.24 0
21:11 734.57 5.5 79 1.34 0
21:12 734.57 5.5 79 1.34 0
21:13 734.57 5.5 79 1.34 0
21:14 734.57 5.5 79 .89 0
21:15 734.57 5.5 79 1.34 0
21:16 734.57 5.5 79 0 0
21:17 734.57 5.5 79 0 0
21:18 734.57 5.39 79 1.34 0
21:19 734.57 5.39 79 .89 0
21:20 734.57 5.39 79 1.34 0
21:21 734.57 5.39 79 .89 0
21:22 734.57 5.39 79 1.34 0
21:23 734.57 5.33 79 0 0
21:24 734.57 5.33 79 1.34 0
21:25 734.57 5.33 79 .89 0
21:26 734.57 5.33 79 .45 0
21:27 734.57 5.33 79 .89 0
21:28 734.57 5.33 79 .89 0
21:29 734.31 5.22 80 1.79 0
21:30 734.31 5.22 80 1.34 0
21:31 734.31 5.22 80 1.79 0
21:32 734.31 5.22 80 1.34 0
21:33 734.31 5.22 80 2.24 0
21:34 734.31 5.22 80 2.24 0
21:35 734.31 5.22 80 1.79 0
21:36 734.31 5.22 80 1.79 0
21:37 734.31 5.22 80 1.79 0
21:38 734.31 5.22 80 1.79 0
21:39 734.31 5.22 80 1.79 0
21:40 734.31 5.22 80 2.24 0
21:41 734.31 5.22 80 2.24 0
21:42 734.31 5.22 80 1.79 0
21:43 734.31 5.22 80 2.24 0
21:44 734.31 5.22 80 2.24 0
21:45 734.31 5.22 80 1.79 0
21:46 734.31 5.22 80 2.24 0
21:47 734.31 5.17 80 1.79 0
21:48 734.31 5.17 80 1.79 0
21:49 734.31 5.17 80 1.34 0
21:50 734.31 5.17 80 1.34 0
21:51 734.31 5.17 80 1.79 0
21:52 734.31 5.17 80 1.34 0
21:53 734.31 5.11 80 1.79 0
21:54 734.31 5.11 81 1.79 0
21:55 734.31 5.11 81 1.79 0
21:56 734.31 5.11 81 .89 0
21:57 734.31 5.11 81 .89 0
21:58 734.31 5.11 81 2.24 0
21:59 734.06 5.11 81 1.34 0
22:00 734.06 5.11 81 2.24 0
22:01 734.06 5.11 81 .89 0
22:02 734.06 5.11 81 1.79 0
22:03 734.06 5.11 81 1.79 0
22:04 734.06 5.11 81 2.24 0
22:05 734.06 5.11 81 1.34 0
22:06 734.06 5.11 81 1.79 0
22:07 734.06 5.17 81 1.34 0
22:08 734.06 5.17 81 2.24 0
22:09 734.06 5.17 81 1.34 0
22:10 734.06 5.17 81 .45 0
22:11 734.06 5.17 81 1.34 0
22:12 734.06 5.17 81 .89 0
22:13 734.06 5.17 81 .89 0
22:14 734.06 5.17 81 .89 0
22:15 734.06 5.17 81 .45 0
22:16 734.06 5.17 81 0 0
22:17 734.06 5.17 81 .89 0
22:18 734.06 5.17 81 .45 0
22:19 734.06 5.17 81 0 0
22:20 734.06 5.17 81 .45 0
22:21 734.06 5.17 81 0 0
22:22 734.06 5.17 81 .45 0
22:23 734.06 5.17 81 0 0
22:24 734.06 5.17 81 0 0
22:25 734.06 5.17 80 .45 0
22:26 734.06 5.17 81 0 0
22:27 734.06 5.17 80 1.34 0
22:28 734.06 5.17 81 1.79 0
22:29 734.06 5.17 81 1.34 0
22:30 734.06 5.17 78 .89 0
22:31 734.06 5.17 81 1.79 0
22:32 734.06 5.17 81 1.34 0
22:33 734.06 5.11 81 2.24 0
22:34 734.06 5.11 81 1.34 0
22:35 734.06 5.11 81 .45 0
22:36 734.06 5.11 81 .45 0
22:37 734.06 5.11 81 .45 0
22:38 734.06 5.11 81 1.34 0
22:39 734.06 5.11 81 1.79 0
22:40 734.06 5.11 81 0 0
22:41 734.06 5.11 81 0 0
22:42 734.06 5.11 81 .89 0
22:43 734.06 5.11 80 .89 0
22:44 733.81 5.11 81 .45 0
22:45 733.81 5.11 81 .89 0
22:46 733.81 5.11 81 0 0
22:47 733.81 5.11 81 1.34 0
22:48 733.81 5.11 81 1.79 0
22:49 733.81 5.11 81 1.34 0
22:50 733.81 5.11 81 .89 0
22:51 733.81 5.11 81 .89 0
22:52 733.81 5.11 81 0 0
22:53 733.81 5.11 81 1.34 0
22:54 733.81 5.11 81 1.34 0
22:55 733.81 5.11 81 .89 0
22:56 733.81 5.11 81 .45 0
22:57 733.81 5.11 81 0 0
22:58 733.81 5.11 81 .89 0
22:59 733.81 5.11 81 0 0
23:00 733.81 5.11 81 0 0
23:01 733.81 5.11 81 .45 0
23:02 733.81 5.11 81 .89 0
23:03 733.81 5.11 81 .89 0
23:04 733.81 5.11 81 1.79 0
23:05 733.81 5.11 81 1.34 0
23:06 733.81 5.11 81 0 0
23:07 733.81 5 81 .89 0
23:08 733.81 5 81 .89 0
23:09 733.81 5 81 .89 0
23:10 733.81 5 81 1.34 0
23:11 733.81 5 81 .89 0
23:12 733.81 5 81 .89 0
23:13 733.81 4.94 81 1.34 0
23:14 733.81 4.94 81 1.34 0
23:15 733.81 4.94 81 .89 0
23:16 733.81 4.94 82 .89 0
23:17 733.81 4.83 82 1.34 0
23:18 733.81 4.83 82 1.79 0
23:19 733.81 4.83 82 1.79 0
23:20 733.81 4.83 82 1.79 0
23:21 733.81 4.78 82 1.79 0
23:22 733.81 4.78 82 1.79 0
23:23 733.81 4.78 82 1.79 0
23:24 733.81 4.78 82 1.79 0
23:25 733.81 4.78 82 1.34 0
23:26 733.81 4.78 82 1.34 0
23:27 733.81 4.67 82 .89 0
23:28 733.81 4.67 83 1.34 0
23:29 733.55 4.67 83 0 0
23:30 733.55 4.67 83 1.34 0
23:31 733.55 4.67 83 1.79 0
23:32 733.55 4.67 83 1.34 0
23:33 733.55 4.67 83 1.34 0
23:34 733.55 4.78 83 .89 0
23:35 733.55 4.78 83 1.34 0
23:36 733.55 4.78 83 .89 0
23:37 733.55 4.78 83 1.79 0
23:38 733.55 4.78 83 2.24 0
23:39 733.55 4.83 83 1.34 0
23:40 733.55 4.83 83 0 0
23:41 733.55 4.83 83 1.79 0
23:42 733.55 4.83 83 1.79 0
23:43 733.55 4.83 83 1.79 0
23:44 733.55 4.83 83 .89 0
23:45 733.55 4.83 83 2.24 0
23:46 733.55 4.83 82 1.79 0
23:47 733.55 4.83 83 1.79 0
23:48 733.55 4.83 83 .45 0
23:49 733.55 4.83 83 1.79 0
23:50 733.55 4.83 83 1.79 0
23:51 733.55 4.83 82 1.79 0
23:52 733.55 4.83 82 .45 0
23:53 733.55 4.83 82 1.79 0
23:54 733.55 4.83 83 .89 0
23:55 733.55 4.83 83 2.24 0
23:56 733.55 4.83 83 1.79 0
23:57 733.55 4.83 83 1.79 0
23:58 733.55 4.83 83 1.79 0
23:59 733.55 4.83 83 1.79 0
