00:00 746.25 -7.33 58 1.34 0
00:01 746.25 -7.33 58 1.79 0
00:02 746.25 -7.33 58 1.79 0
00:03 746.25 -7.39 58 .89 0
00:04 746.25 -7.39 58 .89 0
00:05 746.25 -7.44 58 1.79 0
00:06 746.25 -7.44 58 .89 0
00:07 746.25 -7.44 58 1.34 0
00:08 746.25 -7.5 58 1.34 0
00:09 746 -7.56 58 .89 0
00:10 746 -7.56 59 1.34 0
00:11 746 -7.61 59 1.34 0
00:12 746 -7.67 58 1.34 0
00:13 746 -7.72 58 1.34 0
00:14 746 -7.78 59 1.34 0
00:15 746 -7.83 59 .89 0
00:16 746 -7.89 59 .89 0
00:17 746 -7.94 59 1.34 0
00:18 746 -8 59 1.79 0
00:19 746 -8.06 59 1.34 0
00:20 746 -8.06 59 .89 0
00:21 746 -8.06 60 1.34 0
00:22 746 -8.06 60 1.34 0
00:23 746 -8.06 60 1.79 0
00:24 746 -8.06 60 1.34 0
00:25 746 -8.06 61 1.34 0
00:26 746 -8.06 60 1.34 0
00:27 746 -8.06 60 1.34 0
00:28 746 -8.06 61 .89 0
00:29 746 -8.06 60 1.34 0
00:30 746 -8.06 60 1.79 0
00:31 746 -8.06 61 1.34 0
00:32 746 -8 61 1.34 0
00:33 746 -8.06 60 1.34 0
00:34 746 -8.06 60 1.34 0
00:35 746 -8.06 60 1.79 0
00:36 746 -8.11 61 1.34 0
00:37 746 -8.06 61 2.24 0
00:38 746 -8 61 1.79 0
00:39 746 -7.89 61 1.34 0
00:40 746 -7.83 61 1.79 0
00:41 746 -7.78 61 2.24 0
00:42 746 -7.72 60 1.34 0
00:43 746 -7.72 61 .89 0
00:44 746 -7.67 60 1.79 0
00:45 746 -7.61 60 1.79 0
00:46 746 -7.56 60 2.24 0
00:47 746 -7.5 60 1.34 0
00:48 746 -7.5 60 1.79 0
00:49 746 -7.5 60 1.79 0
00:50 746 -7.44 60 2.24 0
00:51 746 -7.44 59 1.34 0
00:52 746 -7.39 59 1.34 0
00:53 746 -7.44 59 1.34 0
00:54 745.74 -7.44 59 1.79 0
00:55 745.74 -7.5 59 1.79 0
00:56 745.74 -7.5 60 1.79 0
00:57 745.74 -7.44 60 1.34 0
00:58 745.74 -7.44 60 1.79 0
00:59 745.74 -7.39 60 2.24 0
01:00 745.74 -7.39 60 1.79 0
01:01 745.74 -7.33 60 1.79 0
01:02 745.74 -7.33 60 2.24 0
01:03 745.74 -7.39 60 1.79 0
01:04 745.74 -7.33 60 2.24 0
01:05 745.74 -7.39 59 1.79 0
01:06 745.74 -7.39 60 1.79 0
01:07 745.74 -7.39 60 2.24 0
01:08 745.74 -7.39 59 1.79 0
01:09 745.74 -7.39 60 1.79 0
01:10 745.74 -7.39 59 1.79 0
01:11 745.74 -7.44 59 1.79 0
01:12 745.74 -7.44 59 1.79 0
01:13 745.74 -7.44 60 1.79 0
01:14 745.74 -7.44 60 .89 0
01:15 745.74 -7.44 60 1.34 0
01:16 745.74 -7.5 60 1.34 0
01:17 745.74 -7.61 60 1.34 0
01:18 745.74 -7.72 60 1.79 0
01:19 745.74 -7.78 61 1.79 0
01:20 745.74 -7.78 61 1.34 0
01:21 745.74 -7.83 61 1.34 0
01:22 745.74 -7.78 61 1.34 0
01:23 745.74 -7.83 61 2.24 0
01:24 745.74 -7.78 62 2.24 0
01:25 745.74 -7.78 62 1.79 0
01:26 745.74 -7.72 61 1.79 0
01:27 745.74 -7.72 61 1.34 0
01:28 745.74 -7.72 61 1.34 0
01:29 745.74 -7.78 61 1.79 0
01:30 745.74 -7.83 60 1.34 0
01:31 745.74 -7.94 60 1.34 0
01:32 745.74 -8 61 1.34 0
01:33 745.74 -8.06 61 1.34 0
01:34 745.74 -8.11 62 1.79 0
01:35 745.74 -8.17 62 1.34 0
01:36 745.74 -8.17 61 1.34 0
01:37 745.74 -8.22 62 1.79 0
01:38 745.74 -8.28 62 .89 0
01:39 745.74 -8.33 62 1.79 0
01:40 745.74 -8.39 62 1.79 0
01:41 745.74 -8.44 62 1.34 0
01:42 745.74 -8.44 62 1.79 0
01:43 745.74 -8.56 62 1.79 0
01:44 745.74 -8.56 62 1.34 0
01:45 745.74 -8.56 63 1.34 0
01:46 745.74 -8.61 63 1.34 0
01:47 745.74 -8.67 63 1.34 0
01:48 745.74 -8.67 63 1.34 0
01:49 745.74 -8.72 63 1.79 0
01:50 745.74 -8.78 64 1.79 0
01:51 745.74 -8.72 64 1.34 0
01:52 745.74 -8.72 64 1.34 0
01:53 745.74 -8.61 65 2.24 0
01:54 745.74 -8.56 64 1.79 0
01:55 745.74 -8.5 63 1.34 0
01:56 745.74 -8.44 64 2.24 0
01:57 745.74 -8.39 63 2.24 0
01:58 745.74 -8.33 63 1.79 0
01:59 745.74 -8.33 63 1.79 0
02:00 745.74 -8.33 63 2.68 0
02:01 745.74 -8.33 63 1.34 0
02:02 745.74 -8.28 63 1.79 0
02:03 745.74 -8.28 63 1.79 0
02:04 745.74 -8.28 63 2.68 0
02:05 745.74 -8.28 63 2.68 0
02:06 745.74 -8.28 63 2.68 0
02:07 745.74 -8.28 62 2.68 0
02:08 745.74 -8.28 62 2.68 0
02:09 745.74 -8.28 63 2.68 0
02:10 745.74 -8.28 62 1.79 0
02:11 745.74 -8.33 62 2.24 0
02:12 745.74 -8.39 62 2.24 0
02:13 745.74 -8.39 62 2.24 0
02:14 745.74 -8.44 63 2.24 0
02:15 745.74 -8.44 63 2.24 0
02:16 745.74 -8.5 63 2.24 0
02:17 745.74 -8.5 63 .45 0
02:18 745.74 -8.56 63 2.68 0
02:19 745.74 -8.56 63 2.68 0
02:20 745.74 -8.5 63 1.79 0
02:21 745.74 -8.5 63 1.79 0
02:22 745.74 -8.5 63 2.24 0
02:23 745.74 -8.5 63 2.68 0
02:24 745.74 -8.5 63 2.68 0
02:25 745.74 -8.5 63 2.24 0
02:26 745.49 -8.44 63 2.24 0
02:27 745.74 -8.5 63 2.24 0
02:28 745.74 -8.44 63 2.68 0
02:29 745.74 -8.39 63 2.24 0
02:30 745.74 -8.33 63 2.68 0
02:31 745.74 -8.33 63 1.34 0
02:32 745.49 -8.33 63 2.68 0
02:33 745.74 -8.33 63 1.79 0
02:34 745.49 -8.33 63 2.68 0
02:35 745.74 -8.39 63 1.79 0
02:36 745.74 -8.44 63 1.79 0
02:37 745.49 -8.5 63 1.79 0
02:38 745.74 -8.5 64 2.24 0
02:39 745.49 -8.5 64 2.24 0
02:40 745.49 -8.56 63 1.79 0
02:41 745.74 -8.61 63 1.79 0
02:42 745.74 -8.67 64 1.79 0
02:43 745.49 -8.67 64 2.24 0
02:44 745.49 -8.61 64 2.24 0
02:45 745.49 -8.61 64 1.79 0
02:46 745.49 -8.61 64 1.79 0
02:47 745.49 -8.61 64 1.79 0
02:48 745.49 -8.61 64 1.79 0
02:49 745.49 -8.61 64 1.79 0
02:50 745.49 -8.61 64 1.34 0
02:51 745.49 -8.61 64 1.79 0
02:52 745.49 -8.61 64 1.79 0
02:53 745.49 -8.67 64 1.79 0
02:54 745.49 -8.61 64 2.24 0
02:55 745.49 -8.61 65 1.79 0
02:56 745.49 -8.56 65 1.79 0
02:57 745.49 -8.5 64 2.24 0
02:58 745.49 -8.44 64 2.24 0
02:59 745.49 -8.44 64 2.24 0
03:00 745.49 -8.44 64 2.24 0
03:01 745.24 -8.44 63 1.79 0
03:02 745.24 -8.39 64 2.24 0
03:03 745.49 -8.39 64 1.79 0
03:04 745.24 -8.44 63 2.24 0
03:05 745.24 -8.5 63 2.24 0
03:06 745.49 -8.5 63 2.68 0
03:07 745.24 -8.61 63 2.68 0
03:08 745.49 -8.67 64 2.24 0
03:09 745.24 -8.67 64 3.13 0
03:10 745.24 -8.72 64 2.24 0
03:11 745.24 -8.78 64 1.34 0
03:12 745.24 -8.78 64 2.24 0
03:13 745.24 -8.72 64 2.24 0
03:14 745.24 -8.67 65 2.68 0
03:15 745.24 -8.61 65 2.24 0
03:16 745.24 -8.61 64 1.79 0
03:17 745.24 -8.61 64 1.79 0
03:18 745.24 -8.61 64 1.79 0
03:19 745.24 -8.61 64 .89 0
03:20 745.24 -8.61 64 1.79 0
03:21 745.24 -8.56 64 1.79 0
03:22 745.24 -8.56 64 .89 0
03:23 745.24 -8.56 64 .89 0
03:24 745.24 -8.56 64 1.34 0
03:25 745.24 -8.56 65 1.79 0
03:26 745.24 -8.56 64 1.34 0
03:27 745.24 -8.56 64 1.34 0
03:28 745.24 -8.56 64 1.79 0
03:29 745.24 -8.61 64 1.79 0
03:30 745.24 -8.67 64 1.79 0
03:31 745.24 -8.67 64 2.68 0
03:32 745.24 -8.67 65 2.68 0
03:33 745.24 -8.72 65 3.58 0
03:34 745.24 -8.72 65 1.79 0
03:35 745.24 -8.72 65 1.79 0
03:36 745.24 -8.72 65 2.68 0
03:37 745.24 -8.72 65 2.24 0
03:38 745.24 -8.72 65 2.24 0
03:39 745.24 -8.72 65 2.68 0
03:40 745.24 -8.78 65 2.68 0
03:41 745.24 -8.78 65 2.68 0
03:42 745.24 -8.78 65 2.68 0
03:43 745.24 -8.78 65 2.24 0
03:44 745.24 -8.78 65 2.68 0
03:45 744.98 -8.78 65 3.13 0
03:46 745.24 -8.78 65 3.58 0
03:47 745.24 -8.83 65 2.24 0
03:48 745.24 -8.78 65 4.47 0
03:49 745.24 -8.83 65 2.68 0
03:50 744.98 -8.78 65 4.02 0
03:51 745.24 -8.78 65 3.58 0
03:52 745.24 -8.78 65 4.02 0
03:53 744.98 -8.72 65 3.58 0
03:54 744.98 -8.72 65 2.68 0
03:55 745.24 -8.72 65 3.58 0
03:56 745.24 -8.78 65 3.13 0
03:57 744.98 -8.78 65 2.68 0
03:58 744.98 -8.78 65 3.58 0
03:59 744.98 -8.78 65 3.13 0
04:00 744.98 -8.78 65 2.68 0
04:01 744.98 -8.78 65 3.58 0
04:02 744.98 -8.78 65 4.47 0
04:03 744.98 -8.83 65 3.58 0
04:04 744.98 -8.83 65 4.02 0
04:05 744.98 -8.78 65 2.24 0
04:06 744.98 -8.83 66 3.13 0
04:07 744.98 -8.78 65 3.58 0
04:08 744.98 -8.78 66 4.47 0
04:09 744.98 -8.78 65 3.58 0
04:10 744.98 -8.78 65 4.02 0
04:11 744.98 -8.78 66 4.47 0
04:12 744.98 -8.78 66 4.47 0
04:13 744.98 -8.78 66 3.58 0
04:14 744.98 -8.72 66 1.79 0
04:15 744.73 -8.72 66 2.24 0
04:16 744.73 -8.67 66 1.79 0
04:17 744.73 -8.61 66 1.79 0
04:18 744.73 -8.61 66 2.68 0
04:19 744.73 -8.61 65 2.24 0
04:20 744.73 -8.56 66 1.34 0
04:21 744.73 -8.56 66 1.34 0
04:22 744.73 -8.56 65 3.13 0
04:23 744.73 -8.5 65 1.34 0
04:24 744.73 -8.5 65 1.79 0
04:25 744.73 -8.44 66 .89 0
04:26 744.73 -8.44 65 1.79 0
04:27 744.73 -8.39 65 1.34 0
04:28 744.73 -8.39 65 2.24 0
04:29 744.73 -8.33 65 1.79 0
04:30 744.73 -8.33 65 2.24 0
04:31 744.73 -8.33 65 1.34 0
04:32 744.73 -8.33 65 1.34 0
04:33 744.73 -8.33 65 1.34 0
04:34 744.73 -8.33 65 1.79 0
04:35 744.73 -8.39 65 1.79 0
04:36 744.73 -8.39 65 2.24 0
04:37 744.73 -8.44 65 1.79 0
04:38 744.73 -8.44 65 1.79 0
04:39 744.73 -8.39 65 1.79 0
04:40 744.73 -8.39 65 2.24 0
04:41 744.73 -8.39 65 3.58 0
04:42 744.73 -8.39 65 2.68 0
04:43 744.73 -8.39 65 2.24 0
04:44 744.73 -8.39 65 1.79 0
04:45 744.73 -8.39 65 1.79 0
04:46 744.73 -8.39 65 2.24 0
04:47 744.73 -8.33 65 2.68 0
04:48 744.73 -8.39 65 2.24 0
04:49 744.73 -8.33 65 3.13 0
04:50 744.73 -8.39 65 2.24 0
04:51 744.73 -8.33 66 1.79 0
04:52 744.73 -8.33 65 1.79 0
04:53 744.73 -8.33 65 2.68 0
04:54 744.73 -8.33 65 2.68 0
04:55 744.73 -8.39 65 3.13 0
04:56 744.73 -8.39 65 2.24 0
04:57 744.73 -8.39 65 2.24 0
04:58 744.73 -8.44 65 3.13 0
04:59 744.73 -8.39 65 1.79 0
05:00 744.47 -8.44 66 2.24 0
05:01 744.47 -8.44 66 2.24 0
05:02 744.73 -8.44 65 1.79 0
05:03 744.47 -8.39 66 3.13 0
05:04 744.47 -8.44 66 2.68 0
05:05 744.47 -8.44 66 2.24 0
05:06 744.47 -8.44 66 2.24 0
05:07 744.47 -8.5 66 2.24 0
05:08 744.47 -8.5 66 4.02 0
05:09 744.47 -8.44 66 3.58 0
05:10 744.47 -8.5 66 2.24 0
05:11 744.47 -8.5 66 3.13 0
05:12 744.47 -8.5 66 2.68 0
05:13 744.47 -8.5 66 4.47 0
05:14 744.47 -8.5 66 4.47 0
05:15 744.47 -8.56 66 2.24 0
05:16 744.47 -8.56 66 1.34 0
05:17 744.47 -8.56 66 2.68 0
05:18 744.47 -8.61 66 3.58 0
05:19 744.47 -8.61 66 3.58 0
05:20 744.47 -8.61 67 2.24 0
05:21 744.47 -8.56 67 4.92 0
05:22 744.47 -8.61 67 2.24 0
05:23 744.47 -8.61 67 4.47 0
05:24 744.47 -8.56 67 4.02 0
05:25 744.47 -8.56 67 3.13 0
05:26 744.47 -8.61 67 2.68 0
05:27 744.47 -8.56 67 4.02 0
05:28 744.47 -8.56 67 3.13 0
05:29 744.47 -8.61 67 2.68 0
05:30 744.47 -8.56 67 2.68 0
05:31 744.47 -8.56 67 2.24 0
05:32 744.47 -8.61 67 2.24 0
05:33 744.47 -8.56 67 3.58 0
05:34 744.47 -8.61 67 1.79 0
05:35 744.47 -8.61 67 2.24 0
05:36 744.47 -8.67 67 2.68 0
05:37 744.47 -8.67 67 4.92 0
05:38 744.47 -8.67 67 4.47 0
05:39 744.47 -8.67 67 2.68 0
05:40 744.47 -8.67 67 4.02 0
05:41 744.47 -8.67 67 3.13 0
05:42 744.47 -8.67 67 2.68 0
05:43 744.47 -8.67 67 3.58 0
05:44 744.47 -8.61 67 3.58 0
05:45 744.47 -8.61 67 4.02 0
05:46 744.47 -8.61 67 4.02 0
05:47 744.47 -8.61 67 3.13 0
05:48 744.47 -8.61 67 2.24 0
05:49 744.47 -8.61 67 2.68 0
05:50 744.47 -8.61 67 2.68 0
05:51 744.47 -8.61 67 3.13 0
05:52 744.47 -8.67 67 1.34 0
05:53 744.47 -8.67 67 1.79 0
05:54 744.47 -8.61 67 1.79 0
05:55 744.47 -8.61 67 1.79 0
05:56 744.47 -8.61 67 4.47 0
05:57 744.47 -8.61 67 3.13 0
05:58 744.47 -8.61 67 3.58 0
05:59 744.47 -8.61 67 3.13 0
06:00 744.47 -8.61 67 3.13 0
06:01 744.47 -8.61 67 3.58 0
06:02 744.47 -8.61 67 3.58 0
06:03 744.47 -8.61 67 4.92 0
06:04 744.47 -8.61 67 3.13 0
06:05 744.47 -8.56 67 3.13 0
06:06 744.47 -8.61 67 4.47 0
06:07 744.47 -8.61 67 3.58 0
06:08 744.47 -8.61 67 3.13 0
06:09 744.47 -8.61 67 3.13 0
06:10 744.47 -8.61 67 3.58 0
06:11 744.47 -8.61 67 2.68 0
06:12 744.47 -8.67 67 3.13 0
06:13 744.47 -8.67 67 4.47 0
06:14 744.47 -8.67 67 3.58 0
06:15 744.47 -8.72 67 2.24 0
06:16 744.47 -8.67 67 2.68 0
06:17 744.47 -8.67 67 5.81 0
06:18 744.47 -8.67 67 1.79 0
06:19 744.47 -8.67 67 4.02 0
06:20 744.47 -8.72 67 3.58 0
06:21 744.22 -8.72 67 2.24 0
06:22 744.22 -8.78 67 3.58 0
06:23 744.22 -8.78 67 2.24 0
06:24 744.22 -8.78 67 3.13 0
06:25 744.22 -8.78 67 1.79 0
06:26 744.22 -8.83 68 4.02 0
06:27 744.22 -8.83 67 3.13 0
06:28 744.22 -8.83 68 2.68 0
06:29 744.22 -8.83 68 3.13 0
06:30 744.22 -8.78 67 2.24 0
06:31 744.22 -8.83 67 3.13 0
06:32 744.22 -8.83 67 2.68 0
06:33 744.22 -8.83 67 2.24 0
06:34 744.22 -8.83 67 2.24 0
06:35 744.22 -8.78 68 3.58 0
06:36 744.22 -8.78 67 3.58 0
06:37 744.22 -8.78 67 3.58 0
06:38 744.22 -8.78 67 3.13 0
06:39 744.22 -8.78 67 4.47 0
06:40 744.22 -8.78 67 2.68 0
06:41 744.22 -8.78 67 3.13 0
06:42 744.22 -8.83 67 3.13 0
06:43 744.22 -8.83 67 2.24 0
06:44 744.22 -8.83 67 2.68 0
06:45 744.22 -8.89 67 2.24 0
06:46 744.22 -8.89 67 2.68 0
06:47 744.22 -8.89 68 2.68 0
06:48 744.22 -8.89 68 1.79 0
06:49 744.22 -8.94 68 2.68 0
06:50 744.22 -8.94 68 2.68 0
06:51 744.22 -8.94 68 2.24 0
06:52 744.22 -8.94 68 2.24 0
06:53 744.22 -8.94 68 1.79 0
06:54 744.22 -8.94 68 2.68 0
06:55 744.22 -8.94 68 2.68 0
06:56 744.22 -8.94 68 3.13 0
06:57 744.22 -9 68 2.68 0
06:58 744.22 -8.94 68 2.68 0
06:59 744.22 -9 68 2.24 0
07:00 744.22 -9 68 2.68 0
07:01 744.22 -9 68 2.24 0
07:02 744.22 -9 68 2.24 0
07:03 744.22 -9 68 2.68 0
07:04 744.22 -9 68 2.24 0
07:05 744.22 -9 68 1.79 0
07:06 744.22 -8.94 68 4.02 0
07:07 743.97 -8.94 68 3.13 0
07:08 743.97 -8.94 68 2.24 0
07:09 743.97 -8.89 68 1.34 0
07:10 743.97 -8.89 68 2.68 0
07:11 743.97 -8.89 68 2.68 0
07:12 743.97 -8.89 68 1.79 0
07:13 743.97 -8.89 68 3.13 0
07:14 743.97 -8.83 68 1.79 0
07:15 743.97 -8.83 68 2.68 0
07:16 743.97 -8.78 68 4.47 0
07:17 743.97 -8.78 67 3.13 0
07:18 743.97 -8.83 67 4.02 0
07:19 743.97 -8.78 67 4.02 0
07:20 743.97 -8.83 67 4.92 0
07:21 743.97 -8.78 67 3.13 0
07:22 743.97 -8.78 67 2.68 0
07:23 743.97 -8.78 67 3.58 0
07:24 743.97 -8.78 67 3.13 0
07:25 743.97 -8.78 67 5.36 0
07:26 743.97 -8.78 67 2.24 0
07:27 743.97 -8.78 67 3.58 0
07:28 743.97 -8.78 67 3.13 0
07:29 743.97 -8.78 67 4.47 0
07:30 743.97 -8.78 67 4.92 0
07:31 743.97 -8.78 67 4.92 0
07:32 743.97 -8.78 67 5.36 0
07:33 743.97 -8.78 67 4.47 0
07:34 743.97 -8.78 67 2.24 0
07:35 743.97 -8.72 67 3.58 0
07:36 743.97 -8.67 67 2.68 0
07:37 743.97 -8.67 67 3.13 0
07:38 743.97 -8.67 67 4.02 0
07:39 743.97 -8.67 67 3.58 0
07:40 743.97 -8.61 67 2.68 0
07:41 743.97 -8.61 66 3.58 0
07:42 743.97 -8.61 66 3.13 0
07:43 743.97 -8.61 66 2.24 0
07:44 743.97 -8.56 66 4.02 0
07:45 743.97 -8.56 66 3.13 0
07:46 743.97 -8.5 67 2.24 0
07:47 744.22 -8.44 66 4.92 0
07:48 744.22 -8.44 66 4.92 0
07:49 744.22 -8.44 66 4.92 0
07:50 743.97 -8.44 66 2.68 0
07:51 744.22 -8.44 66 3.13 0
07:52 743.97 -8.44 66 2.68 0
07:53 743.97 -8.39 66 2.24 0
07:54 744.22 -8.39 66 4.47 0
07:55 743.97 -8.39 66 4.02 0
07:56 743.97 -8.39 66 4.47 0
07:57 744.22 -8.33 66 2.24 0
07:58 743.97 -8.33 66 3.58 0
07:59 744.22 -8.33 65 4.47 0
08:00 744.22 -8.33 65 5.36 0
08:01 744.22 -8.33 65 3.13 0
08:02 743.97 -8.28 65 4.02 0
08:03 743.97 -8.28 65 3.13 0
08:04 743.97 -8.22 65 3.58 0
08:05 743.97 -8.22 65 2.68 0
08:06 744.22 -8.22 65 4.02 0
08:07 744.22 -8.22 65 5.36 0
08:08 744.22 -8.17 65 2.68 0
08:09 744.22 -8.17 65 3.58 0
08:10 744.22 -8.11 65 4.02 0
08:11 744.22 -8.06 65 3.58 0
08:12 744.22 -8.06 65 5.36 0
08:13 743.97 -8 65 3.13 0
08:14 744.22 -8 65 4.47 0
08:15 744.22 -8 65 2.68 0
08:16 744.22 -7.94 65 3.58 0
08:17 743.97 -7.89 65 3.58 0
08:18 743.97 -7.89 64 4.02 0
08:19 743.97 -7.94 64 4.02 0
08:20 743.97 -7.89 64 2.68 0
08:21 743.97 -7.83 64 4.02 0
08:22 743.97 -7.83 65 3.13 0
08:23 743.97 -7.78 65 2.68 0
08:24 744.22 -7.72 65 4.02 0
08:25 744.22 -7.72 64 3.58 0
08:26 744.22 -7.67 64 3.58 0
08:27 744.22 -7.67 64 2.68 0
08:28 744.22 -7.61 64 3.58 0
08:29 744.22 -7.56 64 1.79 0
08:30 744.22 -7.56 64 3.58 0
08:31 743.97 -7.44 64 4.02 0
08:32 743.97 -7.44 63 2.24 0
08:33 744.22 -7.44 64 3.13 0
08:34 744.22 -7.33 63 2.24 0
08:35 743.97 -7.33 63 3.13 0
08:36 743.97 -7.33 63 3.58 0
08:37 743.97 -7.33 63 4.02 0
08:38 743.97 -7.28 63 3.13 0
08:39 743.97 -7.28 63 2.24 0
08:40 743.97 -7.22 63 2.68 0
08:41 743.97 -7.17 63 5.36 0
08:42 743.97 -7.11 63 1.79 0
08:43 743.97 -7.06 63 3.58 0
08:44 743.97 -7.06 63 4.02 0
08:45 743.97 -7 62 4.47 0
08:46 743.97 -7.06 62 4.92 0
08:47 743.97 -7.06 62 3.58 0
08:48 743.97 -7.06 62 3.58 0
08:49 743.97 -7 62 3.13 0
08:50 743.97 -7 62 3.58 0
08:51 743.97 -6.94 62 2.24 0
08:52 743.97 -6.89 62 2.24 0
08:53 743.97 -6.89 62 2.24 0
08:54 743.97 -6.78 62 3.58 0
08:55 743.97 -6.72 62 1.79 0
08:56 743.97 -6.67 62 3.13 0
08:57 743.97 -6.61 62 1.79 0
08:58 743.97 -6.56 61 3.58 0
08:59 743.97 -6.56 61 2.24 0
09:00 743.97 -6.5 62 3.58 0
09:01 743.97 -6.44 61 3.13 0
09:02 743.97 -6.44 61 2.68 0
09:03 743.97 -6.44 61 4.02 0
09:04 743.97 -6.39 61 1.79 0
09:05 743.97 -6.33 61 3.58 0
09:06 743.97 -6.33 61 2.68 0
09:07 743.97 -6.28 61 4.47 0
09:08 743.97 -6.28 60 4.47 0
09:09 743.97 -6.28 60 3.13 0
09:10 743.97 -6.28 61 2.68 0
09:11 743.97 -6.17 61 4.47 0
09:12 743.97 -6.22 60 3.58 0
09:13 743.71 -6.17 60 4.02 0
09:14 743.97 -6.22 60 2.68 0
09:15 743.71 -6.22 60 4.02 0
09:16 743.71 -6.17 60 3.58 0
09:17 743.71 -6.17 60 4.02 0
09:18 743.71 -6.11 60 3.58 0
09:19 743.97 -6.06 60 3.13 0
09:20 743.97 -6.06 60 4.47 0
09:21 743.71 -6 60 2.24 0
09:22 743.71 -6 60 3.13 0
09:23 743.71 -5.94 60 3.58 0
09:24 743.71 -5.94 59 4.02 0
09:25 743.71 -5.94 59 4.02 0
09:26 743.71 -5.94 59 3.58 0
09:27 743.71 -5.83 60 2.68 0
09:28 743.71 -5.83 59 4.47 0
09:29 743.71 -5.72 59 3.58 0
09:30 743.71 -5.67 59 4.92 0
09:31 743.71 -5.67 59 4.02 0
09:32 743.71 -5.61 59 1.79 0
09:33 743.71 -5.56 59 1.79 0
09:34 743.71 -5.5 59 5.81 0
09:35 743.71 -5.44 58 3.58 0
09:36 743.71 -5.44 58 5.36 0
09:37 743.71 -5.44 58 4.02 0
09:38 743.71 -5.33 59 4.92 0
09:39 743.71 -5.33 58 3.58 0
09:40 743.71 -5.28 58 2.24 0
09:41 743.71 -5.22 58 4.92 0
09:42 743.71 -5.17 58 3.13 0
09:43 743.71 -5.17 58 6.26 0
09:44 743.71 -5.17 57 5.36 0
09:45 743.71 -5.11 58 5.81 0
09:46 743.71 -5.11 58 1.79 0
09:47 743.71 -5.06 58 5.36 0
09:48 743.71 -5 58 5.81 0
09:49 743.46 -4.94 57 4.02 0
09:50 743.71 -5 57 5.81 0
09:51 743.71 -4.94 57 3.58 0
09:52 743.71 -4.89 57 4.47 0
09:53 743.71 -4.89 57 3.13 0
09:54 743.71 -4.83 57 2.68 0
09:55 743.71 -4.78 58 2.24 0
09:56 743.71 -4.67 58 4.02 0
09:57 743.71 -4.56 57 2.24 0
09:58 743.71 -4.5 57 2.68 0
09:59 743.71 -4.39 57 2.24 0
10:00 743.71 -4.33 57 6.71 0
10:01 743.71 -4.33 56 4.02 0
10:02 743.71 -4.33 56 4.02 0
10:03 743.71 -4.28 57 3.58 0
10:04 743.71 -4.17 56 3.13 0
10:05 743.71 -4.17 56 6.26 0
10:06 743.71 -4.11 55 2.68 0
10:07 743.71 -4.06 56 4.02 0
10:08 743.71 -4.06 56 3.13 0
10:09 743.71 -4 56 4.47 0
10:10 743.71 -3.94 56 3.13 0
10:11 743.46 -3.89 55 4.02 0
10:12 743.71 -3.83 56 4.02 0
10:13 743.71 -3.83 56 3.58 0
10:14 743.71 -3.78 55 5.81 0
10:15 743.71 -3.78 55 4.47 0
10:16 743.46 -3.72 55 2.68 0
10:17 743.46 -3.72 55 5.81 0
10:18 743.46 -3.72 55 4.92 0
10:19 743.46 -3.72 55 3.58 0
10:20 743.46 -3.72 55 7.15 0
10:21 743.46 -3.72 55 6.26 0
10:22 743.46 -3.72 55 5.81 0
10:23 743.46 -3.72 55 4.47 0
10:24 743.46 -3.72 55 5.36 0
10:25 743.46 -3.72 55 5.36 0
10:26 743.46 -3.67 55 8.05 0
10:27 743.46 -3.72 54 8.49 0
10:28 743.46 -3.72 55 8.49 0
10:29 743.46 -3.72 54 8.05 0
10:30 743.46 -3.72 55 6.71 0
10:31 743.46 -3.67 55 7.15 0
10:32 743.46 -3.67 55 5.36 0
10:33 743.46 -3.61 55 6.26 0
10:34 743.46 -3.56 55 6.26 0
10:35 743.46 -3.5 55 4.92 0
10:36 743.46 -3.44 55 4.02 0
10:37 743.46 -3.44 55 7.15 0
10:38 743.46 -3.39 54 4.02 0
10:39 743.46 -3.39 55 5.36 0
10:40 743.46 -3.33 55 4.02 0
10:41 743.46 -3.28 55 4.92 0
10:42 743.46 -3.28 55 4.47 0
10:43 743.46 -3.28 55 3.58 0
10:44 743.46 -3.17 55 4.02 0
10:45 743.46 -3.11 55 3.13 0
10:46 743.46 -3 55 5.81 0
10:47 743.46 -3 54 2.24 0
10:48 743.46 -2.89 54 2.24 0
10:49 743.46 -2.89 54 3.58 0
10:50 743.46 -2.78 54 6.26 0
10:51 743.46 -2.78 54 6.26 0
10:52 743.46 -2.78 54 8.05 0
10:53 743.46 -2.83 53 4.92 0
10:54 743.46 -2.83 54 5.36 0
10:55 743.46 -2.78 54 6.26 0
10:56 743.46 -2.83 54 5.36 0
10:57 743.46 -2.83 54 8.49 0
10:58 743.46 -2.89 53 6.26 0
10:59 743.46 -2.89 54 5.81 0
11:00 743.46 -2.89 54 5.81 0
11:01 743.46 -2.83 54 3.58 0
11:02 743.46 -2.78 54 5.81 0
11:03 743.46 -2.72 54 5.81 0
11:04 743.2 -2.61 54 8.94 0
11:05 743.46 -2.67 54 8.05 0
11:06 743.46 -2.72 55 6.26 0
11:07 743.46 -2.72 54 6.71 0
11:08 743.46 -2.67 55 9.83 0
11:09 743.46 -2.72 54 5.81 0
11:10 743.46 -2.72 54 4.02 0
11:11 743.46 -2.67 54 5.36 0
11:12 743.46 -2.56 55 4.02 0
11:13 743.46 -2.5 54 5.36 0
11:14 743.46 -2.44 54 6.26 0
11:15 743.2 -2.44 54 5.81 0
11:16 743.2 -2.44 53 4.92 0
11:17 743.46 -2.44 54 4.92 0
11:18 743.46 -2.33 54 5.36 0
11:19 743.2 -2.28 54 6.26 0
11:20 743.2 -2.33 54 7.15 0
11:21 743.46 -2.28 54 7.6 0
11:22 743.46 -2.33 54 9.39 0
11:23 743.2 -2.39 54 7.6 0
11:24 743.2 -2.44 54 3.58 0
11:25 743.46 -2.39 54 6.71 0
11:26 743.2 -2.33 54 4.92 0
11:27 743.2 -2.33 54 4.92 0
11:28 743.2 -2.28 55 6.26 0
11:29 743.2 -2.22 54 9.39 0
11:30 743.2 -2.17 53 4.92 0
11:31 743.46 -2.22 54 6.71 0
11:32 743.2 -2.22 53 5.36 0
11:33 743.2 -2.28 54 8.05 0
11:34 743.2 -2.28 54 3.58 0
11:35 743.2 -2.22 54 5.81 0
11:36 743.2 -2.17 54 5.81 0
11:37 743.2 -2.17 53 4.92 0
11:38 743.2 -2.17 54 4.02 0
11:39 743.2 -2.06 55 4.02 0
11:40 743.2 -2 55 4.02 0
11:41 743.2 -2 53 4.92 0
11:42 743.2 -1.89 54 2.24 0
11:43 743.2 -1.83 54 4.92 0
11:44 743.2 -1.78 53 3.13 0
11:45 743.2 -1.72 53 3.58 0
11:46 743.2 -1.67 53 3.58 0
11:47 743.2 -1.61 54 3.58 0
11:48 743.2 -1.5 53 2.68 0
11:49 743.2 -1.44 53 4.47 0
11:50 743.2 -1.44 52 5.81 0
11:51 743.2 -1.44 52 6.71 0
11:52 743.2 -1.5 52 5.36 0
11:53 743.2 -1.5 52 4.47 0
11:54 743.2 -1.5 52 6.26 0
11:55 743.2 -1.56 52 5.81 0
11:56 743.2 -1.56 52 4.47 0
11:57 743.2 -1.5 53 4.92 0
11:58 743.2 -1.56 52 4.47 0
11:59 743.2 -1.5 52 4.47 0
12:00 743.2 -1.44 52 6.71 0
12:01 743.2 -1.56 51 5.81 0
12:02 743.2 -1.56 52 7.15 0
12:03 743.2 -1.61 51 5.36 0
12:04 742.95 -1.56 52 5.81 0
12:05 742.95 -1.56 52 4.47 0
12:06 742.95 -1.56 52 2.24 0
12:07 742.95 -1.44 52 3.58 0
12:08 742.95 -1.44 52 3.58 0
12:09 742.95 -1.33 52 3.58 0
12:10 742.95 -1.22 52 5.81 0
12:11 742.95 -1.22 52 8.05 0
12:12 742.95 -1.17 51 8.05 0
12:13 742.95 -1.11 52 3.58 0
12:14 742.95 -1.11 52 8.05 0
12:15 742.95 -1.17 51 7.15 0
12:16 742.95 -1.28 51 4.47 0
12:17 742.95 -1.28 51 5.36 0
12:18 742.95 -1.28 51 5.81 0
12:19 742.95 -1.22 52 5.36 0
12:20 742.95 -1.22 52 5.36 0
12:21 742.95 -1.28 51 2.24 0
12:22 742.95 -1.22 51 4.92 0
12:23 742.95 -1.22 51 8.05 0
12:24 742.95 -1.28 51 8.05 0
12:25 742.95 -1.28 52 6.71 0
12:26 742.95 -1.28 52 6.26 0
12:27 742.7 -1.22 51 9.83 0
12:28 742.95 -1.28 52 6.71 0
12:29 742.95 -1.17 52 5.81 0
12:30 742.95 -1.11 52 4.92 0
12:31 742.7 -1.06 52 2.68 0
12:32 742.7 -.94 53 6.71 0
12:33 742.7 -.89 52 5.36 0
12:34 742.7 -.83 51 6.26 0
12:35 742.7 -.89 51 4.02 0
12:36 742.7 -.89 52 4.92 0
12:37 742.7 -.83 52 5.36 0
12:38 742.7 -.89 51 3.58 0
12:39 742.7 -.89 51 6.71 0
12:40 742.7 -.94 51 6.71 0
12:41 742.7 -.89 51 8.94 0
12:42 742.7 -.89 51 7.6 0
12:43 742.7 -.89 51 6.26 0
12:44 742.7 -.83 51 7.15 0
12:45 742.7 -.83 51 4.47 0
12:46 742.7 -.83 52 6.26 0
12:47 742.7 -.78 52 4.92 0
12:48 742.7 -.72 52 6.26 0
12:49 742.7 -.78 51 5.36 0
12:50 742.7 -.72 51 7.6 0
12:51 742.7 -.72 51 6.71 0
12:52 742.7 -.72 51 6.26 0
12:53 742.7 -.67 51 3.13 0
12:54 742.7 -.56 52 8.49 0
12:55 742.7 -.56 50 4.47 0
12:56 742.7 -.5 50 6.26 0
12:57 742.7 -.5 50 3.13 0
12:58 742.7 -.39 51 3.58 0
12:59 742.7 -.33 52 8.05 0
13:00 742.7 -.33 50 4.02 0
13:01 742.7 -.33 50 3.58 0
13:02 742.7 -.33 50 3.58 0
13:03 742.7 -.33 50 1.79 0
13:04 742.7 -.22 51 5.81 0
13:05 742.7 -.17 50 3.13 0
13:06 742.7 -.17 51 7.6 0
13:07 742.7 -.22 49 9.83 0
13:08 742.7 -.33 49 8.49 0
13:09 742.7 -.39 49 8.05 0
13:10 742.7 -.44 49 3.58 0
13:11 742.7 -.39 50 4.47 0
13:12 742.7 -.39 50 5.36 0
13:13 742.7 -.33 50 4.02 0
13:14 742.7 -.33 50 6.26 0
13:15 742.7 -.33 50 5.81 0
13:16 742.7 -.39 50 4.92 0
13:17 742.7 -.44 49 7.15 0
13:18 742.7 -.44 50 5.36 0
13:19 742.7 -.5 50 3.58 0
13:20 742.7 -.44 50 5.81 0
13:21 742.7 -.33 51 5.36 0
13:22 742.7 -.28 49 7.15 0
13:23 742.7 -.28 49 6.26 0
13:24 742.7 -.28 49 8.49 0
13:25 742.7 -.22 49 5.81 0
13:26 742.7 -.22 49 4.47 0
13:27 742.7 -.22 48 8.05 0
13:28 742.7 -.22 48 6.26 0
13:29 742.7 -.28 48 8.05 0
13:30 742.7 -.28 49 6.26 0
13:31 742.44 -.22 49 7.15 0
13:32 742.44 -.28 48 8.05 0
13:33 742.44 -.22 48 6.26 0
13:34 742.7 -.22 48 3.13 0
13:35 742.44 -.22 48 5.81 0
13:36 742.44 -.22 48 5.36 0
13:37 742.7 -.22 47 7.6 0
13:38 742.44 -.17 47 5.81 0
13:39 742.44 -.17 47 5.81 0
13:40 742.44 -.11 47 4.02 0
13:41 742.44 -.11 47 6.26 0
13:42 742.44 -.06 47 4.47 0
13:43 742.44 .06 47 8.49 0
13:44 742.44 .06 47 4.47 0
13:45 742.44 .11 46 8.49 0
13:46 742.44 .06 45 8.49 0
13:47 742.44 0 45 6.26 0
13:48 742.44 -.06 45 10.28 0
13:49 742.44 -.11 45 8.49 0
13:50 742.44 -.11 46 5.36 0
13:51 742.44 -.11 46 3.58 0
13:52 742.44 -.11 45 6.26 0
13:53 742.44 -.11 45 1.79 0
13:54 742.44 -.06 48 6.26 0
13:55 742.44 -.06 46 4.47 0
13:56 742.44 0 46 8.05 0
13:57 742.44 -.11 45 7.15 0
13:58 742.44 -.17 45 3.58 0
13:59 742.44 -.17 46 8.05 0
14:00 742.44 -.17 47 8.05 0
14:01 742.44 -.22 46 6.26 0
14:02 742.44 -.28 46 5.81 0
14:03 742.44 -.28 47 4.92 0
14:04 742.44 -.17 46 7.6 0
14:05 742.44 -.22 45 4.92 0
14:06 742.44 -.17 46 7.15 0
14:07 742.44 -.17 46 5.36 0
14:08 742.44 -.17 46 4.92 0
14:09 742.44 -.11 46 4.02 0
14:10 742.19 -.11 47 4.47 0
14:11 742.44 -.11 47 2.68 0
14:12 742.44 -.11 47 3.58 0
14:13 742.44 -.06 47 4.92 0
14:14 742.44 -.11 47 1.79 0
14:15 742.44 -.11 47 4.92 0
14:16 742.44 -.06 46 2.68 0
14:17 742.44 -.11 47 3.58 0
14:18 742.44 -.11 47 4.92 0
14:19 742.19 -.11 46 3.58 0
14:20 742.19 -.06 46 6.26 0
14:21 742.19 -.11 45 1.79 0
14:22 742.44 0 47 3.58 0
14:23 742.19 0 47 4.02 0
14:24 742.19 .06 46 3.58 0
14:25 742.19 .06 45 4.47 0
14:26 742.19 .06 45 3.13 0
14:27 742.19 .11 46 2.68 0
14:28 742.19 .17 47 4.02 0
14:29 742.19 .28 46 4.47 0
14:30 742.19 .28 46 4.47 0
14:31 742.19 .33 46 4.02 0
14:32 742.19 .39 46 2.68 0
14:33 742.19 .5 48 4.02 0
14:34 742.19 .56 47 4.92 0
14:35 742.19 .61 46 4.92 0
14:36 741.93 .67 44 5.81 0
14:37 741.93 .61 43 4.02 0
14:38 741.93 .61 44 3.58 0
14:39 741.93 .61 44 4.02 0
14:40 741.93 .61 44 6.26 0
14:41 741.93 .67 44 3.13 0
14:42 741.93 .67 43 4.92 0
14:43 741.93 .67 43 2.68 0
14:44 741.93 .67 44 4.47 0
14:45 741.93 .67 43 7.15 0
14:46 741.93 .61 43 6.26 0
14:47 741.93 .61 43 3.13 0
14:48 741.93 .56 43 6.26 0
14:49 741.93 .56 44 3.13 0
14:50 741.93 .61 43 5.81 0
14:51 741.93 .67 43 5.36 0
14:52 741.93 .61 42 4.02 0
14:53 741.93 .61 43 5.36 0
14:54 741.93 .67 43 2.68 0
14:55 741.93 .67 44 4.92 0
14:56 741.93 .67 44 5.36 0
14:57 741.93 .67 42 3.58 0
14:58 741.93 .67 43 6.26 0
14:59 741.93 .67 43 4.92 0
15:00 741.93 .67 44 4.47 0
15:01 741.93 .67 44 5.81 0
15:02 741.93 .72 43 4.92 0
15:03 741.93 .72 43 4.02 0
15:04 741.93 .78 43 3.13 0
15:05 741.93 .78 43 8.05 0
15:06 741.93 .72 43 8.94 0
15:07 741.93 .67 43 5.36 0
15:08 741.93 .61 43 5.81 0
15:09 741.93 .61 43 4.02 0
15:10 741.93 .67 44 6.26 0
15:11 741.93 .61 43 5.36 0
15:12 741.93 .61 43 3.13 0
15:13 741.93 .61 43 3.13 0
15:14 741.93 .61 43 1.79 0
15:15 741.93 .56 44 2.24 0
15:16 741.93 .61 45 4.02 0
15:17 741.93 .61 44 2.68 0
15:18 741.93 .67 44 4.47 0
15:19 741.93 .72 44 1.79 0
15:20 741.93 .78 45 1.34 0
15:21 741.93 .83 45 3.13 0
15:22 741.93 .89 44 3.13 0
15:23 741.93 .94 43 3.58 0
15:24 741.93 .94 44 4.47 0
15:25 741.93 .94 44 3.58 0
15:26 741.93 1 44 3.58 0
15:27 741.93 1.06 44 4.02 0
15:28 741.93 1.06 43 4.02 0
15:29 741.93 1.06 42 5.36 0
15:30 741.68 1.06 43 4.92 0
15:31 741.93 1 43 3.58 0
15:32 741.68 1 43 6.26 0
15:33 741.93 .94 43 4.02 0
15:34 741.93 .94 43 3.58 0
15:35 741.93 .94 44 4.92 0
15:36 741.68 .94 44 3.13 0
15:37 741.68 .94 44 4.47 0
15:38 741.68 .94 43 5.36 0
15:39 741.93 .94 44 5.36 0
15:40 741.68 .94 43 2.24 0
15:41 741.68 .94 44 4.92 0
15:42 741.68 .94 44 4.47 0
15:43 741.68 1 44 3.13 0
15:44 741.68 1.06 45 2.24 0
15:45 741.68 1.11 44 4.92 0
15:46 741.68 1.11 44 4.92 0
15:47 741.68 1.11 44 2.68 0
15:48 741.68 1.11 43 4.92 0
15:49 741.68 1.11 44 6.26 0
15:50 741.68 1.11 43 5.81 0
15:51 741.68 1.11 43 4.02 0
15:52 741.68 1.11 44 5.81 0
15:53 741.68 1.11 43 3.58 0
15:54 741.68 1.06 43 5.36 0
15:55 741.68 1 43 5.81 0
15:56 741.68 1 43 4.92 0
15:57 741.68 1 43 4.92 0
15:58 741.68 1 44 5.81 0
15:59 741.68 1 44 4.02 0
16:00 741.68 1.06 44 4.02 0
16:01 741.68 1.11 44 3.58 0
16:02 741.68 1.17 44 4.02 0
16:03 741.68 1.22 44 2.68 0
16:04 741.68 1.28 44 3.58 0
16:05 741.68 1.28 43 2.68 0
16:06 741.68 1.28 44 2.68 0
16:07 741.68 1.33 44 1.79 0
16:08 741.68 1.39 44 4.92 0
16:09 741.68 1.33 44 4.02 0
16:10 741.68 1.33 44 4.92 0
16:11 741.68 1.33 44 4.92 0
16:12 741.68 1.22 43 6.26 0
16:13 741.43 1.11 43 2.68 0
16:14 741.43 1.11 44 4.92 0
16:15 741.68 1.11 43 5.36 0
16:16 741.43 1.11 44 4.47 0
16:17 741.43 1.11 44 5.36 0
16:18 741.43 1.17 43 6.26 0
16:19 741.43 1.11 43 6.26 0
16:20 741.43 1.11 43 7.15 0
16:21 741.43 1.06 43 6.71 0
16:22 741.43 1.06 44 4.92 0
16:23 741.43 1.06 44 4.47 0
16:24 741.43 1.06 44 3.58 0
16:25 741.43 1.11 44 5.36 0
16:26 741.43 1.11 44 5.81 0
16:27 741.43 1.11 44 6.26 0
16:28 741.43 1.11 44 4.92 0
16:29 741.43 1.06 44 6.26 0
16:30 741.43 1.06 44 2.24 0
16:31 741.43 1.11 45 4.47 0
16:32 741.43 1.11 44 2.24 0
16:33 741.43 1.17 44 2.68 0
16:34 741.43 1.22 44 4.47 0
16:35 741.43 1.22 44 .89 0
16:36 741.43 1.33 45 4.47 0
16:37 741.43 1.33 44 3.58 0
16:38 741.43 1.33 45 3.13 0
16:39 741.43 1.33 44 4.02 0
16:40 741.43 1.28 45 1.79 0
16:41 741.43 1.28 45 3.13 0
16:42 741.43 1.28 45 3.58 0
16:43 741.43 1.28 45 2.68 0
16:44 741.43 1.22 45 2.68 0
16:45 741.43 1.22 45 1.79 0
16:46 741.43 1.22 46 3.58 0
16:47 741.43 1.22 45 3.13 0
16:48 741.43 1.22 46 4.02 0
16:49 741.43 1.22 45 3.58 0
16:50 741.43 1.22 45 2.68 0
16:51 741.43 1.17 45 2.68 0
16:52 741.43 1.17 45 2.68 0
16:53 741.43 1.22 45 1.79 0
16:54 741.43 1.22 45 2.68 0
16:55 741.43 1.22 45 3.13 0
16:56 741.43 1.22 46 2.68 0
16:57 741.43 1.22 45 3.58 0
16:58 741.43 1.22 45 4.92 0
16:59 741.43 1.22 44 5.81 0
17:00 741.43 1.22 45 4.92 0
17:01 741.43 1.22 44 4.47 0
17:02 741.43 1.28 44 2.68 0
17:03 741.43 1.28 45 3.13 0
17:04 741.43 1.28 45 2.68 0
17:05 741.43 1.33 45 1.34 0
17:06 741.43 1.33 45 4.02 0
17:07 741.43 1.33 45 5.81 0
17:08 741.43 1.28 44 2.24 0
17:09 741.43 1.22 44 1.79 0
17:10 741.43 1.17 45 4.92 0
17:11 741.43 1.11 44 6.71 0
17:12 741.43 1 44 4.02 0
17:13 741.43 .94 45 3.58 0
17:14 741.43 .94 45 5.36 0
17:15 741.43 .83 45 6.71 0
17:16 741.43 .78 45 4.02 0
17:17 741.43 .78 45 5.81 0
17:18 741.43 .72 45 3.13 0
17:19 741.43 .72 46 3.58 0
17:20 741.43 .72 46 4.47 0
17:21 741.43 .67 46 4.92 0
17:22 741.43 .67 46 4.47 0
17:23 741.43 .67 46 2.68 0
17:24 741.43 .67 46 2.24 0
17:25 741.43 .67 47 3.13 0
17:26 741.43 .67 47 1.79 0
17:27 741.43 .67 46 5.36 0
17:28 741.43 .67 46 4.92 0
17:29 741.43 .67 47 3.13 0
17:30 741.43 .61 47 3.13 0
17:31 741.43 .61 47 2.68 0
17:32 741.43 .61 48 .45 0
17:33 741.43 .61 47 3.13 0
17:34 741.43 .61 48 2.24 0
17:35 741.43 .56 47 2.24 0
17:36 741.43 .61 47 2.24 0
17:37 741.43 .56 47 4.02 0
17:38 741.43 .56 47 1.79 0
17:39 741.43 .61 48 4.02 0
17:40 741.43 .61 47 2.24 0
17:41 741.43 .67 47 4.47 0
17:42 741.43 .72 47 1.79 0
17:43 741.43 .72 47 4.02 0
17:44 741.43 .78 46 5.81 0
17:45 741.17 .78 46 4.02 0
17:46 741.43 .78 47 2.68 0
17:47 741.17 .78 46 4.47 0
17:48 741.17 .72 46 2.68 0
17:49 741.17 .67 47 2.24 0
17:50 741.17 .61 47 3.13 0
17:51 741.17 .56 47 2.68 0
17:52 741.17 .56 46 2.24 0
17:53 741.17 .56 47 4.92 0
17:54 741.17 .61 46 4.02 0
17:55 741.17 .61 46 3.58 0
17:56 741.17 .61 46 4.47 0
17:57 741.17 .61 46 3.58 0
17:58 741.17 .61 46 3.13 0
17:59 741.17 .61 46 3.13 0
18:00 741.17 .61 47 4.02 0
18:01 741.17 .61 46 2.68 0
18:02 741.43 .56 46 2.68 0
18:03 741.17 .56 46 3.58 0
18:04 741.43 .56 46 2.68 0
18:05 741.43 .5 47 5.36 0
18:06 741.17 .44 46 3.13 0
18:07 741.43 .44 47 1.79 0
18:08 741.17 .39 47 1.34 0
18:09 741.17 .39 47 3.13 0
18:10 741.43 .39 47 2.68 0
18:11 741.43 .33 47 3.58 0
18:12 741.43 .28 47 4.02 0
18:13 741.43 .28 47 4.02 0
18:14 741.17 .22 47 1.79 0
18:15 741.43 .17 48 4.02 0
18:16 741.17 .17 47 1.34 0
18:17 741.43 .11 48 3.58 0
18:18 741.43 .06 48 4.47 0
18:19 741.43 .06 48 3.13 0
18:20 741.17 0 48 4.02 0
18:21 741.43 0 48 3.13 0
18:22 741.43 -.06 48 1.34 0
18:23 741.43 -.06 49 3.13 0
18:24 741.43 -.11 49 2.68 0
18:25 741.43 -.11 49 2.68 0
18:26 741.43 -.17 49 2.68 0
18:27 741.43 -.22 49 4.02 0
18:28 741.43 -.22 49 1.79 0
18:29 741.43 -.28 49 4.02 0
18:30 741.17 -.28 49 1.79 0
18:31 741.43 -.33 49 4.02 0
18:32 741.43 -.33 49 1.34 0
18:33 741.43 -.39 50 1.79 0
18:34 741.43 -.44 50 1.34 0
18:35 741.43 -.44 50 3.58 0
18:36 741.43 -.5 50 1.79 0
18:37 741.43 -.56 50 1.79 0
18:38 741.43 -.56 50 .89 0
18:39 741.43 -.56 50 2.68 0
18:40 741.43 -.61 50 3.13 0
18:41 741.43 -.61 50 1.79 0
18:42 741.43 -.67 50 1.79 0
18:43 741.43 -.67 50 1.34 0
18:44 741.43 -.72 51 2.24 0
18:45 741.43 -.72 51 2.24 0
18:46 741.43 -.78 51 2.24 0
18:47 741.43 -.72 51 1.34 0
18:48 741.43 -.78 51 3.13 0
18:49 741.43 -.78 51 1.79 0
18:50 741.43 -.83 51 1.79 0
18:51 741.43 -.83 51 1.79 0
18:52 741.43 -.83 51 2.24 0
18:53 741.43 -.83 51 2.24 0
18:54 741.43 -.89 51 3.13 0
18:55 741.43 -.89 51 1.34 0
18:56 741.43 -.89 52 1.34 0
18:57 741.43 -.94 52 2.68 0
18:58 741.43 -.94 52 3.13 0
18:59 741.43 -.94 52 2.24 0
19:00 741.43 -1 51 2.68 0
19:01 741.43 -1 51 1.79 0
19:02 741.43 -1 52 2.24 0
19:03 741.43 -1 52 1.79 0
19:04 741.43 -1 52 1.34 0
19:05 741.43 -1.06 52 2.24 0
19:06 741.43 -1.06 52 2.24 0
19:07 741.43 -1.11 52 1.79 0
19:08 741.43 -1.11 52 3.13 0
19:09 741.43 -1.11 52 3.13 0
19:10 741.43 -1.11 52 3.13 0
19:11 741.43 -1.11 52 3.13 0
19:12 741.43 -1.11 52 3.58 0
19:13 741.43 -1.17 52 1.79 0
19:14 741.43 -1.17 52 3.13 0
19:15 741.43 -1.17 52 2.24 0
19:16 741.43 -1.22 53 .89 0
19:17 741.43 -1.22 53 1.79 0
19:18 741.43 -1.22 53 2.68 0
19:19 741.43 -1.22 53 3.13 0
19:20 741.43 -1.28 53 2.24 0
19:21 741.43 -1.28 53 1.79 0
19:22 741.43 -1.28 53 1.79 0
19:23 741.43 -1.28 53 1.34 0
19:24 741.43 -1.33 53 2.68 0
19:25 741.43 -1.33 53 2.24 0
19:26 741.43 -1.33 53 2.68 0
19:27 741.43 -1.33 53 4.02 0
19:28 741.43 -1.33 53 3.58 0
19:29 741.43 -1.33 53 1.79 0
19:30 741.43 -1.33 53 2.24 0
19:31 741.43 -1.33 53 3.13 0
19:32 741.43 -1.33 53 3.13 0
19:33 741.43 -1.39 53 4.02 0
19:34 741.43 -1.33 53 2.68 0
19:35 741.43 -1.33 53 2.68 0
19:36 741.43 -1.39 53 2.24 0
19:37 741.43 -1.39 53 2.68 0
19:38 741.43 -1.39 53 2.68 0
19:39 741.43 -1.39 53 1.34 0
19:40 741.43 -1.39 53 2.24 0
19:41 741.43 -1.44 53 1.79 0
19:42 741.43 -1.44 53 2.68 0
19:43 741.43 -1.44 53 2.24 0
19:44 741.43 -1.44 54 2.24 0
19:45 741.43 -1.5 53 2.68 0
19:46 741.43 -1.5 53 1.34 0
19:47 741.43 -1.56 54 1.79 0
19:48 741.43 -1.56 54 1.34 0
19:49 741.43 -1.56 54 2.68 0
19:50 741.43 -1.61 54 1.79 0
19:51 741.43 -1.61 54 2.68 0
19:52 741.43 -1.67 54 2.24 0
19:53 741.43 -1.67 54 .89 0
19:54 741.43 -1.67 55 3.58 0
19:55 741.43 -1.72 54 3.13 0
19:56 741.43 -1.72 54 2.68 0
19:57 741.43 -1.72 54 2.24 0
19:58 741.43 -1.72 54 2.24 0
19:59 741.43 -1.72 54 3.13 0
20:00 741.43 -1.78 54 1.79 0
20:01 741.43 -1.78 55 2.68 0
20:02 741.43 -1.78 54 2.24 0
20:03 741.43 -1.83 54 2.24 0
20:04 741.43 -1.83 54 2.24 0
20:05 741.43 -1.83 55 2.68 0
20:06 741.43 -1.83 55 2.68 0
20:07 741.43 -1.83 54 2.68 0
20:08 741.43 -1.89 55 2.68 0
20:09 741.43 -1.89 55 1.79 0
20:10 741.43 -1.89 55 1.79 0
20:11 741.43 -1.89 55 1.79 0
20:12 741.43 -1.89 55 1.34 0
20:13 741.43 -1.89 55 2.24 0
20:14 741.43 -1.89 55 3.58 0
20:15 741.43 -1.94 55 2.68 0
20:16 741.43 -1.89 55 2.68 0
20:17 741.43 -1.89 55 2.68 0
20:18 741.43 -1.89 55 1.34 0
20:19 741.43 -1.94 55 1.79 0
20:20 741.43 -1.89 55 1.34 0
20:21 741.68 -1.94 55 3.13 0
20:22 741.43 -1.94 55 3.13 0
20:23 741.43 -2 55 1.79 0
20:24 741.43 -2 55 2.24 0
20:25 741.43 -2 55 2.68 0
20:26 741.43 -2 55 3.58 0
20:27 741.43 -2 55 1.79 0
20:28 741.43 -2.06 55 2.24 0
20:29 741.43 -2.06 55 1.34 0
20:30 741.43 -2.06 55 2.24 0
20:31 741.43 -2.11 55 4.02 0
20:32 741.43 -2.06 55 1.34 0
20:33 741.43 -2.11 55 3.13 0
20:34 741.68 -2.11 55 1.79 0
20:35 741.68 -2.11 55 1.79 0
20:36 741.68 -2.11 55 1.34 0
20:37 741.43 -2.17 55 2.24 0
20:38 741.43 -2.17 55 1.79 0
20:39 741.43 -2.17 55 3.58 0
20:40 741.43 -2.17 55 2.68 0
20:41 741.43 -2.17 55 3.13 0
20:42 741.43 -2.17 55 2.68 0
20:43 741.68 -2.17 55 2.68 0
20:44 741.68 -2.17 55 2.24 0
20:45 741.68 -2.17 55 2.24 0
20:46 741.68 -2.17 55 2.68 0
20:47 741.68 -2.17 55 1.79 0
20:48 741.68 -2.17 55 1.79 0
20:49 741.68 -2.17 55 .89 0
20:50 741.43 -2.22 55 2.24 0
20:51 741.68 -2.22 55 1.79 0
20:52 741.43 -2.28 55 1.79 0
20:53 741.43 -2.28 55 1.79 0
20:54 741.68 -2.28 55 1.34 0
20:55 741.43 -2.28 56 3.13 0
20:56 741.43 -2.28 55 2.68 0
20:57 741.43 -2.33 56 2.24 0
20:58 741.43 -2.33 55 1.34 0
20:59 741.43 -2.33 55 2.24 0
21:00 741.68 -2.33 55 2.24 0
21:01 741.68 -2.33 55 1.79 0
21:02 741.68 -2.33 55 2.24 0
21:03 741.43 -2.33 55 2.24 0
21:04 741.68 -2.33 56 3.13 0
21:05 741.68 -2.33 55 1.79 0
21:06 741.43 -2.33 55 3.13 0
21:07 741.43 -2.33 55 2.68 0
21:08 741.43 -2.33 55 2.24 0
21:09 741.43 -2.33 55 3.13 0
21:10 741.43 -2.33 56 2.24 0
21:11 741.68 -2.33 55 1.79 0
21:12 741.43 -2.39 56 1.79 0
21:13 741.43 -2.44 56 1.34 0
21:14 741.68 -2.39 56 2.24 0
21:15 741.68 -2.44 56 1.34 0
21:16 741.68 -2.44 56 1.34 0
21:17 741.68 -2.44 56 1.34 0
21:18 741.43 -2.44 56 1.79 0
21:19 741.43 -2.5 56 2.24 0
21:20 741.43 -2.5 56 2.68 0
21:21 741.43 -2.5 56 1.79 0
21:22 741.43 -2.5 56 1.34 0
21:23 741.68 -2.5 56 2.24 0
21:24 741.43 -2.5 56 1.79 0
21:25 741.68 -2.44 56 1.34 0
21:26 741.68 -2.5 56 3.13 0
21:27 741.68 -2.5 56 2.24 0
21:28 741.68 -2.56 56 1.79 0
21:29 741.68 -2.56 56 2.24 0
21:30 741.68 -2.56 56 2.24 0
21:31 741.68 -2.56 56 1.79 0
21:32 741.68 -2.56 56 2.68 0
21:33 741.68 -2.61 56 1.34 0
21:34 741.68 -2.61 56 3.13 0
21:35 741.68 -2.61 56 2.68 0
21:36 741.68 -2.67 56 2.68 0
21:37 741.68 -2.67 56 2.24 0
21:38 741.68 -2.67 56 3.13 0
21:39 741.68 -2.67 56 4.02 0
21:40 741.68 -2.67 56 3.13 0
21:41 741.68 -2.72 56 1.79 0
21:42 741.68 -2.67 56 3.13 0
21:43 741.68 -2.72 56 1.79 0
21:44 741.68 -2.72 56 3.58 0
21:45 741.68 -2.72 56 2.24 0
21:46 741.68 -2.72 56 2.24 0
21:47 741.68 -2.78 56 4.02 0
21:48 741.68 -2.78 56 1.79 0
21:49 741.68 -2.78 56 2.24 0
21:50 741.68 -2.83 56 3.13 0
21:51 741.68 -2.83 56 2.24 0
21:52 741.68 -2.83 56 1.79 0
21:53 741.68 -2.83 56 2.24 0
21:54 741.68 -2.83 57 2.68 0
21:55 741.68 -2.83 57 2.68 0
21:56 741.68 -2.83 56 3.13 0
21:57 741.68 -2.83 56 1.79 0
21:58 741.68 -2.83 57 2.68 0
21:59 741.68 -2.89 57 2.24 0
22:00 741.68 -2.83 57 3.58 0
22:01 741.68 -2.89 57 2.24 0
22:02 741.68 -2.89 57 1.34 0
22:03 741.68 -2.89 57 2.24 0
22:04 741.68 -2.94 57 2.68 0
22:05 741.68 -2.94 57 2.68 0
22:06 741.68 -2.94 57 3.13 0
22:07 741.68 -2.94 57 1.34 0
22:08 741.68 -2.94 57 1.79 0
22:09 741.68 -3 57 2.24 0
22:10 741.68 -3 57 1.79 0
22:11 741.68 -3.06 57 .89 0
22:12 741.68 -3.06 57 1.79 0
22:13 741.68 -3.06 57 2.68 0
22:14 741.68 -3.11 57 3.58 0
22:15 741.68 -3.11 57 1.34 0
22:16 741.68 -3.17 57 .89 0
22:17 741.68 -3.17 57 1.79 0
22:18 741.68 -3.17 58 2.24 0
22:19 741.68 -3.22 58 1.79 0
22:20 741.68 -3.22 58 1.34 0
22:21 741.68 -3.28 58 2.24 0
22:22 741.43 -3.28 58 2.68 0
22:23 741.43 -3.33 58 1.79 0
22:24 741.43 -3.33 58 2.24 0
22:25 741.43 -3.33 58 1.79 0
22:26 741.43 -3.33 58 2.68 0
22:27 741.43 -3.33 58 2.68 0
22:28 741.43 -3.33 58 2.24 0
22:29 741.43 -3.33 58 2.24 0
22:30 741.43 -3.33 58 1.34 0
22:31 741.43 -3.33 58 2.24 0
22:32 741.43 -3.33 58 2.24 0
22:33 741.43 -3.33 58 1.79 0
22:34 741.43 -3.39 58 1.34 0
22:35 741.68 -3.39 58 .45 0
22:36 741.43 -3.44 58 .89 0
22:37 741.43 -3.44 58 1.34 0
22:38 741.43 -3.44 58 1.34 0
22:39 741.43 -3.44 58 1.79 0
22:40 741.43 -3.44 58 2.68 0
22:41 741.43 -3.44 58 1.79 0
22:42 741.43 -3.44 58 1.79 0
22:43 741.43 -3.5 58 1.34 0
22:44 741.43 -3.44 58 2.24 0
22:45 741.43 -3.5 58 1.79 0
22:46 741.43 -3.44 58 1.34 0
22:47 741.43 -3.5 58 1.34 0
22:48 741.43 -3.5 58 1.34 0
22:49 741.43 -3.5 58 2.24 0
22:50 741.43 -3.56 58 1.34 0
22:51 741.43 -3.56 58 .89 0
22:52 741.43 -3.56 59 1.34 0
22:53 741.43 -3.56 59 1.79 0
22:54 741.43 -3.56 58 2.24 0
22:55 741.43 -3.56 58 .89 0
22:56 741.43 -3.56 58 .89 0
22:57 741.43 -3.56 59 .89 0
22:58 741.43 -3.56 59 1.34 0
22:59 741.43 -3.61 59 .45 0
23:00 741.43 -3.61 59 .45 0
23:01 741.43 -3.61 59 1.34 0
23:02 741.43 -3.61 59 .45 0
23:03 741.43 -3.61 59 1.34 0
23:04 741.43 -3.61 59 .45 0
23:05 741.43 -3.67 59 .45 0
23:06 741.43 -3.67 59 2.24 0
23:07 741.43 -3.67 59 .89 0
23:08 741.43 -3.67 59 1.34 0
23:09 741.43 -3.67 59 .45 0
23:10 741.43 -3.61 59 .45 0
23:11 741.43 -3.67 59 1.34 0
23:12 741.43 -3.67 59 1.79 0
23:13 741.43 -3.67 59 1.34 0
23:14 741.43 -3.67 59 1.79 0
23:15 741.43 -3.67 59 2.24 0
23:16 741.43 -3.72 59 1.79 0
23:17 741.43 -3.72 59 .89 0
23:18 741.43 -3.72 59 2.24 0
23:19 741.43 -3.78 59 2.24 0
23:20 741.43 -3.78 59 2.24 0
23:21 741.43 -3.83 59 2.24 0
23:22 741.43 -3.83 59 1.79 0
23:23 741.43 -3.83 59 2.24 0
23:24 741.43 -3.83 59 1.79 0
23:25 741.43 -3.89 59 2.24 0
23:26 741.43 -3.83 60 1.79 0
23:27 741.43 -3.83 60 3.13 0
23:28 741.43 -3.83 59 2.24 0
23:29 741.43 -3.83 59 3.58 0
23:30 741.43 -3.83 59 1.34 0
23:31 741.43 -3.89 59 1.79 0
23:32 741.43 -3.83 59 .89 0
23:33 741.17 -3.89 59 3.58 0
23:34 741.17 -3.89 59 2.68 0
23:35 741.17 -3.89 59 1.79 0
23:36 741.17 -3.94 59 1.34 0
23:37 741.17 -3.94 59 1.79 0
23:38 741.17 -3.94 59 2.24 0
23:39 741.43 -3.94 59 1.79 0
23:40 741.17 -3.94 59 2.24 0
23:41 741.17 -4 59 2.24 0
23:42 741.43 -3.94 60 1.79 0
23:43 741.43 -3.94 60 2.24 0
23:44 741.43 -3.94 59 4.02 0
23:45 741.43 -3.94 59 1.79 0
23:46 741.43 -3.94 59 1.79 0
23:47 741.43 -3.94 59 2.24 0
23:48 741.43 -3.94 59 2.24 0
23:49 741.43 -3.94 59 2.24 0
23:50 741.43 -4 59 3.13 0
23:51 741.43 -4 59 2.24 0
23:52 741.43 -4.06 59 1.79 0
23:53 741.43 -4.06 60 1.79 0
23:54 741.17 -4.06 59 2.24 0
23:55 741.43 -4.11 60 4.02 0
23:56 741.43 -4.06 59 2.24 0
23:57 741.43 -4.06 60 2.24 0
23:58 741.43 -4.11 60 3.58 0
23:59 741.43 -4.11 60 2.24 0
