14:57 751.84 -4.11 89 2.68 0
14:58 751.84 -4.11 89 2.24 0
14:59 751.84 -4.11 89 .45 0
15:00 751.84 -4.11 89 1.34 0
15:01 751.84 -4.11 89 .89 0
15:02 751.84 -4.06 89 .89 0
15:03 751.84 -4.06 89 1.79 0
15:04 751.84 -4.06 89 1.34 0
15:05 751.84 -4.06 89 1.34 0
15:06 751.84 -4.06 89 1.34 0
15:07 751.84 -4.06 89 2.68 0
15:08 751.84 -4.06 89 2.24 0
15:09 751.84 -4.06 89 1.34 0
15:10 751.84 -4.06 89 .89 0
15:11 751.84 -4 89 2.24 0
15:12 751.84 -4.06 89 1.79 0
15:13 751.84 -4 89 .89 0
15:14 751.84 -4 89 1.34 0
15:15 751.84 -3.94 89 .45 0
15:16 751.84 -3.94 89 1.34 0
15:17 751.84 -3.94 89 2.24 0
15:18 751.84 -3.94 89 .89 0
15:19 751.84 -3.94 89 1.34 0
15:20 751.84 -4 89 .45 0
15:21 751.84 -3.94 89 1.34 0
15:22 751.84 -3.94 89 1.79 0
15:23 751.84 -3.94 89 2.68 0
15:24 751.84 -3.94 89 2.24 0
15:25 751.84 -3.94 89 2.24 0
15:26 751.59 -3.94 89 1.79 0
15:27 751.59 -3.94 89 .89 0
15:28 751.59 -3.89 89 2.24 0
15:29 751.59 -3.89 89 1.79 0
15:30 751.59 -3.89 90 .89 0
15:31 751.59 -3.89 90 1.34 0
15:32 751.59 -3.89 90 .89 0
15:33 751.59 -3.89 89 1.79 0
15:34 751.59 -3.89 89 2.68 0
15:35 751.59 -3.83 89 2.24 0
15:36 751.59 -3.89 89 .45 0
15:37 751.59 -3.83 89 1.79 0
15:38 751.59 -3.83 89 2.68 0
15:39 751.59 -3.83 90 1.79 0
15:40 751.59 -3.83 90 1.79 0
15:41 751.59 -3.83 90 2.68 0
15:42 751.59 -3.83 90 1.79 0
15:43 751.59 -3.83 90 2.68 0
15:44 751.59 -3.83 90 1.79 0
15:45 751.59 -3.83 90 1.79 0
15:46 751.59 -3.78 90 2.68 0
15:47 751.59 -3.83 90 1.34 0
15:48 751.59 -3.83 90 2.68 0
15:49 751.59 -3.83 90 1.34 0
15:50 751.59 -3.83 90 2.68 0
15:51 751.59 -3.83 90 .89 0
15:52 751.59 -3.83 90 1.79 0
15:53 751.59 -3.83 90 .89 0
15:54 751.59 -3.89 90 .89 0
15:55 751.59 -3.83 90 1.79 0
15:56 751.59 -3.83 90 2.68 0
15:57 751.59 -3.89 90 2.68 0
15:58 751.59 -3.89 90 1.34 0
15:59 751.59 -3.89 90 1.34 0
16:00 751.59 -3.89 90 1.34 0
16:01 751.59 -3.83 90 2.68 0
16:02 751.59 -3.83 90 1.79 0
16:03 751.59 -3.89 90 1.34 0
16:04 751.59 -3.89 90 1.79 0
16:05 751.84 -3.89 90 1.79 0
16:06 751.84 -3.83 90 1.79 0
16:07 751.84 -3.83 90 1.34 0
16:08 751.84 -3.83 90 .89 0
16:09 751.84 -3.83 90 1.34 0
16:10 751.84 -3.83 90 1.79 0
16:11 751.84 -3.83 90 .89 0
16:12 751.84 -3.83 90 .89 0
16:13 751.84 -3.83 90 1.79 0
16:14 751.84 -3.83 90 1.34 0
16:15 751.84 -3.78 90 1.34 0
16:16 751.84 -3.78 90 1.34 0
16:17 751.84 -3.78 90 1.79 0
16:18 751.84 -3.78 90 3.13 0
16:19 751.84 -3.78 90 .89 0
16:20 751.84 -3.78 90 1.34 0
16:21 751.84 -3.78 90 2.24 0
16:22 751.84 -3.78 90 1.79 0
16:23 751.84 -3.78 90 1.34 0
16:24 751.84 -3.78 90 .89 0
16:25 751.84 -3.78 90 2.68 0
16:26 751.84 -3.78 90 2.24 0
16:27 751.84 -3.78 90 .89 0
16:28 751.84 -3.72 90 1.79 0
16:29 751.84 -3.72 90 1.79 0
16:30 751.59 -3.72 90 .89 0
16:31 751.84 -3.72 90 1.79 0
16:32 751.59 -3.72 90 1.79 0
16:33 751.59 -3.72 90 .89 0
16:34 751.59 -3.67 90 1.79 0
16:35 751.84 -3.67 90 1.34 0
16:36 751.59 -3.67 90 .89 0
16:37 751.59 -3.61 90 1.79 0
16:38 751.59 -3.67 90 2.24 0
16:39 751.59 -3.61 90 2.24 0
16:40 751.59 -3.61 90 .89 0
16:41 751.59 -3.56 90 .89 0
16:42 751.59 -3.56 90 1.34 0
16:43 751.59 -3.56 90 2.68 0
16:44 751.59 -3.56 90 3.58 0
16:45 751.59 -3.56 90 .89 0
16:46 751.59 -3.5 90 .89 0
16:47 751.59 -3.5 90 .45 0
16:48 751.59 -3.56 90 1.34 0
16:49 751.59 -3.5 90 1.34 0
16:50 751.59 -3.5 90 1.79 0
16:51 751.33 -3.5 90 .89 0
16:52 751.33 -3.5 90 2.24 0
16:53 751.33 -3.5 90 2.68 0
16:54 751.33 -3.44 90 1.79 0
16:55 751.33 -3.5 90 1.34 0
16:56 751.33 -3.5 90 2.68 0
16:57 751.59 -3.5 90 .89 0
16:58 751.33 -3.5 90 .45 0
16:59 751.33 -3.5 90 2.68 0
17:00 751.33 -3.44 90 2.68 0
17:01 751.33 -3.44 90 .45 0
17:02 751.33 -3.44 90 .89 0
17:03 751.33 -3.44 90 .89 0
17:04 751.33 -3.44 90 2.24 0
17:05 751.33 -3.44 90 3.13 0
17:06 751.33 -3.44 90 2.24 0
17:07 751.33 -3.44 90 3.58 0
17:08 751.33 -3.44 90 1.79 0
17:09 751.33 -3.44 90 2.24 0
17:10 751.33 -3.44 90 1.79 0
17:11 751.33 -3.44 90 1.34 0
17:12 751.33 -3.39 90 .45 0
17:13 751.33 -3.39 90 .89 0
17:14 751.33 -3.39 90 2.68 0
17:15 751.08 -3.39 90 1.34 0
17:16 751.08 -3.39 90 1.79 0
17:17 751.33 -3.39 90 2.24 0
17:18 751.08 -3.44 90 2.68 0
17:19 751.08 -3.39 90 .89 0
17:20 751.08 -3.39 90 1.79 0
17:21 751.08 -3.39 90 3.58 0
17:22 751.08 -3.44 90 1.34 0
17:23 751.08 -3.44 90 3.58 0
17:24 751.33 -3.44 90 3.58 0
17:25 751.08 -3.44 90 2.24 0
17:26 751.08 -3.44 90 2.24 0
17:27 751.08 -3.44 90 3.13 0
17:28 751.08 -3.44 90 1.34 0
17:29 751.08 -3.44 90 2.68 0
17:30 751.08 -3.44 90 2.68 0
17:31 751.08 -3.44 91 2.24 0
17:32 751.08 -3.44 91 1.34 0
17:33 751.08 -3.44 91 1.34 0
17:34 751.08 -3.44 91 2.68 0
17:35 751.08 -3.39 91 1.34 0
17:36 751.08 -3.39 91 2.24 0
17:37 751.08 -3.39 91 2.24 0
17:38 751.08 -3.39 91 2.24 0
17:39 751.08 -3.39 91 2.68 0
17:40 751.08 -3.39 90 2.68 0
17:41 751.08 -3.39 90 1.79 0
17:42 751.08 -3.33 91 .89 0
17:43 751.08 -3.39 91 1.79 0
17:44 751.08 -3.33 91 3.13 0
17:45 751.08 -3.33 91 1.34 0
17:46 750.82 -3.33 91 2.24 0
17:47 751.08 -3.33 91 2.68 0
17:48 751.08 -3.33 91 1.79 0
17:49 751.08 -3.33 91 3.13 0
17:50 751.08 -3.33 91 .45 0
17:51 751.08 -3.33 91 .45 0
17:52 751.08 -3.33 91 2.68 0
17:53 751.08 -3.33 91 3.13 0
17:54 751.08 -3.33 91 .89 0
17:55 751.08 -3.33 91 .89 0
17:56 750.82 -3.33 91 3.58 0
17:57 750.82 -3.33 91 1.79 0
17:58 750.82 -3.33 91 1.34 0
17:59 750.82 -3.33 91 .89 0
18:00 750.82 -3.33 91 2.24 0
18:01 750.82 -3.33 91 1.79 0
18:02 750.82 -3.33 91 .89 0
18:03 750.82 -3.33 91 1.79 0
18:04 750.82 -3.28 91 .89 0
18:05 750.82 -3.33 91 2.24 0
18:06 750.82 -3.33 91 2.24 0
18:07 750.82 -3.33 91 1.79 0
18:08 750.82 -3.33 91 3.13 0
18:09 750.82 -3.33 91 .89 0
18:10 750.82 -3.33 91 1.79 0
18:11 750.57 -3.33 91 2.68 0
18:12 750.57 -3.33 91 2.24 0
18:13 750.57 -3.33 91 2.68 0
18:14 750.57 -3.33 91 1.79 0
18:15 750.57 -3.33 91 1.79 0
18:16 750.57 -3.33 91 2.24 0
18:17 750.57 -3.33 91 1.79 0
18:18 750.57 -3.39 91 .45 0
18:19 750.57 -3.33 91 1.79 0
18:20 750.57 -3.33 91 3.58 0
18:21 750.57 -3.39 91 3.13 0
18:22 750.57 -3.33 91 2.24 0
18:23 750.57 -3.39 91 1.79 0
18:24 750.57 -3.39 91 1.34 0
18:25 750.57 -3.39 91 .45 0
18:26 750.57 -3.39 91 2.68 0
18:27 750.57 -3.39 91 3.13 0
18:28 750.57 -3.39 91 1.79 0
18:29 750.57 -3.39 91 4.02 0
18:30 750.57 -3.33 91 2.24 0
18:31 750.57 -3.39 91 1.34 0
18:32 750.57 -3.33 91 1.34 0
18:33 750.57 -3.33 91 .89 0
18:34 750.57 -3.33 91 2.24 0
18:35 750.57 -3.33 91 2.24 0
18:36 750.57 -3.33 91 1.34 0
18:37 750.57 -3.33 91 2.24 0
18:38 750.57 -3.28 91 .45 0
18:39 750.57 -3.28 91 .89 0
18:40 750.57 -3.28 91 1.34 0
18:41 750.57 -3.28 91 1.79 0
18:42 750.57 -3.22 91 .89 0
18:43 750.57 -3.22 91 2.68 0
18:44 750.57 -3.22 91 2.24 0
18:45 750.57 -3.22 91 1.79 0
18:46 750.57 -3.22 91 1.34 0
18:47 750.57 -3.22 91 1.79 0
18:48 750.57 -3.17 91 .89 0
18:49 750.57 -3.22 91 1.79 0
18:50 750.57 -3.17 91 1.34 0
18:51 750.57 -3.17 91 2.68 0
18:52 750.57 -3.17 91 1.79 0
18:53 750.57 -3.17 91 2.24 0
18:54 750.57 -3.17 91 2.24 0
18:55 750.57 -3.17 91 2.68 0
18:56 750.57 -3.11 91 1.79 0
18:57 750.57 -3.11 91 3.58 0
18:58 750.57 -3.06 91 1.34 0
18:59 750.57 -3.06 91 3.13 0
19:00 750.57 -3.06 91 1.79 0
19:01 750.57 -3 91 2.24 0
19:02 750.57 -3 91 1.79 0
19:03 750.57 -3 91 1.79 0
19:04 750.57 -3 91 3.13 0
19:05 750.57 -2.94 91 2.24 0
19:06 750.57 -2.94 91 3.13 0
19:07 750.57 -2.89 91 3.13 0
19:08 750.57 -2.89 91 3.58 0
19:09 750.57 -2.89 91 4.02 0
19:10 750.57 -2.83 91 2.68 0
19:11 750.57 -2.83 91 1.79 0
19:12 750.57 -2.83 91 4.02 0
19:13 750.57 -2.83 91 2.68 0
19:14 750.32 -2.78 91 .89 0
19:15 750.32 -2.83 91 4.02 0
19:16 750.32 -2.78 91 2.24 0
19:17 750.32 -2.78 91 4.02 0
19:18 750.32 -2.78 91 2.24 0
19:19 750.32 -2.78 92 1.79 0
19:20 750.32 -2.72 92 4.02 0
19:21 750.32 -2.78 92 2.68 0
19:22 750.32 -2.72 92 1.79 0
19:23 750.32 -2.72 92 4.02 0
19:24 750.32 -2.72 92 2.24 0
19:25 750.32 -2.72 92 3.13 0
19:26 750.32 -2.67 92 1.79 0
19:27 750.32 -2.67 92 2.68 0
19:28 750.32 -2.67 91 3.13 0
19:29 750.32 -2.72 91 1.34 0
19:30 750.32 -2.67 91 4.47 0
19:31 750.32 -2.67 91 1.79 0
19:32 750.06 -2.67 91 3.13 0
19:33 750.06 -2.67 91 1.34 0
19:34 750.06 -2.67 91 2.68 0
19:35 750.06 -2.67 91 1.34 0
19:36 750.06 -2.67 91 2.24 0
19:37 750.06 -2.67 91 2.68 0
19:38 750.06 -2.67 91 4.02 0
19:39 750.06 -2.67 91 3.13 0
19:40 750.06 -2.67 91 1.79 0
19:41 750.06 -2.67 91 1.79 0
19:42 750.06 -2.67 91 2.24 0
19:43 750.06 -2.67 91 4.02 0
19:44 750.06 -2.67 91 3.13 0
19:45 750.06 -2.67 91 1.79 0
19:46 750.06 -2.61 91 1.34 0
19:47 750.06 -2.67 91 1.34 0
19:48 750.06 -2.61 91 2.68 0
19:49 750.06 -2.61 91 3.13 0
19:50 750.06 -2.61 91 2.68 0
19:51 750.06 -2.61 91 2.24 0
19:52 749.81 -2.61 91 3.13 0
19:53 749.81 -2.61 91 .45 0
19:54 749.81 -2.67 91 2.68 0
19:55 749.81 -2.67 91 1.79 0
19:56 749.81 -2.67 91 2.24 0
19:57 749.81 -2.61 91 3.58 0
19:58 749.81 -2.61 91 2.68 0
19:59 749.81 -2.67 91 4.02 0
20:00 749.81 -2.67 91 2.24 0
20:01 749.81 -2.67 91 3.58 0
20:02 749.81 -2.67 91 3.13 0
20:03 749.81 -2.67 91 2.68 0
20:04 749.81 -2.67 91 3.13 0
20:05 749.81 -2.67 91 1.34 0
20:06 749.81 -2.67 91 2.68 0
20:07 749.81 -2.67 91 1.34 0
20:08 749.81 -2.67 91 2.68 0
20:09 749.81 -2.67 91 2.68 0
20:10 749.81 -2.67 91 1.34 0
20:11 749.81 -2.67 91 1.79 0
20:12 749.81 -2.72 91 4.47 0
20:13 749.81 -2.67 91 2.68 0
20:14 749.81 -2.72 91 4.02 0
20:15 749.81 -2.67 91 4.02 0
20:16 749.81 -2.67 91 3.13 0
20:17 749.81 -2.67 91 1.34 0
20:18 749.81 -2.72 91 1.34 0
20:19 749.81 -2.67 91 2.68 0
20:20 749.81 -2.67 91 3.13 0
20:21 749.81 -2.67 91 3.13 0
20:22 749.81 -2.67 92 3.13 0
20:23 749.81 -2.67 91 1.34 0
20:24 749.81 -2.72 91 1.79 0
20:25 749.81 -2.72 92 3.13 0
20:26 749.81 -2.67 91 4.02 0
20:27 749.81 -2.67 92 4.02 0
20:28 749.81 -2.67 92 4.47 0
20:29 749.81 -2.67 92 1.34 0
20:30 749.81 -2.67 92 1.79 0
20:31 749.81 -2.67 92 2.24 0
20:32 749.81 -2.67 92 1.79 0
20:33 749.81 -2.67 92 2.68 0
20:34 749.81 -2.67 92 1.79 0
20:35 749.81 -2.67 92 1.34 0
20:36 749.81 -2.61 92 2.68 0
20:37 749.55 -2.67 92 4.92 0
20:38 749.81 -2.67 92 2.68 0
20:39 749.55 -2.67 92 2.68 0
20:40 749.81 -2.67 92 3.13 0
20:41 749.81 -2.61 92 2.68 0
20:42 749.81 -2.61 92 3.58 0
20:43 749.81 -2.67 92 1.79 0
20:44 749.55 -2.67 92 3.13 0
20:45 749.55 -2.61 92 4.02 0
20:46 749.55 -2.67 92 4.02 0
20:47 749.81 -2.67 92 .89 0
20:48 749.81 -2.61 92 2.24 0
20:49 749.55 -2.61 92 3.13 0
20:50 749.81 -2.61 92 2.24 0
20:51 749.55 -2.61 92 .89 0
20:52 749.55 -2.61 92 1.34 0
20:53 749.55 -2.61 92 2.68 0
20:54 749.55 -2.61 92 2.24 0
20:55 749.55 -2.61 92 1.34 0
20:56 749.55 -2.61 92 1.79 0
20:57 749.55 -2.61 92 1.79 0
20:58 749.55 -2.61 92 2.24 0
20:59 749.55 -2.61 92 1.34 0
21:00 749.55 -2.56 92 1.34 0
21:01 749.55 -2.56 92 3.58 0
21:02 749.3 -2.56 92 3.58 0
21:03 749.3 -2.56 92 2.68 0
21:04 749.3 -2.61 92 3.13 0
21:05 749.3 -2.56 92 2.24 0
21:06 749.3 -2.56 92 3.58 0
21:07 749.3 -2.56 92 3.13 0
21:08 749.3 -2.56 92 2.68 0
21:09 749.3 -2.56 92 1.79 0
21:10 749.3 -2.56 92 1.34 0
21:11 749.3 -2.5 92 3.13 0
21:12 749.3 -2.5 92 0 0
21:13 749.3 -2.5 92 2.24 0
21:14 749.3 -2.44 92 2.24 0
21:15 749.3 -2.5 92 2.68 0
21:16 749.3 -2.5 92 2.24 0
21:17 749.3 -2.5 92 1.34 0
21:18 749.3 -2.44 92 .45 0
21:19 749.3 -2.44 92 4.47 0
21:20 749.3 -2.44 92 2.68 0
21:21 749.3 -2.44 92 2.24 0
21:22 749.3 -2.44 92 2.24 0
21:23 749.3 -2.44 92 .89 0
21:24 749.3 -2.5 92 2.24 0
21:25 749.3 -2.44 92 2.68 0
21:26 749.3 -2.5 92 1.79 0
21:27 749.05 -2.5 92 3.13 0
21:28 749.3 -2.44 92 2.68 0
21:29 749.3 -2.44 92 4.02 0
21:30 749.3 -2.44 92 2.68 0
21:31 749.3 -2.44 92 1.79 0
21:32 749.3 -2.44 92 2.68 0
21:33 749.3 -2.44 92 1.79 0
21:34 749.3 -2.44 92 .89 0
21:35 749.3 -2.44 92 3.13 0
21:36 749.3 -2.44 92 2.68 0
21:37 749.3 -2.44 92 1.79 0
21:38 749.3 -2.44 92 1.34 0
21:39 749.3 -2.44 92 2.68 0
21:40 749.3 -2.44 92 2.24 0
21:41 749.3 -2.44 92 1.79 0
21:42 749.3 -2.44 92 3.13 0
21:43 749.3 -2.44 92 2.24 0
21:44 749.3 -2.44 92 1.34 0
21:45 749.3 -2.44 92 2.68 0
21:46 749.3 -2.44 92 2.68 0
21:47 749.3 -2.44 92 3.13 0
21:48 749.3 -2.39 92 1.34 0
21:49 749.3 -2.44 92 1.79 0
21:50 749.3 -2.39 92 2.68 0
21:51 749.3 -2.39 92 2.24 0
21:52 749.05 -2.33 92 .45 0
21:53 749.3 -2.33 92 1.34 0
21:54 749.3 -2.33 92 1.79 0
21:55 749.3 -2.33 92 1.79 0
21:56 749.3 -2.33 92 2.68 0
21:57 749.3 -2.33 92 2.24 0
21:58 749.3 -2.33 92 1.79 0
21:59 749.05 -2.33 92 3.58 0
22:00 749.05 -2.33 92 .89 0
22:01 749.05 -2.33 92 3.13 0
22:02 749.05 -2.33 92 1.34 0
22:03 749.05 -2.28 92 3.13 0
22:04 749.05 -2.33 92 2.24 0
22:05 749.05 -2.33 92 2.68 0
22:06 749.05 -2.28 92 2.68 0
22:07 749.05 -2.28 92 1.79 0
22:08 749.05 -2.33 92 1.34 0
22:09 749.05 -2.28 92 1.34 0
22:10 749.05 -2.28 92 4.47 0
22:11 749.05 -2.28 92 2.24 0
22:12 749.05 -2.22 92 3.58 0
22:13 749.05 -2.28 92 2.68 0
22:14 749.05 -2.22 92 2.24 0
22:15 749.05 -2.22 92 2.24 0
22:16 749.05 -2.22 92 1.79 0
22:17 749.05 -2.22 92 2.68 0
22:18 749.05 -2.22 92 3.58 0
22:19 749.05 -2.17 92 2.24 0
22:20 749.05 -2.17 92 4.47 0
22:21 749.05 -2.17 92 2.68 0
22:22 749.05 -2.17 92 2.68 0
22:23 749.05 -2.11 92 2.24 0
22:24 749.05 -2.11 92 4.02 0
22:25 749.05 -2.17 92 3.13 0
22:26 749.05 -2.11 92 1.34 0
22:27 749.05 -2.11 91 1.34 0
22:28 749.05 -2.06 91 3.58 0
22:29 749.3 -2.06 92 2.24 0
22:30 749.3 -2.06 92 2.24 0
22:31 749.3 -2.06 92 .89 0
22:32 749.3 -2.06 92 2.68 0
22:33 749.05 -2.06 92 3.58 0
22:34 749.05 -2 92 3.13 0
22:35 749.3 -2 92 3.13 0
22:36 749.05 -2 92 3.58 0
22:37 749.05 -2 91 4.02 0
22:38 749.05 -2 91 3.58 0
22:39 749.05 -2 91 1.34 0
22:40 749.05 -1.94 91 .89 0
22:41 749.05 -1.94 91 1.34 0
22:42 748.79 -1.94 91 1.79 0
22:43 748.79 -1.94 91 2.24 0
22:44 748.79 -1.94 91 1.79 0
22:45 749.05 -1.94 91 2.24 0
22:46 749.05 -1.94 91 2.68 0
22:47 749.05 -1.94 91 2.68 0
22:48 749.05 -1.94 91 1.79 0
22:49 749.05 -1.94 91 2.68 0
22:50 749.05 -1.94 91 2.68 0
22:51 749.05 -1.94 91 2.24 0
22:52 749.05 -1.94 91 2.24 0
22:53 749.05 -1.94 91 3.58 0
22:54 749.05 -1.94 91 3.58 0
22:55 749.05 -1.89 91 3.58 0
22:56 749.05 -1.89 91 2.68 0
22:57 749.05 -1.94 91 4.02 0
22:58 748.79 -1.89 91 1.79 0
22:59 748.79 -1.89 91 3.58 0
23:00 748.79 -1.89 91 .89 0
23:01 748.79 -1.89 91 1.34 0
23:02 748.79 -1.89 91 1.79 0
23:03 748.79 -1.89 91 3.58 0
23:04 748.79 -1.89 91 3.13 0
23:05 748.79 -1.89 91 3.58 0
23:06 748.79 -1.89 91 4.02 0
23:07 748.79 -1.89 91 2.68 0
23:08 748.79 -1.89 91 3.58 0
23:09 748.79 -1.89 91 3.58 0
23:10 748.79 -1.89 91 3.13 0
23:11 748.79 -1.89 91 3.13 0
23:12 748.79 -1.89 91 1.79 0
23:13 748.79 -1.89 91 4.92 0
23:14 748.79 -1.89 91 4.02 0
23:15 748.79 -1.89 91 4.47 0
23:16 748.79 -1.83 90 2.68 0
23:17 748.79 -1.83 90 1.34 0
23:18 748.79 -1.83 90 4.02 0
23:19 748.79 -1.89 90 1.79 0
23:20 749.05 -1.83 90 3.13 0
23:21 748.79 -1.83 90 3.13 0
23:22 748.79 -1.83 90 2.24 0
23:23 748.79 -1.78 90 1.79 0
23:24 748.79 -1.78 91 2.68 0
23:25 748.79 -1.78 91 2.68 0
23:26 748.79 -1.78 91 4.02 0
23:27 748.79 -1.78 91 4.02 0
23:28 748.79 -1.78 90 2.24 0
23:29 748.79 -1.78 90 2.68 0
23:30 748.79 -1.78 90 1.79 0
23:31 748.79 -1.78 90 2.68 0
23:32 748.79 -1.78 90 3.13 0
23:33 748.79 -1.78 90 2.24 0
23:34 748.79 -1.78 90 5.81 0
23:35 748.79 -1.78 90 3.13 0
23:36 748.79 -1.78 90 1.79 0
23:37 748.79 -1.78 90 2.24 0
23:38 748.79 -1.78 90 4.02 0
23:39 748.79 -1.78 90 2.24 0
23:40 748.79 -1.72 90 1.79 0
23:41 748.79 -1.72 90 2.68 0
23:42 748.79 -1.72 90 1.79 0
23:43 748.79 -1.78 90 3.13 0
23:44 748.79 -1.78 90 4.02 0
23:45 748.79 -1.78 90 1.79 0
23:46 748.79 -1.72 90 2.24 0
23:47 748.79 -1.72 90 1.34 0
23:48 748.79 -1.72 90 4.02 0
23:49 748.79 -1.72 90 2.24 0
23:50 748.79 -1.72 90 3.58 0
23:51 748.79 -1.72 90 .89 0
23:52 748.79 -1.72 90 1.34 0
23:53 748.79 -1.72 90 4.47 0
23:54 748.79 -1.72 90 4.47 0
23:55 748.79 -1.72 90 1.79 0
23:56 748.79 -1.72 90 2.68 0
23:57 748.79 -1.72 90 1.79 0
23:58 748.79 -1.72 90 1.34 0
23:59 748.79 -1.67 90 1.79 0
