00:00 755.4 12.28 70 1.79 0
00:01 755.4 12.28 70 4.02 0
00:02 755.4 12.28 70 3.58 0
00:03 755.4 12.28 70 2.68 0
00:04 756.67 12.5 60 3.13 0
00:05 755.4 12.28 70 3.13 0
00:06 755.4 12.28 70 .89 0
00:07 755.4 12.22 70 2.24 0
00:08 755.4 12.22 70 2.68 0
00:09 756.67 12.5 60 3.13 0
00:10 755.4 12.17 70 .45 0
00:11 755.4 12.17 70 1.34 0
00:12 755.4 12.17 70 1.34 0
00:13 755.4 12.11 70 2.24 0
00:14 755.4 12.11 70 2.68 0
00:15 756.67 12.5 60 3.13 0
00:16 755.4 12.11 70 1.34 0
00:17 755.4 12.11 70 2.24 0
00:18 755.4 12.06 70 1.34 0
00:19 756.67 12.5 60 2.68 0
00:20 755.4 12.06 70 2.24 0
00:21 755.4 12.06 70 .45 0
00:22 755.4 12.06 70 1.34 0
00:23 756.67 12.39 60 3.13 0
00:24 755.4 12.06 70 .89 0
00:25 755.4 12 70 1.34 0
00:26 755.4 12 70 2.24 0
00:27 755.4 12 70 1.34 0
00:28 755.4 12 70 2.68 0
00:29 755.4 12 70 2.24 0
00:30 755.4 12 70 1.79 0
00:31 755.4 12 70 2.68 0
00:32 756.67 12.22 60 3.13 0
00:33 755.4 11.94 70 1.79 0
00:34 755.4 11.94 71 2.24 0
00:35 755.4 11.94 71 .89 0
00:36 756.67 12.22 60 2.68 0
00:37 755.4 11.94 71 2.68 0
00:38 755.4 11.89 71 2.24 0
00:39 755.4 11.89 71 2.68 0
00:40 755.4 11.89 71 2.24 0
00:41 755.4 11.83 71 4.47 0
00:42 755.4 11.89 71 4.02 0
00:43 755.14 11.89 71 1.34 0
00:44 756.67 12.17 60 2.68 0
00:45 755.4 11.83 70 2.24 0
00:46 755.4 11.83 70 2.24 0
00:47 756.67 12.06 60 2.68 0
00:48 755.4 11.83 70 .89 0
00:49 755.4 11.78 71 1.34 0
00:50 755.4 11.83 71 .89 0
00:51 755.4 11.78 71 3.13 0
00:52 755.4 11.78 71 1.79 0
00:53 755.4 11.78 71 2.24 0
00:54 755.4 11.72 71 3.13 0
00:55 755.4 11.78 71 2.24 0
00:56 756.67 12.06 60 2.68 0
00:57 755.4 11.72 71 2.24 0
00:58 756.67 12.06 60 4.47 0
00:59 755.4 11.67 71 1.79 0
01:00 755.4 11.67 71 2.68 0
01:01 756.67 12 61 1.79 0
01:02 755.4 11.67 71 2.68 0
01:03 755.4 11.67 71 1.34 0
01:04 755.4 11.67 71 2.24 0
01:05 755.4 11.67 71 1.79 0
01:06 755.4 11.61 71 1.79 0
01:07 755.4 11.61 71 1.79 0
01:08 755.4 11.61 71 1.34 0
01:09 755.4 11.61 71 1.79 0
01:10 755.4 11.56 71 .89 0
01:11 755.4 11.56 71 2.24 0
01:12 756.67 11.89 61 2.24 0
01:13 755.4 11.56 71 2.68 0
01:14 755.4 11.56 71 3.13 0
01:15 755.4 11.56 71 2.24 0
01:16 755.4 11.56 71 1.79 0
01:17 756.67 11.83 61 1.79 0
01:18 755.4 11.56 71 1.79 0
01:19 755.4 11.56 71 1.34 0
01:20 755.4 11.56 71 1.34 0
01:21 756.67 11.83 61 2.24 0
01:22 755.4 11.56 71 .45 0
01:23 756.67 11.83 61 1.79 0
01:24 755.4 11.5 71 .89 0
01:25 755.14 11.44 71 1.79 0
01:26 755.4 11.44 71 1.34 0
01:27 755.4 11.44 71 2.68 0
01:28 755.4 11.44 71 0 0
01:29 755.4 11.44 71 1.34 0
01:30 755.4 11.39 71 1.34 0
01:31 755.4 11.39 71 1.34 0
01:32 755.4 11.39 71 1.79 0
01:33 755.4 11.39 71 1.34 0
01:34 755.4 11.39 71 1.79 0
01:35 755.4 11.39 71 .89 0
01:36 755.4 11.39 71 1.79 0
01:37 755.4 11.39 71 .89 0
01:38 755.4 11.33 71 .89 0
01:39 755.4 11.33 71 .89 0
01:40 755.4 11.33 71 1.34 0
01:41 755.4 11.28 71 .89 0
01:42 755.4 11.28 72 1.34 0
01:43 755.4 11.28 72 .89 0
01:44 755.4 11.22 72 .89 0
01:45 755.4 11.22 72 1.79 0
01:46 755.4 11.22 72 .45 0
01:47 755.4 11.22 72 .45 0
01:48 756.67 11.5 62 .45 0
01:49 755.4 11.17 72 1.34 0
01:50 755.4 11.11 72 .89 0
01:51 755.4 11.11 72 1.34 0
01:52 755.4 11.11 72 .89 0
01:53 755.4 11.06 72 .89 0
01:54 755.4 11.06 72 .89 0
01:55 755.4 11 72 .89 0
01:56 755.4 11 72 .45 0
01:57 755.4 11 72 .89 0
01:58 755.4 10.94 72 .89 0
01:59 755.4 10.89 72 .89 0
02:00 755.4 10.89 72 1.34 0
02:01 755.4 10.83 72 1.34 0
02:02 755.4 10.83 73 .89 0
02:03 755.4 10.83 73 1.34 0
02:04 755.4 10.78 73 .89 0
02:05 755.4 10.78 73 1.34 0
02:06 755.4 10.78 73 1.34 0
02:07 755.4 10.78 72 1.79 0
02:08 756.67 11.11 64 1.34 0
02:09 755.4 10.72 72 1.34 0
02:10 755.4 10.72 72 .89 0
02:11 756.67 11 64 .89 0
02:12 755.4 10.78 72 .89 0
02:13 755.4 10.72 72 .89 0
02:14 755.4 10.72 72 .89 0
02:15 755.4 10.72 72 .45 0
02:16 755.4 10.67 72 2.24 0
02:17 755.4 10.72 72 1.34 0
02:18 755.4 10.67 73 2.24 0
02:19 755.4 10.67 73 .89 0
02:20 755.4 10.67 73 .89 0
02:21 755.4 10.67 73 .89 0
02:22 755.4 10.61 73 1.34 0
02:23 756.67 10.83 65 1.34 0
02:24 755.4 10.56 73 .89 0
02:25 755.4 10.56 73 .89 0
02:26 755.4 10.56 73 .89 0
02:27 755.4 10.56 73 1.34 0
02:28 755.4 10.56 73 1.34 0
02:29 755.4 10.56 73 .89 0
02:30 755.4 10.56 73 1.34 0
02:31 755.4 10.5 73 1.34 0
02:32 755.14 10.5 73 1.79 0
02:33 755.14 10.5 73 1.34 0
02:34 755.4 10.5 73 .89 0
02:35 755.14 10.5 73 .89 0
02:36 755.14 10.44 73 1.34 0
02:37 755.14 10.5 73 .89 0
02:38 755.14 10.44 73 1.34 0
02:39 755.4 10.44 73 1.34 0
02:40 755.14 10.44 73 1.34 0
02:41 755.14 10.44 73 1.34 0
02:42 755.14 10.44 73 .89 0
02:43 755.14 10.44 73 .89 0
02:44 755.14 10.44 73 1.34 0
02:45 755.14 10.39 73 .89 0
02:46 755.4 10.39 73 1.79 0
02:47 755.14 10.39 73 1.34 0
02:48 755.14 10.39 73 1.34 0
02:49 755.14 10.39 73 2.24 0
02:50 756.41 10.5 66 1.34 0
02:51 755.14 10.39 73 1.79 0
02:52 755.14 10.39 73 .89 0
02:53 755.14 10.39 73 .89 0
02:54 755.14 10.33 73 1.79 0
02:55 755.14 10.33 73 4.02 0
02:56 755.14 10.33 73 1.79 0
02:57 755.14 10.39 73 1.79 0
02:58 755.14 10.39 73 1.79 0
02:59 755.14 10.39 73 1.79 0
03:00 755.14 10.39 73 2.68 0
03:01 755.14 10.39 73 .89 0
03:02 755.14 10.39 73 1.79 0
03:03 755.14 10.39 73 .89 0
03:04 755.14 10.39 73 2.24 0
03:05 756.41 10.5 66 1.34 0
03:06 755.14 10.39 73 1.79 0
03:07 755.14 10.33 73 .45 0
03:08 755.14 10.39 73 .89 0
03:09 755.14 10.33 73 1.79 0
03:10 756.41 10.5 66 .89 0
03:11 755.14 10.33 73 2.24 0
03:12 755.14 10.39 73 .45 0
03:13 755.14 10.33 73 1.79 0
03:14 755.14 10.33 73 .89 0
03:15 755.14 10.33 73 1.34 0
03:16 756.41 10.44 66 1.34 0
03:17 755.14 10.33 73 1.34 0
03:18 755.14 10.28 73 1.34 0
03:19 755.14 10.33 73 1.34 0
03:20 755.14 10.33 73 1.34 0
03:21 755.14 10.28 73 2.24 0
03:22 755.14 10.33 73 .89 0
03:23 755.14 10.28 73 1.79 0
03:24 755.4 10.28 73 .89 0
03:25 755.14 10.28 73 .45 0
03:26 755.14 10.22 73 1.34 0
03:27 755.14 10.28 73 1.34 0
03:28 755.4 10.28 73 .89 0
03:29 755.4 10.28 73 .89 0
03:30 755.14 10.28 73 .89 0
03:31 755.14 10.22 73 2.68 0
03:32 755.14 10.22 73 1.34 0
03:33 756.67 10.5 65 .89 0
03:34 755.14 10.17 73 .89 0
03:35 755.4 10.17 73 1.79 0
03:36 756.67 10.5 65 .89 0
03:37 755.4 10.22 73 .89 0
03:38 755.4 10.17 73 1.79 0
03:39 755.14 10.17 73 .89 0
03:40 755.4 10.22 73 1.34 0
03:41 756.67 10.44 65 1.34 0
03:42 755.14 10.22 73 1.79 0
03:43 755.14 10.22 73 1.34 0
03:44 755.14 10.22 73 1.79 0
03:45 755.4 10.22 73 1.34 0
03:46 755.14 10.22 73 .45 0
03:47 755.14 10.22 73 .89 0
03:48 755.14 10.17 73 .89 0
03:49 755.14 10.17 73 .89 0
03:50 755.14 10.17 73 1.79 0
03:51 756.41 10.44 65 1.79 0
03:52 755.14 10.11 73 1.79 0
03:53 755.14 10.11 73 .89 0
03:54 755.14 10.11 73 2.24 0
03:55 755.14 10.06 73 1.79 0
03:56 755.14 10.06 73 1.79 0
03:57 755.14 10.06 73 .45 0
03:58 755.14 10.06 73 .89 0
03:59 755.14 10.06 73 1.79 0
04:00 755.14 10.06 73 .89 0
04:01 755.14 10.06 73 1.79 0
04:02 755.14 10.06 73 .89 0
04:03 755.14 10.06 73 .89 0
04:04 755.14 10.06 73 2.68 0
04:05 755.14 10.06 73 1.34 0
04:06 755.14 10.06 73 2.24 0
04:07 755.14 10 73 .89 0
04:08 755.14 10 73 1.79 0
04:09 755.14 10 73 2.24 0
04:10 755.14 10 73 .45 0
04:11 755.14 10 73 .45 0
04:12 755.14 10 73 1.34 0
04:13 755.14 10 73 .89 0
04:14 755.14 9.94 73 1.34 0
04:15 755.14 10 73 1.79 0
04:16 755.14 9.94 73 1.34 0
04:17 755.14 9.94 73 2.68 0
04:18 755.14 9.94 73 .89 0
04:19 755.14 9.94 73 2.24 0
04:20 755.14 9.94 73 2.24 0
04:21 755.14 9.94 73 1.34 0
04:22 755.14 9.94 73 2.68 0
04:23 755.14 9.94 73 3.13 0
04:24 755.14 9.94 73 1.79 0
04:25 755.14 9.94 73 2.24 0
04:26 755.14 9.89 73 1.79 0
04:27 755.14 9.94 73 .89 0
04:28 755.14 9.89 73 1.34 0
04:29 755.14 9.89 73 .89 0
04:30 755.14 9.89 73 1.34 0
04:31 755.14 9.89 73 .89 0
04:32 755.14 9.83 73 .89 0
04:33 755.14 9.83 73 .89 0
04:34 755.14 9.83 73 2.24 0
04:35 755.14 9.78 73 1.34 0
04:36 755.14 9.78 73 .89 0
04:37 755.14 9.78 73 .45 0
04:38 755.14 9.78 73 1.34 0
04:39 755.14 9.72 73 1.79 0
04:40 755.14 9.78 73 .89 0
04:41 755.14 9.72 74 1.79 0
04:42 754.89 9.67 74 1.79 0
04:43 755.14 9.67 74 .89 0
04:44 755.14 9.67 74 .89 0
04:45 755.14 9.67 74 1.79 0
04:46 755.14 9.61 74 1.79 0
04:47 755.14 9.61 74 1.34 0
04:48 755.14 9.61 74 .89 0
04:49 755.14 9.61 74 1.34 0
04:50 755.14 9.56 74 .45 0
04:51 755.14 9.56 74 .89 0
04:52 755.14 9.56 74 .45 0
04:53 756.41 9.78 67 1.79 0
04:54 755.14 9.5 74 1.79 0
04:55 755.14 9.5 74 .45 0
04:56 755.14 9.5 74 2.68 0
04:57 755.14 9.44 74 1.79 0
04:58 755.14 9.44 74 2.24 0
04:59 755.14 9.39 74 3.13 0
05:00 755.14 9.44 74 1.79 0
05:01 755.14 9.44 74 1.34 0
05:02 754.89 9.44 74 .89 0
05:03 754.89 9.44 74 .89 0
05:04 754.89 9.39 74 1.34 0
05:05 755.14 9.39 74 1.34 0
05:06 754.89 9.39 74 .45 0
05:07 755.14 9.39 74 1.34 0
05:08 754.89 9.33 74 .45 0
05:09 754.89 9.33 74 2.24 0
05:10 754.89 9.33 74 .89 0
05:11 756.41 9.56 68 .45 0
05:12 754.89 9.33 74 1.79 0
05:13 754.89 9.28 74 .45 0
05:14 754.89 9.33 74 .89 0
05:15 754.89 9.28 74 1.34 0
05:16 756.16 9.56 67 0 0
05:17 754.89 9.22 74 .45 0
05:18 754.89 9.22 74 .89 0
05:19 756.16 9.56 67 0 0
05:20 754.89 9.22 74 1.34 0
05:21 754.89 9.17 74 1.79 0
05:22 756.16 9.44 68 0 0
05:23 754.89 9.17 74 .45 0
05:24 754.89 9.17 74 1.79 0
05:25 754.89 9.17 74 .89 0
05:26 754.89 9.06 74 1.79 0
05:27 754.89 9.06 74 .89 0
05:28 754.89 9.06 74 1.34 0
05:29 754.89 9.06 74 1.34 0
05:30 754.89 9 75 .89 0
05:31 754.89 9 75 .89 0
05:32 756.16 9.39 68 0 0
05:33 754.89 9 75 .45 0
05:34 754.89 8.94 75 .89 0
05:35 754.89 8.94 75 .89 0
05:36 754.89 8.94 75 2.68 0
05:37 754.89 8.89 75 1.34 0
05:38 754.89 8.94 75 .89 0
05:39 754.89 8.89 75 2.24 0
05:40 754.89 8.89 75 1.79 0
05:41 754.89 8.89 75 2.24 0
05:42 756.16 9.22 68 1.79 0
05:43 754.89 8.89 75 .45 0
05:44 754.89 8.89 75 .89 0
05:45 754.89 8.89 75 1.34 0
05:46 754.89 8.89 75 1.34 0
05:47 754.89 8.83 75 1.79 0
05:48 754.89 8.83 75 .45 0
05:49 754.89 8.83 75 1.79 0
05:50 754.63 8.78 75 1.79 0
05:51 754.89 8.83 75 1.79 0
05:52 756.16 9.22 68 2.24 0
05:53 754.63 8.78 75 1.34 0
05:54 754.89 8.78 75 1.79 0
05:55 754.63 8.78 75 1.34 0
05:56 754.63 8.78 75 1.79 0
05:57 754.63 8.78 75 1.79 0
05:58 754.63 8.78 75 .89 0
05:59 754.63 8.72 75 1.34 0
06:00 754.63 8.72 75 2.24 0
06:01 755.9 9.11 68 1.79 0
06:02 754.63 8.72 75 1.79 0
06:03 754.63 8.72 75 .89 0
06:04 754.63 8.67 75 1.34 0
06:05 754.89 8.72 75 1.79 0
06:06 754.63 8.67 75 .89 0
06:07 754.63 8.67 75 2.24 0
06:08 754.63 8.72 75 .45 0
06:09 754.63 8.72 75 2.24 0
06:10 754.63 8.67 75 1.79 0
06:11 754.63 8.72 75 2.24 0
06:12 754.63 8.67 75 .89 0
06:13 755.9 9.06 68 0 0
06:14 754.63 8.67 75 1.79 0
06:15 754.63 8.67 75 1.79 0
06:16 754.63 8.67 75 1.79 0
06:17 754.63 8.61 75 1.34 0
06:18 754.63 8.67 75 .89 0
06:19 754.63 8.61 75 .45 0
06:20 754.63 8.61 75 1.34 0
06:21 754.63 8.61 75 .89 0
06:22 754.63 8.56 75 .89 0
06:23 754.63 8.56 75 2.24 0
06:24 754.63 8.56 75 1.79 0
06:25 754.63 8.5 75 1.79 0
06:26 754.63 8.44 75 1.34 0
06:27 754.63 8.44 75 2.24 0
06:28 754.63 8.44 75 1.79 0
06:29 754.63 8.44 75 1.79 0
06:30 754.63 8.44 75 1.79 0
06:31 754.63 8.39 76 3.13 0
06:32 754.63 8.39 76 1.34 0
06:33 755.9 8.78 69 1.34 0
06:34 754.63 8.33 76 .89 0
06:35 754.63 8.28 76 1.79 0
06:36 754.63 8.28 76 2.24 0
06:37 754.63 8.28 76 .89 0
06:38 754.63 8.28 76 .89 0
06:39 755.9 8.78 69 2.68 0
06:40 754.63 8.28 76 2.24 0
06:41 754.63 8.28 76 2.68 0
06:42 754.63 8.28 76 2.24 0
06:43 754.63 8.33 75 1.79 0
06:44 754.63 8.28 75 .89 0
06:45 754.63 8.33 75 1.79 0
06:46 755.9 8.78 68 2.24 0
06:47 754.63 8.33 75 1.79 0
06:48 754.63 8.33 75 1.34 0
06:49 754.63 8.33 75 1.79 0
06:50 754.63 8.28 75 1.79 0
06:51 755.9 8.78 68 .89 0
06:52 754.63 8.33 75 .89 0
06:53 754.63 8.33 75 1.79 0
06:54 754.63 8.33 75 2.24 0
06:55 754.63 8.33 75 1.79 0
06:56 755.9 8.72 68 2.24 0
06:57 754.63 8.33 75 .89 0
06:58 755.9 8.72 68 2.24 0
06:59 754.63 8.33 75 1.79 0
07:00 754.63 8.33 75 1.79 0
07:01 754.63 8.33 75 1.34 0
07:02 754.63 8.33 75 .45 0
07:03 754.63 8.39 75 .89 0
07:04 754.63 8.33 75 1.79 0
07:05 754.63 8.33 75 .45 0
07:06 755.9 8.61 69 0 0
07:07 754.63 8.33 75 .89 0
07:08 755.9 8.61 69 2.68 0
07:09 754.63 8.33 75 .89 0
07:10 754.63 8.33 75 .45 0
07:11 754.63 8.33 75 2.24 0
07:12 754.63 8.33 75 .89 0
07:13 754.63 8.33 75 2.24 0
07:14 755.9 8.72 68 1.79 0
07:15 754.63 8.39 75 2.68 0
07:16 754.63 8.44 75 2.24 0
07:17 754.63 8.44 75 1.79 0
07:18 754.63 8.44 75 .89 0
07:19 754.63 8.5 75 .89 0
07:20 754.63 8.5 75 .45 0
07:21 754.63 8.5 74 3.58 0
07:22 754.63 8.56 74 1.79 0
07:23 754.63 8.61 74 1.79 0
07:24 754.63 8.61 74 1.34 0
07:25 755.9 8.89 67 2.24 0
07:26 754.63 8.67 74 .89 0
07:27 754.63 8.67 74 .45 0
07:28 754.63 8.67 74 1.79 0
07:29 754.63 8.67 74 .45 0
07:30 755.9 8.94 67 1.34 0
07:31 754.63 8.72 74 .89 0
07:32 754.63 8.72 74 1.79 0
07:33 754.63 8.72 74 1.34 0
07:34 754.63 8.72 74 2.24 0
07:35 754.63 8.78 74 .89 0
07:36 754.63 8.78 74 .89 0
07:37 754.63 8.78 74 1.79 0
07:38 754.63 8.78 74 .45 0
07:39 754.63 8.83 74 .89 0
07:40 754.63 8.83 74 3.13 0
07:41 754.63 8.83 74 1.34 0
07:42 754.63 8.89 74 1.34 0
07:43 754.63 8.83 74 .89 0
07:44 754.63 8.89 74 .45 0
07:45 754.63 8.89 74 .45 0
07:46 754.63 8.89 74 .89 0
07:47 754.63 8.89 74 .89 0
07:48 754.63 8.89 74 1.79 0
07:49 754.63 8.89 74 .89 0
07:50 754.63 8.94 74 .89 0
07:51 754.63 8.94 74 3.13 0
07:52 754.63 8.94 73 1.79 0
07:53 754.63 8.94 73 .89 0
07:54 754.63 8.94 73 .45 0
07:55 755.9 9.39 66 2.68 0
07:56 754.63 9 73 2.24 0
07:57 754.63 9 73 2.24 0
07:58 754.63 9 73 .89 0
07:59 755.9 9.39 65 .89 0
08:00 754.63 9 73 2.24 0
08:01 755.9 9.39 65 1.79 0
08:02 754.63 9.06 73 1.79 0
08:03 754.63 9.11 73 .89 0
08:04 755.9 9.39 65 4.47 0
08:05 754.63 9.17 73 .89 0
08:06 754.63 9.22 73 1.79 0
08:07 754.63 9.22 72 4.02 0
08:08 754.63 9.28 72 1.79 0
08:09 754.63 9.28 72 2.24 0
08:10 755.9 9.39 65 .45 0
08:11 754.63 9.33 72 3.58 0
08:12 754.63 9.33 72 2.24 0
08:13 754.63 9.33 72 1.79 0
08:14 754.63 9.39 72 .45 0
08:15 755.9 9.39 65 2.68 0
08:16 754.63 9.44 72 2.24 0
08:17 755.9 9.44 65 4.02 0
08:18 754.63 9.5 72 .89 0
08:19 755.9 9.44 64 1.79 0
08:20 754.63 9.56 71 1.79 0
08:21 754.63 9.61 71 1.34 0
08:22 754.63 9.61 71 1.34 0
08:23 755.9 9.44 65 .45 0
08:24 754.63 9.67 71 1.34 0
08:25 754.63 9.67 71 2.24 0
08:26 754.63 9.72 71 1.79 0
08:27 754.63 9.78 71 1.34 0
08:28 754.63 9.78 71 1.34 0
08:29 754.63 9.78 71 3.13 0
08:30 754.63 9.78 71 2.24 0
08:32 754.63 9.83 71 .45 0
08:34 754.63 9.83 71 4.02 0
08:35 754.63 9.83 71 2.24 0
08:37 755.9 9.61 64 3.13 0
08:38 754.63 9.83 70 .89 0
08:39 754.63 9.89 71 .89 0
08:40 754.63 9.89 71 1.34 0
08:41 754.63 9.94 70 1.34 0
08:42 754.63 9.94 70 2.24 0
08:43 754.63 10 70 0 0
08:44 754.63 10.06 70 1.79 0
08:45 754.63 10.06 70 1.79 0
08:46 755.9 9.78 63 3.13 0
08:47 754.63 10.11 70 2.24 0
08:48 755.9 9.83 63 4.02 0
08:49 754.63 10.22 70 3.58 0
08:50 754.63 10.17 70 1.79 0
08:51 755.9 9.83 63 4.02 0
08:52 754.63 10.22 70 3.13 0
08:53 754.63 10.22 70 2.24 0
08:54 754.63 10.28 70 2.24 0
08:55 754.63 10.28 70 .89 0
08:56 754.63 10.33 70 1.79 0
08:57 754.63 10.33 70 .89 0
08:58 754.63 10.39 70 2.68 0
08:59 754.63 10.39 69 1.79 0
09:00 754.63 10.44 70 .89 0
09:01 754.63 10.44 70 2.68 0
09:02 754.63 10.44 69 1.79 0
09:03 755.9 10.17 62 3.13 0
09:04 754.63 10.5 69 .45 0
09:05 754.63 10.61 69 2.24 0
09:06 755.9 10.33 61 1.79 0
09:07 754.63 10.67 69 2.24 0
09:08 754.63 10.72 69 .45 0
09:09 755.9 10.44 61 .89 0
09:10 754.63 10.78 69 1.79 0
09:11 754.63 10.83 69 3.13 0
09:12 754.63 10.94 69 .45 0
09:13 755.9 10.44 61 2.68 0
09:14 754.63 10.94 69 1.79 0
09:15 754.63 11 68 1.79 0
09:16 754.63 11 68 1.79 0
09:17 754.63 11 68 1.79 0
09:18 754.63 11 68 3.13 0
09:19 755.65 10.67 60 1.79 0
09:20 754.63 11 68 1.79 0
09:21 754.63 10.94 68 2.68 0
09:22 754.63 10.94 68 1.34 0
09:23 754.63 10.94 68 1.79 0
09:24 754.63 10.94 68 .89 0
09:25 754.63 11 69 2.68 0
09:26 754.38 11.06 68 3.58 0
09:27 754.63 11.11 68 1.79 0
09:28 754.63 11.17 68 .45 0
09:29 755.65 11 58 2.68 0
09:30 754.63 11.22 68 3.13 0
09:31 754.38 11.28 67 1.34 0
09:32 754.38 11.33 68 .89 0
09:33 754.63 11.39 68 2.24 0
09:34 754.63 11.44 67 .89 0
09:35 754.38 11.56 67 1.79 0
09:36 754.63 11.56 67 2.68 0
09:37 754.38 11.61 67 2.24 0
09:38 755.65 11.33 57 4.02 0
09:39 754.63 11.67 66 3.58 0
09:40 755.65 11.33 56 4.92 0
09:41 754.63 11.67 66 1.79 0
09:42 754.63 11.67 66 2.24 0
09:43 754.63 11.67 66 1.79 0
09:44 754.38 11.72 66 3.13 0
09:45 754.63 11.72 66 3.13 0
09:46 754.63 11.72 66 1.34 0
09:47 754.63 11.72 66 3.13 0
09:48 755.65 11.5 56 2.24 0
09:49 754.38 11.83 66 1.34 0
09:50 754.38 11.83 65 1.34 0
09:51 754.63 11.89 66 3.13 0
09:52 754.63 11.94 66 1.34 0
09:53 754.63 11.94 66 1.79 0
09:54 754.38 12 65 2.68 0
09:55 755.65 11.78 55 1.79 0
09:56 754.63 11.94 65 2.68 0
09:57 754.38 12 65 2.68 0
09:58 755.65 11.89 54 4.47 0
09:59 754.38 12.11 64 1.79 0
10:00 754.63 12.11 64 1.34 0
10:01 754.63 12.11 64 2.24 0
10:02 754.38 12.17 65 3.13 0
10:03 755.65 12.17 54 4.47 0
10:04 754.38 12.28 64 2.68 0
10:05 754.38 12.33 64 1.79 0
10:06 754.38 12.39 64 2.24 0
10:07 755.65 12.22 54 4.47 0
10:08 754.38 12.44 64 2.68 0
10:09 754.38 12.5 64 2.24 0
10:10 755.65 12.33 53 4.02 0
10:11 754.38 12.5 64 .45 0
10:12 754.38 12.56 64 1.79 0
10:13 755.65 12.33 53 4.47 0
10:14 754.38 12.61 63 1.79 0
10:15 755.65 12.39 53 3.58 0
10:16 754.38 12.72 63 1.79 0
10:17 755.65 12.39 52 2.24 0
10:18 754.38 12.78 63 3.13 0
10:19 754.38 12.83 62 1.79 0
10:20 754.38 12.89 62 1.34 0
10:21 754.38 12.94 62 1.79 0
10:22 754.38 13 62 1.79 0
10:23 754.38 13.06 62 1.79 0
10:24 754.38 13.11 61 3.13 0
10:25 755.65 12.89 50 4.47 0
10:26 754.13 13.17 61 2.24 0
10:27 754.38 13.22 61 3.13 0
10:28 755.65 13 50 2.24 0
10:29 754.38 13.22 61 2.68 0
10:30 754.38 13.22 61 1.79 0
10:31 754.13 13.33 61 1.79 0
10:32 754.13 13.33 61 3.13 0
10:33 755.65 13.17 49 4.92 0
10:34 754.38 13.33 60 1.34 0
10:35 754.38 13.28 60 3.58 0
10:36 754.38 13.33 60 1.34 0
10:37 755.65 13.22 49 2.24 0
10:38 754.38 13.33 59 3.58 0
10:39 754.38 13.33 60 3.58 0
10:40 754.38 13.5 59 3.13 0
10:41 754.38 13.44 59 .89 0
10:42 755.65 13.39 48 3.58 0
10:43 754.13 13.61 60 1.34 0
10:44 754.13 13.56 59 4.02 0
10:45 754.38 13.5 59 1.79 0
10:46 754.13 13.89 59 2.24 0
10:47 754.13 14.06 58 6.26 0
10:48 754.13 14.11 57 4.47 0
10:49 754.13 14.11 57 3.58 0
10:50 754.13 14.17 57 3.58 0
10:51 755.4 13.94 46 2.68 0
10:52 754.13 14.17 57 4.02 0
10:53 755.4 14.11 45 1.34 0
10:54 754.13 14.17 56 2.24 0
10:55 754.13 14.28 57 3.13 0
10:56 754.13 14.33 57 2.68 0
10:57 755.4 14.22 45 2.68 0
10:58 754.13 14.33 56 .89 0
10:59 755.4 14.28 45 1.34 0
11:00 754.13 14.44 57 2.68 0
11:01 754.13 14.56 56 2.68 0
11:02 754.13 14.61 55 .89 0
11:03 754.13 14.61 55 3.13 0
11:04 754.13 14.67 55 1.79 0
11:05 754.13 14.67 55 5.36 0
11:06 754.13 14.72 55 .89 0
11:07 754.13 14.78 55 2.68 0
11:08 754.13 14.78 55 1.79 0
11:09 754.13 14.83 55 5.36 0
11:10 754.13 14.78 54 3.58 0
11:11 754.13 14.78 55 3.13 0
11:12 754.13 14.78 54 2.24 0
11:13 754.13 14.78 55 3.13 0
11:14 754.13 14.72 55 .89 0
11:15 754.13 14.78 55 4.92 0
11:16 754.13 14.72 55 2.68 0
11:17 754.13 14.78 55 3.13 0
11:18 754.13 14.72 55 4.02 0
11:19 754.13 14.72 55 4.02 0
11:20 754.13 14.72 55 2.68 0
11:21 754.13 14.72 55 3.58 0
11:22 754.13 14.67 55 3.58 0
11:23 754.13 14.67 55 2.68 0
11:24 754.13 14.67 55 1.34 0
11:25 754.13 14.72 55 1.79 0
11:26 754.13 14.72 56 2.68 0
11:27 754.13 14.78 55 2.68 0
11:28 754.13 14.83 55 2.68 0
11:29 754.13 14.83 55 4.02 0
11:30 754.13 14.83 54 3.13 0
11:31 754.13 14.83 55 3.13 0
11:32 754.13 14.78 55 3.58 0
11:33 754.13 14.78 55 2.24 0
11:34 754.13 14.78 55 3.58 0
11:35 754.13 14.83 55 1.34 0
11:36 754.13 14.83 55 .45 0
11:37 754.13 14.83 55 1.34 0
11:38 754.13 14.94 56 3.13 0
11:39 754.13 15 56 .45 0
11:40 754.13 15.11 56 2.24 0
11:41 754.13 15.22 55 4.47 0
11:42 754.13 15.28 54 3.13 0
11:43 754.13 15.28 54 1.79 0
11:44 754.13 15.28 54 .89 0
11:45 754.13 15.28 54 2.24 0
11:46 754.13 15.28 54 2.24 0
11:47 754.13 15.33 54 4.47 0
11:48 754.13 15.33 54 1.79 0
11:49 754.13 15.39 55 2.24 0
11:50 754.13 15.39 54 4.02 0
11:51 754.13 15.39 54 3.58 0
11:52 754.13 15.39 53 3.13 0
11:53 754.13 15.44 53 3.13 0
11:54 754.13 15.44 53 4.47 0
11:55 754.13 15.44 53 4.02 0
11:56 754.13 15.44 53 1.34 0
11:57 754.13 15.5 53 2.68 0
11:58 754.13 15.56 53 3.58 0
11:59 754.13 15.56 54 2.24 0
12:00 754.13 15.67 53 2.68 0
12:01 754.13 15.72 53 3.58 0
12:02 754.13 15.78 52 1.79 0
12:03 754.13 15.83 53 3.13 0
12:04 754.13 15.89 52 3.13 0
12:05 754.13 15.94 52 4.47 0
12:06 754.13 16.06 52 3.13 0
12:07 754.13 16.06 51 3.13 0
12:08 754.13 16.11 51 4.47 0
12:09 754.13 16.11 51 4.02 0
12:10 754.13 16.11 51 3.58 0
12:11 754.13 16.17 51 3.58 0
12:12 753.87 16.17 51 5.36 0
12:13 754.13 16.28 51 4.47 0
12:14 754.13 16.28 50 2.68 0
12:15 753.87 16.28 50 3.58 0
12:16 753.87 16.28 51 3.58 0
12:17 753.87 16.28 51 4.02 0
12:18 753.87 16.28 50 4.02 0
12:19 754.13 16.33 50 4.02 0
12:20 753.87 16.33 50 3.58 0
12:21 753.87 16.39 50 1.79 0
12:22 753.87 16.44 51 5.36 0
12:23 753.87 16.5 50 4.02 0
12:24 753.87 16.56 50 2.24 0
12:25 753.87 16.56 50 2.68 0
12:26 753.87 16.61 50 3.58 0
12:27 753.87 16.61 50 3.13 0
12:28 753.87 16.61 50 4.02 0
12:29 753.87 16.61 50 4.02 0
12:30 753.87 16.61 50 3.13 0
12:31 753.87 16.67 51 2.24 0
12:32 753.87 16.72 51 4.02 0
12:33 753.87 16.83 50 1.79 0
12:34 753.87 16.89 50 2.24 0
12:35 753.87 16.94 50 3.13 0
12:36 753.87 17 49 7.15 0
12:37 753.87 17 49 3.58 0
12:38 753.87 17 49 4.02 0
12:39 753.62 17 48 1.79 0
12:40 753.87 17 49 2.24 0
12:41 753.87 17 49 3.13 0
12:42 753.62 17.06 48 1.34 0
12:43 753.62 17.06 49 2.68 0
12:44 753.62 17.06 48 6.26 0
12:45 753.62 17.11 48 6.26 0
12:46 753.62 17.06 48 4.47 0
12:47 753.62 17.06 48 4.02 0
12:48 753.62 17.06 48 6.26 0
12:49 753.62 17.06 48 4.92 0
12:50 753.62 17.06 48 4.02 0
12:51 753.62 17.06 48 4.02 0
12:52 753.62 17.06 48 1.34 0
12:53 753.62 17.17 48 2.24 0
12:54 753.62 17.22 48 4.02 0
12:55 753.62 17.28 48 4.02 0
12:56 753.62 17.28 47 3.58 0
12:57 753.62 17.33 48 2.24 0
12:58 753.62 17.33 48 2.68 0
12:59 753.62 17.33 47 1.34 0
13:00 753.62 17.39 48 4.02 0
13:01 753.62 17.39 48 5.81 0
13:02 753.62 17.39 47 1.79 0
13:03 753.62 17.39 48 2.68 0
13:04 753.62 17.44 48 4.02 0
13:05 753.62 17.44 48 4.02 0
13:06 753.62 17.44 48 2.68 0
13:07 753.62 17.44 48 3.13 0
13:08 753.62 17.44 48 4.02 0
13:09 753.62 17.5 48 4.92 0
13:10 753.62 17.56 48 2.24 0
13:11 753.62 17.56 48 4.47 0
13:12 753.62 17.56 47 2.68 0
13:13 753.62 17.61 47 2.68 0
13:14 753.62 17.56 47 1.34 0
13:15 753.62 17.61 48 4.02 0
13:16 753.62 17.61 47 1.79 0
13:17 753.62 17.67 47 2.68 0
13:18 753.62 17.67 47 2.24 0
13:19 753.62 17.72 47 4.47 0
13:20 753.62 17.78 47 3.13 0
13:21 753.62 17.78 46 4.92 0
13:22 753.62 17.83 45 3.13 0
13:23 753.62 17.83 45 2.24 0
13:24 753.62 17.83 46 1.79 0
13:25 753.62 17.89 46 2.24 0
13:26 753.62 17.89 46 4.02 0
13:27 753.62 17.89 46 1.79 0
13:28 753.62 17.94 46 1.79 0
13:29 753.62 18 46 4.02 0
13:30 753.62 18.11 45 3.13 0
13:31 753.62 18.11 44 2.24 0
13:32 753.62 18.11 45 .89 0
13:33 753.62 18.17 45 3.13 0
13:34 753.62 18.17 43 3.13 0
13:35 753.62 18.17 43 3.13 0
13:36 753.62 18.17 43 2.68 0
13:37 753.62 18.17 43 2.68 0
13:38 753.62 18.17 44 4.02 0
13:39 753.62 18.22 43 5.36 0
13:40 753.62 18.17 43 2.24 0
13:41 753.62 18.17 43 3.13 0
13:42 753.62 18.17 43 3.13 0
13:43 753.62 18.17 43 6.26 0
13:44 753.62 18.17 43 4.47 0
13:45 753.62 18.06 43 4.47 0
13:46 753.62 18.06 43 4.92 0
13:47 753.62 18.06 43 4.02 0
13:48 753.62 18.06 43 2.68 0
13:49 753.62 18.06 43 5.36 0
13:50 753.62 18.11 43 5.36 0
13:51 753.62 18.06 43 2.68 0
13:52 753.62 18.17 43 4.92 0
13:53 753.62 18.06 42 4.92 0
13:54 753.62 18.11 42 5.81 0
13:55 753.62 18.11 42 6.26 0
13:56 753.62 18.17 42 2.68 0
13:57 753.62 18.22 42 1.79 0
13:58 753.62 18.22 42 3.58 0
13:59 753.62 18.28 42 4.92 0
14:00 753.36 18.28 41 3.13 0
14:01 753.62 18.33 42 1.34 0
14:02 753.62 18.39 42 3.13 0
14:03 753.36 18.44 41 4.47 0
14:04 753.36 18.44 42 7.15 0
14:05 753.36 18.44 41 4.02 0
14:06 753.62 18.44 41 4.92 0
14:07 753.62 18.44 41 4.92 0
14:08 753.36 18.39 41 5.81 0
14:09 753.62 18.39 41 5.36 0
14:10 753.62 18.39 41 .89 0
14:11 753.36 18.39 42 1.34 0
14:12 753.36 18.39 42 1.34 0
14:13 753.36 18.44 42 4.47 0
14:14 753.36 18.56 41 3.58 0
14:15 753.36 18.61 41 4.92 0
14:16 753.36 18.61 41 5.36 0
14:17 753.36 18.61 41 1.79 0
14:18 753.36 18.61 42 3.13 0
14:19 753.36 18.61 41 4.47 0
14:20 753.36 18.61 42 6.26 0
14:21 753.36 18.61 41 4.47 0
14:22 753.36 18.61 41 3.58 0
14:23 753.36 18.56 42 3.58 0
14:24 753.36 18.56 42 3.13 0
14:25 753.36 18.56 42 5.81 0
14:26 753.36 18.56 42 3.58 0
14:27 753.36 18.5 42 4.92 0
14:28 753.36 18.56 42 3.58 0
14:29 753.36 18.56 42 4.47 0
14:30 753.36 18.56 43 4.47 0
14:31 753.36 18.5 43 4.02 0
14:32 753.36 18.5 43 4.02 0
14:33 753.36 18.56 43 4.02 0
14:34 753.36 18.56 43 3.13 0
14:35 753.36 18.56 43 1.79 0
14:36 753.11 18.56 43 1.34 0
14:37 753.36 18.61 44 3.58 0
14:38 753.36 18.61 43 4.02 0
14:39 753.36 18.61 43 4.92 0
14:40 753.36 18.56 43 1.79 0
14:41 753.36 18.56 44 3.58 0
14:42 753.36 18.56 44 3.58 0
14:43 753.36 18.56 44 1.79 0
14:44 753.36 18.61 44 1.34 0
14:45 753.11 18.61 44 4.02 0
14:46 753.36 18.61 44 4.02 0
14:47 753.11 18.61 44 .45 0
14:48 753.11 18.67 44 2.68 0
14:49 753.11 18.67 44 2.24 0
14:50 753.11 18.72 44 1.79 0
14:51 753.11 18.72 44 2.24 0
14:52 753.11 18.72 44 2.24 0
14:53 753.11 18.72 44 2.68 0
14:54 753.11 18.78 44 3.13 0
14:55 753.11 18.83 44 1.79 0
14:56 753.11 18.89 43 4.47 0
14:57 753.11 18.89 42 4.92 0
14:58 753.11 18.83 41 4.47 0
14:59 753.11 18.83 40 5.81 0
15:00 753.11 18.89 41 1.79 0
15:01 753.11 18.83 41 2.68 0
15:02 752.86 18.89 41 5.36 0
15:03 753.11 18.89 41 5.81 0
15:04 753.11 18.89 41 3.58 0
15:05 753.11 18.94 41 3.58 0
15:06 752.86 18.94 40 3.58 0
15:07 752.86 18.94 40 4.02 0
15:08 752.86 19 41 .89 0
15:09 752.86 19 41 3.58 0
15:10 752.86 19.06 42 4.02 0
15:11 752.86 19.06 41 4.02 0
15:12 752.86 19.06 42 3.58 0
15:13 752.86 19.06 42 2.68 0
15:14 752.86 19.06 42 4.02 0
15:15 752.86 19.11 42 4.47 0
15:16 752.86 19.11 41 1.34 0
15:17 752.86 19.11 42 2.24 0
15:18 752.86 19.17 41 3.13 0
15:19 753.11 19.17 42 4.02 0
15:20 752.86 19.17 40 1.79 0
15:21 752.86 19.17 41 6.71 0
15:22 752.86 19.17 41 3.13 0
15:23 752.86 19.22 40 3.13 0
15:24 752.86 19.22 40 6.26 0
15:25 752.86 19.22 40 3.58 0
15:26 752.86 19.22 39 2.68 0
15:27 752.86 19.22 39 5.36 0
15:28 752.86 19.17 39 4.02 0
15:29 752.86 19.17 38 5.81 0
15:30 752.86 19.17 38 2.24 0
15:31 752.86 19.17 38 3.13 0
15:32 752.86 19.17 38 3.13 0
15:33 752.86 19.17 38 2.68 0
15:34 752.86 19.17 38 4.92 0
15:35 752.86 19.17 38 1.79 0
15:36 752.86 19.17 38 4.47 0
15:37 753.11 19.22 38 4.92 0
15:38 752.86 19.17 38 3.13 0
15:39 752.86 19.17 38 2.24 0
15:40 752.86 19.17 38 3.13 0
15:41 752.86 19.17 38 4.02 0
15:42 752.86 19.17 38 4.47 0
15:43 752.86 19.17 38 3.58 0
15:44 752.86 19.17 37 4.92 0
15:45 752.86 19.17 37 2.68 0
15:46 752.86 19.17 38 1.79 0
15:47 752.86 19.11 38 2.68 0
15:48 752.86 19.17 38 3.58 0
15:49 752.86 19.11 38 2.68 0
15:50 752.86 19.11 38 3.58 0
15:51 752.86 19.11 38 5.36 0
15:52 752.86 19.11 38 3.58 0
15:53 752.86 19.11 38 2.68 0
15:54 752.86 19.11 38 2.68 0
15:55 752.86 19.11 38 3.13 0
15:56 752.86 19.11 38 3.13 0
15:57 752.86 19.17 38 2.68 0
15:58 752.86 19.17 38 4.47 0
15:59 752.86 19.17 38 4.92 0
16:00 752.86 19.17 38 2.68 0
16:01 752.86 19.17 38 3.13 0
16:02 752.86 19.17 38 4.47 0
16:03 752.86 19.17 38 3.13 0
16:04 752.86 19.17 38 4.47 0
16:05 752.86 19.17 38 2.24 0
16:06 752.86 19.11 38 3.13 0
16:07 752.86 19.17 38 4.92 0
16:08 752.86 19.11 38 1.79 0
16:09 752.86 19.11 38 2.24 0
16:10 752.86 19.17 38 2.68 0
16:11 752.86 19.11 38 1.79 0
16:12 752.86 19.11 38 4.02 0
16:13 752.6 19.11 38 2.24 0
16:14 752.86 19.11 38 2.68 0
16:15 752.6 19.06 38 1.34 0
16:16 752.6 19.06 38 1.34 0
16:17 752.6 19.06 38 1.79 0
16:18 752.6 19.06 38 3.58 0
16:19 752.6 19 37 4.02 0
16:20 752.6 19 37 3.58 0
16:21 752.6 19 38 3.58 0
16:22 752.6 18.94 38 3.13 0
16:23 752.6 18.94 38 5.36 0
16:24 752.6 18.94 38 4.02 0
16:25 752.6 18.94 38 3.58 0
16:26 752.6 18.89 37 2.68 0
16:27 752.6 18.89 37 1.79 0
16:28 752.6 18.89 38 4.02 0
16:29 752.6 18.83 38 3.13 0
16:30 752.6 18.83 38 2.68 0
16:31 752.6 18.78 38 3.13 0
16:32 752.6 18.78 38 3.58 0
16:33 752.6 18.78 38 2.24 0
16:34 752.35 18.72 38 4.02 0
16:35 752.35 18.67 38 5.36 0
16:36 752.35 18.67 38 4.47 0
16:37 752.6 18.67 38 3.13 0
16:38 752.35 18.67 38 2.68 0
16:39 752.35 18.67 38 2.24 0
16:40 752.35 18.61 38 1.79 0
16:41 752.6 18.56 38 2.68 0
16:42 752.35 18.56 38 3.13 0
16:43 752.35 18.56 38 .89 0
16:44 752.35 18.5 39 3.58 0
16:45 752.35 18.5 38 3.58 0
16:46 752.35 18.5 39 2.24 0
16:47 752.35 18.44 39 3.13 0
16:48 752.35 18.44 38 3.13 0
16:49 752.35 18.44 38 4.47 0
16:50 752.35 18.39 38 4.02 0
16:51 752.35 18.39 39 4.92 0
16:52 752.35 18.33 39 1.79 0
16:53 752.35 18.33 39 4.47 0
16:54 752.35 18.33 39 3.13 0
16:55 752.35 18.33 39 4.02 0
16:56 752.35 18.28 38 2.68 0
16:57 752.35 18.33 39 3.58 0
16:58 752.35 18.33 38 2.68 0
16:59 752.35 18.28 39 .89 0
17:00 752.35 18.28 39 2.68 0
17:01 752.35 18.28 39 .89 0
17:02 752.35 18.28 39 2.24 0
17:03 752.35 18.22 39 1.79 0
17:04 752.35 18.22 39 3.13 0
17:05 752.35 18.22 39 1.34 0
17:06 752.35 18.22 39 2.24 0
17:07 752.35 18.17 39 1.79 0
17:08 752.35 18.17 39 2.68 0
17:09 752.35 18.17 39 1.34 0
17:10 752.35 18.11 39 4.47 0
17:11 752.35 18.11 39 3.58 0
17:12 752.35 18.06 39 3.13 0
17:13 752.35 18 39 1.79 0
17:14 752.35 18 40 2.24 0
17:15 752.35 18 40 1.79 0
17:16 752.35 17.94 40 1.79 0
17:17 752.35 17.94 40 1.79 0
17:18 752.35 17.89 40 2.24 0
17:19 752.35 17.83 40 3.58 0
17:20 752.35 17.83 40 3.13 0
17:21 752.35 17.78 40 2.24 0
17:22 752.35 17.78 41 3.58 0
17:23 752.35 17.72 40 4.02 0
17:24 752.35 17.72 41 2.24 0
17:25 752.35 17.72 41 2.68 0
17:26 752.35 17.67 41 2.24 0
17:27 752.35 17.67 41 4.92 0
17:28 752.35 17.61 41 3.13 0
17:29 752.35 17.61 41 2.24 0
17:30 752.35 17.56 41 3.13 0
17:31 752.35 17.56 41 1.34 0
17:32 752.35 17.56 41 .45 0
17:33 752.35 17.5 41 2.68 0
17:34 752.35 17.5 41 2.24 0
17:35 752.35 17.44 41 .45 0
17:36 752.35 17.39 41 .89 0
17:37 752.35 17.39 41 4.02 0
17:38 752.35 17.39 41 1.79 0
17:39 752.35 17.33 41 3.13 0
17:40 752.35 17.33 41 2.68 0
17:41 752.35 17.33 41 1.79 0
17:42 752.35 17.28 41 4.02 0
17:43 752.35 17.28 41 1.79 0
17:44 752.35 17.28 42 1.79 0
17:45 752.35 17.22 42 2.68 0
17:46 752.35 17.22 41 2.24 0
17:47 752.35 17.22 41 2.24 0
17:48 752.35 17.22 42 1.34 0
17:49 752.09 17.17 42 4.02 0
17:50 752.09 17.17 41 2.24 0
17:51 752.09 17.17 41 1.79 0
17:52 752.09 17.17 41 2.68 0
17:53 752.35 17.17 41 .45 0
17:54 752.09 17.17 41 2.68 0
17:55 752.09 17.17 41 4.47 0
17:56 752.35 17.17 41 1.34 0
17:57 752.35 17.17 41 2.68 0
17:58 752.35 17.17 41 2.68 0
17:59 752.35 17.17 41 .89 0
18:00 752.35 17.11 41 2.68 0
18:01 752.35 17.17 41 2.68 0
18:02 752.35 17.17 41 2.24 0
18:03 752.35 17.11 41 4.02 0
18:04 752.35 17.11 41 2.24 0
18:05 752.35 17.11 41 2.24 0
18:06 752.35 17.06 41 1.79 0
18:07 752.35 17.06 42 3.13 0
18:08 752.35 17.06 42 2.24 0
18:09 752.35 17 42 1.79 0
18:10 752.35 17 42 .89 0
18:11 752.35 17 42 2.24 0
18:12 752.35 16.94 42 2.68 0
18:13 752.35 16.89 42 4.02 0
18:14 752.35 16.94 42 4.92 0
18:15 752.35 16.89 42 1.34 0
18:16 752.35 16.89 42 1.79 0
18:17 752.35 16.89 42 2.24 0
18:18 752.35 16.89 42 2.24 0
18:19 752.35 16.83 42 1.79 0
18:20 752.35 16.83 42 3.13 0
18:21 752.35 16.83 42 1.79 0
18:22 752.35 16.78 42 2.24 0
18:23 752.35 16.78 42 3.13 0
18:24 752.35 16.78 42 3.13 0
18:25 752.35 16.78 42 4.92 0
18:26 752.35 16.78 42 2.24 0
18:27 752.35 16.78 42 1.79 0
18:28 752.35 16.78 42 3.13 0
18:29 752.35 16.78 42 3.58 0
18:30 752.35 16.78 42 2.24 0
18:31 752.35 16.78 42 2.68 0
18:32 752.35 16.78 42 4.47 0
18:33 752.35 16.72 42 1.79 0
18:34 752.35 16.72 42 4.02 0
18:35 752.35 16.72 42 3.13 0
18:36 752.35 16.72 42 3.13 0
18:37 752.35 16.72 42 2.24 0
18:38 752.35 16.67 42 2.24 0
18:39 752.35 16.67 42 2.24 0
18:40 752.35 16.61 42 2.68 0
18:41 752.35 16.61 42 3.58 0
18:42 752.35 16.61 42 4.02 0
18:43 752.35 16.61 43 4.47 0
18:44 752.35 16.56 43 2.68 0
18:45 752.35 16.5 43 3.13 0
18:46 752.35 16.5 43 1.34 0
18:47 752.35 16.5 43 3.58 0
18:48 752.35 16.5 43 3.58 0
18:49 752.35 16.44 43 5.36 0
18:50 752.35 16.44 43 2.68 0
18:51 752.35 16.44 43 3.13 0
18:52 752.35 16.44 43 3.13 0
18:53 752.35 16.39 43 3.13 0
18:54 752.35 16.33 43 3.13 0
18:55 752.35 16.33 43 2.24 0
18:56 752.35 16.33 44 3.13 0
18:57 752.35 16.28 43 3.13 0
18:58 752.35 16.28 43 2.68 0
18:59 752.35 16.28 43 2.68 0
19:00 752.35 16.22 43 1.34 0
19:01 752.35 16.22 44 3.13 0
19:02 752.35 16.22 44 4.02 0
19:03 752.35 16.17 44 2.24 0
19:04 752.35 16.17 44 1.79 0
19:05 752.35 16.11 44 3.13 0
19:06 752.09 16.11 44 3.13 0
19:07 752.35 16.11 44 1.79 0
19:08 752.09 16.06 44 3.58 0
19:09 752.09 16.06 44 3.13 0
19:10 752.35 16 44 3.58 0
19:11 752.09 16 44 2.68 0
19:12 752.09 16 44 2.24 0
19:13 752.09 15.94 44 5.36 0
19:14 752.09 15.94 44 3.58 0
19:15 752.35 15.94 44 3.13 0
19:16 752.09 15.89 45 2.68 0
19:17 752.09 15.89 45 3.58 0
19:18 752.09 15.89 45 3.13 0
19:19 752.35 15.83 45 2.24 0
19:20 752.09 15.83 45 2.24 0
19:21 752.35 15.78 45 2.24 0
19:22 752.09 15.72 45 2.24 0
19:23 752.09 15.67 45 2.68 0
19:24 752.09 15.72 45 2.24 0
19:25 752.35 15.67 45 2.24 0
19:26 752.09 15.61 45 3.13 0
19:27 752.09 15.61 45 1.79 0
19:28 752.09 15.56 45 1.34 0
19:29 752.09 15.56 45 1.79 0
19:30 752.09 15.56 45 3.13 0
19:31 752.09 15.56 45 1.79 0
19:32 752.35 15.5 46 1.79 0
19:33 752.09 15.5 46 1.79 0
19:34 752.09 15.5 46 2.68 0
19:35 752.09 15.44 46 2.24 0
19:36 752.09 15.44 46 2.24 0
19:37 752.09 15.44 46 2.24 0
19:38 752.09 15.44 46 .89 0
19:39 752.09 15.44 46 1.79 0
19:40 752.09 15.39 46 2.24 0
19:41 752.09 15.39 46 3.13 0
19:42 752.09 15.39 46 4.47 0
19:43 752.09 15.39 46 3.13 0
19:44 752.09 15.39 46 3.13 0
19:45 752.09 15.33 46 2.24 0
19:46 752.09 15.33 46 4.02 0
19:47 752.09 15.33 46 1.79 0
19:48 752.09 15.33 46 1.79 0
19:49 752.09 15.33 46 2.68 0
19:50 752.09 15.28 46 3.13 0
19:51 752.09 15.28 46 2.68 0
19:52 752.09 15.28 46 2.24 0
19:53 752.09 15.28 46 2.24 0
19:54 752.09 15.22 46 1.79 0
19:55 752.09 15.22 46 .89 0
19:56 752.09 15.22 46 1.79 0
19:57 752.09 15.22 46 2.68 0
19:58 752.09 15.22 46 2.68 0
19:59 752.09 15.17 46 3.58 0
20:00 752.09 15.17 46 4.92 0
20:01 752.09 15.17 46 3.58 0
20:02 752.09 15.17 46 2.24 0
20:03 752.09 15.17 46 2.68 0
20:04 752.09 15.11 46 .89 0
20:05 752.09 15.11 46 2.24 0
20:06 752.09 15.11 46 4.02 0
20:07 752.09 15.11 46 1.79 0
20:08 752.09 15.11 46 2.68 0
20:09 752.09 15.06 46 2.24 0
20:10 752.09 15.06 46 2.68 0
20:11 752.09 15.11 46 4.92 0
20:12 752.09 15.06 46 2.68 0
20:13 752.09 15.06 46 2.24 0
20:14 752.09 15.11 46 2.24 0
20:15 752.09 15.06 46 1.34 0
20:16 752.09 15.06 46 3.58 0
20:17 752.09 15.06 46 3.13 0
20:18 752.09 15.06 46 .89 0
20:19 752.09 15.06 46 2.68 0
20:20 752.09 15 46 2.68 0
20:21 752.09 15 46 2.24 0
20:22 752.09 15 46 2.24 0
20:23 752.09 14.94 46 2.68 0
20:24 752.09 15 46 1.34 0
20:25 752.09 14.94 46 3.13 0
20:26 752.09 14.94 46 3.58 0
20:27 752.09 15 46 3.13 0
20:28 752.09 14.94 46 1.34 0
20:29 752.09 14.94 46 2.24 0
20:30 752.09 14.94 46 .45 0
20:31 752.09 14.94 47 4.02 0
20:32 752.09 14.89 46 2.68 0
20:33 752.09 14.89 47 2.68 0
20:34 752.09 14.89 46 1.79 0
20:35 752.09 14.89 47 1.34 0
20:36 752.09 14.89 47 1.79 0
20:37 752.09 14.83 47 .89 0
20:38 752.09 14.83 47 4.02 0
20:39 752.09 14.83 47 2.68 0
20:40 752.09 14.83 47 2.68 0
20:41 752.09 14.83 47 2.68 0
20:42 752.09 14.83 47 2.24 0
20:43 752.09 14.83 47 2.68 0
20:44 752.09 14.83 47 2.24 0
20:45 752.09 14.83 47 2.68 0
20:46 752.09 14.78 47 .89 0
20:47 752.09 14.78 47 1.79 0
20:48 752.09 14.72 47 3.13 0
20:49 752.09 14.72 47 3.13 0
20:50 752.09 14.72 47 2.68 0
20:51 752.09 14.67 48 2.24 0
20:52 752.09 14.67 47 3.58 0
20:53 752.09 14.67 47 2.68 0
20:54 752.09 14.67 48 2.68 0
20:55 752.09 14.61 48 1.34 0
20:56 752.09 14.61 47 2.68 0
20:57 752.09 14.61 47 2.24 0
20:58 752.09 14.56 47 2.68 0
20:59 752.09 14.56 47 1.79 0
21:00 752.09 14.56 48 2.24 0
21:01 752.09 14.56 48 2.68 0
21:02 752.09 14.5 48 1.79 0
21:03 752.09 14.5 48 2.24 0
21:04 752.09 14.5 48 3.13 0
21:05 752.09 14.44 48 2.68 0
21:06 752.09 14.44 48 4.02 0
21:07 752.09 14.44 48 3.13 0
21:08 752.09 14.44 48 2.24 0
21:09 752.09 14.44 48 1.79 0
21:10 752.09 14.39 48 2.68 0
21:11 752.09 14.39 48 1.79 0
21:12 752.09 14.39 48 2.24 0
21:13 752.09 14.33 48 3.13 0
21:14 752.09 14.33 48 2.68 0
21:15 752.09 14.33 48 2.24 0
21:16 752.09 14.28 48 1.34 0
21:17 752.09 14.28 48 3.13 0
21:18 752.09 14.28 48 2.24 0
21:19 752.09 14.28 48 2.68 0
21:20 752.09 14.22 48 1.34 0
21:21 752.09 14.22 48 1.79 0
21:22 752.09 14.22 48 2.68 0
21:23 752.09 14.22 48 1.79 0
21:24 752.09 14.22 48 1.79 0
21:25 752.09 14.22 49 .89 0
21:26 752.09 14.17 49 4.02 0
21:27 752.09 14.17 49 2.24 0
21:28 752.09 14.17 49 1.79 0
21:29 752.09 14.17 49 1.79 0
21:30 752.09 14.11 49 2.68 0
21:31 752.09 14.17 49 3.13 0
21:32 752.09 14.11 48 1.79 0
21:33 752.09 14.06 48 3.13 0
21:34 752.09 14.06 49 2.68 0
21:35 752.09 14.06 49 1.79 0
21:36 752.09 14.06 49 2.24 0
21:37 752.09 14.06 49 2.24 0
21:38 752.09 14.06 49 3.13 0
21:39 752.09 14.06 49 2.68 0
21:40 752.09 14 49 1.79 0
21:41 752.09 14 49 3.13 0
21:42 752.09 14 49 3.58 0
21:43 752.09 13.94 49 .89 0
21:44 752.09 13.94 49 1.79 0
21:45 752.09 13.94 49 2.24 0
21:46 752.09 13.94 49 2.68 0
21:47 752.09 13.94 49 1.79 0
21:48 752.09 13.94 49 3.13 0
21:49 752.09 13.94 49 3.58 0
21:50 752.09 13.89 49 2.24 0
21:51 752.09 13.89 49 3.58 0
21:52 752.09 13.94 49 3.58 0
21:53 751.84 13.89 49 1.79 0
21:54 752.09 13.89 49 1.34 0
21:55 752.09 13.89 49 2.24 0
21:56 751.84 13.83 49 1.79 0
21:57 752.09 13.83 50 2.68 0
21:58 751.84 13.83 50 2.68 0
21:59 751.84 13.83 50 1.79 0
22:00 751.84 13.78 50 3.58 0
22:01 751.84 13.78 50 2.24 0
22:02 752.09 13.78 50 1.79 0
22:03 751.84 13.78 50 3.58 0
22:04 751.84 13.72 50 2.68 0
22:05 751.84 13.72 50 2.68 0
22:06 751.84 13.72 50 2.24 0
22:07 751.84 13.72 50 3.13 0
22:08 752.09 13.72 50 3.58 0
22:09 751.84 13.72 50 1.79 0
22:10 751.84 13.67 50 1.79 0
22:11 751.84 13.67 50 1.34 0
22:12 751.84 13.67 50 1.34 0
22:13 751.84 13.61 50 2.24 0
22:14 752.09 13.61 50 2.68 0
22:15 752.09 13.61 50 3.13 0
22:16 751.84 13.61 50 1.79 0
22:17 751.84 13.61 50 2.24 0
22:18 751.84 13.61 50 2.24 0
22:19 751.84 13.56 50 2.68 0
22:20 751.84 13.56 50 1.34 0
22:21 751.84 13.56 50 2.24 0
22:22 751.84 13.56 50 1.79 0
22:23 751.84 13.56 50 3.13 0
22:24 751.84 13.56 50 2.24 0
22:25 751.84 13.56 50 1.34 0
22:26 751.84 13.5 50 3.13 0
22:27 751.84 13.5 50 .45 0
22:28 751.84 13.5 50 3.58 0
22:29 751.84 13.5 50 2.24 0
22:30 751.84 13.5 50 .89 0
22:31 751.84 13.44 50 1.79 0
22:32 751.84 13.44 51 3.13 0
22:33 751.84 13.44 51 4.02 0
22:34 751.84 13.44 51 3.13 0
22:35 751.84 13.44 51 1.79 0
22:36 751.84 13.44 51 1.34 0
22:37 751.84 13.39 51 3.58 0
22:38 751.84 13.33 51 1.79 0
22:39 751.84 13.33 51 4.92 0
22:40 751.84 13.33 51 2.24 0
22:41 751.84 13.33 51 2.24 0
22:42 751.84 13.33 51 2.68 0
22:43 751.84 13.33 51 1.34 0
22:44 751.84 13.33 51 2.24 0
22:45 751.84 13.28 51 2.68 0
22:46 751.84 13.28 51 1.34 0
22:47 751.84 13.28 51 1.79 0
22:48 751.84 13.22 51 2.68 0
22:49 751.84 13.22 51 1.79 0
22:50 751.84 13.22 51 3.13 0
22:51 751.84 13.22 51 .89 0
22:52 751.84 13.17 51 3.58 0
22:53 752.09 13.17 51 1.79 0
22:54 751.84 13.17 51 .89 0
22:55 751.84 13.17 51 .45 0
22:56 751.84 13.17 51 2.24 0
22:57 751.84 13.17 52 1.79 0
22:58 751.84 13.17 52 2.24 0
22:59 751.84 13.11 52 2.24 0
23:00 751.84 13.11 52 2.24 0
23:01 751.84 13.06 52 .89 0
23:02 752.09 13.06 52 2.24 0
23:03 751.84 13.06 52 1.34 0
23:04 751.84 13.06 52 1.79 0
23:05 752.09 13.06 52 3.13 0
23:06 752.09 13.06 52 3.58 0
23:07 752.09 13 52 1.79 0
23:08 751.84 13 52 2.24 0
23:09 751.84 13 52 2.24 0
23:10 752.09 13 52 2.68 0
23:11 751.84 13 52 1.79 0
23:12 751.84 13 52 1.79 0
23:13 751.84 13 52 2.68 0
23:14 752.09 12.94 52 2.24 0
23:15 751.84 13 52 .89 0
23:16 751.84 12.94 52 .89 0
23:17 751.84 12.94 52 2.24 0
23:18 751.84 12.94 53 2.24 0
23:19 751.84 12.94 52 1.34 0
23:20 751.84 12.94 53 1.79 0
23:21 751.84 12.94 53 2.24 0
23:22 751.84 12.94 53 2.68 0
23:23 751.84 12.94 53 1.34 0
23:24 751.84 12.94 53 3.13 0
23:25 751.84 12.89 53 1.79 0
23:26 751.84 12.89 53 1.79 0
23:27 751.84 12.89 53 2.24 0
23:28 751.84 12.89 53 1.34 0
23:29 751.84 12.89 53 2.24 0
23:30 751.84 12.89 53 2.24 0
23:31 751.84 12.89 53 2.68 0
23:32 751.84 12.89 53 2.68 0
23:33 751.84 12.89 53 2.24 0
23:34 751.84 12.89 53 3.13 0
23:35 751.84 12.89 53 4.02 0
23:36 751.84 12.89 53 2.68 0
23:37 751.84 12.89 53 3.58 0
23:38 751.84 12.89 53 2.24 0
23:39 751.84 12.89 53 2.24 0
23:40 752.09 12.83 53 2.24 0
23:41 752.09 12.83 53 1.34 0
23:42 751.84 12.83 53 3.13 0
23:43 751.84 12.83 53 1.79 0
23:44 751.84 12.83 53 3.13 0
23:45 751.84 12.83 53 2.24 0
23:46 751.84 12.83 53 1.79 0
23:47 751.84 12.83 53 2.24 0
23:48 751.84 12.83 53 2.68 0
23:49 752.09 12.78 53 3.13 0
23:50 752.09 12.78 53 1.79 0
23:51 752.09 12.78 53 2.24 0
23:52 751.84 12.78 53 2.68 0
23:53 752.09 12.78 53 1.79 0
23:54 751.84 12.78 53 1.34 0
23:55 751.84 12.78 53 1.79 0
23:56 752.09 12.78 53 .45 0
23:57 752.09 12.72 53 3.13 0
23:58 751.84 12.72 53 3.13 0
23:59 752.09 12.78 53 2.24 0
