00:00 747.9 .7 87 4 0
00:01 747.9 .7 87 3.1 0
00:02 747.9 .7 87 1.8 0
00:03 747.9 .7 87 3.1 0
00:04 747.9 .7 87 2.7 0
00:05 747.9 .7 86 3.6 0
00:06 747.9 .7 86 2.7 0
00:07 747.9 .7 86 2.7 0
00:08 747.9 .7 86 2.7 0
00:09 747.9 .7 86 3.1 0
00:10 747.9 .7 86 3.1 0
00:11 747.9 .7 86 2.7 0
00:12 747.9 .7 86 4 0
00:13 747.9 .7 86 3.6 0
00:14 747.9 .7 86 2.2 0
00:15 748 .7 86 3.6 0
00:16 748 .7 85 3.6 0
00:17 748 .7 85 3.6 0
00:18 748 .7 85 3.6 0
00:19 748 .7 85 3.1 0
00:20 748 .7 85 2.7 0
00:21 748 .7 85 2.7 0
00:22 748 .7 85 4 0
00:23 748 .7 85 4 0
00:24 748 .7 85 3.6 0
00:25 748 .7 85 3.6 0
00:26 748 .7 85 2.2 0
00:27 748 .7 85 2.2 0
00:28 748 .7 85 4.9 0
00:29 748 .7 85 3.6 0
00:30 748.1 .7 85 3.1 0
00:31 748.1 .7 85 2.2 0
00:32 748.1 .7 85 3.6 0
00:33 748.1 .7 85 4 0
00:34 748.1 .7 85 2.2 0
00:35 748.1 .7 85 2.7 0
00:36 748.1 .7 85 2.7 0
00:37 748.1 .7 85 2.7 0
00:38 748.1 .7 85 2.7 0
00:39 748.1 .7 85 3.1 0
00:40 748.1 .7 85 3.1 0
00:41 748.1 .7 85 3.6 0
00:42 748.1 .7 85 4.5 0
00:43 748.1 .7 85 4 0
00:44 748.1 .7 85 2.7 0
00:45 748.2 .7 85 2.7 0
00:46 748.2 .7 85 2.7 0
00:47 748.2 .7 85 1.8 0
00:48 748.2 .7 85 2.2 0
00:49 748.2 .7 85 2.7 0
00:50 748.2 .7 85 2.2 0
00:51 748.2 .7 81 2.7 0
00:52 748.2 .7 84 2.7 0
00:53 748.2 .7 85 2.2 0
00:54 748.2 .7 84 2.7 0
00:55 748.2 .7 84 1.8 0
00:56 748.2 .7 85 1.8 0
00:57 748.2 .7 85 2.2 0
00:58 748.2 .7 85 2.2 0
00:59 748.2 .7 85 2.2 0
01:00 748.4 .7 85 3.6 0
01:01 748.4 .7 85 3.1 0
01:02 748.4 .7 85 2.7 0
01:03 748.4 .7 84 3.1 0
01:04 748.4 .7 84 2.7 0
01:05 748.4 .7 84 3.1 0
01:06 748.4 .7 84 4 0
01:07 748.4 .7 84 4 0
01:08 748.4 .7 84 3.1 0
01:09 748.4 .7 84 3.1 0
01:10 748.4 .7 84 3.6 0
01:11 748.4 .7 84 2.7 0
01:12 748.4 .8 84 3.1 0
01:13 748.4 .8 84 3.1 0
01:14 748.4 .8 84 3.6 0
01:15 748.5 .8 84 2.7 0
01:16 748.5 .8 84 2.2 0
01:17 748.5 .8 84 2.2 0
01:18 748.5 .8 84 2.2 0
01:19 748.5 .7 84 3.6 0
01:20 748.5 .7 84 4.5 0
01:21 748.5 .8 84 3.6 0
01:22 748.5 .8 84 3.1 0
01:23 748.5 .8 84 3.1 0
01:24 748.5 .8 84 4 0
01:25 748.5 .8 84 4 0
01:26 748.5 .8 84 4 0
01:27 748.5 .8 84 3.6 0
01:28 748.5 .8 84 4.9 0
01:29 748.5 .8 84 4 0
01:30 748.7 .8 84 4 0
01:31 748.7 .8 84 4.9 0
01:32 748.7 .8 84 2.7 0
01:33 748.7 .8 84 3.1 0
01:34 748.7 .8 84 4 0
01:35 748.7 .8 84 4.5 0
01:36 748.7 .8 84 3.6 0
01:37 748.7 .8 84 3.1 0
01:38 748.7 .8 85 3.6 0
01:39 748.7 .8 85 4.5 0
01:40 748.7 .8 85 4.5 0
01:41 748.7 .8 85 4.5 0
01:42 748.7 .8 85 4.5 0
01:43 748.7 .8 85 4.9 0
01:44 748.7 .8 85 4.5 0
01:45 748.7 .8 85 4 0
01:46 748.7 .8 89 4 0
01:47 748.7 .8 85 4.5 0
01:48 748.7 .8 85 3.6 0
01:49 748.7 .8 85 3.1 0
01:50 748.7 .8 85 4 0
01:51 748.7 .8 85 4 0
01:52 748.7 .8 85 4.5 0
01:53 748.7 .8 85 4.5 0
01:54 748.7 .8 85 4 0
01:55 748.7 .8 85 4 0
01:56 748.7 .8 85 3.6 0
01:57 748.7 .8 85 3.1 0
01:58 748.7 .8 85 4 0
01:59 748.7 .8 85 3.1 0
02:00 748.9 .8 85 3.1 0
02:01 748.9 .8 85 2.2 0
02:02 748.9 .8 85 2.7 0
02:03 748.9 .8 86 2.2 0
02:04 748.9 .8 86 3.6 0
02:05 748.9 .8 86 3.1 0
02:06 748.9 .7 86 4.5 0
02:07 748.9 .8 86 4.5 0
02:08 748.9 .8 86 3.6 0
02:09 748.9 .8 86 2.7 0
02:10 748.9 .8 86 2.7 0
02:11 748.9 .8 86 3.1 0
02:12 748.9 .7 86 3.1 0
02:13 748.9 .7 86 4 0
02:14 748.9 .7 86 2.2 0
02:15 749.1 .7 86 2.7 0
02:16 749.1 .7 86 3.6 0
02:17 749.1 .7 86 3.1 0
02:18 749.1 .7 86 3.6 0
02:19 749.1 .7 86 2.7 0
02:20 749.1 .7 86 3.6 0
02:21 749.1 .7 86 3.1 0
02:22 749.1 .7 86 2.7 0
02:23 749.1 .7 86 2.7 0
02:24 749.1 .7 86 3.1 0
02:25 749.1 .7 86 3.6 0
02:26 749.1 .7 86 2.7 0
02:27 749.1 .7 86 4.5 0
02:28 749.1 .7 86 4.9 0
02:29 749.1 .8 86 4 0
02:30 749.1 .8 86 4 0
02:31 749.1 .8 86 2.2 0
02:32 749.1 .8 86 3.1 0
02:33 749.1 .8 86 3.1 0
02:34 749.1 .8 86 2.2 0
02:35 749.1 .8 86 2.7 0
02:36 749.1 .7 86 3.6 0
02:37 749.1 .8 86 3.6 0
02:38 749.1 .8 86 3.1 0
02:39 749.1 .8 86 3.1 0
02:40 749.1 .8 86 3.1 0
02:41 749.1 .8 86 2.7 0
02:42 749.1 .8 86 3.1 0
02:43 749.1 .8 86 4 0
02:44 749.1 .8 86 3.6 0
02:45 749.1 .8 86 4.5 0
02:46 749.1 .8 86 3.1 0
02:47 749.1 .8 86 2.2 0
02:48 749.1 .8 86 4 0
02:49 749.1 .8 86 4.9 0
02:50 749.1 .8 86 4 0
02:51 749.1 .8 86 4 0
02:52 749.1 .8 86 3.6 0
02:53 749.1 .8 86 4.9 0
02:54 749.1 .8 86 3.1 0
02:55 749.1 .8 86 4.5 0
02:56 749.1 .8 86 3.6 0
02:57 749.1 .8 86 3.1 0
02:58 749.1 .8 86 3.1 0
02:59 749.1 .8 86 2.2 0
03:00 749.2 .8 86 3.6 0
03:01 749.2 .8 86 3.1 0
03:02 749.2 .8 86 3.1 0
03:03 749.2 .8 86 3.6 0
03:04 749.2 .8 86 2.2 0
03:05 749.2 .8 86 2.7 0
03:06 749.2 .8 86 4 0
03:07 749.2 .8 86 2.7 0
03:08 749.2 .8 86 3.6 0
03:09 749.2 .8 86 4 0
03:10 749.2 .8 86 3.1 0
03:11 749.2 .8 86 3.1 0
03:12 749.2 .8 86 4 0
03:13 749.2 .8 86 2.7 0
03:14 749.2 .8 86 3.1 0
03:15 749.3 .8 86 3.6 0
03:16 749.3 .8 86 3.6 0
03:17 749.3 .8 87 2.2 0
03:18 749.3 .8 86 2.7 0
03:19 749.3 .8 86 3.1 0
03:20 749.3 .8 86 3.1 0
03:21 749.3 .8 86 2.7 0
03:22 749.3 .8 86 4.5 0
03:23 749.3 .8 86 5.8 0
03:24 749.3 .8 86 4.5 0
03:25 749.3 .8 86 4.5 0
03:26 749.3 .8 86 3.1 0
03:27 749.3 .8 86 3.1 0
03:28 749.3 .8 86 3.6 0
03:29 749.3 .8 86 3.6 0
03:30 749.3 .8 86 3.1 0
03:31 749.3 .8 86 4 0
03:32 749.3 .8 86 3.1 0
03:33 749.3 .8 86 2.7 0
03:34 749.3 .8 86 3.1 0
03:35 749.3 .8 86 2.7 0
03:36 749.3 .8 86 3.6 0
03:37 749.3 .8 86 2.7 0
03:38 749.3 .8 86 4.5 0
03:39 749.3 .8 86 4 0
03:40 749.3 .8 86 2.7 0
03:41 749.3 .8 86 3.1 0
03:42 749.3 .8 86 2.2 0
03:43 749.3 .8 86 3.1 0
03:44 749.3 .8 86 2.7 0
03:45 749.4 .8 86 2.7 0
03:46 749.4 .8 87 3.1 0
03:47 749.4 .8 86 2.7 0
03:48 749.4 .8 87 2.7 0
03:49 749.4 .8 87 2.7 0
03:50 749.4 .8 87 3.1 0
03:51 749.4 .8 87 2.2 0
03:52 749.4 .8 87 1.8 0
03:53 749.4 .8 87 2.7 0
03:54 749.4 .8 87 2.2 0
03:55 749.4 .8 87 2.7 0
03:56 749.4 .8 87 2.2 0
03:57 749.4 .8 87 1.8 0
03:58 749.4 .8 87 2.2 0
03:59 749.4 .8 87 2.2 0
04:00 749.5 .8 86 3.1 0
04:01 749.5 .8 86 2.7 0
04:02 749.5 .8 86 2.2 0
04:03 749.5 .8 87 2.2 0
04:04 749.5 .8 87 1.8 0
04:05 749.5 .8 87 3.1 0
04:06 749.5 .8 86 3.6 0
04:07 749.5 .8 86 3.6 0
04:08 749.5 .8 86 4.5 0
04:09 749.5 .8 86 2.2 0
04:10 749.5 .8 86 1.8 0
04:11 749.5 .8 86 2.2 0
04:12 749.5 .8 86 3.6 0
04:13 749.5 .8 86 2.7 0
04:14 749.5 .8 86 1.3 0
04:15 749.5 .8 86 2.7 0
04:16 749.5 .8 86 1.3 0
04:17 749.5 .8 86 1.8 0
04:18 749.5 .8 86 2.7 0
04:19 749.5 .8 86 2.2 0
04:20 749.5 .7 87 1.8 0
04:21 749.5 .7 87 2.2 0
04:22 749.5 .7 87 1.8 0
04:23 749.5 .7 87 1.8 0
04:24 749.5 .7 87 2.7 0
04:25 749.5 .7 87 2.7 0
04:26 749.5 .7 87 1.8 0
04:27 749.5 .7 87 2.2 0
04:28 749.5 .7 87 2.2 0
04:29 749.5 .7 87 2.2 0
04:30 749.5 .7 87 2.7 0
04:31 749.5 .7 87 3.1 0
04:32 749.5 .7 87 4 0
04:33 749.5 .7 87 2.7 0
04:34 749.5 .7 87 2.2 0
04:35 749.5 .7 87 2.7 0
04:36 749.5 .7 87 2.2 0
04:37 749.5 .7 87 2.7 0
04:38 749.5 .7 87 2.7 0
04:39 749.5 .7 87 2.7 0
04:40 749.5 .7 87 3.1 0
04:41 749.5 .7 87 2.7 0
04:42 749.5 .7 87 3.1 0
04:43 749.5 .7 87 2.7 0
04:44 749.5 .7 87 2.7 0
04:45 749.5 .7 87 3.1 0
04:46 749.5 .7 87 3.1 0
04:47 749.5 .7 87 2.7 0
04:48 749.5 .7 87 2.2 0
04:49 749.5 .7 87 2.2 0
04:50 749.5 .7 87 2.2 0
04:51 749.5 .7 87 2.2 0
04:52 749.5 .7 87 2.2 0
04:53 749.5 .7 87 1.8 0
04:54 749.5 .7 87 2.7 0
04:55 749.5 .7 87 2.7 0
04:56 749.5 .7 87 1.8 0
04:57 749.5 .7 87 1.8 0
04:58 749.5 .7 87 1.8 0
04:59 749.5 .7 87 1.3 0
05:00 749.6 .7 87 .4 0
05:01 749.6 .7 87 1.8 0
05:02 749.6 .7 87 2.2 0
05:03 749.6 .7 87 .9 0
05:04 749.6 .7 87 1.8 0
05:05 749.6 .7 87 1.8 0
05:06 749.6 .7 87 1.8 0
05:07 749.6 .7 87 2.7 0
05:08 749.6 .7 87 1.8 0
05:09 749.6 .7 87 1.8 0
05:10 749.6 .7 87 2.2 0
05:11 749.6 .7 87 1.3 0
05:12 749.6 .7 87 2.2 0
05:13 749.6 .7 87 2.2 0
05:14 749.6 .7 87 2.2 0
05:15 749.6 .7 87 3.1 0
05:16 749.6 .7 87 2.2 0
05:17 749.6 .7 87 2.2 0
05:18 749.6 .7 87 2.7 0
05:19 749.6 .7 87 1.8 0
05:20 749.6 .7 87 1.8 0
05:21 749.6 .7 87 2.2 0
05:22 749.6 .7 87 2.2 0
05:23 749.6 .7 87 3.1 0
05:24 749.6 .7 87 2.2 0
05:25 749.6 .7 87 2.2 0
05:26 749.6 .7 87 2.7 0
05:27 749.6 .7 87 2.7 0
05:28 749.6 .7 87 2.7 0
05:29 749.6 .7 87 1.8 0
05:30 749.6 .7 87 1.3 0
05:31 749.6 .7 87 1.8 0
05:32 749.6 .7 86 1.3 0
05:33 749.6 .7 87 .9 0
05:34 749.6 .7 87 1.8 0
05:35 749.6 .7 87 2.2 0
05:36 749.6 .7 87 2.2 0
05:37 749.6 .7 87 1.8 0
05:38 749.6 .7 87 2.7 0
05:39 749.6 .7 86 2.2 0
05:40 749.6 .7 86 2.2 0
05:41 749.6 .8 86 3.1 0
05:42 749.6 .8 86 1.8 0
05:43 749.6 .8 86 1.8 0
05:44 749.6 .8 86 2.2 0
05:45 749.6 .8 86 1.8 0
05:46 749.6 .8 86 1.8 0
05:47 749.6 .8 86 2.7 0
05:48 749.6 .8 86 3.6 0
05:49 749.6 .8 86 2.2 0
05:50 749.6 .8 86 1.8 0
05:51 749.6 .8 86 2.2 0
05:52 749.6 .8 86 2.2 0
05:53 749.6 .8 86 2.2 0
05:54 749.6 .8 86 1.8 0
05:55 749.6 .8 86 1.8 0
05:56 749.6 .8 86 1.8 0
05:57 749.6 .8 86 1.8 0
05:58 749.6 .8 86 1.3 0
05:59 749.6 .8 86 1.3 0
06:00 749.7 .8 86 .9 0
06:01 749.7 .8 86 0 0
06:02 749.7 .8 86 .9 0
06:03 749.7 .8 86 2.2 0
06:04 749.7 .8 86 .9 0
06:05 749.7 .8 86 .4 0
06:06 749.7 .8 86 1.3 0
06:07 749.7 .8 86 .4 0
06:08 749.7 .8 86 1.3 0
06:09 749.7 .8 87 1.8 0
06:10 749.7 .7 87 1.8 0
06:11 749.7 .7 87 1.8 0
06:12 749.7 .7 87 1.3 0
06:13 749.7 .7 87 1.3 0
06:14 749.7 .7 87 1.3 0
06:15 749.6 .7 87 1.3 0
06:16 749.6 .7 87 .9 0
06:17 749.6 .7 87 .4 0
06:18 749.6 .7 87 .9 0
06:19 749.6 .7 87 1.8 0
06:20 749.6 .7 87 1.3 0
06:21 749.6 .7 87 1.3 0
06:22 749.6 .7 87 1.8 0
06:23 749.6 .7 87 1.8 0
06:24 749.6 .7 87 1.8 0
06:25 749.6 .7 87 2.2 0
06:26 749.6 .7 87 1.3 0
06:27 749.6 .7 87 1.8 0
06:28 749.6 .7 87 .9 0
06:29 749.6 .7 87 1.8 0
06:30 749.6 .7 87 2.2 0
06:31 749.6 .7 87 1.3 0
06:32 749.6 .7 87 .9 0
06:33 749.6 .7 87 2.2 0
06:34 749.6 .7 87 2.2 0
06:35 749.6 .7 87 2.2 0
06:36 749.6 .7 87 2.2 0
06:37 749.6 .7 87 .9 0
06:38 749.6 .7 87 1.8 0
06:39 749.6 .7 87 1.8 0
06:40 749.6 .7 87 .9 0
06:41 749.6 .7 87 1.8 0
06:42 749.6 .7 87 1.8 0
06:43 749.6 .7 87 1.3 0
06:44 749.6 .7 87 .4 0
06:45 749.6 .7 87 1.3 0
06:46 749.6 .7 87 1.8 0
06:47 749.6 .7 87 1.3 0
06:48 749.6 .7 87 2.2 0
06:49 749.6 .7 87 2.2 0
06:50 749.6 .7 87 1.8 0
06:51 749.6 .7 87 1.3 0
06:52 749.6 .7 87 2.2 0
06:53 749.6 .7 87 1.8 0
06:54 749.6 .7 87 1.3 0
06:55 749.6 .7 87 1.8 0
06:56 749.6 .7 87 2.2 0
06:57 749.6 .7 87 2.2 0
06:58 749.6 .7 87 2.2 0
06:59 749.6 .7 87 1.8 0
07:00 749.6 .7 87 2.2 0
07:01 749.6 .7 87 2.2 0
07:02 749.6 .7 87 .9 0
07:03 749.6 .7 87 .4 0
07:04 749.6 .7 87 .4 0
07:05 749.6 .7 87 1.8 0
07:06 749.6 .7 87 1.3 0
07:07 749.6 .7 87 1.8 0
07:08 749.6 .7 87 2.2 0
07:09 749.6 .7 87 2.7 0
07:10 749.6 .7 87 2.2 0
07:11 749.6 .7 87 2.7 0
07:12 749.6 .7 87 2.7 0
07:13 749.6 .6 87 2.2 0
07:14 749.6 .6 87 2.7 0
07:15 749.8 .6 87 2.2 0
07:16 749.8 .6 87 2.2 0
07:17 749.8 .6 87 1.8 0
07:18 749.8 .6 87 2.2 0
07:19 749.8 .6 87 2.7 0
07:20 749.8 .6 87 2.7 0
07:21 749.8 .6 87 2.2 0
07:22 749.8 .6 87 2.2 0
07:23 749.8 .6 87 1.8 0
07:24 749.8 .6 87 1.8 0
07:25 749.8 .6 87 2.2 0
07:26 749.8 .6 87 2.2 0
07:27 749.8 .6 87 2.7 0
07:28 749.8 .6 87 1.8 0
07:29 749.8 .6 87 3.1 0
07:30 749.9 .6 87 3.1 0
07:31 749.9 .6 87 3.6 0
07:32 749.9 .6 87 2.2 0
07:33 749.9 .6 87 2.2 0
07:34 749.9 .6 87 3.1 0
07:35 749.9 .6 87 2.2 0
07:36 749.9 .6 87 2.7 0
07:37 749.9 .6 87 2.7 0
07:38 749.9 .6 87 1.3 0
07:39 749.9 .6 87 2.7 0
07:40 749.9 .6 87 2.2 0
07:41 749.9 .6 87 1.8 0
07:42 749.9 .6 87 1.8 0
07:43 749.9 .6 87 1.8 0
07:44 749.9 .6 87 2.2 0
07:45 749.9 .6 87 1.8 0
07:46 749.9 .6 87 2.2 0
07:47 749.9 .6 87 1.8 0
07:48 749.9 .6 87 2.2 0
07:49 749.9 .6 87 2.2 0
07:50 749.9 .6 87 2.7 0
07:51 749.9 .6 87 2.2 0
07:52 749.9 .5 87 3.1 0
07:53 749.9 .5 87 2.7 0
07:54 749.9 .5 87 2.2 0
07:55 749.9 .5 87 2.7 0
07:56 749.9 .5 87 2.7 0
07:57 749.9 .5 87 2.2 0
07:58 749.9 .5 87 2.2 0
07:59 749.9 .5 87 1.8 0
08:00 749.9 .5 87 1.8 0
08:01 749.9 .5 87 2.2 0
08:02 749.9 .5 87 1.8 0
08:03 749.9 .5 87 2.2 0
08:04 749.9 .5 87 2.7 0
08:05 749.9 .5 87 3.1 0
08:06 749.9 .5 87 3.1 0
08:07 749.9 .5 87 2.7 0
08:08 749.9 .5 87 2.2 0
08:09 749.9 .5 87 1.8 0
08:10 749.9 .5 87 1.8 0
08:11 749.9 .5 87 2.2 0
08:12 749.9 .5 87 1.8 0
08:13 749.9 .5 87 2.7 0
08:14 749.9 .5 87 2.7 0
08:15 750.1 .4 87 2.7 0
08:16 750.1 .4 87 1.8 0
08:17 750.1 .4 87 1.8 0
08:18 750.1 .4 87 2.7 0
08:19 750.1 .4 87 3.1 0
08:20 750.1 .5 87 2.2 0
08:21 750.1 .5 87 1.3 0
08:22 750.1 .5 87 1.3 0
08:23 750.1 .5 87 2.2 0
08:24 750.1 .5 87 2.2 0
08:25 750.1 .5 87 1.8 0
08:26 750.1 .5 87 1.8 0
08:27 750.1 .5 87 1.8 0
08:28 750.1 .5 87 2.2 0
08:29 750.1 .5 87 1.8 0
08:30 750.2 .5 87 2.2 0
08:31 750.2 .5 87 2.7 0
08:32 750.2 .5 87 1.8 0
08:33 750.2 .5 87 1.8 0
08:34 750.2 .5 87 1.3 0
08:35 750.2 .5 87 2.2 0
08:36 750.2 .5 87 2.2 0
08:37 750.2 .5 87 2.7 0
08:38 750.2 .5 87 1.8 0
08:39 750.2 .5 87 2.2 0
08:40 750.2 .5 87 2.7 0
08:41 750.2 .5 87 1.8 0
08:42 750.2 .5 87 1.8 0
08:43 750.2 .5 87 1.3 0
08:44 750.2 .5 87 1.3 0
08:45 750.3 .5 87 1.8 0
08:46 750.3 .5 87 2.7 0
08:47 750.3 .6 87 2.2 0
08:48 750.3 .6 87 2.2 0
08:49 750.3 .6 87 2.2 0
08:50 750.3 .6 87 2.2 0
08:51 750.3 .6 87 2.2 0
08:52 750.3 .6 87 1.8 0
08:53 750.3 .6 87 1.3 0
08:54 750.3 .6 87 1.3 0
08:55 750.3 .6 87 1.8 0
08:56 750.3 .6 87 1.8 0
08:57 750.3 .6 87 1.8 0
08:58 750.3 .6 87 2.7 0
08:59 750.3 .6 87 1.8 0
09:00 750.3 .6 87 .9 0
09:01 750.3 .6 87 .9 0
09:02 750.3 .7 87 1.3 0
09:03 750.3 .7 87 .9 0
09:04 750.3 .7 87 1.3 0
09:05 750.3 .7 87 2.2 0
09:06 750.3 .7 87 1.8 0
09:07 750.3 .7 87 1.8 0
09:08 750.3 .7 87 2.2 0
09:09 750.3 .7 87 2.2 0
09:10 750.3 .7 87 2.2 0
09:11 750.3 .7 87 2.2 0
09:12 750.3 .7 87 3.6 0
09:13 750.3 .7 87 2.7 0
09:14 750.3 .7 87 2.2 0
09:15 750.3 .7 87 2.7 0
09:16 750.3 .7 87 2.2 0
09:17 750.3 .7 87 3.1 0
09:18 750.3 .7 87 2.7 0
09:19 750.3 .7 87 2.2 0
09:20 750.3 .7 87 2.7 0
09:21 750.3 .7 87 2.7 0
09:22 750.3 .7 87 2.2 0
09:23 750.3 .7 87 1.8 0
09:24 750.3 .7 87 1.8 0
09:25 750.3 .7 87 1.8 0
09:26 750.3 .7 86 2.2 0
09:27 750.3 .7 86 2.2 0
09:28 750.3 .7 86 2.7 0
09:29 750.3 .7 86 1.8 0
09:30 750.4 .7 86 2.2 0
09:31 750.4 .7 86 2.7 0
09:32 750.4 .7 86 1.8 0
09:33 750.4 .8 86 3.1 0
09:34 750.4 .8 86 2.2 0
09:35 750.4 .8 86 1.8 0
09:36 750.4 .8 86 1.8 0
09:37 750.4 .8 86 2.2 0
09:38 750.4 .8 86 1.8 0
09:39 750.4 .8 85 2.2 0
09:40 750.4 .8 86 2.2 0
09:41 750.4 .8 86 2.2 0
09:42 750.4 .8 86 1.8 0
09:43 750.4 .8 86 1.8 0
09:44 750.4 .8 86 2.7 0
09:45 750.5 .8 86 2.7 0
09:46 750.5 .8 86 1.8 0
09:47 750.5 .8 86 2.2 0
09:48 750.5 .8 86 2.2 0
09:49 750.5 .8 86 2.2 0
09:50 750.5 .8 86 3.6 0
09:51 750.5 .8 86 2.2 0
09:52 750.5 .8 86 2.7 0
09:53 750.5 .8 86 1.3 0
09:54 750.5 .8 86 3.6 0
09:55 750.5 .8 86 3.6 0
09:56 750.5 .8 86 2.7 0
09:57 750.5 .8 86 2.7 0
09:58 750.5 .8 86 3.1 0
09:59 750.5 .8 86 2.2 0
10:00 750.5 .8 86 2.2 0
10:01 750.5 .8 86 3.1 0
10:02 750.5 .8 87 2.2 0
10:03 750.5 .8 87 3.6 0
10:04 750.5 .8 87 2.7 0
10:05 750.5 .8 87 2.7 0
10:06 750.5 .8 87 2.7 0
10:07 750.5 .8 87 3.1 0
10:08 750.5 .8 87 2.2 0
10:09 750.5 .8 87 1.8 0
10:10 750.5 .8 87 3.6 0
10:11 750.5 .8 87 4 0
10:12 750.5 .8 87 2.2 0
10:13 750.5 .8 87 1.8 0
10:14 750.5 .8 87 1.3 0
10:15 750.6 .8 87 .9 0
10:16 750.6 .8 87 1.8 0
10:17 750.6 .8 87 2.7 0
10:18 750.6 .8 87 2.2 0
10:19 750.6 .8 87 2.2 0
10:20 750.6 .8 87 3.1 0
10:21 750.6 .8 87 2.7 0
10:22 750.6 .8 87 3.1 0
10:23 750.6 .8 87 1.8 0
10:24 750.6 .8 87 2.2 0
10:25 750.6 .8 87 2.7 0
10:26 750.6 .8 87 1.8 0
10:27 750.6 .8 87 1.3 0
10:28 750.6 .8 87 3.6 0
10:29 750.6 .9 87 3.6 0
10:30 750.6 .9 87 3.1 0
10:31 750.6 .9 87 2.7 0
10:32 750.6 .9 87 2.2 0
10:33 750.6 .9 87 2.2 0
10:34 750.6 .9 87 3.1 0
10:35 750.6 .9 87 3.1 0
10:36 750.6 .9 87 3.1 0
10:37 750.6 .9 87 2.2 0
10:38 750.6 1 87 2.2 0
10:39 750.6 1 87 2.2 0
10:40 750.6 1 87 3.6 0
10:41 750.6 1 87 2.7 0
10:42 750.6 1 87 2.2 0
10:43 750.6 1 87 2.2 0
10:44 750.6 1 87 2.2 0
10:45 750.7 1 87 2.2 0
10:46 750.7 1 87 2.7 0
10:47 750.7 1 87 3.1 0
10:48 750.7 1 87 2.7 0
10:49 750.7 1 87 4.5 0
10:50 750.7 1 87 4.5 0
10:51 750.7 1 87 3.6 0
10:52 750.7 1 86 3.1 0
10:53 750.7 1 86 2.2 0
10:54 750.7 1 86 2.7 0
10:55 750.7 1 86 2.2 0
10:56 750.7 1.1 86 2.2 0
10:57 750.7 1.1 86 2.2 0
10:58 750.7 1.1 86 2.2 0
10:59 750.7 1.1 86 2.2 0
11:00 750.7 1.1 86 2.2 0
11:01 750.7 1.1 86 4 0
11:02 750.7 1.1 86 2.7 0
11:03 750.7 1.2 86 2.7 0
11:04 750.7 1.2 86 2.7 0
11:05 750.7 1.2 86 1.8 0
11:06 750.7 1.2 86 3.6 0
11:07 750.7 1.2 86 3.1 0
11:08 750.7 1.2 86 2.2 0
11:09 750.7 1.2 86 1.8 0
11:10 750.7 1.2 86 1.3 0
11:11 750.7 1.2 86 1.8 0
11:12 750.7 1.2 85 3.1 0
11:13 750.7 1.2 85 3.1 0
11:14 750.7 1.2 85 2.2 0
11:15 750.7 1.2 85 2.2 0
11:16 750.7 1.2 85 3.1 0
11:17 750.7 1.2 85 3.6 0
11:18 750.7 1.3 84 3.6 0
11:19 750.7 1.3 84 2.7 0
11:20 750.7 1.3 84 4 0
11:21 750.7 1.3 84 3.6 0
11:22 750.7 1.3 84 3.1 0
11:23 750.7 1.3 83 4.5 0
11:24 750.7 1.3 83 3.1 0
11:25 750.7 1.3 83 3.1 0
11:26 750.7 1.4 83 3.6 0
11:27 750.7 1.4 83 4 0
11:28 750.7 1.4 83 3.6 0
11:29 750.7 1.4 83 2.7 0
11:30 750.6 1.4 83 3.6 0
11:31 750.6 1.4 83 3.6 0
11:32 750.6 1.4 83 2.7 0
11:33 750.6 1.4 83 3.1 0
11:34 750.6 1.4 83 2.2 0
11:35 750.6 1.4 82 3.6 0
11:36 750.6 1.4 82 4 0
11:37 750.6 1.4 82 4.5 0
11:38 750.6 1.4 82 1.8 0
11:39 750.6 1.4 82 3.1 0
11:40 750.6 1.5 82 3.6 0
11:41 750.6 1.5 82 2.2 0
11:42 750.6 1.5 82 3.1 0
11:43 750.6 1.5 82 2.7 0
11:44 750.6 1.5 82 4 0
11:45 750.6 1.5 82 2.7 0
11:46 750.6 1.5 82 1.8 0
11:47 750.6 1.5 82 1.8 0
11:48 750.6 1.5 82 1.3 0
11:49 750.6 1.5 82 1.8 0
11:50 750.6 1.5 82 2.2 0
11:51 750.6 1.5 82 2.7 0
11:52 750.6 1.5 82 2.2 0
11:53 750.6 1.5 82 3.1 0
11:54 750.6 1.5 82 1.8 0
11:55 750.6 1.5 82 2.2 0
11:56 750.6 1.5 82 2.7 0
11:57 750.6 1.5 82 4 0
11:58 750.6 1.5 81 4 0
11:59 750.6 1.5 81 3.1 0
12:00 750.6 1.5 81 3.6 0
12:01 750.6 1.6 81 2.7 0
12:02 750.6 1.6 81 2.7 0
12:03 750.6 1.6 81 2.2 0
12:04 750.6 1.6 81 4 0
12:05 750.6 1.6 81 3.6 0
12:06 750.6 1.6 81 2.2 0
12:07 750.6 1.6 81 1.8 0
12:08 750.6 1.6 81 3.6 0
12:09 750.6 1.6 81 3.1 0
12:10 750.6 1.6 81 2.2 0
12:11 750.6 1.6 81 3.6 0
12:12 750.6 1.6 81 3.1 0
12:13 750.6 1.6 81 3.1 0
12:14 750.6 1.6 81 2.7 0
12:15 750.6 1.6 81 2.2 0
12:16 750.6 1.6 81 2.7 0
12:17 750.6 1.6 81 3.1 0
12:18 750.6 1.6 81 4 0
12:19 750.6 1.6 81 4.5 0
12:20 750.6 1.6 80 3.1 0
12:21 750.6 1.6 80 3.6 0
12:22 750.6 1.6 80 2.2 0
12:23 750.6 1.6 80 3.1 0
12:24 750.6 1.6 81 4.5 0
12:25 750.6 1.6 80 2.7 0
12:26 750.6 1.7 80 2.2 0
12:27 750.6 1.7 81 2.2 0
12:28 750.6 1.7 81 4.5 0
12:29 750.6 1.7 80 4 0
12:30 750.6 1.7 81 1.8 0
12:31 750.6 1.7 81 2.7 0
12:32 750.6 1.7 81 3.1 0
12:33 750.6 1.7 81 3.1 0
12:34 750.6 1.7 80 4.5 0
12:35 750.6 1.7 80 3.1 0
12:36 750.6 1.7 80 2.7 0
12:37 750.6 1.7 80 3.1 0
12:38 750.6 1.7 80 5.4 0
12:39 750.6 1.7 79 5.8 0
12:40 750.6 1.7 79 4.5 0
12:41 750.6 1.7 79 4.5 0
12:42 750.6 1.7 79 3.6 0
12:43 750.6 1.7 79 4 0
12:44 750.6 1.7 79 4 0
12:45 750.7 1.7 79 2.2 0
12:46 750.7 1.7 79 3.6 0
12:47 750.7 1.7 79 3.1 0
12:48 750.7 1.7 79 3.6 0
12:49 750.7 1.7 79 5.4 0
12:50 750.7 1.7 79 4.9 0
12:51 750.7 1.7 79 3.6 0
12:52 750.7 1.7 79 3.1 0
12:53 750.7 1.7 79 3.1 0
12:54 750.7 1.7 80 2.2 0
12:55 750.7 1.7 79 4 0
12:56 750.7 1.7 79 4.5 0
12:57 750.7 1.7 79 2.7 0
12:58 750.7 1.7 79 3.1 0
12:59 750.7 1.7 79 3.6 0
13:00 750.7 1.7 79 3.1 0
13:01 750.7 1.7 79 2.2 0
13:02 750.7 1.7 79 1.8 0
13:03 750.7 1.7 79 2.7 0
13:04 750.7 1.7 79 4 0
13:05 750.7 1.7 79 3.1 0
13:06 750.7 1.7 79 3.6 0
13:07 750.7 1.7 79 2.2 0
13:08 750.7 1.7 78 2.2 0
13:09 750.7 1.7 78 2.2 0
13:10 750.7 1.7 78 2.7 0
13:11 750.7 1.7 78 3.1 0
13:12 750.7 1.7 78 3.6 0
13:13 750.7 1.7 78 2.2 0
13:14 750.7 1.8 78 4 0
13:15 750.6 1.8 77 3.6 0
13:16 750.6 1.8 77 2.7 0
13:17 750.6 1.8 78 3.1 0
13:18 750.6 1.8 77 1.8 0
13:19 750.6 1.9 78 3.6 0
13:20 750.6 1.9 77 3.6 0
13:21 750.6 2 77 4.5 0
13:22 750.6 2 76 4.9 0
13:23 750.6 2 76 4 0
13:24 750.6 2 76 4.5 0
13:25 750.6 2 76 3.1 0
13:26 750.6 2 76 3.1 0
13:27 750.6 2 76 3.6 0
13:28 750.6 2 75 3.1 0
13:29 750.6 2.1 76 2.2 0
13:30 750.5 2.1 76 3.6 0
13:31 750.5 2.1 76 1.8 0
13:32 750.5 2.1 75 3.1 0
13:33 750.5 2.1 75 4.9 0
13:34 750.5 2 75 4 0
13:35 750.5 2 75 4 0
13:36 750.5 2 75 4.5 0
13:37 750.5 2 75 4.5 0
13:38 750.5 1.9 75 4.9 0
13:39 750.5 1.9 75 4 0
13:40 750.5 1.9 75 3.6 0
13:41 750.5 1.9 76 3.1 0
13:42 750.5 1.9 76 2.7 0
13:43 750.5 1.8 76 3.6 0
13:44 750.5 1.8 76 2.7 0
13:45 750.5 1.8 76 3.1 0
13:46 750.5 1.8 76 2.2 0
13:47 750.5 1.8 76 2.2 0
13:48 750.5 1.8 77 2.2 0
13:49 750.5 1.8 77 3.6 0
13:50 750.5 1.8 76 4.5 0
13:51 750.5 1.8 76 2.7 0
13:52 750.5 1.8 77 2.7 0
13:53 750.5 1.8 77 2.7 0
13:54 750.5 1.8 77 3.6 0
13:55 750.5 1.8 77 3.6 0
13:56 750.5 1.8 77 2.2 0
13:57 750.5 1.8 77 2.7 0
13:58 750.5 1.8 77 3.1 0
13:59 750.5 1.7 77 3.6 0
14:00 750.5 1.7 77 2.7 0
14:01 750.5 1.7 77 4 0
14:02 750.5 1.7 77 2.7 0
14:03 750.5 1.7 77 3.1 0
14:04 750.5 1.7 78 2.2 0
14:05 750.5 1.7 78 3.1 0
14:06 750.5 1.7 78 3.1 0
14:07 750.5 1.7 78 2.2 0
14:08 750.5 1.7 78 2.2 0
14:09 750.5 1.7 78 2.2 0
14:10 750.5 1.7 78 1.8 0
14:11 750.5 1.7 78 2.2 0
14:12 750.5 1.7 78 2.7 0
14:13 750.5 1.7 78 2.2 0
14:14 750.5 1.7 78 2.2 0
14:15 750.4 1.7 78 2.7 0
14:16 750.4 1.7 78 2.2 0
14:17 750.4 1.7 79 1.8 0
14:18 750.4 1.7 79 1.8 0
14:19 750.4 1.7 79 3.1 0
14:20 750.4 1.7 79 2.2 0
14:21 750.4 1.7 79 2.2 0
14:22 750.4 1.7 79 2.7 0
14:23 750.4 1.7 79 1.8 0
14:24 750.4 1.7 79 3.6 0
14:25 750.4 1.7 79 3.6 0
14:26 750.4 1.7 79 2.7 0
14:27 750.4 1.7 79 1.8 0
14:28 750.4 1.7 79 3.1 0
14:29 750.4 1.7 79 3.1 0
14:30 750.5 1.7 79 4 0
14:31 750.5 1.7 79 3.6 0
14:32 750.5 1.7 79 3.6 0
14:33 750.5 1.6 79 3.6 0
14:34 750.5 1.7 79 2.7 0
14:35 750.5 1.7 80 3.6 0
14:36 750.5 1.6 80 1.8 0
14:37 750.5 1.6 80 3.6 0
14:38 750.5 1.6 80 2.7 0
14:39 750.5 1.6 80 4 0
14:40 750.5 1.6 80 4.5 0
14:41 750.5 1.6 80 4 0
14:42 750.5 1.6 80 3.1 0
14:43 750.5 1.6 80 3.6 0
14:44 750.5 1.5 77 4 0
14:45 750.5 1.5 80 3.6 0
14:46 750.5 1.5 81 3.6 0
14:47 750.5 1.5 80 4 0
14:48 750.5 1.5 81 2.7 0
14:49 750.5 1.5 81 2.7 0
14:50 750.5 1.5 81 2.7 0
14:51 750.5 1.5 81 1.3 0
14:52 750.5 1.5 81 2.2 0
14:53 750.5 1.5 81 2.7 0
14:54 750.5 1.5 81 2.7 0
14:55 750.5 1.5 81 3.1 0
14:56 750.5 1.5 81 3.1 0
14:57 750.5 1.4 81 2.2 0
14:58 750.5 1.4 81 3.1 0
14:59 750.5 1.4 82 2.7 0
15:00 750.5 1.4 82 2.2 0
15:01 750.5 1.4 82 3.1 0
15:02 750.5 1.4 82 3.6 0
15:03 750.5 1.4 82 2.7 0
15:04 750.5 1.4 82 2.7 0
15:05 750.5 1.4 82 1.8 0
15:06 750.5 1.4 82 2.2 0
15:07 750.5 1.4 82 3.6 0
15:08 750.5 1.4 82 2.7 0
15:09 750.5 1.3 82 2.2 0
15:10 750.5 1.3 80 2.7 0
15:11 750.5 1.3 83 3.6 0
15:12 750.5 1.3 83 2.7 0
15:13 750.5 1.3 83 2.7 0
15:14 750.5 1.3 83 1.8 0
15:15 750.5 1.3 83 2.2 0
15:16 750.5 1.3 83 2.7 0
15:17 750.5 1.3 83 2.2 0
15:18 750.5 1.3 83 3.1 0
15:19 750.5 1.3 83 2.2 0
15:20 750.5 1.3 83 2.2 0
15:21 750.5 1.3 83 1.8 0
15:22 750.5 1.3 83 1.8 0
15:23 750.5 1.3 84 3.1 0
15:24 750.5 1.3 86 3.6 0
15:25 750.5 1.3 83 2.2 0
15:26 750.5 1.3 83 1.8 0
15:27 750.5 1.3 83 2.2 0
15:28 750.5 1.3 83 2.7 0
15:29 750.5 1.3 83 2.7 0
15:30 750.4 1.3 83 3.1 0
15:31 750.4 1.3 83 3.6 0
15:32 750.4 1.3 83 2.7 0
15:33 750.4 1.3 83 2.7 0
15:34 750.4 1.3 83 2.2 0
15:35 750.4 1.3 83 4 0
15:36 750.4 1.3 83 3.1 0
15:37 750.4 1.3 83 3.1 0
15:38 750.4 1.3 83 1.8 0
15:39 750.4 1.3 83 2.2 0
15:40 750.4 1.3 83 2.2 0
15:41 750.4 1.3 83 3.6 0
15:42 750.4 1.3 83 2.7 0
15:43 750.4 1.3 83 2.2 0
15:44 750.4 1.3 83 2.2 0
15:45 750.4 1.3 83 2.2 0
15:46 750.4 1.3 83 2.7 0
15:47 750.4 1.3 83 1.8 0
15:48 750.4 1.3 83 2.2 0
15:49 750.4 1.3 83 1.8 0
15:50 750.4 1.3 83 1.3 0
15:51 750.4 1.3 83 2.7 0
15:52 750.4 1.3 83 3.1 0
15:53 750.4 1.3 83 3.6 0
15:54 750.4 1.3 83 2.7 0
15:55 750.4 1.3 83 2.2 0
15:56 750.4 1.3 83 3.1 0
15:57 750.4 1.3 82 2.7 0
15:58 750.4 1.3 82 2.2 0
15:59 750.4 1.3 82 2.7 0
16:00 750.3 1.4 82 3.6 0
16:01 750.3 1.4 82 4 0
16:02 750.3 1.4 82 2.7 0
16:03 750.3 1.4 82 4 0
16:04 750.3 1.4 82 4 0
16:05 750.3 1.4 82 4 0
16:06 750.3 1.4 82 2.7 0
16:07 750.3 1.4 82 4 0
16:08 750.3 1.4 82 4 0
16:09 750.3 1.4 82 4.9 0
16:10 750.3 1.4 82 4.5 0
16:11 750.3 1.4 82 4 0
16:12 750.3 1.3 82 3.6 0
16:13 750.3 1.3 82 2.2 0
16:14 750.3 1.3 82 4.9 0
16:15 750.3 1.3 82 4.9 0
16:16 750.3 1.3 82 5.8 0
16:17 750.3 1.3 82 4.9 0
16:18 750.3 1.3 82 4 0
16:19 750.3 1.2 82 4.5 0
16:20 750.3 1.2 83 4.5 0
16:21 750.3 1.2 83 3.6 0
16:22 750.3 1.2 83 2.2 0
16:23 750.3 1.2 83 3.6 0
16:24 750.3 1.2 83 3.1 0
16:25 750.3 1.2 84 2.7 0
16:26 750.3 1.2 84 3.6 0
16:27 750.3 1.2 84 3.6 0
16:28 750.3 1.2 84 3.6 0
16:29 750.3 1.2 84 2.7 0
16:30 750.3 1.2 84 3.1 0
16:31 750.3 1.2 84 1.3 0
16:32 750.3 1.1 84 3.1 0
16:33 750.3 1.1 84 2.7 0
16:34 750.3 1.1 84 1.8 0
16:35 750.3 1.1 85 .9 0
16:36 750.3 1.1 85 3.6 0
16:37 750.3 1.1 85 2.2 0
16:38 750.3 1.1 85 2.2 0
16:39 750.3 1.1 85 4.5 0
16:40 750.3 1.1 84 3.6 0
16:41 750.3 1.1 84 4.5 0
16:42 750.3 1.1 84 2.7 0
16:43 750.3 1.1 84 3.1 0
16:44 750.3 1.1 84 3.1 0
16:45 750.2 1.1 84 4 0
16:46 750.2 1.1 84 2.7 0
16:47 750.2 1.2 84 2.7 0
16:48 750.2 1.2 84 4.5 0
16:49 750.2 1.2 84 4 0
16:50 750.2 1.2 84 3.1 0
16:51 750.2 1.2 84 3.1 0
16:52 750.2 1.2 84 3.1 0
16:53 750.2 1.2 84 4.9 0
16:54 750.2 1.2 84 3.6 0
16:55 750.2 1.2 84 3.6 0
16:56 750.2 1.2 84 2.7 0
16:57 750.2 1.2 84 1.3 0
16:58 750.2 1.2 84 3.6 0
16:59 750.2 1.2 84 3.1 0
17:00 750.1 1.2 84 3.1 0
17:01 750.1 1.2 84 2.7 0
17:02 750.1 1.2 84 2.2 0
17:03 750.1 1.2 84 2.2 0
17:04 750.1 1.2 84 2.7 0
17:05 750.1 1.2 84 2.2 0
17:06 750.1 1.2 84 2.2 0
17:07 750.1 1.2 84 2.7 0
17:08 750.1 1.2 84 2.7 0
17:09 750.1 1.2 84 1.8 0
17:10 750.1 1.2 84 2.7 0
17:11 750.1 1.2 84 2.2 0
17:12 750.1 1.2 84 2.7 0
17:13 750.1 1.2 84 2.2 0
17:14 750.1 1.2 84 3.1 0
17:15 750.2 1.2 84 3.6 0
17:16 750.2 1.2 84 3.1 0
17:17 750.2 1.2 84 2.7 0
17:18 750.2 1.2 85 1.8 0
17:19 750.2 1.1 85 1.3 0
17:20 750.2 1.1 85 3.1 0
17:21 750.2 1.1 85 2.7 0
17:22 750.2 1.1 85 3.1 0
17:23 750.2 1.1 85 4 0
17:24 750.2 1.1 85 3.1 0
17:25 750.2 1.1 85 3.1 0
17:26 750.2 1.1 85 3.1 0
17:27 750.2 1.1 85 3.1 0
17:28 750.2 1.1 85 2.2 0
17:29 750.2 1.1 85 2.2 0
17:30 750.2 1.1 85 1.8 0
17:31 750.2 1.1 85 2.2 0
17:32 750.2 1.1 83 2.7 0
17:33 750.2 1.1 85 1.8 0
17:34 750.2 1.1 86 2.2 0
17:35 750.2 1.1 86 1.8 0
17:36 750.2 1.1 86 1.8 0
17:37 750.2 1.1 86 2.2 0
17:38 750.2 1.1 86 2.2 0
17:39 750.2 1.1 86 2.2 0
17:40 750.2 1.1 86 2.7 0
17:41 750.2 1.1 86 2.7 0
17:42 750.2 1.1 86 1.8 0
17:43 750.2 1 86 1.8 0
17:44 750.2 1 86 1.8 0
17:45 750.1 1 86 2.2 0
17:46 750.1 1 86 2.7 0
17:47 750.1 1 86 1.8 0
17:48 750.1 1 86 2.7 0
17:49 750.1 1 87 2.7 0
17:50 750.1 1 87 2.2 0
17:51 750.1 1 87 1.8 0
17:52 750.1 1 87 2.7 0
17:53 750.1 1 87 1.8 0
17:54 750.1 1 87 2.2 0
17:55 750.1 1 87 1.8 0
17:56 750.1 1 87 1.3 0
17:57 750.1 1 87 2.7 0
17:58 750.1 1 87 1.8 0
17:59 750.1 1 87 1.3 0
18:00 750 1 87 1.3 0
18:01 750 1 87 1.3 0
18:02 750 1 87 2.2 0
18:03 750 1 87 1.8 0
18:04 750 1 87 1.8 0
18:05 750 .9 87 2.2 0
18:06 750 .9 87 2.2 0
18:07 750 .9 88 1.8 0
18:08 750 .9 88 1.8 0
18:09 750 .9 88 1.3 0
18:10 750 .9 88 1.8 0
18:11 750 .9 88 1.8 0
18:12 750 .9 88 2.7 0
18:13 750 .9 88 2.2 0
18:14 750 .9 88 3.1 0
18:15 749.9 .9 88 2.2 0
18:16 749.9 .9 88 2.2 0
18:17 749.9 .9 88 2.7 0
18:18 749.9 .9 88 3.6 0
18:19 749.9 .9 88 3.1 0
18:20 749.9 .9 88 1.3 0
18:21 749.9 1 88 .9 0
18:22 749.9 1 88 2.2 0
18:23 749.9 1 88 2.2 0
18:24 749.9 1 88 2.2 0
18:25 749.9 1 88 1.8 0
18:26 749.9 1 88 2.7 0
18:27 749.9 1 88 2.7 0
18:28 749.9 1 88 2.7 0
18:29 749.9 1 88 1.8 0
18:30 749.9 1 88 1.3 0
18:31 749.9 1 88 1.8 0
18:32 749.9 1 88 1.8 0
18:33 749.9 1 88 2.7 0
18:34 749.9 1 88 2.2 0
18:35 749.9 1 88 2.2 0
18:36 749.9 1 88 1.3 0
18:37 749.9 1 88 2.7 0
18:38 749.9 1 88 2.2 0
18:39 749.9 1 88 1.8 0
18:40 749.9 .9 88 2.2 0
18:41 749.9 .9 88 1.8 0
18:42 749.9 .9 88 1.8 0
18:43 749.9 .9 88 2.2 0
18:44 749.9 .9 88 2.2 0
18:45 749.9 .9 88 2.2 0
18:46 749.9 .9 88 2.2 0
18:47 749.9 .9 88 3.1 0
18:48 749.9 .9 88 2.7 0
18:49 749.9 .9 88 3.1 0
18:50 749.9 .9 88 1.8 0
18:51 749.9 .9 88 2.7 0
18:52 749.9 .9 88 2.7 0
18:53 749.9 .9 88 1.3 0
18:54 749.9 .9 88 1.8 0
18:55 749.9 .9 88 2.7 0
18:56 749.9 .9 88 3.1 0
18:57 749.9 .9 88 2.2 0
18:58 749.9 .9 88 1.8 0
18:59 749.9 .9 88 2.7 0
19:00 749.9 .9 88 2.2 0
19:01 749.9 .9 88 3.1 0
19:02 749.9 .9 88 1.8 0
19:03 749.9 .9 88 1.8 0
19:04 749.9 .9 88 2.2 0
19:05 749.9 .9 88 2.2 0
19:06 749.9 .9 88 2.7 0
19:07 749.9 .9 88 1.8 0
19:08 749.9 .9 88 1.8 0
19:09 749.9 .9 88 2.2 0
19:10 749.9 .9 88 2.2 0
19:11 749.9 .9 88 1.8 0
19:12 749.9 .9 88 1.8 0
19:13 749.9 .9 88 1.3 0
19:14 749.9 .9 88 1.8 0
19:15 749.9 .9 88 2.7 0
19:16 749.9 .9 88 2.2 0
19:17 749.9 .9 88 2.2 0
19:18 749.9 .9 88 3.1 0
19:19 749.9 .9 88 2.2 0
19:20 749.9 .9 88 1.8 0
19:21 749.9 1 88 2.2 0
19:22 749.9 1 88 1.3 0
19:23 749.9 1 88 1.3 0
19:24 749.9 1 88 1.8 0
19:25 749.9 1 88 1.8 0
19:26 749.9 1 88 1.8 0
19:27 749.9 1 88 2.7 0
19:28 749.9 1 88 2.2 0
19:29 749.9 1 88 2.2 0
19:30 749.9 1 88 1.3 0
19:31 749.9 1 88 2.2 0
19:32 749.9 1 88 2.7 0
19:33 749.9 1 88 1.3 0
19:34 749.9 1 88 2.2 0
19:35 749.9 1 88 1.8 0
19:36 749.9 1 88 2.2 0
19:37 749.9 1 88 2.7 0
19:38 749.9 1 88 1.3 0
19:39 749.9 1 88 2.2 0
19:40 749.9 1 88 2.2 0
19:41 749.9 1 88 2.7 0
19:42 749.9 1 88 2.2 0
19:43 749.9 .9 88 1.3 0
19:44 749.9 .9 89 1.3 0
19:45 749.8 .9 89 1.3 0
19:46 749.8 .9 89 2.2 0
19:47 749.8 .9 89 1.8 0
19:48 749.8 .9 89 1.8 0
19:49 749.8 .9 89 1.8 0
19:50 749.8 .9 89 1.8 0
19:51 749.8 .9 89 2.7 0
19:52 749.8 .9 89 2.7 0
19:53 749.8 .9 89 2.7 0
19:54 749.8 .9 89 3.1 0
19:55 749.8 .9 89 2.2 0
19:56 749.8 .9 89 2.2 0
19:57 749.8 .9 89 3.1 0
19:58 749.8 .9 89 2.2 0
19:59 749.8 .9 89 3.6 0
20:00 749.7 .9 89 3.6 0
20:01 749.7 .9 89 2.2 0
20:02 749.7 .8 89 2.2 0
20:03 749.7 .8 89 1.8 0
20:04 749.7 .8 89 1.8 0
20:05 749.7 .8 89 2.7 0
20:06 749.7 .8 89 2.2 0
20:07 749.7 .8 89 1.8 0
20:08 749.7 .8 89 .9 0
20:09 749.7 .8 89 2.2 0
20:10 749.7 .8 89 2.7 0
20:11 749.7 .8 89 2.2 0
20:12 749.7 .8 89 1.8 0
20:13 749.7 .8 89 3.1 0
20:14 749.7 .8 89 2.7 0
20:15 749.6 .8 89 1.8 0
20:16 749.6 .8 89 2.7 0
20:17 749.6 .8 89 2.7 0
20:18 749.6 .8 89 2.2 0
20:19 749.6 .8 89 1.8 0
20:20 749.6 .8 90 1.8 0
20:21 749.6 .7 90 2.7 0
20:22 749.6 .7 90 2.2 0
20:23 749.6 .7 90 3.6 0
20:24 749.6 .8 90 4 0
20:25 749.6 .8 90 3.1 0
20:26 749.6 .8 90 3.1 0
20:27 749.6 .8 90 3.6 0
20:28 749.6 .8 90 3.1 0
20:29 749.6 .8 90 3.1 0
20:30 749.5 .8 90 3.1 0
20:31 749.5 .8 90 4.5 0
20:32 749.5 .8 90 3.6 0
20:33 749.5 .8 90 3.1 0
20:34 749.5 .8 90 3.6 0
20:35 749.5 .7 90 3.6 0
20:36 749.5 .7 90 2.7 0
20:37 749.5 .7 90 2.7 0
20:38 749.5 .7 90 4 0
20:39 749.5 .7 90 3.1 0
20:40 749.5 .7 90 2.2 0
20:41 749.5 .7 90 3.6 0
20:42 749.5 .7 90 1.8 0
20:43 749.5 .7 90 3.6 0
20:44 749.5 .7 90 3.6 0
20:45 749.5 .7 90 4 0
20:46 749.5 .7 90 4.5 0
20:47 749.5 .7 90 4.5 0
20:48 749.5 .7 90 4 0
20:49 749.5 .7 90 4 0
20:50 749.5 .7 90 4 0
20:51 749.5 .7 90 3.6 0
20:52 749.5 .7 90 3.1 0
20:53 749.5 .7 91 3.1 0
20:54 749.5 .7 91 3.1 0
20:55 749.5 .7 91 3.1 0
20:56 749.5 .7 91 4.5 0
20:57 749.5 .8 91 3.1 0
20:58 749.5 .8 91 3.6 0
20:59 749.5 .8 91 4 0
21:00 749.5 .8 91 3.1 0
21:01 749.5 .8 90 2.7 0
21:02 749.5 .8 90 2.7 0
21:03 749.5 .8 90 2.7 0
21:04 749.5 .8 90 3.6 0
21:05 749.5 .8 90 3.6 0
21:06 749.5 .8 90 2.2 0
21:07 749.5 .8 90 3.6 0
21:08 749.5 .8 90 1.8 0
21:09 749.5 .8 90 2.7 0
21:10 749.5 .8 90 3.1 0
21:11 749.5 .8 90 3.1 0
21:12 749.5 .8 90 2.7 0
21:13 749.5 .8 90 3.6 0
21:14 749.5 .8 90 3.1 0
21:15 749.4 .8 90 3.1 0
21:16 749.4 .8 90 2.7 0
21:17 749.4 .8 90 2.7 0
21:18 749.4 .8 90 2.7 0
21:19 749.4 .8 90 2.7 0
21:20 749.4 .8 90 1.8 0
21:21 749.4 .8 90 2.7 0
21:22 749.4 .8 90 3.6 0
21:23 749.4 .8 90 2.7 0
21:24 749.4 .8 90 2.7 0
21:25 749.4 .8 90 1.8 0
21:26 749.4 .8 90 2.2 0
21:27 749.4 .8 90 2.7 0
21:28 749.4 .8 90 1.8 0
21:29 749.4 .8 91 3.6 0
21:30 749.3 .8 91 2.7 0
21:31 749.3 .8 91 3.1 0
21:32 749.3 .8 91 2.2 0
21:33 749.3 .8 91 2.2 0
21:34 749.3 .8 91 1.8 0
21:35 749.3 .9 91 2.7 0
21:36 749.3 .9 91 1.8 0
21:37 749.3 .9 91 3.6 0
21:38 749.3 .9 91 3.1 0
21:39 749.3 .9 91 3.1 0
21:40 749.3 .9 91 4 0
21:41 749.3 .9 91 1.8 0
21:42 749.3 .9 91 3.6 0
21:43 749.3 .9 91 2.7 0
21:44 749.3 .9 91 2.2 0
21:45 749.2 .9 91 2.2 0
21:46 749.2 .9 91 2.7 0
21:47 749.2 .9 91 3.1 0
21:48 749.2 .9 91 2.7 0
21:49 749.2 .9 91 2.7 0
21:50 749.2 .9 91 2.7 0
21:51 749.2 .9 91 3.1 0
21:52 749.2 .9 91 3.6 0
21:53 749.2 .9 90 3.1 0
21:54 749.2 .9 90 4.5 0
21:55 749.2 .9 90 3.6 0
21:56 749.2 .9 90 3.6 0
21:57 749.2 .9 90 3.1 0
21:58 749.2 .9 90 3.6 0
21:59 749.2 .9 90 3.6 0
22:00 749.1 .9 90 2.7 0
22:01 749.1 .9 90 4.5 0
22:02 749.1 .9 90 4 0
22:03 749.1 .9 90 3.1 0
22:04 749.1 .9 90 3.1 0
22:05 749.1 .9 90 3.1 0
22:06 749.1 .9 90 4 0
22:07 749.1 .9 90 2.7 0
22:08 749.1 .9 90 2.7 0
22:09 749.1 .9 90 4 0
22:10 749.1 .9 90 2.7 0
22:11 749.1 .9 90 2.2 0
22:12 749.1 .9 90 4 0
22:13 749.1 .9 90 3.1 0
22:14 749.1 .9 90 3.1 0
22:15 749.1 .9 90 2.7 0
22:16 749.1 .9 90 2.7 0
22:17 749.1 .9 90 3.6 0
22:18 749.1 .9 90 3.6 0
22:19 749.1 .9 90 2.7 0
22:20 749.1 .9 90 3.1 0
22:21 749.1 .9 90 1.8 0
22:22 749.1 .9 91 4 0
22:23 749.1 .9 91 2.2 0
22:24 749.1 .9 91 2.7 0
22:25 749.1 .9 91 3.6 0
22:26 749.1 .9 91 2.7 0
22:27 749.1 .9 91 2.2 0
22:28 749.1 .9 91 3.6 0
22:29 749.1 .9 91 3.6 0
22:30 749.1 .9 91 4 0
22:31 749.1 .9 91 3.1 0
22:32 749.1 .9 91 3.1 0
22:33 749.1 .9 91 3.6 0
22:34 749.1 .9 91 2.7 0
22:35 749.1 .9 91 2.7 0
22:36 749.1 .9 91 2.7 0
22:37 749.1 .9 91 4.5 0
22:38 749.1 .9 91 4.5 0
22:39 749.1 .9 91 3.1 0
22:40 749.1 .9 91 2.7 0
22:41 749.1 .9 91 4 0
22:42 749.1 .9 91 3.6 0
22:43 749.1 .9 91 3.6 0
22:44 749.1 .9 91 2.7 0
22:45 749.1 .9 91 2.2 0
22:46 749.1 .8 91 3.1 0
22:47 749.1 .8 91 2.7 0
22:48 749.1 .8 91 3.6 0
22:49 749.1 .8 91 4 0
22:50 749.1 .8 91 3.1 0
22:51 749.1 .8 91 2.7 0
22:52 749.1 .8 91 3.1 0
22:53 749.1 .8 91 3.1 0
22:54 749.1 .8 91 2.7 0
22:55 749.1 .8 91 3.6 0
22:56 749.1 .8 91 2.2 0
22:57 749.1 .8 91 1.8 0
22:58 749.1 .8 91 2.2 0
22:59 749.1 .8 91 3.1 0
23:00 749 .8 91 3.1 0
23:01 749 .8 91 4 0
23:02 749 .8 91 3.6 0
23:03 749 .8 91 3.6 0
23:04 749 .8 91 2.7 0
23:05 749 .8 91 3.6 0
23:06 749 .9 91 2.7 0
23:07 749 .9 91 3.1 0
23:08 749 .9 91 3.1 0
23:09 749 .9 91 2.7 0
23:10 749 .9 91 2.7 0
23:11 749 .9 91 3.6 0
23:12 749 .9 91 2.2 0
23:13 749 .9 91 3.1 0
23:14 749 .9 91 2.7 0
23:15 748.9 .9 91 3.1 0
23:16 748.9 .9 91 3.1 0
23:17 748.9 .9 91 2.2 0
23:18 748.9 1 91 2.7 0
23:19 748.9 1 91 2.7 0
23:20 748.9 1 91 4.5 0
23:21 748.9 1 91 4 0
23:22 748.9 1 91 2.2 0
23:23 748.9 1 91 1.8 0
23:24 748.9 1 91 3.1 0
23:25 748.9 1 91 2.2 0
23:26 748.9 1 91 2.7 0
23:27 748.9 1 91 3.1 0
23:28 748.9 1 91 3.6 0
23:29 748.9 1 91 3.6 0
23:30 748.8 1 91 4 0
23:31 748.8 1 91 2.2 0
23:32 748.8 1 91 3.1 0
23:33 748.8 1 91 2.2 0
23:34 748.8 1 91 2.7 0
23:35 748.8 1 91 4 0
23:36 748.8 1 91 3.1 0
23:37 748.8 1.1 91 4 0
23:38 748.8 1.1 91 3.6 0
23:39 748.8 1.1 91 4.5 0
23:40 748.8 1.1 91 4.5 0
23:41 748.8 1.1 91 2.7 0
23:42 748.8 1.1 91 3.6 0
23:43 748.8 1.1 91 3.1 0
23:44 748.8 1.1 91 4 0
23:45 748.8 1.1 90 4 0
23:46 748.8 1.1 90 3.6 0
23:47 748.8 1.1 90 4 0
23:48 748.8 1.1 90 3.6 0
23:49 748.8 1.1 90 3.1 0
23:50 748.8 1.1 90 3.1 0
23:51 748.8 1.1 90 2.7 0
23:52 748.8 1.1 90 4 0
23:53 748.8 1.1 90 4.5 0
23:54 748.8 1.2 90 4.5 0
23:55 748.8 1.2 90 3.6 0
23:56 748.8 1.2 90 4 0
23:57 748.8 1.2 90 4 0
23:58 748.8 1.2 90 3.6 0
23:59 748.8 1.2 90 3.6 0
