00:00 749.81 9.17 81 1.79 0
00:01 749.81 9.17 81 1.34 0
00:02 749.81 9.17 81 1.79 0
00:03 749.81 9.17 81 1.34 0
00:04 749.81 9.17 81 1.34 0
00:05 749.81 9.17 81 1.34 0
00:06 749.81 9.17 81 1.79 0
00:07 749.81 9.17 81 1.34 0
00:08 749.81 9.17 81 1.79 0
00:09 749.55 9.17 81 1.34 0
00:10 749.81 9.11 81 1.34 0
00:11 749.81 9.11 81 1.34 0
00:12 749.81 9.06 81 1.34 0
00:13 749.81 9.06 81 .89 0
00:14 749.81 9.06 81 1.34 0
00:15 749.81 9 82 1.34 0
00:16 749.81 9.06 82 .45 0
00:17 749.81 9.06 82 .45 0
00:18 749.55 9 82 1.79 0
00:19 749.81 9.06 82 1.79 0
00:20 749.55 9 82 2.68 0
00:21 749.81 9 82 .89 0
00:22 749.81 9.06 82 1.79 0
00:23 749.55 9 82 1.34 0
00:24 749.81 9 82 1.34 0
00:25 749.81 9 82 1.79 0
00:26 749.81 9.06 82 2.24 0
00:27 749.81 9.06 82 .89 0
00:28 749.55 9.06 82 3.13 0
00:29 749.55 9.06 82 .89 0
00:30 749.55 9.06 82 .89 0
00:31 749.55 9.06 82 .45 0
00:32 749.55 9.06 82 1.34 0
00:33 749.55 9.06 82 .89 0
00:34 749.55 9.06 82 1.79 0
00:35 749.55 9 82 1.34 0
00:36 749.55 9 82 .89 0
00:37 749.55 9 82 .89 0
00:38 749.55 9 82 .89 0
00:39 749.55 9 82 .45 0
00:40 749.55 9 82 1.79 0
00:41 749.55 9 82 0 0
00:42 749.55 9 82 1.34 0
00:43 749.55 8.94 82 1.34 0
00:44 749.55 9 82 .89 0
00:45 749.55 9 82 .45 0
00:46 749.55 8.94 82 .89 0
00:47 749.55 8.94 82 1.34 0
00:48 749.55 8.89 82 .45 0
00:49 749.55 8.94 82 .45 0
00:50 749.55 8.89 82 1.34 0
00:51 749.55 8.89 82 .89 0
00:52 749.55 8.89 82 .45 0
00:53 749.55 8.83 82 .89 0
00:54 749.55 8.83 82 1.34 0
00:55 749.55 8.83 82 .89 0
00:56 749.55 8.83 82 1.79 0
00:57 749.55 8.83 83 1.34 0
00:58 749.55 8.83 83 .89 0
00:59 749.55 8.83 82 1.34 0
01:00 749.55 8.83 82 1.79 0
01:01 749.55 8.78 82 .45 0
01:02 749.55 8.78 82 1.34 0
01:03 749.55 8.78 82 .89 0
01:04 749.55 8.78 82 .45 0
01:05 749.55 8.78 83 .89 0
01:06 749.55 8.78 83 1.34 0
01:07 749.55 8.72 83 .89 0
01:08 749.55 8.72 83 1.79 0
01:09 749.55 8.67 83 1.34 0
01:10 749.55 8.67 83 1.79 0
01:11 749.55 8.67 83 1.34 0
01:12 749.55 8.67 83 1.34 0
01:13 749.55 8.61 83 1.34 0
01:14 749.55 8.61 83 1.34 0
01:15 749.55 8.61 83 1.79 0
01:16 749.55 8.56 83 1.34 0
01:17 749.55 8.56 83 1.34 0
01:18 749.55 8.56 83 1.34 0
01:19 749.55 8.56 83 .89 0
01:20 749.55 8.56 83 1.79 0
01:21 749.55 8.56 83 1.34 0
01:22 749.55 8.56 83 .89 0
01:23 749.55 8.56 83 2.68 0
01:24 749.55 8.61 84 .89 0
01:25 749.55 8.61 83 .89 0
01:26 749.55 8.56 83 1.34 0
01:27 749.55 8.61 83 1.79 0
01:28 749.55 8.61 84 3.13 0
01:29 749.3 8.61 84 1.34 0
01:30 749.3 8.61 84 1.79 0
01:31 749.3 8.67 84 2.68 0
01:32 749.3 8.61 84 .45 0
01:33 749.3 8.61 84 1.79 0
01:34 749.3 8.61 84 2.24 0
01:35 749.3 8.67 84 3.13 0
01:36 749.3 8.61 84 1.79 0
01:37 749.3 8.67 84 2.24 0
01:38 749.3 8.67 84 2.24 0
01:39 749.3 8.67 84 2.24 0
01:40 749.3 8.67 84 1.79 0
01:41 749.3 8.67 84 1.34 0
01:42 749.3 8.67 84 2.24 0
01:43 749.3 8.67 84 2.68 0
01:44 749.3 8.72 84 1.34 0
01:45 749.3 8.72 84 2.68 0
01:46 749.3 8.67 84 2.24 0
01:47 749.3 8.72 84 1.34 0
01:48 749.3 8.72 84 1.79 0
01:49 749.3 8.72 84 1.79 0
01:50 749.3 8.72 84 1.79 0
01:51 749.3 8.72 84 3.13 0
01:52 749.3 8.72 84 2.24 0
01:53 749.3 8.72 84 1.34 0
01:54 749.3 8.72 84 2.24 0
01:55 749.3 8.72 84 3.13 0
01:56 749.3 8.78 84 1.34 0
01:57 749.3 8.72 84 2.68 0
01:58 749.3 8.78 84 1.79 0
01:59 749.3 8.78 84 2.24 0
02:00 749.3 8.78 84 2.68 0
02:01 749.3 8.78 84 2.24 0
02:02 749.3 8.78 84 2.68 0
02:03 749.3 8.78 84 1.34 0
02:04 749.3 8.78 84 1.79 0
02:05 749.3 8.78 84 1.79 0
02:06 749.3 8.78 84 3.58 0
02:07 749.3 8.78 84 2.68 0
02:08 749.3 8.78 84 2.24 0
02:09 749.3 8.83 84 2.24 0
02:10 749.05 8.78 84 1.79 0
02:11 749.05 8.78 84 2.68 0
02:12 749.3 8.78 84 3.13 0
02:13 749.3 8.78 84 .89 0
02:14 749.3 8.78 84 2.68 0
02:15 749.3 8.83 84 2.68 0
02:16 749.3 8.83 84 2.24 0
02:17 749.3 8.78 84 2.24 0
02:18 749.05 8.78 84 3.58 0
02:19 749.3 8.78 84 3.13 0
02:20 749.05 8.78 84 3.13 0
02:21 749.05 8.78 84 2.68 0
02:22 749.05 8.78 84 2.68 0
02:23 749.3 8.72 84 1.79 0
02:24 749.05 8.72 84 1.34 0
02:25 749.05 8.72 84 1.34 0
02:26 749.05 8.72 84 1.34 0
02:27 749.05 8.78 84 2.68 0
02:28 749.05 8.78 84 4.02 0
02:29 749.05 8.72 84 1.79 0
02:30 749.05 8.72 84 1.34 0
02:31 749.05 8.72 84 1.79 0
02:32 749.05 8.67 84 1.79 0
02:33 749.05 8.67 84 0 0
02:34 749.05 8.67 84 1.79 0
02:35 749.05 8.67 84 1.34 0
02:36 749.05 8.61 84 2.68 0
02:37 749.05 8.61 84 1.34 0
02:38 749.05 8.61 84 1.79 0
02:39 749.05 8.61 84 1.79 0
02:40 749.05 8.61 84 1.79 0
02:41 749.05 8.61 85 1.79 0
02:42 749.05 8.61 85 2.68 0
02:43 749.05 8.56 85 1.79 0
02:44 749.05 8.56 84 1.34 0
02:45 749.05 8.56 84 1.79 0
02:46 749.05 8.56 85 .89 0
02:47 749.05 8.56 85 2.68 0
02:48 748.79 8.56 85 2.24 0
02:49 749.05 8.56 85 1.79 0
02:50 748.79 8.56 85 .89 0
02:51 748.79 8.56 85 2.68 0
02:52 748.79 8.56 85 1.79 0
02:53 748.79 8.56 85 2.24 0
02:54 748.79 8.56 85 1.34 0
02:55 748.79 8.56 85 .89 0
02:56 748.79 8.56 85 .89 0
02:57 748.79 8.56 85 1.34 0
02:58 748.79 8.56 85 2.68 0
02:59 748.79 8.56 85 1.34 0
03:00 748.79 8.56 85 2.24 0
03:01 748.79 8.56 85 1.34 0
03:02 748.79 8.56 85 1.79 0
03:03 748.79 8.56 85 2.68 0
03:04 748.79 8.56 85 .89 0
03:05 748.79 8.56 85 2.24 0
03:06 748.79 8.5 85 2.68 0
03:07 748.79 8.56 85 2.24 0
03:08 748.79 8.56 85 .89 0
03:09 748.79 8.56 85 1.34 0
03:10 748.79 8.5 85 1.79 0
03:11 748.79 8.5 85 2.24 0
03:12 748.79 8.5 85 1.79 0
03:13 748.79 8.44 85 .89 0
03:14 748.79 8.44 85 1.79 0
03:15 748.79 8.39 85 2.24 0
03:16 748.79 8.44 85 1.79 0
03:17 748.79 8.44 85 .45 0
03:18 748.79 8.39 85 1.34 0
03:19 748.79 8.39 85 1.79 0
03:20 748.79 8.39 85 1.34 0
03:21 748.79 8.39 85 2.24 0
03:22 748.79 8.39 85 1.34 0
03:23 748.79 8.33 85 1.79 0
03:24 748.79 8.33 85 1.34 0
03:25 748.79 8.33 86 .89 0
03:26 748.79 8.33 85 1.79 0
03:27 748.79 8.33 85 1.79 0
03:28 748.79 8.28 85 1.34 0
03:29 748.79 8.33 86 2.24 0
03:30 748.79 8.28 86 1.79 0
03:31 748.79 8.28 86 1.34 0
03:32 748.54 8.28 86 1.34 0
03:33 748.79 8.28 86 .89 0
03:34 748.79 8.28 86 1.79 0
03:35 748.54 8.22 86 1.79 0
03:36 748.54 8.28 86 2.24 0
03:37 748.54 8.22 86 2.24 0
03:38 748.54 8.22 86 2.24 0
03:39 748.54 8.22 86 2.24 0
03:40 748.54 8.22 86 2.68 0
03:41 748.54 8.17 86 1.79 0
03:42 748.54 8.17 86 .89 0
03:43 748.54 8.17 86 2.68 0
03:44 748.54 8.17 86 2.68 0
03:45 748.54 8.17 86 2.24 0
03:46 748.54 8.17 86 1.79 0
03:47 748.54 8.11 86 2.24 0
03:48 748.54 8.11 86 .45 0
03:49 748.54 8.11 86 2.24 0
03:50 748.54 8.17 86 1.79 0
03:51 748.54 8.11 86 1.34 0
03:52 748.54 8.11 86 2.24 0
03:53 748.54 8.06 86 2.24 0
03:54 748.28 8.06 86 2.24 0
03:55 748.54 8.11 86 1.34 0
03:56 748.54 8.06 86 1.34 0
03:57 748.28 8.06 87 .45 0
03:58 748.28 8.06 86 .45 0
03:59 748.54 8.06 86 2.24 0
04:00 748.54 8.06 87 1.79 0
04:01 748.54 8.06 87 .89 0
04:02 748.28 8.06 87 1.79 0
04:03 748.28 8.06 87 1.34 0
04:04 748.28 8.06 87 1.79 0
04:05 748.28 8.06 87 1.34 0
04:06 748.28 8.06 87 .89 0
04:07 748.28 8.06 87 1.34 0
04:08 748.28 8.06 87 1.79 0
04:09 748.28 8 87 1.79 0
04:10 748.28 8 87 1.79 0
04:11 748.28 8.06 87 .89 0
04:12 748.28 8 87 1.79 0
04:13 748.54 8 87 1.34 0
04:14 748.54 8 87 1.34 0
04:15 748.28 8 87 2.24 0
04:16 748.28 8 87 1.34 0
04:17 748.28 8 87 1.79 0
04:18 748.28 8 87 1.34 0
04:19 748.28 8 87 1.34 0
04:20 748.28 8 87 2.24 0
04:21 748.28 7.94 87 1.34 0
04:22 748.28 7.94 87 1.34 0
04:23 748.28 7.94 87 1.34 0
04:24 748.28 8 87 1.79 0
04:25 748.28 7.94 87 1.79 0
04:26 748.28 7.94 87 1.79 0
04:27 748.28 7.94 87 2.24 0
04:28 748.28 7.94 87 1.34 0
04:29 748.28 7.94 87 .45 0
04:30 748.54 7.94 87 1.34 0
04:31 748.28 7.89 87 2.24 0
04:32 748.54 7.94 87 2.24 0
04:33 748.28 7.89 87 2.24 0
04:34 748.28 7.94 87 1.34 0
04:35 748.28 7.89 87 2.24 0
04:36 748.28 7.89 87 1.79 0
04:37 748.28 7.89 87 .89 0
04:38 748.28 7.89 87 1.34 0
04:39 748.28 7.89 87 2.24 0
04:40 748.28 7.89 87 2.24 0
04:41 748.28 7.89 87 2.68 0
04:42 748.28 7.89 87 2.68 0
04:43 748.28 7.89 87 2.68 0
04:44 748.28 7.89 87 .89 0
04:45 748.28 7.89 87 .89 0
04:46 748.28 7.89 87 2.24 0
04:47 748.28 7.83 87 1.79 0
04:48 748.28 7.89 87 2.68 0
04:49 748.28 7.83 87 1.34 0
04:50 748.28 7.89 87 2.68 0
04:51 748.28 7.89 87 2.24 0
04:52 748.28 7.83 87 .89 0
04:53 748.28 7.83 87 1.34 0
04:54 748.28 7.83 88 2.68 0
04:55 748.28 7.89 87 3.13 0
04:56 748.28 7.89 88 1.34 0
04:57 748.28 7.89 88 2.24 0
04:58 748.28 7.89 88 1.79 0
04:59 748.28 7.89 88 3.13 0
05:00 748.28 7.89 88 2.68 0
05:01 748.28 7.89 88 1.79 0
05:02 748.28 7.89 88 2.24 0
05:03 748.28 7.94 88 2.24 0
05:04 748.28 7.94 88 1.79 0
05:05 748.28 7.89 87 1.79 0
05:06 748.28 7.89 87 1.79 0
05:07 748.28 7.94 87 1.79 0
05:08 748.28 7.94 87 1.79 0
05:09 748.28 7.94 87 1.79 0
05:10 748.28 7.94 87 3.13 0
05:11 748.28 7.94 87 1.79 0
05:12 748.28 7.94 87 1.34 0
05:13 748.28 7.94 87 .45 0
05:14 748.28 7.94 87 1.79 0
05:15 748.28 7.94 87 2.68 0
05:16 748.28 7.94 87 2.24 0
05:17 748.28 7.94 87 1.34 0
05:18 748.28 7.94 87 .45 0
05:19 748.28 7.94 87 2.24 0
05:20 748.28 7.94 87 1.34 0
05:21 748.28 7.94 87 3.13 0
05:22 748.28 7.94 87 2.24 0
05:23 748.28 7.94 87 .89 0
05:24 748.28 7.94 87 1.34 0
05:25 748.28 7.94 87 .89 0
05:26 748.28 7.89 87 2.24 0
05:27 748.28 7.94 87 1.79 0
05:28 748.28 7.94 87 1.34 0
05:29 748.28 7.89 87 .89 0
05:30 748.28 7.89 87 1.79 0
05:31 748.28 7.94 87 .45 0
05:32 748.28 7.89 88 1.79 0
05:33 748.28 7.89 87 1.79 0
05:34 748.28 7.94 88 1.34 0
05:35 748.28 7.94 88 1.34 0
05:36 748.28 7.94 88 2.24 0
05:37 748.28 7.94 87 .89 0
05:38 748.03 7.94 87 .45 0
05:39 748.28 7.89 87 1.34 0
05:40 748.28 7.89 87 1.34 0
05:41 748.28 7.89 87 1.34 0
05:42 748.03 7.89 87 .89 0
05:43 748.03 7.89 87 .89 0
05:44 748.28 7.83 87 .89 0
05:45 748.03 7.83 87 1.34 0
05:46 748.28 7.83 88 1.34 0
05:47 748.03 7.83 88 .89 0
05:48 748.03 7.83 88 1.79 0
05:49 748.03 7.83 88 1.34 0
05:50 748.03 7.83 88 .45 0
05:51 748.03 7.83 88 .45 0
05:52 748.03 7.78 88 .45 0
05:53 748.03 7.83 88 .89 0
05:54 748.03 7.83 88 1.79 0
05:55 748.03 7.78 88 1.34 0
05:56 748.03 7.78 88 2.24 0
05:57 748.03 7.83 88 .89 0
05:58 748.03 7.83 88 .45 0
05:59 748.03 7.83 88 1.79 0
06:00 748.03 7.83 88 .45 0
06:01 748.03 7.83 88 .89 0
06:02 748.03 7.78 88 1.34 0
06:03 748.03 7.78 88 .89 0
06:04 748.03 7.78 88 1.34 0
06:05 748.03 7.83 88 .89 0
06:06 748.03 7.83 88 0 0
06:07 748.03 7.78 88 1.79 0
06:08 748.03 7.83 88 1.79 0
06:09 748.03 7.78 88 1.34 0
06:10 748.03 7.83 88 1.34 0
06:11 748.03 7.78 88 1.34 0
06:12 748.03 7.78 88 .89 0
06:13 748.03 7.83 88 2.24 0
06:14 748.03 7.83 88 1.34 0
06:15 747.78 7.83 88 .45 0
06:16 747.78 7.78 88 .45 0
06:17 747.78 7.83 88 2.68 0
06:18 747.78 7.78 88 1.79 0
06:19 747.78 7.83 88 2.68 0
06:20 747.78 7.83 88 .89 0
06:21 747.78 7.83 88 1.79 0
06:22 747.78 7.89 88 .89 0
06:23 747.78 7.89 88 .89 0
06:24 748.03 7.89 88 1.79 0
06:25 747.78 7.83 88 1.79 0
06:26 747.78 7.83 88 3.13 0
06:27 747.78 7.83 88 .89 0
06:28 747.78 7.89 88 1.34 0
06:29 747.78 7.89 88 .89 0
06:30 747.78 7.83 88 1.79 0
06:31 747.78 7.89 88 .89 0
06:32 747.78 7.89 88 2.68 0
06:33 747.78 7.94 88 2.68 0
06:34 747.78 7.94 88 1.79 0
06:35 747.78 7.94 88 1.79 0
06:36 747.78 7.94 88 .89 0
06:37 747.78 7.94 88 1.34 0
06:38 747.78 7.94 88 .89 0
06:39 747.78 7.94 88 2.24 0
06:40 747.78 7.94 88 2.24 0
06:41 747.78 7.94 88 1.34 0
06:42 747.78 7.94 88 .45 0
06:43 747.78 7.94 88 .45 0
06:44 747.52 8 87 1.34 0
06:45 747.78 8 87 1.34 0
06:46 747.78 8 87 1.34 0
06:47 747.78 7.94 87 2.68 0
06:48 747.78 7.94 87 1.34 0
06:49 747.52 7.94 87 1.34 0
06:50 747.78 7.94 87 1.34 0
06:51 747.52 7.94 87 1.34 0
06:52 747.52 7.94 87 .89 0
06:53 747.52 7.94 87 0 0
06:54 747.78 7.94 87 2.68 0
06:55 747.52 7.94 87 1.79 0
06:56 747.52 7.94 87 3.13 0
06:57 747.52 7.94 87 2.68 0
06:58 747.52 7.94 87 .89 0
06:59 747.52 8 87 .89 0
07:00 747.52 7.94 87 1.79 0
07:01 747.52 7.94 87 .45 0
07:02 747.52 8 87 1.34 0
07:03 747.52 8 87 3.13 0
07:04 747.52 8 87 1.34 0
07:05 747.52 8 87 1.34 0
07:06 747.52 8 87 .89 0
07:07 747.52 8 87 1.34 0
07:08 747.52 8.06 87 2.24 0
07:09 747.52 8.06 87 1.79 0
07:10 747.52 8.06 87 1.79 0
07:11 747.52 8.06 87 .89 0
07:12 747.52 8.06 87 1.79 0
07:13 747.52 8.06 87 1.34 0
07:14 747.52 8.06 87 1.34 0
07:15 747.52 8.06 87 2.68 0
07:16 747.52 8.06 87 2.24 0
07:17 747.52 8.06 87 .89 0
07:18 747.52 8.06 87 0 0
07:19 747.52 8.06 87 1.34 0
07:20 747.52 8.06 87 .45 0
07:21 747.52 8.06 87 1.79 0
07:22 747.52 8.06 87 .45 0
07:23 747.52 8.06 87 1.34 0
07:24 747.52 8.06 87 1.79 0
07:25 747.52 8.11 87 2.68 0
07:26 747.52 8.11 87 2.24 0
07:27 747.52 8.11 87 .89 0
07:28 747.52 8.11 87 1.79 0
07:29 747.52 8.11 87 1.79 0
07:30 747.52 8.17 87 .89 0
07:31 747.52 8.17 87 1.34 0
07:32 747.52 8.17 87 2.24 0
07:33 747.52 8.17 87 1.34 0
07:34 747.52 8.22 87 2.68 0
07:35 747.52 8.17 87 3.13 0
07:36 747.52 8.22 87 1.79 0
07:37 747.52 8.22 87 .89 0
07:38 747.52 8.22 87 2.24 0
07:39 747.52 8.17 87 1.34 0
07:40 747.52 8.17 87 1.79 0
07:41 747.27 8.22 87 .89 0
07:42 747.52 8.22 87 .45 0
07:43 747.52 8.22 87 1.34 0
07:44 747.27 8.22 87 1.79 0
07:45 747.27 8.22 87 .89 0
07:46 747.27 8.22 87 1.34 0
07:47 747.27 8.22 87 .45 0
07:48 747.27 8.22 87 1.34 0
07:49 747.27 8.22 87 1.79 0
07:50 747.27 8.28 87 4.02 0
07:51 747.27 8.22 87 .45 0
07:52 747.27 8.28 87 1.79 0
07:53 747.27 8.28 87 .45 0
07:54 747.27 8.28 87 3.13 0
07:55 747.27 8.28 87 .89 0
07:56 747.27 8.33 87 4.02 0
07:57 747.27 8.33 87 2.68 0
07:58 747.27 8.33 87 2.24 0
07:59 747.27 8.39 87 .89 0
08:00 747.27 8.39 87 2.68 0
08:01 747.27 8.39 87 .89 0
08:02 747.27 8.44 86 1.79 0
08:03 747.27 8.44 86 3.13 0
08:04 747.27 8.44 86 1.34 0
08:05 747.27 8.5 86 2.68 0
08:06 747.27 8.56 86 2.24 0
08:07 747.27 8.56 86 3.13 0
08:08 747.27 8.56 86 2.24 0
08:09 747.27 8.61 86 1.79 0
08:10 747.27 8.61 86 2.24 0
08:11 747.27 8.61 86 2.68 0
08:12 747.27 8.61 86 1.34 0
08:13 747.27 8.67 86 2.68 0
08:14 747.27 8.67 86 2.24 0
08:15 747.27 8.67 86 3.13 0
08:16 747.27 8.67 86 2.24 0
08:17 747.27 8.78 85 2.24 0
08:18 747.27 8.72 85 3.13 0
08:19 747.27 8.72 86 2.24 0
08:20 747.27 8.78 85 3.13 0
08:21 747.27 8.78 85 2.24 0
08:22 747.27 8.78 85 2.24 0
08:23 747.27 8.78 85 3.58 0
08:24 747.27 8.83 85 1.79 0
08:25 747.27 8.83 85 2.24 0
08:26 747.27 8.89 85 3.13 0
08:27 747.27 8.89 85 .45 0
08:28 747.27 8.94 85 4.02 0
08:29 747.27 8.94 85 .89 0
08:30 747.27 9 85 1.79 0
08:31 747.27 9.06 85 3.13 0
08:32 747.27 9.11 85 3.13 0
08:33 747.27 9.17 85 5.81 0
08:34 747.27 9.17 84 4.02 0
08:35 747.27 9.17 84 2.68 0
08:36 747.27 9.22 84 2.68 0
08:37 747.27 9.22 84 4.47 0
08:38 747.27 9.28 84 2.24 0
08:39 747.27 9.28 84 .89 0
08:40 747.27 9.28 84 3.13 0
08:41 747.27 9.33 84 4.02 0
08:42 747.27 9.33 83 2.68 0
08:43 747.27 9.33 83 2.24 0
08:44 747.27 9.39 83 1.79 0
08:45 747.27 9.44 83 1.34 0
08:46 747.27 9.44 83 0 0
08:47 747.27 9.5 83 2.24 0
08:48 747.27 9.5 83 1.34 0
08:49 747.27 9.56 83 2.68 0
08:50 747.27 9.56 83 4.02 0
08:51 747.27 9.56 82 3.13 0
08:52 747.27 9.61 82 2.24 0
08:53 747.27 9.61 82 4.02 0
08:54 747.27 9.61 82 4.92 0
08:55 747.27 9.61 82 4.02 0
08:56 747.27 9.67 82 4.02 0
08:57 747.27 9.67 82 4.47 0
08:58 747.27 9.67 82 2.24 0
08:59 747.27 9.72 82 3.13 0
09:00 747.27 9.78 82 2.68 0
09:01 747.27 9.83 82 2.24 0
09:02 747.27 9.83 81 3.58 0
09:03 747.27 9.89 81 2.24 0
09:04 747.27 9.89 81 2.24 0
09:05 747.27 9.94 81 3.58 0
09:06 747.27 9.94 81 4.47 0
09:07 747.27 9.94 81 2.68 0
09:08 747.27 10 80 2.68 0
09:09 747.27 10 80 3.58 0
09:10 747.27 10.06 80 3.13 0
09:11 747.27 10.06 80 2.24 0
09:12 747.27 10.11 80 4.92 0
09:13 747.27 10.11 80 3.58 0
09:14 747.27 10.11 80 2.24 0
09:15 747.27 10.11 80 3.58 0
09:16 747.27 10.11 80 4.92 0
09:17 747.27 10.17 80 4.02 0
09:18 747.27 10.17 80 4.02 0
09:19 747.27 10.17 80 3.58 0
09:20 747.27 10.17 80 3.13 0
09:21 747.27 10.22 80 2.68 0
09:22 747.27 10.22 80 3.13 0
09:23 747.27 10.22 80 1.34 0
09:24 747.27 10.28 80 2.24 0
09:25 747.27 10.28 79 6.26 0
09:26 747.27 10.33 79 4.92 0
09:27 747.27 10.33 79 4.02 0
09:28 747.27 10.33 79 3.13 0
09:29 747.01 10.33 79 4.02 0
09:30 747.27 10.39 79 2.68 0
09:31 747.27 10.44 79 .89 0
09:32 747.01 10.5 79 4.02 0
09:33 747.01 10.56 79 2.68 0
09:34 747.27 10.61 79 1.79 0
09:35 747.01 10.61 79 3.13 0
09:36 747.27 10.67 78 3.58 0
09:37 747.27 10.72 78 3.13 0
09:38 747.01 10.78 78 2.24 0
09:39 747.27 10.78 78 3.58 0
09:40 747.27 10.83 78 3.58 0
09:41 747.01 10.89 77 4.47 0
09:42 747.01 10.89 77 3.13 0
09:43 747.27 10.89 77 3.13 0
09:44 747.01 10.89 77 3.58 0
09:45 747.01 10.89 77 1.34 0
09:46 747.01 10.94 77 5.36 0
09:47 747.01 10.89 77 4.47 0
09:48 747.01 10.94 76 6.26 0
09:49 747.01 10.94 76 6.71 0
09:50 747.01 10.94 76 3.58 0
09:51 747.01 10.94 76 3.13 0
09:52 747.01 11 76 4.47 0
09:53 747.01 11.06 76 .89 0
09:54 747.01 11.06 76 3.13 0
09:55 747.01 11.11 76 3.58 0
09:56 747.01 11.11 76 4.02 0
09:57 747.01 11.17 75 2.68 0
09:58 747.01 11.17 76 3.13 0
09:59 747.01 11.22 76 1.79 0
10:00 747.01 11.22 76 2.68 0
10:01 747.01 11.28 75 2.24 0
10:02 747.01 11.33 75 5.36 0
10:03 747.01 11.39 75 2.24 0
10:04 747.01 11.44 75 5.81 0
10:05 747.01 11.5 75 3.13 0
10:06 747.01 11.56 75 3.58 0
10:07 747.01 11.56 74 1.34 0
10:08 747.01 11.61 74 2.24 0
10:09 747.01 11.61 74 6.26 0
10:10 747.01 11.67 74 4.02 0
10:11 747.01 11.67 74 3.58 0
10:12 747.01 11.67 73 2.68 0
10:13 747.01 11.67 73 4.92 0
10:14 747.01 11.67 73 4.47 0
10:15 747.01 11.72 73 6.26 0
10:16 747.01 11.72 73 7.15 0
10:17 747.01 11.67 73 7.15 0
10:18 747.01 11.67 73 3.58 0
10:19 747.01 11.72 73 4.02 0
10:20 747.01 11.78 73 1.79 0
10:21 747.01 11.83 73 6.26 0
10:22 747.01 11.89 72 4.92 0
10:23 747.01 11.89 72 5.81 0
10:24 747.01 11.89 72 4.47 0
10:25 747.01 11.94 72 5.36 0
10:26 747.01 11.94 72 1.79 0
10:27 747.01 12 72 4.02 0
10:28 747.01 12.06 72 6.26 0
10:29 747.01 12.06 71 4.47 0
10:30 747.01 12.11 71 3.13 0
10:31 746.76 12.11 71 6.71 0
10:32 747.01 12.17 71 5.81 0
10:33 746.76 12.11 71 4.47 0
10:34 747.01 12.11 71 2.68 0
10:35 747.01 12.17 71 2.24 0
10:36 747.01 12.22 72 3.58 0
10:37 746.76 12.33 71 4.47 0
10:38 746.76 12.39 71 2.68 0
10:39 746.76 12.5 71 3.13 0
10:40 746.76 12.5 71 4.02 0
10:41 746.76 12.5 71 3.58 0
10:42 746.76 12.56 71 3.13 0
10:43 746.76 12.61 70 6.71 0
10:44 746.76 12.67 70 3.58 0
10:45 746.76 12.72 70 5.36 0
10:46 746.76 12.72 70 4.47 0
10:47 746.76 12.78 70 4.47 0
10:48 746.76 12.83 69 6.26 0
10:49 746.76 12.78 69 5.81 0
10:50 746.76 12.83 69 6.71 0
10:51 746.76 12.78 69 7.6 0
10:52 746.76 12.78 69 4.02 0
10:53 746.76 12.83 69 7.15 0
10:54 746.51 12.83 68 6.26 0
10:55 746.51 12.89 73 3.58 0
10:56 746.76 12.94 72 4.47 0
10:57 746.76 13.06 72 8.05 0
10:58 746.76 13.06 72 4.02 0
10:59 746.76 13.17 72 3.13 0
11:00 746.76 13.22 71 4.47 0
11:01 746.76 13.28 71 4.02 0
11:02 746.51 13.33 71 3.13 0
11:03 746.51 13.39 71 2.68 0
11:04 746.51 13.44 71 4.47 0
11:05 746.51 13.5 71 3.13 0
11:06 746.51 13.5 71 4.02 0
11:07 746.76 13.5 70 4.02 0
11:08 746.76 13.56 71 4.47 0
11:09 746.76 13.5 71 5.81 0
11:10 746.76 13.56 71 2.24 0
11:11 746.51 13.61 70 4.47 0
11:12 746.76 13.61 70 6.26 0
11:13 746.76 13.61 70 1.34 0
11:14 746.76 13.67 70 3.13 0
11:15 746.76 13.72 70 4.92 0
11:16 746.76 13.78 70 4.92 0
11:17 746.76 13.78 70 3.58 0
11:18 746.76 13.83 70 2.24 0
11:19 746.76 13.83 70 6.26 0
11:20 746.51 13.89 70 4.92 0
11:21 746.76 13.89 69 5.81 0
11:22 746.76 13.89 69 6.26 0
11:23 746.76 13.83 69 4.02 0
11:24 746.76 13.78 69 6.26 0
11:25 746.76 13.83 69 5.81 0
11:26 746.51 13.83 69 8.05 0
11:27 746.76 13.89 69 3.58 0
11:28 746.76 13.94 69 2.24 0
11:29 746.76 14 69 3.58 0
11:30 746.51 14.06 69 7.15 0
11:31 746.51 14.17 69 4.02 0
11:32 746.51 14.22 69 4.02 0
11:33 746.51 14.28 69 1.79 0
11:34 746.76 14.28 68 3.58 0
11:35 746.51 14.39 68 4.92 0
11:36 746.51 14.39 68 6.26 0
11:37 746.76 14.44 68 2.68 0
11:38 746.51 14.5 68 4.02 0
11:39 746.51 14.44 68 4.92 0
11:40 746.51 14.44 67 6.26 0
11:41 746.51 14.44 67 4.02 0
11:42 746.76 14.44 67 4.02 0
11:43 746.51 14.5 68 2.68 0
11:44 746.51 14.5 68 5.81 0
11:45 746.51 14.5 67 7.15 0
11:46 746.76 14.44 67 2.24 0
11:47 746.51 14.56 67 4.47 0
11:48 746.51 14.56 67 6.71 0
11:49 746.51 14.5 67 3.58 0
11:50 746.51 14.56 67 4.92 0
11:51 746.51 14.61 67 4.02 0
11:52 746.51 14.61 67 2.68 0
11:53 746.51 14.72 68 4.02 0
11:54 746.51 14.83 67 4.47 0
11:55 746.51 14.94 67 5.36 0
11:56 746.51 14.94 66 5.81 0
11:57 746.51 14.94 66 4.92 0
11:58 746.51 14.94 66 8.05 0
11:59 746.51 14.94 66 3.13 0
12:00 746.51 14.94 66 4.92 0
12:01 746.51 15.06 66 5.81 0
12:02 746.51 15 66 4.02 0
12:03 746.51 15 65 3.58 0
12:04 746.51 15.06 65 2.68 0
12:05 746.51 15.11 65 5.81 0
12:06 746.51 15.11 65 4.47 0
12:07 746.51 15.17 65 3.58 0
12:08 746.51 15.17 65 5.36 0
12:09 746.51 15.17 65 4.92 0
12:10 746.51 15.17 65 4.92 0
12:11 746.51 15.17 64 4.02 0
12:12 746.51 15.11 64 7.15 0
12:13 746.51 15.06 64 4.92 0
12:14 746.51 15.06 65 7.15 0
12:15 746.51 15 64 4.47 0
12:16 746.51 15 64 5.81 0
12:17 746.51 15 65 3.58 0
12:18 746.51 15 65 6.26 0
12:19 746.51 15 65 5.81 0
12:20 746.51 15.06 65 4.47 0
12:21 746.51 15.06 64 5.36 0
12:22 746.51 15 64 5.81 0
12:23 746.51 15 64 5.36 0
12:24 746.51 15.06 65 4.47 0
12:25 746.25 15.06 65 4.47 0
12:26 746.25 15.06 65 4.47 0
12:27 746.51 15.11 64 5.36 0
12:28 746.25 15.11 64 3.13 0
12:29 746.25 15.17 64 6.71 0
12:30 746.25 15.22 64 3.58 0
12:31 746.25 15.22 64 9.39 0
12:32 746.25 15.22 64 5.36 0
12:33 746.25 15.22 64 4.92 0
12:34 746.25 15.17 64 3.58 0
12:35 746.25 15.11 63 4.47 0
12:36 746.25 15.11 64 7.15 0
12:37 746.25 15.17 64 7.6 0
12:38 746.25 15.11 63 7.15 0
12:39 746.25 15.17 63 8.05 0
12:40 746.25 15.17 64 3.58 0
12:41 746.25 15.17 63 4.47 0
12:42 746.51 15.22 64 4.92 0
12:43 746.25 15.33 63 4.92 0
12:44 746.25 15.39 64 1.34 0
12:45 746.25 15.44 63 4.92 0
12:46 746.25 15.56 63 4.92 0
12:47 746.25 15.56 62 2.24 0
12:48 746.25 15.61 63 5.36 0
12:49 746.25 15.67 62 4.02 0
12:50 746.25 15.67 62 4.02 0
12:51 746.25 15.67 62 6.26 0
12:52 746.25 15.67 62 3.13 0
12:53 746.25 15.72 62 3.58 0
12:54 746.25 15.78 62 8.94 0
12:55 746.25 15.78 62 7.15 0
12:56 746.25 15.78 62 5.36 0
12:57 746.25 15.78 62 5.81 0
12:58 746.25 15.78 62 5.36 0
12:59 746.25 15.83 61 5.36 0
13:00 746.25 15.83 62 4.47 0
13:01 746.25 15.89 62 4.47 0
13:02 746.25 15.89 62 6.26 0
13:03 746.25 15.89 61 5.81 0
13:04 746.25 15.83 61 4.47 0
13:05 746.25 15.83 61 6.26 0
13:06 746.25 15.83 61 4.02 0
13:07 746.25 15.83 61 4.47 0
13:08 746.25 15.83 61 4.47 0
13:09 746.25 15.89 61 7.15 0
13:10 746.25 15.83 61 4.47 0
13:11 746.25 15.83 61 9.39 0
13:12 746.25 15.83 61 5.81 0
13:13 746.25 15.89 61 6.26 0
13:14 746.25 15.94 61 4.02 0
13:15 746.25 16 61 6.71 0
13:16 746.25 16.06 60 4.02 0
13:17 746.25 16.11 61 8.05 0
13:18 746.25 16.06 60 7.15 0
13:19 746.25 16 60 8.49 0
13:20 746.25 16 60 3.13 0
13:21 746.25 16.06 60 4.02 0
13:22 746.25 16.06 60 8.05 0
13:23 746.25 16.11 60 4.92 0
13:24 746.25 16.11 60 8.94 0
13:25 746.25 16.11 59 3.13 0
13:26 746.25 16.11 60 2.68 0
13:27 746.25 16.11 60 5.81 0
13:28 746.25 16.17 60 8.49 0
13:29 746.25 16.22 60 2.24 0
13:30 746 16.33 60 4.92 0
13:31 746 16.33 60 4.02 0
13:32 746.25 16.39 60 1.79 0
13:33 746.25 16.39 59 7.15 0
13:34 746.25 16.33 59 6.71 0
13:35 746.25 16.39 59 6.71 0
13:36 746.25 16.33 59 4.47 0
13:37 746.25 16.33 59 4.47 0
13:38 746.25 16.28 59 3.58 0
13:39 746.25 16.28 59 3.13 0
13:40 746.25 16.28 59 5.36 0
13:41 746.25 16.22 59 7.15 0
13:42 746.25 16.17 59 7.6 0
13:43 746.25 16.11 59 7.15 0
13:44 746.25 16.11 59 6.26 0
13:45 746 16.11 59 5.36 0
13:46 746 16.11 59 5.81 0
13:47 746.25 16.11 59 6.26 0
13:48 746.25 16.11 59 3.13 0
13:49 746.25 16.11 58 8.94 0
13:50 746 16.11 58 5.81 0
13:51 746 16.11 58 4.92 0
13:52 746 16.11 58 4.92 0
13:53 746 16.11 58 4.92 0
13:54 746.25 16.11 58 7.6 0
13:55 746.25 16.11 58 4.47 0
13:56 746.25 16.06 58 7.15 0
13:57 746.25 16.06 58 5.81 0
13:58 746 16.11 58 1.79 0
13:59 746 16.11 58 7.6 0
14:00 746 16.11 58 2.68 0
14:01 746.25 16.11 58 3.58 0
14:02 746 16.11 58 2.68 0
14:03 746 16.11 58 7.6 0
14:04 746 16.11 58 4.92 0
14:05 746 16.17 59 4.47 0
14:06 746 16.17 58 3.13 0
14:07 746 16.17 58 1.79 0
14:08 746 16.17 58 4.47 0
14:09 746 16.17 58 3.58 0
14:10 746 16.17 58 7.6 0
14:11 746 16.17 58 5.81 0
14:12 746 16.11 58 3.58 0
14:13 746 16.11 58 6.71 0
14:14 746 16.11 58 5.36 0
14:15 745.74 16.06 58 5.81 0
14:16 745.74 16.06 58 4.92 0
14:17 746 16.06 58 6.71 0
14:18 746 16.06 58 7.15 0
14:19 746 16.06 58 4.02 0
14:20 746 16.06 58 4.02 0
14:21 745.74 16.11 58 4.02 0
14:22 746 16.11 58 2.24 0
14:23 745.74 16.11 59 4.92 0
14:24 745.74 16.11 58 4.47 0
14:25 746 16.17 57 3.58 0
14:26 745.74 16.17 57 4.02 0
14:27 745.74 16.17 57 3.58 0
14:28 746 16.17 57 4.47 0
14:29 745.74 16.17 57 2.24 0
14:30 745.74 16.17 58 3.13 0
14:31 746 16.17 57 1.79 0
14:32 746 16.22 58 2.68 0
14:33 746 16.22 58 3.13 0
14:34 746 16.22 58 5.81 0
14:35 746 16.28 57 5.36 0
14:36 746 16.28 57 6.26 0
14:37 746 16.22 57 3.58 0
14:38 746 16.22 57 4.47 0
14:39 746 16.17 57 4.02 0
14:40 746 16.22 57 4.02 0
14:41 746 16.17 57 3.13 0
14:42 746 16.17 58 3.13 0
14:43 746 16.17 57 2.68 0
14:44 746 16.17 58 2.68 0
14:45 746 16.17 57 1.79 0
14:46 746 16.17 58 4.02 0
14:47 746 16.17 57 3.58 0
14:48 746 16.17 57 3.58 0
14:49 746 16.17 57 3.58 0
14:50 746 16.17 57 1.79 0
14:51 746 16.17 58 4.92 0
14:52 746 16.17 57 2.24 0
14:53 746 16.11 57 7.15 0
14:54 746 16.11 57 6.26 0
14:55 746 16.06 57 3.13 0
14:56 746 16.06 57 5.81 0
14:57 746 16.06 57 3.13 0
14:58 746 16.06 58 5.36 0
14:59 746 16.06 57 3.13 0
15:00 746 16 58 4.47 0
15:01 746 16 58 4.92 0
15:02 746 16 58 1.79 0
15:03 746 16 58 3.58 0
15:04 746 16 58 3.13 0
15:05 746 15.94 58 4.47 0
15:06 746 15.94 58 6.26 0
15:07 746 15.94 58 6.26 0
15:08 746 15.94 57 5.36 0
15:09 746 15.94 57 3.58 0
15:10 746 15.94 58 5.36 0
15:11 746 15.94 58 3.13 0
15:12 746 15.94 58 4.02 0
15:13 746 15.94 58 3.13 0
15:14 746 15.94 58 1.79 0
15:15 746 15.89 58 4.02 0
15:16 746 15.89 58 2.68 0
15:17 746 15.89 58 2.24 0
15:18 746 15.89 58 2.68 0
15:19 746 15.89 58 2.24 0
15:20 746 15.89 58 3.13 0
15:21 746 15.89 58 2.24 0
15:22 746 15.89 58 4.92 0
15:23 746 15.83 58 3.13 0
15:24 746 15.83 58 3.13 0
15:25 746 15.83 58 3.58 0
15:26 746 15.83 58 2.68 0
15:27 746 15.78 59 2.68 0
15:28 746 15.78 59 3.58 0
15:29 746 15.78 59 5.36 0
15:30 746 15.72 59 4.02 0
15:31 746 15.72 59 4.92 0
15:32 746 15.67 59 3.13 0
15:33 746 15.72 59 3.58 0
15:34 746 15.67 60 2.24 0
15:35 746 15.67 60 4.47 0
15:36 746 15.67 60 5.81 0
15:37 746 15.67 60 4.02 0
15:38 746.25 15.61 60 2.68 0
15:39 746 15.61 60 4.02 0
15:40 746 15.61 60 5.81 0
15:41 746 15.61 60 1.79 0
15:42 746.25 15.56 60 1.79 0
15:43 746 15.56 60 4.92 0
15:44 746.25 15.56 60 4.47 0
15:45 746.25 15.56 60 5.81 0
15:46 746.25 15.56 60 2.68 0
15:47 746 15.56 60 4.02 0
15:48 746.25 15.56 60 3.13 0
15:49 746.25 15.56 60 4.92 0
15:50 746.25 15.56 60 4.92 0
15:51 746 15.5 60 6.71 0
15:52 746.25 15.5 60 5.81 0
15:53 746.25 15.5 60 4.02 0
15:54 746.25 15.5 60 3.13 0
15:55 746.25 15.5 61 1.34 0
15:56 746.25 15.44 61 3.58 0
15:57 746.25 15.44 61 4.92 0
15:58 746.25 15.44 61 3.58 0
15:59 746.25 15.44 61 4.02 0
16:00 746.25 15.44 61 6.71 0
16:01 746.25 15.44 61 4.47 0
16:02 746.25 15.44 61 7.6 0
16:03 746.25 15.44 61 2.68 0
16:04 746.25 15.44 61 5.81 0
16:05 746.25 15.44 61 4.47 0
16:06 746.25 15.39 61 4.02 0
16:07 746.25 15.44 61 6.71 0
16:08 746.25 15.39 62 3.13 0
16:09 746.25 15.39 62 3.13 0
16:10 746.25 15.39 62 4.92 0
16:11 746.25 15.33 62 3.13 0
16:12 746.25 15.33 62 4.02 0
16:13 746.25 15.33 62 2.68 0
16:14 746.25 15.33 62 3.58 0
16:15 746.25 15.33 62 4.47 0
16:16 746.25 15.28 62 4.47 0
16:17 746.25 15.28 62 3.58 0
16:18 746.25 15.22 63 4.02 0
16:19 746.25 15.22 63 5.36 0
16:20 746.25 15.17 63 8.05 0
16:21 746.25 14.83 67 7.15 0
16:22 746.25 14.56 68 5.81 0
16:23 746.25 14.33 70 6.26 0
16:24 746.25 14.11 70 4.02 0
16:25 746.51 13.89 71 8.05 0
16:26 746.51 13.78 72 5.81 0
16:27 746.51 13.61 73 6.26 0
16:28 746.51 13.44 74 6.71 0
16:29 746.51 13.28 74 5.36 0
16:30 746.51 13.22 75 3.13 0
16:31 746.51 13.17 75 4.92 0
16:32 746.51 13.17 75 3.58 0
16:33 746.51 13.06 76 2.24 0
16:34 746.51 13 76 5.36 0
16:35 746.51 12.94 76 6.26 0
16:36 746.51 12.89 76 4.47 0
16:37 746.51 12.83 76 4.47 0
16:38 746.51 12.78 77 4.47 0
16:39 746.51 12.72 77 2.24 0
16:40 746.51 12.72 77 4.92 0
16:41 746.51 12.67 77 4.02 0
16:42 746.51 12.67 77 6.26 0
16:43 746.51 12.61 77 3.58 0
16:44 746.76 12.61 78 3.58 0
16:45 746.76 12.56 78 2.24 0
16:46 746.76 12.56 78 6.26 0
16:47 746.51 12.5 78 4.47 0
16:48 746.51 12.44 78 3.58 0
16:49 746.51 12.44 78 4.47 0
16:50 746.51 12.39 78 4.92 0
16:51 746.51 12.33 78 5.81 0
16:52 746.51 12.33 78 3.58 0
16:53 746.51 12.28 78 4.47 0
16:54 746.51 12.22 78 3.58 0
16:55 746.51 12.22 79 4.92 0
16:56 746.51 12.22 79 3.58 0
16:57 746.51 12.17 79 4.47 0
16:58 746.51 12.17 79 4.47 0
16:59 746.51 12.17 79 2.24 0
17:00 746.51 12.11 79 4.02 0
17:01 746.76 12.11 79 3.58 0
17:02 746.51 12.11 79 5.36 0
17:03 746.51 12.06 79 3.58 0
17:04 746.76 12.06 79 3.58 0
17:05 746.51 12.06 79 5.36 0
17:06 746.51 12 79 5.36 0
17:07 746.51 12 79 3.58 0
17:08 746.51 12 79 1.79 0
17:09 746.51 12 79 1.34 0
17:10 746.76 11.94 79 4.02 0
17:11 746.51 11.94 79 4.92 0
17:12 746.51 11.94 79 2.24 0
17:13 746.51 11.89 79 3.13 0
17:14 746.76 11.89 79 3.58 0
17:15 746.51 11.89 79 1.34 0
17:16 746.51 11.83 79 4.47 0
17:17 746.76 11.83 79 6.26 0
17:18 746.76 11.83 79 4.47 0
17:19 746.76 11.83 79 4.02 0
17:20 746.76 11.83 79 5.36 0
17:21 746.76 11.78 79 2.68 0
17:22 746.51 11.78 79 3.58 0
17:23 746.51 11.72 79 2.24 0
17:24 746.76 11.72 79 2.24 0
17:25 746.76 11.72 79 3.13 0
17:26 746.76 11.72 79 3.13 0
17:27 746.76 11.72 79 1.79 0
17:28 746.76 11.67 79 4.02 0
17:29 746.76 11.67 79 3.58 0
17:30 746.76 11.67 79 3.58 0
17:31 746.76 11.61 79 4.47 0
17:32 746.76 11.61 79 4.92 0
17:33 746.76 11.61 79 2.24 0
17:34 746.76 11.56 79 2.68 0
17:35 746.76 11.56 79 3.13 0
17:36 746.76 11.56 79 3.13 0
17:37 746.76 11.56 79 4.02 0
17:38 746.76 11.5 80 4.02 0
17:39 746.76 11.5 80 3.58 0
17:40 746.76 11.44 80 4.47 0
17:41 746.76 11.44 80 3.58 0
17:42 746.76 11.44 80 3.58 0
17:43 746.76 11.39 80 4.02 0
17:44 746.76 11.33 80 5.36 0
17:45 746.76 11.33 80 4.47 0
17:46 746.76 11.28 81 1.34 0
17:47 746.76 11.28 81 1.79 0
17:48 746.76 11.22 81 4.02 0
17:49 746.76 11.22 82 4.47 0
17:50 746.76 11.11 82 4.47 0
17:51 746.76 11.06 82 4.92 0
17:52 746.76 11.06 83 4.92 0
17:53 746.76 10.94 83 2.68 0
17:54 746.76 10.94 83 1.79 0
17:55 747.01 10.89 84 1.79 0
17:56 747.01 10.89 84 4.92 0
17:57 747.01 10.83 84 5.81 0
17:58 747.01 10.78 84 3.58 0
17:59 747.01 10.72 84 1.79 0
18:00 747.01 10.72 85 4.47 0
18:01 747.01 10.67 85 4.02 0
18:02 747.01 10.61 85 2.68 0
18:03 747.01 10.61 85 3.58 0
18:04 747.01 10.56 86 2.24 0
18:05 747.01 10.5 86 1.79 0
18:06 747.01 10.5 86 1.79 0
18:07 747.01 10.5 86 1.34 0
18:08 747.01 10.5 86 1.79 0
18:09 747.01 10.44 86 1.79 0
18:10 747.01 10.44 87 1.34 0
18:11 747.01 10.39 87 2.24 0
18:12 747.01 10.39 87 2.24 0
18:13 747.01 10.39 87 .89 0
18:14 747.27 10.33 87 2.68 0
18:15 747.27 10.33 87 3.13 0
18:16 747.27 10.33 87 1.34 0
18:17 747.27 10.28 87 3.58 0
18:18 747.27 10.22 88 1.34 0
18:19 747.27 10.22 88 1.79 0
18:20 747.27 10.22 88 .89 0
18:21 747.27 10.22 88 3.13 0
18:22 747.27 10.22 88 2.24 0
18:23 747.27 10.17 88 .89 0
18:24 747.27 10.22 88 1.34 0
18:25 747.27 10.17 88 1.79 0
18:26 747.27 10.17 88 1.79 0
18:27 747.27 10.17 88 1.34 0
18:28 747.27 10.17 89 2.24 0
18:29 747.27 10.17 89 2.68 1.02
18:30 747.27 10.11 89 1.79 1.02
18:31 747.27 10.11 89 1.79 1.02
18:32 747.27 10.11 89 1.34 1.02
18:33 747.27 10.11 89 2.24 1.02
18:34 747.27 10.11 89 1.34 1.02
18:35 747.27 10.11 89 1.34 1.02
18:36 747.27 10.06 89 1.34 1.02
18:37 747.27 10.06 89 .89 1.02
18:38 747.27 10.06 89 .89 1.02
18:39 747.27 10.06 89 1.79 1.02
18:40 747.27 10.06 89 1.34 1.02
18:41 747.27 10.06 89 .89 1.02
18:42 747.27 10.06 90 2.24 1.02
18:43 747.27 10.06 90 2.68 1.02
18:44 747.27 10.06 90 .89 1.02
18:45 747.27 10.06 90 1.34 1.02
18:46 747.27 10.06 90 1.34 0
18:47 747.27 10.06 90 .89 0
18:48 747.27 10.06 90 1.34 0
18:49 747.27 10.06 90 2.24 0
18:50 747.52 10.06 90 1.79 0
18:51 747.52 10.06 90 1.34 0
18:52 747.52 10 90 1.79 0
18:53 747.52 10 90 1.79 0
18:54 747.52 10 90 1.79 0
18:55 747.52 10 90 .89 0
18:56 747.52 10 90 1.34 0
18:57 747.52 9.94 90 1.79 0
18:58 747.52 9.94 90 1.34 0
18:59 747.52 9.94 90 .89 0
19:00 747.52 9.94 90 1.79 0
19:01 747.52 9.94 90 .89 0
19:02 747.52 9.94 90 1.34 0
19:03 747.52 10 90 .89 0
19:04 747.52 9.94 90 .89 0
19:05 747.52 9.94 90 .89 0
19:06 747.52 9.94 90 .89 0
19:07 747.52 10 90 1.34 0
19:08 747.52 9.94 90 .89 0
19:09 747.52 9.94 90 .89 0
19:10 747.52 9.94 90 .89 0
19:11 747.52 9.94 90 1.34 0
19:12 747.52 9.94 90 .89 0
19:13 747.52 9.94 90 .89 0
19:14 747.52 9.89 90 .89 0
19:15 747.52 9.89 90 .89 0
19:16 747.52 9.89 90 1.34 0
19:17 747.52 9.89 90 .89 0
19:18 747.52 9.89 90 .89 0
19:19 747.52 9.89 90 1.34 0
19:20 747.52 9.89 91 1.79 0
19:21 747.52 9.89 91 1.34 0
19:22 747.52 9.89 91 .89 0
19:23 747.52 9.89 91 .45 0
19:24 747.52 9.83 91 1.34 0
19:25 747.52 9.83 91 1.79 0
19:26 747.52 9.89 91 .89 0
19:27 747.52 9.83 91 1.34 0
19:28 747.52 9.83 91 1.79 0
19:29 747.52 9.83 91 1.79 0
19:30 747.52 9.83 91 1.34 0
19:31 747.52 9.83 91 1.34 0
19:32 747.52 9.83 91 1.79 0
19:33 747.52 9.83 91 1.79 0
19:34 747.27 9.83 91 1.79 0
19:35 747.52 9.83 91 1.79 0
19:36 747.52 9.78 91 1.34 0
19:37 747.52 9.83 91 1.79 0
19:38 747.52 9.78 91 1.34 0
19:39 747.52 9.78 91 1.79 0
19:40 747.52 9.78 91 1.79 0
19:41 747.52 9.78 91 .89 0
19:42 747.52 9.78 91 1.79 0
19:43 747.52 9.78 91 1.34 0
19:44 747.52 9.78 91 1.34 0
19:45 747.52 9.78 91 2.68 0
19:46 747.52 9.78 91 1.34 0
19:47 747.52 9.78 91 1.34 0
19:48 747.52 9.78 91 1.79 0
19:49 747.52 9.78 91 2.24 0
19:50 747.52 9.78 91 1.34 0
19:51 747.52 9.78 91 1.34 0
19:52 747.52 9.78 91 1.79 0
19:53 747.52 9.78 91 2.68 0
19:54 747.52 9.72 91 1.79 0
19:55 747.52 9.72 91 1.34 0
19:56 747.52 9.78 91 1.79 0
19:57 747.52 9.72 91 1.34 0
19:58 747.52 9.78 91 1.34 0
19:59 747.52 9.72 91 2.24 0
20:00 747.52 9.78 91 2.24 0
20:01 747.52 9.72 91 .89 0
20:02 747.52 9.78 91 1.34 0
20:03 747.52 9.72 91 .89 0
20:04 747.52 9.72 91 1.34 0
20:05 747.52 9.72 91 1.34 0
20:06 747.52 9.78 91 1.34 0
20:07 747.78 9.78 91 .89 0
20:08 747.52 9.78 91 .45 0
20:09 747.52 9.78 91 .45 0
20:10 747.52 9.78 91 .89 0
20:11 747.52 9.78 91 .45 0
20:12 747.52 9.72 91 .89 0
20:13 747.52 9.78 91 .89 0
20:14 747.52 9.78 91 .89 0
20:15 747.52 9.78 91 .89 0
20:16 747.52 9.78 91 .89 0
20:17 747.52 9.78 91 .45 0
20:18 747.52 9.78 91 1.34 0
20:19 747.52 9.78 91 .89 0
20:20 747.52 9.72 91 1.34 0
20:21 747.52 9.72 91 1.34 0
20:22 747.52 9.78 91 .89 0
20:23 747.52 9.72 91 .89 0
20:24 747.52 9.72 91 .89 0
20:25 747.52 9.72 91 0 0
20:26 747.52 9.72 91 .89 0
20:27 747.52 9.72 91 .89 0
20:28 747.52 9.72 91 .45 0
20:29 747.52 9.72 91 1.34 0
20:30 747.52 9.72 91 1.34 0
20:31 747.52 9.72 91 1.34 0
20:32 747.52 9.72 91 .45 0
20:33 747.52 9.72 91 1.34 0
20:34 747.52 9.72 91 1.34 0
20:35 747.78 9.72 91 .45 0
20:36 747.78 9.72 91 .89 0
20:37 747.78 9.67 91 .89 0
20:38 747.78 9.72 92 1.34 0
20:39 747.78 9.67 92 1.34 0
20:40 747.78 9.67 92 1.34 0
20:41 747.78 9.67 91 1.34 0
20:42 747.52 9.67 91 .89 0
20:43 747.52 9.67 91 1.79 0
20:44 747.52 9.67 91 1.79 0
20:45 747.52 9.67 91 1.34 0
20:46 747.78 9.67 91 .89 0
20:47 747.78 9.61 91 .89 0
20:48 747.78 9.61 91 1.34 0
20:49 747.78 9.61 91 2.68 0
20:50 747.78 9.61 91 .89 0
20:51 747.78 9.61 91 .45 0
20:52 747.78 9.61 91 1.34 0
20:53 747.78 9.61 91 1.79 0
20:54 747.78 9.56 91 1.34 0
20:55 747.78 9.61 91 .89 0
20:56 747.78 9.61 91 1.34 0
20:57 747.78 9.56 91 .45 0
20:58 747.78 9.61 91 1.34 0
20:59 747.78 9.56 91 1.34 0
21:00 747.78 9.56 91 .45 0
21:01 747.78 9.56 91 .89 0
21:02 747.78 9.56 91 1.79 0
21:03 747.78 9.56 91 .89 0
21:04 747.78 9.56 91 1.79 0
21:05 747.78 9.56 92 1.79 0
21:06 747.78 9.56 91 .89 0
21:07 747.78 9.56 91 1.34 0
21:08 747.78 9.5 91 .89 0
21:09 747.78 9.5 91 1.34 0
21:10 747.78 9.56 91 1.34 0
21:11 747.78 9.5 91 0 0
21:12 747.78 9.5 91 .45 0
21:13 747.78 9.5 91 .89 0
21:14 747.78 9.5 92 0 0
21:15 747.78 9.5 92 .45 0
21:16 747.78 9.56 92 1.34 0
21:17 747.78 9.5 92 .89 0
21:18 747.78 9.5 92 1.34 0
21:19 747.78 9.5 91 1.34 0
21:20 747.78 9.5 92 0 0
21:21 747.78 9.5 92 0 0
21:22 747.78 9.5 92 0 0
21:23 747.78 9.5 92 .89 0
21:24 747.78 9.5 92 .89 0
21:25 747.78 9.5 92 .89 0
21:26 747.78 9.5 92 .89 0
21:27 747.78 9.5 92 .89 0
21:28 747.78 9.5 92 .89 0
21:29 747.78 9.5 92 .89 0
21:30 747.78 9.5 92 .45 0
21:31 747.78 9.5 92 .45 0
21:32 747.78 9.44 92 1.34 0
21:33 747.78 9.5 92 .45 0
21:34 747.78 9.5 92 .89 0
21:35 747.78 9.44 92 .89 0
21:36 747.78 9.44 92 .89 0
21:37 747.78 9.44 92 .45 0
21:38 747.78 9.44 92 .45 0
21:39 747.78 9.44 92 .89 0
21:40 747.78 9.44 92 .89 0
21:41 747.78 9.44 92 .89 0
21:42 747.78 9.44 92 .45 0
21:43 747.78 9.44 92 .89 0
21:44 747.78 9.5 92 .89 0
21:45 747.78 9.44 92 .45 0
21:46 748.03 9.44 92 .45 0
21:47 748.03 9.44 92 1.34 0
21:48 748.03 9.44 92 .89 0
21:49 748.03 9.44 92 1.34 0
21:50 748.03 9.5 92 .89 0
21:51 748.03 9.44 92 .45 0
21:52 748.03 9.44 92 .45 0
21:53 748.03 9.44 92 .89 0
21:54 748.03 9.5 92 .89 0
21:55 748.03 9.44 92 .89 0
21:56 748.03 9.44 92 .89 0
21:57 748.03 9.44 92 .89 0
21:58 748.03 9.44 92 1.79 0
21:59 748.03 9.44 92 .89 0
22:00 748.03 9.44 92 .89 0
22:01 748.03 9.44 92 .45 0
22:02 748.03 9.44 92 .89 0
22:03 748.03 9.44 92 .89 0
22:04 748.03 9.44 92 .89 0
22:05 748.03 9.44 92 .89 0
22:06 748.03 9.44 92 1.34 0
22:07 748.03 9.44 92 1.34 0
22:08 748.03 9.44 92 .89 0
22:09 748.03 9.44 92 .89 0
22:10 748.03 9.5 92 .89 0
22:11 748.03 9.44 92 .89 0
22:12 748.03 9.44 92 1.34 0
22:13 748.03 9.44 92 1.79 0
22:14 748.03 9.5 92 .89 0
22:15 748.03 9.5 92 1.34 0
22:16 748.03 9.5 92 .89 0
22:17 748.03 9.5 92 1.79 0
22:18 748.03 9.5 92 .45 0
22:19 748.03 9.5 92 2.24 0
22:20 748.28 9.5 92 1.34 0
22:21 748.28 9.5 92 1.79 0
22:22 748.28 9.5 92 2.24 0
22:23 748.03 9.5 92 .89 0
22:24 748.28 9.5 92 .89 0
22:25 748.03 9.5 92 1.34 0
22:26 748.03 9.5 92 .45 0
22:27 748.03 9.5 92 1.34 0
22:28 748.03 9.5 92 .89 0
22:29 748.03 9.5 92 1.79 0
22:30 748.03 9.5 92 .89 0
22:31 748.03 9.44 92 1.34 0
22:32 748.03 9.5 92 .89 0
22:33 748.28 9.5 92 .45 0
22:34 748.03 9.5 92 1.34 0
22:35 748.28 9.5 92 1.34 0
22:36 748.28 9.5 92 .45 0
22:37 748.03 9.5 92 1.34 0
22:38 748.28 9.5 92 0 0
22:39 748.28 9.5 92 .89 0
22:40 748.03 9.5 92 1.79 0
22:41 748.03 9.5 92 .89 0
22:42 748.28 9.5 92 1.34 0
22:43 748.28 9.5 92 1.34 0
22:44 748.28 9.5 92 1.34 0
22:45 748.03 9.5 92 1.79 0
22:46 748.28 9.5 92 2.24 0
22:47 748.28 9.5 92 1.34 0
22:48 748.28 9.5 92 .89 0
22:49 748.03 9.5 92 1.79 0
22:50 748.28 9.5 92 1.79 0
22:51 748.28 9.5 92 2.24 0
22:52 748.28 9.5 92 .89 0
22:53 748.28 9.5 92 .89 0
22:54 748.28 9.5 92 1.34 0
22:55 748.28 9.5 92 1.34 0
22:56 748.28 9.5 92 .45 0
22:57 748.03 9.56 92 .45 0
22:58 748.28 9.56 92 .45 0
22:59 748.28 9.5 92 .45 0
23:00 748.28 9.5 92 .89 0
23:01 748.28 9.5 92 .89 0
23:02 748.28 9.56 92 .45 0
23:03 748.28 9.56 92 1.34 0
23:04 748.28 9.56 92 .45 0
23:05 748.28 9.56 92 .89 0
23:06 748.28 9.56 92 .45 0
23:07 748.28 9.61 92 .89 0
23:08 748.28 9.56 92 1.34 0
23:09 748.28 9.56 92 .45 0
23:10 748.28 9.56 92 1.34 0
23:11 748.28 9.61 92 .89 0
23:12 748.28 9.61 92 .45 0
23:13 748.28 9.61 92 .89 0
23:14 748.28 9.56 92 .89 0
23:15 748.28 9.61 92 1.34 0
23:16 748.28 9.61 92 1.34 0
23:17 748.28 9.56 92 .89 0
23:18 748.28 9.61 92 .89 0
23:19 748.28 9.56 92 .45 0
23:20 748.28 9.56 92 .89 0
23:21 748.28 9.56 92 .89 0
23:22 748.28 9.56 92 .89 0
23:23 748.28 9.56 92 .45 0
23:24 748.28 9.56 92 1.34 0
23:25 748.28 9.56 92 1.34 0
23:26 748.28 9.56 92 .45 0
23:27 748.28 9.56 92 .89 0
23:28 748.28 9.56 92 .45 0
23:29 748.28 9.56 92 .45 0
23:30 748.28 9.56 92 .89 0
23:31 748.28 9.56 92 .45 0
23:32 748.28 9.56 92 1.34 0
23:33 748.28 9.56 92 .45 0
23:34 748.28 9.56 92 1.34 0
23:35 748.28 9.56 92 1.34 0
23:36 748.28 9.56 92 .89 0
23:37 748.28 9.56 92 1.34 0
23:38 748.28 9.56 92 1.79 0
23:39 748.28 9.56 92 .89 0
23:40 748.28 9.56 92 1.79 0
23:41 748.28 9.56 92 1.34 0
23:42 748.28 9.56 92 .45 0
23:43 748.28 9.56 92 1.79 0
23:44 748.28 9.56 92 .89 0
23:45 748.28 9.56 92 1.34 0
23:46 748.28 9.56 92 .89 0
23:47 748.28 9.56 92 2.24 0
23:48 748.28 9.56 92 .89 0
23:49 748.28 9.56 92 1.34 0
23:50 748.28 9.56 92 .89 0
23:51 748.28 9.56 92 1.34 0
23:52 748.28 9.56 92 .89 0
23:53 748.28 9.56 92 1.79 0
23:54 748.28 9.56 92 .89 0
23:55 748.28 9.5 92 1.34 0
23:56 748.28 9.5 92 1.79 0
23:57 748.28 9.56 92 2.24 0
23:58 748.28 9.56 92 1.34 0
23:59 748.28 9.56 92 2.24 0
