00:00 754.38 -.28 70 0 0
00:01 754.38 -.44 70 0 0
00:02 754.38 -.61 71 0 0
00:03 754.38 -.78 72 0 0
00:04 754.38 -.89 72 0 0
00:05 754.38 -1 72 0 0
00:06 754.38 -1.11 72 0 0
00:07 754.38 -1.22 72 0 0
00:08 754.38 -1.33 72 0 0
00:09 754.38 -1.33 72 0 0
00:10 754.38 -1.39 73 0 0
00:11 754.38 -1.44 72 0 0
00:12 754.38 -1.44 72 0 0
00:13 754.38 -1.44 72 0 0
00:14 754.38 -1.44 72 0 0
00:15 754.38 -1.44 72 0 0
00:16 754.38 -1.44 72 0 0
00:17 754.38 -1.33 72 0 0
00:18 754.38 -1.28 72 0 0
00:19 754.38 -1.22 72 0 0
00:20 754.38 -1.11 72 0 0
00:21 754.38 -1.06 72 0 0
00:22 754.38 -1 72 0 0
00:23 754.38 -.89 72 0 0
00:24 754.38 -.83 72 0 0
00:25 754.38 -.78 72 0 0
00:26 754.38 -.72 72 0 0
00:27 754.38 -.67 71 0 0
00:28 754.38 -.56 71 0 0
00:29 754.38 -.5 71 0 0
00:30 754.38 -.44 70 0 0
00:31 754.38 -.39 70 0 0
00:32 754.38 -.39 70 0 0
00:33 754.38 -.33 70 0 0
00:34 754.38 -.39 70 0 0
00:35 754.38 -.39 70 0 0
00:36 754.38 -.39 70 0 0
00:37 754.38 -.44 70 0 0
00:38 754.38 -.44 70 0 0
00:39 754.38 -.5 71 0 0
00:40 754.38 -.5 71 0 0
00:41 754.38 -.5 71 0 0
00:42 754.38 -.44 71 0 0
00:43 754.38 -.44 71 0 0
00:44 754.38 -.39 71 0 0
00:45 754.38 -.39 70 0 0
00:46 754.38 -.33 70 0 0
00:47 754.38 -.33 70 0 0
00:48 754.38 -.33 70 0 0
00:49 754.38 -.33 70 0 0
00:50 754.38 -.33 70 0 0
00:51 754.38 -.39 70 0 0
00:52 754.38 -.39 70 0 0
00:53 754.38 -.44 71 0 0
00:54 754.38 -.5 71 0 0
00:55 754.38 -.56 71 0 0
00:56 754.38 -.61 71 0 0
00:57 754.38 -.67 71 0 0
00:58 754.38 -.72 71 0 0
00:59 754.38 -.72 71 0 0
01:00 754.38 -.78 71 0 0
01:01 754.38 -.89 71 0 0
01:02 754.38 -.94 71 0 0
01:03 754.38 -1 71 0 0
01:04 754.38 -1.06 71 0 0
01:05 754.38 -1.11 71 0 0
01:06 754.38 -1.17 71 0 0
01:07 754.38 -1.22 71 0 0
01:08 754.38 -1.28 71 0 0
01:09 754.38 -1.28 72 0 0
01:10 754.38 -1.33 72 0 0
01:11 754.38 -1.39 72 0 0
01:12 754.38 -1.44 72 0 0
01:13 754.38 -1.44 72 0 0
01:14 754.38 -1.5 73 0 0
01:15 754.38 -1.56 73 0 0
01:16 754.38 -1.56 73 0 0
01:17 754.38 -1.61 73 0 0
01:18 754.38 -1.61 74 0 0
01:19 754.38 -1.61 74 0 0
01:20 754.38 -1.67 74 0 0
01:21 754.38 -1.72 75 0 0
01:22 754.38 -1.72 75 0 0
01:23 754.38 -1.72 75 0 0
01:24 754.38 -1.78 75 0 0
01:25 754.38 -1.78 76 0 0
01:26 754.38 -1.78 76 0 0
01:27 754.38 -1.78 76 0 0
01:28 754.38 -1.78 76 0 0
01:29 754.38 -1.78 76 0 0
01:30 754.38 -1.78 76 0 0
01:31 754.38 -1.78 77 0 0
01:32 754.38 -1.78 76 0 0
01:33 754.38 -1.78 76 0 0
01:34 754.38 -1.78 76 0 0
01:35 754.38 -1.78 76 0 0
01:36 754.38 -1.78 76 0 0
01:37 754.38 -1.78 76 0 0
01:38 754.38 -1.78 76 0 0
01:39 754.38 -1.78 76 0 0
01:40 754.38 -1.78 76 0 0
01:41 754.38 -1.72 76 0 0
01:42 754.38 -1.72 76 0 0
01:43 754.38 -1.72 76 0 0
01:44 754.38 -1.72 76 0 0
01:45 754.38 -1.72 76 0 0
01:46 754.38 -1.78 76 0 0
01:47 754.38 -1.78 76 0 0
01:48 754.38 -1.78 76 0 0
01:49 754.38 -1.78 76 0 0
01:50 754.38 -1.78 76 0 0
01:51 754.38 -1.78 76 0 0
01:52 754.38 -1.78 76 0 0
01:53 754.38 -1.78 76 0 0
01:54 754.38 -1.83 76 0 0
01:55 754.38 -1.83 76 0 0
01:56 754.38 -1.83 76 0 0
01:57 754.38 -1.89 76 0 0
01:58 754.38 -1.89 76 0 0
01:59 754.38 -1.83 76 0 0
02:00 754.38 -1.83 76 0 0
02:01 754.38 -1.83 76 0 0
02:02 754.38 -1.83 76 0 0
02:03 754.38 -1.83 76 0 0
02:04 754.38 -1.83 76 0 0
02:05 754.38 -1.83 76 0 0
02:06 754.38 -1.83 76 0 0
02:07 754.38 -1.83 76 0 0
02:08 754.38 -1.83 76 0 0
02:09 754.38 -1.83 76 0 0
02:10 754.38 -1.83 76 0 0
02:11 754.38 -1.83 76 0 0
02:12 754.38 -1.83 76 0 0
02:13 754.38 -1.89 76 0 0
02:14 754.38 -1.89 76 0 0
02:15 754.38 -1.94 76 0 0
02:16 754.38 -2 76 0 0
02:17 754.38 -2.11 76 0 0
02:18 754.38 -2.11 77 0 0
02:19 754.38 -2.17 77 0 0
02:20 754.38 -2.22 77 0 0
02:21 754.38 -2.28 77 0 0
02:22 754.38 -2.33 77 0 0
02:23 754.38 -2.39 77 0 0
02:24 754.38 -2.44 77 0 0
02:25 754.38 -2.44 77 0 0
02:26 754.38 -2.5 77 0 0
02:27 754.38 -2.5 78 0 0
02:28 754.38 -2.56 78 0 0
02:29 754.38 -2.56 78 0 0
02:30 754.38 -2.61 78 0 0
02:31 754.38 -2.67 79 0 0
02:32 754.38 -2.67 79 0 0
02:33 754.38 -2.72 79 0 0
02:34 754.38 -2.83 79 0 0
02:35 754.38 -2.83 79 0 0
02:36 754.38 -2.89 79 0 0
02:37 754.38 -2.94 79 0 0
02:38 754.38 -2.94 79 0 0
02:39 754.38 -2.94 79 0 0
02:40 754.38 -2.94 79 0 0
02:41 754.38 -2.94 79 0 0
02:42 754.38 -2.94 79 0 0
02:43 754.38 -2.94 79 0 0
02:44 754.38 -2.94 79 0 0
02:45 754.38 -2.94 79 0 0
02:46 754.38 -3 79 0 0
02:47 754.38 -3 79 0 0
02:48 754.38 -2.94 79 0 0
02:49 754.38 -2.94 79 0 0
02:50 754.38 -2.89 79 0 0
02:51 754.38 -2.89 79 0 0
02:52 754.38 -2.89 79 0 0
02:53 754.38 -2.89 79 0 0
02:54 754.38 -2.89 79 0 0
02:55 754.38 -2.83 80 0 0
02:56 754.38 -2.89 80 0 0
02:57 754.38 -2.83 80 0 0
02:58 754.38 -2.89 80 0 0
02:59 754.38 -2.89 80 0 0
03:00 754.38 -2.89 79 0 0
03:01 754.38 -2.89 80 0 0
03:02 754.38 -2.94 80 0 0
03:03 754.38 -2.94 80 0 0
03:04 754.38 -2.94 80 0 0
03:05 754.38 -2.94 80 0 0
03:06 754.38 -2.94 80 0 0
03:07 754.38 -2.94 80 0 0
03:08 754.38 -3 80 0 0
03:09 754.38 -3 80 0 0
03:10 754.38 -3 80 0 0
03:11 754.38 -3 80 0 0
03:12 754.38 -3 81 0 0
03:13 754.38 -3 81 0 0
03:14 754.38 -3 81 0 0
03:15 754.38 -3 80 0 0
03:16 754.38 -3 80 0 0
03:17 754.38 -3 80 0 0
03:18 754.38 -3 81 0 0
03:19 754.38 -3 81 0 0
03:20 754.38 -3 81 0 0
03:21 754.38 -3 81 0 0
03:22 754.13 -3 81 0 0
03:23 754.38 -3 81 0 0
03:24 754.38 -2.94 81 0 0
03:25 754.13 -3 81 0 0
03:26 754.38 -3 80 0 0
03:27 754.13 -3 81 0 0
03:28 754.13 -3 81 0 0
03:29 754.13 -3 81 0 0
03:30 754.13 -3.06 81 0 0
03:31 754.13 -3.06 81 0 0
03:32 754.13 -3.06 81 0 0
03:33 754.13 -3.06 81 0 0
03:34 754.13 -3.06 81 0 0
03:35 754.13 -3.06 81 0 0
03:36 754.13 -3.06 81 0 0
03:37 754.13 -3.06 81 0 0
03:38 754.13 -3.06 81 0 0
03:39 754.13 -3 81 0 0
03:40 754.13 -3 81 0 0
03:41 754.13 -3 81 0 0
03:42 754.13 -3 81 0 0
03:43 754.13 -3 81 0 0
03:44 754.13 -3 81 0 0
03:45 754.13 -3 81 0 0
03:46 754.13 -3 81 0 0
03:47 754.13 -3 80 0 0
03:48 754.13 -2.94 81 0 0
03:49 754.13 -3 81 0 0
03:50 754.13 -2.94 81 0 0
03:51 754.13 -2.94 81 0 0
03:52 754.13 -2.94 81 0 0
03:53 754.13 -2.94 81 0 0
03:54 754.13 -2.94 81 0 0
03:55 754.13 -2.94 81 0 0
03:56 754.13 -2.89 81 0 0
03:57 754.13 -2.94 81 0 0
03:58 754.13 -2.94 81 0 0
03:59 754.13 -2.94 80 0 0
04:00 754.13 -3 80 0 0
04:01 754.13 -3.06 80 0 0
04:02 754.13 -3.11 80 0 0
04:03 754.13 -3.17 80 0 0
04:04 754.13 -3.17 80 0 0
04:05 754.13 -3.22 80 0 0
04:06 754.13 -3.28 80 0 0
04:07 754.13 -3.28 80 0 0
04:08 754.13 -3.33 80 0 0
04:09 754.13 -3.33 80 0 0
04:10 754.13 -3.33 80 0 0
04:11 754.13 -3.39 80 0 0
04:12 754.13 -3.44 80 0 0
04:13 754.13 -3.44 80 0 0
04:14 754.13 -3.44 80 0 0
04:15 754.13 -3.44 81 0 0
04:16 754.13 -3.44 81 0 0
04:17 754.13 -3.5 81 0 0
04:18 754.13 -3.44 81 0 0
04:19 754.13 -3.5 81 0 0
04:20 754.13 -3.44 81 0 0
04:21 754.13 -3.44 81 0 0
04:22 754.13 -3.44 81 0 0
04:23 754.13 -3.44 82 0 0
04:24 754.13 -3.44 82 0 0
04:25 754.13 -3.44 82 0 0
04:26 754.13 -3.39 82 0 0
04:27 754.13 -3.44 82 0 0
04:28 754.13 -3.44 82 0 0
04:29 754.13 -3.44 82 0 0
04:30 754.13 -3.44 82 0 0
04:31 754.13 -3.5 82 0 0
04:32 754.13 -3.5 82 0 0
04:33 754.13 -3.5 82 0 0
04:34 754.13 -3.5 82 0 0
04:35 754.13 -3.5 82 0 0
04:36 754.13 -3.56 82 0 0
04:37 754.13 -3.5 82 0 0
04:38 754.13 -3.56 82 0 0
04:39 754.13 -3.56 82 0 0
04:40 754.13 -3.56 82 0 0
04:41 754.13 -3.56 82 0 0
04:42 754.13 -3.56 82 0 0
04:43 754.13 -3.56 82 0 0
04:44 754.13 -3.56 82 0 0
04:45 754.13 -3.61 82 0 0
04:46 754.13 -3.61 82 0 0
04:47 754.13 -3.61 82 0 0
04:48 754.13 -3.56 83 0 0
04:49 754.13 -3.56 83 0 0
04:50 754.13 -3.56 83 0 0
04:51 754.13 -3.56 83 0 0
04:52 754.13 -3.56 83 0 0
04:53 754.13 -3.56 83 0 0
04:54 754.13 -3.56 83 0 0
04:55 754.13 -3.56 83 0 0
04:56 754.13 -3.56 83 0 0
04:57 753.87 -3.61 83 0 0
04:58 754.13 -3.56 83 0 0
04:59 753.87 -3.56 83 0 0
05:00 754.13 -3.56 83 0 0
05:01 754.13 -3.56 83 0 0
05:02 754.13 -3.56 83 0 0
05:03 754.13 -3.56 83 0 0
05:04 753.87 -3.56 83 0 0
05:05 754.13 -3.5 83 0 0
05:06 754.13 -3.56 83 0 0
05:07 754.13 -3.56 83 0 0
05:08 754.13 -3.5 82 0 0
05:09 754.13 -3.56 82 0 0
05:10 754.13 -3.61 82 0 0
05:11 754.13 -3.61 82 0 0
05:12 754.13 -3.61 82 0 0
05:13 754.13 -3.67 82 0 0
05:14 754.13 -3.72 82 0 0
05:15 754.13 -3.72 82 0 0
05:16 754.13 -3.78 82 0 0
05:17 754.13 -3.78 82 0 0
05:18 754.13 -3.78 82 0 0
05:19 754.13 -3.83 82 0 0
05:20 754.13 -3.78 82 0 0
05:21 754.13 -3.83 82 0 0
05:22 754.13 -3.83 82 0 0
05:23 754.13 -3.83 82 0 0
05:24 754.13 -3.83 82 0 0
05:25 754.13 -3.83 83 0 0
05:26 754.13 -3.83 83 0 0
05:27 754.13 -3.83 83 0 0
05:28 753.87 -3.83 83 0 0
05:29 754.13 -3.83 83 0 0
05:30 754.13 -3.83 83 0 0
05:31 754.13 -3.83 83 0 0
05:32 754.13 -3.83 83 0 0
05:33 754.13 -3.83 83 0 0
05:34 754.13 -3.89 83 0 0
05:35 754.13 -3.89 83 0 0
05:36 754.13 -3.94 83 0 0
05:37 753.87 -3.94 83 0 0
05:38 754.13 -3.94 83 0 0
05:39 754.13 -3.94 83 0 0
05:40 754.13 -4 83 0 0
05:41 753.87 -4 83 0 0
05:42 754.13 -4 83 0 0
05:43 753.87 -3.94 83 0 0
05:44 754.13 -3.94 83 0 0
05:45 754.13 -3.94 83 0 0
05:46 754.13 -3.94 83 0 0
05:47 754.13 -3.94 83 0 0
05:48 754.13 -3.94 84 0 0
05:49 754.13 -3.89 84 0 0
05:50 754.13 -3.89 83 0 0
05:51 754.13 -3.89 84 0 0
05:52 753.87 -3.89 84 0 0
05:53 753.87 -3.89 84 0 0
05:54 754.13 -3.89 83 0 0
05:55 754.13 -3.94 83 0 0
05:56 754.13 -3.89 83 0 0
05:57 753.87 -3.94 83 0 0
05:58 754.13 -4 83 0 0
05:59 754.13 -4 83 0 0
06:00 754.13 -4.06 83 0 0
06:01 754.13 -4.06 83 0 0
06:02 754.13 -4.06 83 0 0
06:03 754.13 -4.11 83 0 0
06:04 754.13 -4.06 83 0 0
06:05 754.13 -4.11 83 0 0
06:06 754.13 -4.06 84 0 0
06:07 754.13 -4.06 84 0 0
06:08 753.87 -4.11 84 0 0
06:09 754.13 -4.11 83 0 0
06:10 753.87 -4.06 83 0 0
06:11 754.13 -4.17 83 0 0
06:12 754.13 -4.17 83 0 0
06:13 753.87 -4.17 83 0 0
06:14 754.13 -4.17 83 0 0
06:15 754.13 -4.17 83 0 0
06:16 753.87 -4.17 84 0 0
06:17 754.13 -4.11 84 0 0
06:18 754.13 -4.11 84 0 0
06:19 753.87 -4.11 84 0 0
06:20 754.13 -4.11 84 0 0
06:21 754.13 -4.06 84 0 0
06:22 754.13 -4.06 84 0 0
06:23 753.87 -4.06 83 0 0
06:24 754.13 -4.06 83 0 0
06:25 754.13 -4 83 0 0
06:26 754.13 -4 83 0 0
06:27 754.13 -4 84 0 0
06:28 754.13 -4.06 83 0 0
06:29 753.87 -4.06 83 0 0
06:30 754.13 -4.11 83 0 0
06:31 754.13 -4.17 83 0 0
06:32 754.13 -4.22 83 0 0
06:33 753.87 -4.22 83 0 0
06:34 753.87 -4.28 83 0 0
06:35 753.87 -4.28 83 0 0
06:36 753.87 -4.28 84 0 0
06:37 754.13 -4.22 84 0 0
06:38 754.13 -4.28 84 0 0
06:39 753.87 -4.22 84 0 0
06:40 753.87 -4.22 84 0 0
06:41 754.13 -4.22 84 0 0
06:42 754.13 -4.17 84 0 0
06:43 754.13 -4.17 84 0 0
06:44 754.13 -4.17 84 0 0
06:45 754.13 -4.17 84 0 0
06:46 753.87 -4.11 84 0 0
06:47 753.87 -4.11 84 0 0
06:48 754.13 -4.06 84 0 0
06:49 754.13 -4.06 84 0 0
06:50 754.13 -4.06 84 0 0
06:51 754.13 -4 84 0 0
06:52 753.87 -3.94 84 0 0
06:53 754.13 -3.89 84 0 0
06:54 754.13 -3.83 84 0 0
06:55 754.13 -3.83 84 0 0
06:56 754.13 -3.78 84 0 0
06:57 754.13 -3.78 84 0 0
06:58 754.13 -3.72 84 0 0
06:59 754.13 -3.72 83 0 0
07:00 754.13 -3.67 83 0 0
07:01 754.13 -3.67 83 0 0
07:02 753.87 -3.61 83 0 0
07:03 754.13 -3.61 83 0 0
07:04 754.13 -3.56 83 0 0
07:05 753.87 -3.56 83 0 0
07:06 754.13 -3.56 83 0 0
07:07 754.13 -3.5 83 0 0
07:08 754.13 -3.5 83 0 0
07:09 754.13 -3.5 83 0 0
07:10 754.13 -3.44 83 0 0
07:11 754.13 -3.44 82 .45 0
07:12 754.13 -3.44 82 .45 0
07:13 754.13 -3.39 82 .89 0
07:14 754.13 -3.33 82 .89 0
07:15 754.13 -3.33 82 .45 0
07:16 754.13 -3.33 82 .45 0
07:17 754.13 -3.28 82 0 0
07:18 754.13 -3.22 82 0 0
07:19 754.13 -3.17 82 0 0
07:20 754.13 -3.11 82 0 0
07:21 754.13 -3.06 82 0 0
07:22 754.13 -3 82 0 0
07:23 754.13 -2.94 82 0 0
07:24 754.13 -2.89 82 0 0
07:25 754.13 -2.78 82 0 0
07:26 754.13 -2.67 82 0 0
07:27 754.13 -2.61 82 0 0
07:28 754.13 -2.56 81 0 0
07:29 754.13 -2.5 81 0 0
07:30 754.13 -2.44 81 0 0
07:31 754.13 -2.39 81 0 0
07:32 754.13 -2.33 81 0 0
07:33 754.13 -2.33 81 0 0
07:34 754.13 -2.28 80 0 0
07:35 754.13 -2.28 80 0 0
07:36 754.13 -2.17 80 0 0
07:37 754.13 -2.17 80 0 0
07:38 754.13 -2.17 80 1.34 0
07:39 754.13 -2.11 80 .45 0
07:40 754.13 -2.11 79 .89 0
07:41 754.13 -2.06 80 .45 0
07:42 754.13 -2.06 80 1.34 0
07:43 754.13 -2 79 .45 0
07:44 754.13 -1.94 79 .89 0
07:45 754.13 -1.94 79 .45 0
07:46 754.13 -1.89 79 .45 0
07:47 754.13 -1.83 79 .89 0
07:48 754.13 -1.78 79 1.79 0
07:49 754.13 -1.72 79 0 0
07:50 754.13 -1.67 79 .45 0
07:51 754.13 -1.61 79 0 0
07:52 754.13 -1.56 79 .45 0
07:53 754.13 -1.44 79 0 0
07:54 754.13 -1.39 78 0 0
07:55 754.13 -1.33 78 0 0
07:56 754.13 -1.17 78 0 0
07:57 754.13 -1.11 78 0 0
07:58 754.13 -1.06 78 0 0
07:59 754.13 -.94 78 0 0
08:00 754.13 -1 77 .89 0
08:01 754.13 -.94 77 .45 0
08:02 754.13 -1 77 .45 0
08:03 754.13 -.94 77 .45 0
08:04 754.13 -.94 77 0 0
08:05 754.13 -.89 77 1.79 0
08:06 754.13 -.89 76 .45 0
08:07 754.13 -.78 76 .89 0
08:08 754.13 -.78 76 1.34 0
08:09 754.13 -.72 76 .45 0
08:10 754.13 -.67 76 0 0
08:11 754.13 -.56 76 0 0
08:12 754.13 -.56 76 0 0
08:13 754.13 -.44 76 .45 0
08:14 754.13 -.44 75 .45 0
08:15 754.13 -.39 75 .89 0
08:16 754.13 -.33 75 .89 0
08:17 754.13 -.33 75 1.34 0
08:18 754.13 -.33 74 .45 0
08:19 754.13 -.22 74 .45 0
08:20 754.13 -.17 74 .89 0
08:21 754.13 -.11 74 1.34 0
08:22 754.13 -.11 73 .45 0
08:23 754.13 -.06 73 .89 0
08:24 754.13 0 73 1.34 0
08:25 754.13 .06 73 .89 0
08:26 754.13 .11 73 .89 0
08:27 754.13 .17 73 .45 0
08:28 754.13 .17 73 .45 0
08:29 754.13 .22 73 .45 0
08:30 754.13 .28 73 .89 0
08:31 754.13 .33 73 .89 0
08:32 754.13 .33 72 .89 0
08:33 754.13 .39 72 .89 0
08:34 754.13 .39 71 .45 0
08:35 754.13 .44 71 .45 0
08:36 754.13 .5 71 .89 0
08:37 754.13 .5 71 .89 0
08:38 754.13 .56 71 .45 0
08:39 754.13 .61 71 .89 0
08:40 754.13 .67 71 .89 0
08:41 754.13 .72 71 .89 0
08:42 754.13 .78 70 1.34 0
08:43 754.13 .78 70 1.34 0
08:44 754.13 .78 70 1.34 0
08:45 754.13 .78 70 .89 0
08:46 754.13 .78 70 1.34 0
08:47 754.13 .78 70 .89 0
08:48 754.13 .83 70 .45 0
08:49 754.13 .83 70 1.34 0
08:50 754.13 .83 70 .89 0
08:51 754.13 .83 70 .89 0
08:52 754.13 .94 70 .89 0
08:53 754.13 .94 70 .89 0
08:54 754.13 1 70 .45 0
08:55 754.13 1.06 70 .89 0
08:56 754.13 1.11 70 .89 0
08:57 754.13 1.22 69 .89 0
08:58 754.13 1.28 69 .89 0
08:59 754.13 1.33 69 .89 0
09:00 754.13 1.44 69 .89 0
09:01 754.13 1.44 69 .89 0
09:02 754.13 1.56 68 1.34 0
09:03 754.13 1.61 68 .89 0
09:04 754.13 1.67 68 1.34 0
09:05 754.13 1.67 67 .89 0
09:06 754.13 1.78 68 .45 0
09:07 754.13 1.83 67 .89 0
09:08 754.13 1.94 67 1.34 0
09:09 754.13 1.94 67 .89 0
09:10 754.13 2.06 66 .45 0
09:11 754.13 2.06 66 .89 0
09:12 754.38 2.11 66 .89 0
09:13 754.13 2.17 66 .45 0
09:14 754.38 2.17 65 .45 0
09:15 754.13 2.17 66 0 0
09:16 754.38 2.28 66 .45 0
09:17 754.13 2.28 66 .45 0
09:18 754.38 2.33 66 0 0
09:19 754.38 2.44 65 0 0
09:20 754.38 2.44 66 0 0
09:21 754.38 2.5 66 0 0
09:22 754.38 2.56 65 0 0
09:23 754.38 2.56 65 0 0
09:24 754.38 2.67 65 0 0
09:25 754.38 2.72 65 0 0
09:26 754.38 2.78 65 0 0
09:27 754.38 2.83 65 0 0
09:28 754.38 2.94 65 0 0
09:29 754.38 3 65 .89 0
09:30 754.38 3.11 65 0 0
09:31 754.38 3.22 64 .89 0
09:32 754.38 3.28 64 .89 0
09:33 754.38 3.33 62 .45 0
09:34 754.38 3.39 62 .89 0
09:35 754.38 3.39 62 0 0
09:36 754.38 3.5 62 .89 0
09:37 754.38 3.5 62 .89 0
09:38 754.38 3.56 61 1.34 0
09:39 754.38 3.56 61 .89 0
09:40 754.38 3.56 61 .89 0
09:41 754.38 3.61 61 .89 0
09:42 754.38 3.61 61 .45 0
09:43 754.38 3.67 61 0 0
09:44 754.38 3.67 62 1.34 0
09:45 754.38 3.72 61 .89 0
09:46 754.38 3.72 61 1.34 0
09:47 754.38 3.72 60 .45 0
09:48 754.38 3.72 60 .89 0
09:49 754.38 3.78 61 .45 0
09:50 754.38 3.83 61 .45 0
09:51 754.13 3.94 61 .45 0
09:52 754.38 3.94 61 .89 0
09:53 754.38 4.06 60 1.34 0
09:54 754.38 4 60 1.34 0
09:55 754.13 4.06 60 1.79 0
09:56 754.38 4.06 59 .89 0
09:57 754.38 4 59 .89 0
09:58 754.13 4 59 .89 0
09:59 754.13 4.06 60 .89 0
10:00 754.13 4.11 60 .89 0
10:01 754.38 4.17 60 .45 0
10:02 754.38 4.22 60 0 0
10:03 754.38 4.33 60 0 0
10:04 754.13 4.39 60 .89 0
10:05 754.13 4.5 60 .89 0
10:06 754.13 4.56 59 1.79 0
10:07 754.13 4.61 59 .89 0
10:08 754.13 4.61 59 .45 0
10:09 754.13 4.67 59 .45 0
10:10 754.13 4.67 59 .89 0
10:11 754.13 4.72 58 1.79 0
10:12 754.13 4.67 58 1.34 0
10:13 754.13 4.67 58 .45 0
10:14 754.13 4.67 58 .45 0
10:15 754.13 4.72 59 1.34 0
10:16 754.13 4.78 58 1.34 0
10:17 754.13 4.83 58 0 0
10:18 754.13 4.89 58 1.34 0
10:19 754.13 4.94 58 1.34 0
10:20 754.13 4.89 57 1.79 0
10:21 754.13 4.83 57 .89 0
10:22 754.13 4.83 58 .45 0
10:23 754.13 4.83 58 1.79 0
10:24 754.13 4.78 58 2.24 0
10:25 754.13 4.78 58 1.34 0
10:26 754.13 4.72 58 .45 0
10:27 754.13 4.72 59 1.79 0
10:28 754.13 4.78 59 .89 0
10:29 754.13 4.78 58 2.24 0
10:30 754.13 4.78 58 1.34 0
10:31 754.13 4.83 58 0 0
10:32 754.13 4.83 59 1.34 0
10:33 754.13 4.94 59 1.79 0
10:34 754.13 5 58 2.24 0
10:35 754.13 4.94 58 .89 0
10:36 754.13 5 58 1.34 0
10:37 754.13 5.06 59 1.34 0
10:38 754.13 5.11 59 .89 0
10:39 754.13 5.17 58 2.24 0
10:40 754.13 5.17 58 .45 0
10:41 754.13 5.22 58 1.34 0
10:42 754.13 5.22 58 2.24 0
10:43 754.13 5.28 58 2.68 0
10:44 754.13 5.28 57 1.79 0
10:45 754.13 5.28 57 1.34 0
10:46 754.13 5.28 56 .45 0
10:47 754.13 5.28 56 1.79 0
10:48 754.13 5.33 57 2.24 0
10:49 754.13 5.39 57 2.24 0
10:50 754.13 5.44 56 1.79 0
10:51 754.13 5.39 56 1.34 0
10:52 754.13 5.44 57 1.34 0
10:53 754.13 5.5 57 .89 0
10:54 754.13 5.56 57 .89 0
10:55 754.13 5.61 56 1.79 0
10:56 754.13 5.67 55 2.68 0
10:57 754.13 5.67 55 1.79 0
10:58 754.13 5.72 55 2.24 0
10:59 754.13 5.78 55 .45 0
11:00 754.13 5.83 54 1.79 0
11:01 754.13 5.83 54 .45 0
11:02 754.13 5.89 54 2.68 0
11:03 754.13 5.89 54 2.68 0
11:04 754.13 5.83 53 2.24 0
11:05 754.13 5.78 52 1.79 0
11:06 754.13 5.78 53 3.13 0
11:07 754.13 5.78 53 2.24 0
11:08 754.13 5.78 54 3.13 0
11:09 754.13 5.83 54 1.79 0
11:10 754.13 5.83 53 3.13 0
11:11 754.13 5.89 53 2.24 0
11:12 754.13 5.89 53 1.79 0
11:13 754.13 5.94 53 1.79 0
11:14 754.13 5.94 53 2.24 0
11:15 754.13 5.94 53 2.24 0
11:16 754.13 5.89 52 1.79 0
11:17 753.87 5.83 52 4.02 0
11:18 754.13 5.83 52 3.13 0
11:19 753.87 5.89 53 3.13 0
11:20 753.87 5.89 53 3.58 0
11:21 753.87 5.89 53 2.24 0
11:22 753.87 5.94 53 2.24 0
11:23 753.87 5.94 52 3.13 0
11:24 753.87 5.94 52 2.24 0
11:25 753.87 5.94 53 4.47 0
11:26 753.87 6 52 2.68 0
11:27 753.87 6.06 52 1.79 0
11:28 753.87 6.06 52 2.24 0
11:29 753.87 6.06 52 .45 0
11:30 753.87 6.11 53 1.79 0
11:31 753.87 6.17 52 .89 0
11:32 753.87 6.17 52 .89 0
11:33 753.87 6.22 52 3.58 0
11:34 753.87 6.22 52 1.34 0
11:35 753.87 6.28 51 1.34 0
11:36 753.87 6.28 52 1.79 0
11:37 753.87 6.28 51 1.79 0
11:38 753.87 6.28 51 .45 0
11:39 753.87 6.28 52 2.24 0
11:40 753.87 6.28 51 .89 0
11:41 753.87 6.33 52 .89 0
11:42 753.87 6.33 52 1.79 0
11:43 753.87 6.39 52 2.24 0
11:44 753.87 6.44 51 1.79 0
11:45 753.87 6.5 51 3.13 0
11:46 753.87 6.56 50 3.13 0
11:47 753.87 6.56 50 3.13 0
11:48 753.87 6.56 50 2.24 0
11:49 753.87 6.5 50 2.68 0
11:50 753.87 6.5 50 3.13 0
11:51 753.87 6.5 50 2.68 0
11:52 753.87 6.44 50 2.68 0
11:53 753.87 6.44 51 3.13 0
11:54 753.87 6.5 51 .89 0
11:55 753.87 6.5 51 1.34 0
11:56 753.87 6.56 50 2.68 0
11:57 753.87 6.61 50 2.24 0
11:58 753.87 6.61 50 2.24 0
11:59 753.87 6.67 50 1.79 0
12:00 753.87 6.67 51 1.79 0
12:01 753.87 6.67 51 2.24 0
12:02 753.87 6.72 50 1.34 0
12:03 753.87 6.78 50 .45 0
12:04 753.87 6.83 50 .89 0
12:05 753.87 6.89 50 1.79 0
12:06 753.87 6.94 49 1.34 0
12:07 753.87 6.94 49 1.79 0
12:08 753.87 7 50 1.79 0
12:09 753.87 7.06 50 1.79 0
12:10 753.87 7.06 49 2.24 0
12:11 753.87 7.11 49 1.34 0
12:12 753.87 7.06 49 3.58 0
12:13 753.87 7.06 49 2.24 0
12:14 753.87 7.06 49 3.13 0
12:15 753.87 7 49 1.79 0
12:16 753.87 7.06 49 2.24 0
12:17 753.87 7.06 49 1.34 0
12:18 753.87 7.11 49 2.24 0
12:19 753.87 7.11 49 3.13 0
12:20 753.87 7.11 48 2.24 0
12:21 753.87 7.11 48 3.13 0
12:22 753.87 7.11 48 2.68 0
12:23 753.87 7.06 48 1.34 0
12:24 753.87 7.11 48 1.79 0
12:25 753.87 7.11 48 2.24 0
12:26 753.87 7.17 48 1.34 0
12:27 753.62 7.17 49 1.34 0
12:28 753.87 7.22 48 .45 0
12:29 753.87 7.28 48 .89 0
12:30 753.87 7.39 49 2.24 0
12:31 753.87 7.39 48 2.24 0
12:32 753.62 7.44 47 2.24 0
12:33 753.62 7.44 45 2.68 0
12:34 753.62 7.39 45 2.24 0
12:35 753.87 7.44 45 2.68 0
12:36 753.62 7.44 45 2.24 0
12:37 753.62 7.5 45 3.13 0
12:38 753.62 7.5 46 2.24 0
12:39 753.62 7.5 46 2.24 0
12:40 753.62 7.5 46 1.79 0
12:41 753.62 7.5 46 3.13 0
12:42 753.62 7.5 45 .45 0
12:43 753.62 7.56 46 1.79 0
12:44 753.62 7.56 45 4.92 0
12:45 753.62 7.5 44 3.13 0
12:46 753.62 7.5 45 2.24 0
12:47 753.62 7.5 45 3.58 0
12:48 753.62 7.56 44 2.68 0
12:49 753.62 7.56 44 3.13 0
12:50 753.62 7.56 44 2.68 0
12:51 753.62 7.56 45 2.68 0
12:52 753.62 7.56 44 2.24 0
12:53 753.62 7.56 45 3.13 0
12:54 753.62 7.56 45 .89 0
12:55 753.62 7.56 46 2.24 0
12:56 753.62 7.61 45 1.79 0
12:57 753.62 7.67 45 1.79 0
12:58 753.62 7.67 45 2.24 0
12:59 753.62 7.67 45 2.68 0
13:00 753.62 7.61 45 .45 0
13:01 753.62 7.61 45 3.13 0
13:02 753.62 7.61 45 3.13 0
13:03 753.62 7.61 45 2.68 0
13:04 753.62 7.56 44 .45 0
13:05 753.62 7.61 45 2.24 0
13:06 753.62 7.56 45 2.68 0
13:07 753.62 7.56 45 .89 0
13:08 753.62 7.56 46 2.68 0
13:09 753.62 7.61 46 1.34 0
13:10 753.62 7.61 46 1.34 0
13:11 753.62 7.61 47 .89 0
13:12 753.62 7.72 46 3.13 0
13:13 753.62 7.72 46 3.58 0
13:14 753.62 7.67 45 2.68 0
13:15 753.62 7.67 45 2.68 0
13:16 753.62 7.67 45 4.02 0
13:17 753.62 7.67 45 1.34 0
13:18 753.62 7.67 45 1.34 0
13:19 753.62 7.67 46 2.68 0
13:20 753.62 7.67 45 1.34 0
13:21 753.62 7.61 45 1.79 0
13:22 753.62 7.67 46 1.79 0
13:23 753.62 7.72 46 2.68 0
13:24 753.62 7.78 46 2.24 0
13:25 753.36 7.83 46 2.24 0
13:26 753.62 7.89 45 1.79 0
13:27 753.36 7.89 45 .45 0
13:28 753.62 7.89 44 2.24 0
13:29 753.36 7.89 44 2.68 0
13:30 753.62 7.83 44 2.68 0
13:31 753.36 7.83 44 2.68 0
13:32 753.62 7.89 44 3.13 0
13:33 753.62 7.89 43 1.79 0
13:34 753.62 7.89 43 3.58 0
13:35 753.62 7.89 43 3.58 0
13:36 753.36 7.89 43 2.24 0
13:37 753.62 7.89 42 1.79 0
13:38 753.62 7.83 43 2.68 0
13:39 753.36 7.83 43 2.68 0
13:40 753.36 7.83 43 1.34 0
13:41 753.62 7.83 43 1.79 0
13:42 753.62 7.78 43 .89 0
13:43 753.36 7.83 43 3.13 0
13:44 753.36 7.89 43 1.34 0
13:45 753.36 7.89 43 1.34 0
13:46 753.36 7.94 43 1.34 0
13:47 753.36 8 43 1.79 0
13:48 753.36 8.06 43 .89 0
13:49 753.36 8.11 43 1.34 0
13:50 753.36 8.17 42 3.13 0
13:51 753.36 8.22 41 2.68 0
13:52 753.36 8.22 41 4.02 0
13:53 753.36 8.17 42 1.79 0
13:54 753.36 8.17 42 1.34 0
13:55 753.36 8.22 42 1.79 0
13:56 753.36 8.22 41 3.13 0
13:57 753.36 8.22 42 .45 0
13:58 753.36 8.33 42 2.24 0
13:59 753.36 8.33 42 2.24 0
14:00 753.36 8.28 40 4.02 0
14:01 753.36 8.17 40 3.58 0
14:02 753.36 8.06 40 2.24 0
14:03 753.36 8 40 3.58 0
14:04 753.36 7.94 40 2.68 0
14:05 753.36 7.89 40 .89 0
14:06 753.36 7.89 41 2.24 0
14:07 753.36 7.94 40 2.24 0
14:08 753.36 8 41 2.68 0
14:09 753.36 8.06 41 2.68 0
14:10 753.36 8.11 41 3.58 0
14:11 753.36 8.06 40 2.24 0
14:12 753.36 8.06 41 2.68 0
14:13 753.11 8.06 41 4.02 0
14:14 753.36 8.06 41 2.68 0
14:15 753.36 8 40 2.68 0
14:16 753.36 8 39 3.58 0
14:17 753.11 8 40 1.79 0
14:18 753.11 8 40 2.24 0
14:19 753.11 7.94 40 4.02 0
14:20 753.11 7.94 40 2.68 0
14:21 753.11 7.89 40 1.34 0
14:22 753.11 7.89 41 0 0
14:23 753.11 7.89 41 0 0
14:24 753.11 7.94 41 3.58 0
14:25 753.11 8.06 41 3.58 0
14:26 753.11 8.06 41 2.24 0
14:27 753.11 8.06 41 1.34 0
14:28 753.11 8.06 40 .89 0
14:29 753.11 8.06 41 3.13 0
14:30 753.11 8.17 42 2.24 0
14:31 753.11 8.17 41 .45 0
14:32 752.86 8.28 42 2.24 0
14:33 753.11 8.28 40 2.68 0
14:34 753.11 8.33 40 1.79 0
14:35 752.86 8.33 41 1.79 0
14:36 752.86 8.33 39 1.79 0
14:37 752.86 8.39 40 .45 0
14:38 752.86 8.44 40 2.24 0
14:39 753.11 8.39 40 .89 0
14:40 752.86 8.33 40 2.68 0
14:41 752.86 8.22 40 2.24 0
14:42 752.86 8.17 40 1.34 0
14:43 752.86 8.17 40 3.13 0
14:44 752.86 8.17 40 4.02 0
14:45 752.86 8.17 39 3.58 0
14:46 752.86 8.11 39 3.58 0
14:47 752.86 8.11 39 2.68 0
14:48 752.86 8.11 39 2.68 0
14:49 752.86 8.17 40 2.24 0
14:50 752.86 8.17 40 2.24 0
14:51 752.86 8.17 39 3.58 0
14:52 752.86 8.17 39 1.34 0
14:53 752.86 8.17 39 3.58 0
14:54 752.86 8.17 39 4.02 0
14:55 752.86 8.17 37 1.79 0
14:56 752.86 8.17 37 .45 0
14:57 752.86 8.22 38 3.13 0
14:58 752.86 8.22 36 2.68 0
14:59 752.86 8.22 37 3.58 0
15:00 752.86 8.28 37 4.02 0
15:01 752.86 8.28 36 1.79 0
15:02 752.86 8.28 36 3.13 0
15:03 752.86 8.28 36 4.02 0
15:04 752.86 8.28 35 1.79 0
15:05 752.86 8.28 35 3.13 0
15:06 752.86 8.28 35 1.34 0
15:07 752.86 8.28 36 .45 0
15:08 752.86 8.33 37 0 0
15:09 752.86 8.39 37 1.34 0
15:10 752.86 8.44 36 2.68 0
15:11 752.86 8.44 35 1.79 0
15:12 752.86 8.44 35 .45 0
15:13 752.86 8.44 35 2.24 0
15:14 752.86 8.44 35 1.79 0
15:15 752.86 8.5 35 1.34 0
15:16 752.86 8.56 35 4.02 0
15:17 752.86 8.5 35 4.47 0
15:18 752.86 8.56 35 1.34 0
15:19 752.86 8.5 35 3.58 0
15:20 752.86 8.5 34 1.34 0
15:21 752.86 8.44 35 3.58 0
15:22 752.86 8.44 33 1.79 0
15:23 752.86 8.39 34 3.13 0
15:24 752.86 8.33 34 2.68 0
15:25 752.6 8.33 34 1.34 0
15:26 752.86 8.44 35 2.24 0
15:27 752.6 8.44 34 .89 0
15:28 752.86 8.44 34 3.58 0
15:29 752.6 8.39 33 3.13 0
15:30 752.86 8.33 34 3.13 0
15:31 752.6 8.33 34 3.13 0
15:32 752.6 8.33 33 2.24 0
15:33 752.6 8.33 34 1.34 0
15:34 752.6 8.33 34 2.24 0
15:35 752.6 8.33 33 1.34 0
15:36 752.6 8.33 34 3.13 0
15:37 752.6 8.39 34 2.24 0
15:38 752.6 8.39 33 2.68 0
15:39 752.6 8.39 33 2.68 0
15:40 752.6 8.44 33 2.68 0
15:41 752.6 8.44 32 2.24 0
15:42 752.6 8.39 33 1.34 0
15:43 752.6 8.39 33 3.13 0
15:44 752.6 8.39 32 1.34 0
15:45 752.6 8.39 33 3.58 0
15:46 752.6 8.39 32 4.92 0
15:47 752.6 8.33 32 1.79 0
15:48 752.6 8.33 32 1.79 0
15:49 752.6 8.28 32 2.24 0
15:50 752.6 8.28 32 1.34 0
15:51 752.6 8.22 32 3.13 0
15:52 752.6 8.22 32 1.34 0
15:53 752.6 8.22 31 1.34 0
15:54 752.6 8.17 31 3.58 0
15:55 752.6 8.17 31 2.24 0
15:56 752.6 8.17 31 2.24 0
15:57 752.6 8.22 32 2.68 0
15:58 752.6 8.22 31 1.79 0
15:59 752.6 8.28 32 .45 0
16:00 752.6 8.28 32 2.24 0
16:01 752.6 8.33 32 2.68 0
16:02 752.6 8.33 31 1.34 0
16:03 752.6 8.33 31 3.13 0
16:04 752.6 8.33 30 1.79 0
16:05 752.6 8.33 31 1.34 0
16:06 752.6 8.33 31 2.68 0
16:07 752.6 8.33 30 2.68 0
16:08 752.6 8.33 31 2.68 0
16:09 752.6 8.33 30 2.68 0
16:10 752.6 8.28 30 3.13 0
16:11 752.6 8.28 30 2.68 0
16:12 752.6 8.22 30 2.24 0
16:13 752.6 8.22 31 2.68 0
16:14 752.6 8.22 30 2.24 0
16:15 752.35 8.22 30 1.79 0
16:16 752.35 8.28 30 3.58 0
16:17 752.35 8.22 30 2.24 0
16:18 752.35 8.22 30 2.24 0
16:19 752.35 8.22 30 1.79 0
16:20 752.35 8.22 30 2.68 0
16:21 752.35 8.22 30 .45 0
16:22 752.35 8.28 30 3.13 0
16:23 752.35 8.28 31 4.02 0
16:24 752.35 8.28 31 2.24 0
16:25 752.35 8.28 31 2.68 0
16:26 752.35 8.28 30 1.34 0
16:27 752.35 8.28 30 2.68 0
16:28 752.35 8.28 30 3.58 0
16:29 752.35 8.28 30 4.47 0
16:30 752.35 8.22 30 2.68 0
16:31 752.35 8.22 30 4.47 0
16:32 752.35 8.17 30 2.68 0
16:33 752.35 8.17 29 3.13 0
16:34 752.35 8.17 29 1.34 0
16:35 752.35 8.17 29 1.34 0
16:36 752.35 8.17 30 2.24 0
16:37 752.35 8.17 30 3.58 0
16:38 752.35 8.17 29 3.13 0
16:39 752.35 8.17 29 3.58 0
16:40 752.35 8.17 29 4.02 0
16:41 752.35 8.17 29 4.02 0
16:42 752.35 8.17 28 .89 0
16:43 752.35 8.17 29 2.24 0
16:44 752.35 8.17 29 2.24 0
16:45 752.35 8.17 29 4.02 0
16:46 752.35 8.17 29 2.68 0
16:47 752.35 8.17 29 2.24 0
16:48 752.35 8.17 29 3.58 0
16:49 752.35 8.17 29 2.24 0
16:50 752.35 8.17 29 3.13 0
16:51 752.35 8.17 29 2.68 0
16:52 752.35 8.17 30 1.79 0
16:53 752.35 8.17 30 2.24 0
16:54 752.35 8.22 30 1.34 0
16:55 752.35 8.28 30 2.24 0
16:56 752.35 8.28 30 2.24 0
16:57 752.35 8.28 29 2.68 0
16:58 752.35 8.22 30 3.13 0
16:59 752.35 8.22 30 2.24 0
17:00 752.35 8.17 30 .89 0
17:01 752.35 8.22 30 2.24 0
17:02 752.35 8.17 31 2.24 0
17:03 752.35 8.17 31 1.79 0
17:04 752.35 8.17 31 1.79 0
17:05 752.35 8.17 31 .45 0
17:06 752.35 8.17 32 2.68 0
17:07 752.09 8.11 30 2.24 0
17:08 752.35 8.11 31 2.24 0
17:09 752.09 8.11 31 3.13 0
17:10 752.09 8.11 31 2.24 0
17:11 752.09 8.11 31 1.79 0
17:12 752.35 8.17 31 2.24 0
17:13 752.09 8.11 31 1.79 0
17:14 752.35 8.11 32 1.34 0
17:15 752.09 8.11 32 .89 0
17:16 752.35 8.17 32 2.24 0
17:17 752.09 8.11 32 2.24 0
17:18 752.09 8.17 32 1.79 0
17:19 752.09 8.11 32 1.79 0
17:20 752.09 8.17 32 1.34 0
17:21 752.09 8.11 32 1.34 0
17:22 752.09 8.17 32 .89 0
17:23 752.09 8.17 33 .89 0
17:24 752.09 8.17 33 2.24 0
17:25 752.09 8.17 32 1.34 0
17:26 752.09 8.17 32 .89 0
17:27 752.09 8.17 32 2.24 0
17:28 752.09 8.17 32 2.68 0
17:29 752.09 8.11 31 2.68 0
17:30 752.09 8.06 32 1.34 0
17:31 752.09 8.06 32 1.34 0
17:32 752.09 8.06 32 1.79 0
17:33 752.09 8 30 1.79 0
17:34 752.09 7.94 31 2.68 0
17:35 752.09 7.94 31 1.79 0
17:36 752.09 7.94 31 3.13 0
17:37 752.09 7.89 31 2.68 0
17:38 752.09 7.89 31 .89 0
17:39 752.09 7.89 31 2.24 0
17:40 752.09 7.89 31 1.79 0
17:41 752.09 7.83 31 1.34 0
17:42 752.09 7.89 31 1.34 0
17:43 752.09 7.83 31 2.24 0
17:44 752.09 7.83 32 2.24 0
17:45 752.09 7.83 32 1.34 0
17:46 752.09 7.83 33 2.24 0
17:47 752.09 7.83 33 1.34 0
17:48 752.09 7.83 34 2.24 0
17:49 752.09 7.83 34 1.79 0
17:50 752.09 7.83 34 .89 0
17:51 752.09 7.83 34 2.68 0
17:52 752.09 7.83 34 .45 0
17:53 752.09 7.83 34 2.24 0
17:54 752.09 7.78 34 1.79 0
17:55 752.09 7.78 35 2.24 0
17:56 752.09 7.78 35 1.34 0
17:57 752.09 7.78 35 2.24 0
17:58 752.09 7.72 36 2.68 0
17:59 752.09 7.72 36 1.79 0
18:00 752.09 7.72 36 1.79 0
18:01 752.09 7.67 36 2.24 0
18:02 752.09 7.67 36 1.79 0
18:03 752.09 7.67 36 2.68 0
18:04 752.09 7.61 36 1.34 0
18:05 752.09 7.56 36 2.24 0
18:06 752.09 7.56 37 .45 0
18:07 752.09 7.56 37 1.34 0
18:08 752.09 7.56 38 .89 0
18:09 752.09 7.56 37 1.34 0
18:10 752.09 7.5 37 1.34 0
18:11 752.09 7.5 37 .89 0
18:12 752.09 7.5 38 .89 0
18:13 752.09 7.44 38 1.34 0
18:14 752.09 7.44 38 1.79 0
18:15 752.09 7.44 38 1.79 0
18:16 752.09 7.39 38 1.79 0
18:17 752.09 7.39 38 .89 0
18:18 752.09 7.33 39 1.79 0
18:19 752.09 7.33 39 .89 0
18:20 751.84 7.33 39 .45 0
18:21 752.09 7.28 39 .45 0
18:22 752.09 7.28 39 .89 0
18:23 752.09 7.28 39 1.34 0
18:24 752.09 7.22 40 1.34 0
18:25 752.09 7.22 40 2.68 0
18:26 751.84 7.17 40 .89 0
18:27 751.84 7.17 40 .89 0
18:28 751.84 7.11 40 .45 0
18:29 751.84 7.11 41 1.34 0
18:30 751.84 7.11 41 .89 0
18:31 752.09 7.06 41 .45 0
18:32 751.84 7 41 1.34 0
18:33 751.84 7 41 0 0
18:34 751.84 6.94 42 1.34 0
18:35 751.84 6.89 42 1.34 0
18:36 751.84 6.89 42 .89 0
18:37 751.84 6.83 42 .89 0
18:38 751.84 6.83 43 1.79 0
18:39 751.84 6.78 43 .45 0
18:40 751.84 6.72 43 .89 0
18:41 751.84 6.67 43 .89 0
18:42 751.84 6.67 44 .45 0
18:43 751.84 6.61 44 .89 0
18:44 751.84 6.61 45 1.34 0
18:45 751.84 6.56 45 1.79 0
18:46 751.84 6.5 45 1.34 0
18:47 751.84 6.5 46 1.34 0
18:48 751.84 6.44 46 1.34 0
18:49 751.84 6.44 46 0 0
18:50 751.84 6.44 47 .89 0
18:51 751.84 6.39 47 1.34 0
18:52 751.84 6.33 47 2.68 0
18:53 751.84 6.33 47 .89 0
18:54 751.84 6.33 48 1.79 0
18:55 751.84 6.28 48 1.79 0
18:56 751.84 6.22 48 1.34 0
18:57 751.84 6.22 48 .89 0
18:58 751.84 6.22 49 1.34 0
18:59 751.84 6.17 49 .89 0
19:00 751.84 6.17 49 1.79 0
19:01 751.84 6.11 49 .45 0
19:02 751.84 6.11 50 2.68 0
19:03 751.84 6.11 50 1.34 0
19:04 751.84 6.11 50 1.79 0
19:05 751.84 6.06 50 2.24 0
19:06 751.84 6.06 50 1.34 0
19:07 751.84 6.06 50 2.24 0
19:08 751.84 6.06 50 1.79 0
19:09 751.84 6 51 2.68 0
19:10 751.84 5.94 51 1.79 0
19:11 751.84 5.94 51 1.34 0
19:12 751.84 5.94 51 .45 0
19:13 751.84 5.89 51 .89 0
19:14 751.84 5.94 51 2.24 0
19:15 751.84 5.83 51 .45 0
19:16 751.84 5.83 52 1.34 0
19:17 751.84 5.83 52 1.79 0
19:18 751.84 5.78 52 1.34 0
19:19 751.84 5.78 52 0 0
19:20 751.84 5.78 52 1.79 0
19:21 751.84 5.72 52 1.79 0
19:22 751.84 5.67 52 .45 0
19:23 751.84 5.67 52 1.79 0
19:24 751.84 5.67 53 1.79 0
19:25 751.84 5.67 53 2.24 0
19:26 751.84 5.61 53 2.24 0
19:27 751.84 5.61 53 2.68 0
19:28 751.84 5.61 53 2.24 0
19:29 751.84 5.61 53 2.24 0
19:30 751.84 5.56 53 2.24 0
19:31 751.84 5.56 53 1.34 0
19:32 751.84 5.56 53 .89 0
19:33 751.84 5.5 53 2.24 0
19:34 751.84 5.5 53 1.79 0
19:35 751.84 5.5 54 1.34 0
19:36 751.84 5.44 54 .45 0
19:37 751.84 5.44 54 2.24 0
19:38 751.84 5.39 54 .45 0
19:39 751.84 5.39 54 .45 0
19:40 751.84 5.33 54 2.68 0
19:41 751.84 5.33 54 1.34 0
19:42 751.84 5.33 54 2.24 0
19:43 751.84 5.28 54 1.34 0
19:44 751.84 5.22 55 .45 0
19:45 751.84 5.22 55 1.79 0
19:46 751.84 5.22 55 .89 0
19:47 751.84 5.22 55 3.13 0
19:48 751.84 5.22 55 .89 0
19:49 751.84 5.17 56 1.79 0
19:50 751.84 5.17 56 2.24 0
19:51 751.84 5.17 56 1.79 0
19:52 751.84 5.11 56 1.34 0
19:53 751.84 5.11 57 .89 0
19:54 751.84 5.11 57 1.79 0
19:55 751.84 5.06 57 2.24 0
19:56 751.84 5.06 57 1.34 0
19:57 751.84 5.06 57 0 0
19:58 751.84 5.06 58 .45 0
19:59 751.84 5 58 .89 0
20:00 751.84 4.94 58 1.34 0
20:01 751.84 4.94 58 .89 0
20:02 751.84 4.89 58 .89 0
20:03 751.84 4.89 59 2.24 0
20:04 751.84 4.83 59 .45 0
20:05 751.84 4.83 59 1.34 0
20:06 751.84 4.83 59 1.34 0
20:07 751.84 4.78 59 2.24 0
20:08 751.84 4.72 59 2.24 0
20:09 751.84 4.72 60 2.68 0
20:10 751.84 4.72 60 1.79 0
20:11 751.84 4.72 60 1.79 0
20:12 751.84 4.67 60 1.79 0
20:13 751.84 4.67 60 .45 0
20:14 751.84 4.67 60 1.79 0
20:15 751.84 4.61 60 .89 0
20:16 751.84 4.61 60 1.34 0
20:17 751.84 4.56 61 1.34 0
20:18 751.84 4.56 61 .45 0
20:19 751.84 4.5 61 1.34 0
20:20 751.84 4.44 61 1.34 0
20:21 751.84 4.44 61 1.79 0
20:22 751.84 4.39 62 1.34 0
20:23 751.84 4.33 62 2.24 0
20:24 751.84 4.33 62 2.24 0
20:25 751.84 4.33 62 .89 0
20:26 751.84 4.33 62 1.79 0
20:27 751.84 4.28 62 2.24 0
20:28 751.84 4.28 62 1.34 0
20:29 751.84 4.22 63 1.34 0
20:30 751.84 4.22 63 1.79 0
20:31 751.84 4.22 63 2.68 0
20:32 751.59 4.17 63 1.79 0
20:33 751.84 4.17 63 1.79 0
20:34 751.59 4.17 63 1.79 0
20:35 751.84 4.17 63 2.68 0
20:36 751.84 4.17 63 1.34 0
20:37 751.84 4.11 64 2.24 0
20:38 751.84 4.11 64 1.34 0
20:39 751.84 4.11 64 2.68 0
20:40 751.59 4.06 64 1.34 0
20:41 751.59 4.06 64 1.34 0
20:42 751.59 4.06 64 .45 0
20:43 751.84 4 64 .89 0
20:44 751.59 4 65 1.34 0
20:45 751.84 4 65 .45 0
20:46 751.59 3.94 65 .45 0
20:47 751.84 3.94 65 1.79 0
20:48 751.84 3.94 65 2.24 0
20:49 751.59 3.94 65 1.34 0
20:50 751.59 3.89 65 1.79 0
20:51 751.84 3.89 65 1.34 0
20:52 751.84 3.83 65 1.79 0
20:53 751.84 3.83 65 2.24 0
20:54 751.84 3.83 66 1.79 0
20:55 751.84 3.83 66 1.79 0
20:56 751.84 3.83 66 1.34 0
20:57 751.84 3.78 66 2.24 0
20:58 751.84 3.78 66 1.34 0
20:59 751.84 3.78 66 3.13 0
21:00 751.84 3.78 66 .89 0
21:01 751.84 3.72 66 1.34 0
21:02 751.59 3.72 66 2.24 0
21:03 751.59 3.72 66 1.34 0
21:04 751.84 3.72 66 1.79 0
21:05 751.59 3.72 66 1.79 0
21:06 751.84 3.67 66 2.68 0
21:07 751.59 3.67 66 1.79 0
21:08 751.59 3.67 67 1.34 0
21:09 751.59 3.67 67 .89 0
21:10 751.84 3.67 67 1.34 0
21:11 751.59 3.67 66 1.34 0
21:12 751.59 3.61 67 1.79 0
21:13 751.84 3.61 67 .89 0
21:14 751.84 3.61 67 1.34 0
21:15 751.84 3.56 67 .89 0
21:16 751.84 3.56 67 .45 0
21:17 751.84 3.56 67 3.13 0
21:18 751.84 3.56 67 2.24 0
21:19 751.84 3.5 67 .89 0
21:20 751.84 3.5 67 .89 0
21:21 751.59 3.5 67 1.79 0
21:22 751.59 3.5 67 1.79 0
21:23 751.59 3.44 67 1.34 0
21:24 751.59 3.44 67 1.79 0
21:25 751.59 3.44 67 2.24 0
21:26 751.59 3.39 67 1.34 0
21:27 751.59 3.39 67 1.79 0
21:28 751.59 3.39 68 1.34 0
21:29 751.59 3.33 68 1.34 0
21:30 751.59 3.33 68 1.79 0
21:31 751.59 3.33 68 .89 0
21:32 751.59 3.33 68 1.34 0
21:33 751.59 3.33 68 .45 0
21:34 751.59 3.28 68 .89 0
21:35 751.84 3.33 68 1.34 0
21:36 751.84 3.28 68 0 0
21:37 751.59 3.28 68 1.34 0
21:38 751.84 3.28 68 1.34 0
21:39 751.59 3.22 68 0 0
21:40 751.59 3.22 68 .45 0
21:41 751.84 3.17 68 .45 0
21:42 751.59 3.17 68 1.34 0
21:43 751.59 3.11 68 1.34 0
21:44 751.59 3.11 68 1.34 0
21:45 751.59 3.11 68 .89 0
21:46 751.59 3.11 68 .45 0
21:47 751.59 3.06 68 2.24 0
21:48 751.59 3.06 68 1.34 0
21:49 751.59 3.06 68 1.34 0
21:50 751.59 3.11 69 .89 0
21:51 751.59 3.06 69 1.34 0
21:52 751.59 3.06 69 .89 0
21:53 751.59 3.06 69 1.34 0
21:54 751.59 3 69 1.34 0
21:55 751.59 3 69 1.34 0
21:56 751.59 3 69 1.34 0
21:57 751.59 2.94 69 .89 0
21:58 751.59 2.94 69 .89 0
21:59 751.59 2.94 69 .89 0
22:00 751.59 3 69 .45 0
22:01 751.59 3 69 .89 0
22:02 751.59 2.94 69 .45 0
22:03 751.59 2.94 69 1.34 0
22:04 751.59 2.94 69 .89 0
22:05 751.59 2.94 69 1.34 0
22:06 751.59 2.89 69 .89 0
22:07 751.59 2.89 69 .45 0
22:08 751.59 2.89 69 1.34 0
22:09 751.59 2.89 69 1.34 0
22:10 751.59 2.89 69 1.34 0
22:11 751.59 2.83 69 .89 0
22:12 751.59 2.83 69 .89 0
22:13 751.59 2.83 69 1.34 0
22:14 751.59 2.83 69 1.79 0
22:15 751.59 2.83 69 .89 0
22:16 751.59 2.83 69 1.34 0
22:17 751.59 2.83 69 .89 0
22:18 751.59 2.78 69 1.79 0
22:19 751.59 2.78 69 .89 0
22:20 751.59 2.78 69 1.34 0
22:21 751.59 2.78 69 .89 0
22:22 751.59 2.78 69 1.79 0
22:23 751.59 2.78 70 1.79 0
22:24 751.59 2.72 70 .89 0
22:25 751.59 2.72 70 .89 0
22:26 751.59 2.72 70 1.34 0
22:27 751.59 2.72 70 1.79 0
22:28 751.59 2.67 70 1.34 0
22:29 751.59 2.72 70 1.79 0
22:30 751.59 2.72 70 1.34 0
22:31 751.59 2.72 70 1.34 0
22:32 751.59 2.72 70 1.34 0
22:33 751.59 2.72 70 .45 0
22:34 751.59 2.67 70 .89 0
22:35 751.59 2.67 70 .89 0
22:36 751.59 2.67 69 .45 0
22:37 751.59 2.67 70 1.34 0
22:38 751.59 2.67 70 0 0
22:39 751.59 2.61 70 1.34 0
22:40 751.33 2.56 70 1.34 0
22:41 751.59 2.56 70 .89 0
22:42 751.59 2.56 70 .89 0
22:43 751.59 2.5 70 0 0
22:44 751.59 2.44 70 .89 0
22:45 751.59 2.44 70 1.34 0
22:46 751.59 2.44 70 .45 0
22:47 751.33 2.39 70 1.34 0
22:48 751.59 2.39 70 1.34 0
22:49 751.59 2.39 70 .89 0
22:50 751.33 2.39 70 1.79 0
22:51 751.59 2.33 70 .89 0
22:52 751.59 2.39 70 1.34 0
22:53 751.33 2.33 70 1.34 0
22:54 751.59 2.33 70 1.79 0
22:55 751.33 2.33 70 .89 0
22:56 751.59 2.39 70 1.34 0
22:57 751.59 2.39 71 1.34 0
22:58 751.33 2.33 70 1.34 0
22:59 751.33 2.33 71 .89 0
23:00 751.33 2.33 71 .89 0
23:01 751.33 2.28 71 .89 0
23:02 751.33 2.22 71 1.79 0
23:03 751.33 2.22 71 .89 0
23:04 751.33 2.22 71 .89 0
23:05 751.33 2.17 71 .89 0
23:06 751.33 2.11 71 .89 0
23:07 751.33 2.11 71 1.34 0
23:08 751.33 2.06 71 .89 0
23:09 751.33 2.06 71 1.34 0
23:10 751.33 2 71 2.24 0
23:11 751.33 2 72 1.79 0
23:12 751.33 2.06 72 1.79 0
23:13 751.33 2 72 .89 0
23:14 751.33 2 72 1.34 0
23:15 751.33 1.94 72 2.24 0
23:16 751.33 2 72 1.34 0
23:17 751.33 1.94 72 .89 0
23:18 751.33 1.94 71 .89 0
23:19 751.33 1.94 72 .45 0
23:20 751.33 1.94 72 .89 0
23:21 751.33 1.94 72 1.79 0
23:22 751.33 1.94 71 1.34 0
23:23 751.33 1.94 72 1.79 0
23:24 751.33 1.94 71 .89 0
23:25 751.33 1.94 72 .89 0
23:26 751.33 1.94 72 1.79 0
23:27 751.33 1.94 72 .89 0
23:28 751.33 1.89 72 1.34 0
23:29 751.33 1.89 72 1.34 0
23:30 751.33 1.83 72 1.34 0
23:31 751.33 1.83 72 .89 0
23:32 751.33 1.83 72 .89 0
23:33 751.33 1.78 72 .89 0
23:34 751.33 1.72 72 .89 0
23:35 751.33 1.67 72 1.34 0
23:36 751.33 1.67 72 .45 0
23:37 751.33 1.67 72 .89 0
23:38 751.33 1.67 72 1.34 0
23:39 751.33 1.61 72 1.34 0
23:40 751.33 1.56 72 .89 0
23:41 751.33 1.56 73 .89 0
23:42 751.33 1.56 73 .89 0
23:43 751.33 1.5 73 .45 0
23:44 751.33 1.5 73 .45 0
23:45 751.33 1.44 73 1.34 0
23:46 751.08 1.44 73 .89 0
23:47 751.33 1.44 73 .89 0
23:48 751.33 1.39 73 .45 0
23:49 751.33 1.39 73 .89 0
23:50 751.33 1.33 73 1.34 0
23:51 751.08 1.33 73 .89 0
23:52 751.33 1.33 73 .89 0
23:53 751.33 1.33 74 .89 0
23:54 751.33 1.33 74 .89 0
23:55 751.33 1.28 74 .45 0
23:56 751.33 1.28 74 .89 0
23:57 751.33 1.22 74 .89 0
23:58 751.33 1.17 74 .45 0
23:59 751.33 1.17 74 1.34 0
