00:00 753.36 11.94 84 0 0
00:01 753.36 11.94 84 0 0
00:02 753.36 11.94 84 0 0
00:03 753.36 11.94 85 0 0
00:04 753.36 11.89 85 0 0
00:05 753.36 11.89 85 0 0
00:06 753.36 11.89 85 0 0
00:07 753.36 11.89 85 0 0
00:08 753.36 11.89 85 0 0
00:09 753.36 11.89 85 0 0
00:10 753.36 11.83 85 0 0
00:11 753.36 11.83 85 .45 0
00:12 753.36 11.83 85 0 0
00:13 753.36 11.83 85 0 0
00:14 753.36 11.83 85 0 0
00:15 753.36 11.83 85 0 0
00:16 753.36 11.83 85 .45 0
00:17 753.36 11.83 85 .45 0
00:18 753.36 11.83 85 0 0
00:19 753.36 11.83 85 0 0
00:20 753.36 11.83 85 0 0
00:21 753.36 11.78 85 0 0
00:22 753.36 11.78 85 0 0
00:23 753.36 11.78 85 0 0
00:24 753.36 11.78 85 0 0
00:25 753.36 11.78 85 0 0
00:26 753.36 11.78 85 0 0
00:27 753.36 11.78 85 0 0
00:28 753.36 11.78 85 .45 0
00:29 753.36 11.78 85 .45 0
00:30 753.36 11.72 85 .45 0
00:31 753.36 11.72 85 .45 0
00:32 753.36 11.72 85 0 0
00:33 753.36 11.72 85 .45 0
00:34 753.36 11.72 85 .45 0
00:35 753.36 11.72 86 0 0
00:36 753.36 11.72 86 0 0
00:37 753.36 11.67 86 .45 0
00:38 753.36 11.67 85 .45 0
00:39 753.36 11.61 85 .89 0
00:40 753.36 11.56 85 .45 0
00:41 753.36 11.56 85 0 0
00:42 753.36 11.56 85 .45 0
00:43 753.36 11.5 85 .45 0
00:44 753.36 11.44 85 0 0
00:45 753.36 11.44 85 0 0
00:46 753.36 11.39 86 0 0
00:47 753.36 11.33 86 0 0
00:48 753.36 11.33 86 0 0
00:49 753.36 11.28 86 0 0
00:50 753.36 11.28 86 0 0
00:51 753.36 11.28 86 0 0
00:52 753.36 11.28 87 0 0
00:53 753.36 11.22 87 .45 0
00:54 753.36 11.22 87 0 0
00:55 753.36 11.22 87 .45 0
00:56 753.36 11.22 87 0 0
00:57 753.36 11.22 87 0 0
00:58 753.36 11.22 87 0 0
00:59 753.36 11.22 87 0 0
01:00 753.36 11.22 87 0 0
01:01 753.36 11.17 87 0 0
01:02 753.36 11.17 87 0 0
01:03 753.36 11.17 87 0 0
01:04 753.36 11.17 87 0 0
01:05 753.36 11.17 87 0 0
01:06 753.36 11.17 87 0 0
01:07 753.36 11.17 88 0 0
01:08 753.36 11.17 88 0 0
01:09 753.36 11.17 87 0 0
01:10 753.36 11.17 87 0 0
01:11 753.36 11.11 87 0 0
01:12 753.36 11.11 87 0 0
01:13 753.36 11.11 87 0 0
01:14 753.36 11.11 87 0 0
01:15 753.36 11.11 87 0 0
01:16 753.36 11.11 88 0 0
01:17 753.36 11.11 87 .45 0
01:18 753.36 11.11 87 0 0
01:19 753.36 11.11 88 0 0
01:20 753.36 11.11 88 0 0
01:21 753.36 11.11 88 0 0
01:22 753.36 11.11 88 0 0
01:23 753.36 11.11 88 0 0
01:24 753.36 11.11 88 0 0
01:25 753.36 11.11 88 0 0
01:26 753.36 11.11 87 .45 0
01:27 753.36 11.11 88 .45 0
01:28 753.36 11.11 88 0 0
01:29 753.36 11.11 88 .45 0
01:30 753.36 11.11 88 0 0
01:31 753.36 11.11 88 0 0
01:32 753.36 11.17 88 0 0
01:33 753.36 11.17 88 0 0
01:34 753.36 11.17 87 0 0
01:35 753.36 11.17 87 0 0
01:36 753.36 11.11 87 0 0
01:37 753.36 11.11 87 0 0
01:38 753.36 11.11 87 0 0
01:39 753.36 11.06 87 0 0
01:40 753.36 11.06 87 0 0
01:41 753.36 11.06 87 0 0
01:42 753.36 11.06 87 .45 0
01:43 753.36 11 87 .45 0
01:44 753.36 10.94 86 0 0
01:45 753.36 10.89 86 .45 0
01:46 753.36 10.89 86 .45 0
01:47 753.36 10.83 86 .45 0
01:48 753.62 10.83 86 .45 0
01:49 753.62 10.78 86 .45 0
01:50 753.62 10.78 86 .45 0
01:51 753.36 10.78 87 .45 0
01:52 753.36 10.72 87 .45 0
01:53 753.62 10.72 87 0 0
01:54 753.62 10.72 87 0 0
01:55 753.62 10.67 87 0 0
01:56 753.62 10.61 87 0 0
01:57 753.62 10.61 87 0 0
01:58 753.62 10.61 87 0 0
01:59 753.36 10.56 87 0 0
02:00 753.36 10.56 87 0 0
02:01 753.62 10.56 87 0 0
02:02 753.62 10.56 88 0 0
02:03 753.62 10.56 88 0 0
02:04 753.62 10.5 88 0 0
02:05 753.62 10.5 88 0 0
02:06 753.62 10.5 88 0 0
02:07 753.62 10.5 88 0 0
02:08 753.62 10.44 88 0 0
02:09 753.62 10.44 88 0 0
02:10 753.62 10.44 88 0 0
02:11 753.62 10.44 88 0 0
02:12 753.62 10.44 88 0 0
02:13 753.62 10.44 88 0 0
02:14 753.62 10.44 88 0 0
02:15 753.62 10.5 88 0 0
02:16 753.62 10.5 88 0 0
02:17 753.62 10.5 88 .45 0
02:18 753.62 10.5 88 .45 0
02:19 753.62 10.5 88 .45 0
02:20 753.62 10.56 89 .45 0
02:21 753.62 10.56 89 .45 0
02:22 753.62 10.56 89 .45 0
02:23 753.62 10.61 89 0 0
02:24 753.62 10.61 89 0 0
02:25 753.62 10.56 88 0 0
02:26 753.62 10.56 88 0 0
02:27 753.62 10.56 88 0 0
02:28 753.62 10.56 88 0 0
02:29 753.62 10.56 88 .45 0
02:30 753.62 10.56 88 0 0
02:31 753.62 10.56 88 .89 0
02:32 753.62 10.56 88 .45 0
02:33 753.62 10.5 88 0 0
02:34 753.62 10.56 89 .45 0
02:35 753.62 10.56 89 0 0
02:36 753.62 10.56 88 0 0
02:37 753.62 10.5 88 0 0
02:38 753.62 10.5 88 0 0
02:39 753.62 10.44 87 .45 0
02:40 753.62 10.44 87 0 0
02:41 753.62 10.39 87 .45 0
02:42 753.62 10.33 87 0 0
02:43 753.62 10.33 87 0 0
02:44 753.62 10.33 87 .45 0
02:45 753.62 10.33 87 0 0
02:46 753.62 10.28 87 0 0
02:47 753.62 10.22 87 0 0
02:48 753.62 10.28 87 0 0
02:49 753.62 10.22 87 0 0
02:50 753.62 10.22 87 0 0
02:51 753.62 10.22 87 .45 0
02:52 753.62 10.17 88 0 0
02:53 753.62 10.17 87 .45 0
02:54 753.62 10.17 88 .45 0
02:55 753.62 10.17 88 .45 0
02:56 753.62 10.17 88 .45 0
02:57 753.62 10.11 88 .45 0
02:58 753.62 10.11 88 .45 0
02:59 753.62 10.11 88 .45 0
03:00 753.62 10.11 88 .45 0
03:01 753.87 10.11 88 0 0
03:02 753.62 10.11 88 .45 0
03:03 753.62 10.11 88 0 0
03:04 753.87 10.06 88 .45 0
03:05 753.87 10.06 88 0 0
03:06 753.62 10.06 88 0 0
03:07 753.87 10 88 0 0
03:08 753.87 9.94 87 0 0
03:09 753.87 9.94 88 0 0
03:10 753.87 9.94 88 0 0
03:11 753.87 9.94 88 0 0
03:12 753.87 9.94 88 0 0
03:13 753.87 9.94 88 0 0
03:14 753.87 9.89 88 0 0
03:15 753.87 9.94 89 0 0
03:16 753.87 9.89 89 0 0
03:17 753.87 9.89 89 0 0
03:18 753.87 9.94 89 .45 0
03:19 753.87 9.94 89 0 0
03:20 753.87 9.94 89 .45 0
03:21 753.87 9.94 89 .89 0
03:22 753.87 10 89 .45 0
03:23 753.87 10.06 90 .45 0
03:24 753.87 10 89 0 0
03:25 753.87 10 89 0 0
03:26 753.87 10 89 0 0
03:27 753.87 9.94 89 0 0
03:28 753.87 9.94 89 0 0
03:29 753.87 9.94 89 0 0
03:30 753.87 9.94 89 0 0
03:31 753.87 9.94 89 0 0
03:32 753.87 9.94 89 0 0
03:33 753.87 9.89 89 0 0
03:34 753.87 9.94 89 0 0
03:35 753.87 9.94 89 0 0
03:36 753.87 9.94 89 0 0
03:37 753.87 9.94 89 .45 0
03:38 753.87 9.94 89 0 0
03:39 753.87 9.89 89 .45 0
03:40 753.87 9.94 89 0 0
03:41 753.87 9.94 89 .45 0
03:42 753.87 9.94 89 0 0
03:43 753.87 9.94 89 0 0
03:44 753.87 9.94 89 0 0
03:45 753.87 9.94 89 0 0
03:46 753.87 9.94 89 0 0
03:47 753.87 10 89 0 0
03:48 753.87 10 89 0 0
03:49 753.87 10.06 89 0 0
03:50 753.87 10.06 89 0 0
03:51 753.87 10.06 90 0 0
03:52 753.87 10.11 90 .45 0
03:53 753.87 10.11 90 0 0
03:54 753.87 10.11 90 .45 0
03:55 753.87 10.17 90 0 0
03:56 753.87 10.17 90 0 0
03:57 753.87 10.17 89 0 0
03:58 753.87 10.17 89 0 0
03:59 753.87 10.11 88 0 0
04:00 753.87 10.11 88 0 0
04:01 753.87 10.11 88 .45 0
04:02 753.87 10.11 88 .45 0
04:03 753.87 10.06 88 0 0
04:04 753.87 10.06 88 0 0
04:05 753.87 10.06 88 0 0
04:06 753.87 10.06 88 .45 0
04:07 753.87 10 88 .45 0
04:08 753.87 9.94 88 .45 0
04:09 753.87 9.94 88 0 0
04:10 753.87 9.94 88 0 0
04:11 753.87 9.94 88 0 0
04:12 753.87 9.94 88 0 0
04:13 753.87 9.94 88 0 0
04:14 753.87 9.94 88 0 0
04:15 753.87 9.94 88 0 0
04:16 753.87 9.94 88 0 0
04:17 753.87 9.94 88 0 0
04:18 753.87 9.89 88 0 0
04:19 753.87 9.94 88 0 0
04:20 753.87 9.89 88 0 0
04:21 753.87 9.89 88 0 0
04:22 753.87 9.89 88 0 0
04:23 753.87 9.89 89 0 0
04:24 753.87 9.83 89 0 0
04:25 753.87 9.89 89 0 0
04:26 753.87 9.89 89 0 0
04:27 753.87 9.94 89 0 0
04:28 753.87 9.89 89 0 0
04:29 753.87 9.94 89 0 0
04:30 753.87 9.94 89 0 0
04:31 753.87 9.94 89 0 0
04:32 753.87 9.94 89 0 0
04:33 753.87 9.94 89 0 0
04:34 753.87 10 89 .45 0
04:35 753.87 10 90 .45 0
04:36 753.87 10.06 89 0 0
04:37 753.87 10 89 0 0
04:38 753.87 10.06 90 0 0
04:39 753.87 10.06 90 0 0
04:40 753.87 10.06 90 0 0
04:41 753.87 10.06 89 0 0
04:42 753.87 10.06 89 .45 0
04:43 753.87 10.06 89 0 0
04:44 753.87 10.06 89 0 0
04:45 753.87 10.06 89 0 0
04:46 753.87 10 88 0 0
04:47 753.87 9.94 88 .45 0
04:48 753.87 9.94 88 0 0
04:49 753.87 9.94 88 .45 0
04:50 753.87 9.94 88 0 0
04:51 753.87 9.94 88 .45 0
04:52 753.87 9.89 88 0 0
04:53 753.87 9.89 87 .45 0
04:54 753.87 9.83 87 .45 0
04:55 753.87 9.83 87 0 0
04:56 753.87 9.78 87 0 0
04:57 753.87 9.78 87 0 0
04:58 753.87 9.78 88 0 0
04:59 753.87 9.78 88 0 0
05:00 753.87 9.78 88 0 0
05:01 753.87 9.78 88 .45 0
05:02 753.87 9.83 89 0 0
05:03 753.87 9.83 89 0 0
05:04 753.87 9.89 89 0 0
05:05 753.87 9.83 89 0 0
05:06 753.87 9.83 89 0 0
05:07 753.87 9.83 89 0 0
05:08 753.87 9.83 89 0 0
05:09 753.87 9.89 89 0 0
05:10 753.87 9.89 89 0 0
05:11 753.87 9.89 89 .45 0
05:12 753.87 9.89 89 .45 0
05:13 753.87 9.89 89 0 0
05:14 753.87 9.89 89 0 0
05:15 753.87 9.89 89 0 0
05:16 753.87 9.94 89 .45 0
05:17 753.87 9.94 89 .45 0
05:18 753.87 9.94 89 0 0
05:19 753.87 9.94 89 0 0
05:20 753.87 9.94 89 0 0
05:21 753.87 9.94 89 .45 0
05:22 753.87 9.89 88 0 0
05:23 753.87 9.89 88 0 0
05:24 753.87 9.89 88 0 0
05:25 753.87 9.89 88 0 0
05:26 753.87 9.89 88 0 0
05:27 753.87 9.89 88 0 0
05:28 753.87 9.89 88 0 0
05:29 753.87 9.89 88 0 0
05:30 753.87 9.89 88 0 0
05:31 753.87 9.89 88 0 0
05:32 753.87 9.94 88 0 0
05:33 753.87 9.94 89 .45 0
05:34 753.87 10 89 .45 0
05:35 753.87 10.06 89 .45 0
05:36 753.87 10.11 89 .45 0
05:37 753.87 10.17 89 0 0
05:38 753.87 10.22 89 0 0
05:39 753.87 10.28 89 0 0
05:40 753.87 10.28 89 .45 0
05:41 753.87 10.39 89 .45 0
05:42 753.87 10.39 88 .45 0
05:43 753.87 10.44 88 .45 0
05:44 753.87 10.5 88 0 0
05:45 753.87 10.56 88 0 0
05:46 753.87 10.56 88 0 0
05:47 753.87 10.61 88 .45 0
05:48 753.87 10.67 88 0 0
05:49 753.87 10.78 87 .89 0
05:50 753.87 10.78 87 .45 0
05:51 753.87 10.83 86 .89 0
05:52 753.87 10.83 86 .89 0
05:53 753.87 10.83 86 .45 0
05:54 753.87 10.83 86 .45 0
05:55 753.87 10.89 86 .45 0
05:56 753.87 10.94 86 0 0
05:57 753.87 10.94 86 .45 0
05:58 753.87 11 86 .45 0
05:59 753.87 11 86 0 0
06:00 753.87 11.06 86 .45 0
06:01 754.13 11.11 86 .45 0
06:02 753.87 11.17 86 0 0
06:03 753.87 11.22 85 .45 0
06:04 753.87 11.28 85 .45 0
06:05 753.87 11.33 85 .45 0
06:06 753.87 11.39 85 .45 0
06:07 753.87 11.44 85 0 0
06:08 754.13 11.5 85 0 0
06:09 754.13 11.56 84 0 0
06:10 754.13 11.61 84 .45 0
06:11 754.13 11.67 84 0 0
06:12 754.13 11.72 84 0 0
06:13 754.13 11.78 84 0 0
06:14 754.13 11.83 83 0 0
06:15 754.13 11.89 83 .45 0
06:16 754.13 11.94 83 0 0
06:17 754.13 12 83 .45 0
06:18 754.13 12.06 83 .45 0
06:19 754.13 12.11 83 .45 0
06:20 754.13 12.17 82 0 0
06:21 754.13 12.22 81 0 0
06:22 754.13 12.28 81 .45 0
06:23 754.13 12.22 80 0 0
06:24 754.13 12.17 81 .45 0
06:25 754.13 12.17 81 .45 0
06:26 754.13 12.22 81 0 0
06:27 754.13 12.22 81 .45 0
06:28 754.13 12.28 81 .45 0
06:29 754.13 12.33 81 .45 0
06:30 754.13 12.44 81 .45 0
06:31 754.13 12.44 81 .45 0
06:32 754.13 12.5 81 .45 0
06:33 754.13 12.5 81 .45 0
06:34 754.13 12.56 81 .45 0
06:35 754.13 12.56 81 .45 0
06:36 754.13 12.61 81 .45 0
06:37 754.13 12.67 81 .89 0
06:38 754.13 12.72 80 .89 0
06:39 754.13 12.72 80 .45 0
06:40 754.13 12.72 80 .45 0
06:41 754.13 12.78 81 .45 0
06:42 754.13 12.83 80 .89 0
06:43 754.13 12.89 80 .89 0
06:44 754.13 12.94 80 .45 0
06:45 754.13 12.94 80 .89 0
06:46 754.13 13 79 .89 0
06:47 754.13 13.06 79 0 0
06:48 754.13 13.06 79 .45 0
06:49 754.13 13.11 79 0 0
06:50 754.13 13.17 79 .89 0
06:51 754.13 13.22 79 .45 0
06:52 754.13 13.28 79 .89 0
06:53 754.13 13.33 78 .89 0
06:54 754.13 13.33 79 .89 0
06:55 754.13 13.39 78 .89 0
06:56 754.13 13.44 78 .89 0
06:57 754.13 13.5 78 .45 0
06:58 754.13 13.56 78 .45 0
06:59 754.13 13.61 78 .89 0
07:00 754.13 13.61 78 .89 0
07:01 754.13 13.61 77 1.79 0
07:02 754.13 13.67 77 1.34 0
07:03 754.13 13.61 77 .89 0
07:04 754.13 13.67 77 .89 0
07:05 754.13 13.67 77 .89 0
07:06 754.13 13.67 77 1.34 0
07:07 754.13 13.67 77 .45 0
07:08 754.13 13.72 77 1.34 0
07:09 754.13 13.72 77 1.34 0
07:10 754.13 13.72 77 1.34 0
07:11 754.13 13.78 76 .89 0
07:12 754.13 13.78 77 .89 0
07:13 754.13 13.78 76 .89 0
07:14 754.13 13.78 77 .89 0
07:15 754.13 13.78 77 .89 0
07:16 754.13 13.83 77 .89 0
07:17 754.13 13.94 77 1.34 0
07:18 754.13 13.94 76 .45 0
07:19 754.13 14 76 1.34 0
07:20 754.13 13.94 76 .45 0
07:21 754.13 14 76 .89 0
07:22 754.13 14.06 76 .45 0
07:23 754.13 14.11 76 1.34 0
07:24 754.13 14.17 76 .45 0
07:25 754.13 14.17 76 .45 0
07:26 754.13 14.28 76 .45 0
07:27 754.13 14.39 76 .45 0
07:28 754.13 14.44 76 1.34 0
07:29 754.13 14.5 75 .45 0
07:30 754.13 14.56 75 .89 0
07:31 754.13 14.61 74 .89 0
07:32 754.13 14.61 74 .89 0
07:33 754.13 14.61 74 1.34 0
07:34 754.13 14.56 74 .45 0
07:35 754.13 14.56 74 .89 0
07:36 754.13 14.61 74 .89 0
07:37 754.13 14.61 74 .45 0
07:38 754.13 14.61 74 .89 0
07:39 754.13 14.67 74 .89 0
07:40 754.13 14.72 74 .89 0
07:41 754.13 14.78 74 .45 0
07:42 754.13 14.78 74 .45 0
07:43 754.13 14.83 74 1.34 0
07:44 754.13 14.94 74 .89 0
07:45 754.13 14.94 74 .45 0
07:46 754.13 15 73 0 0
07:47 754.13 15.06 74 .45 0
07:48 754.13 15.06 73 .89 0
07:49 754.13 15.06 73 .45 0
07:50 754.13 15.11 73 .45 0
07:51 754.13 15.17 73 .45 0
07:52 754.13 15.17 73 .89 0
07:53 754.13 15.22 73 1.34 0
07:54 754.13 15.28 73 .45 0
07:55 754.13 15.28 72 .89 0
07:56 754.13 15.28 72 .45 0
07:57 754.13 15.28 72 0 0
07:58 754.13 15.28 73 .89 0
07:59 754.13 15.33 73 .89 0
08:00 754.13 15.39 72 1.34 0
08:01 754.13 15.44 73 .89 0
08:02 754.13 15.44 72 .89 0
08:03 754.13 15.5 72 .89 0
08:04 754.13 15.5 72 .45 0
08:05 754.13 15.56 72 .89 0
08:06 754.13 15.56 71 .89 0
08:07 754.13 15.56 71 .89 0
08:08 754.13 15.61 72 .45 0
08:09 754.13 15.67 72 .45 0
08:10 754.13 15.78 72 .89 0
08:11 754.13 15.83 72 .45 0
08:12 754.13 15.94 71 .89 0
08:13 754.13 15.94 71 .89 0
08:14 754.13 16 71 0 0
08:15 754.13 16.06 71 .89 0
08:16 754.13 16.11 70 0 0
08:17 754.13 16.17 70 .45 0
08:18 754.13 16.28 70 .45 0
08:19 754.13 16.33 70 .45 0
08:20 754.13 16.39 70 1.34 0
08:21 754.38 16.44 69 1.34 0
08:22 754.13 16.44 68 1.34 0
08:23 754.13 16.5 68 1.34 0
08:24 754.13 16.5 68 1.34 0
08:25 754.13 16.5 69 .45 0
08:26 754.13 16.56 69 .45 0
08:27 754.13 16.56 69 .45 0
08:28 754.13 16.56 69 .89 0
08:29 754.13 16.56 69 1.34 0
08:30 754.13 16.56 68 .45 0
08:31 754.13 16.61 69 1.34 0
08:32 754.13 16.61 69 .89 0
08:33 754.13 16.61 68 .89 0
08:34 754.13 16.61 68 .89 0
08:35 754.13 16.61 68 .45 0
08:36 754.13 16.67 68 .45 0
08:37 754.13 16.67 68 .45 0
08:38 754.13 16.72 69 0 0
08:39 754.13 16.78 68 .45 0
08:40 754.13 16.83 68 .45 0
08:41 754.13 16.89 68 .89 0
08:42 754.13 16.94 68 0 0
08:43 754.13 17 68 1.34 0
08:44 754.13 17 67 0 0
08:45 754.13 17.11 67 .45 0
08:46 754.13 17.17 67 .89 0
08:47 754.13 17.33 67 .45 0
08:48 754.13 17.39 67 .45 0
08:49 754.13 17.56 66 .45 0
08:50 754.13 17.72 66 .89 0
08:51 754.13 17.78 65 .89 0
08:52 754.13 17.83 64 1.34 0
08:53 754.13 17.89 63 .89 0
08:54 754.13 17.89 63 .89 0
08:55 754.13 17.89 64 .89 0
08:56 754.13 17.89 64 1.34 0
08:57 754.13 17.89 64 1.34 0
08:58 754.13 17.83 64 .45 0
08:59 754.13 17.83 64 1.34 0
09:00 754.13 17.89 63 .89 0
09:01 754.13 17.89 64 .89 0
09:02 754.13 17.89 63 .45 0
09:03 754.13 17.94 63 .89 0
09:04 754.13 18 63 1.34 0
09:05 754.13 18.06 62 1.34 0
09:06 754.13 18.17 61 .89 0
09:07 754.13 18.17 61 1.34 0
09:08 754.13 18.17 61 .89 0
09:09 754.13 18.22 61 .89 0
09:10 754.13 18.22 62 1.79 0
09:11 754.13 18.33 63 1.34 0
09:12 754.13 18.5 62 .45 0
09:13 754.13 18.56 62 .89 0
09:14 754.13 18.67 61 .89 0
09:15 754.13 18.72 60 .45 0
09:16 754.13 18.78 60 1.34 0
09:17 754.13 18.78 60 .89 0
09:18 754.13 18.78 61 .89 0
09:19 754.13 18.83 60 1.34 0
09:20 754.13 18.83 57 1.34 0
09:21 754.13 18.83 58 1.34 0
09:22 754.13 18.89 59 .45 0
09:23 754.13 18.94 59 1.79 0
09:24 754.13 19 59 1.79 0
09:25 754.13 19 58 .89 0
09:26 754.13 19 58 1.34 0
09:27 754.13 19 58 1.34 0
09:28 754.13 19 58 .89 0
09:29 754.13 19.06 57 1.79 0
09:30 754.13 19.11 57 1.79 0
09:31 754.13 19.11 56 .89 0
09:32 754.13 19.11 56 .45 0
09:33 754.13 19.17 56 1.34 0
09:34 754.13 19.17 55 1.79 0
09:35 754.13 19.17 55 .89 0
09:36 754.13 19.22 56 2.68 0
09:37 754.13 19.22 55 1.79 0
09:38 754.13 19.22 54 2.24 0
09:39 754.13 19.28 54 1.34 0
09:40 754.13 19.33 54 1.34 0
09:41 754.13 19.33 53 1.79 0
09:42 754.13 19.33 54 1.79 0
09:43 754.13 19.39 54 1.34 0
09:44 753.87 19.44 54 1.79 0
09:45 753.87 19.44 53 1.79 0
09:46 753.87 19.39 53 1.34 0
09:47 754.13 19.39 53 .45 0
09:48 753.87 19.44 52 .89 0
09:49 753.87 19.44 53 1.79 0
09:50 753.87 19.5 53 1.34 0
09:51 753.87 19.5 53 2.68 0
09:52 753.87 19.5 55 1.79 0
09:53 753.87 19.5 55 1.34 0
09:54 753.87 19.5 56 1.79 0
09:55 753.87 19.56 58 1.79 0
09:56 753.87 19.61 58 1.34 0
09:57 753.87 19.61 58 1.34 0
09:58 753.87 19.67 58 .89 0
09:59 753.87 19.67 58 3.13 0
10:00 753.87 19.72 58 2.24 0
10:01 753.87 19.72 59 1.34 0
10:02 754.13 19.72 58 1.79 0
10:03 754.13 19.72 58 1.34 0
10:04 753.87 19.72 58 1.34 0
10:05 753.87 19.78 59 1.79 0
10:06 753.87 19.78 58 .89 0
10:07 753.87 19.78 56 .45 0
10:08 753.87 19.83 57 .89 0
10:09 753.87 19.89 57 1.79 0
10:10 753.87 19.94 56 .89 0
10:11 753.87 20 57 1.79 0
10:12 753.87 20.06 57 1.34 0
10:13 753.87 20.06 57 1.79 0
10:14 753.87 20.11 57 0 0
10:15 754.13 20.22 58 .45 0
10:16 753.87 20.33 58 1.34 0
10:17 753.87 20.39 56 .89 0
10:18 754.13 20.44 56 0 0
10:19 753.87 20.56 56 1.79 0
10:20 753.87 20.56 55 1.79 0
10:21 753.87 20.56 55 .45 0
10:22 753.87 20.61 55 0 0
10:23 753.87 20.61 55 .89 0
10:24 753.87 20.61 55 .89 0
10:25 753.87 20.67 56 1.34 0
10:26 753.87 20.67 54 1.79 0
10:27 753.87 20.67 54 1.79 0
10:28 753.87 20.67 55 1.79 0
10:29 753.87 20.61 55 1.79 0
10:30 753.87 20.67 54 .45 0
10:31 754.13 20.67 55 3.13 0
10:32 753.87 20.67 54 2.24 0
10:33 753.87 20.67 55 1.79 0
10:34 753.87 20.67 54 .89 0
10:35 753.87 20.72 55 .89 0
10:36 753.87 20.72 54 3.58 0
10:37 753.87 20.72 54 1.79 0
10:38 753.87 20.78 54 .89 0
10:39 753.87 20.78 54 .89 0
10:40 753.87 20.78 54 2.68 0
10:41 753.87 20.78 54 1.79 0
10:42 753.87 20.72 54 2.24 0
10:43 753.87 20.78 54 2.24 0
10:44 753.87 20.78 54 1.34 0
10:45 753.87 20.83 54 1.79 0
10:46 753.87 20.89 53 1.34 0
10:47 753.87 20.94 53 3.13 0
10:48 753.87 20.89 51 2.68 0
10:49 753.87 20.78 52 .89 0
10:50 753.87 20.72 53 .89 0
10:51 753.87 20.72 53 2.24 0
10:52 753.87 20.78 53 2.68 0
10:53 753.87 20.83 53 3.13 0
10:54 753.87 20.78 52 2.68 0
10:55 753.87 20.78 53 2.24 0
10:56 753.87 20.78 53 1.34 0
10:57 753.87 20.72 53 .89 0
10:58 753.87 20.67 54 1.79 0
10:59 753.87 20.67 54 2.68 0
11:00 753.87 20.67 53 2.24 0
11:01 753.87 20.72 54 2.68 0
11:02 753.87 20.72 54 3.13 0
11:03 753.87 20.67 54 .89 0
11:04 753.87 20.72 54 2.68 0
11:05 753.87 20.72 54 1.34 0
11:06 753.87 20.83 53 2.68 0
11:07 753.87 20.94 54 1.79 0
11:08 753.87 21.06 52 4.02 0
11:09 753.87 21 52 2.24 0
11:10 753.87 20.94 52 3.58 0
11:11 753.87 20.94 52 2.24 0
11:12 753.87 20.83 52 3.13 0
11:13 753.87 20.78 53 2.68 0
11:14 753.87 20.83 53 2.24 0
11:15 753.87 20.83 53 .89 0
11:16 753.87 20.89 52 .45 0
11:17 753.87 21 53 1.79 0
11:18 753.87 21.11 53 1.34 0
11:19 753.87 21.17 51 1.34 0
11:20 753.87 21.22 51 0 0
11:21 753.87 21.22 51 .89 0
11:22 753.87 21.33 52 .45 0
11:23 753.87 21.33 51 3.13 0
11:24 753.87 21.28 51 1.34 0
11:25 753.87 21.28 52 1.79 0
11:26 753.87 21.28 51 2.24 0
11:27 753.87 21.28 51 .89 0
11:28 753.87 21.33 53 1.79 0
11:29 753.87 21.39 52 1.79 0
11:30 753.87 21.33 51 1.79 0
11:31 753.62 21.33 51 .89 0
11:32 753.62 21.28 51 1.34 0
11:33 753.62 21.17 51 1.79 0
11:34 753.87 21.11 51 .89 0
11:35 753.87 21.06 52 .89 0
11:36 753.87 21.06 52 .45 0
11:37 753.87 21.17 53 .45 0
11:38 753.87 21.33 52 .45 0
11:39 753.62 21.39 52 3.58 0
11:40 753.62 21.44 52 3.58 0
11:41 753.62 21.5 51 1.79 0
11:42 753.62 21.56 51 4.02 0
11:43 753.62 21.5 50 3.13 0
11:44 753.62 21.5 50 3.58 0
11:45 753.62 21.44 50 1.79 0
11:46 753.62 21.33 50 .45 0
11:47 753.62 21.33 51 .45 0
11:48 753.62 21.33 51 .89 0
11:49 753.62 21.33 51 .89 0
11:50 753.62 21.44 51 1.34 0
11:51 753.62 21.5 50 1.34 0
11:52 753.62 21.56 51 .45 0
11:53 753.62 21.67 51 .45 0
11:54 753.62 21.83 52 1.34 0
11:55 753.62 21.89 49 1.79 0
11:56 753.62 21.94 49 3.13 0
11:57 753.62 22 50 1.79 0
11:58 753.62 21.89 49 2.68 0
11:59 753.62 21.83 50 4.47 0
12:00 753.62 21.67 50 1.34 0
12:01 753.62 21.67 50 2.24 0
12:02 753.62 21.56 49 2.24 0
12:03 753.62 21.44 50 2.68 0
12:04 753.62 21.44 51 3.13 0
12:05 753.62 21.44 50 4.02 0
12:06 753.62 21.44 50 4.02 0
12:07 753.62 21.39 50 .89 0
12:08 753.62 21.44 51 1.79 0
12:09 753.62 21.44 50 1.79 0
12:10 753.62 21.44 50 2.24 0
12:11 753.62 21.44 50 1.34 0
12:12 753.62 21.44 50 0 0
12:13 753.62 21.5 51 .89 0
12:14 753.62 21.56 51 2.24 0
12:15 753.62 21.61 51 .45 0
12:16 753.62 21.72 52 1.79 0
12:17 753.62 21.83 51 .89 0
12:18 753.62 21.94 50 1.34 0
12:19 753.62 22.06 49 3.13 0
12:20 753.62 22.06 49 2.68 0
12:21 753.62 22.06 49 1.34 0
12:22 753.62 22.06 49 1.79 0
12:23 753.62 22.06 49 1.79 0
12:24 753.62 22.06 49 1.34 0
12:25 753.62 22.06 49 2.24 0
12:26 753.62 22.06 49 .89 0
12:27 753.62 22.06 48 .89 0
12:28 753.62 22.06 49 2.68 0
12:29 753.62 22.06 49 2.24 0
12:30 753.62 22 49 1.34 0
12:31 753.62 22.06 49 2.24 0
12:32 753.62 22.06 48 .45 0
12:33 753.62 22.06 48 2.24 0
12:34 753.62 22 47 1.79 0
12:35 753.62 21.83 48 2.68 0
12:36 753.62 21.72 48 .89 0
12:37 753.62 21.61 48 0 0
12:38 753.62 21.61 49 1.79 0
12:39 753.62 21.67 49 1.79 0
12:40 753.62 21.78 49 .89 0
12:41 753.62 21.83 48 1.34 0
12:42 753.62 21.94 49 3.13 0
12:43 753.62 22.11 49 2.24 0
12:44 753.62 22.17 47 2.68 0
12:45 753.62 22.22 47 4.92 0
12:46 753.62 22.17 47 2.24 0
12:47 753.62 22.06 47 3.58 0
12:48 753.62 21.89 47 3.58 0
12:49 753.62 21.72 48 1.79 0
12:50 753.62 21.67 47 .89 0
12:51 753.62 21.67 48 1.34 0
12:52 753.62 21.67 48 .89 0
12:53 753.36 21.72 48 .89 0
12:54 753.36 21.72 47 2.68 0
12:55 753.36 21.72 48 1.79 0
12:56 753.62 21.72 48 1.34 0
12:57 753.62 21.72 48 1.34 0
12:58 753.36 21.78 48 3.13 0
12:59 753.36 21.83 48 2.68 0
13:00 753.36 21.89 48 4.02 0
13:01 753.36 21.89 48 4.02 0
13:02 753.36 21.78 47 3.58 0
13:03 753.36 21.78 48 1.79 0
13:04 753.36 21.78 49 1.34 0
13:05 753.36 21.94 49 1.34 0
13:06 753.36 22.06 48 .89 0
13:07 753.36 22.17 48 1.79 0
13:08 753.36 22.17 47 2.24 0
13:09 753.36 22.17 47 3.13 0
13:10 753.36 22.06 47 3.58 0
13:11 753.36 22 48 4.47 0
13:12 753.36 21.89 48 3.13 0
13:13 753.36 21.89 48 2.24 0
13:14 753.62 21.89 48 2.24 0
13:15 753.36 21.89 48 .89 0
13:16 753.36 21.94 48 2.68 0
13:17 753.62 21.89 47 2.24 0
13:18 753.36 21.83 47 1.34 0
13:19 753.62 21.78 47 1.79 0
13:20 753.36 21.72 47 .45 0
13:21 753.62 21.72 47 1.79 0
13:22 753.62 21.72 48 1.34 0
13:23 753.36 21.78 47 .89 0
13:24 753.36 21.78 48 2.24 0
13:25 753.36 21.89 47 .45 0
13:26 753.36 21.94 47 1.34 0
13:27 753.36 21.94 47 .45 0
13:28 753.36 21.94 47 1.79 0
13:29 753.36 22 47 3.58 0
13:30 753.36 22.06 48 1.34 0
13:31 753.36 22.11 47 .89 0
13:32 753.36 22.22 47 3.58 0
13:33 753.36 22.28 46 1.79 0
13:34 753.36 22.28 46 2.24 0
13:35 753.36 22.28 45 3.58 0
13:36 753.36 22.17 45 1.79 0
13:37 753.36 22.17 46 .45 0
13:38 753.36 22.11 46 2.24 0
13:39 753.36 22.11 47 1.79 0
13:40 753.36 22.11 46 .45 0
13:41 753.36 22.17 46 1.34 0
13:42 753.36 22.17 47 .89 0
13:43 753.36 22.28 47 1.79 0
13:44 753.36 22.33 46 2.68 0
13:45 753.36 22.33 47 3.58 0
13:46 753.36 22.33 46 2.68 0
13:47 753.36 22.28 46 1.79 0
13:48 753.36 22.22 47 2.68 0
13:49 753.36 22.22 47 1.79 0
13:50 753.36 22.22 47 2.24 0
13:51 753.36 22.28 46 3.13 0
13:52 753.36 22.28 46 2.68 0
13:53 753.36 22.33 46 2.68 0
13:54 753.36 22.33 46 2.24 0
13:55 753.36 22.33 46 3.13 0
13:56 753.36 22.33 46 1.34 0
13:57 753.36 22.33 46 1.79 0
13:58 753.36 22.33 47 1.34 0
13:59 753.36 22.33 47 1.79 0
14:00 753.36 22.44 47 .89 0
14:01 753.36 22.5 47 2.68 0
14:02 753.36 22.56 45 1.79 0
14:03 753.36 22.56 46 .89 0
14:04 753.36 22.56 46 2.24 0
14:05 753.36 22.56 45 2.68 0
14:06 753.36 22.61 45 2.68 0
14:07 753.36 22.61 45 1.34 0
14:08 753.36 22.67 46 .89 0
14:09 753.36 22.72 46 2.24 0
14:10 753.36 22.83 46 2.68 0
14:11 753.36 22.89 45 2.68 0
14:12 753.36 22.89 45 1.34 0
14:13 753.36 22.89 45 2.24 0
14:14 753.36 22.94 45 2.24 0
14:15 753.36 22.94 44 1.79 0
14:16 753.36 22.94 45 2.24 0
14:17 753.36 22.94 46 2.24 0
14:18 753.36 23 45 3.13 0
14:19 753.36 23.06 45 1.34 0
14:20 753.36 23.11 45 .45 0
14:21 753.36 23.11 45 .89 0
14:22 753.36 23.17 45 .45 0
14:23 753.36 23.11 45 1.34 0
14:24 753.36 23.22 45 1.79 0
14:25 753.36 23.17 45 1.34 0
14:26 753.36 23.17 45 4.02 0
14:27 753.36 23.17 44 3.58 0
14:28 753.36 23 44 1.79 0
14:29 753.11 22.89 45 3.58 0
14:30 753.11 22.83 45 3.13 0
14:31 753.36 22.72 45 2.24 0
14:32 753.36 22.67 46 4.02 0
14:33 753.11 22.56 46 3.13 0
14:34 753.11 22.44 46 4.47 0
14:35 753.36 22.39 46 2.24 0
14:36 753.11 22.39 46 1.79 0
14:37 753.11 22.39 47 2.24 0
14:38 753.36 22.5 46 1.79 0
14:39 753.11 22.56 46 1.79 0
14:40 753.11 22.56 46 3.13 0
14:41 753.11 22.44 46 1.79 0
14:42 753.11 22.44 46 2.68 0
14:43 753.11 22.39 46 1.34 0
14:44 753.11 22.28 47 2.24 0
14:45 753.11 22.22 47 1.79 0
14:46 753.11 22.22 47 2.24 0
14:47 753.11 22.22 47 .89 0
14:48 753.11 22.22 47 1.79 0
14:49 753.11 22.28 48 3.58 0
14:50 753.11 22.33 47 3.58 0
14:51 753.11 22.33 47 2.24 0
14:52 753.11 22.28 46 1.34 0
14:53 753.11 22.28 46 1.34 0
14:54 753.11 22.33 47 1.79 0
14:55 753.11 22.39 47 4.02 0
14:56 753.11 22.44 46 3.13 0
14:57 753.11 22.44 46 2.24 0
14:58 753.11 22.44 46 1.34 0
14:59 753.11 22.44 47 1.79 0
15:00 753.11 22.5 46 1.34 0
15:01 753.11 22.5 47 1.34 0
15:02 753.11 22.56 45 1.34 0
15:03 752.86 22.56 45 3.13 0
15:04 753.11 22.61 46 1.34 0
15:05 752.86 22.67 46 2.24 0
15:06 752.86 22.67 45 1.79 0
15:07 752.86 22.78 46 .89 0
15:08 752.86 22.78 46 3.58 0
15:09 752.86 22.78 45 2.24 0
15:10 752.86 22.72 45 .89 0
15:11 752.86 22.72 46 1.79 0
15:12 752.86 22.72 46 2.68 0
15:13 752.86 22.72 47 1.34 0
15:14 752.86 22.78 46 0 0
15:15 752.86 22.89 46 .89 0
15:16 752.86 23 47 .45 0
15:17 752.86 23.06 46 0 0
15:18 752.86 23.17 46 .89 0
15:19 752.86 23.22 46 .89 0
15:20 752.86 23.33 46 .45 0
15:21 752.86 23.39 46 .45 0
15:22 752.86 23.44 45 1.79 0
15:23 752.86 23.56 46 1.79 0
15:24 752.86 23.67 46 4.02 0
15:25 752.86 23.67 44 4.47 0
15:26 752.86 23.56 45 3.13 0
15:27 752.86 23.5 45 1.79 0
15:28 752.86 23.39 45 3.13 0
15:29 752.86 23.39 45 3.13 0
15:30 752.86 23.33 45 1.34 0
15:31 752.86 23.28 45 3.13 0
15:32 752.86 23.28 46 2.68 0
15:33 752.86 23.22 45 2.68 0
15:34 752.86 23.22 44 1.79 0
15:35 752.86 23.17 45 1.34 0
15:36 752.86 23.11 45 1.79 0
15:37 752.86 23.06 44 .89 0
15:38 752.86 23.06 45 .45 0
15:39 752.86 23.06 45 .89 0
15:40 752.86 23.06 44 1.34 0
15:41 752.86 23.06 45 .89 0
15:42 752.86 23 45 .89 0
15:43 752.86 23.06 45 1.34 0
15:44 752.86 23.17 45 3.13 0
15:45 752.86 23.22 45 1.79 0
15:46 752.86 23.33 45 1.34 0
15:47 752.86 23.39 45 .45 0
15:48 752.86 23.39 45 .45 0
15:49 752.86 23.44 45 .45 0
15:50 752.86 23.56 45 1.79 0
15:51 752.86 23.61 44 .89 0
15:52 752.86 23.67 44 .89 0
15:53 752.86 23.67 44 1.34 0
15:54 752.86 23.67 44 .45 0
15:55 752.86 23.67 44 1.34 0
15:56 752.86 23.72 44 .89 0
15:57 752.86 23.78 44 .45 0
15:58 752.86 23.78 44 .45 0
15:59 752.86 23.83 43 1.34 0
16:00 752.86 23.83 44 .89 0
16:01 752.86 23.83 45 .89 0
16:02 752.86 23.83 44 .45 0
16:03 752.86 23.83 44 .45 0
16:04 752.86 23.89 44 .45 0
16:05 752.86 23.94 44 1.34 0
16:06 752.86 23.94 44 1.34 0
16:07 752.86 23.83 44 1.79 0
16:08 752.86 23.72 44 .89 0
16:09 752.86 23.61 44 .89 0
16:10 752.86 23.67 45 1.34 0
16:11 752.86 23.67 44 1.34 0
16:12 752.86 23.61 44 2.68 0
16:13 752.86 23.67 44 .89 0
16:14 752.86 23.67 44 1.34 0
16:15 752.86 23.67 44 .45 0
16:16 752.86 23.67 44 2.68 0
16:17 752.86 23.67 44 3.13 0
16:18 752.86 23.67 45 1.79 0
16:19 752.86 23.61 44 2.24 0
16:20 752.86 23.56 44 1.34 0
16:21 752.86 23.5 44 3.58 0
16:22 752.86 23.44 44 1.79 0
16:23 752.86 23.39 44 .89 0
16:24 752.86 23.39 45 1.34 0
16:25 752.86 23.39 45 .89 0
16:26 752.86 23.39 44 2.24 0
16:27 752.86 23.39 45 2.24 0
16:28 752.86 23.44 44 .45 0
16:29 752.86 23.5 43 2.24 0
16:30 752.86 23.5 42 2.68 0
16:31 752.86 23.5 43 .89 0
16:32 752.86 23.56 43 .45 0
16:33 752.86 23.56 43 1.34 0
16:34 752.86 23.56 43 .89 0
16:35 752.86 23.56 43 1.34 0
16:36 752.86 23.56 42 1.34 0
16:37 752.6 23.56 42 .45 0
16:38 752.86 23.56 42 .45 0
16:39 752.86 23.56 42 1.79 0
16:40 752.6 23.61 42 1.34 0
16:41 752.6 23.61 42 2.68 0
16:42 752.86 23.56 42 1.79 0
16:43 752.6 23.5 42 .89 0
16:44 752.6 23.5 42 1.34 0
16:45 752.6 23.44 42 1.34 0
16:46 752.6 23.39 42 1.79 0
16:47 752.6 23.33 42 .89 0
16:48 752.6 23.33 43 1.34 0
16:49 752.6 23.33 43 .89 0
16:50 752.6 23.33 43 1.34 0
16:51 752.6 23.33 43 1.79 0
16:52 752.6 23.39 43 2.68 0
16:53 752.6 23.39 43 1.79 0
16:54 752.6 23.33 43 2.24 0
16:55 752.6 23.33 43 .89 0
16:56 752.6 23.33 44 3.13 0
16:57 752.6 23.33 43 .89 0
16:58 752.6 23.33 44 .89 0
16:59 752.6 23.33 44 .45 0
17:00 752.6 23.39 43 .89 0
17:01 752.6 23.5 44 1.79 0
17:02 752.6 23.5 43 .45 0
17:03 752.6 23.56 43 .89 0
17:04 752.6 23.56 43 1.79 0
17:05 752.6 23.56 43 2.24 0
17:06 752.6 23.5 42 1.79 0
17:07 752.6 23.5 42 .89 0
17:08 752.6 23.56 43 1.79 0
17:09 752.6 23.56 43 2.24 0
17:10 752.6 23.56 42 1.79 0
17:11 752.6 23.56 43 1.34 0
17:12 752.6 23.56 42 2.24 0
17:13 752.6 23.56 42 1.79 0
17:14 752.6 23.5 43 2.24 0
17:15 752.6 23.44 42 2.24 0
17:16 752.6 23.39 43 1.34 0
17:17 752.6 23.39 43 1.34 0
17:18 752.6 23.33 43 1.34 0
17:19 752.35 23.33 43 1.34 0
17:20 752.35 23.33 43 .89 0
17:21 752.35 23.33 44 .89 0
17:22 752.35 23.39 44 .45 0
17:23 752.35 23.39 43 .89 0
17:24 752.6 23.44 43 .45 0
17:25 752.35 23.5 43 0 0
17:26 752.6 23.56 43 0 0
17:27 752.35 23.61 43 .45 0
17:28 752.35 23.67 43 .45 0
17:29 752.35 23.78 43 .45 0
17:30 752.35 23.83 43 1.34 0
17:31 752.35 23.83 43 1.34 0
17:32 752.35 23.89 43 2.24 0
17:33 752.35 23.83 43 .89 0
17:34 752.35 23.72 43 1.34 0
17:35 752.35 23.67 43 2.68 0
17:36 752.35 23.61 44 2.24 0
17:37 752.35 23.56 44 1.79 0
17:38 752.35 23.5 44 2.24 0
17:39 752.35 23.39 44 2.68 0
17:40 752.35 23.33 45 .89 0
17:41 752.35 23.28 45 .89 0
17:42 752.35 23.22 45 1.34 0
17:43 752.35 23.28 45 3.58 0
17:44 752.35 23.22 44 2.24 0
17:45 752.35 23.17 45 1.34 0
17:46 752.35 23.17 45 1.34 0
17:47 752.35 23.17 45 .89 0
17:48 752.35 23.17 45 .89 0
17:49 752.35 23.11 45 1.79 0
17:50 752.35 23.11 45 1.79 0
17:51 752.35 23.11 46 .89 0
17:52 752.35 23.11 46 2.68 0
17:53 752.35 23.11 46 1.34 0
17:54 752.35 23.06 46 1.79 0
17:55 752.35 22.94 46 1.79 0
17:56 752.35 22.94 46 .89 0
17:57 752.35 22.94 45 2.68 0
17:58 752.35 22.94 45 2.24 0
17:59 752.35 22.94 45 1.34 0
18:00 752.35 22.94 45 1.79 0
18:01 752.35 22.94 45 .89 0
18:02 752.35 23 45 2.68 0
18:03 752.35 22.94 45 .89 0
18:04 752.35 22.94 45 .89 0
18:05 752.35 22.94 46 2.24 0
18:06 752.35 23 45 1.79 0
18:07 752.35 22.94 45 2.68 0
18:08 752.35 22.94 45 1.34 0
18:09 752.35 22.94 45 2.68 0
18:10 752.35 22.94 45 2.68 0
18:11 752.35 22.94 45 2.24 0
18:12 752.35 22.94 45 .89 0
18:13 752.35 22.94 45 1.34 0
18:14 752.35 22.94 45 1.34 0
18:15 752.35 22.94 45 .45 0
18:16 752.35 22.94 44 1.34 0
18:17 752.35 22.94 44 .89 0
18:18 752.35 22.94 44 0 0
18:19 752.09 22.94 45 .45 0
18:20 752.35 23 45 .45 0
18:21 752.35 23.06 44 1.79 0
18:22 752.35 23.06 44 1.79 0
18:23 752.35 23.06 44 1.79 0
18:24 752.35 23.06 44 .89 0
18:25 752.35 23.06 44 1.34 0
18:26 752.35 23 44 1.34 0
18:27 752.35 23 44 .89 0
18:28 752.35 22.94 44 .89 0
18:29 752.35 22.94 44 0 0
18:30 752.35 22.94 45 1.34 0
18:31 752.35 23 45 1.34 0
18:32 752.35 22.94 45 1.79 0
18:33 752.35 22.94 46 1.34 0
18:34 752.35 22.94 46 .89 0
18:35 752.35 22.94 46 2.24 0
18:36 752.35 22.83 46 1.79 0
18:37 752.35 22.78 46 1.79 0
18:38 752.35 22.72 46 1.79 0
18:39 752.35 22.67 47 .89 0
18:40 752.35 22.67 47 .89 0
18:41 752.35 22.61 48 .89 0
18:42 752.09 22.56 48 2.24 0
18:43 752.35 22.56 47 .89 0
18:44 752.35 22.56 48 2.24 0
18:45 752.35 22.56 48 1.79 0
18:46 752.35 22.56 47 .89 0
18:47 752.35 22.5 48 2.68 0
18:48 752.35 22.5 48 .45 0
18:49 752.35 22.5 48 1.34 0
18:50 752.35 22.5 48 .45 0
18:51 752.35 22.44 48 2.24 0
18:52 752.35 22.5 48 .89 0
18:53 752.35 22.5 49 .89 0
18:54 752.35 22.44 48 2.24 0
18:55 752.09 22.39 48 1.34 0
18:56 752.35 22.39 49 1.34 0
18:57 752.09 22.39 49 1.34 0
18:58 752.35 22.33 49 1.79 0
18:59 752.09 22.28 49 1.34 0
19:00 752.35 22.28 49 1.79 0
19:01 752.09 22.17 50 1.34 0
19:02 752.09 22.17 50 1.79 0
19:03 752.09 22.11 50 1.34 0
19:04 752.09 22.06 50 1.79 0
19:05 752.09 22 50 1.34 0
19:06 752.09 21.94 50 .89 0
19:07 752.09 21.94 50 1.79 0
19:08 752.09 21.89 51 .89 0
19:09 752.35 21.83 51 1.34 0
19:10 752.09 21.78 51 1.34 0
19:11 752.09 21.78 51 1.34 0
19:12 752.09 21.72 51 1.34 0
19:13 752.09 21.67 52 1.34 0
19:14 752.09 21.67 52 1.34 0
19:15 752.09 21.61 52 .89 0
19:16 752.09 21.56 52 1.34 0
19:17 752.09 21.5 52 1.34 0
19:18 752.09 21.44 52 1.34 0
19:19 752.09 21.44 53 1.34 0
19:20 752.09 21.33 53 .89 0
19:21 752.09 21.33 53 1.34 0
19:22 752.09 21.33 53 1.34 0
19:23 752.09 21.28 53 1.34 0
19:24 752.09 21.22 53 1.34 0
19:25 752.09 21.17 53 .89 0
19:26 752.09 21.17 53 .89 0
19:27 752.09 21.17 54 1.34 0
19:28 752.09 21.06 54 1.34 0
19:29 752.09 21.06 54 .89 0
19:30 752.09 21 54 2.68 0
19:31 752.09 20.94 54 1.34 0
19:32 752.09 20.94 54 1.34 0
19:33 752.09 20.89 55 1.34 0
19:34 752.09 20.83 55 1.34 0
19:35 752.09 20.83 55 1.79 0
19:36 752.09 20.78 55 .89 0
19:37 752.09 20.78 55 1.34 0
19:38 752.09 20.78 55 1.34 0
19:39 752.09 20.72 55 .89 0
19:40 752.09 20.72 55 .89 0
19:41 752.09 20.72 55 1.34 0
19:42 752.09 20.67 55 1.34 0
19:43 752.09 20.61 56 1.34 0
19:44 752.09 20.61 56 .45 0
19:45 752.09 20.56 56 .89 0
19:46 752.09 20.5 56 .89 0
19:47 752.09 20.5 56 .89 0
19:48 752.09 20.44 56 1.34 0
19:49 752.09 20.44 57 .89 0
19:50 752.09 20.39 57 .89 0
19:51 752.09 20.39 57 .89 0
19:52 752.09 20.33 57 .89 0
19:53 752.09 20.28 57 .89 0
19:54 752.09 20.28 57 .89 0
19:55 752.09 20.28 57 .89 0
19:56 752.35 20.28 57 1.34 0
19:57 752.09 20.22 57 1.34 0
19:58 752.09 20.17 57 1.34 0
19:59 752.09 20.17 58 1.34 0
20:00 752.09 20.11 58 .89 0
20:01 752.09 20.11 58 1.34 0
20:02 752.09 20.06 58 1.34 0
20:03 752.09 20 58 .89 0
20:04 752.35 20 59 1.34 0
20:05 752.35 19.94 59 1.34 0
20:06 752.35 19.94 59 .89 0
20:07 752.35 19.89 59 1.34 0
20:08 752.35 19.89 59 .89 0
20:09 752.35 19.83 59 1.34 0
20:10 752.35 19.78 59 .89 0
20:11 752.35 19.78 59 1.34 0
20:12 752.35 19.72 59 .89 0
20:13 752.35 19.72 60 1.34 0
20:14 752.09 19.67 60 1.34 0
20:15 752.35 19.67 60 1.34 0
20:16 752.09 19.61 60 1.79 0
20:17 752.09 19.56 60 1.34 0
20:18 752.09 19.56 60 1.34 0
20:19 752.09 19.5 60 1.34 0
20:20 752.09 19.44 60 1.34 0
20:21 752.09 19.44 61 1.34 0
20:22 752.09 19.39 61 1.34 0
20:23 752.35 19.33 61 1.34 0
20:24 752.09 19.28 61 1.34 0
20:25 752.09 19.28 61 1.34 0
20:26 752.09 19.22 61 1.79 0
20:27 752.09 19.17 61 1.34 0
20:28 752.09 19.17 61 1.79 0
20:29 752.09 19.11 62 .89 0
20:30 752.09 19.06 62 1.34 0
20:31 752.09 19 62 .89 0
20:32 752.09 19 62 .89 0
20:33 752.09 18.94 62 1.34 0
20:34 752.09 18.89 62 1.34 0
20:35 752.09 18.83 62 .89 0
20:36 752.09 18.83 62 .89 0
20:37 752.09 18.83 62 .89 0
20:38 752.09 18.78 63 1.34 0
20:39 752.09 18.72 63 .89 0
20:40 752.09 18.72 63 1.34 0
20:41 752.09 18.67 63 1.34 0
20:42 752.09 18.61 63 1.34 0
20:43 752.09 18.61 63 .89 0
20:44 752.09 18.61 63 1.34 0
20:45 752.09 18.5 63 1.79 0
20:46 752.09 18.5 64 1.34 0
20:47 752.09 18.5 64 1.79 0
20:48 752.09 18.44 64 1.34 0
20:49 752.09 18.44 64 .89 0
20:50 752.09 18.44 64 1.34 0
20:51 752.09 18.44 64 .89 0
20:52 752.09 18.39 64 .89 0
20:53 752.09 18.39 64 1.34 0
20:54 752.09 18.33 64 1.34 0
20:55 752.09 18.33 64 1.34 0
20:56 752.09 18.28 64 .89 0
20:57 752.09 18.28 65 1.79 0
20:58 752.09 18.22 65 1.34 0
20:59 752.09 18.22 65 .89 0
21:00 752.09 18.17 65 1.34 0
21:01 752.09 18.17 65 1.34 0
21:02 752.09 18.11 65 1.34 0
21:03 752.09 18.11 65 .89 0
21:04 752.09 18.06 65 1.34 0
21:05 752.09 18.06 65 .89 0
21:06 752.09 18.06 65 .89 0
21:07 752.09 18.06 65 .89 0
21:08 752.09 18 65 .89 0
21:09 752.09 18 65 .89 0
21:10 752.09 17.94 66 .89 0
21:11 752.09 17.94 66 .89 0
21:12 752.09 17.94 65 .89 0
21:13 752.09 17.89 65 1.34 0
21:14 752.09 17.89 66 .89 0
21:15 752.35 17.83 66 1.34 0
21:16 752.09 17.83 66 1.34 0
21:17 752.09 17.83 66 .89 0
21:18 752.09 17.78 66 1.79 0
21:19 752.09 17.78 66 1.34 0
21:20 752.09 17.72 66 1.34 0
21:21 752.09 17.72 66 1.34 0
21:22 752.09 17.72 67 1.79 0
21:23 752.09 17.72 67 .89 0
21:24 752.09 17.67 67 .89 0
21:25 752.09 17.67 67 1.79 0
21:26 752.09 17.67 67 1.34 0
21:27 752.09 17.67 67 .89 0
21:28 752.09 17.61 67 .89 0
21:29 752.09 17.61 67 1.34 0
21:30 752.09 17.61 67 1.34 0
21:31 752.09 17.61 67 1.34 0
21:32 752.09 17.56 67 1.34 0
21:33 752.09 17.56 67 1.34 0
21:34 752.09 17.56 67 1.34 0
21:35 752.09 17.56 67 1.79 0
21:36 752.09 17.56 67 1.34 0
21:37 752.09 17.56 67 1.34 0
21:38 752.09 17.56 67 1.34 0
21:39 752.09 17.5 67 1.34 0
21:40 752.09 17.56 67 1.34 0
21:41 752.09 17.5 67 .89 0
21:42 752.09 17.5 67 .89 0
21:43 752.09 17.44 67 .89 0
21:44 752.09 17.44 67 .89 0
21:45 752.35 17.44 67 .89 0
21:46 752.35 17.44 67 .45 0
21:47 752.09 17.39 67 .89 0
21:48 752.09 17.39 68 .89 0
21:49 752.09 17.33 68 .89 0
21:50 752.09 17.33 68 .89 0
21:51 752.09 17.33 68 .89 0
21:52 752.09 17.28 68 1.34 0
21:53 752.09 17.28 68 .89 0
21:54 752.09 17.28 68 .89 0
21:55 752.09 17.22 68 .89 0
21:56 752.09 17.17 68 .89 0
21:57 752.09 17.22 68 .89 0
21:58 752.09 17.11 68 .89 0
21:59 752.09 17.11 68 .89 0
22:00 752.09 17.11 68 .89 0
22:01 752.35 17.06 68 .89 0
22:02 752.09 17.06 69 .89 0
22:03 752.35 17.06 69 .45 0
22:04 752.09 17 69 1.34 0
22:05 752.35 17 69 1.34 0
22:06 752.35 17 69 1.34 0
22:07 752.09 17 69 1.34 0
22:08 752.35 17 69 1.34 0
22:09 752.35 17 69 1.34 0
22:10 752.35 16.94 69 .45 0
22:11 752.35 16.94 69 1.34 0
22:12 752.35 16.94 69 .89 0
22:13 752.35 16.94 69 .89 0
22:14 752.35 16.94 69 1.34 0
22:15 752.35 16.94 69 .89 0
22:16 752.35 16.94 69 .89 0
22:17 752.35 16.89 69 .89 0
22:18 752.35 16.89 69 .89 0
22:19 752.35 16.89 69 .45 0
22:20 752.35 16.89 70 .89 0
22:21 752.35 16.83 70 .89 0
22:22 752.35 16.83 69 .45 0
22:23 752.35 16.78 69 .45 0
22:24 752.35 16.78 70 .45 0
22:25 752.35 16.72 70 .45 0
22:26 752.35 16.72 70 .45 0
22:27 752.35 16.72 70 .45 0
22:28 752.35 16.72 70 .89 0
22:29 752.35 16.67 70 .89 0
22:30 752.35 16.61 70 .45 0
22:31 752.35 16.61 70 .89 0
22:32 752.35 16.56 70 .45 0
22:33 752.35 16.56 70 .89 0
22:34 752.35 16.56 71 .45 0
22:35 752.35 16.5 71 .45 0
22:36 752.35 16.5 71 .45 0
22:37 752.35 16.44 71 .45 0
22:38 752.35 16.44 71 0 0
22:39 752.35 16.44 71 .45 0
22:40 752.35 16.39 71 .45 0
22:41 752.35 16.33 71 .45 0
22:42 752.35 16.33 71 .45 0
22:43 752.35 16.28 71 .45 0
22:44 752.35 16.28 72 .45 0
22:45 752.35 16.22 72 .45 0
22:46 752.35 16.22 71 .45 0
22:47 752.35 16.17 72 .45 0
22:48 752.35 16.17 72 .89 0
22:49 752.35 16.11 72 .45 0
22:50 752.35 16.11 72 .89 0
22:51 752.35 16.06 72 .45 0
22:52 752.6 16.06 72 .89 0
22:53 752.35 16.06 72 .45 0
22:54 752.35 16 72 .45 0
22:55 752.35 16 72 .45 0
22:56 752.35 15.94 72 .45 0
22:57 752.35 15.94 72 0 0
22:58 752.6 15.94 72 .45 0
22:59 752.35 15.94 72 .45 0
23:00 752.6 15.94 72 0 0
23:01 752.35 15.89 72 .45 0
23:02 752.35 15.83 73 .45 0
23:03 752.6 15.89 73 .45 0
23:04 752.35 15.83 73 .45 0
23:05 752.35 15.78 73 .45 0
23:06 752.35 15.78 73 0 0
23:07 752.6 15.72 73 0 0
23:08 752.35 15.67 73 .45 0
23:09 752.6 15.67 73 .45 0
23:10 752.6 15.61 73 .45 0
23:11 752.35 15.61 73 .45 0
23:12 752.35 15.56 73 .45 0
23:13 752.35 15.56 73 .45 0
23:14 752.35 15.5 73 .89 0
23:15 752.35 15.5 73 .89 0
23:16 752.35 15.44 73 .89 0
23:17 752.35 15.5 74 .45 0
23:18 752.35 15.44 74 .45 0
23:19 752.35 15.44 74 .89 0
23:20 752.35 15.44 73 .89 0
23:21 752.35 15.44 73 .45 0
23:22 752.35 15.44 73 .45 0
23:23 752.35 15.44 73 .89 0
23:24 752.35 15.44 73 .45 0
23:25 752.6 15.44 73 .89 0
23:26 752.35 15.44 73 0 0
23:27 752.35 15.44 73 .45 0
23:28 752.6 15.5 73 .45 0
23:29 752.35 15.44 73 .45 0
23:30 752.35 15.44 73 .89 0
23:31 752.35 15.44 73 .45 0
23:32 752.35 15.44 73 .89 0
23:33 752.6 15.44 73 .45 0
23:34 752.6 15.44 73 .89 0
23:35 752.35 15.39 73 .89 0
23:36 752.6 15.39 73 .89 0
23:37 752.35 15.39 74 .89 0
23:38 752.6 15.39 73 .45 0
23:39 752.6 15.33 74 .89 0
23:40 752.6 15.33 73 .89 0
23:41 752.6 15.33 73 .89 0
23:42 752.6 15.39 73 .45 0
23:43 752.6 15.39 74 .45 0
23:44 752.35 15.33 73 .89 0
23:45 752.6 15.33 73 .89 0
23:46 752.6 15.28 73 .89 0
23:47 752.6 15.33 73 1.34 0
23:48 752.35 15.28 73 .89 0
23:49 752.6 15.28 73 .89 0
23:50 752.6 15.28 73 .89 0
23:51 752.6 15.28 73 .89 0
23:52 752.6 15.28 73 .89 0
23:53 752.6 15.28 73 .89 0
23:54 752.6 15.28 73 .89 0
23:55 752.6 15.28 73 .45 0
23:56 752.6 15.28 73 .89 0
23:57 752.6 15.28 73 0 0
23:58 752.6 15.28 73 .89 0
23:59 752.6 15.28 73 .45 0
