00:00 748.03 8.78 56 1.34 0
00:01 748.03 8.78 56 2.24 0
00:02 748.03 8.72 56 2.24 0
00:03 748.03 8.72 57 2.68 0
00:04 748.03 8.72 57 2.24 0
00:05 748.03 8.72 57 4.02 0
00:06 748.03 8.67 57 5.81 0
00:07 748.03 8.67 57 1.79 0
00:08 748.03 8.61 57 1.34 0
00:09 748.03 8.61 57 4.47 0
00:10 748.03 8.61 57 2.24 0
00:11 748.03 8.61 57 1.34 0
00:12 748.03 8.56 57 2.24 0
00:13 748.03 8.56 57 2.24 0
00:14 748.03 8.56 57 2.24 0
00:15 748.03 8.56 57 2.24 0
00:16 748.03 8.5 58 3.58 0
00:17 748.03 8.56 58 3.58 0
00:18 748.03 8.5 58 1.79 0
00:19 748.03 8.5 58 4.02 0
00:20 748.03 8.5 58 2.68 0
00:21 748.03 8.5 58 2.24 0
00:22 748.03 8.44 58 4.02 0
00:23 748.03 8.44 58 1.79 0
00:24 748.03 8.44 58 3.58 0
00:25 748.03 8.39 58 4.47 0
00:26 748.03 8.39 58 3.58 0
00:27 748.03 8.39 58 1.34 0
00:28 748.03 8.33 58 .45 0
00:29 748.03 8.33 58 2.68 0
00:30 748.03 8.33 58 3.58 0
00:31 748.03 8.28 58 1.79 0
00:32 747.78 8.28 59 1.34 0
00:33 748.03 8.28 59 2.24 0
00:34 748.03 8.28 59 .89 0
00:35 747.78 8.28 59 4.92 0
00:36 747.78 8.28 59 3.58 0
00:37 748.03 8.28 59 .89 0
00:38 748.03 8.28 59 3.58 0
00:39 747.78 8.28 59 3.13 0
00:40 747.78 8.28 59 4.92 0
00:41 747.78 8.28 59 4.47 0
00:42 747.78 8.28 59 2.68 0
00:43 747.78 8.28 59 2.24 0
00:44 747.78 8.28 59 2.68 0
00:45 747.78 8.28 59 2.68 0
00:46 747.78 8.22 59 1.79 0
00:47 747.78 8.22 59 4.02 0
00:48 747.78 8.17 60 4.47 0
00:49 747.78 8.11 60 1.79 0
00:50 747.78 8.11 60 2.24 0
00:51 747.78 8.06 60 1.79 0
00:52 747.78 8.11 60 3.13 0
00:53 747.78 8.06 60 2.24 0
00:54 747.78 8.06 60 3.58 0
00:55 747.78 8.06 60 4.47 0
00:56 747.78 8.06 60 4.02 0
00:57 747.78 8.06 60 4.02 0
00:58 747.78 8.06 60 1.79 0
00:59 747.78 8.06 60 3.58 0
01:00 747.78 8.06 60 4.02 0
01:01 747.78 8.06 60 2.68 0
01:02 747.78 8.11 60 4.92 0
01:03 747.78 8.11 60 3.13 0
01:04 747.78 8.11 60 5.36 0
01:05 747.78 8.06 60 2.68 0
01:06 747.78 8.06 60 3.13 0
01:07 747.78 8.06 60 4.92 0
01:08 747.78 8.06 60 3.13 0
01:09 747.78 8 60 1.79 0
01:10 747.78 8 61 4.02 0
01:11 747.78 7.94 61 2.68 0
01:12 747.78 7.94 61 5.36 0
01:13 747.78 7.94 61 4.02 0
01:14 747.78 7.94 61 3.58 0
01:15 747.78 7.94 61 4.02 0
01:16 747.78 7.94 61 3.58 0
01:17 747.78 7.89 61 0 0
01:18 747.78 7.89 61 2.24 0
01:19 747.78 7.83 61 2.68 0
01:20 747.78 7.83 61 1.79 0
01:21 747.78 7.83 61 1.34 0
01:22 747.78 7.83 61 4.92 0
01:23 747.78 7.78 61 .89 0
01:24 747.78 7.78 62 3.13 0
01:25 747.78 7.72 62 4.02 0
01:26 747.78 7.72 62 4.47 0
01:27 747.78 7.72 62 4.92 0
01:28 747.78 7.72 62 .89 0
01:29 747.78 7.72 62 4.02 0
01:30 747.78 7.72 62 4.47 0
01:31 747.78 7.72 62 2.68 0
01:32 747.78 7.67 62 2.24 0
01:33 747.78 7.67 62 1.34 0
01:34 747.78 7.72 62 4.02 0
01:35 747.78 7.67 62 3.58 0
01:36 747.78 7.67 62 1.34 0
01:37 747.78 7.67 62 3.58 0
01:38 747.78 7.67 62 3.58 0
01:39 747.78 7.61 62 1.79 0
01:40 747.78 7.61 62 1.34 0
01:41 747.78 7.61 62 4.47 0
01:42 747.78 7.61 62 3.13 0
01:43 747.78 7.61 62 3.58 0
01:44 747.78 7.56 62 2.24 0
01:45 747.78 7.61 62 3.13 0
01:46 747.78 7.56 62 1.34 0
01:47 747.78 7.56 63 4.47 0
01:48 747.78 7.5 63 4.02 0
01:49 747.78 7.44 63 4.47 0
01:50 747.78 7.5 63 3.58 0
01:51 747.78 7.44 63 3.58 0
01:52 747.78 7.44 63 3.13 0
01:53 747.78 7.44 63 6.26 0
01:54 747.78 7.44 63 2.24 0
01:55 747.78 7.39 63 1.34 0
01:56 747.52 7.39 63 2.24 0
01:57 747.52 7.39 63 3.13 0
01:58 747.52 7.39 63 3.13 0
01:59 747.52 7.39 63 3.58 0
02:00 747.52 7.33 63 3.13 0
02:01 747.52 7.39 63 4.47 0
02:02 747.52 7.33 63 3.58 0
02:03 747.52 7.33 64 4.02 0
02:04 747.52 7.33 64 4.02 0
02:05 747.52 7.33 64 4.02 0
02:06 747.52 7.33 64 2.68 0
02:07 747.52 7.33 64 1.79 0
02:08 747.52 7.33 64 3.58 0
02:09 747.52 7.33 64 2.68 0
02:10 747.52 7.28 64 2.24 0
02:11 747.52 7.28 64 4.47 0
02:12 747.52 7.28 64 1.79 0
02:13 747.52 7.28 64 4.02 0
02:14 747.52 7.22 64 2.68 0
02:15 747.52 7.22 64 2.24 0
02:16 747.52 7.22 64 4.92 0
02:17 747.52 7.17 64 1.79 0
02:18 747.78 7.17 64 2.68 0
02:19 747.78 7.17 64 4.02 0
02:20 747.78 7.17 64 3.13 0
02:21 747.52 7.17 64 2.68 0
02:22 747.52 7.17 64 3.58 0
02:23 747.52 7.17 64 5.36 0
02:24 747.52 7.17 64 4.02 0
02:25 747.78 7.17 64 4.02 0
02:26 747.78 7.17 64 4.47 0
02:27 747.52 7.17 64 1.79 0
02:28 747.78 7.11 64 1.34 0
02:29 747.52 7.11 65 4.47 0
02:30 747.78 7.11 65 3.58 0
02:31 747.78 7.11 65 3.58 0
02:32 747.52 7.06 65 2.24 0
02:33 747.78 7.06 65 4.02 0
02:34 747.52 7.06 65 4.02 0
02:35 747.52 7.06 65 1.79 0
02:36 747.78 7 65 .89 0
02:37 747.52 7 65 5.81 0
02:38 747.78 6.94 65 1.34 0
02:39 747.78 6.94 65 2.24 0
02:40 747.52 6.94 65 1.34 0
02:41 747.52 6.94 66 1.34 0
02:42 747.52 6.94 66 5.36 0
02:43 747.52 6.94 66 2.68 0
02:44 747.52 6.94 66 5.81 0
02:45 747.52 6.94 66 3.58 0
02:46 747.52 6.94 66 2.24 0
02:47 747.52 6.89 66 5.81 0
02:48 747.52 6.94 66 2.68 0
02:49 747.52 6.89 66 3.58 0
02:50 747.52 6.89 66 4.92 0
02:51 747.52 6.83 66 3.13 0
02:52 747.52 6.83 66 4.92 0
02:53 747.52 6.83 66 4.47 0
02:54 747.52 6.78 66 4.92 0
02:55 747.52 6.78 66 3.58 0
02:56 747.52 6.78 66 3.13 0
02:57 747.52 6.78 66 1.79 0
02:58 747.52 6.78 66 4.92 0
02:59 747.52 6.78 66 3.13 0
03:00 747.78 6.78 66 1.79 0
03:01 747.78 6.72 66 5.36 0
03:02 747.78 6.72 66 3.13 0
03:03 747.78 6.72 66 1.79 0
03:04 747.78 6.72 67 4.02 0
03:05 747.78 6.72 67 4.47 0
03:06 747.52 6.72 67 4.47 0
03:07 747.78 6.72 67 3.58 0
03:08 747.78 6.67 67 2.24 0
03:09 747.78 6.67 67 4.47 0
03:10 747.78 6.67 67 5.81 0
03:11 747.78 6.72 67 4.02 0
03:12 747.52 6.72 67 4.47 0
03:13 747.52 6.72 67 .45 0
03:14 747.52 6.72 67 4.47 0
03:15 747.52 6.78 67 4.92 0
03:16 747.52 6.72 67 3.13 0
03:17 747.52 6.72 67 5.36 0
03:18 747.52 6.72 67 6.71 0
03:19 747.52 6.72 67 4.92 0
03:20 747.78 6.78 67 4.02 0
03:21 747.52 6.72 67 5.36 0
03:22 747.52 6.72 67 4.02 0
03:23 747.52 6.72 67 3.58 0
03:24 747.52 6.72 67 3.13 0
03:25 747.52 6.72 67 4.92 0
03:26 747.52 6.72 67 2.24 0
03:27 747.52 6.72 67 5.36 0
03:28 747.52 6.67 67 1.79 0
03:29 747.52 6.67 67 .89 0
03:30 747.52 6.67 67 4.47 0
03:31 747.52 6.67 67 1.34 0
03:32 747.52 6.67 67 6.26 0
03:33 747.52 6.67 67 1.79 0
03:34 747.52 6.67 67 4.47 0
03:35 747.52 6.67 67 4.02 0
03:36 747.52 6.67 67 4.92 0
03:37 747.52 6.61 67 4.02 0
03:38 747.52 6.61 67 4.47 0
03:39 747.52 6.67 68 4.47 0
03:40 747.52 6.61 68 4.02 0
03:41 747.78 6.61 68 4.47 0
03:42 747.78 6.61 68 4.47 0
03:43 747.78 6.61 68 4.47 0
03:44 747.52 6.56 68 1.79 0
03:45 747.52 6.56 68 2.24 0
03:46 747.52 6.56 68 4.47 0
03:47 747.52 6.56 68 2.68 0
03:48 747.52 6.56 68 3.58 0
03:49 747.52 6.56 68 4.92 0
03:50 747.78 6.56 68 4.47 0
03:51 747.52 6.56 68 7.15 0
03:52 747.52 6.61 68 4.47 0
03:53 747.52 6.56 68 4.47 0
03:54 747.52 6.56 68 4.02 0
03:55 747.78 6.56 68 4.47 0
03:56 747.78 6.5 68 8.05 0
03:57 747.78 6.56 68 3.13 0
03:58 747.78 6.56 68 3.58 0
03:59 747.78 6.56 68 2.24 0
04:00 747.78 6.56 68 3.58 0
04:01 747.78 6.56 68 4.47 0
04:02 747.78 6.5 68 6.26 0
04:03 747.52 6.5 68 3.13 0
04:04 747.78 6.5 68 1.79 0
04:05 747.52 6.5 68 1.34 0
04:06 747.78 6.5 68 6.71 0
04:07 747.78 6.5 68 4.02 0
04:08 747.78 6.44 68 4.92 0
04:09 747.78 6.44 68 2.24 0
04:10 747.78 6.5 68 4.92 0
04:11 747.78 6.44 68 3.58 0
04:12 747.52 6.44 68 2.68 0
04:13 747.52 6.44 68 4.02 0
04:14 747.52 6.44 68 4.47 0
04:15 747.78 6.44 68 3.58 0
04:16 747.52 6.44 68 3.13 0
04:17 747.52 6.39 68 5.36 0
04:18 747.52 6.39 68 4.47 0
04:19 747.78 6.39 68 3.58 0
04:20 747.78 6.39 69 6.26 0
04:21 747.78 6.39 68 3.13 0
04:22 747.52 6.39 68 4.47 0
04:23 747.78 6.33 69 5.81 0
04:24 747.52 6.33 69 4.92 0
04:25 747.52 6.33 69 2.24 0
04:26 747.52 6.28 69 1.79 0
04:27 747.52 6.28 69 3.58 0
04:28 747.52 6.28 69 2.68 0
04:29 747.52 6.28 69 4.02 0
04:30 747.52 6.28 69 4.92 0
04:31 747.78 6.28 69 3.13 0
04:32 747.52 6.28 69 1.34 0
04:33 747.52 6.28 69 2.24 0
04:34 747.52 6.28 69 3.13 0
04:35 747.52 6.22 69 6.26 0
04:36 747.52 6.22 69 4.02 0
04:37 747.52 6.22 69 3.58 0
04:38 747.52 6.22 69 3.13 0
04:39 747.52 6.22 69 6.26 0
04:40 747.52 6.22 69 2.24 0
04:41 747.52 6.22 69 4.47 0
04:42 747.52 6.22 69 4.47 0
04:43 747.52 6.22 69 3.13 0
04:44 747.52 6.22 69 8.94 0
04:45 747.52 6.22 69 4.47 0
04:46 747.52 6.22 69 2.24 0
04:47 747.52 6.22 69 4.47 0
04:48 747.52 6.22 69 4.02 0
04:49 747.52 6.22 69 3.58 0
04:50 747.52 6.22 69 3.13 0
04:51 747.52 6.17 69 2.24 0
04:52 747.52 6.22 69 1.79 0
04:53 747.52 6.17 69 3.58 0
04:54 747.52 6.17 69 4.92 0
04:55 747.52 6.17 69 5.36 0
04:56 747.52 6.17 69 .89 0
04:57 747.52 6.17 69 2.24 0
04:58 747.52 6.22 69 3.58 0
04:59 747.52 6.17 69 3.58 0
05:00 747.52 6.22 69 7.15 0
05:01 747.52 6.22 69 4.92 0
05:02 747.52 6.22 69 3.13 0
05:03 747.52 6.22 69 3.13 0
05:04 747.52 6.22 69 5.81 0
05:05 747.52 6.17 69 4.47 0
05:06 747.52 6.17 69 2.68 0
05:07 747.52 6.22 69 6.26 0
05:08 747.52 6.17 69 4.47 0
05:09 747.52 6.17 69 1.79 0
05:10 747.52 6.17 69 4.47 0
05:11 747.52 6.17 70 3.58 0
05:12 747.52 6.11 70 3.13 0
05:13 747.52 6.11 70 4.02 0
05:14 747.52 6.11 69 2.68 0
05:15 747.52 6.11 69 5.36 0
05:16 747.52 6.11 70 5.36 0
05:17 747.52 6.11 70 2.68 0
05:18 747.52 6.11 70 5.36 0
05:19 747.52 6.11 70 5.36 0
05:20 747.52 6.11 70 4.47 0
05:21 747.52 6.11 70 6.71 0
05:22 747.52 6.11 70 6.26 0
05:23 747.52 6.17 70 4.02 0
05:24 747.52 6.11 70 3.58 0
05:25 747.52 6.11 70 4.92 0
05:26 747.52 6.11 70 4.92 0
05:27 747.52 6.11 70 4.47 0
05:28 747.52 6.11 70 3.58 0
05:29 747.52 6.11 70 4.02 0
05:30 747.52 6.11 70 4.02 0
05:31 747.52 6.17 70 4.02 0
05:32 747.52 6.17 70 4.02 0
05:33 747.52 6.11 70 2.24 0
05:34 747.52 6.11 70 2.24 0
05:35 747.52 6.17 70 4.02 0
05:36 747.52 6.11 70 2.24 0
05:37 747.52 6.11 70 5.81 0
05:38 747.52 6.17 70 4.02 0
05:39 747.52 6.11 70 3.58 0
05:40 747.52 6.11 70 6.26 0
05:41 747.52 6.17 70 4.47 0
05:42 747.52 6.11 70 2.68 0
05:43 747.52 6.11 70 3.58 0
05:44 747.52 6.11 70 5.36 0
05:45 747.52 6.17 70 5.36 0
05:46 747.52 6.11 70 6.71 0
05:47 747.52 6.11 70 4.92 0
05:48 747.52 6.11 70 8.05 0
05:49 747.52 6.11 70 4.47 0
05:50 747.52 6.11 70 9.39 0
05:51 747.52 6.11 70 2.68 0
05:52 747.52 6.17 70 6.71 0
05:53 747.52 6.17 70 5.36 0
05:54 747.52 6.17 70 1.79 0
05:55 747.52 6.11 70 5.36 0
05:56 747.52 6.11 70 5.81 0
05:57 747.52 6.11 70 5.36 0
05:58 747.52 6.17 70 3.13 0
05:59 747.52 6.17 70 2.68 0
06:00 747.52 6.17 70 2.68 0
06:01 747.52 6.17 70 1.79 0
06:02 747.52 6.17 70 4.47 0
06:03 747.52 6.17 70 2.24 0
06:04 747.52 6.17 70 5.36 0
06:05 747.52 6.17 70 4.02 0
06:06 747.52 6.17 70 3.13 0
06:07 747.52 6.17 70 2.24 0
06:08 747.52 6.11 70 6.71 0
06:09 747.52 6.17 70 3.58 0
06:10 747.52 6.11 70 5.36 0
06:11 747.78 6.17 70 3.58 0
06:12 747.52 6.17 70 4.02 0
06:13 747.52 6.17 70 2.24 0
06:14 747.52 6.17 70 3.58 0
06:15 747.52 6.17 70 4.02 0
06:16 747.52 6.17 70 1.34 0
06:17 747.52 6.17 70 3.58 0
06:18 747.52 6.17 70 4.47 0
06:19 747.78 6.17 70 1.34 0
06:20 747.52 6.22 70 4.02 0
06:21 747.52 6.17 70 1.79 0
06:22 747.52 6.22 70 5.36 0
06:23 747.52 6.17 70 8.49 0
06:24 747.52 6.22 70 4.92 0
06:25 747.52 6.17 70 4.02 0
06:26 747.78 6.17 70 7.15 0
06:27 747.52 6.17 70 .45 0
06:28 747.52 6.22 70 4.47 0
06:29 747.52 6.22 70 7.15 0
06:30 747.52 6.22 70 1.79 0
06:31 747.52 6.17 70 4.92 0
06:32 747.78 6.22 70 8.49 0
06:33 747.52 6.17 71 4.92 0
06:34 747.78 6.17 71 4.47 0
06:35 747.52 6.17 71 7.15 0
06:36 747.52 6.22 70 4.92 0
06:37 747.52 6.17 70 6.26 0
06:38 747.52 6.17 71 3.13 0
06:39 747.52 6.22 71 2.24 0
06:40 747.52 6.22 71 5.36 0
06:41 747.52 6.22 71 4.47 0
06:42 747.78 6.22 71 4.92 0
06:43 747.52 6.22 71 3.58 0
06:44 747.52 6.22 71 4.92 0
06:45 747.78 6.22 71 4.02 0
06:46 747.52 6.28 71 4.47 0
06:47 747.52 6.28 70 5.36 0
06:48 747.78 6.28 70 5.81 0
06:49 747.78 6.28 70 5.81 0
06:50 747.78 6.28 70 5.36 0
06:51 747.78 6.28 70 4.92 0
06:52 747.78 6.33 70 4.02 0
06:53 747.52 6.33 70 3.13 0
06:54 747.52 6.33 70 6.26 0
06:55 747.78 6.33 70 5.81 0
06:56 747.52 6.33 70 3.58 0
06:57 747.78 6.33 70 7.15 0
06:58 747.78 6.39 70 5.81 0
06:59 747.78 6.39 71 4.02 0
07:00 747.78 6.39 70 7.15 0
07:01 747.78 6.39 70 3.13 0
07:02 747.78 6.39 71 4.02 0
07:03 747.78 6.39 70 5.36 0
07:04 747.78 6.39 70 2.68 0
07:05 747.78 6.44 70 4.47 0
07:06 747.78 6.44 70 3.58 0
07:07 747.78 6.44 70 4.47 0
07:08 747.78 6.44 70 4.02 0
07:09 747.78 6.44 70 3.58 0
07:10 747.78 6.44 70 4.92 0
07:11 747.78 6.44 70 4.47 0
07:12 747.78 6.44 70 4.92 0
07:13 747.78 6.44 70 5.36 0
07:14 747.78 6.5 70 4.47 0
07:15 747.78 6.5 70 7.6 0
07:16 747.78 6.5 70 3.13 0
07:17 747.78 6.5 70 4.47 0
07:18 747.78 6.56 70 4.02 0
07:19 747.78 6.56 70 6.71 0
07:20 747.78 6.61 70 3.58 0
07:21 747.78 6.56 70 3.58 0
07:22 747.78 6.61 70 5.81 0
07:23 747.78 6.67 70 4.92 0
07:24 747.78 6.67 70 4.02 0
07:25 747.78 6.72 70 7.6 0
07:26 747.78 6.72 70 1.79 0
07:27 747.78 6.72 70 4.92 0
07:28 747.78 6.78 70 7.15 0
07:29 747.78 6.72 70 8.05 0
07:30 747.78 6.78 70 4.02 0
07:31 747.78 6.78 70 2.68 0
07:32 747.78 6.78 70 4.47 0
07:33 747.78 6.83 70 3.58 0
07:34 747.78 6.83 70 1.79 0
07:35 747.78 6.83 69 4.47 0
07:36 747.78 6.89 69 4.02 0
07:37 747.78 6.89 69 2.68 0
07:38 747.78 6.94 69 3.13 0
07:39 747.78 6.94 69 4.47 0
07:40 747.78 6.94 69 5.36 0
07:41 747.78 6.94 69 3.13 0
07:42 747.78 6.94 69 4.47 0
07:43 747.78 7 69 7.6 0
07:44 747.78 7 69 4.47 0
07:45 747.78 7.06 69 6.71 0
07:46 747.78 7.06 69 4.92 0
07:47 747.78 7.06 69 4.47 0
07:48 747.78 7.06 69 5.81 0
07:49 747.78 7.06 69 4.47 0
07:50 747.78 7.11 69 4.02 0
07:51 747.78 7.11 69 5.36 0
07:52 747.78 7.11 69 4.47 0
07:53 747.78 7.11 69 4.92 0
07:54 747.78 7.11 69 5.81 0
07:55 747.78 7.17 68 2.68 0
07:56 747.78 7.17 68 1.79 0
07:57 747.78 7.17 68 7.15 0
07:58 747.78 7.17 68 4.47 0
07:59 747.78 7.17 68 5.36 0
08:00 747.78 7.22 68 4.47 0
08:01 747.78 7.22 68 3.13 0
08:02 747.78 7.22 68 3.58 0
08:03 747.78 7.22 68 4.02 0
08:04 747.78 7.28 68 3.58 0
08:05 747.78 7.28 68 4.47 0
08:06 747.78 7.28 68 7.6 0
08:07 747.78 7.33 68 4.02 0
08:08 747.78 7.33 68 1.79 0
08:09 747.78 7.28 68 8.94 0
08:10 747.78 7.33 68 4.02 0
08:11 747.78 7.33 68 4.47 0
08:12 747.78 7.39 68 6.26 0
08:13 747.78 7.39 68 4.92 0
08:14 747.78 7.39 67 4.02 0
08:15 747.78 7.39 68 1.79 0
08:16 747.78 7.44 68 3.58 0
08:17 747.78 7.44 68 3.13 0
08:18 747.78 7.44 67 3.13 0
08:19 747.78 7.5 67 2.24 0
08:20 747.78 7.5 67 2.24 0
08:21 747.78 7.56 67 6.26 0
08:22 747.78 7.56 67 2.68 0
08:23 747.78 7.56 67 7.6 0
08:24 747.78 7.56 67 6.71 0
08:25 747.78 7.56 67 2.24 0
08:26 748.03 7.61 67 5.81 0
08:27 748.03 7.61 67 4.47 0
08:28 748.03 7.67 67 6.26 0
08:29 747.78 7.67 67 2.68 0
08:30 747.78 7.67 67 5.36 0
08:31 748.03 7.67 67 7.15 0
08:32 748.03 7.72 66 4.47 0
08:33 748.03 7.72 66 3.13 0
08:34 748.03 7.72 66 5.36 0
08:35 748.03 7.72 66 6.71 0
08:36 748.03 7.78 66 5.36 0
08:37 748.03 7.72 66 4.92 0
08:38 748.03 7.72 66 3.58 0
08:39 748.03 7.78 66 3.13 0
08:40 748.03 7.78 66 2.68 0
08:41 748.03 7.83 66 5.36 0
08:42 748.03 7.83 66 6.26 0
08:43 748.03 7.83 66 4.02 0
08:44 748.03 7.89 66 5.81 0
08:45 748.03 7.89 66 5.81 0
08:46 748.03 7.89 66 4.02 0
08:47 748.03 7.89 66 3.13 0
08:48 748.03 7.89 66 3.13 0
08:49 748.03 7.89 66 5.81 0
08:50 748.03 7.94 66 5.36 0
08:51 748.03 7.89 66 2.24 0
08:52 748.03 7.94 66 4.02 0
08:53 748.03 7.94 66 6.26 0
08:54 748.03 7.94 66 1.79 0
08:55 748.03 7.94 66 3.58 0
08:56 748.03 7.94 66 6.26 0
08:57 748.03 7.94 66 3.58 0
08:58 748.03 7.94 66 3.13 0
08:59 748.03 7.94 66 4.02 0
09:00 748.03 7.94 66 4.92 0
09:01 748.03 7.94 66 7.15 0
09:02 748.03 7.94 66 5.36 0
09:03 748.03 7.94 66 8.94 0
09:04 748.03 7.94 65 5.81 0
09:05 748.03 7.94 65 2.68 0
09:06 748.03 7.94 66 4.02 0
09:07 748.03 7.94 66 2.68 0
09:08 748.03 7.94 66 4.47 0
09:09 748.03 7.94 66 5.81 0
09:10 748.03 8 66 3.13 0
09:11 748.03 8 66 4.92 0
09:12 748.03 8 66 4.92 0
09:13 748.03 7.94 66 5.36 0
09:14 748.03 7.94 66 2.68 0
09:15 748.03 8 66 3.58 0
09:16 748.03 7.94 66 4.02 0
09:17 748.03 7.94 66 4.92 0
09:18 748.03 7.94 66 4.02 0
09:19 748.03 7.94 66 9.39 0
09:20 748.03 7.94 66 5.81 0
09:21 748.03 7.94 66 4.47 0
09:22 748.03 8 66 2.68 0
09:23 748.03 8 66 2.68 0
09:24 748.03 7.94 66 4.92 0
09:25 748.03 8 66 2.68 0
09:26 748.03 8 66 5.36 0
09:27 748.03 8 66 7.15 0
09:28 748.03 7.94 66 8.49 0
09:29 748.03 8 66 4.02 0
09:30 748.03 8 66 3.13 0
09:31 748.03 8 65 4.47 0
09:32 748.03 8 65 3.13 0
09:33 748.03 8.06 65 7.15 0
09:34 748.03 8.06 65 1.34 0
09:35 748.03 8.06 66 4.02 0
09:36 748.03 8.06 66 6.71 0
09:37 748.03 8.06 65 4.02 0
09:38 748.03 8.06 65 5.81 0
09:39 748.28 8.11 66 6.26 0
09:40 748.03 8.17 65 4.92 0
09:41 748.28 8.17 65 1.79 0
09:42 748.28 8.17 65 7.6 0
09:43 748.28 8.17 65 4.02 0
09:44 748.28 8.17 65 4.92 0
09:45 748.28 8.17 65 3.13 0
09:46 748.28 8.22 66 3.58 0
09:47 748.28 8.17 66 5.36 0
09:48 748.28 8.17 66 8.49 0
09:49 748.28 8.17 66 5.36 0
09:50 748.28 8.17 66 4.47 0
09:51 748.28 8.22 65 4.92 0
09:52 748.28 8.28 65 4.47 0
09:53 748.28 8.28 65 3.58 0
09:54 748.28 8.28 65 4.92 0
09:55 748.28 8.28 65 4.92 0
09:56 748.28 8.33 65 4.02 0
09:57 748.28 8.33 65 8.94 0
09:58 748.28 8.39 65 1.79 0
09:59 748.28 8.39 65 2.68 0
10:00 748.28 8.39 65 4.47 0
10:01 748.28 8.44 65 2.68 0
10:02 748.28 8.44 65 4.92 0
10:03 748.28 8.44 65 4.47 0
10:04 748.28 8.44 65 3.13 0
10:05 748.28 8.44 65 5.81 0
10:06 748.28 8.44 65 4.02 0
10:07 748.28 8.5 64 6.71 0
10:08 748.28 8.5 64 6.26 0
10:09 748.28 8.56 64 1.34 0
10:10 748.28 8.56 64 4.92 0
10:11 748.28 8.56 64 4.47 0
10:12 748.28 8.61 65 4.02 0
10:13 748.54 8.61 64 4.92 0
10:14 748.54 8.61 64 4.92 0
10:15 748.28 8.61 64 6.26 0
10:16 748.54 8.61 64 5.36 0
10:17 748.54 8.61 64 5.36 0
10:18 748.54 8.61 64 1.79 0
10:19 748.54 8.67 64 3.58 0
10:20 748.54 8.61 65 6.71 0
10:21 748.54 8.67 64 8.05 0
10:22 748.54 8.61 64 1.79 0
10:23 748.54 8.61 64 4.92 0
10:24 748.54 8.61 65 3.13 0
10:25 748.54 8.56 65 4.02 0
10:26 748.54 8.56 65 3.13 0
10:27 748.54 8.56 66 3.13 0
10:28 748.54 8.5 66 4.02 0
10:29 748.54 8.5 66 4.02 0
10:30 748.54 8.44 67 2.24 0
10:31 748.54 8.5 67 4.92 0
10:32 748.54 8.44 67 4.92 0
10:33 748.54 8.44 67 7.15 0
10:34 748.54 8.39 67 4.92 0
10:35 748.54 8.33 67 4.47 0
10:36 748.54 8.33 67 3.58 0
10:37 748.54 8.33 68 5.36 0
10:38 748.79 8.28 68 4.92 0
10:39 748.79 8.28 68 3.13 0
10:40 748.79 8.28 67 3.58 0
10:41 748.79 8.28 68 4.02 0
10:42 748.79 8.28 68 5.81 0
10:43 748.79 8.28 68 6.71 0
10:44 748.79 8.22 67 4.92 0
10:45 748.79 8.22 68 8.05 0
10:46 748.79 8.22 68 7.6 0
10:47 748.79 8.17 68 8.05 0
10:48 748.79 8.17 68 6.26 0
10:49 748.79 8.17 68 4.02 0
10:50 748.79 8.17 68 5.36 0
10:51 748.79 8.17 68 1.34 0
10:52 748.79 8.11 69 1.79 0
10:53 748.79 8.11 69 4.92 0
10:54 748.79 8.11 69 2.68 0
10:55 748.79 8.06 69 3.58 0
10:56 748.79 8.06 70 4.02 0
10:57 748.79 8.06 70 4.47 0
10:58 748.79 8 70 3.13 0
10:59 748.79 8 71 4.92 0
11:00 748.79 8 70 8.05 0
11:01 748.79 7.94 71 4.47 0
11:02 748.79 7.89 71 5.36 0
11:03 748.79 7.83 71 6.71 0
11:04 748.79 7.83 71 3.58 0
11:05 748.79 7.83 71 4.47 0
11:06 748.79 7.83 71 1.79 0
11:07 748.79 7.83 72 1.34 0
11:08 748.79 7.83 72 5.36 0
11:09 748.79 7.83 72 3.13 0
11:10 748.79 7.83 72 4.47 0
11:11 748.79 7.89 72 4.02 0
11:12 749.05 7.89 72 4.47 0
11:13 748.79 7.89 72 7.15 0
11:14 748.79 7.89 71 4.02 0
11:15 748.79 7.89 71 3.13 0
11:16 749.05 7.94 71 3.58 0
11:17 749.05 7.89 71 6.26 0
11:18 748.79 7.89 71 2.68 0
11:19 749.05 7.89 71 4.02 0
11:20 749.05 7.94 71 4.47 0
11:21 749.05 7.89 71 7.15 0
11:22 749.05 7.89 72 3.58 0
11:23 749.05 7.83 72 1.79 0
11:24 749.05 7.83 72 1.79 0
11:25 749.05 7.83 72 3.58 0
11:26 749.05 7.83 73 4.47 0
11:27 749.05 7.83 72 1.34 0
11:28 749.05 7.83 73 1.34 0
11:29 749.05 7.78 73 3.13 0
11:30 749.05 7.83 73 3.13 0
11:31 749.05 7.83 72 2.68 0
11:32 749.05 7.83 72 3.13 0
11:33 749.05 7.89 72 3.58 0
11:34 749.05 7.89 72 1.79 0
11:35 749.05 7.89 72 3.13 0
11:36 749.05 7.89 72 4.02 0
11:37 749.05 7.94 72 5.36 0
11:38 749.05 7.94 72 3.58 0
11:39 749.05 7.94 72 3.58 0
11:40 749.05 8 72 3.13 0
11:41 749.05 7.94 72 3.13 0
11:42 749.05 8 72 4.02 0
11:43 749.05 8 72 5.81 0
11:44 749.05 8 72 3.13 0
11:45 749.05 8 72 1.34 0
11:46 749.05 8 72 4.47 0
11:47 749.05 8 72 2.68 0
11:48 749.05 8 72 5.81 0
11:49 749.05 8 71 1.79 0
11:50 749.05 8 71 1.34 0
11:51 749.05 8.06 72 4.47 0
11:52 749.05 8.06 71 3.58 0
11:53 749.05 8.06 72 4.92 0
11:54 749.05 8.06 71 4.47 0
11:55 749.05 8.06 71 5.36 0
11:56 749.05 8.06 71 3.58 0
11:57 749.05 8.11 71 3.13 0
11:58 749.05 8.11 71 5.81 0
11:59 749.05 8.11 71 1.34 0
12:00 749.3 8.17 71 1.79 0
12:01 749.05 8.17 71 2.68 0
12:02 749.3 8.17 71 3.13 0
12:03 749.3 8.17 71 4.47 0
12:04 749.3 8.17 71 3.58 0
12:05 749.3 8.17 71 2.24 0
12:06 749.05 8.17 71 1.34 0
12:07 749.3 8.17 72 1.34 0
12:08 749.3 8.17 72 1.34 0
12:09 749.3 8.17 72 5.81 0
12:10 749.3 8.17 72 3.58 0
12:11 749.3 8.17 71 4.02 0
12:12 749.3 8.17 72 6.71 0
12:13 749.3 8.17 71 4.02 0
12:14 749.3 8.17 71 4.02 0
12:15 749.3 8.17 72 3.13 0
12:16 749.3 8.17 72 3.13 0
12:17 749.3 8.17 72 2.68 0
12:18 749.3 8.17 72 2.68 0
12:19 749.3 8.17 72 4.92 0
12:20 749.3 8.17 72 2.24 0
12:21 749.3 8.17 72 3.58 0
12:22 749.3 8.17 72 4.02 0
12:23 749.3 8.17 71 3.58 0
12:24 749.3 8.17 71 4.92 0
12:25 749.3 8.17 71 2.68 0
12:26 749.3 8.17 71 1.79 0
12:27 749.3 8.17 71 4.47 0
12:28 749.3 8.22 71 2.68 0
12:29 749.3 8.22 72 .45 0
12:30 749.3 8.22 72 1.34 0
12:31 749.55 8.22 72 1.34 0
12:32 749.55 8.22 72 3.13 0
12:33 749.55 8.28 72 1.34 0
12:34 749.55 8.22 72 2.24 0
12:35 749.55 8.22 72 1.34 0
12:36 749.55 8.22 73 1.79 0
12:37 749.55 8.17 73 4.47 0
12:38 749.55 8.17 73 1.79 0
12:39 749.55 8.17 73 4.02 0
12:40 749.55 8.11 72 3.13 0
12:41 749.55 8.06 73 5.36 0
12:42 749.55 8.06 73 1.79 0
12:43 749.55 8 73 4.92 0
12:44 749.81 7.94 74 2.68 0
12:45 749.81 7.94 74 .89 0
12:46 749.81 7.94 74 3.13 0
12:47 749.81 7.89 74 2.24 0
12:48 749.81 7.89 74 5.81 0
12:49 749.81 7.78 74 4.02 0
12:50 749.81 7.72 75 7.15 0
12:51 749.81 7.67 75 3.58 0
12:52 749.81 7.56 75 5.36 0
12:53 749.81 7.56 75 5.36 0
12:54 749.81 7.44 75 4.02 0
12:55 749.81 7.39 76 4.92 0
12:56 749.81 7.33 76 3.13 0
12:57 749.81 7.28 76 2.24 0
12:58 749.81 7.22 77 5.36 0
12:59 749.81 7.17 77 5.36 0
13:00 749.81 7.17 77 4.02 0
13:01 749.81 7.11 77 5.81 0
13:02 749.81 7.06 77 4.02 1.27
13:03 749.81 7.06 77 2.24 1.27
13:04 750.06 7 77 4.47 1.27
13:05 749.81 6.94 78 7.6 1.27
13:06 750.06 6.94 77 6.71 1.27
13:07 750.06 6.94 77 7.6 1.27
13:08 750.06 6.94 77 8.49 2.29
13:09 749.81 6.94 77 5.81 2.29
13:10 750.06 6.89 77 4.02 2.29
13:11 750.06 6.89 78 5.81 2.29
13:12 750.06 6.89 78 .89 2.29
13:13 750.06 6.89 78 4.02 2.29
13:14 750.06 6.83 78 2.24 2.54
13:15 750.06 6.83 78 4.92 2.54
13:16 750.06 6.83 78 4.02 2.54
13:17 750.06 6.78 79 4.47 2.54
13:18 750.06 6.72 79 3.58 2.54
13:19 750.06 6.72 79 4.02 2.54
13:20 750.06 6.72 79 3.58 2.54
13:21 750.06 6.67 79 .89 2.54
13:22 750.06 6.67 80 5.36 2.54
13:23 750.06 6.67 80 4.47 2.54
13:24 750.06 6.61 80 5.36 3.81
13:25 750.06 6.56 80 6.26 3.81
13:26 750.06 6.56 80 1.79 3.81
13:27 750.06 6.5 81 5.81 3.81
13:28 750.06 6.5 81 3.58 4.57
13:29 750.32 6.5 81 2.68 4.57
13:30 750.32 6.44 81 1.34 4.57
13:31 750.32 6.44 82 2.24 4.06
13:32 750.06 6.39 82 3.58 3.56
13:33 750.06 6.39 82 4.92 3.56
13:34 750.06 6.39 82 3.13 3.56
13:35 750.32 6.39 82 3.58 3.56
13:36 750.32 6.39 82 4.92 3.3
13:37 750.32 6.39 82 3.58 3.05
13:38 750.32 6.33 82 3.58 3.05
13:39 750.32 6.39 82 2.24 3.05
13:40 750.32 6.33 82 3.58 3.05
13:41 750.32 6.39 82 1.34 3.05
13:42 750.32 6.39 82 1.34 2.79
13:43 750.32 6.39 82 2.24 2.29
13:44 750.32 6.33 83 5.81 2.29
13:45 750.32 6.33 82 1.79 2.29
13:46 750.32 6.33 82 4.02 2.29
13:47 750.32 6.33 83 4.02 2.29
13:48 750.32 6.33 83 4.92 2.29
13:49 750.32 6.33 83 4.92 2.29
13:50 750.32 6.33 83 4.47 2.29
13:51 750.32 6.28 83 1.34 2.29
13:52 750.32 6.28 83 4.02 2.29
13:53 750.32 6.33 83 1.79 2.29
13:54 750.32 6.33 83 3.58 2.29
13:55 750.32 6.28 83 1.34 2.29
13:56 750.32 6.33 83 1.34 2.29
13:57 750.32 6.28 84 1.79 2.03
13:58 750.32 6.33 84 3.13 1.78
13:59 750.32 6.28 84 4.02 1.78
14:00 750.32 6.28 84 1.79 1.52
14:01 750.32 6.28 84 4.92 1.52
14:02 750.32 6.28 84 4.02 1.52
14:03 750.32 6.28 84 5.36 1.52
14:04 750.32 6.22 84 3.58 1.52
14:05 750.32 6.22 84 4.47 1.52
14:06 750.32 6.22 84 3.13 1.52
14:07 750.32 6.22 84 5.36 2.03
14:08 750.57 6.22 84 3.58 2.03
14:09 750.32 6.17 84 4.92 2.03
14:10 750.32 6.17 84 5.36 2.03
14:11 750.32 6.17 84 4.02 2.03
14:12 750.32 6.22 84 3.58 3.05
14:13 750.57 6.17 84 4.47 3.05
14:14 750.32 6.17 84 5.36 3.05
14:15 750.32 6.17 84 2.68 3.05
14:16 750.32 6.17 84 4.02 3.05
14:17 750.32 6.17 84 3.58 3.05
14:18 750.57 6.17 84 5.81 2.54
14:19 750.57 6.17 84 5.36 2.29
14:20 750.32 6.11 84 4.92 1.78
14:21 750.57 6.17 84 2.24 1.78
14:22 750.57 6.17 84 3.13 1.78
14:23 750.57 6.11 84 5.81 1.78
14:24 750.57 6.11 84 4.92 1.78
14:25 750.57 6.17 84 3.13 1.78
14:26 750.57 6.11 85 4.47 1.78
14:27 750.57 6.11 85 3.58 1.78
14:28 750.57 6.17 85 7.15 1.78
14:29 750.57 6.17 85 1.79 1.78
14:30 750.57 6.17 85 3.13 1.78
14:31 750.57 6.22 85 1.79 1.52
14:32 750.57 6.22 85 .89 1.52
14:33 750.57 6.22 85 6.26 1.27
14:34 750.57 6.17 85 4.47 1.27
14:35 750.57 6.17 85 4.47 1.02
14:36 750.57 6.17 85 4.47 1.02
14:37 750.57 6.17 85 4.92 1.02
14:38 750.57 6.17 85 4.02 1.02
14:39 750.57 6.17 85 3.13 0
14:40 750.57 6.11 85 3.13 0
14:41 750.57 6.11 85 4.02 0
14:42 750.57 6.11 85 2.24 0
14:43 750.57 6.17 85 3.13 0
14:44 750.57 6.11 85 .89 0
14:45 750.57 6.17 85 4.02 0
14:46 750.57 6.11 86 3.58 0
14:47 750.57 6.11 86 4.02 0
14:48 750.57 6.11 86 4.02 0
14:49 750.57 6.11 86 2.68 0
14:50 750.57 6.11 86 4.92 0
14:51 750.57 6.11 86 4.02 0
14:52 750.57 6.11 86 3.58 0
14:53 750.57 6.11 86 2.24 0
14:54 750.57 6.11 86 4.02 0
14:55 750.57 6.17 86 6.71 0
14:56 750.57 6.11 86 3.13 0
14:57 750.57 6.17 86 3.58 0
14:58 750.57 6.17 86 1.79 0
14:59 750.57 6.17 86 1.79 0
15:00 750.57 6.17 86 1.34 0
15:01 750.57 6.17 86 2.68 0
15:02 750.57 6.17 86 1.79 0
15:03 750.82 6.22 86 3.13 0
15:04 750.57 6.22 86 2.24 0
15:05 750.57 6.17 86 3.13 0
15:06 750.82 6.17 86 4.47 0
15:07 750.82 6.17 86 4.47 0
15:08 750.82 6.17 86 3.13 0
15:09 750.82 6.17 86 5.81 0
15:10 750.82 6.17 86 3.13 0
15:11 750.82 6.17 86 2.68 0
15:12 750.82 6.17 86 6.26 0
15:13 750.57 6.17 86 4.47 0
15:14 750.82 6.11 86 2.24 0
15:15 750.82 6.17 86 3.58 0
15:16 750.57 6.17 86 5.36 0
15:17 750.82 6.17 86 3.13 0
15:18 750.82 6.17 86 1.34 0
15:19 750.82 6.17 86 1.34 0
15:20 750.82 6.22 86 4.02 0
15:21 750.82 6.22 86 3.58 0
15:22 750.82 6.17 86 5.36 0
15:23 750.82 6.17 86 5.36 0
15:24 750.82 6.17 86 3.13 0
15:25 750.82 6.17 86 3.58 0
15:26 750.82 6.17 86 2.68 0
15:27 750.82 6.17 86 4.02 0
15:28 750.82 6.17 86 4.02 0
15:29 750.82 6.17 86 2.68 0
15:30 750.82 6.17 86 2.24 0
15:31 750.82 6.17 86 3.58 0
15:32 750.82 6.22 86 3.58 0
15:33 750.82 6.17 86 3.13 0
15:34 750.82 6.17 86 4.02 0
15:35 750.82 6.22 86 1.79 0
15:36 750.82 6.17 86 3.58 0
15:37 750.82 6.22 86 3.13 0
15:38 750.82 6.11 86 2.68 0
15:39 750.82 6.17 86 4.47 0
15:40 750.82 6.11 86 4.02 0
15:41 750.82 6.17 86 1.34 0
15:42 750.82 6.17 86 2.68 0
15:43 750.82 6.17 86 3.58 0
15:44 750.82 6.11 86 4.02 0
15:45 750.82 6.11 86 1.34 0
15:46 750.82 6.11 86 2.68 0
15:47 750.82 6.11 86 1.79 0
15:48 750.82 6.11 86 6.26 0
15:49 750.82 6.11 86 3.58 0
15:50 750.82 6.17 86 2.24 0
15:51 750.82 6.17 86 4.47 0
15:52 750.82 6.17 86 3.58 0
15:53 750.82 6.17 86 3.58 0
15:54 750.82 6.17 86 5.36 0
15:55 750.82 6.17 86 6.71 0
15:56 750.82 6.22 86 2.68 0
15:57 750.82 6.22 86 3.58 0
15:58 750.82 6.28 86 4.02 0
15:59 750.82 6.22 86 1.34 0
16:00 750.82 6.28 86 3.58 0
16:01 750.82 6.28 86 4.02 0
16:02 750.82 6.28 86 2.68 0
16:03 750.82 6.28 86 4.47 0
16:04 750.82 6.33 86 1.79 0
16:05 750.82 6.33 86 1.79 0
16:06 750.82 6.33 85 3.58 0
16:07 750.82 6.33 85 6.26 0
16:08 750.82 6.33 85 2.68 0
16:09 750.82 6.39 85 3.13 0
16:10 750.82 6.39 85 1.34 0
16:11 750.82 6.39 85 3.13 0
16:12 750.82 6.44 85 3.13 0
16:13 750.82 6.44 85 3.58 0
16:14 750.82 6.44 85 3.13 0
16:15 750.82 6.44 85 5.36 0
16:16 750.82 6.44 84 3.58 0
16:17 750.82 6.44 84 0 0
16:18 750.82 6.44 84 2.24 0
16:19 750.82 6.5 84 4.47 0
16:20 750.82 6.5 84 4.02 0
16:21 750.82 6.5 84 3.58 0
16:22 750.82 6.5 84 1.79 0
16:23 750.82 6.5 84 4.02 0
16:24 750.82 6.5 84 2.68 0
16:25 750.82 6.5 84 1.79 0
16:26 750.82 6.56 84 3.58 0
16:27 750.82 6.5 84 1.79 0
16:28 750.82 6.56 84 2.24 0
16:29 751.08 6.56 84 4.47 0
16:30 751.08 6.56 84 1.79 0
16:31 751.08 6.56 84 1.34 0
16:32 751.08 6.5 84 3.13 0
16:33 751.08 6.56 84 4.47 0
16:34 751.08 6.56 84 1.79 0
16:35 750.82 6.61 84 1.79 0
16:36 751.08 6.56 84 5.36 0
16:37 751.08 6.56 84 2.68 0
16:38 751.08 6.56 84 3.13 0
16:39 751.08 6.56 84 2.24 0
16:40 751.08 6.61 84 2.68 0
16:41 751.08 6.56 84 .89 0
16:42 751.08 6.61 84 .45 0
16:43 751.08 6.56 84 3.13 0
16:44 751.08 6.61 84 1.34 0
16:45 751.08 6.61 84 2.24 0
16:46 751.08 6.61 84 .45 0
16:47 751.08 6.61 84 2.68 0
16:48 751.08 6.61 84 5.36 0
16:49 751.08 6.61 84 3.58 0
16:50 751.08 6.61 84 4.47 0
16:51 751.08 6.67 84 4.92 0
16:52 751.08 6.61 83 4.02 0
16:53 751.08 6.61 83 1.79 0
16:54 751.08 6.61 84 2.68 0
16:55 751.08 6.67 84 3.13 0
16:56 751.08 6.67 84 1.79 0
16:57 751.08 6.67 84 4.02 0
16:58 751.08 6.67 84 4.02 0
16:59 751.08 6.67 83 4.47 0
17:00 751.08 6.67 84 4.02 0
17:01 751.08 6.67 83 3.13 0
17:02 751.08 6.67 84 2.68 0
17:03 751.08 6.72 84 4.02 0
17:04 751.08 6.72 84 1.79 0
17:05 751.08 6.72 84 2.68 0
17:06 751.08 6.78 84 4.02 0
17:07 751.08 6.83 84 3.58 0
17:08 751.08 6.83 83 2.24 0
17:09 751.08 6.83 83 1.34 0
17:10 751.08 6.83 83 3.58 0
17:11 751.08 6.89 83 4.02 0
17:12 751.08 6.89 83 3.13 0
17:13 751.08 6.89 83 3.58 0
17:14 751.08 6.89 83 3.13 0
17:15 751.08 6.94 83 3.58 0
17:16 751.08 6.94 83 2.68 0
17:17 751.08 6.94 83 6.26 0
17:18 751.08 6.94 82 5.36 0
17:19 751.08 6.94 82 2.68 0
17:20 751.08 7.06 82 3.58 0
17:21 751.08 7.06 82 5.81 0
17:22 751.08 7.06 82 2.24 0
17:23 751.08 7.06 82 3.58 0
17:24 751.08 7.11 82 4.02 0
17:25 751.08 7.11 82 3.58 0
17:26 751.08 7.06 82 5.81 0
17:27 751.08 7.11 81 1.79 0
17:28 751.08 7.11 81 4.02 0
17:29 751.08 7.17 81 4.02 0
17:30 751.08 7.11 81 2.68 0
17:31 751.08 7.11 81 4.02 0
17:32 751.08 7.11 81 2.24 0
17:33 751.08 7.11 81 4.47 0
17:34 751.08 7.11 81 2.24 0
17:35 751.08 7.11 81 1.79 0
17:36 751.08 7.17 81 1.34 0
17:37 751.08 7.17 81 4.47 0
17:38 751.08 7.17 81 5.36 0
17:39 751.08 7.17 81 4.02 0
17:40 751.08 7.17 81 2.68 0
17:41 751.08 7.17 80 3.13 0
17:42 751.08 7.22 80 3.13 0
17:43 751.08 7.17 80 2.24 0
17:44 751.08 7.17 81 1.34 0
17:45 751.08 7.22 81 3.58 0
17:46 751.08 7.22 81 4.92 0
17:47 751.08 7.17 80 1.79 0
17:48 751.08 7.17 80 4.02 0
17:49 751.08 7.22 80 1.34 0
17:50 751.08 7.22 81 4.47 0
17:51 751.08 7.17 80 5.36 0
17:52 751.08 7.22 80 3.58 0
17:53 751.08 7.22 80 1.79 0
17:54 751.08 7.17 80 1.79 0
17:55 751.08 7.22 81 2.68 0
17:56 751.08 7.17 81 2.24 0
17:57 751.08 7.17 80 3.58 0
17:58 751.08 7.17 80 3.13 0
17:59 751.08 7.17 80 3.58 0
18:00 751.08 7.17 80 2.24 0
18:01 751.08 7.17 80 4.92 0
18:02 751.08 7.17 80 4.02 0
18:03 751.08 7.17 80 3.58 0
18:04 751.08 7.17 80 4.02 0
18:05 751.08 7.17 80 4.47 0
18:06 751.08 7.17 80 3.13 0
18:07 751.08 7.17 80 4.02 0
18:08 751.08 7.11 80 1.34 0
18:09 751.08 7.17 80 3.13 0
18:10 751.08 7.11 80 3.13 0
18:11 751.08 7.17 80 3.13 0
18:12 751.08 7.17 80 1.79 0
18:13 751.08 7.17 80 2.24 0
18:14 751.08 7.17 80 .89 0
18:15 751.08 7.17 80 1.34 0
18:16 751.08 7.17 80 3.58 0
18:17 751.08 7.17 80 1.79 0
18:18 751.08 7.17 80 3.58 0
18:19 751.08 7.17 80 1.79 0
18:20 751.08 7.17 80 1.79 0
18:21 751.08 7.17 80 1.79 0
18:22 751.08 7.17 80 4.47 0
18:23 751.08 7.17 80 1.34 0
18:24 751.08 7.17 80 1.34 0
18:25 751.08 7.17 80 3.58 0
18:26 751.08 7.17 80 1.79 0
18:27 751.08 7.11 80 3.58 0
18:28 751.08 7.17 80 2.24 0
18:29 751.33 7.17 80 3.13 0
18:30 751.08 7.17 80 2.24 0
18:31 751.08 7.17 80 2.68 0
18:32 751.08 7.17 80 .89 0
18:33 751.08 7.17 80 1.34 0
18:34 751.33 7.11 80 .45 0
18:35 751.33 7.17 80 3.58 0
18:36 751.33 7.17 80 1.79 0
18:37 751.33 7.17 80 1.79 0
18:38 751.33 7.11 80 1.79 0
18:39 751.33 7.17 80 1.34 0
18:40 751.08 7.11 80 .89 0
18:41 751.33 7.17 80 1.79 0
18:42 751.33 7.11 80 1.79 0
18:43 751.33 7.11 81 2.24 0
18:44 751.33 7.11 81 3.58 0
18:45 751.33 7.11 81 2.68 0
18:46 751.08 7.06 81 1.34 0
18:47 751.33 7.11 81 3.13 0
18:48 751.33 7.11 81 .89 0
18:49 751.33 7.06 81 4.02 0
18:50 751.33 7.06 81 1.34 0
18:51 751.33 7.11 81 4.47 0
18:52 751.33 7.06 81 3.58 0
18:53 751.33 7.06 81 1.79 0
18:54 751.33 7.06 81 3.13 0
18:55 751.33 7.06 81 1.79 0
18:56 751.33 7.06 81 3.58 0
18:57 751.33 7.06 81 1.79 0
18:58 751.33 7.06 81 1.34 0
18:59 751.33 7.06 81 2.68 0
19:00 751.33 7.06 81 1.34 0
19:01 751.33 7.06 81 1.79 0
19:02 751.33 7.06 81 .89 0
19:03 751.33 7.06 81 2.68 0
19:04 751.33 7.06 81 2.24 0
19:05 751.33 7 81 .89 0
19:06 751.33 7.06 81 0 0
19:07 751.33 7.06 81 2.68 0
19:08 751.33 7 81 .89 0
19:09 751.33 7 81 .45 0
19:10 751.33 7 81 2.24 0
19:11 751.33 7 81 .89 0
19:12 751.33 7 81 .45 0
19:13 751.33 7 81 .45 0
19:14 751.33 7 81 .45 0
19:15 751.33 7 81 .45 0
19:16 751.33 7 81 .89 0
19:17 751.33 7 81 .89 0
19:18 751.33 7 81 1.34 0
19:19 751.33 7 81 1.79 0
19:20 751.33 7.06 81 2.24 0
19:21 751.33 7 81 1.34 0
19:22 751.33 7 81 1.79 0
19:23 751.33 7 81 2.24 0
19:24 751.33 7.06 81 1.79 0
19:25 751.33 7.06 81 1.79 0
19:26 751.33 7 81 1.34 0
19:27 751.33 7 81 .89 0
19:28 751.33 7 81 .45 0
19:29 751.33 7 81 1.79 0
19:30 751.33 7 81 1.34 0
19:31 751.59 7 81 .89 0
19:32 751.33 7 81 .45 0
19:33 751.33 7 81 2.24 0
19:34 751.59 6.94 81 3.13 0
19:35 751.33 6.94 81 .45 0
19:36 751.59 6.94 81 1.34 0
19:37 751.59 6.94 81 .89 0
19:38 751.59 6.94 81 .89 0
19:39 751.59 6.94 81 1.34 0
19:40 751.59 6.94 81 1.34 0
19:41 751.33 6.94 81 1.34 0
19:42 751.59 6.94 81 .89 0
19:43 751.59 6.94 81 .89 0
19:44 751.33 6.89 81 1.34 0
19:45 751.59 6.89 81 1.34 0
19:46 751.59 6.89 82 0 0
19:47 751.59 6.89 82 .45 0
19:48 751.59 6.89 82 1.34 0
19:49 751.33 6.89 82 .89 0
19:50 751.59 6.89 82 .45 0
19:51 751.59 6.83 82 1.34 0
19:52 751.59 6.89 82 1.34 0
19:53 751.59 6.89 82 .89 0
19:54 751.59 6.83 82 1.34 0
19:55 751.59 6.89 82 .89 0
19:56 751.59 6.83 82 1.34 0
19:57 751.59 6.89 82 .89 0
19:58 751.59 6.83 82 1.79 0
19:59 751.59 6.89 82 1.34 0
20:00 751.59 6.89 82 1.34 0
20:01 751.59 6.83 82 1.34 0
20:02 751.59 6.83 82 1.34 0
20:03 751.59 6.83 82 .89 0
20:04 751.59 6.83 82 .45 0
20:05 751.59 6.83 82 1.34 0
20:06 751.59 6.83 82 1.79 0
20:07 751.59 6.83 82 .89 0
20:08 751.59 6.83 82 .45 0
20:09 751.59 6.83 82 1.34 0
20:10 751.59 6.83 82 1.34 0
20:11 751.59 6.83 82 .89 0
20:12 751.59 6.83 82 1.34 0
20:13 751.59 6.78 82 .89 0
20:14 751.59 6.78 82 .89 0
20:15 751.59 6.83 82 1.34 0
20:16 751.59 6.83 82 1.79 0
20:17 751.59 6.78 82 .89 0
20:18 751.59 6.78 82 .89 0
20:19 751.84 6.78 82 .89 0
20:20 751.84 6.78 82 .45 0
20:21 751.59 6.78 82 .89 0
20:22 751.84 6.78 82 .45 0
20:23 751.84 6.78 82 1.34 0
20:24 751.84 6.78 82 .45 0
20:25 751.84 6.78 82 .45 0
20:26 751.84 6.78 82 .89 0
20:27 751.84 6.78 82 .45 0
20:28 751.84 6.72 82 .45 0
20:29 751.84 6.72 82 .45 0
20:30 751.59 6.72 82 .89 0
20:31 751.84 6.72 82 .89 0
20:32 751.84 6.72 82 .45 0
20:33 751.84 6.72 83 .89 0
20:34 751.84 6.67 83 1.34 0
20:35 751.84 6.72 83 .45 0
20:36 751.84 6.67 83 .45 0
20:37 751.84 6.67 83 .45 0
20:38 751.84 6.67 83 .89 0
20:39 751.84 6.67 83 .89 0
20:40 751.84 6.72 83 1.34 0
20:41 751.84 6.67 83 .45 0
20:42 751.84 6.72 83 0 0
20:43 751.84 6.67 83 .45 0
20:44 751.84 6.72 83 0 0
20:45 751.84 6.67 83 .45 0
20:46 751.84 6.67 83 .89 0
20:47 751.84 6.67 83 .45 0
20:48 751.84 6.67 83 0 0
20:49 751.84 6.67 83 .45 0
20:50 751.84 6.67 83 0 0
20:51 751.84 6.67 83 .45 0
20:52 751.84 6.67 83 0 0
20:53 751.84 6.67 83 0 0
20:54 751.84 6.67 83 .45 0
20:55 751.84 6.67 83 .89 0
20:56 751.84 6.67 83 .45 0
20:57 751.84 6.67 83 0 0
20:58 751.84 6.61 83 .45 0
20:59 751.84 6.61 83 0 0
21:00 751.84 6.67 83 2.68 0
21:01 751.84 6.67 83 1.34 0
21:02 751.84 6.67 83 .89 0
21:03 752.09 6.67 83 .89 0
21:04 751.84 6.67 83 .45 0
21:05 751.84 6.67 83 .89 0
21:06 751.84 6.67 83 .89 0
21:07 751.84 6.67 83 .89 0
21:08 751.84 6.67 83 .45 0
21:09 751.84 6.67 83 .45 0
21:10 751.84 6.67 83 .89 0
21:11 751.84 6.67 83 .45 0
21:12 751.84 6.67 83 1.34 0
21:13 751.84 6.67 83 1.34 0
21:14 751.84 6.67 83 .45 0
21:15 751.84 6.67 83 1.79 0
21:16 751.84 6.72 83 .89 0
21:17 751.84 6.72 83 .45 0
21:18 751.84 6.72 83 .89 0
21:19 751.84 6.72 83 1.79 0
21:20 751.84 6.72 82 1.79 0
21:21 751.84 6.78 82 1.79 0
21:22 751.84 6.83 82 0 0
21:23 751.84 6.83 82 1.79 0
21:24 751.84 6.83 82 .89 0
21:25 751.84 6.89 82 1.34 0
21:26 751.84 6.94 82 1.79 0
21:27 751.84 6.94 82 3.58 0
21:28 751.84 6.94 82 1.34 0
21:29 751.84 7 82 .89 0
21:30 751.84 7 82 1.34 0
21:31 751.84 7 82 1.34 0
21:32 751.84 7 82 .45 0
21:33 751.84 7 82 1.79 0
21:34 751.84 6.94 82 0 0
21:35 751.84 6.94 82 3.13 0
21:36 751.84 6.94 82 2.24 0
21:37 751.84 6.94 82 0 0
21:38 751.84 6.94 82 .45 0
21:39 751.84 6.94 82 .45 0
21:40 751.84 6.94 82 .89 0
21:41 751.84 6.94 82 0 0
21:42 751.84 6.94 82 .45 0
21:43 751.84 6.94 82 .89 0
21:44 751.84 6.89 82 1.79 0
21:45 751.84 6.89 82 .89 0
21:46 751.84 6.83 82 1.79 0
21:47 751.84 6.83 82 1.34 0
21:48 751.84 6.83 82 .89 0
21:49 751.84 6.78 82 .89 0
21:50 751.84 6.78 82 1.34 0
21:51 751.84 6.78 82 .45 0
21:52 751.84 6.78 82 .45 0
21:53 751.84 6.78 82 .45 0
21:54 751.84 6.72 83 .89 0
21:55 751.84 6.72 83 .45 0
21:56 751.84 6.72 83 .89 0
21:57 751.84 6.67 83 .45 0
21:58 751.84 6.67 83 .45 0
21:59 751.84 6.67 83 .45 0
22:00 751.84 6.67 83 0 0
22:01 751.84 6.67 83 0 0
22:02 751.84 6.67 83 0 0
22:03 751.84 6.67 83 .89 0
22:04 751.84 6.67 83 .45 0
22:05 751.84 6.67 83 0 0
22:06 751.84 6.67 83 .89 0
22:07 751.84 6.61 83 0 0
22:08 751.84 6.61 83 0 0
22:09 751.84 6.61 83 .45 0
22:10 751.84 6.61 83 .89 0
22:11 751.84 6.56 83 0 0
22:12 751.84 6.56 83 .45 0
22:13 751.84 6.56 83 .45 0
22:14 751.84 6.56 83 0 0
22:15 751.84 6.56 83 .45 0
22:16 751.84 6.5 83 .45 0
22:17 751.84 6.5 83 .45 0
22:18 751.84 6.5 83 .45 0
22:19 751.84 6.5 83 0 0
22:20 751.84 6.5 83 0 0
22:21 751.84 6.5 83 0 0
22:22 751.84 6.5 83 .89 0
22:23 751.84 6.5 84 0 0
22:24 751.84 6.5 84 .89 0
22:25 751.84 6.5 84 0 0
22:26 751.84 6.5 84 0 0
22:27 751.84 6.5 84 0 0
22:28 751.84 6.5 84 0 0
22:29 751.84 6.5 84 0 0
22:30 751.84 6.5 84 .45 0
22:31 751.84 6.5 84 0 0
22:32 751.84 6.5 84 .45 0
22:33 751.84 6.5 84 0 0
22:34 751.84 6.5 84 0 0
22:35 751.84 6.5 84 .45 0
22:36 751.84 6.5 84 0 0
22:37 751.84 6.5 84 .45 0
22:38 751.84 6.44 84 0 0
22:39 751.84 6.44 84 0 0
22:40 751.84 6.44 84 0 0
22:41 751.84 6.44 84 .89 0
22:42 751.84 6.44 84 .45 0
22:43 751.84 6.44 84 .45 0
22:44 751.84 6.44 84 1.34 0
22:45 751.84 6.44 84 0 0
22:46 751.84 6.44 84 .89 0
22:47 751.84 6.44 84 .89 0
22:48 751.84 6.44 84 .89 0
22:49 751.84 6.44 84 .45 0
22:50 751.84 6.44 84 .45 0
22:51 751.84 6.44 84 1.34 0
22:52 751.84 6.44 84 .89 0
22:53 751.84 6.44 84 1.79 0
22:54 751.84 6.5 84 .89 0
22:55 751.84 6.5 84 .45 0
22:56 751.84 6.5 84 .89 0
22:57 751.84 6.5 84 1.79 0
22:58 751.84 6.56 84 .89 0
22:59 751.84 6.56 84 1.34 0
23:00 751.84 6.56 84 0 0
23:01 751.84 6.61 84 .45 0
23:02 751.84 6.61 84 0 0
23:03 751.84 6.61 84 .45 0
23:04 751.84 6.67 84 .45 0
23:05 751.84 6.67 84 0 0
23:06 751.84 6.67 84 .45 0
23:07 751.84 6.67 83 2.24 0
23:08 751.84 6.67 83 .89 0
23:09 751.84 6.67 83 .45 0
23:10 751.84 6.67 83 .89 0
23:11 751.84 6.67 83 .89 0
23:12 751.84 6.61 83 .89 0
23:13 751.84 6.61 83 0 0
23:14 751.84 6.61 83 0 0
23:15 751.84 6.67 84 0 0
23:16 751.84 6.61 84 .45 0
23:17 751.84 6.67 84 .89 0
23:18 751.84 6.67 84 .89 0
23:19 751.84 6.67 84 .89 0
23:20 751.84 6.67 84 .45 0
23:21 751.84 6.67 84 .45 0
23:22 751.84 6.67 84 0 0
23:23 751.84 6.67 84 0 0
23:24 751.84 6.67 84 .45 0
23:25 751.84 6.72 84 0 0
23:26 751.84 6.67 84 0 0
23:27 751.84 6.72 84 .89 0
23:28 751.84 6.72 84 .45 0
23:29 751.84 6.72 84 .89 0
23:30 752.09 6.67 84 0 0
23:31 751.84 6.67 84 1.34 0
23:32 751.84 6.67 83 .89 0
23:33 751.84 6.67 83 1.79 0
23:34 751.84 6.67 83 .45 0
23:35 751.84 6.61 83 1.79 0
23:36 751.84 6.61 84 1.79 0
23:37 751.84 6.56 84 .89 0
23:38 751.84 6.56 84 .45 0
23:39 751.84 6.56 84 0 0
23:40 751.84 6.5 84 0 0
23:41 751.84 6.5 84 0 0
23:42 751.84 6.5 84 0 0
23:43 751.84 6.5 84 0 0
23:44 751.84 6.5 84 0 0
23:45 751.84 6.5 84 .45 0
23:46 751.84 6.56 84 0 0
23:47 751.84 6.5 84 .45 0
23:48 751.84 6.56 84 .45 0
23:49 751.84 6.5 84 .45 0
23:50 751.84 6.44 84 .45 0
23:51 751.84 6.5 84 .45 0
23:52 751.84 6.44 84 .45 0
23:53 751.84 6.44 84 0 0
23:54 751.84 6.44 84 0 0
23:55 751.84 6.39 84 0 0
23:56 751.84 6.39 84 0 0
23:57 751.84 6.39 84 .45 0
23:58 751.84 6.39 84 .45 0
23:59 751.84 6.39 84 0 0
