00:00 748.79 3.11 85 3.13 0
00:01 748.79 3.17 85 3.58 0
00:02 748.79 3.17 85 4.02 0
00:03 748.79 3.17 85 4.02 0
00:04 748.79 3.17 85 1.34 0
00:05 748.79 3.17 85 1.79 0
00:06 748.79 3.17 85 2.68 0
00:07 748.79 3.11 85 1.34 0
00:08 748.79 3.11 85 2.68 0
00:09 748.79 3.17 85 3.13 0
00:10 748.79 3.11 85 3.13 0
00:11 748.79 3.17 85 4.47 0
00:12 748.79 3.11 85 2.68 0
00:13 749.05 3.17 85 1.79 0
00:14 749.05 3.11 85 4.47 0
00:15 748.79 3.17 85 3.13 0
00:16 748.79 3.17 85 3.58 0
00:17 748.79 3.17 85 1.79 0
00:18 748.79 3.17 85 3.58 0
00:19 748.79 3.11 85 1.79 0
00:20 748.79 3.17 85 4.02 0
00:21 748.79 3.17 85 3.58 0
00:22 748.79 3.17 85 3.13 0
00:23 748.79 3.17 85 3.58 0
00:24 748.79 3.17 85 3.58 0
00:25 748.79 3.17 85 3.58 0
00:26 749.05 3.17 85 3.58 0
00:27 749.05 3.17 85 3.13 0
00:28 748.79 3.17 85 3.13 0
00:29 749.05 3.17 85 2.24 0
00:30 749.05 3.17 85 1.79 0
00:31 749.05 3.17 85 2.24 0
00:32 749.05 3.22 85 4.02 0
00:33 748.79 3.22 85 4.02 0
00:34 748.79 3.22 85 3.13 0
00:35 749.05 3.28 85 1.79 0
00:36 749.05 3.28 85 1.79 0
00:37 749.05 3.28 85 3.58 0
00:38 749.05 3.22 85 1.79 0
00:39 749.05 3.22 85 1.79 0
00:40 749.05 3.22 85 2.24 0
00:41 749.05 3.22 85 3.13 0
00:42 749.05 3.22 85 2.68 0
00:43 749.05 3.22 85 5.36 0
00:44 749.05 3.28 85 4.47 0
00:45 749.05 3.28 85 1.79 0
00:46 749.05 3.22 85 3.58 0
00:47 749.05 3.22 85 1.34 0
00:48 749.05 3.22 85 4.02 0
00:49 749.05 3.22 85 3.13 0
00:50 749.05 3.22 85 4.02 0
00:51 749.05 3.22 85 3.58 0
00:52 749.05 3.22 85 3.58 0
00:53 749.05 3.22 85 4.47 0
00:54 749.3 3.22 85 1.79 0
00:55 749.05 3.22 85 2.24 0
00:56 749.3 3.22 85 4.92 0
00:57 749.3 3.22 85 4.47 0
00:58 749.3 3.22 85 3.13 0
00:59 749.3 3.28 85 3.58 0
01:00 749.3 3.22 85 1.79 0
01:01 749.3 3.28 85 1.79 0
01:02 749.3 3.22 85 4.02 0
01:03 749.3 3.22 85 2.24 0
01:04 749.05 3.22 85 4.47 0
01:05 749.3 3.22 85 2.24 0
01:06 749.3 3.22 85 4.02 0
01:07 749.3 3.17 85 3.13 0
01:08 749.3 3.22 85 2.68 0
01:09 749.3 3.17 85 1.79 0
01:10 749.3 3.22 85 3.13 0
01:11 749.05 3.17 85 4.02 0
01:12 749.3 3.17 85 2.24 0
01:13 749.3 3.17 85 1.79 0
01:14 749.3 3.22 85 1.34 0
01:15 749.3 3.17 85 3.13 0
01:16 749.3 3.22 85 3.58 0
01:17 749.05 3.17 85 3.13 0
01:18 749.05 3.17 85 3.58 0
01:19 749.05 3.17 85 2.68 0
01:20 749.05 3.17 85 3.13 0
01:21 749.05 3.17 85 4.47 0
01:22 749.05 3.17 85 4.02 0
01:23 749.05 3.17 85 4.02 0
01:24 749.05 3.17 85 4.47 0
01:25 749.3 3.17 85 3.13 0
01:26 749.3 3.22 85 3.58 0
01:27 749.05 3.17 85 3.13 0
01:28 749.3 3.22 85 3.13 0
01:29 749.05 3.17 85 3.13 0
01:30 749.05 3.17 85 1.79 0
01:31 749.3 3.17 85 3.13 0
01:32 749.3 3.17 85 1.34 0
01:33 749.3 3.17 85 2.24 0
01:34 749.3 3.17 85 2.68 0
01:35 749.05 3.17 85 2.24 0
01:36 749.3 3.17 85 4.02 0
01:37 749.3 3.17 85 3.13 0
01:38 749.05 3.17 85 3.13 0
01:39 749.3 3.17 85 3.58 0
01:40 749.3 3.17 85 4.92 0
01:41 749.3 3.17 85 4.47 0
01:42 749.3 3.17 85 3.13 0
01:43 749.3 3.17 85 1.79 0
01:44 749.3 3.17 85 3.58 0
01:45 749.3 3.17 85 .89 0
01:46 749.3 3.17 85 4.47 0
01:47 749.3 3.17 85 3.58 0
01:48 749.3 3.17 85 4.02 0
01:49 749.3 3.17 85 3.13 0
01:50 749.3 3.17 85 1.34 0
01:51 749.3 3.11 85 1.34 0
01:52 749.3 3.11 85 3.13 0
01:53 749.3 3.17 85 4.47 0
01:54 749.3 3.11 85 1.34 0
01:55 749.3 3.11 85 3.13 0
01:56 749.3 3.17 85 3.13 0
01:57 749.3 3.17 85 1.34 0
01:58 749.3 3.11 85 3.13 0
01:59 749.3 3.11 85 3.13 0
02:00 749.3 3.11 85 3.13 0
02:01 749.3 3.17 85 4.02 0
02:02 749.3 3.11 85 3.13 0
02:03 749.3 3.17 85 4.47 0
02:04 749.3 3.17 85 3.58 0
02:05 749.3 3.17 85 .89 0
02:06 749.3 3.11 85 1.34 0
02:07 749.3 3.17 85 4.47 0
02:08 749.3 3.11 85 2.24 0
02:09 749.3 3.17 85 1.79 0
02:10 749.3 3.11 85 2.24 0
02:11 749.3 3.11 85 4.02 0
02:12 749.3 3.17 85 2.24 0
02:13 749.3 3.17 85 2.24 0
02:14 749.55 3.11 85 1.79 0
02:15 749.3 3.11 85 1.79 0
02:16 749.3 3.11 85 2.68 0
02:17 749.55 3.17 85 3.58 0
02:18 749.55 3.17 85 1.79 0
02:19 749.3 3.11 85 3.58 0
02:20 749.55 3.11 85 1.34 0
02:21 749.55 3.11 85 1.79 0
02:22 749.55 3.11 85 3.13 0
02:23 749.55 3.11 86 3.13 0
02:24 749.55 3.17 85 4.92 0
02:25 749.55 3.11 85 4.47 0
02:26 749.55 3.17 85 2.24 0
02:27 749.55 3.17 85 1.34 0
02:28 749.55 3.17 85 2.24 0
02:29 749.55 3.17 85 3.58 0
02:30 749.55 3.17 85 2.68 0
02:31 749.55 3.17 85 4.02 0
02:32 749.55 3.17 85 2.68 0
02:33 749.55 3.17 85 3.58 0
02:34 749.55 3.11 85 2.24 0
02:35 749.55 3.17 85 3.58 0
02:36 749.55 3.17 85 4.02 0
02:37 749.55 3.11 85 1.79 0
02:38 749.55 3.11 85 1.79 0
02:39 749.55 3.11 85 3.58 0
02:40 749.55 3.11 85 1.34 0
02:41 749.81 3.11 85 1.34 0
02:42 749.55 3.06 85 3.58 0
02:43 749.55 3.06 85 1.79 0
02:44 749.55 3.11 85 4.47 0
02:45 749.81 3.06 85 4.02 0
02:46 749.55 3.11 86 4.02 0
02:47 749.55 3.11 86 1.79 0
02:48 749.55 3.11 85 1.34 0
02:49 749.81 3.06 85 2.24 0
02:50 749.81 3.11 85 2.68 0
02:51 749.81 3.06 85 1.79 0
02:52 749.81 3.11 85 4.02 0
02:53 749.81 3.06 85 1.79 0
02:54 749.81 3.11 85 2.24 0
02:55 749.81 3.11 85 4.02 0
02:56 749.81 3.11 85 2.68 0
02:57 749.81 3.11 85 2.68 0
02:58 749.81 3.11 85 2.24 0
02:59 749.81 3.11 85 1.34 0
03:00 749.81 3.11 85 2.24 0
03:01 749.81 3.11 85 3.58 0
03:02 749.81 3.11 85 2.68 0
03:03 749.81 3.11 85 2.68 0
03:04 749.81 3.11 85 1.79 0
03:05 749.81 3.06 85 1.79 0
03:06 749.81 3.06 85 3.13 0
03:07 749.81 3.06 85 4.02 0
03:08 749.81 3.06 85 1.79 0
03:09 749.81 3 85 1.79 0
03:10 749.81 3.06 85 1.79 0
03:11 749.81 3 85 1.79 0
03:12 749.81 3 85 1.79 0
03:13 749.81 3 85 1.34 0
03:14 749.81 3 85 4.92 0
03:15 749.81 3 85 1.79 0
03:16 749.81 3 85 1.79 0
03:17 749.81 3 85 3.58 0
03:18 749.81 3.06 85 4.47 0
03:19 749.81 3.06 85 1.34 0
03:20 749.81 3.06 85 2.24 0
03:21 749.81 3.06 85 3.13 0
03:22 749.81 3.06 85 3.58 0
03:23 749.81 3.06 85 2.24 0
03:24 749.81 3.06 85 2.24 0
03:25 749.81 3.06 85 1.79 0
03:26 749.81 3.06 85 2.68 0
03:27 749.81 3.06 85 4.47 0
03:28 749.81 3.06 85 3.13 0
03:29 749.81 3.06 85 1.79 0
03:30 749.81 3.11 85 3.13 0
03:31 749.81 3.06 85 1.79 0
03:32 749.81 3.06 85 3.58 0
03:33 749.81 3.06 85 2.24 0
03:34 749.81 3.06 85 1.79 0
03:35 749.81 3.06 85 4.47 0
03:36 749.81 3.06 85 4.02 0
03:37 750.06 3.06 85 2.24 0
03:38 750.06 3.06 85 3.13 0
03:39 750.06 3.06 85 3.58 0
03:40 750.06 3.06 85 4.02 0
03:41 750.06 3.06 85 2.68 0
03:42 749.81 3.06 85 3.13 0
03:43 750.06 3.06 85 2.68 0
03:44 750.06 3.06 85 4.02 0
03:45 750.06 3 85 4.02 0
03:46 749.81 3.06 84 4.47 0
03:47 750.06 3.06 84 1.79 0
03:48 749.81 3.06 85 2.68 0
03:49 750.06 3.06 85 3.13 0
03:50 749.81 3.06 85 1.79 0
03:51 750.06 3.06 84 4.02 0
03:52 750.06 3.06 85 4.92 0
03:53 750.06 3.06 85 3.13 0
03:54 750.06 3.06 84 2.24 0
03:55 750.06 3.06 84 2.68 0
03:56 750.06 3.06 84 2.24 0
03:57 750.06 3.06 84 3.58 0
03:58 750.06 3.06 84 4.02 0
03:59 750.06 3.06 84 .89 0
04:00 750.06 3.06 84 3.13 0
04:01 750.06 3.06 84 3.13 0
04:02 750.06 3.06 84 3.58 0
04:03 750.06 3.06 84 1.79 0
04:04 750.06 3.06 84 .89 0
04:05 750.06 3.06 84 2.24 0
04:06 750.06 3.06 84 2.68 0
04:07 750.06 3.06 84 1.79 0
04:08 750.06 3.06 84 1.34 0
04:09 750.06 3.06 84 5.36 0
04:10 750.06 3.06 84 3.58 0
04:11 750.06 3.06 84 4.92 0
04:12 750.06 3.06 84 2.68 0
04:13 750.06 3.11 84 1.34 0
04:14 750.06 3.06 84 1.34 0
04:15 750.06 3.06 84 2.68 0
04:16 750.06 3.06 84 2.24 0
04:17 750.06 3.06 84 4.47 0
04:18 750.06 3.06 84 1.79 0
04:19 750.06 3.06 84 2.24 0
04:20 750.06 3.06 84 1.79 0
04:21 750.06 3.06 84 3.13 0
04:22 750.06 3.06 84 1.79 0
04:23 750.06 3.06 84 3.13 0
04:24 750.06 3.06 84 3.58 0
04:25 750.06 3.06 84 2.68 0
04:26 750.06 3.06 84 2.24 0
04:27 750.06 3.06 84 1.34 0
04:28 750.06 3.06 84 2.24 0
04:29 750.06 3 84 1.79 0
04:30 750.06 3.06 84 3.13 0
04:31 750.06 3.06 84 1.34 0
04:32 750.06 3.06 84 4.02 0
04:33 750.06 3.06 84 4.02 0
04:34 750.06 3.06 84 1.79 0
04:35 750.06 3 84 4.02 0
04:36 750.06 3 84 3.58 0
04:37 750.06 3 85 2.68 0
04:38 750.06 2.94 85 1.79 0
04:39 750.06 2.94 85 3.13 0
04:40 750.06 2.89 85 3.13 0
04:41 750.06 2.89 85 2.24 0
04:42 750.32 2.89 85 5.36 0
04:43 750.32 2.89 85 4.02 0
04:44 750.06 2.83 86 3.13 0
04:45 750.32 2.83 86 3.58 0
04:46 750.32 2.83 86 3.58 0
04:47 750.32 2.89 86 3.13 0
04:48 750.32 2.83 86 3.13 0
04:49 750.32 2.83 86 4.02 0
04:50 750.32 2.89 86 3.13 0
04:51 750.32 2.83 86 2.24 0
04:52 750.32 2.83 86 3.58 0
04:53 750.32 2.83 86 2.68 0
04:54 750.32 2.83 86 3.58 0
04:55 750.32 2.83 86 2.24 0
04:56 750.32 2.83 86 1.34 0
04:57 750.32 2.83 86 1.34 0
04:58 750.32 2.83 86 1.79 0
04:59 750.32 2.83 86 3.58 0
05:00 750.32 2.78 86 4.47 0
05:01 750.32 2.78 86 2.68 0
05:02 750.32 2.78 86 2.24 0
05:03 750.32 2.78 86 1.79 0
05:04 750.32 2.78 86 1.34 0
05:05 750.32 2.78 86 3.13 0
05:06 750.32 2.72 86 4.02 0
05:07 750.32 2.72 86 3.13 0
05:08 750.32 2.72 86 4.02 0
05:09 750.32 2.67 87 5.36 0
05:10 750.32 2.67 87 1.79 0
05:11 750.32 2.67 87 1.79 0
05:12 750.32 2.67 87 1.34 0
05:13 750.32 2.61 87 2.68 0
05:14 750.32 2.61 87 2.24 0
05:15 750.32 2.61 87 4.02 0
05:16 750.32 2.61 87 2.24 0
05:17 750.32 2.56 87 3.58 0
05:18 750.32 2.56 87 3.58 0
05:19 750.32 2.56 87 1.79 0
05:20 750.32 2.56 88 1.34 0
05:21 750.32 2.56 88 2.24 0
05:22 750.32 2.5 88 2.24 0
05:23 750.32 2.5 88 2.68 0
05:24 750.32 2.5 88 1.79 0
05:25 750.32 2.44 88 1.34 0
05:26 750.32 2.44 88 2.24 0
05:27 750.32 2.44 88 1.34 0
05:28 750.32 2.44 88 1.34 0
05:29 750.32 2.44 88 2.24 0
05:30 750.32 2.44 88 1.79 0
05:31 750.32 2.39 88 3.58 0
05:32 750.32 2.44 88 4.92 0
05:33 750.32 2.44 89 3.13 0
05:34 750.32 2.44 89 2.24 0
05:35 750.32 2.44 89 1.79 0
05:36 750.32 2.44 89 2.68 0
05:37 750.57 2.44 89 3.13 0
05:38 750.57 2.44 89 2.68 0
05:39 750.32 2.44 89 3.13 0
05:40 750.57 2.44 88 3.13 0
05:41 750.57 2.44 88 1.79 0
05:42 750.57 2.44 89 2.68 0
05:43 750.57 2.44 89 2.24 0
05:44 750.57 2.44 89 2.68 0
05:45 750.57 2.44 89 3.13 0
05:46 750.57 2.44 89 1.79 0
05:47 750.57 2.44 89 1.79 0
05:48 750.57 2.44 89 2.24 0
05:49 750.57 2.39 89 .89 0
05:50 750.57 2.39 89 1.79 0
05:51 750.57 2.39 89 3.58 0
05:52 750.57 2.39 89 3.58 0
05:53 750.57 2.39 89 3.13 0
05:54 750.57 2.39 89 .89 0
05:55 750.57 2.39 89 4.02 0
05:56 750.57 2.39 89 3.13 0
05:57 750.57 2.39 89 1.79 0
05:58 750.57 2.39 89 4.92 0
05:59 750.57 2.39 89 1.79 0
06:00 750.57 2.39 89 1.79 0
06:01 750.57 2.39 89 1.34 0
06:02 750.57 2.33 89 .89 0
06:03 750.57 2.33 89 2.68 0
06:04 750.57 2.39 89 3.13 0
06:05 750.57 2.33 89 1.79 0
06:06 750.57 2.33 89 3.13 0
06:07 750.57 2.39 89 3.13 0
06:08 750.57 2.33 89 3.58 0
06:09 750.57 2.33 89 2.68 0
06:10 750.82 2.33 89 4.02 0
06:11 750.82 2.33 89 3.13 0
06:12 750.82 2.33 89 4.92 0
06:13 750.82 2.33 89 1.79 0
06:14 750.82 2.33 89 3.13 0
06:15 750.82 2.33 89 3.58 0
06:16 750.82 2.33 89 1.79 0
06:17 750.82 2.33 90 4.02 0
06:18 750.82 2.33 90 1.34 0
06:19 750.82 2.33 90 2.68 0
06:20 750.82 2.33 90 4.02 0
06:21 750.82 2.33 89 3.58 0
06:22 750.82 2.33 89 3.58 0
06:23 750.82 2.28 90 2.68 0
06:24 750.82 2.33 90 3.13 0
06:25 750.82 2.28 90 3.58 0
06:26 750.82 2.28 90 3.13 0
06:27 750.82 2.28 90 3.58 0
06:28 750.82 2.28 90 1.34 0
06:29 750.82 2.28 90 3.13 0
06:30 750.82 2.28 90 2.68 0
06:31 750.82 2.28 90 1.79 0
06:32 751.08 2.28 90 2.24 0
06:33 750.82 2.28 90 1.34 0
06:34 750.82 2.28 90 1.79 0
06:35 750.82 2.28 90 3.13 0
06:36 751.08 2.22 90 2.24 0
06:37 751.08 2.22 90 4.47 0
06:38 751.08 2.28 90 4.02 0
06:39 751.08 2.22 90 1.79 0
06:40 751.08 2.28 90 1.34 0
06:41 751.08 2.22 90 2.24 0
06:42 751.08 2.22 90 1.34 0
06:43 751.08 2.22 90 1.34 0
06:44 751.08 2.22 90 1.79 0
06:45 751.08 2.22 90 .89 0
06:46 751.08 2.22 90 1.34 0
06:47 751.08 2.22 90 1.34 0
06:48 751.08 2.22 90 1.79 0
06:49 751.08 2.22 90 2.68 0
06:50 751.08 2.22 90 1.79 0
06:51 751.08 2.22 90 2.68 0
06:52 751.08 2.22 90 1.79 0
06:53 751.08 2.22 90 2.68 0
06:54 751.08 2.22 90 1.34 0
06:55 751.08 2.22 90 1.34 0
06:56 751.08 2.22 90 2.24 0
06:57 751.08 2.22 90 2.24 0
06:58 751.08 2.22 90 2.24 0
06:59 751.08 2.22 90 1.34 0
07:00 751.08 2.22 90 1.79 0
07:01 751.08 2.22 90 1.79 0
07:02 751.08 2.22 90 1.79 0
07:03 751.08 2.22 90 1.79 0
07:04 751.08 2.22 90 3.58 0
07:05 751.08 2.22 90 3.13 0
07:06 751.08 2.22 90 1.79 0
07:07 751.08 2.17 90 2.24 0
07:08 751.08 2.22 90 1.34 0
07:09 751.08 2.17 90 2.24 0
07:10 751.08 2.17 90 3.13 0
07:11 751.08 2.17 91 1.79 0
07:12 751.08 2.17 90 3.58 0
07:13 751.08 2.17 90 3.58 0
07:14 751.08 2.17 90 2.68 0
07:15 751.08 2.17 91 3.13 0
07:16 751.08 2.17 91 3.13 0
07:17 751.08 2.17 91 1.79 0
07:18 751.08 2.17 91 3.13 0
07:19 751.08 2.17 91 3.13 0
07:20 751.08 2.11 91 3.58 0
07:21 751.08 2.11 91 4.02 0
07:22 751.08 2.11 91 3.13 0
07:23 751.08 2.11 91 .89 0
07:24 751.08 2.11 91 1.34 0
07:25 751.08 2.11 91 3.13 0
07:26 751.08 2.11 91 1.79 0
07:27 751.08 2.11 91 1.79 0
07:28 751.33 2.11 91 3.13 0
07:29 751.33 2.11 91 3.13 0
07:30 751.33 2.11 91 3.13 0
07:31 751.33 2.11 91 1.34 0
07:32 751.33 2.11 91 2.24 0
07:33 751.33 2.11 91 .89 0
07:34 751.33 2.11 91 1.79 0
07:35 751.33 2.11 91 2.68 0
07:36 751.33 2.11 91 .89 0
07:37 751.33 2.11 91 1.79 0
07:38 751.33 2.06 91 1.34 0
07:39 751.33 2.11 91 3.58 0
07:40 751.33 2.11 91 1.79 0
07:41 751.33 2.11 91 1.34 0
07:42 751.33 2.11 91 3.58 0
07:43 751.33 2.11 91 4.02 0
07:44 751.33 2.06 91 3.13 0
07:45 751.33 2.11 91 2.24 0
07:46 751.33 2.11 91 2.24 0
07:47 751.33 2.11 91 2.24 0
07:48 751.33 2.11 91 2.68 0
07:49 751.33 2.11 91 3.58 0
07:50 751.33 2.11 91 2.68 0
07:51 751.33 2.11 91 3.13 0
07:52 751.33 2.06 91 1.79 0
07:53 751.33 2.11 91 3.13 0
07:54 751.33 2.11 91 2.68 0
07:55 751.33 2.11 91 3.58 0
07:56 751.33 2.06 91 2.24 0
07:57 751.33 2.06 91 1.79 0
07:58 751.33 2.11 91 3.13 0
07:59 751.33 2.11 91 3.58 0
08:00 751.33 2.11 91 2.24 0
08:01 751.33 2.11 91 4.02 0
08:02 751.33 2.11 91 2.68 0
08:03 751.59 2.11 91 3.13 0
08:04 751.59 2.11 91 3.13 0
08:05 751.33 2.11 91 2.68 0
08:06 751.59 2.11 91 1.34 0
08:07 751.59 2.11 91 2.68 0
08:08 751.59 2.11 91 2.68 0
08:09 751.59 2.11 91 3.13 0
08:10 751.59 2.11 91 3.58 0
08:11 751.59 2.11 91 2.68 0
08:12 751.59 2.11 91 2.68 0
08:13 751.59 2.11 91 1.79 0
08:14 751.59 2.11 91 1.34 0
08:15 751.59 2.11 91 2.24 0
08:16 751.59 2.11 91 .89 0
08:17 751.59 2.17 91 2.68 0
08:18 751.59 2.11 91 2.24 0
08:19 751.59 2.11 91 3.13 0
08:20 751.59 2.11 91 1.79 0
08:21 751.59 2.11 91 3.58 0
08:22 751.59 2.11 91 1.34 0
08:23 751.59 2.11 91 3.58 0
08:24 751.59 2.11 91 1.79 0
08:25 751.59 2.17 91 2.24 0
08:26 751.59 2.17 91 2.68 0
08:27 751.59 2.17 91 3.13 0
08:28 751.59 2.17 91 1.34 0
08:29 751.59 2.17 91 1.34 0
08:30 751.59 2.17 91 1.79 0
08:31 751.59 2.17 91 2.24 0
08:32 751.59 2.17 91 3.58 0
08:33 751.84 2.17 91 3.13 0
08:34 751.84 2.17 91 3.13 0
08:35 751.84 2.17 91 1.79 0
08:36 751.84 2.17 91 1.79 0
08:37 751.84 2.17 91 1.34 0
08:38 751.84 2.17 91 3.58 0
08:39 751.84 2.17 91 2.68 0
08:40 751.84 2.17 91 1.79 0
08:41 751.84 2.17 91 2.24 0
08:42 751.84 2.17 91 3.13 0
08:43 751.84 2.17 91 3.13 0
08:44 751.84 2.22 91 .89 0
08:45 751.84 2.17 91 3.13 0
08:46 751.84 2.22 91 1.34 0
08:47 751.84 2.22 91 1.79 0
08:48 751.84 2.17 91 1.34 0
08:49 751.84 2.22 91 1.79 0
08:50 751.84 2.22 91 1.79 0
08:51 751.84 2.22 91 1.79 0
08:52 751.84 2.22 91 1.79 0
08:53 751.84 2.22 91 3.13 0
08:54 752.09 2.22 91 1.34 0
08:55 752.09 2.22 91 1.34 0
08:56 752.09 2.22 91 3.13 0
08:57 752.09 2.22 91 1.34 0
08:58 752.09 2.22 91 1.79 0
08:59 752.09 2.22 91 2.24 0
09:00 752.09 2.22 91 1.79 0
09:01 752.09 2.22 91 3.13 0
09:02 752.09 2.22 91 2.24 0
09:03 752.09 2.22 91 2.24 0
09:04 752.09 2.22 91 1.34 0
09:05 752.09 2.22 91 1.34 0
09:06 752.09 2.22 91 1.34 0
09:07 752.09 2.22 91 1.79 0
09:08 752.09 2.22 91 3.13 0
09:09 752.09 2.22 91 2.24 0
09:10 752.09 2.22 91 2.24 0
09:11 752.09 2.28 91 2.24 0
09:12 752.09 2.28 91 3.58 0
09:13 752.09 2.22 91 3.13 0
09:14 752.09 2.28 91 2.24 0
09:15 752.09 2.28 91 2.24 0
09:16 752.09 2.28 91 1.79 0
09:17 752.09 2.28 91 2.24 0
09:18 752.09 2.22 91 1.79 0
09:19 752.09 2.28 91 1.79 0
09:20 752.09 2.28 91 3.13 0
09:21 752.09 2.28 91 1.79 0
09:22 752.09 2.28 91 3.13 0
09:23 752.09 2.28 91 4.02 0
09:24 752.09 2.28 91 2.24 0
09:25 752.09 2.28 91 1.34 0
09:26 752.09 2.28 91 3.58 0
09:27 752.09 2.28 91 1.34 0
09:28 752.09 2.28 91 2.24 0
09:29 752.09 2.28 91 2.68 0
09:30 752.09 2.28 91 1.34 0
09:31 752.09 2.33 91 1.79 0
09:32 752.35 2.33 91 3.13 0
09:33 752.09 2.28 91 2.68 0
09:34 752.09 2.33 91 1.34 0
09:35 752.09 2.33 91 1.34 0
09:36 752.09 2.33 91 .89 0
09:37 752.09 2.33 91 2.24 0
09:38 752.09 2.33 91 1.79 0
09:39 752.09 2.33 91 1.79 0
09:40 752.09 2.33 91 1.79 0
09:41 752.09 2.33 91 2.24 0
09:42 752.09 2.33 91 4.02 0
09:43 752.35 2.39 91 .89 0
09:44 752.09 2.39 91 3.58 0
09:45 752.35 2.39 91 2.24 0
09:46 752.35 2.39 91 3.13 0
09:47 752.35 2.39 91 2.68 0
09:48 752.35 2.39 91 2.68 0
09:49 752.35 2.39 91 3.13 0
09:50 752.35 2.44 91 2.68 0
09:51 752.35 2.39 91 3.13 0
09:52 752.35 2.44 91 2.24 0
09:53 752.35 2.39 91 3.13 0
09:54 752.35 2.39 91 2.24 0
09:55 752.35 2.44 91 3.58 0
09:56 752.35 2.44 91 2.24 0
09:57 752.35 2.44 91 1.79 0
09:58 752.35 2.44 91 3.13 0
09:59 752.35 2.44 91 1.79 0
10:00 752.35 2.44 91 1.79 0
10:01 752.35 2.44 91 1.79 0
10:02 752.35 2.44 91 1.34 0
10:03 752.35 2.44 91 1.79 0
10:04 752.35 2.44 91 2.68 0
10:05 752.35 2.44 91 2.24 0
10:06 752.35 2.44 91 3.58 0
10:07 752.35 2.5 91 1.79 0
10:08 752.35 2.5 91 1.34 0
10:09 752.35 2.5 91 1.79 0
10:10 752.35 2.5 91 3.58 0
10:11 752.35 2.5 91 1.79 0
10:12 752.35 2.5 91 .89 0
10:13 752.35 2.5 90 1.79 0
10:14 752.35 2.56 90 .45 0
10:15 752.35 2.56 90 .89 0
10:16 752.35 2.56 90 3.58 0
10:17 752.35 2.56 90 2.24 0
10:18 752.35 2.56 90 3.13 0
10:19 752.35 2.56 90 1.79 0
10:20 752.35 2.61 90 3.58 0
10:21 752.35 2.61 90 1.79 0
10:22 752.35 2.61 90 3.13 0
10:23 752.35 2.61 90 1.79 0
10:24 752.35 2.61 90 2.68 0
10:25 752.35 2.67 90 2.24 0
10:26 752.35 2.67 90 2.68 0
10:27 752.35 2.67 90 1.79 0
10:28 752.6 2.67 90 3.58 0
10:29 752.35 2.67 90 1.79 0
10:30 752.35 2.72 90 2.24 0
10:31 752.6 2.67 90 1.34 0
10:32 752.6 2.72 90 1.34 0
10:33 752.6 2.72 90 3.58 0
10:34 752.6 2.72 90 1.79 0
10:35 752.6 2.72 90 3.13 0
10:36 752.6 2.72 90 2.24 0
10:37 752.6 2.78 90 2.68 0
10:38 752.6 2.78 90 1.79 0
10:39 752.6 2.72 90 1.34 0
10:40 752.6 2.78 90 1.79 0
10:41 752.6 2.78 90 1.34 0
10:42 752.6 2.78 89 3.13 0
10:43 752.6 2.78 89 1.79 0
10:44 752.6 2.78 89 4.47 0
10:45 752.6 2.83 89 3.58 0
10:46 752.6 2.83 89 3.13 0
10:47 752.6 2.83 89 3.13 0
10:48 752.6 2.83 89 3.13 0
10:49 752.6 2.83 89 2.68 0
10:50 752.6 2.83 89 1.79 0
10:51 752.6 2.89 89 3.13 0
10:52 752.6 2.89 89 1.79 0
10:53 752.6 2.94 89 1.79 0
10:54 752.6 2.89 89 1.79 0
10:55 752.6 2.89 89 3.13 0
10:56 752.6 2.94 89 1.79 0
10:57 752.6 2.94 89 .89 0
10:58 752.6 2.94 89 3.13 0
10:59 752.6 2.94 89 3.58 0
11:00 752.6 2.94 89 4.02 0
11:01 752.6 2.94 89 2.68 0
11:02 752.6 3 89 1.79 0
11:03 752.6 3 88 .89 0
11:04 752.6 3 88 2.68 0
11:05 752.6 3 88 2.24 0
11:06 752.6 3 88 1.79 0
11:07 752.6 3 88 2.24 0
11:08 752.6 3.06 88 2.24 0
11:09 752.6 3.06 88 1.34 0
11:10 752.6 3.06 88 3.13 0
11:11 752.6 3.06 88 3.58 0
11:12 752.6 3.06 88 1.79 0
11:13 752.86 3.11 88 1.79 0
11:14 752.6 3.11 88 .45 0
11:15 752.6 3.11 88 1.79 0
11:16 752.6 3.17 88 2.68 0
11:17 752.6 3.17 88 3.58 0
11:18 752.6 3.17 88 1.34 0
11:19 752.6 3.17 88 3.58 0
11:20 752.6 3.17 88 1.34 0
11:21 752.6 3.22 88 1.34 0
11:22 752.86 3.22 88 1.34 0
11:23 752.6 3.22 88 1.79 0
11:24 752.6 3.28 88 1.34 0
11:25 752.6 3.28 88 3.13 0
11:26 752.6 3.28 88 2.24 0
11:27 752.6 3.33 87 .89 0
11:28 752.6 3.33 87 3.58 0
11:29 752.6 3.33 87 2.68 0
11:30 752.6 3.33 87 2.24 0
11:31 752.6 3.39 87 1.34 0
11:32 752.6 3.33 87 2.24 0
11:33 752.6 3.39 87 1.34 0
11:34 752.6 3.44 87 1.79 0
11:35 752.86 3.44 87 3.58 0
11:36 752.6 3.44 87 3.58 0
11:37 752.6 3.44 87 4.02 0
11:38 752.6 3.5 87 3.13 0
11:39 752.6 3.56 87 2.68 0
11:40 752.6 3.56 87 4.02 0
11:41 752.6 3.56 86 3.58 0
11:42 752.6 3.56 86 2.68 0
11:43 752.6 3.56 86 2.24 0
11:44 752.6 3.61 86 2.68 0
11:45 752.6 3.61 86 1.79 0
11:46 752.6 3.61 87 2.24 0
11:47 752.6 3.67 87 1.79 0
11:48 752.6 3.67 86 4.92 0
11:49 752.6 3.72 86 3.58 0
11:50 752.6 3.67 86 3.58 0
11:51 752.6 3.72 86 3.13 0
11:52 752.86 3.67 86 3.13 0
11:53 752.6 3.72 86 2.24 0
11:54 752.86 3.72 86 3.58 0
11:55 752.86 3.67 86 4.92 0
11:56 752.86 3.72 85 3.13 0
11:57 752.86 3.67 85 .89 0
11:58 752.6 3.72 86 1.34 0
11:59 752.6 3.72 86 1.79 0
12:00 752.6 3.72 86 1.34 0
12:01 752.6 3.72 86 4.02 0
12:02 752.6 3.72 86 3.13 0
12:03 752.86 3.72 85 .89 0
12:04 752.86 3.78 85 1.34 0
12:05 752.86 3.78 85 .89 0
12:06 752.86 3.78 86 2.24 0
12:07 752.86 3.78 86 3.58 0
12:08 752.86 3.83 85 2.68 0
12:09 752.86 3.83 86 3.13 0
12:10 752.86 3.83 85 2.68 0
12:11 752.86 3.83 85 4.02 0
12:12 752.86 3.83 85 2.24 0
12:13 752.86 3.83 85 .89 0
12:14 752.86 3.83 85 3.58 0
12:15 752.86 3.83 85 2.68 0
12:16 752.86 3.83 85 1.79 0
12:17 752.86 3.89 85 2.68 0
12:18 752.86 3.89 85 2.24 0
12:19 752.86 3.89 85 1.79 0
12:20 752.86 3.89 85 .89 0
12:21 752.86 3.89 85 4.47 0
12:22 752.86 3.89 85 4.02 0
12:23 752.6 3.89 85 .89 0
12:24 752.86 3.89 85 1.79 0
12:25 752.86 3.89 85 3.58 0
12:26 752.6 3.89 85 3.58 0
12:27 752.86 3.89 85 1.79 0
12:28 752.6 3.89 85 1.79 0
12:29 752.6 3.89 85 2.24 0
12:30 752.6 3.89 85 3.13 0
12:31 752.6 3.89 85 4.92 0
12:32 752.6 3.89 85 1.34 0
12:33 752.6 3.94 85 2.24 0
12:34 752.86 3.94 85 2.24 0
12:35 752.6 3.94 85 2.24 0
12:36 752.6 3.94 85 1.79 0
12:37 752.6 3.94 85 1.79 0
12:38 752.6 3.94 85 2.68 0
12:39 752.6 3.94 85 1.34 0
12:40 752.6 4 85 .89 0
12:41 752.6 4 85 1.34 0
12:42 752.6 4 85 3.13 0
12:43 752.6 4 85 1.79 0
12:44 752.6 4 85 2.68 0
12:45 752.6 4.06 85 1.34 0
12:46 752.6 4.06 85 1.79 0
12:47 752.6 4.06 85 1.34 0
12:48 752.6 4.06 85 1.79 0
12:49 752.6 4.06 85 .45 0
12:50 752.6 4.11 85 2.68 0
12:51 752.6 4.11 84 2.68 0
12:52 752.6 4.11 84 3.13 0
12:53 752.6 4.11 84 1.79 0
12:54 752.6 4.11 84 .45 0
12:55 752.6 4.11 84 .89 0
12:56 752.6 4.11 84 4.02 0
12:57 752.6 4.11 84 3.13 0
12:58 752.6 4.11 84 3.58 0
12:59 752.6 4.11 84 3.13 0
13:00 752.6 4.11 84 2.24 0
13:01 752.6 4.11 84 1.34 0
13:02 752.6 4.11 84 3.13 0
13:03 752.6 4.11 84 2.24 0
13:04 752.6 4.06 84 4.47 0
13:05 752.6 4.11 84 4.92 0
13:06 752.6 4.11 84 3.58 0
13:07 752.6 4.06 84 3.13 0
13:08 752.6 4.06 84 3.58 0
13:09 752.6 4.06 84 2.68 0
13:10 752.6 4.06 84 1.79 0
13:11 752.86 4.06 84 3.58 0
13:12 752.6 4.11 84 4.02 0
13:13 752.86 4.11 84 2.24 0
13:14 752.86 4.11 84 2.24 0
13:15 752.86 4.17 84 1.79 0
13:16 752.86 4.17 84 2.24 0
13:17 752.86 4.17 84 2.24 0
13:18 752.86 4.17 84 4.92 0
13:19 752.86 4.17 84 4.92 0
13:20 752.86 4.11 84 4.92 0
13:21 752.86 4.11 84 3.13 0
13:22 752.86 4.11 84 2.68 0
13:23 752.86 4.11 84 4.47 0
13:24 752.86 4.11 83 3.58 0
13:25 752.86 4.11 84 3.58 0
13:26 752.86 4.11 84 2.24 0
13:27 752.86 4.11 84 3.13 0
13:28 752.86 4.17 84 1.79 0
13:29 752.86 4.11 84 1.79 0
13:30 752.86 4.11 84 4.47 0
13:31 752.86 4.11 83 3.13 0
13:32 752.86 4.17 84 3.58 0
13:33 752.86 4.17 83 2.24 0
13:34 752.86 4.17 83 3.58 0
13:35 752.86 4.17 83 2.24 0
13:36 752.86 4.17 83 1.79 0
13:37 752.86 4.11 83 3.13 0
13:38 752.86 4.11 83 2.24 0
13:39 752.86 4.11 83 5.36 0
13:40 752.86 4.11 83 .89 0
13:41 752.86 4.11 83 1.79 0
13:42 752.86 4.17 83 1.79 0
13:43 752.86 4.17 83 1.79 0
13:44 752.86 4.11 83 1.79 0
13:45 752.86 4.17 83 1.79 0
13:46 752.86 4.17 83 3.58 0
13:47 752.86 4.17 83 2.68 0
13:48 753.11 4.17 83 1.79 0
13:49 753.11 4.17 83 1.79 0
13:50 752.86 4.17 83 3.58 0
13:51 753.11 4.11 83 1.79 0
13:52 753.11 4.11 83 1.79 0
13:53 753.11 4.17 83 1.34 0
13:54 753.11 4.17 83 5.36 0
13:55 753.11 4.17 83 1.79 0
13:56 753.11 4.17 82 2.24 0
13:57 753.11 4.17 82 2.24 0
13:58 753.11 4.17 82 2.68 0
13:59 753.11 4.17 82 4.92 0
14:00 753.11 4.17 82 3.58 0
14:01 753.11 4.17 82 5.36 0
14:02 753.11 4.17 81 2.68 0
14:03 753.11 4.17 82 3.13 0
14:04 753.11 4.17 81 5.36 0
14:05 753.11 4.17 81 4.02 0
14:06 753.11 4.11 81 4.02 0
14:07 753.11 4.17 81 6.26 0
14:08 753.11 4.17 81 4.02 0
14:09 753.11 4.17 81 3.13 0
14:10 753.11 4.17 81 .89 0
14:11 753.11 4.11 81 2.24 0
14:12 753.11 4.17 82 3.13 0
14:13 753.11 4.17 81 2.24 0
14:14 753.11 4.17 81 1.79 0
14:15 753.11 4.17 82 .89 0
14:16 753.11 4.17 82 .89 0
14:17 753.11 4.17 82 3.13 0
14:18 753.11 4.17 82 4.02 0
14:19 753.11 4.17 81 1.34 0
14:20 753.11 4.17 82 6.26 0
14:21 753.11 4.17 81 2.24 0
14:22 752.86 4.17 81 3.13 0
14:23 753.11 4.17 81 2.24 0
14:24 753.11 4.17 81 4.02 0
14:25 753.11 4.17 82 3.58 0
14:26 753.11 4.17 82 1.34 0
14:27 753.11 4.17 82 3.13 0
14:28 753.11 4.17 82 1.79 0
14:29 753.11 4.17 82 4.02 0
14:30 753.11 4.17 82 4.02 0
14:31 753.11 4.17 81 4.47 0
14:32 753.11 4.17 82 4.47 0
14:33 752.86 4.17 82 4.47 0
14:34 753.11 4.17 81 2.68 0
14:35 752.86 4.17 82 3.13 0
14:36 753.11 4.17 82 3.58 0
14:37 753.11 4.17 82 4.47 0
14:38 753.11 4.17 82 4.02 0
14:39 753.11 4.17 82 4.92 0
14:40 753.11 4.17 82 1.79 0
14:41 753.11 4.17 82 1.34 0
14:42 753.11 4.17 82 2.68 0
14:43 753.11 4.17 82 4.02 0
14:44 753.11 4.17 82 4.02 0
14:45 753.11 4.17 82 2.68 0
14:46 753.11 4.17 82 .89 0
14:47 753.11 4.17 82 2.68 0
14:48 753.11 4.17 82 1.79 0
14:49 753.11 4.17 82 1.79 0
14:50 753.11 4.17 82 1.79 0
14:51 753.11 4.17 82 1.79 0
14:52 753.11 4.17 82 1.79 0
14:53 753.11 4.17 82 3.58 0
14:54 753.11 4.17 82 3.58 0
14:55 753.11 4.17 82 5.36 0
14:56 753.11 4.17 82 4.02 0
14:57 753.11 4.17 82 1.34 0
14:58 753.11 4.17 82 3.58 0
14:59 753.11 4.17 82 2.68 0
15:00 753.11 4.17 82 2.68 0
15:01 753.11 4.22 82 3.13 0
15:02 753.11 4.17 82 3.13 0
15:03 753.11 4.22 82 1.79 0
15:04 753.11 4.22 82 1.34 0
15:05 753.11 4.22 82 1.34 0
15:06 753.11 4.22 82 1.34 0
15:07 753.11 4.22 82 1.34 0
15:08 753.11 4.17 82 2.24 0
15:09 753.11 4.17 82 1.79 0
15:10 753.11 4.17 82 1.79 0
15:11 753.11 4.17 82 3.13 0
15:12 753.11 4.17 82 3.13 0
15:13 753.11 4.17 82 2.68 0
15:14 753.11 4.17 82 3.58 0
15:15 753.11 4.17 82 1.79 0
15:16 753.11 4.17 82 1.79 0
15:17 753.11 4.17 81 3.13 0
15:18 753.11 4.17 82 3.13 0
15:19 753.11 4.17 82 3.58 0
15:20 753.11 4.17 82 3.13 0
15:21 753.11 4.17 82 3.58 0
15:22 753.36 4.17 82 2.24 0
15:23 753.36 4.17 82 3.13 0
15:24 753.36 4.11 82 1.79 0
15:25 753.36 4.17 82 1.79 0
15:26 753.11 4.11 82 4.02 0
15:27 753.36 4.11 82 2.24 0
15:28 753.36 4.11 82 1.79 0
15:29 753.11 4.11 82 1.79 0
15:30 753.36 4.06 82 1.34 0
15:31 753.11 4.11 82 1.34 0
15:32 753.36 4.11 82 2.68 0
15:33 753.36 4.06 82 1.79 0
15:34 753.36 4.06 82 1.34 0
15:35 753.36 4.06 82 1.79 0
15:36 753.36 4.06 82 1.79 0
15:37 753.36 4.06 82 3.13 0
15:38 753.36 4.06 82 3.13 0
15:39 753.36 4.06 82 1.79 0
15:40 753.36 4.06 82 4.92 0
15:41 753.36 4.06 82 3.13 0
15:42 753.36 4.06 82 1.79 0
15:43 753.36 4 82 1.79 0
15:44 753.36 4 82 2.68 0
15:45 753.36 4 82 1.34 0
15:46 753.36 4 82 2.24 0
15:47 753.36 4 82 .89 0
15:48 753.36 4 82 3.58 0
15:49 753.36 4 82 1.79 0
15:50 753.36 4 82 1.79 0
15:51 753.36 4 82 1.34 0
15:52 753.36 4.06 82 .89 0
15:53 753.36 4.06 82 1.79 0
15:54 753.36 4.06 82 3.58 0
15:55 753.36 4.06 82 3.13 0
15:56 753.36 4 82 3.13 0
15:57 753.36 4 82 3.58 0
15:58 753.36 4 82 2.24 0
15:59 753.36 4 82 3.58 0
16:00 753.36 4 82 3.13 0
16:01 753.36 4 82 4.02 0
16:02 753.36 4 82 1.79 0
16:03 753.36 4 82 1.79 0
16:04 753.36 4 82 1.79 0
16:05 753.36 4 82 4.02 0
16:06 753.36 4 82 4.02 0
16:07 753.36 4 82 3.13 0
16:08 753.36 4 82 .89 0
16:09 753.36 4 82 1.79 0
16:10 753.36 3.94 82 2.24 0
16:11 753.36 3.94 82 1.34 0
16:12 753.36 3.94 83 1.34 0
16:13 753.36 3.94 82 3.13 0
16:14 753.36 3.94 82 3.13 0
16:15 753.36 3.94 82 2.68 0
16:16 753.36 3.94 82 .89 0
16:17 753.36 3.94 82 1.79 0
16:18 753.36 3.94 82 1.34 0
16:19 753.36 3.89 83 .89 0
16:20 753.36 3.94 83 .89 0
16:21 753.36 3.89 83 1.34 0
16:22 753.36 3.94 83 2.68 0
16:23 753.36 3.94 83 1.79 0
16:24 753.36 3.89 83 2.68 0
16:25 753.36 3.89 83 3.13 0
16:26 753.36 3.89 83 2.24 0
16:27 753.36 3.89 83 1.34 0
16:28 753.36 3.89 83 2.24 0
16:29 753.36 3.89 83 1.34 0
16:30 753.36 3.89 83 2.68 0
16:31 753.36 3.89 83 1.34 0
16:32 753.36 3.89 83 3.13 0
16:33 753.36 3.89 83 .89 0
16:34 753.36 3.89 82 2.68 0
16:35 753.36 3.89 82 1.34 0
16:36 753.36 3.89 83 1.79 0
16:37 753.36 3.83 83 1.79 0
16:38 753.36 3.89 83 .45 0
16:39 753.36 3.89 83 1.34 0
16:40 753.36 3.83 83 1.79 0
16:41 753.36 3.83 83 1.79 0
16:42 753.36 3.83 83 .89 0
16:43 753.36 3.83 83 2.68 0
16:44 753.36 3.83 83 1.79 0
16:45 753.36 3.78 83 1.34 0
16:46 753.62 3.78 83 1.79 0
16:47 753.36 3.78 83 1.34 0
16:48 753.36 3.78 83 1.34 0
16:49 753.62 3.72 83 1.79 0
16:50 753.62 3.72 83 1.79 0
16:51 753.62 3.72 83 1.79 0
16:52 753.62 3.72 83 1.34 0
16:53 753.36 3.72 83 1.34 0
16:54 753.62 3.72 83 3.58 0
16:55 753.36 3.72 83 1.34 0
16:56 753.62 3.72 83 2.24 0
16:57 753.36 3.72 83 1.34 0
16:58 753.36 3.72 83 .89 0
16:59 753.36 3.72 83 1.34 0
17:00 753.36 3.72 83 1.34 0
17:01 753.36 3.72 83 2.24 0
17:02 753.36 3.72 83 .45 0
17:03 753.62 3.72 83 1.34 0
17:04 753.62 3.72 83 1.79 0
17:05 753.62 3.72 83 4.02 0
17:06 753.62 3.72 83 1.79 0
17:07 753.36 3.72 83 1.79 0
17:08 753.36 3.72 83 1.34 0
17:09 753.36 3.72 83 3.13 0
17:10 753.36 3.72 83 1.79 0
17:11 753.36 3.72 84 1.34 0
17:12 753.36 3.72 84 1.79 0
17:13 753.36 3.72 83 3.58 0
17:14 753.36 3.72 83 1.79 0
17:15 753.36 3.72 83 1.34 0
17:16 753.36 3.72 83 .45 0
17:17 753.62 3.72 83 2.68 0
17:18 753.62 3.72 83 .89 0
17:19 753.62 3.67 83 1.34 0
17:20 753.62 3.67 83 2.24 0
17:21 753.62 3.67 84 .89 0
17:22 753.62 3.67 84 1.34 0
17:23 753.62 3.67 84 1.34 0
17:24 753.62 3.67 84 1.79 0
17:25 753.36 3.61 84 1.34 0
17:26 753.36 3.67 84 .89 0
17:27 753.36 3.67 84 1.79 0
17:28 753.36 3.61 84 1.79 0
17:29 753.36 3.67 84 1.79 0
17:30 753.36 3.67 84 4.02 0
17:31 753.36 3.61 84 2.24 0
17:32 753.36 3.61 84 1.79 0
17:33 753.36 3.61 84 .89 0
17:34 753.62 3.61 84 1.34 0
17:35 753.36 3.56 84 1.79 0
17:36 753.36 3.56 84 1.34 0
17:37 753.36 3.61 84 1.79 0
17:38 753.36 3.56 84 2.68 0
17:39 753.36 3.61 84 1.79 0
17:40 753.36 3.56 84 1.79 0
17:41 753.36 3.56 84 1.79 0
17:42 753.36 3.56 84 1.79 0
17:43 753.36 3.56 84 .89 0
17:44 753.36 3.56 84 2.24 0
17:45 753.36 3.61 84 1.79 0
17:46 753.36 3.61 84 2.68 0
17:47 753.36 3.61 84 1.34 0
17:48 753.36 3.56 84 1.79 0
17:49 753.62 3.56 84 1.79 0
17:50 753.36 3.56 84 1.79 0
17:51 753.36 3.5 84 .89 0
17:52 753.36 3.5 84 1.34 0
17:53 753.62 3.5 84 1.79 0
17:54 753.36 3.5 84 1.79 0
17:55 753.36 3.44 84 1.34 0
17:56 753.36 3.44 84 3.13 0
17:57 753.36 3.44 84 .89 0
17:58 753.36 3.39 84 2.68 0
17:59 753.62 3.39 84 2.68 0
18:00 753.62 3.39 84 .89 0
18:01 753.62 3.39 84 2.24 0
18:02 753.62 3.39 84 1.79 0
18:03 753.62 3.39 84 1.79 0
18:04 753.62 3.39 84 1.79 0
18:05 753.62 3.39 84 2.68 0
18:06 753.62 3.39 84 2.68 0
18:07 753.62 3.39 84 2.68 0
18:08 753.62 3.39 84 3.58 0
18:09 753.62 3.39 84 2.68 0
18:10 753.87 3.39 84 3.58 0
18:11 753.87 3.39 84 3.13 0
18:12 753.62 3.39 84 2.68 0
18:13 753.62 3.39 84 1.34 0
18:14 753.62 3.39 84 1.79 0
18:15 753.62 3.39 84 1.34 0
18:16 753.62 3.39 84 2.24 0
18:17 753.62 3.44 84 .89 0
18:18 753.62 3.39 84 1.79 0
18:19 753.62 3.44 84 .89 0
18:20 753.62 3.44 84 .89 0
18:21 753.62 3.44 84 1.79 0
18:22 753.62 3.44 84 1.34 0
18:23 753.62 3.44 84 3.58 0
18:24 753.62 3.44 84 2.68 0
18:25 753.87 3.44 84 3.58 0
18:26 753.87 3.44 84 2.68 0
18:27 753.87 3.44 84 1.34 0
18:28 753.62 3.44 84 2.68 0
18:29 753.87 3.44 84 2.68 0
18:30 753.87 3.44 84 2.24 0
18:31 753.87 3.5 84 1.79 0
18:32 753.87 3.5 84 2.68 0
18:33 753.87 3.5 84 2.68 0
18:34 753.62 3.5 84 1.79 0
18:35 753.87 3.5 84 1.34 0
18:36 753.87 3.5 84 2.68 0
18:37 753.62 3.44 84 1.34 0
18:38 753.62 3.5 84 3.13 0
18:39 753.62 3.5 84 3.13 0
18:40 753.62 3.5 83 2.68 0
18:41 753.87 3.5 83 2.68 0
18:42 753.87 3.56 83 3.13 0
18:43 753.87 3.5 83 3.58 0
18:44 753.87 3.56 83 2.24 0
18:45 753.87 3.56 83 3.13 0
18:46 753.87 3.5 83 3.13 0
18:47 753.87 3.5 83 3.13 0
18:48 753.87 3.5 83 3.13 0
18:49 753.87 3.56 83 3.13 0
18:50 753.87 3.56 83 2.24 0
18:51 753.87 3.5 83 3.13 0
18:52 753.87 3.5 83 2.68 0
18:53 753.87 3.5 83 2.24 0
18:54 753.87 3.5 83 2.68 0
18:55 753.87 3.5 83 2.68 0
18:56 753.87 3.5 83 3.58 0
18:57 753.87 3.44 83 5.36 0
18:58 753.87 3.5 83 3.58 0
18:59 753.87 3.5 83 3.58 0
19:00 753.87 3.5 83 2.24 0
19:01 753.87 3.5 83 3.13 0
19:02 753.87 3.5 83 4.47 0
19:03 753.87 3.56 83 3.13 0
19:04 753.87 3.5 83 4.47 0
19:05 753.87 3.5 83 3.13 0
19:06 753.87 3.5 83 1.34 0
19:07 753.87 3.5 83 4.47 0
19:08 753.87 3.5 83 1.79 0
19:09 753.87 3.5 83 2.24 0
19:10 753.87 3.44 83 1.79 0
19:11 753.87 3.44 83 3.58 0
19:12 753.87 3.44 84 2.68 0
19:13 753.87 3.44 84 1.79 0
19:14 753.87 3.44 84 2.68 0
19:15 753.87 3.44 84 .89 0
19:16 753.87 3.39 84 1.79 0
19:17 753.87 3.44 84 1.79 0
19:18 753.87 3.39 84 2.24 0
19:19 753.87 3.39 84 1.79 0
19:20 753.87 3.44 84 3.13 0
19:21 753.87 3.39 84 1.79 0
19:22 753.87 3.39 84 2.24 0
19:23 753.87 3.39 84 .89 0
19:24 753.87 3.44 84 3.13 0
19:25 753.87 3.44 84 1.79 0
19:26 753.87 3.44 84 2.24 0
19:27 753.87 3.39 84 3.13 0
19:28 753.87 3.44 84 1.34 0
19:29 753.87 3.39 84 3.13 0
19:30 753.87 3.39 84 2.68 0
19:31 753.87 3.39 84 1.34 0
19:32 753.87 3.39 84 1.34 0
19:33 753.87 3.39 84 2.68 0
19:34 753.87 3.39 84 2.68 0
19:35 753.87 3.39 84 1.34 0
19:36 753.87 3.39 84 1.79 0
19:37 753.87 3.39 84 3.13 0
19:38 753.87 3.39 84 4.47 0
19:39 753.87 3.39 84 1.79 0
19:40 753.87 3.39 84 2.68 0
19:41 753.87 3.39 84 4.02 0
19:42 753.87 3.39 84 4.02 0
19:43 753.87 3.39 84 3.13 0
19:44 753.87 3.44 84 1.79 0
19:45 754.13 3.44 84 1.34 0
19:46 754.13 3.39 84 1.34 0
19:47 754.13 3.39 84 1.79 0
19:48 753.87 3.39 84 .89 0
19:49 754.13 3.39 84 3.13 0
19:50 754.13 3.39 84 .45 0
19:51 754.13 3.39 84 1.34 0
19:52 754.13 3.39 84 2.68 0
19:53 754.13 3.39 84 1.34 0
19:54 754.13 3.33 84 4.47 0
19:55 753.87 3.33 84 4.02 0
19:56 753.87 3.39 84 4.47 0
19:57 753.87 3.33 84 3.58 0
19:58 753.87 3.39 84 1.79 0
19:59 753.87 3.39 84 3.58 0
20:00 753.87 3.33 84 1.34 0
20:01 753.87 3.33 84 4.02 0
20:02 753.87 3.33 84 2.68 0
20:03 754.13 3.33 84 2.24 0
20:04 754.13 3.33 84 4.92 0
20:05 753.87 3.33 84 3.13 0
20:06 754.13 3.33 84 3.13 0
20:07 754.13 3.28 84 1.79 0
20:08 754.13 3.28 84 4.92 0
20:09 754.13 3.33 84 2.68 0
20:10 753.87 3.33 84 3.13 0
20:11 753.87 3.33 84 3.13 0
20:12 754.13 3.33 84 3.13 0
20:13 753.87 3.33 84 2.68 0
20:14 753.87 3.33 84 .89 0
20:15 754.13 3.28 84 4.92 0
20:16 753.87 3.28 84 1.79 0
20:17 753.87 3.28 84 1.79 0
20:18 753.87 3.28 84 1.79 0
20:19 753.87 3.28 84 4.02 0
20:20 753.87 3.28 84 4.02 0
20:21 753.87 3.28 84 4.02 0
20:22 753.87 3.28 84 1.34 0
20:23 753.87 3.28 84 1.79 0
20:24 753.87 3.28 84 1.79 0
20:25 753.87 3.28 84 4.02 0
20:26 753.87 3.28 84 1.79 0
20:27 753.87 3.28 84 1.34 0
20:28 753.87 3.22 84 3.58 0
20:29 753.87 3.22 84 2.24 0
20:30 753.87 3.22 84 3.58 0
20:31 753.87 3.22 84 4.02 0
20:32 753.87 3.22 84 3.13 0
20:33 753.87 3.22 84 3.58 0
20:34 753.87 3.22 84 3.13 0
20:35 753.87 3.22 84 2.68 0
20:36 753.87 3.17 84 4.47 0
20:37 753.87 3.17 84 1.34 0
20:38 753.87 3.17 84 1.34 0
20:39 753.87 3.17 84 3.13 0
20:40 753.87 3.11 84 1.79 0
20:41 753.87 3.11 84 1.34 0
20:42 753.87 3.17 84 .89 0
20:43 753.87 3.11 84 3.13 0
20:44 753.87 3.11 84 1.34 0
20:45 753.87 3.11 84 2.68 0
20:46 753.87 3.06 85 1.79 0
20:47 753.87 3.11 85 3.58 0
20:48 753.87 3.06 85 1.34 0
20:49 753.87 3.06 85 4.47 0
20:50 753.87 3.06 84 1.79 0
20:51 753.87 3.06 84 3.13 0
20:52 753.87 3.06 85 .89 0
20:53 753.87 3.11 85 2.68 0
20:54 753.87 3.11 85 4.02 0
20:55 753.87 3.06 84 4.02 0
20:56 753.87 3.06 84 2.24 0
20:57 753.87 3.06 85 4.02 0
20:58 753.87 3.06 84 .89 0
20:59 753.87 3.06 85 3.13 0
21:00 753.87 3 85 3.58 0
21:01 753.87 3.06 85 1.79 0
21:02 753.87 3 85 2.24 0
21:03 753.87 3.06 85 3.13 0
21:04 753.87 3 85 4.02 0
21:05 753.87 3 85 1.79 0
21:06 753.87 3 85 3.58 0
21:07 753.87 3 85 1.79 0
21:08 753.87 3 85 4.47 0
21:09 753.87 3 85 3.13 0
21:10 753.87 3 85 3.13 0
21:11 753.87 3 85 3.58 0
21:12 753.87 3.06 85 1.79 0
21:13 753.87 3 85 1.79 0
21:14 754.13 3 85 1.79 0
21:15 754.13 3.06 85 4.02 0
21:16 753.87 3.06 85 3.58 0
21:17 754.13 3 85 4.02 0
21:18 754.13 3 85 1.79 0
21:19 754.13 3 85 4.92 0
21:20 754.13 3 85 2.24 0
21:21 754.13 3 85 1.79 0
21:22 754.13 3 85 1.79 0
21:23 754.13 3 85 2.68 0
21:24 753.87 3 85 4.47 0
21:25 754.13 3 85 4.47 0
21:26 754.13 3 85 4.02 0
21:27 754.13 3 85 3.58 0
21:28 753.87 3 85 1.79 0
21:29 754.13 2.94 85 1.34 0
21:30 753.87 3 85 3.13 0
21:31 754.13 3 85 3.58 0
21:32 754.13 2.94 85 4.02 0
21:33 754.13 3 85 3.13 0
21:34 754.13 3 85 1.34 0
21:35 754.13 2.94 85 3.13 0
21:36 753.87 2.94 85 1.79 0
21:37 754.13 3 85 1.79 0
21:38 753.87 3 85 3.58 0
21:39 754.13 3 85 1.79 0
21:40 753.87 3 85 2.68 0
21:41 753.87 3 85 3.13 0
21:42 754.13 3 85 2.68 0
21:43 753.87 2.94 85 3.13 0
21:44 753.87 3 85 3.13 0
21:45 753.87 2.94 85 .89 0
21:46 753.87 2.94 85 2.68 0
21:47 753.87 2.94 85 3.13 0
21:48 753.87 2.94 85 3.13 0
21:49 753.87 2.94 85 1.34 0
21:50 754.13 2.89 85 4.02 0
21:51 753.87 2.94 85 3.13 0
21:52 753.87 2.89 85 2.68 0
21:53 753.87 2.94 85 1.34 0
21:54 753.87 2.94 85 1.79 0
21:55 753.87 2.89 85 1.79 0
21:56 753.87 2.89 85 3.13 0
21:57 754.13 2.89 85 1.34 0
21:58 753.87 2.89 85 4.47 0
21:59 753.87 2.89 85 3.13 0
22:00 753.87 2.89 85 1.34 0
22:01 753.87 2.89 85 1.79 0
22:02 753.87 2.89 85 2.24 0
22:03 753.87 2.89 85 3.58 0
22:04 753.87 2.89 85 4.02 0
22:05 753.87 2.83 85 1.79 0
22:06 753.87 2.83 85 .89 0
22:07 753.87 2.83 85 3.13 0
22:08 753.87 2.89 85 4.47 0
22:09 753.87 2.83 85 2.68 0
22:10 753.87 2.83 85 1.79 0
22:11 753.87 2.83 85 1.34 0
22:12 753.87 2.83 85 1.79 0
22:13 753.87 2.78 85 3.13 0
22:14 753.87 2.83 85 1.34 0
22:15 754.13 2.78 85 1.34 0
22:16 753.87 2.78 85 1.34 0
22:17 753.87 2.78 85 3.58 0
22:18 753.87 2.78 85 3.58 0
22:19 753.87 2.78 85 1.34 0
22:20 753.87 2.78 85 2.68 0
22:21 753.87 2.78 85 4.92 0
22:22 753.87 2.72 85 4.02 0
22:23 753.87 2.72 85 4.02 0
22:24 753.87 2.78 85 4.47 0
22:25 753.87 2.78 85 3.13 0
22:26 753.87 2.72 85 3.58 0
22:27 753.87 2.72 85 1.79 0
22:28 753.87 2.72 85 4.02 0
22:29 753.87 2.72 85 3.13 0
22:30 753.87 2.72 85 2.68 0
22:31 753.87 2.72 86 2.68 0
22:32 753.87 2.72 86 3.13 0
22:33 753.87 2.72 86 2.68 0
22:34 753.87 2.72 86 4.02 0
22:35 753.87 2.72 86 4.47 0
22:36 753.87 2.72 86 2.24 0
22:37 753.87 2.72 85 2.24 0
22:38 753.87 2.72 85 3.13 0
22:39 753.87 2.67 85 3.13 0
22:40 753.87 2.67 85 1.79 0
22:41 753.87 2.72 86 2.24 0
22:42 753.87 2.67 86 1.34 0
22:43 753.87 2.67 86 3.58 0
22:44 753.87 2.72 86 1.79 0
22:45 753.87 2.67 86 1.79 0
22:46 753.87 2.67 86 3.13 0
22:47 753.87 2.67 86 .89 0
22:48 753.87 2.67 86 4.02 0
22:49 753.87 2.67 86 1.79 0
22:50 753.87 2.67 86 2.68 0
22:51 753.87 2.67 86 1.79 0
22:52 753.87 2.67 85 3.58 0
22:53 753.87 2.67 86 4.02 0
22:54 753.87 2.67 86 3.13 0
22:55 753.87 2.67 85 3.58 0
22:56 753.87 2.67 85 5.36 0
22:57 753.87 2.67 85 3.13 0
22:58 753.87 2.67 85 1.34 0
22:59 753.87 2.67 85 3.58 0
23:00 753.87 2.67 85 1.79 0
23:01 753.87 2.67 85 3.13 0
23:02 753.87 2.67 85 1.79 0
23:03 753.87 2.67 85 3.13 0
23:04 753.87 2.67 85 1.34 0
23:05 753.87 2.61 85 2.24 0
23:06 753.87 2.61 85 1.34 0
23:07 753.87 2.61 85 3.13 0
23:08 753.87 2.56 86 1.79 0
23:09 753.87 2.56 86 1.79 0
23:10 753.87 2.56 85 2.68 0
23:11 753.87 2.56 85 2.68 0
23:12 753.87 2.56 85 1.79 0
23:13 753.87 2.56 85 1.34 0
23:14 753.87 2.56 85 5.81 0
23:15 753.87 2.61 85 3.58 0
23:16 753.87 2.61 85 2.68 0
23:17 753.87 2.61 85 3.13 0
23:18 753.87 2.56 85 3.13 0
23:19 753.87 2.61 85 3.58 0
23:20 753.87 2.61 85 3.13 0
23:21 753.87 2.56 85 2.68 0
23:22 753.87 2.61 86 1.34 0
23:23 753.87 2.61 85 1.34 0
23:24 753.87 2.61 86 2.68 0
23:25 753.87 2.56 86 2.24 0
23:26 753.87 2.56 86 3.58 0
23:27 753.87 2.56 85 2.24 0
23:28 753.87 2.56 86 1.79 0
23:29 753.87 2.56 86 .89 0
23:30 753.87 2.5 85 1.79 0
23:31 753.87 2.5 85 3.58 0
23:32 753.87 2.5 85 3.58 0
23:33 753.87 2.56 85 2.68 0
23:34 753.87 2.5 85 2.24 0
23:35 753.87 2.5 85 .89 0
23:36 753.87 2.5 85 .89 0
23:37 753.87 2.44 86 .89 0
23:38 753.87 2.44 86 1.34 0
23:39 753.87 2.44 86 1.79 0
23:40 753.87 2.39 86 2.68 0
23:41 753.87 2.39 86 .89 0
23:42 753.87 2.39 86 1.34 0
23:43 753.87 2.39 86 .45 0
23:44 753.87 2.33 86 1.34 0
23:45 753.87 2.33 86 2.68 0
23:46 753.87 2.33 86 2.68 0
23:47 753.87 2.33 86 1.79 0
23:48 753.87 2.33 86 1.34 0
23:49 753.87 2.28 86 .89 0
23:50 753.87 2.28 86 2.68 0
23:51 753.87 2.28 86 1.79 0
23:52 753.87 2.28 86 2.68 0
23:53 753.87 2.28 86 1.79 0
23:54 753.87 2.28 86 2.68 0
23:55 753.87 2.28 86 1.79 0
23:56 753.87 2.28 86 2.24 0
23:57 753.87 2.28 86 .45 0
23:58 753.87 2.28 86 2.24 0
23:59 753.87 2.22 86 .45 0
