00:00 750.7 -.5 89 1.3 0
00:01 750.7 -.5 89 1.8 0
00:02 750.7 -.5 89 2.2 0
00:03 750.7 -.5 89 1.8 0
00:04 750.7 -.5 89 1.8 0
00:05 750.7 -.5 89 1.8 0
00:06 750.7 -.5 89 1.8 0
00:07 750.7 -.5 89 1.8 0
00:08 750.7 -.5 89 1.8 0
00:09 750.7 -.5 89 2.2 0
00:10 750.7 -.5 89 1.8 0
00:11 750.7 -.6 89 2.2 0
00:12 750.7 -.6 89 3.1 0
00:13 750.7 -.6 89 2.7 0
00:14 750.7 -.6 89 1.8 0
00:15 750.7 -.6 89 2.2 0
00:16 750.7 -.6 89 2.2 0
00:17 750.7 -.6 89 2.2 0
00:18 750.7 -.6 89 1.3 0
00:19 750.7 -.6 89 2.2 0
00:20 750.7 -.6 89 2.2 0
00:21 750.7 -.6 89 2.2 0
00:22 750.7 -.6 88 2.2 0
00:23 750.7 -.6 88 1.8 0
00:24 750.7 -.6 88 1.8 0
00:25 750.7 -.6 88 1.3 0
00:26 750.7 -.6 88 1.8 0
00:27 750.7 -.6 88 2.7 0
00:28 750.7 -.6 88 1.8 0
00:29 750.7 -.6 88 1.8 0
00:30 750.7 -.6 88 2.2 0
00:31 750.7 -.6 88 3.1 0
00:32 750.7 -.7 88 1.8 0
00:33 750.7 -.7 88 2.7 0
00:34 750.7 -.7 87 2.7 0
00:35 750.7 -.7 87 3.1 0
00:36 750.7 -.7 87 3.1 0
00:37 750.7 -.7 87 2.7 0
00:38 750.7 -.7 87 2.2 0
00:39 750.7 -.7 87 3.1 0
00:40 750.7 -.7 87 3.1 0
00:41 750.7 -.7 87 2.7 0
00:42 750.7 -.7 87 1.8 0
00:43 750.7 -.7 87 2.2 0
00:44 750.7 -.7 87 2.2 0
00:45 750.7 -.7 87 3.1 0
00:46 750.7 -.7 87 2.7 0
00:47 750.7 -.7 87 1.8 0
00:48 750.7 -.8 86 1.8 0
00:49 750.7 -.8 86 2.2 0
00:50 750.7 -.8 86 2.2 0
00:51 750.7 -.8 86 2.2 0
00:52 750.7 -.9 86 2.7 0
00:53 750.7 -.9 86 3.1 0
00:54 750.7 -.9 86 3.1 0
00:55 750.7 -.9 86 3.1 0
00:56 750.7 -.9 86 2.7 0
00:57 750.7 -.9 86 1.8 0
00:58 750.7 -.9 86 3.1 0
00:59 750.7 -1 86 2.7 0
01:00 750.7 -.9 86 2.2 0
01:01 750.7 -.9 86 2.7 0
01:02 750.7 -.9 86 3.1 0
01:03 750.7 -.9 85 2.7 0
01:04 750.7 -.9 85 2.2 0
01:05 750.7 -.9 85 2.7 0
01:06 750.7 -.9 85 1.8 0
01:07 750.7 -.9 85 2.2 0
01:08 750.7 -.9 84 1.8 0
01:09 750.7 -.9 84 2.7 0
01:10 750.7 -.9 84 2.7 0
01:11 750.7 -.9 84 2.2 0
01:12 750.7 -.9 83 3.6 0
01:13 750.7 -.9 83 3.6 0
01:14 750.7 -.9 83 2.2 0
01:15 750.7 -.9 82 2.2 0
01:16 750.7 -.9 83 2.2 0
01:17 750.7 -.9 82 3.1 0
01:18 750.7 -.9 82 2.2 0
01:19 750.7 -.9 82 2.2 0
01:20 750.7 -.9 82 2.2 0
01:21 750.7 -.9 82 2.2 0
01:22 750.7 -1 82 1.8 0
01:23 750.7 -1 82 3.6 0
01:24 750.7 -1 82 2.7 0
01:25 750.7 -1 81 3.1 0
01:26 750.7 -1 81 2.2 0
01:27 750.7 -1 81 2.2 0
01:28 750.7 -1 81 2.2 0
01:29 750.7 -1 81 4.9 0
01:30 750.7 -1 81 3.6 0
01:31 750.7 -1 81 3.1 0
01:32 750.7 -1 81 2.7 0
01:33 750.7 -1 81 2.2 0
01:34 750.7 -1 81 2.7 0
01:35 750.7 -1 81 2.7 0
01:36 750.7 -1 81 2.2 0
01:37 750.7 -1 81 2.2 0
01:38 750.7 -1 82 1.3 0
01:39 750.7 -1 82 2.7 0
01:40 750.7 -1 82 2.7 0
01:41 750.7 -1 82 2.7 0
01:42 750.7 -1 82 2.7 0
01:43 750.7 -1 82 2.2 0
01:44 750.7 -1 82 2.2 0
01:45 750.7 -1 82 2.2 0
01:46 750.7 -1 82 3.1 0
01:47 750.7 -1 82 4 0
01:48 750.7 -1 82 3.1 0
01:49 750.7 -1 82 2.2 0
01:50 750.7 -1 82 3.1 0
01:51 750.7 -1.1 81 3.1 0
01:52 750.7 -1.1 81 1.8 0
01:53 750.7 -1.1 82 2.2 0
01:54 750.7 -1.1 81 1.8 0
01:55 750.7 -1.1 82 2.2 0
01:56 750.7 -1.1 82 2.7 0
01:57 750.7 -1.1 82 1.8 0
01:58 750.7 -1.1 82 2.7 0
01:59 750.7 -1.1 82 2.7 0
02:00 750.6 -1.1 82 2.2 0
02:01 750.6 -1.1 82 2.2 0
02:02 750.6 -1.1 82 1.8 0
02:03 750.6 -1.1 82 1.3 0
02:04 750.6 -1.1 82 1.8 0
02:05 750.6 -1.1 82 1.8 0
02:06 750.6 -1.2 82 2.2 0
02:07 750.6 -1.2 82 1.8 0
02:08 750.6 -1.2 82 1.3 0
02:09 750.6 -1.2 82 1.8 0
02:10 750.6 -1.2 82 1.3 0
02:11 750.6 -1.2 82 1.8 0
02:12 750.6 -1.2 82 1.8 0
02:13 750.6 -1.2 82 .9 0
02:14 750.6 -1.2 82 1.3 0
02:15 750.6 -1.2 82 1.8 0
02:16 750.6 -1.2 82 1.8 0
02:17 750.6 -1.2 82 1.3 0
02:18 750.6 -1.2 82 1.8 0
02:19 750.6 -1.2 82 1.8 0
02:20 750.6 -1.2 82 1.3 0
02:21 750.6 -1.3 82 1.3 0
02:22 750.6 -1.3 82 1.3 0
02:23 750.6 -1.3 82 1.3 0
02:24 750.6 -1.3 83 1.3 0
02:25 750.6 -1.4 83 1.3 0
02:26 750.6 -1.4 83 1.8 0
02:27 750.6 -1.4 83 1.8 0
02:28 750.6 -1.4 83 1.8 0
02:29 750.6 -1.4 83 1.3 0
02:30 750.6 -1.4 83 .9 0
02:31 750.6 -1.4 83 1.3 0
02:32 750.6 -1.4 83 1.3 0
02:33 750.6 -1.4 83 1.3 0
02:34 750.6 -1.4 83 .9 0
02:35 750.6 -1.4 84 1.8 0
02:36 750.6 -1.4 84 1.3 0
02:37 750.6 -1.4 84 1.3 0
02:38 750.6 -1.6 84 1.3 0
02:39 750.6 -1.6 84 1.8 0
02:40 750.6 -1.6 84 1.8 0
02:41 750.6 -1.6 84 1.3 0
02:42 750.6 -1.6 84 1.8 0
02:43 750.6 -1.6 84 2.2 0
02:44 750.6 -1.6 84 2.2 0
02:45 750.6 -1.6 84 2.2 0
02:46 750.6 -1.6 84 1.8 0
02:47 750.6 -1.6 84 1.8 0
02:48 750.6 -1.6 85 1.8 0
02:49 750.6 -1.6 85 1.3 0
02:50 750.6 -1.6 85 1.8 0
02:51 750.6 -1.6 85 1.3 0
02:52 750.6 -1.6 85 1.8 0
02:53 750.6 -1.6 85 1.8 0
02:54 750.6 -1.6 85 1.3 0
02:55 750.6 -1.6 85 2.2 0
02:56 750.6 -1.6 85 1.8 0
02:57 750.6 -1.6 85 2.7 0
02:58 750.6 -1.6 85 3.1 0
02:59 750.6 -1.6 85 3.6 0
03:00 750.6 -1.6 85 2.7 0
03:01 750.6 -1.6 85 2.2 0
03:02 750.6 -1.6 85 1.8 0
03:03 750.6 -1.7 85 2.2 0
03:04 750.6 -1.7 85 2.7 0
03:05 750.6 -1.7 85 2.2 0
03:06 750.6 -1.7 85 2.2 0
03:07 750.6 -1.7 85 3.1 0
03:08 750.6 -1.8 85 2.7 0
03:09 750.6 -1.8 85 2.2 0
03:10 750.6 -1.8 85 2.2 0
03:11 750.6 -1.8 86 1.8 0
03:12 750.6 -1.9 86 1.8 0
03:13 750.6 -1.9 86 1.8 0
03:14 750.6 -1.9 86 1.8 0
03:15 750.5 -1.9 86 2.2 0
03:16 750.5 -1.9 86 1.8 0
03:17 750.5 -1.9 86 1.8 0
03:18 750.5 -1.9 86 2.2 0
03:19 750.5 -1.9 86 1.8 0
03:20 750.5 -1.9 86 1.3 0
03:21 750.5 -1.9 86 1.3 0
03:22 750.5 -1.9 86 1.8 0
03:23 750.5 -1.9 86 1.3 0
03:24 750.5 -2.1 86 1.8 0
03:25 750.5 -2.1 86 1.3 0
03:26 750.5 -2.1 86 1.3 0
03:27 750.5 -2.1 87 .9 0
03:28 750.5 -2.1 87 1.3 0
03:29 750.5 -2.1 87 1.8 0
03:30 750.5 -2.1 87 1.3 0
03:31 750.5 -2.1 87 1.3 0
03:32 750.5 -2.1 87 .9 0
03:33 750.5 -2.1 87 1.3 0
03:34 750.5 -2.1 87 .9 0
03:35 750.5 -2.1 87 .4 0
03:36 750.5 -2.1 87 1.3 0
03:37 750.5 -2.1 87 1.8 0
03:38 750.5 -2.2 87 1.3 0
03:39 750.5 -2.2 87 1.3 0
03:40 750.5 -2.2 87 .9 0
03:41 750.5 -2.2 87 .9 0
03:42 750.5 -2.2 87 1.3 0
03:43 750.5 -2.3 87 .9 0
03:44 750.5 -2.3 88 .9 0
03:45 750.6 -2.3 88 .9 0
03:46 750.6 -2.3 88 1.3 0
03:47 750.6 -2.3 88 .9 0
03:48 750.6 -2.3 88 .9 0
03:49 750.6 -2.4 88 .9 0
03:50 750.6 -2.4 88 .9 0
03:51 750.6 -2.4 88 .9 0
03:52 750.6 -2.4 88 1.3 0
03:53 750.6 -2.4 88 .9 0
03:54 750.6 -2.4 88 1.8 0
03:55 750.6 -2.4 88 1.3 0
03:56 750.6 -2.4 88 1.3 0
03:57 750.6 -2.4 88 1.3 0
03:58 750.6 -2.4 88 1.3 0
03:59 750.6 -2.4 88 1.3 0
04:00 750.6 -2.4 88 1.3 0
04:01 750.6 -2.4 88 1.3 0
04:02 750.6 -2.6 88 1.3 0
04:03 750.6 -2.6 88 1.3 0
04:04 750.6 -2.6 89 1.3 0
04:05 750.6 -2.6 89 1.3 0
04:06 750.6 -2.6 89 1.8 0
04:07 750.6 -2.6 89 1.8 0
04:08 750.6 -2.6 89 1.3 0
04:09 750.6 -2.6 89 1.8 0
04:10 750.6 -2.6 89 1.3 0
04:11 750.6 -2.6 89 1.8 0
04:12 750.6 -2.6 89 1.8 0
04:13 750.6 -2.6 89 2.2 0
04:14 750.6 -2.6 89 2.2 0
04:15 750.6 -2.6 89 2.2 0
04:16 750.6 -2.7 89 2.2 0
04:17 750.6 -2.7 89 2.2 0
04:18 750.6 -2.7 89 2.2 0
04:19 750.6 -2.7 89 2.2 0
04:20 750.6 -2.7 89 2.7 0
04:21 750.6 -2.7 89 1.8 0
04:22 750.6 -2.7 89 2.2 0
04:23 750.6 -2.7 89 2.7 0
04:24 750.6 -2.7 89 1.8 0
04:25 750.6 -2.7 89 2.7 0
04:26 750.6 -2.7 89 2.2 0
04:27 750.6 -2.7 89 2.7 0
04:28 750.6 -2.7 89 2.2 0
04:29 750.6 -2.7 89 2.2 0
04:30 750.7 -2.7 89 2.2 0
04:31 750.7 -2.8 89 2.2 0
04:32 750.7 -2.8 89 2.2 0
04:33 750.7 -2.8 90 1.8 0
04:34 750.7 -2.8 89 2.2 0
04:35 750.7 -2.8 90 2.2 0
04:36 750.7 -2.8 89 1.8 0
04:37 750.7 -2.8 89 2.2 0
04:38 750.7 -2.8 89 2.2 0
04:39 750.7 -2.8 90 2.7 0
04:40 750.7 -2.8 89 2.2 0
04:41 750.7 -2.8 89 2.2 0
04:42 750.7 -2.8 90 2.2 0
04:43 750.7 -2.9 90 2.2 0
04:44 750.7 -2.9 90 2.7 0
04:45 750.6 -2.9 90 2.2 0
04:46 750.6 -2.9 90 2.2 0
04:47 750.6 -2.9 90 1.8 0
04:48 750.6 -2.9 90 1.8 0
04:49 750.6 -2.9 90 1.8 0
04:50 750.6 -2.9 90 1.3 0
04:51 750.6 -2.9 90 1.8 0
04:52 750.6 -2.9 90 2.2 0
04:53 750.6 -2.9 90 1.8 0
04:54 750.6 -2.9 90 1.3 0
04:55 750.6 -2.9 90 1.8 0
04:56 750.6 -2.9 90 1.8 0
04:57 750.6 -2.9 90 1.3 0
04:58 750.6 -2.9 90 1.3 0
04:59 750.6 -2.9 90 1.8 0
05:00 750.7 -2.9 90 .9 0
05:01 750.7 -2.9 90 1.8 0
05:02 750.7 -2.9 90 1.3 0
05:03 750.7 -2.9 90 .9 0
05:04 750.7 -2.9 90 .9 0
05:05 750.7 -2.9 90 .9 0
05:06 750.7 -2.9 90 .9 0
05:07 750.7 -2.9 90 .9 0
05:08 750.7 -3.1 90 .9 0
05:09 750.7 -3.1 90 .9 0
05:10 750.7 -3.1 90 .4 0
05:11 750.7 -3.1 90 1.3 0
05:12 750.7 -3.1 90 .9 0
05:13 750.7 -3.1 90 .9 0
05:14 750.7 -3.1 90 .9 0
05:15 750.7 -3.1 90 .9 0
05:16 750.7 -3.1 90 .9 0
05:17 750.7 -3.1 90 .9 0
05:18 750.7 -3.1 90 .9 0
05:19 750.7 -3.1 90 .9 0
05:20 750.7 -3.1 90 .9 0
05:21 750.7 -3.1 90 1.3 0
05:22 750.7 -3.1 90 1.3 0
05:23 750.7 -3.1 90 1.3 0
05:24 750.7 -3.1 90 1.3 0
05:25 750.7 -3.1 90 .9 0
05:26 750.7 -3.1 90 .9 0
05:27 750.7 -3.1 90 1.3 0
05:28 750.7 -3.1 90 1.3 0
05:29 750.7 -3.1 90 1.3 0
05:30 750.7 -3.1 90 1.3 0
05:31 750.7 -3.1 90 .9 0
05:32 750.7 -3.1 90 .9 0
05:33 750.7 -3.2 90 .9 0
05:34 750.7 -3.2 90 .9 0
05:35 750.7 -3.2 90 1.3 0
05:36 750.7 -3.2 90 1.3 0
05:37 750.7 -3.2 90 .9 0
05:38 750.7 -3.2 90 1.3 0
05:39 750.7 -3.2 90 .9 0
05:40 750.7 -3.2 90 .9 0
05:41 750.7 -3.2 90 .4 0
05:42 750.7 -3.2 90 .9 0
05:43 750.7 -3.3 90 .9 0
05:44 750.7 -3.3 90 .9 0
05:45 750.7 -3.3 90 .9 0
05:46 750.7 -3.3 90 .9 0
05:47 750.7 -3.3 90 .9 0
05:48 750.7 -3.3 90 .9 0
05:49 750.7 -3.3 90 .9 0
05:50 750.7 -3.3 90 .4 0
05:51 750.7 -3.3 90 .9 0
05:52 750.7 -3.4 90 .9 0
05:53 750.7 -3.4 90 .4 0
05:54 750.7 -3.4 90 .4 0
05:55 750.7 -3.4 90 .9 0
05:56 750.7 -3.4 90 .9 0
05:57 750.7 -3.4 90 .9 0
05:58 750.7 -3.4 90 .9 0
05:59 750.7 -3.4 90 .9 0
06:00 750.7 -3.4 90 .9 0
06:01 750.7 -3.4 90 .9 0
06:02 750.7 -3.4 90 .9 0
06:03 750.7 -3.4 90 .9 0
06:04 750.7 -3.4 90 1.3 0
06:05 750.7 -3.4 90 1.3 0
06:06 750.7 -3.4 90 .9 0
06:07 750.7 -3.4 90 .9 0
06:08 750.7 -3.4 90 1.3 0
06:09 750.7 -3.5 90 .9 0
06:10 750.7 -3.5 90 .9 0
06:11 750.7 -3.5 90 1.3 0
06:12 750.7 -3.5 90 1.8 0
06:13 750.7 -3.5 90 1.8 0
06:14 750.7 -3.5 90 1.8 0
06:15 750.7 -3.5 90 1.3 0
06:16 750.7 -3.5 90 1.3 0
06:17 750.7 -3.5 90 1.8 0
06:18 750.7 -3.5 90 1.8 0
06:19 750.7 -3.5 90 1.8 0
06:20 750.7 -3.5 90 1.3 0
06:21 750.7 -3.5 90 .9 0
06:22 750.7 -3.6 90 1.3 0
06:23 750.7 -3.6 90 1.3 0
06:24 750.7 -3.6 90 1.3 0
06:25 750.7 -3.6 90 1.3 0
06:26 750.7 -3.6 90 1.3 0
06:27 750.7 -3.6 90 1.3 0
06:28 750.7 -3.6 90 1.8 0
06:29 750.7 -3.6 90 1.3 0
06:30 750.7 -3.6 90 1.3 0
06:31 750.7 -3.6 90 1.3 0
06:32 750.7 -3.6 90 1.8 0
06:33 750.7 -3.6 90 1.3 0
06:34 750.7 -3.6 90 1.8 0
06:35 750.7 -3.6 90 1.3 0
06:36 750.7 -3.6 90 1.3 0
06:37 750.7 -3.6 90 1.8 0
06:38 750.7 -3.6 90 1.3 0
06:39 750.7 -3.6 90 1.8 0
06:40 750.7 -3.7 90 1.8 0
06:41 750.7 -3.7 90 1.3 0
06:42 750.7 -3.7 90 1.3 0
06:43 750.7 -3.7 90 1.3 0
06:44 750.7 -3.7 90 1.3 0
06:45 750.7 -3.7 90 1.3 0
06:46 750.7 -3.7 90 1.3 0
06:47 750.7 -3.7 90 1.3 0
06:48 750.7 -3.7 90 1.3 0
06:49 750.7 -3.7 90 1.8 0
06:50 750.7 -3.7 90 1.8 0
06:51 750.7 -3.7 90 1.8 0
06:52 750.7 -3.7 90 1.3 0
06:53 750.7 -3.7 90 1.3 0
06:54 750.7 -3.7 90 1.3 0
06:55 750.7 -3.7 90 1.3 0
06:56 750.7 -3.7 90 1.3 0
06:57 750.7 -3.8 90 1.3 0
06:58 750.7 -3.8 90 1.8 0
06:59 750.7 -3.8 90 1.8 0
07:00 750.6 -3.8 90 1.3 0
07:01 750.6 -3.8 90 1.3 0
07:02 750.6 -3.8 90 1.3 0
07:03 750.6 -3.8 90 1.3 0
07:04 750.6 -3.8 90 1.3 0
07:05 750.6 -3.8 90 .9 0
07:06 750.6 -3.8 90 .9 0
07:07 750.6 -3.8 90 1.3 0
07:08 750.6 -3.8 90 .9 0
07:09 750.6 -3.8 90 .9 0
07:10 750.6 -3.8 90 .9 0
07:11 750.6 -3.8 90 .9 0
07:13 750.6 -3.8 90 .9 0
07:14 750.6 -3.8 90 .4 0
07:15 750.6 -3.8 90 .4 0
07:16 750.6 -3.8 90 .4 0
07:17 750.6 -3.8 90 .4 0
07:18 750.6 -3.8 90 .9 0
07:19 750.6 -3.8 90 .9 0
07:20 750.6 -3.8 90 0 0
07:21 750.6 -3.8 90 0 0
07:22 750.6 -3.8 90 0 0
07:23 750.6 -3.8 90 .4 0
07:24 750.6 -3.9 90 .9 0
07:25 750.6 -3.9 90 .9 0
07:26 750.6 -3.9 90 .4 0
07:27 750.6 -3.9 90 .9 0
07:28 750.6 -3.9 92 .9 0
07:29 750.6 -3.9 90 .9 0
07:30 750.6 -3.9 90 .9 0
07:31 750.6 -3.9 90 .9 0
07:32 750.6 -3.9 90 1.3 0
07:33 750.6 -3.9 90 1.3 0
07:34 750.6 -3.9 90 1.3 0
07:35 750.6 -3.9 90 1.3 0
07:36 750.6 -3.9 90 1.3 0
07:37 750.6 -3.9 90 1.3 0
07:38 750.6 -3.9 90 1.3 0
07:39 750.6 -3.9 90 1.3 0
07:40 750.6 -3.9 90 1.3 0
07:41 750.6 -3.9 90 1.3 0
07:42 750.6 -3.9 90 .9 0
07:43 750.6 -3.9 90 .9 0
07:44 750.6 -3.9 90 .9 0
07:45 750.6 -3.9 90 1.3 0
07:46 750.6 -3.9 90 1.3 0
07:47 750.6 -3.8 90 1.3 0
07:48 750.6 -3.8 90 1.3 0
07:49 750.6 -3.8 90 1.8 0
07:50 750.6 -3.8 90 1.3 0
07:51 750.6 -3.8 90 1.3 0
07:52 750.6 -3.8 90 1.3 0
07:53 750.6 -3.8 90 1.8 0
07:54 750.6 -3.8 90 1.8 0
07:55 750.6 -3.8 90 1.3 0
07:56 750.6 -3.8 90 1.3 0
07:57 750.6 -3.8 90 1.3 0
07:58 750.6 -3.8 90 1.8 0
07:59 750.6 -3.8 90 .9 0
08:00 750.6 -3.8 90 .9 0
08:01 750.6 -3.8 90 1.8 0
08:02 750.6 -3.8 90 1.8 0
08:03 750.6 -3.8 90 2.2 0
08:04 750.6 -3.7 90 1.8 0
08:05 750.6 -3.7 90 2.7 0
08:06 750.6 -3.7 90 2.2 0
08:07 750.6 -3.7 90 1.8 0
08:08 750.6 -3.7 90 1.8 0
08:09 750.6 -3.7 90 1.8 0
08:10 750.6 -3.7 90 1.8 0
08:11 750.6 -3.7 90 2.7 0
08:12 750.6 -3.6 90 2.7 0
08:13 750.6 -3.6 90 1.8 0
08:14 750.6 -3.6 90 2.7 0
08:15 750.6 -3.6 90 1.8 0
08:16 750.6 -3.5 90 2.2 0
08:17 750.6 -3.5 90 1.3 0
08:18 750.6 -3.5 90 1.3 0
08:19 750.6 -3.5 90 1.8 0
08:20 750.6 -3.5 90 1.3 0
08:21 750.6 -3.5 90 1.3 0
08:22 750.6 -3.5 89 .9 0
08:23 750.6 -3.5 90 1.3 0
08:24 750.6 -3.4 90 1.8 0
08:25 750.6 -3.4 90 2.2 0
08:26 750.6 -3.4 90 2.7 0
08:27 750.6 -3.4 90 2.7 0
08:28 750.6 -3.4 89 2.2 0
08:29 750.6 -3.4 89 1.8 0
08:30 750.6 -3.4 89 2.7 0
08:31 750.6 -3.4 89 1.8 0
08:32 750.6 -3.4 89 2.7 0
08:33 750.6 -3.4 89 2.2 0
08:34 750.6 -3.4 89 1.8 0
08:35 750.6 -3.4 89 1.8 0
08:36 750.6 -3.4 89 1.3 0
08:37 750.6 -3.4 89 3.6 0
08:38 750.6 -3.4 89 3.1 0
08:39 750.6 -3.4 89 2.7 0
08:40 750.6 -3.4 89 2.7 0
08:41 750.6 -3.4 89 1.8 0
08:42 750.6 -3.4 89 3.1 0
08:43 750.6 -3.4 89 3.6 0
08:44 750.6 -3.4 89 2.7 0
08:45 750.7 -3.4 89 2.2 0
08:46 750.7 -3.4 89 3.6 0
08:47 750.7 -3.5 89 2.2 0
08:48 750.7 -3.5 90 1.8 0
08:49 750.7 -3.5 90 3.1 0
08:50 750.7 -3.6 90 2.2 0
08:51 750.7 -3.6 90 2.7 0
08:52 750.7 -3.6 90 2.7 0
08:53 750.7 -3.6 90 2.2 0
08:54 750.7 -3.6 90 4.9 0
08:55 750.7 -3.7 90 4.5 0
08:56 750.7 -3.7 90 3.1 0
08:57 750.7 -3.7 90 2.2 0
08:58 750.7 -3.7 90 2.7 0
08:59 750.7 -3.7 90 3.6 0
09:00 750.7 -3.7 91 2.7 0
09:01 750.7 -3.7 91 3.1 0
09:02 750.7 -3.7 90 4 0
09:03 750.7 -3.8 91 4 0
09:04 750.7 -3.8 90 3.6 0
09:05 750.7 -3.8 91 4 0
09:06 750.7 -3.8 91 3.6 0
09:07 750.7 -3.8 91 4.9 0
09:08 750.7 -3.8 91 4.5 0
09:09 750.7 -3.8 91 3.1 0
09:10 750.7 -3.8 91 2.2 0
09:11 750.7 -3.8 91 2.2 0
09:12 750.7 -3.8 91 2.2 0
09:13 750.7 -3.7 91 .9 0
09:14 750.7 -3.7 91 2.2 0
09:15 750.8 -3.7 91 1.8 0
09:16 750.8 -3.7 91 1.8 0
09:17 750.8 -3.7 91 2.7 0
09:18 750.8 -3.6 91 2.2 0
09:19 750.8 -3.6 91 2.7 0
09:20 750.8 -3.6 91 3.1 0
09:21 750.8 -3.6 91 4.5 0
09:22 750.8 -3.6 91 4.5 0
09:23 750.8 -3.6 91 2.7 0
09:24 750.8 -3.6 91 2.7 0
09:25 750.8 -3.5 91 2.7 0
09:26 750.8 -3.5 91 2.7 0
09:27 750.8 -3.5 91 3.1 0
09:28 750.8 -3.5 91 2.2 0
09:29 750.8 -3.5 90 2.2 0
09:30 750.8 -3.5 90 1.8 0
09:31 750.8 -3.5 90 2.2 0
09:32 750.8 -3.4 91 1.8 0
09:33 750.8 -3.4 91 .9 0
09:34 750.8 -3.4 91 1.3 0
09:35 750.8 -3.4 90 4 0
09:36 750.8 -3.4 90 4.5 0
09:37 750.8 -3.4 90 3.6 0
09:38 750.8 -3.4 90 3.1 0
09:39 750.8 -3.4 90 2.2 0
09:40 750.8 -3.4 90 1.3 0
09:41 750.8 -3.3 90 1.8 0
09:42 750.8 -3.3 90 1.3 0
09:43 750.8 -3.3 90 1.8 0
09:44 750.8 -3.3 90 2.2 0
09:45 750.7 -3.2 90 2.2 0
09:46 750.7 -3.2 90 3.1 0
09:47 750.7 -3.2 89 2.2 0
09:48 750.7 -3.2 89 1.3 0
09:49 750.7 -3.2 89 2.2 0
09:50 750.7 -3.1 89 3.6 0
09:51 750.7 -3.2 89 3.6 0
09:52 750.7 -3.1 89 2.2 0
09:53 750.7 -3.1 89 1.8 0
09:54 750.7 -3.1 89 1.8 0
09:55 750.7 -3.1 89 1.8 0
09:56 750.7 -3.1 89 1.8 0
09:57 750.7 -3.1 89 1.8 0
09:58 750.7 -3.1 89 1.3 0
09:59 750.7 -2.9 89 1.3 0
10:00 750.7 -2.9 89 3.1 0
10:01 750.7 -2.9 88 3.6 0
10:02 750.7 -2.9 88 3.1 0
10:03 750.7 -2.9 88 2.7 0
10:04 750.7 -2.9 88 1.8 0
10:05 750.7 -2.9 88 1.3 0
10:06 750.7 -2.9 88 2.2 0
10:07 750.7 -2.9 88 1.3 0
10:08 750.7 -2.9 88 1.8 0
10:09 750.7 -2.8 88 2.7 0
10:10 750.7 -2.8 88 2.7 0
10:11 750.7 -2.8 88 2.7 0
10:12 750.7 -2.8 88 2.7 0
10:13 750.7 -2.7 88 1.8 0
10:14 750.7 -2.7 88 1.8 0
10:15 750.7 -2.7 88 1.8 0
10:16 750.7 -2.6 88 1.8 0
10:17 750.7 -2.6 88 1.3 0
10:18 750.7 -2.6 88 1.3 0
10:19 750.7 -2.6 88 .9 0
10:20 750.7 -2.6 88 .9 0
10:21 750.7 -2.6 87 .4 0
10:22 750.7 -2.4 88 .4 0
10:23 750.7 -2.4 88 1.3 0
10:24 750.7 -2.4 87 2.2 0
10:25 750.7 -2.4 87 1.8 0
10:26 750.7 -2.4 87 1.8 0
10:27 750.7 -2.4 87 2.7 0
10:28 750.7 -2.4 87 2.2 0
10:29 750.7 -2.4 87 1.8 0
10:30 750.7 -2.4 87 .9 0
10:31 750.7 -2.3 87 1.8 0
10:32 750.7 -2.3 87 1.8 0
10:33 750.7 -2.3 86 1.3 0
10:34 750.7 -2.2 87 2.2 0
10:35 750.7 -2.2 86 3.1 0
10:36 750.7 -2.2 86 3.6 0
10:37 750.7 -2.1 86 2.2 0
10:38 750.7 -2.1 86 1.8 0
10:39 750.7 -2.1 86 2.2 0
10:40 750.7 -2.1 86 1.8 0
10:41 750.7 -1.9 86 1.3 0
10:42 750.7 -1.9 86 1.8 0
10:43 750.7 -1.9 85 2.2 0
10:44 750.7 -1.8 85 3.1 0
10:45 750.7 -1.7 85 3.1 0
10:46 750.7 -1.7 84 4 0
10:47 750.7 -1.6 84 4 0
10:48 750.7 -1.6 84 3.1 0
10:49 750.7 -1.6 84 3.1 0
10:50 750.7 -1.4 83 1.8 0
10:51 750.7 -1.4 84 2.2 0
10:52 750.7 -1.4 83 2.7 0
10:53 750.7 -1.3 83 4 0
10:54 750.7 -1.3 82 2.2 0
10:55 750.7 -1.3 82 2.2 0
10:56 750.7 -1.2 82 2.7 0
10:57 750.7 -1.2 82 4 0
10:58 750.7 -1.1 82 3.6 0
10:59 750.7 -1 82 1.8 0
11:00 750.7 -.9 81 2.2 0
11:01 750.7 -.9 81 3.6 0
11:02 750.7 -.9 80 2.2 0
11:03 750.7 -.9 80 2.2 0
11:04 750.7 -.9 80 3.6 0
11:05 750.7 -.9 79 1.8 0
11:06 750.7 -.9 80 1.8 0
11:07 750.7 -.8 80 4 0
11:08 750.7 -.8 80 2.2 0
11:09 750.7 -.7 80 1.8 0
11:10 750.7 -.7 80 3.6 0
11:11 750.7 -.7 79 4 0
11:12 750.7 -.7 79 3.1 0
11:13 750.7 -.7 79 2.7 0
11:14 750.7 -.7 78 2.7 0
11:15 750.6 -.7 78 2.2 0
11:16 750.6 -.7 79 4 0
11:17 750.6 -.7 78 4.5 0
11:18 750.6 -.7 78 2.2 0
11:19 750.6 -.7 78 2.7 0
11:20 750.6 -.7 78 2.2 0
11:21 750.6 -.7 78 1.8 0
11:22 750.6 -.6 78 1.8 0
11:23 750.6 -.6 78 3.1 0
11:24 750.6 -.6 78 2.7 0
11:25 750.6 -.5 78 1.8 0
11:26 750.6 -.4 79 1.8 0
11:27 750.6 -.3 77 2.2 0
11:28 750.6 -.3 77 1.8 0
11:29 750.6 -.2 77 1.8 0
11:30 750.5 -.2 77 1.8 0
11:31 750.5 -.2 78 1.8 0
11:32 750.5 -.1 77 1.3 0
11:33 750.5 0 78 1.3 0
11:34 750.5 .2 78 .9 0
11:35 750.5 .2 76 1.8 0
11:36 750.5 .2 76 1.8 0
11:37 750.5 .2 76 2.2 0
11:38 750.5 .2 76 2.7 0
11:39 750.5 .1 75 2.7 0
11:40 750.5 .1 74 1.8 0
11:41 750.5 .1 75 1.3 0
11:42 750.5 .1 75 1.3 0
11:43 750.5 .1 75 1.8 0
11:44 750.5 .1 75 4 0
11:45 750.4 .1 73 3.6 0
11:46 750.4 .1 74 3.1 0
11:47 750.4 .1 73 3.1 0
11:48 750.4 .1 73 4 0
11:49 750.4 .2 77 4.5 0
11:50 750.4 .2 73 2.7 0
11:51 750.4 .2 73 1.8 0
11:52 750.4 .3 73 2.2 0
11:53 750.4 .3 73 2.7 0
11:54 750.4 .3 73 3.1 0
11:55 750.4 .3 71 2.7 0
11:56 750.4 .3 71 4 0
11:57 750.4 .3 71 2.2 0
11:58 750.4 .3 72 4 0
11:59 750.4 .3 71 4 0
12:00 750.3 .4 72 2.7 0
12:01 750.3 .4 70 4 0
12:02 750.3 .4 70 3.6 0
12:03 750.3 .4 70 2.7 0
12:04 750.3 .4 70 2.2 0
12:05 750.3 .5 70 1.8 0
12:06 750.3 .5 70 1.8 0
12:07 750.3 .5 70 2.7 0
12:08 750.3 .6 70 3.6 0
12:09 750.3 .6 69 3.1 0
12:10 750.3 .6 69 2.7 0
12:11 750.3 .6 69 3.1 0
12:12 750.3 .7 69 3.6 0
12:13 750.3 .7 68 3.6 0
12:14 750.3 .7 69 4 0
12:15 750.3 .7 68 3.1 0
12:16 750.3 .7 68 2.2 0
12:17 750.3 .7 69 3.1 0
12:18 750.3 .7 68 3.1 0
12:19 750.3 .7 67 4.5 0
12:20 750.3 .7 67 4.9 0
12:21 750.3 .7 66 5.8 0
12:22 750.3 .7 66 6.3 0
12:23 750.3 .7 66 4.5 0
12:24 750.3 .7 65 4.9 0
12:25 750.3 .7 65 4 0
12:26 750.3 .7 66 5.4 0
12:27 750.3 .7 65 5.4 0
12:28 750.3 .7 65 4.5 0
12:29 750.3 .7 66 3.6 0
12:30 750.3 .7 66 2.2 0
12:31 750.3 .7 65 4.5 0
12:32 750.3 .7 65 3.1 0
12:33 750.3 .7 65 2.7 0
12:34 750.3 .7 65 3.1 0
12:35 750.3 .7 65 2.2 0
12:36 750.3 .7 65 3.1 0
12:37 750.3 .7 65 2.7 0
12:38 750.3 .7 66 2.7 0
12:39 750.3 .8 66 1.8 0
12:40 750.3 .9 68 1.8 0
12:41 750.3 1 67 1.8 0
12:42 750.3 1 66 2.2 0
12:43 750.3 1.1 66 2.2 0
12:44 750.3 1.1 66 2.7 0
12:45 750.2 1.1 66 2.7 0
12:46 750.2 1.1 65 2.7 0
12:47 750.2 1.1 66 2.2 0
12:48 750.2 1.1 66 2.2 0
12:49 750.2 1.1 66 1.3 0
12:50 750.2 1.2 66 1.3 0
12:51 750.2 1.2 65 2.2 0
12:52 750.2 1.2 65 2.7 0
12:53 750.2 1.2 65 2.7 0
12:54 750.2 1.2 65 1.8 0
12:55 750.2 1.2 65 1.3 0
12:56 750.2 1.2 65 1.8 0
12:57 750.2 1.2 65 2.2 0
12:58 750.2 1.2 64 1.3 0
12:59 750.2 1.2 64 1.8 0
13:00 750.2 1.3 64 2.7 0
13:01 750.2 1.4 64 1.8 0
13:02 750.2 1.5 64 1.8 0
13:03 750.2 1.7 64 2.2 0
13:04 750.2 1.8 63 2.2 0
13:05 750.2 1.9 63 1.3 0
13:06 750.2 2 64 3.1 0
13:07 750.2 2 61 3.1 0
13:08 750.2 2 62 4.5 0
13:09 750.2 1.9 61 4.9 0
13:10 750.2 1.8 61 4.5 0
13:11 750.2 1.7 60 3.6 0
13:12 750.2 1.7 60 3.1 0
13:13 750.2 1.7 61 1.8 0
13:14 750.2 1.7 62 3.6 0
13:15 750.1 1.7 60 4.9 0
13:16 750.1 1.7 59 5.4 0
13:17 750.1 1.6 59 5.4 0
13:18 750.1 1.6 60 5.8 0
13:19 750.1 1.6 60 4.9 0
13:20 750.1 1.6 61 5.4 0
13:21 750.1 1.5 60 4.5 0
13:22 750.1 1.5 61 3.6 0
13:23 750.1 1.5 61 3.1 0
13:24 750.1 1.4 57 3.1 0
13:25 750.1 1.4 61 4 0
13:26 750.1 1.4 61 3.6 0
13:27 750.1 1.4 61 2.7 0
13:28 750.1 1.4 61 2.7 0
13:29 750.1 1.5 61 2.7 0
13:30 750 1.5 61 2.7 0
13:31 750 1.5 61 4 0
13:32 750 1.5 60 4.5 0
13:33 750 1.4 60 4.5 0
13:34 750 1.5 61 3.1 0
13:35 750 1.5 61 4.5 0
13:36 750 1.5 60 4.5 0
13:37 750 1.5 60 3.6 0
13:38 750 1.5 60 4.5 0
13:39 750 1.5 61 4 0
13:40 750 1.6 59 2.7 0
13:41 750 1.6 60 1.8 0
13:42 750 1.6 60 2.2 0
13:43 750 1.7 60 3.1 0
13:44 750 1.7 60 2.7 0
13:45 749.9 1.7 60 3.6 0
13:46 749.9 1.7 59 3.6 0
13:47 749.9 1.7 59 4.9 0
13:48 749.9 1.7 60 4 0
13:49 749.9 1.7 60 4 0
13:50 749.9 1.7 60 4 0
13:51 749.9 1.7 59 4 0
13:52 749.9 1.7 59 4.9 0
13:53 749.9 1.7 59 3.1 0
13:54 749.9 1.8 60 2.2 0
13:55 749.9 1.9 60 2.2 0
13:56 749.9 2 60 1.8 0
13:57 749.9 2.1 59 2.7 0
13:58 749.9 2.1 59 3.6 0
13:59 749.9 2.2 59 4.5 0
14:00 749.8 2.2 59 4 0
14:01 749.8 2.2 58 4 0
14:02 749.8 2.3 56 4 0
14:03 749.8 2.3 57 4 0
14:04 749.8 2.3 56 2.2 0
14:05 749.8 2.4 57 2.2 0
14:06 749.8 2.4 57 2.7 0
14:07 749.8 2.4 57 3.1 0
14:08 749.8 2.4 57 3.1 0
14:09 749.8 2.4 58 3.1 0
14:10 749.8 2.4 58 2.7 0
14:11 749.8 2.4 58 2.7 0
14:12 749.8 2.4 58 3.1 0
14:13 749.8 2.4 57 4 0
14:14 749.8 2.4 58 2.7 0
14:15 749.8 2.4 58 2.7 0
14:16 749.8 2.4 58 3.6 0
14:17 749.8 2.4 59 4.9 0
14:18 749.8 2.4 58 4.9 0
14:19 749.8 2.4 57 5.8 0
14:20 749.8 2.4 58 5.4 0
14:21 749.8 2.4 57 5.4 0
14:22 749.8 2.3 58 6.3 0
14:23 749.8 2.2 57 5.8 0
14:24 749.8 2.2 57 4.9 0
14:25 749.8 2.2 58 4 0
14:26 749.8 2.2 58 4.5 0
14:27 749.8 2.2 58 3.1 0
14:28 749.8 2.1 57 4.5 0
14:29 749.8 2.1 58 2.7 0
14:30 749.8 2.1 58 2.2 0
14:31 749.8 2.1 59 1.8 0
14:32 749.8 2.1 59 2.2 0
14:33 749.8 2 59 1.8 0
14:34 749.8 2 59 1.3 0
14:35 749.8 2 59 1.3 0
14:36 749.8 2 59 1.3 0
14:37 749.8 2 59 2.2 0
14:38 749.8 2 59 1.8 0
14:39 749.8 2 59 4.5 0
14:40 749.8 2 58 3.1 0
14:41 749.8 2 58 3.6 0
14:42 749.8 2 58 3.1 0
14:43 749.8 2.1 58 3.1 0
14:44 749.8 2.1 58 2.7 0
14:45 749.7 2.2 59 1.8 0
14:46 749.7 2.2 59 2.7 0
14:47 749.7 2.3 59 4.9 0
14:48 749.7 2.3 58 4 0
14:49 749.7 2.3 57 4.5 0
14:50 749.7 2.3 57 4 0
14:51 749.7 2.3 58 3.6 0
14:52 749.7 2.3 58 3.6 0
14:53 749.7 2.3 58 2.7 0
14:54 749.7 2.3 58 3.6 0
14:55 749.7 2.3 58 2.2 0
14:56 749.7 2.3 58 3.1 0
14:57 749.7 2.3 57 5.4 0
14:58 749.7 2.3 57 4.9 0
14:59 749.7 2.3 57 4.5 0
15:00 749.6 2.3 57 4.5 0
15:01 749.6 2.3 56 4.5 0
15:02 749.6 2.3 56 4.5 0
15:03 749.6 2.3 57 3.6 0
15:04 749.6 2.3 57 2.2 0
15:05 749.6 2.3 57 3.1 0
15:06 749.6 2.3 58 2.7 0
15:07 749.6 2.4 58 2.7 0
15:08 749.6 2.4 58 3.1 0
15:09 749.6 2.4 57 1.8 0
15:10 749.6 2.4 58 2.2 0
15:11 749.6 2.4 56 2.7 0
15:12 749.6 2.6 57 3.1 0
15:13 749.6 2.6 55 6.3 0
15:14 749.6 2.6 55 5.8 0
15:15 749.5 2.6 54 5.8 0
15:16 749.5 2.6 54 5.4 0
15:17 749.5 2.4 55 5.8 0
15:18 749.5 2.4 55 6.3 0
15:19 749.5 2.4 55 4 0
15:20 749.5 2.4 56 5.8 0
15:21 749.5 2.3 55 5.4 0
15:22 749.5 2.3 55 5.4 0
15:23 749.5 2.2 55 4.5 0
15:24 749.5 2.2 56 5.4 0
15:25 749.5 2.2 56 4.9 0
15:26 749.5 2.1 56 3.6 0
15:27 749.5 2.1 56 4.5 0
15:28 749.5 2.1 56 4.9 0
15:29 749.5 2.1 57 2.7 0
15:30 749.5 2 57 2.2 0
15:31 749.5 2 57 1.8 0
15:32 749.5 2 57 3.1 0
15:33 749.5 2 58 4 0
15:34 749.5 2 57 2.7 0
15:35 749.5 1.9 58 2.2 0
15:36 749.5 1.9 58 2.2 0
15:37 749.5 1.9 58 3.6 0
15:38 749.5 1.9 58 4.5 0
15:39 749.5 1.9 58 5.4 0
15:40 749.5 1.9 58 4.9 0
15:41 749.5 1.9 58 4 0
15:42 749.5 1.9 58 2.2 0
15:43 749.5 1.9 59 2.2 0
15:44 749.5 1.9 59 3.1 0
15:45 749.5 1.9 59 2.7 0
15:46 749.5 1.9 59 2.7 0
15:47 749.5 1.8 59 2.2 0
15:48 749.5 1.8 59 2.2 0
15:49 749.5 1.8 59 1.8 0
15:50 749.5 1.8 59 3.1 0
15:51 749.5 1.8 59 2.2 0
15:52 749.5 1.8 60 3.6 0
15:53 749.5 1.8 59 3.1 0
15:54 749.5 1.8 59 2.7 0
15:55 749.5 1.8 60 2.7 0
15:56 749.5 1.8 59 2.2 0
15:57 749.5 1.8 60 1.8 0
15:58 749.5 1.8 59 2.2 0
15:59 749.5 1.8 59 2.7 0
16:00 749.5 1.8 59 2.7 0
16:01 749.5 1.8 59 3.1 0
16:02 749.5 1.8 59 2.7 0
16:03 749.5 1.8 59 1.8 0
16:04 749.5 1.9 59 2.7 0
16:05 749.5 1.9 59 2.7 0
16:06 749.5 1.9 59 1.8 0
16:07 749.5 1.9 59 2.2 0
16:08 749.5 1.9 59 2.7 0
16:09 749.5 1.9 56 3.6 0
16:10 749.5 1.9 58 4 0
16:11 749.5 1.9 58 3.6 0
16:12 749.5 1.8 58 3.1 0
16:13 749.5 1.8 58 3.6 0
16:14 749.5 1.8 58 3.1 0
16:15 749.5 1.8 58 3.1 0
16:16 749.5 1.8 58 2.2 0
16:17 749.5 1.8 58 2.2 0
16:18 749.5 1.7 58 4.5 0
16:19 749.5 1.7 58 4.5 0
16:20 749.5 1.7 57 4 0
16:21 749.5 1.8 57 4.9 0
16:22 749.5 1.8 57 4.9 0
16:23 749.5 1.8 57 3.6 0
16:24 749.5 1.7 57 3.6 0
16:25 749.5 1.7 57 3.1 0
16:26 749.5 1.7 57 2.7 0
16:27 749.5 1.7 58 3.1 0
16:28 749.5 1.7 58 2.7 0
16:29 749.5 1.7 57 2.2 0
16:30 749.5 1.7 57 4 0
16:31 749.5 1.7 57 2.2 0
16:32 749.5 1.7 57 2.2 0
16:33 749.5 1.7 57 2.7 0
16:34 749.5 1.7 55 4 0
16:35 749.5 1.7 55 3.6 0
16:36 749.5 1.7 56 3.6 0
16:37 749.5 1.7 55 3.6 0
16:38 749.5 1.7 55 4 0
16:39 749.5 1.7 55 4.9 0
16:40 749.5 1.7 55 2.7 0
16:41 749.5 1.7 55 3.1 0
16:42 749.5 1.7 55 3.6 0
16:43 749.5 1.7 55 3.6 0
16:44 749.5 1.8 55 3.6 0
16:45 749.5 1.8 55 3.1 0
16:46 749.5 1.8 55 4 0
16:47 749.5 1.8 55 4.5 0
16:48 749.5 1.8 55 4 0
16:49 749.5 1.8 55 3.6 0
16:50 749.5 1.9 55 2.7 0
16:51 749.5 1.9 55 4.5 0
16:52 749.5 1.9 54 5.4 0
16:53 749.5 1.9 54 3.6 0
16:54 749.5 1.9 54 4 0
16:55 749.5 1.9 54 4 0
16:56 749.5 1.8 54 3.6 0
16:57 749.5 1.8 55 3.1 0
16:58 749.5 1.8 54 4.9 0
16:59 749.5 1.8 53 4.5 0
17:00 749.5 1.8 53 3.1 0
17:01 749.5 1.8 53 4 0
17:02 749.5 1.8 53 2.7 0
17:03 749.5 1.7 53 3.6 0
17:04 749.5 1.7 53 4 0
17:05 749.5 1.7 53 4 0
17:06 749.5 1.7 54 3.6 0
17:07 749.5 1.7 54 2.2 0
17:08 749.5 1.7 54 2.2 0
17:09 749.5 1.7 54 2.7 0
17:10 749.5 1.7 54 2.2 0
17:11 749.5 1.7 54 1.8 0
17:12 749.5 1.7 55 3.1 0
17:13 749.5 1.7 54 4.9 0
17:14 749.5 1.7 54 4.5 0
17:15 749.5 1.7 54 4 0
17:16 749.5 1.7 54 5.4 0
17:17 749.5 1.7 54 4 0
17:18 749.5 1.7 54 1.8 0
17:19 749.5 1.7 55 2.2 0
17:20 749.5 1.6 54 2.7 0
17:21 749.5 1.6 54 2.2 0
17:22 749.5 1.6 55 2.2 0
17:23 749.5 1.6 55 2.7 0
17:24 749.5 1.6 55 3.1 0
17:25 749.5 1.6 55 2.7 0
17:26 749.5 1.6 55 3.1 0
17:27 749.5 1.6 55 3.1 0
17:28 749.5 1.6 55 3.1 0
17:29 749.5 1.6 55 2.7 0
17:30 749.4 1.6 55 3.1 0
17:31 749.4 1.6 55 1.8 0
17:32 749.4 1.6 56 2.2 0
17:33 749.4 1.6 56 2.7 0
17:34 749.4 1.6 56 2.7 0
17:35 749.4 1.6 56 1.8 0
17:36 749.4 1.5 57 1.8 0
17:37 749.4 1.5 57 2.7 0
17:38 749.4 1.5 57 2.2 0
17:39 749.4 1.5 57 2.7 0
17:40 749.4 1.5 57 3.1 0
17:41 749.4 1.4 57 2.7 0
17:42 749.4 1.4 57 3.1 0
17:43 749.4 1.4 57 3.1 0
17:44 749.4 1.4 56 4.5 0
17:45 749.4 1.4 56 3.6 0
17:46 749.4 1.4 56 3.6 0
17:47 749.4 1.4 56 3.1 0
17:48 749.4 1.3 57 2.2 0
17:49 749.4 1.3 57 2.2 0
17:50 749.4 1.3 57 1.8 0
17:51 749.4 1.2 57 3.1 0
17:52 749.4 1.2 57 2.7 0
17:53 749.4 1.2 57 2.2 0
17:54 749.4 1.2 57 2.2 0
17:55 749.4 1.2 57 1.8 0
17:56 749.4 1.2 57 2.7 0
17:57 749.4 1.2 58 2.7 0
17:58 749.4 1.2 56 2.7 0
17:59 749.4 1.2 58 2.2 0
18:00 749.4 1.2 58 1.8 0
18:01 749.4 1.2 58 1.8 0
18:02 749.4 1.2 58 1.8 0
18:03 749.4 1.2 59 1.3 0
18:04 749.4 1.1 59 1.3 0
18:05 749.4 1.1 59 1.3 0
18:06 749.4 1.1 59 1.3 0
18:07 749.4 1.1 59 2.2 0
18:08 749.4 1 59 .9 0
18:09 749.4 1 59 2.2 0
18:10 749.4 1 59 2.2 0
18:11 749.4 1 59 2.2 0
18:12 749.4 .9 59 2.2 0
18:13 749.4 .9 59 2.2 0
18:14 749.4 .9 59 1.8 0
18:15 749.4 .8 59 1.8 0
18:16 749.4 .8 59 1.8 0
18:17 749.4 .8 59 1.8 0
18:18 749.4 .7 59 1.3 0
18:19 749.4 .7 59 1.3 0
18:20 749.4 .7 60 2.2 0
18:21 749.4 .7 60 1.8 0
18:22 749.4 .7 60 2.2 0
18:23 749.4 .7 60 1.8 0
18:24 749.4 .7 60 1.8 0
18:25 749.4 .7 60 1.8 0
18:26 749.4 .7 60 2.2 0
18:27 749.4 .7 60 2.2 0
18:28 749.4 .7 61 1.8 0
18:29 749.4 .7 61 1.8 0
18:30 749.3 .6 61 1.8 0
18:31 749.3 .6 61 1.3 0
18:32 749.3 .6 61 2.2 0
18:33 749.3 .6 61 2.2 0
18:34 749.3 .6 61 2.2 0
18:35 749.3 .6 61 2.2 0
18:36 749.3 .6 62 1.8 0
18:37 749.3 .5 62 2.2 0
18:38 749.3 .5 62 2.2 0
18:39 749.3 .5 62 2.7 0
18:40 749.3 .5 62 2.7 0
18:41 749.3 .5 62 2.7 0
18:42 749.3 .5 62 2.2 0
18:43 749.3 .5 62 2.2 0
18:44 749.3 .5 62 2.2 0
18:45 749.3 .5 62 1.8 0
18:46 749.3 .4 62 2.7 0
18:47 749.3 .4 62 2.2 0
18:48 749.3 .4 62 1.8 0
18:49 749.3 .4 62 1.8 0
18:50 749.3 .4 62 2.2 0
18:51 749.3 .4 62 1.8 0
18:52 749.3 .4 62 1.3 0
18:53 749.3 .4 63 1.3 0
18:54 749.3 .4 63 1.8 0
18:55 749.3 .3 63 1.8 0
18:56 749.3 .3 63 1.8 0
18:57 749.3 .3 63 2.2 0
18:58 749.3 .3 63 1.8 0
18:59 749.3 .3 63 1.8 0
19:00 749.3 .3 63 2.7 0
19:01 749.3 .3 63 2.2 0
19:02 749.3 .3 63 1.8 0
19:03 749.3 .3 63 2.2 0
19:04 749.3 .3 63 1.8 0
19:05 749.3 .3 63 1.8 0
19:06 749.3 .3 63 1.3 0
19:07 749.3 .3 63 1.8 0
19:08 749.3 .3 64 1.3 0
19:09 749.3 .3 63 1.3 0
19:10 749.3 .3 64 1.3 0
19:11 749.3 .3 64 1.8 0
19:12 749.3 .3 64 1.3 0
19:13 749.3 .3 64 1.8 0
19:14 749.3 .3 64 1.8 0
19:15 749.3 .2 64 1.3 0
19:16 749.3 .2 64 1.3 0
19:17 749.3 .2 64 1.3 0
19:18 749.3 .2 64 1.8 0
19:19 749.3 .2 64 1.3 0
19:20 749.3 .2 64 1.8 0
19:21 749.3 .2 64 1.8 0
19:22 749.3 .2 64 1.3 0
19:23 749.3 .2 64 1.8 0
19:24 749.3 .2 65 1.3 0
19:25 749.3 .2 64 1.3 0
19:26 749.3 .2 64 1.8 0
19:27 749.3 .2 64 1.8 0
19:28 749.3 .2 65 1.3 0
19:29 749.3 .2 65 1.3 0
19:30 749.4 .2 65 1.8 0
19:31 749.4 .2 65 1.8 0
19:32 749.4 .2 65 1.3 0
19:33 749.4 .2 65 1.3 0
19:34 749.4 .2 65 .9 0
19:35 749.4 .2 65 1.3 0
19:36 749.4 .1 65 1.8 0
19:37 749.4 .1 65 1.3 0
19:38 749.4 .1 65 1.3 0
19:39 749.4 .1 65 1.8 0
19:40 749.4 .1 66 1.3 0
19:41 749.4 .1 66 1.8 0
19:42 749.4 .1 66 1.8 0
19:43 749.4 .1 66 1.8 0
19:44 749.4 .1 66 1.8 0
19:45 749.3 .1 66 2.2 0
19:46 749.3 .1 65 1.8 0
19:47 749.3 .1 66 1.8 0
19:48 749.3 .2 66 1.8 0
19:49 749.3 .2 66 1.8 0
19:50 749.3 .2 66 2.7 0
19:51 749.3 .2 66 2.2 0
19:52 749.3 .2 66 2.2 0
19:53 749.3 .2 66 2.2 0
19:54 749.3 .2 65 2.2 0
19:55 749.3 .2 65 1.8 0
19:56 749.3 .2 65 2.2 0
19:57 749.3 .3 65 2.2 0
19:58 749.3 .3 65 1.8 0
19:59 749.3 .3 65 2.7 0
20:00 749.3 .3 66 1.8 0
20:01 749.3 .3 66 2.7 0
20:02 749.3 .3 65 2.2 0
20:03 749.3 .3 65 2.2 0
20:04 749.3 .3 66 1.8 0
20:05 749.3 .3 65 2.2 0
20:06 749.3 .3 65 1.8 0
20:07 749.3 .3 66 2.2 0
20:08 749.3 .3 66 1.8 0
20:09 749.3 .3 66 1.3 0
20:10 749.3 .3 66 1.3 0
20:11 749.3 .3 66 1.8 0
20:12 749.3 .3 66 2.2 0
20:13 749.3 .3 66 .9 0
20:14 749.3 .3 66 .9 0
20:15 749.1 .3 66 .9 0
20:16 749.1 .2 66 .9 0
20:17 749.1 .2 67 .4 0
20:18 749.1 .2 67 .9 0
20:19 749.1 .2 67 1.3 0
20:20 749.1 .2 67 1.8 0
20:21 749.1 .3 66 1.8 0
20:22 749.1 .3 66 1.8 0
20:23 749.1 .3 66 1.3 0
20:24 749.1 .3 66 .9 0
20:25 749.1 .3 67 .9 0
20:26 749.1 .3 67 1.3 0
20:27 749.1 .3 66 1.8 0
20:28 749.1 .3 67 1.8 0
20:29 749.1 .3 67 1.8 0
20:30 749.1 .3 66 2.2 0
20:31 749.1 .3 66 2.2 0
20:32 749.1 .3 66 2.7 0
20:33 749.1 .3 66 2.7 0
20:34 749.1 .3 66 2.7 0
20:35 749.1 .3 66 2.2 0
20:36 749.1 .3 66 2.7 0
20:37 749.1 .3 66 1.8 0
20:38 749.1 .3 66 2.7 0
20:39 749.1 .3 66 3.6 0
20:40 749.1 .4 65 3.6 0
20:41 749.1 .4 65 2.7 0
20:42 749.1 .4 65 1.8 0
20:43 749.1 .4 66 2.2 0
20:44 749.1 .4 65 2.7 0
20:45 749.1 .4 65 2.7 0
20:46 749.1 .4 65 2.7 0
20:47 749.1 .4 65 2.2 0
20:48 749.1 .4 64 3.1 0
20:49 749.1 .5 64 3.6 0
20:50 749.1 .5 64 2.7 0
20:51 749.1 .5 64 2.7 0
20:52 749.1 .5 64 3.6 0
20:53 749.1 .5 64 3.1 0
20:54 749.1 .5 64 2.7 0
20:55 749.1 .5 63 3.1 0
20:56 749.1 .5 64 3.1 0
20:57 749.1 .5 63 3.1 0
20:58 749.1 .4 63 2.7 0
20:59 749.1 .4 63 2.7 0
21:00 749 .4 64 2.2 0
21:01 749 .4 64 2.7 0
21:02 749 .4 64 2.7 0
21:03 749 .4 64 2.2 0
21:04 749 .4 64 3.1 0
21:05 749 .4 64 2.7 0
21:06 749 .4 64 2.2 0
21:07 749 .3 64 1.8 0
21:08 749 .3 64 2.7 0
21:09 749 .3 64 3.1 0
21:10 749 .4 64 2.7 0
21:11 749 .4 64 2.2 0
21:12 749 .4 64 2.2 0
21:13 749 .4 64 2.7 0
21:14 749 .4 64 2.2 0
21:15 749 .4 64 2.7 0
21:16 749 .4 63 3.1 0
21:17 749 .5 64 2.2 0
21:18 749 .5 64 2.7 0
21:19 749 .5 63 2.7 0
21:20 749 .5 63 2.2 0
21:21 749 .5 64 2.7 0
21:22 749 .5 64 2.2 0
21:23 749 .5 64 2.2 0
21:24 749 .5 64 2.2 0
21:25 749 .5 64 2.2 0
21:26 749 .6 63 1.8 0
21:27 749 .6 64 1.8 0
21:28 749 .6 64 1.8 0
21:29 749 .6 64 1.8 0
21:30 749 .6 64 3.1 0
21:31 749 .6 64 1.8 0
21:32 749 .6 64 1.8 0
21:33 749 .6 64 2.7 0
21:34 749 .6 64 1.8 0
21:35 749 .6 64 2.2 0
21:36 749 .6 64 1.8 0
21:37 749 .6 64 1.8 0
21:38 749 .6 64 .9 0
21:39 749 .6 64 .9 0
21:40 749 .6 64 2.2 0
21:41 749 .5 64 2.2 0
21:42 749 .6 64 3.1 0
21:43 749 .6 64 2.2 0
21:44 749 .6 65 2.2 0
21:45 749 .6 65 1.3 0
21:46 749 .6 65 2.2 0
21:47 749 .6 65 2.2 0
21:48 749 .6 65 2.2 0
21:49 749 .6 65 3.1 0
21:50 749 .6 66 3.6 0
21:51 749 .6 67 4.5 0
21:52 749 .7 67 4.5 0
21:53 749 .7 68 4 0
21:54 749 .7 68 3.1 0
21:55 749 .7 68 3.6 0
21:56 749 .7 68 2.2 0
21:57 749 .7 69 4.5 0
21:58 749 .7 69 3.6 0
21:59 749 .7 69 4 0
22:00 749 .7 69 3.1 0
22:01 749 .7 70 3.6 0
22:02 749 .7 71 4.9 0
22:03 749 .7 71 5.4 0
22:04 749 .7 72 4.5 0
22:05 749 .6 72 3.1 0
22:06 749 .6 72 3.1 0
22:07 749 .6 72 3.6 0
22:08 749 .5 73 5.4 0
22:09 749 .5 73 3.1 0
22:10 749 .5 73 3.1 0
22:11 749 .5 73 5.4 0
22:12 749 .5 73 5.4 0
22:13 749 .5 73 4.5 0
22:14 749 .5 73 4 0
22:15 749 .5 73 3.1 0
22:16 749 .5 73 3.1 0
22:17 749 .5 73 2.7 0
22:18 749 .5 73 4.9 0
22:19 749 .5 73 4 0
22:20 749 .5 73 3.6 0
22:21 749 .5 73 4.9 0
22:22 749 .5 73 3.1 0
22:23 749 .5 73 4 0
22:24 749 .5 73 2.7 0
22:25 749 .5 73 3.6 0
22:26 749 .5 73 4.5 0
22:27 749 .4 73 4 0
22:28 749 .4 73 4 0
22:29 749 .4 73 4.9 0
22:30 748.9 .4 74 4 0
22:31 748.9 .4 74 3.1 0
22:32 748.9 .4 74 2.7 0
22:33 748.9 .4 74 2.7 0
22:34 748.9 .4 74 2.7 0
22:35 748.9 .3 74 3.6 0
22:36 748.9 .3 75 3.6 0
22:37 748.9 .3 75 2.7 0
22:38 748.9 .3 75 3.1 0
22:39 748.9 .3 75 2.7 0
22:40 748.9 .3 75 2.7 0
22:41 748.9 .3 75 3.6 0
22:42 748.9 .3 75 3.6 0
22:43 748.9 .3 76 4 0
22:44 748.9 .3 76 2.7 0
22:45 748.9 .3 76 2.2 0
22:46 748.9 .2 76 1.8 0
22:47 748.9 .2 76 1.3 0
22:48 748.9 .2 76 1.3 0
22:49 748.9 .2 77 2.2 0
22:50 748.9 .2 77 2.2 0
22:51 748.9 .2 77 2.2 0
22:52 748.9 .2 77 1.3 0
22:53 748.9 .2 77 1.3 0
22:54 748.9 .2 77 2.2 0
22:55 748.9 .1 77 3.1 0
22:56 748.9 .1 77 3.6 0
22:57 748.9 .1 77 1.8 0
22:58 748.9 .1 78 2.2 0
22:59 748.9 .1 78 1.3 0
23:00 748.9 0 78 1.8 0
23:01 748.9 0 78 2.7 0
23:02 748.9 0 78 3.6 0
23:03 748.9 0 78 2.7 0
23:04 748.9 0 79 3.6 0
23:05 748.9 -.1 78 3.6 0
23:06 748.9 -.1 79 2.2 0
23:07 748.9 -.1 79 3.1 0
23:08 748.9 -.1 79 2.2 0
23:09 748.9 -.1 79 2.7 0
23:10 748.9 -.2 80 2.2 0
23:11 748.9 -.2 80 3.1 0
23:12 748.9 -.2 80 2.7 0
23:13 748.9 -.2 80 2.7 0
23:14 748.9 -.2 80 2.7 0
23:15 748.8 -.2 80 2.7 0
23:16 748.8 -.2 80 2.7 0
23:17 748.8 -.2 80 2.2 0
23:18 748.8 -.2 80 1.8 0
23:19 748.8 -.2 80 2.2 0
23:20 748.8 -.2 80 3.6 0
23:21 748.8 -.2 80 3.1 0
23:22 748.8 -.2 80 2.7 0
23:23 748.8 -.2 80 2.7 0
23:24 748.8 -.2 79 2.2 0
23:25 748.8 -.2 79 .9 0
23:26 748.8 -.2 80 1.8 0
23:27 748.8 -.2 80 1.3 0
23:28 748.8 -.2 80 2.2 0
23:29 748.8 -.2 79 1.3 0
23:30 748.8 -.2 79 2.2 0
23:31 748.8 -.2 79 1.3 0
23:32 748.8 -.2 79 1.3 0
23:33 748.8 -.2 79 1.3 0
23:34 748.8 -.2 79 1.8 0
23:35 748.8 -.2 79 2.2 0
23:36 748.8 -.2 79 2.2 0
23:37 748.8 -.2 79 1.8 0
23:38 748.8 -.2 78 2.2 0
23:39 748.8 -.2 79 2.2 0
23:40 748.8 -.2 79 2.7 0
23:41 748.8 -.2 79 1.8 0
23:42 748.8 -.2 79 1.8 0
23:43 748.8 -.2 79 2.7 0
23:44 748.8 -.2 80 2.7 0
23:45 748.8 -.2 80 2.2 0
23:46 748.8 -.2 80 1.3 0
23:47 748.8 -.2 80 3.1 0
23:48 748.8 -.2 80 2.2 0
23:49 748.8 -.2 80 2.2 0
23:50 748.8 -.2 80 1.3 0
23:51 748.8 -.3 81 2.2 0
23:52 748.8 -.3 81 1.3 0
23:53 748.8 -.3 81 1.8 0
23:54 748.8 -.3 81 2.7 0
23:55 748.8 -.3 81 2.2 0
23:56 748.8 -.3 80 2.2 0
23:57 748.8 -.3 80 1.8 0
23:58 748.8 -.3 80 2.2 0
23:59 748.8 -.3 80 3.1 0
