00:00 745.24 15 90 .89 0
00:01 745.24 14.94 90 1.79 0
00:02 745.24 15 90 1.79 0
00:03 744.98 15 90 1.79 0
00:04 744.98 15 90 .89 0
00:05 744.98 14.94 90 .89 0
00:06 744.98 15 90 .89 0
00:07 744.98 14.94 90 .89 0
00:08 744.98 14.94 90 1.34 0
00:09 744.98 14.89 91 .45 0
00:10 744.98 14.94 90 .89 0
00:11 744.98 14.89 90 .89 0
00:12 744.98 14.83 90 1.34 0
00:13 744.98 14.83 90 .89 0
00:14 744.98 14.83 90 .89 0
00:15 745.24 14.78 90 .89 0
00:16 744.98 14.78 90 .89 0
00:17 744.98 14.72 90 .89 0
00:18 745.24 14.72 90 .89 0
00:19 744.98 14.72 90 .89 0
00:20 745.24 14.67 90 .89 0
00:21 744.98 14.67 90 1.34 0
00:22 745.24 14.67 90 .89 0
00:23 744.98 14.67 90 .89 0
00:24 744.98 14.67 90 .89 0
00:25 744.98 14.61 91 1.34 0
00:26 744.98 14.67 91 .89 0
00:27 744.98 14.61 91 .89 0
00:28 744.98 14.67 91 .45 0
00:29 744.98 14.67 91 .89 0
00:30 744.98 14.67 91 1.34 0
00:31 744.98 14.61 91 .89 0
00:32 744.98 14.61 91 1.34 0
00:33 744.98 14.61 91 .89 0
00:34 744.98 14.61 91 .89 0
00:35 744.98 14.61 91 .89 0
00:36 744.98 14.61 91 .89 0
00:37 744.98 14.56 91 .89 0
00:38 744.98 14.56 91 .89 0
00:39 744.98 14.56 91 .45 0
00:40 744.98 14.56 91 .89 0
00:41 744.98 14.56 91 .89 0
00:42 744.98 14.56 91 .89 0
00:43 744.98 14.56 91 .89 0
00:44 744.98 14.5 91 .89 0
00:45 744.98 14.5 91 .89 0
00:46 744.98 14.5 91 .89 0
00:47 744.98 14.5 91 .89 0
00:48 744.98 14.5 91 .89 0
00:49 744.98 14.44 91 .89 0
00:50 744.98 14.44 91 .45 0
00:51 744.98 14.44 91 .89 0
00:52 744.98 14.39 91 .45 0
00:53 744.98 14.39 91 0 0
00:54 744.98 14.33 91 0 0
00:55 744.98 14.33 91 0 0
00:56 744.98 14.39 91 0 0
00:57 744.98 14.33 91 0 0
00:58 744.98 14.33 91 0 0
00:59 744.98 14.33 91 0 0
01:00 744.98 14.33 91 0 0
01:01 744.98 14.39 91 0 0
01:02 744.98 14.33 91 0 0
01:03 744.98 14.33 91 0 0
01:04 745.24 14.33 91 0 0
01:05 744.98 14.33 91 0 0
01:06 744.98 14.33 91 0 0
01:07 744.98 14.33 91 0 0
01:08 744.98 14.33 91 0 0
01:09 744.98 14.33 91 0 0
01:10 744.98 14.33 91 0 0
01:11 744.98 14.33 91 0 0
01:12 744.98 14.33 91 0 0
01:13 744.98 14.28 91 0 0
01:14 744.98 14.28 91 0 0
01:15 744.98 14.28 91 0 0
01:16 744.98 14.28 91 0 0
01:17 744.98 14.33 91 0 0
01:18 744.98 14.28 91 0 0
01:19 744.98 14.28 91 0 0
01:20 744.98 14.28 91 0 0
01:21 744.98 14.22 91 0 0
01:22 744.98 14.17 91 0 0
01:23 744.98 14.11 91 0 0
01:24 744.98 14.06 91 0 0
01:25 744.98 14 91 0 0
01:26 744.98 13.94 91 0 0
01:27 744.98 13.89 91 0 0
01:28 744.98 13.89 91 0 0
01:29 744.98 13.83 91 0 0
01:30 744.98 13.78 91 0 0
01:31 744.98 13.72 91 0 0
01:32 744.98 13.72 91 0 0
01:33 744.98 13.67 91 0 0
01:34 744.98 13.67 91 0 0
01:35 744.98 13.61 91 0 0
01:36 744.98 13.61 91 0 0
01:37 744.98 13.56 91 0 0
01:38 744.98 13.61 91 .89 0
01:39 744.98 13.61 91 .89 0
01:40 744.98 13.61 91 .45 0
01:41 744.98 13.67 91 .45 0
01:42 744.98 13.61 92 .89 0
01:43 744.98 13.61 92 .45 0
01:44 744.98 13.61 92 .45 0
01:45 744.98 13.61 92 1.34 0
01:46 744.98 13.61 92 .89 0
01:47 744.98 13.61 92 .89 0
01:48 744.98 13.61 92 1.34 0
01:49 744.98 13.61 92 .89 0
01:50 744.98 13.61 92 .89 0
01:51 744.98 13.56 92 .45 0
01:52 744.98 13.61 92 .45 0
01:53 744.98 13.56 92 0 0
01:54 744.98 13.56 92 .45 0
01:55 744.98 13.5 92 0 0
01:56 744.98 13.44 92 .45 0
01:57 744.98 13.44 92 0 0
01:58 744.98 13.39 92 .45 0
01:59 744.98 13.33 92 0 0
02:00 744.98 13.33 92 0 0
02:01 744.98 13.33 91 0 0
02:02 744.98 13.33 91 0 0
02:03 744.98 13.28 91 0 0
02:04 744.98 13.28 91 0 0
02:05 744.98 13.28 91 0 0
02:06 744.98 13.33 92 0 0
02:07 744.98 13.33 92 0 0
02:08 744.98 13.28 92 0 0
02:09 744.98 13.33 92 0 0
02:10 744.98 13.28 92 0 0
02:11 744.98 13.33 92 0 0
02:12 744.98 13.33 92 0 0
02:13 744.98 13.39 92 0 0
02:14 744.98 13.39 92 0 0
02:15 744.98 13.44 92 0 0
02:16 744.98 13.44 92 0 0
02:17 744.98 13.44 92 0 0
02:18 744.98 13.44 92 0 0
02:19 744.98 13.5 92 0 0
02:20 744.98 13.5 92 0 0
02:21 744.73 13.5 92 0 0
02:22 744.98 13.5 92 0 0
02:23 744.98 13.5 92 0 0
02:24 744.73 13.5 92 0 0
02:25 744.73 13.5 92 0 0
02:26 744.73 13.5 92 0 0
02:27 744.73 13.5 92 0 0
02:28 744.73 13.5 92 0 0
02:29 744.73 13.5 92 0 0
02:30 744.73 13.5 92 0 0
02:31 744.73 13.56 92 0 0
02:32 744.73 13.56 92 0 0
02:33 744.73 13.5 92 0 0
02:34 744.73 13.39 92 0 0
02:35 744.73 13.33 92 0 0
02:36 744.73 13.28 92 0 0
02:37 744.73 13.22 92 0 0
02:38 744.73 13.17 92 0 0
02:39 744.73 13.17 92 0 0
02:40 744.73 13.11 92 0 0
02:41 744.73 13.17 92 0 0
02:42 744.73 13.17 92 0 0
02:43 744.73 13.17 92 0 0
02:44 744.73 13.17 92 0 0
02:45 744.73 13.22 92 0 0
02:46 744.73 13.22 92 0 0
02:47 744.73 13.22 92 0 0
02:48 744.73 13.22 92 0 0
02:49 744.73 13.28 92 0 0
02:50 744.73 13.22 92 0 0
02:51 744.73 13.28 92 0 0
02:52 744.73 13.22 92 0 0
02:53 744.73 13.28 92 0 0
02:54 744.73 13.28 92 0 0
02:55 744.73 13.33 92 0 0
02:56 744.73 13.28 92 0 0
02:57 744.73 13.33 92 0 0
02:58 744.73 13.28 92 0 0
02:59 744.73 13.28 92 0 0
03:00 744.73 13.28 92 0 0
03:01 744.73 13.28 92 0 0
03:02 744.73 13.28 92 0 0
03:03 744.73 13.28 92 0 0
03:04 744.73 13.28 92 0 0
03:05 744.73 13.28 92 0 0
03:06 744.73 13.28 92 0 0
03:07 744.73 13.22 92 0 0
03:08 744.73 13.22 92 0 0
03:09 744.73 13.28 92 0 0
03:10 744.73 13.28 92 0 0
03:11 744.98 13.22 92 0 0
03:12 744.73 13.22 92 0 0
03:13 744.73 13.17 92 0 0
03:14 744.73 13.17 92 0 0
03:15 744.73 13.17 92 0 0
03:16 744.73 13.06 92 0 0
03:17 744.73 13.06 92 0 0
03:18 744.73 13.06 92 0 0
03:19 744.73 13 92 0 0
03:20 744.73 13 92 0 0
03:21 744.73 12.94 92 0 0
03:22 744.73 12.94 92 0 0
03:23 744.73 12.94 92 0 0
03:24 744.73 12.89 92 0 0
03:25 744.73 12.89 92 0 0
03:26 744.98 12.89 92 0 0
03:27 744.98 12.89 92 0 0
03:28 744.73 12.89 92 0 0
03:29 744.73 12.89 92 0 0
03:30 744.73 12.89 92 0 0
03:31 744.73 12.89 92 0 0
03:32 744.73 12.89 92 0 0
03:33 744.73 12.89 92 0 0
03:34 744.73 12.89 92 0 0
03:35 744.73 12.89 92 0 0
03:36 744.73 12.89 92 0 0
03:37 744.73 12.94 92 0 0
03:38 744.73 12.94 93 0 0
03:39 744.73 12.94 93 0 0
03:40 744.73 12.94 92 0 0
03:41 744.73 12.94 93 0 0
03:42 744.73 13 93 0 0
03:43 744.73 12.94 93 0 0
03:44 744.73 13 93 0 0
03:45 744.73 13 93 0 0
03:46 744.73 13 93 0 0
03:47 744.73 13 93 0 0
03:48 744.73 13 93 0 0
03:49 744.73 13 93 0 0
03:50 744.73 13 93 0 0
03:51 744.73 13 93 0 0
03:52 744.73 13 93 0 0
03:53 744.73 13 93 0 0
03:54 744.73 13 93 0 0
03:55 744.73 12.94 93 0 0
03:56 744.73 12.94 93 0 0
03:57 744.73 12.94 93 0 0
03:58 744.73 12.83 93 0 0
03:59 744.73 12.83 92 0 0
04:00 744.73 12.83 92 0 0
04:01 744.73 12.78 92 0 0
04:02 744.73 12.78 92 0 0
04:03 744.73 12.78 92 0 0
04:04 744.73 12.72 92 0 0
04:05 744.73 12.78 92 0 0
04:06 744.73 12.78 93 0 0
04:07 744.73 12.78 93 0 0
04:08 744.73 12.78 93 0 0
04:09 744.73 12.72 93 0 0
04:10 744.73 12.72 93 0 0
04:11 744.73 12.72 92 0 0
04:12 744.73 12.67 92 0 0
04:13 744.73 12.67 92 0 0
04:14 744.73 12.67 92 0 0
04:15 744.73 12.61 92 0 0
04:16 744.73 12.56 92 0 0
04:17 744.73 12.44 92 0 0
04:18 744.73 12.39 92 0 0
04:19 744.73 12.28 92 0 0
04:20 744.73 12.28 92 0 0
04:21 744.73 12.22 92 0 0
04:22 744.73 12.22 92 0 0
04:23 744.73 12.11 92 0 0
04:24 744.73 12.11 92 0 0
04:25 744.73 12.06 92 0 0
04:26 744.73 12.06 92 0 0
04:27 744.73 12.06 92 0 0
04:28 744.73 12.06 92 0 0
04:29 744.73 12.11 92 0 0
04:30 744.73 12.06 92 0 0
04:31 744.73 12.11 92 0 0
04:32 744.73 12.11 93 0 0
04:33 744.73 12.11 93 0 0
04:34 744.73 12.11 93 0 0
04:35 744.73 12.11 93 0 0
04:36 744.73 12.06 93 0 0
04:37 744.73 12.06 93 0 0
04:38 744.73 12.06 93 0 0
04:39 744.73 12.06 93 0 0
04:40 744.73 12.06 93 0 0
04:41 744.73 12.06 93 0 0
04:42 744.73 12.06 93 0 0
04:43 744.73 12 92 .45 0
04:44 744.73 12.06 93 .89 0
04:45 744.73 12 93 .45 0
04:46 744.73 12.06 93 .45 0
04:47 744.73 12.06 93 .89 0
04:48 744.73 12.11 93 .45 0
04:49 744.73 12.11 93 0 0
04:50 744.73 12.11 93 0 0
04:51 744.73 12.11 93 0 0
04:52 744.73 12.11 93 0 0
04:53 744.73 12.11 93 0 0
04:54 744.73 12.11 93 0 0
04:55 744.73 12.11 93 0 0
04:56 744.73 12.06 93 0 0
04:57 744.73 12.06 93 0 0
04:58 744.73 12.06 93 0 0
04:59 744.73 12.06 93 0 0
05:00 744.73 12.06 93 0 0
05:01 744.73 12.06 93 0 0
05:02 744.73 12.06 93 0 0
05:03 744.73 12.11 93 0 0
05:04 744.73 12.11 93 0 0
05:05 744.73 12.11 93 0 0
05:06 744.73 12.11 93 0 0
05:07 744.73 12.17 93 0 0
05:08 744.73 12.22 93 0 0
05:09 744.73 12.28 93 0 0
05:10 744.73 12.22 93 0 0
05:11 744.73 12.28 93 0 0
05:12 744.73 12.28 93 0 0
05:13 744.73 12.28 93 0 0
05:14 744.73 12.28 93 0 0
05:15 744.73 12.28 93 0 0
05:16 744.73 12.33 93 0 0
05:17 744.73 12.28 93 0 0
05:18 744.73 12.33 93 0 0
05:19 744.73 12.33 93 0 0
05:20 744.73 12.33 93 0 0
05:21 744.73 12.39 93 0 0
05:22 744.73 12.39 93 0 0
05:23 744.73 12.44 93 0 0
05:24 744.73 12.44 93 0 0
05:25 744.73 12.44 93 0 0
05:26 744.73 12.44 93 0 0
05:27 744.73 12.44 93 0 0
05:28 744.73 12.44 93 0 0
05:29 744.73 12.44 93 0 0
05:30 744.98 12.39 93 0 0
05:31 744.73 12.44 93 0 0
05:32 744.73 12.39 93 0 0
05:33 744.98 12.39 93 0 0
05:34 744.98 12.44 93 0 0
05:35 744.98 12.33 93 0 0
05:36 744.73 12.33 93 0 0
05:37 744.98 12.33 93 0 0
05:38 744.73 12.33 93 0 0
05:39 744.98 12.33 93 0 0
05:40 744.73 12.33 93 0 0
05:41 744.73 12.28 93 0 0
05:42 744.73 12.28 93 0 0
05:43 744.73 12.33 93 0 0
05:44 744.98 12.33 93 0 0
05:45 744.98 12.33 93 0 0
05:46 744.73 12.33 93 0 0
05:47 744.98 12.39 93 0 0
05:48 744.98 12.44 93 0 0
05:49 744.98 12.44 93 0 0
05:50 744.98 12.44 93 0 0
05:51 744.73 12.5 93 0 0
05:52 744.73 12.56 93 0 0
05:53 744.73 12.56 93 0 0
05:54 744.98 12.56 93 0 0
05:55 744.98 12.61 93 0 0
05:56 744.98 12.61 93 0 0
05:57 744.73 12.67 93 0 0
05:58 744.98 12.72 93 0 0
05:59 744.98 12.72 93 0 0
06:00 744.98 12.78 93 0 0
06:01 744.98 12.78 93 0 0
06:02 744.73 12.78 93 0 0
06:03 744.98 12.83 93 0 0
06:04 744.98 12.83 93 0 0
06:05 744.98 12.83 93 0 0
06:06 744.98 12.78 93 0 0
06:07 744.98 12.78 93 0 0
06:08 744.98 12.83 93 0 0
06:09 744.98 12.83 93 0 0
06:10 744.98 12.83 93 0 0
06:11 744.98 12.83 93 0 0
06:12 744.98 12.83 93 0 0
06:13 744.98 12.83 93 0 0
06:14 744.98 12.83 93 0 0
06:15 744.98 12.83 93 0 0
06:16 744.98 12.83 93 0 0
06:17 744.98 12.83 93 0 0
06:18 744.98 12.89 93 0 0
06:19 744.98 12.89 93 0 0
06:20 744.98 12.94 93 0 0
06:21 744.98 13 93 0 0
06:22 744.98 13.06 93 0 0
06:23 744.98 13.11 93 0 0
06:24 744.98 13.17 93 0 0
06:25 744.98 13.17 93 0 0
06:26 744.98 13.22 93 0 0
06:27 744.98 13.28 93 0 0
06:28 744.98 13.33 93 0 0
06:29 744.98 13.39 93 0 0
06:30 744.98 13.39 93 0 0
06:31 744.98 13.44 93 0 0
06:32 744.98 13.5 93 0 0
06:33 744.98 13.5 93 0 0
06:34 744.98 13.5 93 0 0
06:35 744.98 13.5 93 0 0
06:36 745.24 13.56 93 0 0
06:37 744.98 13.56 93 0 0
06:38 745.24 13.61 93 0 0
06:39 745.24 13.61 93 0 0
06:40 744.98 13.67 93 0 0
06:41 744.98 13.72 93 0 0
06:42 744.98 13.72 93 0 0
06:43 745.24 13.78 93 0 0
06:44 745.24 13.83 93 0 0
06:45 745.24 13.83 93 0 0
06:46 744.98 13.89 93 0 0
06:47 745.24 13.94 93 0 0
06:48 745.24 13.94 93 0 0
06:49 745.24 14 93 0 0
06:50 745.24 14 93 0 0
06:51 745.24 14.06 94 0 0
06:52 745.24 14.06 94 0 0
06:53 745.24 14.11 94 0 0
06:54 745.24 14.11 94 0 0
06:55 745.24 14.11 93 0 0
06:56 745.24 14.17 93 0 0
06:57 745.24 14.17 93 0 0
06:58 745.24 14.22 93 0 0
06:59 745.24 14.22 93 0 0
07:00 745.24 14.28 93 0 0
07:01 744.98 14.28 93 0 0
07:02 745.24 14.33 93 0 0
07:03 745.24 14.39 93 0 0
07:04 745.24 14.44 93 0 0
07:05 745.24 14.5 93 0 0
07:06 745.24 14.56 93 0 0
07:07 745.24 14.61 93 0 0
07:08 745.24 14.67 93 0 0
07:09 745.24 14.67 93 0 0
07:10 745.24 14.72 93 0 0
07:11 745.24 14.78 94 0 0
07:12 745.24 14.83 94 0 0
07:13 745.24 14.89 94 0 0
07:14 745.24 14.94 94 0 0
07:15 745.24 14.94 93 0 0
07:16 745.24 15 93 0 0
07:17 745.24 15 93 0 0
07:18 745.24 15 93 0 0
07:19 745.24 15.11 93 0 0
07:20 745.24 15.11 93 0 0
07:21 745.24 15.17 93 0 0
07:22 745.24 15.22 93 0 0
07:23 745.24 15.28 93 0 0
07:24 745.24 15.28 93 0 0
07:25 745.24 15.33 93 0 0
07:26 745.24 15.39 93 0 0
07:27 745.24 15.39 93 0 0
07:28 745.24 15.44 93 0 0
07:29 745.24 15.44 93 0 0
07:30 745.24 15.5 93 0 0
07:31 745.24 15.56 93 0 0
07:32 745.24 15.56 93 0 0
07:33 745.24 15.61 93 0 0
07:34 745.24 15.67 93 0 0
07:35 745.24 15.67 93 0 0
07:36 745.24 15.72 93 0 0
07:37 745.24 15.72 93 0 0
07:38 745.24 15.72 92 .89 0
07:39 744.98 15.72 92 0 0
07:40 745.24 15.78 92 0 0
07:41 745.24 15.89 92 0 0
07:42 744.98 15.94 92 0 0
07:43 744.98 15.94 92 0 0
07:44 744.98 16 92 1.34 0
07:45 744.98 16 92 1.34 0
07:46 744.98 16 91 .89 0
07:47 744.98 16.06 91 .45 0
07:48 744.98 16.06 91 .89 0
07:49 744.98 16.11 91 .89 0
07:50 744.98 16.17 90 .89 0
07:51 744.98 16.22 90 .89 0
07:52 744.98 16.28 90 .45 0
07:53 744.98 16.28 90 1.34 0
07:54 744.98 16.28 89 1.34 0
07:55 744.98 16.28 89 .89 0
07:56 744.98 16.33 88 .89 0
07:57 744.98 16.44 88 .89 0
07:58 744.98 16.5 87 .89 0
07:59 744.98 16.56 87 1.34 0
08:00 744.98 16.67 87 .89 0
08:01 744.98 16.67 86 1.34 0
08:02 744.98 16.78 86 .89 0
08:03 744.98 16.83 86 .89 0
08:04 744.98 16.89 85 .89 0
08:05 744.98 16.94 85 .45 0
08:06 744.98 17 85 1.34 0
08:07 744.98 17.06 85 2.24 0
08:08 744.98 17.06 84 1.79 0
08:09 744.98 17.11 84 1.79 0
08:10 744.98 17.17 83 1.34 0
08:11 744.98 17.17 83 1.34 0
08:12 744.98 17.28 83 1.34 0
08:13 744.98 17.28 83 .89 0
08:14 744.98 17.33 83 .89 0
08:15 744.98 17.33 83 .45 0
08:16 744.98 17.39 83 .45 0
08:17 744.98 17.5 83 .45 0
08:18 744.98 17.56 83 0 0
08:19 744.98 17.61 83 0 0
08:20 744.98 17.72 83 .45 0
08:21 744.98 17.78 82 .89 0
08:22 744.98 17.83 81 1.34 0
08:23 744.98 17.89 81 .89 0
08:24 744.98 17.94 81 1.34 0
08:25 744.98 17.94 81 0 0
08:26 744.98 18 80 .45 0
08:27 744.98 18 80 1.34 0
08:28 744.98 18.06 80 .89 0
08:29 744.98 18.06 80 1.79 0
08:30 744.98 18.06 81 .89 0
08:31 744.98 18.11 80 .89 0
08:32 744.98 18.06 80 0 0
08:33 744.98 18.17 80 1.79 0
08:34 744.98 18.17 80 1.34 0
08:35 744.98 18.17 80 .89 0
08:36 744.98 18.22 80 .45 0
08:37 744.98 18.28 80 .89 0
08:38 744.98 18.28 80 .45 0
08:39 744.98 18.33 80 1.34 0
08:40 744.98 18.39 80 1.34 0
08:41 744.98 18.44 79 .89 0
08:42 744.98 18.5 79 0 0
08:43 744.98 18.56 79 0 0
08:44 744.98 18.56 79 0 0
08:45 744.98 18.61 78 .89 0
08:46 744.98 18.61 78 0 0
08:47 744.98 18.67 78 .89 0
08:48 744.98 18.72 78 .89 0
08:49 744.98 18.78 78 .89 0
08:50 744.98 18.89 78 1.34 0
08:51 744.98 18.94 77 .89 0
08:52 744.98 19.06 77 .89 0
08:53 744.98 19.06 77 1.79 0
08:54 744.98 19.11 76 2.24 0
08:55 744.98 19.06 76 1.79 0
08:56 744.98 19.06 76 .89 0
08:57 744.98 19 76 1.34 0
08:58 744.98 19 76 .89 0
08:59 744.98 19 76 .45 0
09:00 744.98 19 76 1.79 0
09:01 744.98 19.06 76 2.24 0
09:02 744.98 19.06 74 2.24 0
09:03 744.98 19.11 75 1.79 0
09:04 744.98 19.17 75 2.68 0
09:05 744.98 19.11 74 2.24 0
09:06 744.98 19.11 74 2.24 0
09:07 744.98 19.11 74 2.24 0
09:08 744.98 19.11 74 2.68 0
09:09 744.98 19.11 74 2.24 0
09:10 744.98 19.11 74 1.79 0
09:11 744.98 19.06 74 1.34 0
09:12 744.98 19.11 74 1.79 0
09:13 744.98 19.11 74 1.79 0
09:14 744.98 19.17 74 3.13 0
09:15 744.98 19.22 74 2.68 0
09:16 744.98 19.22 74 3.58 0
09:17 744.98 19.22 73 1.34 0
09:18 744.98 19.22 73 2.24 0
09:19 744.98 19.22 73 1.79 0
09:20 744.98 19.22 74 3.13 0
09:21 744.98 19.22 74 2.24 0
09:22 744.98 19.22 74 2.24 0
09:23 744.98 19.28 73 1.34 0
09:24 744.98 19.28 74 1.34 0
09:25 744.98 19.28 74 1.79 0
09:26 744.98 19.28 74 1.79 0
09:27 744.98 19.28 74 3.58 0
09:28 744.98 19.28 73 2.68 0
09:29 744.98 19.33 73 3.58 0
09:30 744.98 19.33 74 2.24 0
09:31 744.98 19.33 74 1.79 0
09:32 744.98 19.39 74 2.24 0
09:33 744.98 19.39 73 3.58 0
09:34 744.98 19.39 73 2.24 0
09:35 744.98 19.33 73 3.58 0
09:36 744.98 19.33 73 3.58 0
09:37 744.98 19.28 73 2.68 0
09:38 744.98 19.22 73 1.79 0
09:39 744.98 19.17 74 2.24 0
09:40 744.98 19.17 74 2.24 0
09:41 744.98 19.11 74 1.79 0
09:42 744.98 19.11 74 1.79 0
09:43 744.98 19.11 74 2.24 0
09:44 744.98 19.11 74 1.34 0
09:45 744.98 19.11 74 1.34 0
09:46 744.98 19.11 74 1.79 0
09:47 744.98 19.17 73 1.34 0
09:48 744.98 19.17 73 1.79 0
09:49 744.98 19.28 73 1.34 0
09:50 744.98 19.39 74 1.79 0
09:51 744.98 19.56 73 .89 0
09:52 744.98 19.61 73 0 0
09:53 744.98 19.72 72 2.24 0
09:54 744.98 19.89 72 4.92 0
09:55 744.98 19.94 72 3.58 0
09:56 744.98 20 71 3.13 0
09:57 744.98 20 71 1.79 0
09:58 744.98 20.06 71 4.02 0
09:59 744.73 19.94 70 3.13 0
10:00 744.98 19.94 69 4.02 0
10:01 744.98 19.94 69 2.68 0
10:02 744.98 19.94 69 3.13 0
10:03 744.98 19.89 69 4.47 0
10:04 744.98 19.83 69 4.47 0
10:05 744.98 19.78 69 2.68 0
10:06 744.98 19.72 70 4.02 0
10:07 744.98 19.67 70 2.68 0
10:08 744.98 19.67 70 2.24 0
10:09 744.98 19.61 70 1.34 0
10:10 744.98 19.56 70 1.34 0
10:11 744.98 19.56 71 1.79 0
10:12 744.98 19.56 71 1.34 0
10:13 744.73 19.56 71 1.79 0
10:14 744.98 19.56 71 1.79 0
10:15 744.98 19.56 71 1.34 0
10:16 744.98 19.56 71 1.79 0
10:17 744.73 19.56 71 1.34 0
10:18 744.73 19.61 71 1.79 0
10:19 744.73 19.67 71 .89 0
10:20 744.73 19.72 71 .45 0
10:21 744.73 19.78 71 2.24 0
10:22 744.73 19.89 71 .89 0
10:23 744.73 19.94 71 2.68 0
10:24 744.73 20.06 71 2.68 0
10:25 744.73 20.11 70 2.24 0
10:26 744.73 20.11 69 2.24 0
10:27 744.73 20.11 69 1.34 0
10:28 744.73 20.17 69 1.34 0
10:29 744.73 20.17 70 1.34 0
10:30 744.73 20.22 70 2.24 0
10:31 744.73 20.28 70 1.79 0
10:32 744.73 20.33 70 2.68 0
10:33 744.73 20.33 69 2.24 0
10:34 744.73 20.33 69 1.79 0
10:35 744.73 20.39 70 2.24 0
10:36 744.73 20.39 70 4.02 0
10:37 744.73 20.39 70 2.24 0
10:38 744.73 20.39 70 1.79 0
10:39 744.73 20.33 69 2.24 0
10:40 744.73 20.33 69 3.13 0
10:41 744.73 20.33 69 1.34 0
10:42 744.73 20.33 71 1.34 0
10:43 744.73 20.33 70 .89 0
10:44 744.73 20.39 69 .89 0
10:45 744.73 20.44 69 1.34 0
10:46 744.73 20.56 68 1.79 0
10:47 744.73 20.56 68 .89 0
10:48 744.73 20.61 66 0 0
10:49 744.73 20.67 67 .89 0
10:50 744.73 20.67 67 1.79 0
10:51 744.73 20.78 66 1.79 0
10:52 744.73 20.78 66 .45 0
10:53 744.73 20.89 66 .89 0
10:54 744.73 20.94 66 1.79 0
10:55 744.73 21 66 1.34 0
10:56 744.73 20.94 66 2.68 0
10:57 744.73 20.94 66 .89 0
10:58 744.73 20.89 66 2.24 0
10:59 744.73 20.89 66 .89 0
11:00 744.73 20.89 66 2.68 0
11:01 744.73 20.78 66 2.24 0
11:02 744.73 20.67 66 1.34 0
11:03 744.73 20.61 67 3.13 0
11:04 744.73 20.56 66 .89 0
11:05 744.73 20.5 67 .89 0
11:06 744.73 20.5 67 1.79 0
11:07 744.73 20.44 67 1.34 0
11:08 744.73 20.44 66 .45 0
11:09 744.73 20.44 67 .45 0
11:10 744.73 20.39 67 1.34 0
11:11 744.73 20.44 67 .89 0
11:12 744.73 20.44 67 .89 0
11:13 744.73 20.44 67 0 0
11:14 744.73 20.44 67 1.79 0
11:15 744.73 20.56 67 1.34 0
11:16 744.73 20.61 68 .89 0
11:17 744.73 20.67 67 .89 0
11:18 744.73 20.72 67 .89 0
11:19 744.47 20.78 67 .89 0
11:20 744.73 20.89 68 1.79 0
11:21 744.73 20.94 67 2.24 0
11:22 744.73 20.94 67 3.58 0
11:23 744.73 20.94 67 3.58 0
11:24 744.73 20.89 67 4.02 0
11:25 744.73 20.78 67 2.24 0
11:26 744.73 20.72 67 1.34 0
11:27 744.73 20.67 68 3.13 0
11:28 744.73 20.56 68 1.79 0
11:29 744.73 20.5 68 1.79 0
11:30 744.73 20.44 68 3.13 0
11:31 744.73 20.39 68 .89 0
11:32 744.73 20.39 69 2.24 0
11:33 744.73 20.44 68 1.34 0
11:34 744.47 20.44 68 1.79 0
11:35 744.47 20.5 68 2.68 0
11:36 744.47 20.61 66 1.79 0
11:37 744.47 20.72 65 .89 0
11:38 744.47 20.78 65 2.68 0
11:39 744.47 20.89 64 1.34 0
11:40 744.47 20.94 65 .89 0
11:41 744.47 21.06 64 1.79 0
11:42 744.47 21.17 65 2.24 0
11:43 744.47 21.22 65 1.79 0
11:44 744.47 21.33 64 .89 0
11:45 744.47 21.44 66 1.34 0
11:46 744.47 21.61 64 1.34 0
11:47 744.47 21.72 64 2.24 0
11:48 744.47 21.89 63 1.34 0
11:49 744.47 22.06 63 3.58 0
11:50 744.47 22.17 63 1.34 0
11:51 744.47 22.33 63 1.79 0
11:52 744.47 22.5 63 1.34 0
11:53 744.47 22.67 62 2.24 0
11:54 744.47 22.78 61 0 0
11:55 744.47 22.89 62 .89 0
11:56 744.47 22.83 62 .89 0
11:57 744.47 22.83 62 1.79 0
11:58 744.47 22.83 62 1.79 0
11:59 744.47 22.78 62 3.58 0
12:00 744.47 22.61 62 4.47 0
12:01 744.47 22.44 62 3.58 0
12:02 744.47 22.17 62 2.24 0
12:03 744.47 22 62 2.24 0
12:04 744.47 21.83 63 2.24 0
12:05 744.47 21.72 63 .89 0
12:06 744.47 21.61 63 1.79 0
12:07 744.47 21.56 64 1.34 0
12:08 744.47 21.5 64 .89 0
12:09 744.47 21.44 64 2.24 0
12:10 744.47 21.39 64 1.79 0
12:11 744.47 21.33 64 2.68 0
12:12 744.47 21.33 65 2.24 0
12:13 744.47 21.28 64 2.24 0
12:14 744.47 21.28 65 2.68 0
12:15 744.47 21.28 65 2.24 0
12:16 744.47 21.33 65 3.13 0
12:17 744.47 21.33 64 2.24 0
12:18 744.47 21.44 64 2.68 0
12:19 744.47 21.5 63 2.68 0
12:20 744.22 21.61 62 1.79 0
12:21 744.22 21.67 61 1.34 0
12:22 744.22 21.67 60 .45 0
12:23 744.22 21.72 61 1.34 0
12:24 744.22 21.78 61 2.68 0
12:25 744.22 21.89 61 1.34 0
12:26 744.22 22 60 4.02 0
12:27 744.22 22.06 57 2.24 0
12:28 744.22 22.11 57 3.13 0
12:29 744.22 22.28 57 3.13 0
12:30 744.22 22.44 57 4.47 0
12:31 744.22 22.56 56 3.13 0
12:32 744.22 22.61 56 2.68 0
12:33 744.22 22.67 56 .89 0
12:34 744.22 22.72 56 1.79 0
12:35 744.22 22.78 56 5.36 0
12:36 744.22 22.61 54 4.02 0
12:37 744.22 22.56 54 1.34 0
12:38 744.22 22.56 55 4.92 0
12:39 744.22 22.5 55 4.47 0
12:40 744.22 22.5 55 4.47 0
12:41 744.22 22.44 53 2.24 0
12:42 744.22 22.39 54 2.24 0
12:43 744.22 22.39 54 2.24 0
12:44 744.22 22.39 55 .45 0
12:45 744.22 22.44 56 4.02 0
12:46 744.22 22.44 56 2.24 0
12:47 744.22 22.5 57 2.24 0
12:48 744.22 22.5 56 2.24 0
12:49 744.22 22.5 57 2.68 0
12:50 744.22 22.56 58 4.47 0
12:51 744.22 22.56 58 3.58 0
12:52 744.22 22.5 59 3.58 0
12:53 744.22 22.5 59 1.79 0
12:54 744.22 22.56 60 1.34 0
12:55 744.22 22.61 61 1.79 0
12:56 744.22 22.67 61 2.24 0
12:57 744.22 22.61 60 .45 0
12:58 744.22 22.67 60 .89 0
12:59 744.22 22.67 60 .89 0
13:00 744.22 22.67 60 2.24 0
13:01 744.22 22.67 60 1.79 0
13:02 744.22 22.61 60 4.02 0
13:03 744.22 22.67 59 3.13 0
13:04 744.22 22.72 59 3.13 0
13:05 744.22 22.83 59 2.24 0
13:06 744.22 22.94 59 1.79 0
13:07 744.22 23.11 59 3.58 0
13:08 744.22 23.22 59 1.79 0
13:09 744.22 23.33 60 2.68 0
13:10 744.22 23.39 59 3.13 0
13:11 744.22 23.44 60 4.47 0
13:12 744.22 23.33 59 3.58 0
13:13 744.22 23.28 60 1.34 0
13:14 744.22 23.22 60 .89 0
13:15 744.22 23.22 60 4.47 0
13:16 744.22 23.17 61 2.68 0
13:17 744.22 23.17 60 2.24 0
13:18 744.22 23.17 61 1.79 0
13:19 744.22 23.11 60 1.34 0
13:20 744.22 23.11 60 4.47 0
13:21 744.22 23.11 60 4.92 0
13:22 744.22 23.06 60 1.34 0
13:23 744.22 23.11 60 1.79 0
13:24 744.22 23.17 60 4.92 0
13:25 744.22 23.17 59 2.24 0
13:26 744.22 23.17 57 1.79 0
13:27 744.22 23.17 57 1.79 0
13:28 744.22 23.11 58 1.79 0
13:29 744.22 23.06 58 1.34 0
13:30 743.97 23.06 59 3.13 0
13:31 744.22 23.06 59 2.24 0
13:32 743.97 23.17 59 .89 0
13:33 743.97 23.22 59 .89 0
13:34 744.22 23.33 59 4.02 0
13:35 743.97 23.39 58 4.47 0
13:36 743.97 23.39 58 3.58 0
13:37 743.97 23.33 57 1.34 0
13:38 744.22 23.28 58 4.02 0
13:39 744.22 23.28 58 4.92 0
13:40 744.22 23.22 57 3.13 0
13:41 744.22 23.22 58 4.47 0
13:42 744.22 23.17 57 4.47 0
13:43 744.22 23.06 58 3.13 0
13:44 744.22 22.94 58 4.92 0
13:45 744.22 22.89 58 4.47 0
13:46 744.22 22.83 59 1.34 0
13:47 743.97 22.83 58 .89 0
13:48 743.97 22.89 59 2.24 0
13:49 744.22 22.94 60 4.02 0
13:50 743.97 23 59 3.58 0
13:51 743.97 23.06 60 6.71 0
13:52 743.97 23.17 60 4.02 0
13:53 743.97 23.22 59 3.58 0
13:54 743.97 23.28 58 2.68 0
13:55 743.97 23.28 56 4.92 0
13:56 743.97 23.22 56 4.92 0
13:57 743.97 23.17 57 2.68 0
13:58 743.97 23.11 58 2.24 0
13:59 743.97 23.11 58 2.24 0
14:00 743.97 23.11 59 3.58 0
14:01 743.97 23.11 59 3.13 0
14:02 743.97 23.11 59 4.02 0
14:03 743.97 23.11 60 2.24 0
14:04 743.97 23.11 60 2.68 0
14:05 743.97 23.11 59 1.34 0
14:06 743.97 23.06 59 1.79 0
14:07 743.97 23.06 60 1.79 0
14:08 743.97 23.06 59 2.24 0
14:09 743.97 23.06 60 3.13 0
14:10 743.97 23.06 60 2.68 0
14:11 743.97 23.06 59 1.79 0
14:12 743.97 23.06 60 4.92 0
14:13 743.97 23.06 59 1.79 0
14:14 743.97 23 59 3.13 0
14:15 743.97 23 59 .89 0
14:16 743.97 22.94 60 1.34 0
14:17 743.97 22.94 60 1.34 0
14:18 743.97 23 60 1.34 0
14:19 743.97 23.06 61 1.34 0
14:20 743.97 23.11 61 2.68 0
14:21 743.97 23.11 60 2.24 0
14:22 743.71 23.11 60 1.34 0
14:23 743.97 23.06 60 2.24 0
14:24 743.97 23.06 60 1.79 0
14:25 743.97 23.06 60 3.58 0
14:26 743.71 23 58 3.13 0
14:27 743.71 22.94 59 2.24 0
14:28 743.71 22.94 60 2.68 0
14:29 743.71 23 58 1.79 0
14:30 743.71 23 60 1.79 0
14:31 743.71 23.06 60 1.34 0
14:32 743.71 23.17 60 2.24 0
14:33 743.71 23.17 60 2.68 0
14:34 743.71 23.17 59 2.68 0
14:35 743.71 23.17 60 1.79 0
14:36 743.71 23.22 60 .45 0
14:37 743.71 23.28 61 3.58 0
14:38 743.71 23.44 61 4.47 0
14:39 743.71 23.5 59 2.68 0
14:40 743.71 23.61 58 4.02 0
14:41 743.71 23.67 58 3.58 0
14:42 743.71 23.61 58 1.34 0
14:43 743.71 23.67 59 1.79 0
14:44 743.71 23.67 59 3.13 0
14:45 743.71 23.56 58 2.68 0
14:46 743.71 23.5 59 4.02 0
14:47 743.71 23.5 59 4.02 0
14:48 743.71 23.39 58 4.92 0
14:49 743.71 23.28 58 4.47 0
14:50 743.71 23.17 58 4.02 0
14:51 743.71 23.17 59 4.02 0
14:52 743.46 23.17 60 1.34 0
14:53 743.46 23.28 59 1.34 0
14:54 743.46 23.33 59 .89 0
14:55 743.46 23.44 58 .89 0
14:56 743.46 23.5 59 1.34 0
14:57 743.46 23.61 59 2.68 0
14:58 743.46 23.67 58 2.68 0
14:59 743.46 23.61 57 3.58 0
15:00 743.46 23.56 58 1.79 0
15:01 743.46 23.56 59 4.92 0
15:02 743.46 23.56 59 1.79 0
15:03 743.46 23.61 60 2.24 0
15:04 743.46 23.61 59 2.68 0
15:05 743.46 23.61 57 4.47 0
15:06 743.46 23.5 56 4.02 0
15:07 743.46 23.5 57 3.13 0
15:08 743.46 23.5 57 .89 0
15:09 743.46 23.5 56 1.34 0
15:10 743.46 23.5 57 2.24 0
15:11 743.46 23.5 57 2.24 0
15:12 743.46 23.56 56 3.13 0
15:13 743.46 23.56 56 4.02 0
15:14 743.46 23.61 56 4.92 0
15:15 743.46 23.61 57 4.92 0
15:16 743.46 23.61 57 5.36 0
15:17 743.2 23.67 57 3.58 0
15:18 743.2 23.67 57 4.47 0
15:19 743.46 23.67 57 3.58 0
15:20 743.46 23.67 57 3.58 0
15:21 743.46 23.72 57 .89 0
15:22 743.2 23.78 56 2.24 0
15:23 743.46 23.83 56 3.58 0
15:24 743.2 23.83 56 2.68 0
15:25 743.2 23.83 56 1.34 0
15:26 743.2 23.94 57 2.68 0
15:27 743.2 23.94 57 2.24 0
15:28 743.2 24 56 3.13 0
15:29 743.2 24 57 3.58 0
15:30 743.2 24 56 2.24 0
15:31 743.2 24 56 1.34 0
15:32 743.46 23.94 56 3.58 0
15:33 743.2 23.94 56 3.58 0
15:34 743.2 23.83 56 2.68 0
15:35 743.2 23.83 57 .89 0
15:36 743.2 23.78 57 1.79 0
15:37 743.2 23.83 57 2.24 0
15:38 743.2 23.78 56 .89 0
15:39 743.2 23.83 56 .89 0
15:40 743.2 23.89 56 1.34 0
15:41 743.2 23.89 56 2.24 0
15:42 743.2 23.94 56 3.58 0
15:43 743.2 23.94 55 3.58 0
15:44 743.2 23.94 55 2.68 0
15:45 743.2 24 55 1.79 0
15:46 743.2 24 56 1.79 0
15:47 743.2 24.06 55 1.79 0
15:48 743.2 24.06 55 1.34 0
15:49 743.2 24.06 54 1.79 0
15:50 743.2 24.11 55 2.68 0
15:51 743.2 24.11 54 2.68 0
15:52 743.2 24.06 55 2.24 0
15:53 743.2 24.06 56 4.92 0
15:54 743.2 24 55 3.13 0
15:55 743.2 23.94 55 2.68 0
15:56 743.2 23.94 55 1.79 0
15:57 743.2 23.94 56 1.79 0
15:58 743.2 23.94 55 2.68 0
15:59 743.2 23.94 55 2.68 0
16:00 743.2 23.89 55 1.79 0
16:01 743.2 23.83 56 2.68 0
16:02 743.2 23.83 56 1.34 0
16:03 743.2 23.78 57 2.24 0
16:04 743.2 23.78 57 3.13 0
16:05 743.2 23.72 56 4.02 0
16:06 743.2 23.72 56 3.58 0
16:07 743.2 23.72 57 .89 0
16:08 742.95 23.78 58 3.58 0
16:09 743.2 23.78 57 3.58 0
16:10 743.2 23.72 57 4.47 0
16:11 743.2 23.78 57 2.24 0
16:12 743.2 23.78 57 2.24 0
16:13 743.2 23.72 57 1.79 0
16:14 743.2 23.72 58 3.58 0
16:15 743.2 23.72 57 2.68 0
16:16 743.2 23.72 57 2.68 0
16:17 743.2 23.78 57 1.34 0
16:18 743.2 23.83 57 .89 0
16:19 743.2 23.83 58 1.79 0
16:20 743.2 23.83 57 1.79 0
16:21 742.95 23.89 57 1.79 0
16:22 742.95 23.83 56 3.13 0
16:23 742.95 23.83 57 1.79 0
16:24 742.95 23.72 57 3.58 0
16:25 742.95 23.67 57 1.79 0
16:26 742.95 23.67 57 .89 0
16:27 742.95 23.56 57 1.79 0
16:28 742.95 23.56 57 1.79 0
16:29 742.95 23.56 57 1.79 0
16:30 742.95 23.56 56 2.24 0
16:31 742.95 23.56 57 1.79 0
16:32 742.95 23.56 57 2.24 0
16:33 742.95 23.5 57 1.79 0
16:34 742.95 23.5 57 1.79 0
16:35 742.95 23.44 58 .89 0
16:36 742.95 23.44 57 .89 0
16:37 742.95 23.44 57 1.34 0
16:38 742.95 23.44 58 1.34 0
16:39 742.95 23.44 57 1.34 0
16:40 742.95 23.44 58 1.34 0
16:41 742.95 23.44 57 1.79 0
16:42 742.95 23.44 58 1.79 0
16:43 742.95 23.39 58 1.34 0
16:44 742.95 23.39 58 1.79 0
16:45 742.95 23.39 58 .89 0
16:46 742.95 23.39 58 .89 0
16:47 742.95 23.39 58 1.34 0
16:48 742.95 23.33 59 1.34 0
16:49 742.95 23.33 59 .89 0
16:50 742.95 23.28 58 2.24 0
16:51 742.95 23.28 58 1.79 0
16:52 742.95 23.28 58 1.34 0
16:53 742.95 23.28 58 .45 0
16:54 742.95 23.33 59 1.34 0
16:55 742.95 23.28 58 1.34 0
16:56 742.95 23.33 58 .89 0
16:57 742.95 23.33 59 1.79 0
16:58 742.95 23.33 58 2.24 0
16:59 742.95 23.33 58 .89 0
17:00 742.95 23.33 58 1.34 0
17:01 742.95 23.33 58 .89 0
17:02 742.95 23.33 59 1.34 0
17:03 742.95 23.39 58 .89 0
17:04 742.95 23.44 58 1.34 0
17:05 742.95 23.5 59 1.34 0
17:06 742.95 23.5 59 1.79 0
17:07 742.95 23.56 58 1.34 0
17:08 742.95 23.56 58 1.34 0
17:09 742.95 23.61 58 1.34 0
17:10 742.95 23.67 58 2.68 0
17:11 742.95 23.72 57 1.79 0
17:12 742.95 23.72 57 .89 0
17:13 742.95 23.78 58 .89 0
17:14 742.95 23.78 58 2.68 0
17:15 742.95 23.83 57 1.79 0
17:16 742.95 23.83 57 2.24 0
17:17 742.95 23.89 57 2.68 0
17:18 742.95 23.89 57 1.34 0
17:19 742.95 23.89 57 1.34 0
17:20 742.95 23.94 59 .89 0
17:21 742.95 24 57 1.34 0
17:22 742.95 24.06 59 3.13 0
17:23 742.95 24.11 57 3.13 0
17:24 742.95 24.11 56 2.68 0
17:25 742.95 24.11 56 1.79 0
17:26 742.95 24.17 56 2.24 0
17:27 742.95 24.11 56 1.79 0
17:28 742.95 24.11 56 2.24 0
17:29 742.95 24.11 56 .89 0
17:30 742.95 24.22 57 1.79 0
17:31 742.95 24.22 56 1.79 0
17:32 742.95 24.22 56 2.24 0
17:33 742.95 24.28 57 .89 0
17:34 742.95 24.33 56 .45 0
17:35 742.95 24.39 56 1.34 0
17:36 742.95 24.44 55 2.68 0
17:37 742.95 24.44 54 .89 0
17:38 742.95 24.44 54 3.13 0
17:39 742.95 24.44 54 4.02 0
17:40 742.95 24.44 54 3.58 0
17:41 742.95 24.39 53 2.68 0
17:42 742.95 24.28 54 2.68 0
17:43 742.95 24.28 53 2.24 0
17:44 742.95 24.22 54 2.68 0
17:45 742.95 24.17 54 1.79 0
17:46 742.95 24.11 54 1.79 0
17:47 742.95 24.17 54 1.34 0
17:48 742.95 24.17 55 1.79 0
17:49 742.95 24.17 54 1.79 0
17:50 742.95 24.22 54 1.79 0
17:51 742.95 24.22 54 1.34 0
17:52 742.95 24.28 54 3.13 0
17:53 742.95 24.28 54 1.34 0
17:54 742.95 24.28 55 1.34 0
17:55 742.95 24.33 54 1.79 0
17:56 742.95 24.33 55 3.13 0
17:57 742.95 24.33 55 2.68 0
17:58 742.95 24.28 54 3.58 0
17:59 742.95 24.22 54 1.79 0
18:00 742.95 24.17 55 1.34 0
18:01 742.95 24.17 55 1.79 0
18:02 742.95 24.11 55 1.79 0
18:03 742.95 24.11 55 1.34 0
18:04 742.95 24.06 55 .89 0
18:05 742.95 24.06 56 1.79 0
18:06 742.95 24.06 56 1.79 0
18:07 742.95 24.06 56 2.68 0
18:08 742.95 24 56 3.58 0
18:09 742.95 24 56 2.24 0
18:10 742.95 23.94 56 1.79 0
18:11 742.95 23.94 56 1.79 0
18:12 742.95 23.89 56 1.79 0
18:13 742.95 23.89 56 1.79 0
18:14 742.95 23.83 56 3.58 0
18:15 742.95 23.78 56 1.34 0
18:16 742.95 23.78 57 .89 0
18:17 742.95 23.72 57 1.34 0
18:18 742.95 23.67 57 1.79 0
18:19 742.95 23.67 57 1.79 0
18:20 742.95 23.61 57 3.58 0
18:21 742.95 23.56 57 1.79 0
18:22 742.95 23.56 57 2.24 0
18:23 742.95 23.5 57 1.34 0
18:24 742.95 23.5 58 1.34 0
18:25 742.95 23.44 58 1.34 0
18:26 742.95 23.44 58 1.79 0
18:27 742.95 23.44 58 2.24 0
18:28 742.95 23.39 58 1.79 0
18:29 742.95 23.39 58 1.34 0
18:30 742.95 23.39 58 1.34 0
18:31 742.95 23.33 59 .89 0
18:32 742.95 23.33 59 .89 0
18:33 742.95 23.33 59 .89 0
18:34 742.95 23.33 60 1.34 0
18:35 742.95 23.28 59 .89 0
18:36 742.95 23.33 60 1.79 0
18:37 742.95 23.28 59 .45 0
18:38 742.95 23.28 60 .89 0
18:39 742.95 23.28 60 .89 0
18:40 742.95 23.28 59 .89 0
18:41 742.95 23.22 60 1.34 0
18:42 742.95 23.28 60 1.34 0
18:43 742.95 23.22 60 .89 0
18:44 742.95 23.22 60 .89 0
18:45 742.95 23.22 60 .89 0
18:46 742.95 23.17 60 .89 0
18:47 742.95 23.17 60 .89 0
18:48 742.95 23.17 60 1.34 0
18:49 742.95 23.17 60 1.34 0
18:50 742.95 23.11 60 .45 0
18:51 742.95 23.11 61 .89 0
18:52 742.7 23.06 60 .89 0
18:53 742.95 23.06 61 1.34 0
18:54 742.7 23 61 1.34 0
18:55 742.95 22.94 60 .89 0
18:56 742.95 22.94 61 .45 0
18:57 742.95 23 61 .89 0
18:58 742.7 22.94 61 .45 0
18:59 742.95 22.94 61 .45 0
19:00 742.95 22.94 62 0 0
19:01 742.7 22.89 62 0 0
19:02 742.7 22.89 61 0 0
19:03 742.95 22.83 62 0 0
19:04 742.7 22.83 61 0 0
19:05 742.7 22.83 61 0 0
19:06 742.7 22.78 62 0 0
19:07 742.95 22.78 62 0 0
19:08 742.7 22.78 62 0 0
19:09 742.7 22.78 62 0 0
19:10 742.7 22.78 63 0 0
19:11 742.95 22.78 64 0 0
19:12 742.7 22.78 64 0 0
19:13 742.7 22.72 64 0 0
19:14 742.7 22.72 63 .45 0
19:15 742.7 22.67 63 .45 0
19:16 742.7 22.67 63 .89 0
19:17 742.7 22.67 64 1.34 0
19:18 742.7 22.67 64 .89 0
19:19 742.7 22.61 64 .89 0
19:20 742.7 22.67 64 .89 0
19:21 742.7 22.61 64 .89 0
19:22 742.7 22.61 65 .89 0
19:23 742.7 22.61 64 0 0
19:24 742.7 22.56 64 .45 0
19:25 742.7 22.56 64 .45 0
19:26 742.7 22.56 64 .89 0
19:27 742.7 22.56 64 .45 0
19:28 742.7 22.56 63 .45 0
19:29 742.7 22.56 64 0 0
19:30 742.7 22.5 64 .45 0
19:31 742.7 22.56 64 0 0
19:32 742.7 22.5 65 0 0
19:33 742.7 22.56 65 0 0
19:34 742.7 22.5 65 0 0
19:35 742.7 22.5 66 0 0
19:36 742.7 22.5 67 0 0
19:37 742.7 22.44 67 0 0
19:38 742.7 22.39 68 .45 0
19:39 742.7 22.39 68 0 0
19:40 742.7 22.33 69 .45 0
19:41 742.7 22.28 68 .45 0
19:42 742.44 22.22 68 0 0
19:43 742.7 22.17 67 0 0
19:44 742.7 22.17 67 0 0
19:45 742.7 22.11 67 0 0
19:46 742.7 22.11 68 .45 0
19:47 742.7 22.06 68 0 0
19:48 742.7 22.06 68 0 0
19:49 742.44 22.06 69 0 0
19:50 742.7 22 68 0 0
19:51 742.7 21.94 68 0 0
19:52 742.7 21.94 69 0 0
19:53 742.7 21.94 70 0 0
19:54 742.44 21.89 70 0 0
19:55 742.44 21.83 69 0 0
19:56 742.7 21.83 70 0 0
19:57 742.7 21.78 70 .89 0
19:58 742.7 21.72 69 .45 0
19:59 742.7 21.72 69 .45 0
20:00 742.7 21.72 69 .89 0
20:01 742.44 21.67 69 .89 0
20:02 742.7 21.72 69 .45 0
20:03 742.44 21.67 71 .45 0
20:04 742.44 21.67 71 .45 0
20:05 742.44 21.61 70 .45 0
20:06 742.44 21.61 70 .45 0
20:07 742.44 21.56 70 .45 0
20:08 742.44 21.61 70 .45 0
20:09 742.44 21.56 70 0 0
20:10 742.44 21.5 71 .89 0
20:11 742.44 21.5 71 .45 0
20:12 742.44 21.5 71 .89 0
20:13 742.44 21.44 70 0 0
20:14 742.44 21.44 71 .89 0
20:15 742.44 21.44 72 .45 0
20:16 742.44 21.39 72 .89 0
20:17 742.44 21.33 71 .45 0
20:18 742.44 21.33 71 .89 0
20:19 742.44 21.33 71 .89 0
20:20 742.44 21.28 71 1.34 0
20:21 742.44 21.28 71 1.79 0
20:22 742.7 21.28 71 2.24 0
20:23 742.7 21.33 72 2.68 0
20:24 742.7 21.28 71 6.26 0
20:25 742.7 21.22 71 4.92 0
20:26 742.7 21.17 71 7.6 0
20:27 742.7 21.17 70 4.47 0
20:28 742.7 21.17 70 4.47 0
20:29 742.7 21.17 70 2.24 0
20:30 742.7 21.17 70 4.02 0
20:31 742.7 21.17 70 2.68 0
20:32 742.7 21.17 70 5.36 0
20:33 742.7 21.17 70 2.68 0
20:34 742.7 21.17 70 3.58 0
20:35 742.7 21.17 70 4.92 0
20:36 742.7 21.17 70 4.92 0
20:37 742.7 21.17 70 4.02 0
20:38 742.7 21.17 70 4.02 0
20:39 742.7 21.11 70 3.58 0
20:40 742.7 21.11 71 2.24 0
20:41 742.7 21.11 71 1.79 0
20:42 742.7 21.06 71 1.79 0
20:43 742.7 21.11 71 1.79 0
20:44 742.7 21.06 71 1.79 0
20:45 742.7 21.06 71 1.79 0
20:46 742.7 21.06 71 2.24 0
20:47 742.7 21 71 1.34 0
20:48 742.44 21 71 1.34 0
20:49 742.7 20.94 72 2.24 0
20:50 742.44 21 72 .89 0
20:51 742.7 20.94 72 2.68 0
20:52 742.44 20.94 72 1.34 0
20:53 742.44 20.94 72 .89 0
20:54 742.7 20.94 72 1.79 0
20:55 742.44 20.94 72 3.58 0
20:56 742.7 20.89 72 1.79 0
20:57 742.44 20.89 72 1.34 0
20:58 742.44 20.83 72 .89 0
20:59 742.44 20.83 73 .45 0
21:00 742.44 20.78 73 1.34 0
21:01 742.44 20.78 72 1.79 0
21:02 742.44 20.78 72 .89 0
21:03 742.44 20.72 72 2.24 0
21:04 742.44 20.67 72 .89 0
21:05 742.44 20.67 73 1.34 0
21:06 742.44 20.61 72 1.34 0
21:07 742.44 20.61 72 .89 0
21:08 742.44 20.56 72 .45 0
21:09 742.44 20.56 73 1.34 0
21:10 742.44 20.5 73 1.79 0
21:11 742.44 20.5 72 1.79 0
21:12 742.44 20.44 73 3.13 0
21:13 742.44 20.44 73 1.79 0
21:14 742.44 20.39 73 1.79 0
21:15 742.44 20.39 73 2.24 0
21:16 742.44 20.33 73 1.34 0
21:17 742.44 20.33 73 1.34 0
21:18 742.44 20.28 73 .89 0
21:19 742.44 20.28 73 1.79 0
21:20 742.44 20.28 73 1.34 0
21:21 742.44 20.28 73 3.58 0
21:22 742.44 20.17 73 3.58 0
21:23 742.44 20.22 73 3.58 0
21:24 742.44 20.17 73 4.02 0
21:25 742.44 20.22 73 3.13 0
21:26 742.44 20.22 73 2.68 0
21:27 742.44 20.17 73 .45 0
21:28 742.44 20.17 73 2.24 0
21:29 742.44 20.11 73 1.34 0
21:30 742.44 20.11 73 .89 0
21:31 742.44 20.11 73 1.79 0
21:32 742.44 20.11 73 1.79 0
21:33 742.44 20.06 73 1.34 0
21:34 742.44 20.06 73 .89 0
21:35 742.44 20.06 73 .89 0
21:36 742.44 20 74 2.24 0
21:37 742.44 20 73 1.34 0
21:38 742.19 20 73 2.24 0
21:39 742.19 20 73 1.34 0
21:40 742.44 20 73 1.34 0
21:41 742.19 19.94 74 .89 0
21:42 742.19 19.94 73 1.34 0
21:43 742.19 19.94 74 1.79 0
21:44 742.19 19.94 74 1.79 0
21:45 742.19 19.89 74 1.34 0
21:46 742.19 19.83 74 2.24 0
21:47 742.19 19.83 74 1.79 0
21:48 742.19 19.83 74 1.34 0
21:49 742.19 19.78 74 1.79 0
21:50 742.19 19.78 74 .89 0
21:51 742.19 19.72 74 1.34 0
21:52 742.19 19.72 74 .89 0
21:53 742.19 19.72 74 1.79 0
21:54 742.19 19.67 74 .45 0
21:55 742.19 19.61 74 1.34 0
21:56 742.19 19.61 74 .89 0
21:57 742.19 19.61 74 1.79 0
21:58 742.19 19.61 74 .45 0
21:59 742.19 19.56 75 .45 0
22:00 742.19 19.56 75 1.79 0
22:01 742.19 19.56 75 .89 0
22:02 742.19 19.56 75 .45 0
22:03 742.19 19.56 75 .89 0
22:04 742.19 19.56 75 1.34 0
22:05 742.19 19.56 75 .45 0
22:06 742.19 19.5 75 1.34 0
22:07 742.19 19.5 75 1.34 0
22:08 742.19 19.5 75 .45 0
22:09 742.19 19.44 75 .89 0
22:10 742.19 19.44 75 .89 0
22:11 742.19 19.44 75 1.34 0
22:12 742.19 19.39 75 2.68 0
22:13 742.19 19.39 75 1.79 0
22:14 742.19 19.33 75 1.79 0
22:15 742.19 19.33 75 1.79 0
22:16 742.19 19.33 75 2.68 0
22:17 742.19 19.33 75 1.79 0
22:18 742.19 19.33 75 1.34 0
22:19 742.19 19.33 75 1.34 0
22:20 742.19 19.33 75 1.79 0
22:21 742.19 19.28 75 1.79 0
22:22 742.19 19.28 75 1.34 0
22:23 742.19 19.28 75 1.34 0
22:24 742.19 19.28 75 2.68 0
22:25 742.19 19.28 76 1.34 0
22:26 742.19 19.22 76 .89 0
22:27 742.19 19.22 76 1.34 0
22:28 742.19 19.22 76 1.79 0
22:29 742.19 19.17 76 .89 0
22:30 742.19 19.17 76 1.34 0
22:31 742.19 19.17 76 1.79 0
22:32 742.19 19.11 76 1.34 0
22:33 742.19 19.11 76 1.34 0
22:34 742.19 19.11 76 1.79 0
22:35 742.19 19.11 76 1.34 0
22:36 742.19 19.06 76 .89 0
22:37 742.19 19.06 76 .89 0
22:38 742.19 19.06 76 2.68 0
22:39 742.19 19.06 76 3.58 0
22:40 742.19 19 76 1.79 0
22:41 742.19 19 76 2.24 0
22:42 742.19 19 76 .89 0
22:43 742.19 19 76 2.68 0
22:44 742.19 19 76 1.34 0
22:45 742.19 19 76 1.79 0
22:46 742.19 18.94 76 1.79 0
22:47 742.19 18.94 76 1.34 0
22:48 742.19 18.94 76 4.47 0
22:49 742.19 18.94 75 1.34 0
22:50 742.19 18.94 75 1.34 0
22:51 742.19 18.94 75 .89 0
22:52 742.19 18.94 75 1.34 0
22:53 742.19 18.94 76 1.79 0
22:54 742.19 18.94 75 1.34 0
22:55 742.19 18.94 75 1.79 0
22:56 742.19 18.94 76 1.34 0
22:57 742.19 18.94 76 1.79 0
22:58 742.19 18.94 76 .89 0
22:59 742.19 18.89 76 1.34 0
23:00 742.19 18.94 76 1.34 0
23:01 742.19 18.94 76 1.34 0
23:02 742.19 18.94 76 .45 0
23:03 742.19 18.94 76 .45 0
23:04 742.19 18.94 76 0 0
23:05 742.19 18.94 76 .45 0
23:06 742.19 18.89 77 .45 0
23:07 742.19 18.89 77 .89 0
23:08 742.19 18.89 77 .45 0
23:09 742.19 18.89 77 .89 0
23:10 742.19 18.83 77 0 0
23:11 742.19 18.83 77 0 0
23:12 741.93 18.83 77 .45 0
23:13 742.19 18.83 77 .45 0
23:14 742.19 18.78 77 1.34 0
23:15 742.19 18.78 77 .89 0
23:16 742.19 18.78 77 .45 0
23:17 742.19 18.78 77 .45 0
23:18 742.19 18.78 77 .45 0
23:19 742.19 18.72 77 .89 0
23:20 742.19 18.72 77 .45 0
23:21 742.19 18.67 76 1.34 0
23:22 741.93 18.67 77 .89 0
23:23 741.93 18.61 77 .45 0
23:24 742.19 18.61 77 0 0
23:25 741.93 18.61 76 .45 0
23:26 742.19 18.61 77 1.34 0
23:27 741.93 18.56 77 .89 0
23:28 741.93 18.56 77 .89 0
23:29 741.93 18.56 77 .89 0
23:30 741.93 18.56 77 1.34 0
23:31 741.93 18.5 77 1.34 0
23:32 741.93 18.5 77 .89 0
23:33 741.93 18.5 77 1.34 0
23:34 741.93 18.5 77 1.79 0
23:35 741.93 18.5 77 1.34 0
23:36 741.93 18.44 78 .89 0
23:37 741.93 18.44 78 .45 0
23:38 741.93 18.44 78 .89 0
23:39 741.93 18.39 78 0 0
23:40 741.93 18.39 78 1.79 0
23:41 741.93 18.39 78 1.34 0
23:42 741.93 18.33 78 1.79 0
23:43 741.93 18.33 78 1.79 0
23:44 741.93 18.33 78 1.79 0
23:45 741.93 18.33 78 1.34 0
23:46 741.93 18.28 78 1.34 0
23:47 741.93 18.28 78 1.79 0
23:48 741.93 18.28 78 1.34 0
23:49 741.93 18.28 78 1.34 0
23:50 741.93 18.28 79 1.34 0
23:51 741.93 18.22 79 .89 0
23:52 741.93 18.22 79 .89 0
23:53 741.93 18.17 79 1.79 0
23:54 741.93 18.17 79 1.34 0
23:55 741.93 18.17 79 0 0
23:56 741.93 18.11 80 1.79 0
23:57 741.93 18.11 80 1.34 0
23:58 741.93 18.06 80 1.34 0
23:59 741.93 18.06 80 .89 0
