00:00 737.87 -5 88 6.71 0
00:01 737.87 -5 88 5.36 0
00:02 737.87 -4.94 88 7.15 0
00:03 737.87 -5 88 6.71 0
00:04 737.87 -4.94 88 4.02 0
00:05 737.87 -5 88 7.6 0
00:06 737.87 -5 88 8.49 0
00:07 737.87 -5 88 5.81 0
00:08 737.87 -5 88 6.71 0
00:09 737.87 -5 88 10.73 0
00:10 737.87 -5 88 6.26 0
00:11 737.87 -5 88 6.71 0
00:12 737.87 -5 88 7.6 0
00:13 737.87 -5 88 6.71 0
00:14 737.87 -5 87 9.39 0
00:15 737.87 -5 87 6.71 0
00:16 737.87 -5 88 8.05 0
00:17 737.87 -5.06 88 4.92 0
00:18 737.87 -5.06 88 4.92 0
00:19 737.87 -5.06 88 4.47 0
00:20 737.87 -5.06 88 6.26 0
00:21 737.87 -5.06 88 4.47 0
00:22 737.87 -5.06 88 7.15 0
00:23 737.87 -5.06 88 7.15 0
00:24 737.87 -5.11 88 5.36 0
00:25 737.87 -5.06 88 5.36 0
00:26 737.87 -5.06 88 6.71 0
00:27 737.87 -5.11 88 4.92 0
00:28 737.87 -5.06 88 4.92 0
00:29 737.87 -5.06 88 4.92 0
00:30 737.87 -5.11 88 4.02 0
00:31 737.87 -5.06 88 4.47 0
00:32 737.87 -5.06 88 4.47 0
00:33 737.87 -5.06 88 6.71 0
00:34 737.87 -5.11 88 4.47 0
00:35 737.87 -5.06 88 5.81 0
00:36 737.87 -5.06 88 4.47 0
00:37 737.87 -5.06 88 5.81 0
00:38 737.87 -5.11 88 3.58 0
00:39 737.87 -5.06 88 2.68 0
00:40 737.87 -5.11 88 2.68 0
00:41 737.87 -5.06 88 4.02 0
00:42 737.87 -5.06 88 6.26 0
00:43 737.87 -5.06 88 6.71 0
00:44 737.87 -5.06 88 5.81 0
00:45 737.87 -5.06 88 6.26 0
00:46 737.87 -5 88 4.92 0
00:47 737.87 -5 88 7.6 0
00:48 738.12 -5 88 7.6 0
00:49 738.12 -4.94 88 6.71 0
00:50 738.12 -4.94 88 2.68 0
00:51 738.12 -4.94 88 7.6 0
00:52 738.12 -4.94 88 8.49 0
00:53 738.12 -4.94 88 6.71 0
00:54 738.12 -5 87 9.39 0
00:55 738.12 -4.94 87 4.02 0
00:56 738.12 -4.94 87 7.15 0
00:57 738.12 -5 87 8.49 0
00:58 738.12 -5 87 9.39 0
00:59 738.12 -5 87 6.71 0
01:00 738.12 -5 87 2.68 0
01:01 738.12 -5 88 6.26 0
01:02 738.38 -5 87 7.6 0
01:03 738.38 -5.06 87 5.81 0
01:04 738.12 -5.11 87 6.26 0
01:05 738.38 -5.11 87 7.6 0
01:06 738.38 -5.11 86 8.49 0
01:07 738.38 -5.11 86 7.6 0
01:08 738.38 -5.11 86 8.49 0
01:09 738.38 -5.17 86 9.39 0
01:10 738.38 -5.17 86 5.81 0
01:11 738.38 -5.17 86 2.68 0
01:12 738.38 -5.17 87 6.71 0
01:13 738.38 -5.17 87 8.05 0
01:14 738.38 -5.22 87 4.02 0
01:15 738.38 -5.28 87 7.15 0
01:16 738.38 -5.28 87 7.6 0
01:17 738.38 -5.28 87 4.02 0
01:18 738.38 -5.28 87 4.02 0
01:19 738.38 -5.28 87 4.47 0
01:20 738.38 -5.28 87 2.24 0
01:21 738.38 -5.28 87 3.58 0
01:22 738.38 -5.28 87 5.36 0
01:23 738.38 -5.33 88 7.6 0
01:24 738.38 -5.33 88 7.6 0
01:25 738.63 -5.33 88 4.47 0
01:26 738.38 -5.33 87 6.71 0
01:27 738.38 -5.33 87 10.73 0
01:28 738.38 -5.33 87 4.02 0
01:29 738.63 -5.33 87 4.02 0
01:30 738.63 -5.39 87 8.05 0
01:31 738.63 -5.39 87 4.47 0
01:32 738.63 -5.39 87 5.36 0
01:33 738.63 -5.44 86 8.49 0
01:34 738.63 -5.44 86 9.83 0
01:35 738.63 -5.44 86 5.36 0
01:36 738.63 -5.44 86 9.39 0
01:37 738.63 -5.44 86 5.81 0
01:38 738.63 -5.5 86 7.6 0
01:39 738.63 -5.5 86 8.05 0
01:40 738.63 -5.5 86 8.49 0
01:41 738.63 -5.5 85 4.92 0
01:42 738.63 -5.5 86 4.47 0
01:43 738.63 -5.5 86 6.26 0
01:44 738.63 -5.5 86 4.92 0
01:45 738.63 -5.5 86 2.68 0
01:46 738.63 -5.5 86 5.81 0
01:47 738.63 -5.56 87 2.68 0
01:48 738.63 -5.5 87 2.68 0
01:49 738.63 -5.5 87 4.92 0
01:50 738.63 -5.5 87 4.02 0
01:51 738.63 -5.56 87 5.36 0
01:52 738.63 -5.5 87 4.02 0
01:53 738.63 -5.5 87 6.71 0
01:54 738.89 -5.5 86 3.58 0
01:55 738.89 -5.5 86 4.92 0
01:56 738.89 -5.5 86 3.58 0
01:57 738.89 -5.5 86 8.49 0
01:58 738.89 -5.5 86 5.81 0
01:59 738.89 -5.5 86 5.81 0
02:00 738.89 -5.5 86 3.58 0
02:01 738.89 -5.56 86 4.92 0
02:02 738.89 -5.56 86 3.58 0
02:03 738.89 -5.56 86 7.6 0
02:04 738.89 -5.56 86 7.6 0
02:05 738.89 -5.56 85 5.36 0
02:06 738.89 -5.56 84 4.92 0
02:07 738.89 -5.56 84 4.92 0
02:08 738.89 -5.56 85 7.15 0
02:09 738.89 -5.56 85 5.36 0
02:10 739.14 -5.56 84 7.15 0
02:11 738.89 -5.61 84 6.26 0
02:12 738.89 -5.61 84 8.49 0
02:13 738.89 -5.61 83 5.81 0
02:14 738.89 -5.67 83 6.71 0
02:15 738.89 -5.67 83 4.47 0
02:16 738.89 -5.67 83 8.05 0
02:17 738.89 -5.67 83 4.47 0
02:18 738.89 -5.67 82 4.02 0
02:19 738.89 -5.67 82 4.92 0
02:20 738.89 -5.67 83 7.15 0
02:21 738.89 -5.67 83 4.92 0
02:22 738.89 -5.67 82 6.71 0
02:23 738.89 -5.67 82 5.81 0
02:24 739.14 -5.67 82 5.81 0
02:25 738.89 -5.67 83 3.58 0
02:26 738.89 -5.67 83 4.02 0
02:27 738.89 -5.72 83 4.47 0
02:28 738.89 -5.72 83 6.26 0
02:29 738.89 -5.72 83 5.36 0
02:30 738.89 -5.72 83 4.02 0
02:31 738.89 -5.72 83 4.47 0
02:32 738.89 -5.72 82 5.81 0
02:33 738.89 -5.72 82 4.92 0
02:34 738.89 -5.72 82 4.02 0
02:35 738.89 -5.72 82 5.81 0
02:36 738.89 -5.72 82 7.15 0
02:37 738.89 -5.72 81 4.47 0
02:38 738.89 -5.78 82 5.36 0
02:39 739.14 -5.78 82 3.58 0
02:40 739.14 -5.78 82 4.92 0
02:41 739.14 -5.78 82 1.34 0
02:42 739.14 -5.78 82 3.58 0
02:43 739.14 -5.83 82 4.47 0
02:44 739.14 -5.83 83 4.02 0
02:45 739.14 -5.83 82 4.47 0
02:46 739.14 -5.78 82 4.02 0
02:47 739.14 -5.83 82 4.92 0
02:48 739.14 -5.83 82 4.02 0
02:49 739.14 -5.83 82 6.71 0
02:50 739.14 -5.83 82 5.36 0
02:51 739.14 -5.89 82 3.58 0
02:52 739.14 -5.89 82 4.02 0
02:53 739.14 -5.83 82 4.02 0
02:54 739.14 -5.89 82 4.92 0
02:55 739.14 -5.89 82 2.68 0
02:56 739.14 -5.94 82 3.58 0
02:57 739.39 -5.94 82 3.58 0
02:58 739.39 -5.94 82 3.58 0
02:59 739.14 -5.94 82 4.92 0
03:00 739.14 -5.94 82 1.79 0
03:01 739.39 -6 82 3.58 0
03:02 739.39 -6 82 4.47 0
03:03 739.39 -6 82 3.58 0
03:04 739.39 -6 82 3.58 0
03:05 739.39 -6 82 2.24 0
03:06 739.14 -6 82 2.68 0
03:07 739.39 -6.06 82 2.68 0
03:08 739.39 -6.06 82 1.34 0
03:09 739.39 -6.06 82 3.58 0
03:10 739.39 -6.11 82 1.79 0
03:11 739.39 -6.06 82 3.58 0
03:12 739.39 -6.06 82 3.58 0
03:13 739.39 -6.11 82 2.24 0
03:14 739.39 -6.11 82 4.02 0
03:15 739.39 -6.11 82 4.02 0
03:16 739.39 -6.11 82 5.36 0
03:17 739.39 -6.11 82 4.02 0
03:18 739.39 -6.11 82 2.24 0
03:19 739.39 -6.11 82 2.68 0
03:20 739.39 -6.17 82 2.24 0
03:21 739.39 -6.11 82 2.68 0
03:22 739.39 -6.17 83 2.24 0
03:23 739.39 -6.22 83 1.79 0
03:24 739.39 -6.22 83 1.79 0
03:25 739.39 -6.22 83 2.68 0
03:26 739.39 -6.28 83 2.68 0
03:27 739.39 -6.22 83 1.34 0
03:28 739.39 -6.22 83 2.24 0
03:29 739.39 -6.28 83 2.68 0
03:30 739.39 -6.28 83 2.24 0
03:31 739.39 -6.33 83 2.24 0
03:32 739.39 -6.33 83 2.24 0
03:33 739.39 -6.33 83 1.79 0
03:34 739.39 -6.39 83 2.24 0
03:35 739.39 -6.39 83 4.02 0
03:36 739.39 -6.39 83 1.79 0
03:37 739.39 -6.39 83 .89 0
03:38 739.39 -6.39 84 1.79 0
03:39 739.39 -6.44 84 1.79 0
03:40 739.65 -6.44 84 2.24 0
03:41 739.39 -6.44 84 2.24 0
03:42 739.39 -6.44 84 4.02 0
03:43 739.65 -6.44 84 1.79 0
03:44 739.65 -6.5 84 2.24 0
03:45 739.65 -6.56 84 2.68 0
03:46 739.39 -6.56 84 2.68 0
03:47 739.39 -6.56 84 2.24 0
03:48 739.39 -6.56 84 3.58 0
03:49 739.65 -6.61 84 2.68 0
03:50 739.39 -6.61 84 1.79 0
03:51 739.65 -6.67 84 3.58 0
03:52 739.65 -6.67 84 2.24 0
03:53 739.65 -6.67 84 1.79 0
03:54 739.65 -6.72 84 1.79 0
03:55 739.65 -6.72 84 2.68 0
03:56 739.65 -6.72 84 1.79 0
03:57 739.65 -6.78 84 2.68 0
03:58 739.65 -6.78 85 2.24 0
03:59 739.65 -6.78 85 2.68 0
04:00 739.65 -6.78 84 2.68 0
04:01 739.65 -6.78 84 3.58 0
04:02 739.65 -6.78 84 2.24 0
04:03 739.65 -6.78 84 3.58 0
04:04 739.65 -6.78 84 2.68 0
04:05 739.65 -6.83 84 2.68 0
04:06 739.65 -6.78 84 2.68 0
04:07 739.65 -6.83 84 1.79 0
04:08 739.65 -6.83 84 2.68 0
04:09 739.65 -6.83 84 3.58 0
04:10 739.65 -6.83 84 4.47 0
04:11 739.65 -6.83 84 2.24 0
04:12 739.65 -6.83 84 1.79 0
04:13 739.65 -6.78 84 3.58 0
04:14 739.65 -6.78 83 2.68 0
04:15 739.65 -6.78 83 5.36 0
04:16 739.65 -6.78 83 4.92 0
04:17 739.9 -6.72 82 3.58 0
04:18 739.9 -6.72 82 3.58 0
04:19 739.65 -6.78 83 2.24 0
04:20 739.9 -6.78 82 3.13 0
04:21 739.9 -6.83 82 4.92 0
04:22 739.9 -6.83 82 3.58 0
04:23 739.9 -6.78 82 4.02 0
04:24 739.9 -6.78 82 4.02 0
04:25 739.9 -6.83 81 2.68 0
04:26 739.9 -6.83 81 3.58 0
04:27 739.9 -6.83 81 2.68 0
04:28 739.9 -6.83 81 3.58 0
04:29 739.9 -6.83 81 3.58 0
04:30 739.9 -6.78 81 2.68 0
04:31 739.9 -6.83 81 3.58 0
04:32 739.9 -6.83 81 2.68 0
04:33 739.9 -6.89 81 4.47 0
04:34 739.9 -6.89 81 3.58 0
04:35 739.9 -6.89 81 3.58 0
04:36 739.9 -6.89 80 2.68 0
04:37 740.16 -6.89 80 4.92 0
04:38 739.9 -6.89 80 4.92 0
04:39 740.16 -6.89 80 4.02 0
04:40 740.16 -6.83 80 3.58 0
04:41 740.16 -6.83 80 4.47 0
04:42 740.16 -6.89 80 3.58 0
04:43 740.16 -6.83 79 2.24 0
04:44 740.16 -6.89 79 4.47 0
04:45 740.16 -6.89 79 3.58 0
04:46 740.16 -6.94 79 3.58 0
04:47 740.16 -6.89 79 4.47 0
04:48 740.16 -6.94 79 4.47 0
04:49 740.16 -6.94 79 2.68 0
04:50 740.16 -6.94 80 4.47 0
04:51 740.16 -7 80 2.68 0
04:52 740.16 -7 80 2.68 0
04:53 740.16 -7 80 5.36 0
04:54 740.16 -7 80 1.79 0
04:55 740.16 -7 80 1.79 0
04:56 740.16 -7 80 2.24 0
04:57 740.16 -7 80 3.58 0
04:58 740.16 -7.06 80 2.68 0
04:59 740.16 -7.06 80 4.47 0
05:00 740.16 -7.06 80 4.02 0
05:01 740.16 -7.06 80 2.24 0
05:02 740.16 -7.06 80 3.58 0
05:03 740.16 -7.06 80 4.02 0
05:04 740.16 -7.06 80 2.24 0
05:05 740.16 -7.11 80 4.92 0
05:06 740.41 -7.11 80 4.47 0
05:07 740.16 -7.11 80 3.58 0
05:08 740.41 -7.11 79 4.47 0
05:09 740.41 -7.06 79 2.24 0
05:10 740.41 -7.11 79 4.47 0
05:11 740.41 -7.11 79 2.68 0
05:12 740.41 -7.17 79 2.24 0
05:13 740.41 -7.17 79 3.58 0
05:14 740.41 -7.17 79 4.02 0
05:15 740.41 -7.17 79 1.79 0
05:16 740.41 -7.17 79 3.13 0
05:17 740.41 -7.22 79 4.47 0
05:18 740.41 -7.22 79 2.24 0
05:19 740.41 -7.22 79 5.81 0
05:20 740.41 -7.17 79 4.92 0
05:21 740.41 -7.17 79 4.92 0
05:22 740.41 -7.17 79 5.36 0
05:23 740.41 -7.17 78 3.58 0
05:24 740.41 -7.17 79 2.24 0
05:25 740.41 -7.17 79 1.79 0
05:26 740.41 -7.22 79 4.47 0
05:27 740.41 -7.28 78 4.47 0
05:28 740.41 -7.28 78 3.58 0
05:29 740.41 -7.28 78 2.68 0
05:30 740.41 -7.28 79 6.26 0
05:31 740.41 -7.22 78 2.68 0
05:32 740.41 -7.28 78 4.47 0
05:33 740.41 -7.28 78 3.58 0
05:34 740.66 -7.28 78 1.79 0
05:35 740.66 -7.28 78 3.58 0
05:36 740.41 -7.28 78 4.47 0
05:37 740.41 -7.33 78 4.02 0
05:38 740.66 -7.33 78 2.68 0
05:39 740.41 -7.28 78 4.92 0
05:40 740.66 -7.33 79 2.68 0
05:41 740.66 -7.33 79 6.26 0
05:42 740.66 -7.33 78 3.13 0
05:43 740.66 -7.28 78 4.02 0
05:44 740.66 -7.28 78 4.02 0
05:45 740.66 -7.33 78 1.34 0
05:46 740.66 -7.33 78 2.68 0
05:47 740.66 -7.33 78 3.58 0
05:48 740.66 -7.39 79 2.24 0
05:49 740.66 -7.39 79 2.24 0
05:50 740.66 -7.44 79 4.02 0
05:51 740.66 -7.44 79 5.36 0
05:52 740.66 -7.44 79 3.13 0
05:53 740.66 -7.44 79 4.92 0
05:54 740.66 -7.44 79 2.24 0
05:55 740.66 -7.44 79 1.79 0
05:56 740.66 -7.44 79 4.92 0
05:57 740.66 -7.5 79 4.02 0
05:58 740.66 -7.5 79 2.68 0
05:59 740.66 -7.5 79 2.24 0
06:00 740.66 -7.56 79 4.47 0
06:01 740.66 -7.5 79 4.02 0
06:02 740.66 -7.5 79 4.47 0
06:03 740.66 -7.5 79 4.47 0
06:04 740.66 -7.56 79 4.92 0
06:05 740.66 -7.56 79 3.13 0
06:06 740.66 -7.56 79 2.24 0
06:07 740.66 -7.56 79 2.68 0
06:08 740.66 -7.56 79 1.79 0
06:09 740.66 -7.56 79 4.47 0
06:10 740.66 -7.56 79 3.58 0
06:11 740.66 -7.61 79 1.79 0
06:12 740.92 -7.61 79 2.24 0
06:13 740.66 -7.67 79 4.92 0
06:14 740.66 -7.67 79 3.58 0
06:15 740.66 -7.67 79 1.34 0
06:16 740.66 -7.67 79 4.92 0
06:17 740.66 -7.72 79 3.58 0
06:18 740.66 -7.72 79 4.47 0
06:19 740.66 -7.72 80 2.24 0
06:20 740.66 -7.72 80 2.68 0
06:21 740.92 -7.72 80 3.58 0
06:22 740.92 -7.72 80 4.02 0
06:23 740.92 -7.72 79 1.79 0
06:24 740.92 -7.72 79 4.02 0
06:25 740.92 -7.72 80 4.02 0
06:26 740.92 -7.78 80 3.58 0
06:27 740.92 -7.78 80 5.36 0
06:28 740.92 -7.78 80 4.02 0
06:29 740.92 -7.78 80 4.02 0
06:30 740.92 -7.78 80 4.92 0
06:31 740.92 -7.78 80 4.47 0
06:32 740.92 -7.78 80 4.02 0
06:33 740.92 -7.78 80 2.68 0
06:34 740.92 -7.78 80 4.02 0
06:35 740.92 -7.78 80 4.02 0
06:36 740.92 -7.78 80 2.68 0
06:37 740.92 -7.78 80 2.68 0
06:38 740.92 -7.78 80 3.13 0
06:39 740.92 -7.78 80 2.24 0
06:40 740.92 -7.83 80 3.58 0
06:41 740.92 -7.83 80 4.02 0
06:42 740.92 -7.83 80 5.81 0
06:43 740.92 -7.83 80 4.47 0
06:44 740.92 -7.83 80 2.24 0
06:45 740.92 -7.83 80 4.02 0
06:46 740.92 -7.83 80 2.24 0
06:47 740.92 -7.83 80 3.58 0
06:48 741.17 -7.83 80 4.47 0
06:49 740.92 -7.83 80 3.13 0
06:50 741.17 -7.83 80 3.58 0
06:51 741.17 -7.83 80 1.79 0
06:52 740.92 -7.83 80 4.47 0
06:53 741.17 -7.83 80 2.68 0
06:54 0 1802.61 255 113.99 16645.89
06:55 0 1802.61 255 113.99 16645.89
06:56 0 1802.61 255 113.99 16645.89
06:57 0 1802.61 255 113.99 16645.89
06:58 0 1802.61 255 113.99 16645.89
06:59 0 1802.61 255 113.99 16645.89
07:00 0 1802.61 255 113.99 16645.89
07:01 0 1802.61 255 113.99 16645.89
07:02 0 1802.61 255 113.99 16645.89
07:03 0 1802.61 255 113.99 16645.89
07:04 0 1802.61 255 113.99 16645.89
07:05 0 1802.61 255 113.99 16645.89
07:06 0 1802.61 255 113.99 16645.89
07:07 0 1802.61 255 113.99 16645.89
07:08 0 1802.61 255 113.99 16645.89
07:09 0 1802.61 255 113.99 16645.89
07:10 741.17 -7.83 80 3.58 0
07:11 741.17 -7.78 80 2.68 0
07:12 741.17 -7.78 80 2.24 0
07:13 741.17 -7.78 80 4.92 0
07:14 741.17 -7.78 80 4.02 0
07:15 741.17 -7.78 80 3.58 0
07:16 741.17 -7.78 80 2.68 0
07:17 741.17 -7.78 80 4.47 0
07:18 741.17 -7.78 80 6.71 0
07:19 741.43 -7.67 80 2.68 0
07:20 741.17 -7.67 80 6.26 0
07:21 0 1802.61 255 113.99 16645.89
07:22 0 1802.61 255 113.99 16645.89
07:23 0 1802.61 255 113.99 16645.89
07:24 741.43 -7.61 80 4.02 0
07:25 741.43 -7.61 80 3.58 0
07:26 741.43 -7.61 80 4.92 0
07:27 741.43 -7.61 80 2.68 0
07:28 741.43 -7.61 80 2.68 0
07:29 741.43 -7.61 80 5.36 0
07:30 741.43 -7.61 80 3.58 0
07:31 741.43 -7.56 80 4.47 0
07:32 741.43 -7.56 80 4.47 0
07:33 741.43 -7.56 80 4.47 0
07:34 741.43 -7.5 80 5.36 0
07:35 741.43 -7.56 80 3.58 0
07:36 741.43 -7.5 80 5.36 0
07:37 741.43 -7.44 80 2.24 0
07:38 741.43 -7.44 80 2.68 0
07:39 741.43 -7.44 80 3.58 0
07:40 741.43 -7.44 80 2.68 0
07:41 741.43 -7.39 80 2.68 0
07:42 741.43 -7.44 80 3.58 0
07:43 741.43 -7.39 80 3.58 0
07:44 741.43 -7.33 80 5.81 0
07:45 741.43 -7.39 80 4.92 0
07:46 741.43 -7.33 80 4.92 0
07:47 741.43 -7.33 80 2.68 0
07:48 741.43 -7.33 80 2.68 0
07:49 741.43 -7.28 80 3.58 0
07:50 741.43 -7.28 80 3.58 0
07:51 741.43 -7.28 80 5.36 0
07:52 741.68 -7.28 80 4.02 0
07:53 741.43 -7.28 80 5.36 0
07:54 741.43 -7.22 80 4.47 0
07:55 741.43 -7.22 80 2.68 0
07:56 741.68 -7.17 80 4.92 0
07:57 741.68 -7.17 80 3.58 0
07:58 741.68 -7.17 80 5.36 0
07:59 741.68 -7.17 80 5.81 0
08:00 741.68 -7.11 80 2.24 0
08:01 741.68 -7.11 80 1.79 0
08:02 741.68 -7.11 80 2.68 0
08:03 741.68 -7.06 80 5.81 0
08:04 741.68 -7.06 80 5.81 0
08:05 741.68 -7 80 4.47 0
08:06 741.68 -7 80 4.02 0
08:07 741.68 -6.94 80 5.81 0
08:08 741.68 -6.89 80 4.02 0
08:09 741.68 -6.89 80 2.68 0
08:10 741.68 -6.83 80 4.47 0
08:11 741.68 -6.83 80 3.58 0
08:12 741.68 -6.83 80 5.81 0
08:13 741.68 -6.83 80 4.02 0
08:14 741.68 -6.78 80 4.02 0
08:15 741.68 -6.78 80 2.68 0
08:16 741.68 -6.72 80 1.79 0
08:17 741.68 -6.72 80 7.15 0
08:18 741.68 -6.72 80 5.36 0
08:19 741.68 -6.67 80 1.79 0
08:20 741.68 -6.67 80 1.79 0
08:21 741.68 -6.56 80 4.47 0
08:22 741.68 -6.56 80 4.02 0
08:23 741.68 -6.56 80 4.92 0
08:24 741.68 -6.5 80 4.47 0
08:25 741.68 -6.5 80 4.02 0
08:26 741.93 -6.44 80 4.92 0
08:27 741.93 -6.44 80 5.36 0
08:28 741.93 -6.44 79 4.02 0
08:29 741.93 -6.44 79 4.02 0
08:30 741.93 -6.33 79 4.02 0
08:31 741.93 -6.33 80 3.58 0
08:32 741.93 -6.33 79 4.47 0
08:33 741.93 -6.28 79 4.47 0
08:34 741.93 -6.28 79 3.13 0
08:35 741.93 -6.22 79 2.68 0
08:36 741.93 -6.22 79 1.34 0
08:37 741.93 -6.17 79 2.24 0
08:38 741.93 -6.11 79 4.02 0
08:39 741.93 -6.11 79 4.47 0
08:40 741.93 -6.06 79 4.47 0
08:41 741.93 -6.06 79 1.34 0
08:42 741.93 -6 79 3.13 0
08:43 741.93 -5.94 79 2.24 0
08:44 741.93 -6 79 5.81 0
08:45 741.93 -5.94 79 5.36 0
08:46 741.93 -5.94 78 3.58 0
08:47 741.93 -5.89 78 2.68 0
08:48 741.93 -5.89 79 2.24 0
08:49 741.93 -5.83 79 5.81 0
08:50 742.19 -5.89 78 8.05 0
08:51 742.19 -5.89 78 7.15 0
08:52 742.19 -5.94 78 5.81 0
08:53 742.19 -5.89 78 5.81 0
08:54 741.93 -5.83 78 2.24 0
08:55 742.19 -5.78 78 1.79 0
08:56 742.19 -5.72 79 2.24 0
08:57 742.19 -5.67 79 4.92 0
08:58 742.19 -5.67 78 3.58 0
08:59 742.19 -5.61 78 5.36 0
09:00 742.19 -5.56 78 3.58 0
09:01 742.19 -5.61 78 6.71 0
09:02 742.19 -5.61 78 6.26 0
09:03 742.19 -5.67 78 2.68 0
09:04 742.19 -5.67 78 4.47 0
09:05 742.19 -5.67 78 4.92 0
09:06 742.19 -5.61 78 4.47 0
09:07 742.19 -5.67 78 5.81 0
09:08 742.19 -5.67 78 5.36 0
09:09 742.19 -5.67 78 8.05 0
09:10 742.19 -5.67 78 6.71 0
09:11 742.19 -5.78 78 4.47 0
09:12 742.19 -5.72 79 2.68 0
09:13 742.44 -5.72 79 4.47 0
09:14 742.44 -5.72 79 5.36 0
09:15 742.44 -5.78 79 4.92 0
09:16 742.44 -5.78 79 6.71 0
09:17 742.44 -5.83 79 7.15 0
09:18 742.44 -5.83 79 4.92 0
09:19 742.44 -5.83 79 6.26 0
09:20 742.44 -5.89 79 5.81 0
09:21 742.44 -5.89 79 4.47 0
09:22 742.44 -5.89 79 2.24 0
09:23 742.44 -5.89 80 3.58 0
09:24 742.44 -5.89 80 2.24 0
09:25 742.44 -5.89 80 3.58 0
09:26 742.44 -5.89 80 3.58 0
09:27 742.44 -5.89 80 2.68 0
09:28 742.44 -5.94 80 4.47 0
09:29 742.44 -5.94 80 3.58 0
09:30 742.44 -5.94 80 4.92 0
09:31 742.44 -5.94 80 4.92 0
09:32 742.44 -6 80 4.02 0
09:33 742.44 -6 80 4.47 0
09:34 742.44 -5.94 80 4.02 0
09:35 742.7 -5.94 80 2.68 0
09:36 742.7 -5.94 81 1.34 0
09:37 742.44 -5.94 81 4.02 0
09:38 742.7 -5.94 81 3.58 0
09:39 742.7 -5.94 81 2.68 0
09:40 742.7 -5.94 80 2.24 0
09:41 742.7 -5.94 80 5.81 0
09:42 742.7 -5.94 80 3.58 0
09:43 742.7 -5.94 80 3.58 0
09:44 742.7 -5.94 80 4.47 0
09:45 742.7 -5.94 81 5.81 0
09:46 742.7 -5.94 80 4.02 0
09:47 742.7 -5.94 80 3.58 0
09:48 742.7 -5.94 80 3.58 0
09:49 742.7 -5.94 81 3.13 0
09:50 742.95 -5.94 80 2.68 0
09:51 742.95 -5.94 80 4.47 0
09:52 742.95 -5.89 80 3.58 0
09:53 742.95 -5.89 80 4.92 0
09:54 742.95 -5.83 80 3.13 0
09:55 742.95 -5.83 80 3.58 0
09:56 742.95 -5.83 80 2.24 0
09:57 742.95 -5.78 80 3.58 0
09:58 742.95 -5.78 80 1.34 0
09:59 742.95 -5.72 81 2.24 0
10:00 742.95 -5.67 81 3.58 0
10:01 742.95 -5.67 81 2.68 0
10:02 742.95 -5.67 81 5.36 0
10:03 742.95 -5.67 80 2.24 0
10:04 742.95 -5.61 80 4.92 0
10:05 742.95 -5.56 80 2.68 0
10:06 742.95 -5.5 81 3.58 0
10:07 742.95 -5.44 81 4.02 0
10:08 742.95 -5.39 80 3.58 0
10:09 742.95 -5.39 80 1.79 0
10:10 742.95 -5.28 80 3.58 0
10:11 742.95 -5.22 80 1.34 0
10:12 742.95 -5.17 80 6.71 0
10:13 742.95 -5.11 79 1.79 0
10:14 742.95 -5.11 79 7.15 0
10:15 742.95 -5.06 79 4.02 0
10:16 742.95 -5.06 79 5.36 0
10:17 742.95 -5.06 78 4.47 0
10:18 742.95 -5.06 78 5.81 0
10:19 742.95 -5.06 78 7.15 0
10:20 742.95 -5.11 79 7.15 0
10:21 742.95 -5.11 78 3.58 0
10:22 742.95 -5.17 79 4.02 0
10:23 742.95 -5.11 79 6.71 0
10:24 742.95 -5.11 78 5.36 0
10:25 742.95 -5.17 77 5.36 0
10:26 742.95 -5.11 78 2.24 0
10:27 742.95 -5.06 78 3.58 0
10:28 742.95 -5 79 4.47 0
10:29 742.95 -4.94 79 4.02 0
10:30 742.95 -4.89 79 4.02 0
10:31 742.95 -4.83 79 6.26 0
10:32 742.95 -4.78 78 6.26 0
10:33 742.95 -4.78 78 4.02 0
10:34 743.2 -4.72 77 6.71 0
10:35 742.95 -4.72 77 5.36 0
10:36 742.95 -4.67 77 9.39 0
10:37 742.95 -4.72 76 8.49 0
10:38 742.95 -4.72 76 7.15 0
10:39 742.95 -4.72 76 7.15 0
10:40 742.95 -4.78 76 4.92 0
10:41 742.95 -4.72 76 5.81 0
10:42 743.2 -4.72 76 6.26 0
10:43 743.2 -4.72 75 4.47 0
10:44 743.2 -4.72 75 3.58 0
10:45 742.95 -4.61 75 5.36 0
10:46 743.2 -4.56 75 4.47 0
10:47 743.2 -4.5 75 7.15 0
10:48 743.2 -4.5 75 6.26 0
10:49 743.2 -4.5 75 7.6 0
10:50 743.2 -4.5 75 5.81 0
10:51 743.2 -4.5 73 5.36 0
10:52 743.2 -4.5 73 6.26 0
10:53 743.2 -4.39 73 6.26 0
10:54 743.2 -4.39 72 5.36 0
10:55 743.2 -4.33 70 2.24 0
10:56 743.2 -4.28 71 7.15 0
10:57 743.2 -4.28 71 6.71 0
10:58 743.2 -4.28 71 3.58 0
10:59 743.2 -4.28 70 4.02 0
11:00 743.2 -4.22 69 4.47 0
11:01 743.2 -4.17 69 9.83 0
11:02 743.2 -4.17 66 5.36 0
11:03 743.2 -4.17 67 6.71 0
11:04 743.2 -4.11 66 4.92 0
11:05 743.2 -4.11 67 5.36 0
11:06 743.2 -4.06 67 2.24 0
11:07 743.2 -4.06 67 5.81 0
11:08 743.2 -3.94 67 6.71 0
11:09 743.2 -3.94 68 5.36 0
11:10 743.2 -3.89 67 6.26 0
11:11 743.2 -3.94 67 5.81 0
11:12 743.2 -4.06 67 7.6 0
11:13 743.2 -4.06 67 7.6 0
11:14 743.2 -4 68 4.47 0
11:15 743.2 -4 69 7.6 0
11:16 743.46 -3.94 70 6.71 0
11:17 743.46 -3.94 70 5.81 0
11:18 743.46 -3.94 69 6.71 0
11:19 743.2 -3.94 68 5.36 0
11:20 743.46 -3.89 68 4.47 0
11:21 743.46 -3.94 68 5.81 0
11:22 743.2 -3.94 67 7.6 0
11:23 743.46 -3.94 68 7.15 0
11:24 743.46 -3.94 68 6.71 0
11:25 743.46 -4 67 7.15 0
11:26 743.46 -3.94 67 5.36 0
11:27 743.46 -4 69 4.92 0
11:28 743.46 -4 70 5.81 0
11:29 743.46 -4 72 5.81 0
11:30 743.46 -4.22 74 6.26 0
11:31 743.46 -4.28 76 5.81 0
11:32 743.46 -4.39 77 5.36 0
11:33 743.46 -4.56 78 5.36 0
11:34 743.46 -4.56 78 2.24 0
11:35 743.46 -4.56 79 4.02 0
11:36 743.46 -4.56 79 4.02 0
11:37 743.46 -4.5 80 3.58 0
11:38 743.46 -4.44 80 3.58 0
11:39 743.46 -4.44 80 4.47 0
11:40 743.46 -4.5 79 4.02 0
11:41 743.46 -4.5 79 5.36 0
11:42 743.46 -4.5 78 5.36 0
11:43 743.46 -4.56 78 3.58 0
11:44 743.46 -4.56 78 5.36 0
11:45 743.46 -4.56 77 6.71 0
11:46 743.71 -4.56 77 6.26 0
11:47 743.71 -4.56 76 5.36 0
11:48 743.46 -4.61 76 5.36 0
11:49 743.71 -4.56 76 4.92 0
11:50 743.46 -4.56 77 5.36 0
11:51 743.71 -4.56 77 4.92 0
11:52 743.71 -4.56 76 5.81 0
11:53 743.71 -4.61 76 5.81 0
11:54 743.71 -4.61 77 7.15 0
11:55 743.71 -4.61 76 6.26 0
11:56 743.71 -4.56 76 5.81 0
11:57 743.71 -4.5 76 4.02 0
11:58 743.71 -4.44 76 6.26 0
11:59 743.71 -4.39 75 4.47 0
12:00 743.71 -4.33 75 5.36 0
12:01 743.71 -4.28 75 2.68 0
12:02 743.71 -4.17 74 5.36 0
12:03 743.71 -4.17 74 7.6 0
12:04 743.71 -4.11 72 4.47 0
12:05 743.71 -4.11 72 7.6 0
12:06 743.71 -4.11 72 5.36 0
12:07 743.71 -4.11 72 4.92 0
12:08 743.71 -4.11 73 6.71 0
12:09 743.71 -4.11 73 4.02 0
12:10 743.71 -4.06 74 4.47 0
12:11 743.71 -3.94 74 5.36 0
12:12 743.71 -3.94 73 7.15 0
12:13 743.71 -3.94 73 4.02 0
12:14 743.71 -3.89 73 4.92 0
12:15 743.71 -3.89 73 3.58 0
12:16 743.71 -3.83 73 7.15 0
12:17 743.71 -3.89 73 7.6 0
12:18 743.71 -3.89 72 5.81 0
12:19 743.71 -4 73 5.81 0
12:20 743.71 -4.06 74 8.05 0
12:21 743.71 -4.11 74 8.05 0
12:22 743.71 -4.11 74 7.15 0
12:23 743.71 -4.11 74 7.15 0
12:24 743.71 -4.11 75 4.02 0
12:25 743.71 -4 75 5.81 0
12:26 743.97 -4 75 3.58 0
12:27 743.71 -3.94 75 5.81 0
12:28 743.71 -3.94 75 2.24 0
12:29 743.71 -3.89 75 4.02 0
12:30 743.97 -3.83 75 4.47 0
12:31 743.97 -3.78 73 4.02 0
12:32 743.97 -3.72 73 7.15 0
12:33 743.97 -3.72 72 7.6 0
12:34 743.97 -3.72 72 8.49 0
12:35 743.97 -3.67 72 5.81 0
12:36 743.97 -3.61 73 6.71 0
12:37 743.71 -3.56 71 5.81 0
12:38 743.97 -3.5 69 7.15 0
12:39 743.97 -3.5 69 9.39 0
12:40 743.97 -3.5 68 8.05 0
12:41 743.97 -3.44 67 4.47 0
12:42 743.97 -3.44 67 5.81 0
12:43 743.97 -3.39 68 8.49 0
12:44 743.97 -3.33 68 5.36 0
12:45 743.97 -3.33 67 3.58 0
12:46 743.97 -3.28 68 7.15 0
12:47 743.97 -3.22 69 6.71 0
12:48 743.97 -3.17 69 5.81 0
12:49 743.97 -3.22 67 7.6 0
12:50 743.97 -3.22 68 6.71 0
12:51 743.97 -3.28 68 4.02 0
12:52 743.97 -3.28 67 5.36 0
12:53 743.97 -3.28 68 8.49 0
12:54 743.97 -3.28 68 8.49 0
12:55 743.97 -3.28 69 5.36 0
12:56 743.97 -3.28 69 5.36 0
12:57 743.97 -3.22 69 5.81 0
12:58 743.97 -3.28 69 7.6 0
12:59 743.97 -3.33 68 8.05 0
13:00 743.97 -3.33 68 7.6 0
13:01 744.22 -3.33 68 4.47 0
13:02 743.97 -3.33 67 6.71 0
13:03 743.97 -3.33 66 7.6 0
13:04 743.97 -3.28 67 7.6 0
13:05 744.22 -3.33 65 5.81 0
13:06 744.22 -3.33 65 7.6 0
13:07 744.22 -3.33 65 4.92 0
13:08 743.97 -3.33 65 6.26 0
13:09 744.22 -3.33 66 5.81 0
13:10 744.22 -3.28 66 5.36 0
13:11 744.22 -3.22 66 7.15 0
13:12 744.22 -3.17 66 5.36 0
13:13 744.22 -3.17 68 9.39 0
13:14 744.22 -3.28 70 8.05 0
13:15 744.22 -3.39 72 8.05 0
13:16 744.22 -3.61 73 8.94 0
13:17 744.22 -3.89 74 7.6 0
13:18 744.22 -4.11 76 7.15 0
13:19 744.22 -4.28 78 8.05 0
13:20 744.22 -4.39 79 5.81 0
13:21 744.22 -4.39 80 6.71 0
13:22 744.22 -4.44 80 8.49 0
13:23 744.22 -4.39 80 6.26 0
13:24 744.22 -4.33 80 2.24 0
13:25 744.22 -4.33 80 5.81 0
13:26 744.22 -4.28 79 6.71 0
13:27 744.47 -4.22 79 4.02 0
13:28 744.22 -4.17 79 3.58 0
13:29 744.22 -4.06 79 5.36 0
13:30 744.22 -3.94 76 4.02 0
13:31 744.47 -3.83 76 4.02 0
13:32 744.47 -3.72 75 2.24 0
13:33 744.47 -3.61 75 4.02 0
13:34 744.47 -3.5 75 5.81 0
13:35 744.47 -3.44 73 5.36 0
13:36 744.22 -3.44 72 5.36 0
13:37 744.47 -3.39 72 3.58 0
13:38 744.47 -3.33 73 5.36 0
13:39 744.47 -3.28 72 4.02 0
13:40 744.47 -3.22 72 3.58 0
13:41 744.47 -3.17 71 6.26 0
13:42 744.47 -3.11 70 4.02 0
13:43 744.47 -3.06 70 7.15 0
13:44 744.47 -3.11 69 6.71 0
13:45 744.47 -3.17 69 8.05 0
13:46 744.47 -3.22 70 4.92 0
13:47 744.47 -3.28 71 6.26 0
13:48 744.47 -3.39 72 6.71 0
13:49 744.47 -3.44 73 4.47 0
13:50 744.47 -3.5 74 4.47 0
13:51 744.47 -3.56 75 5.81 0
13:52 744.47 -3.56 76 6.26 0
13:53 744.47 -3.61 75 4.92 0
13:54 744.73 -3.56 76 5.81 0
13:55 744.73 -3.61 76 9.83 0
13:56 744.73 -3.83 76 8.49 0
13:57 744.73 -4.06 78 4.47 0
13:58 744.73 -4.28 78 3.58 0
13:59 744.47 -4.39 79 4.02 0
14:00 744.47 -4.39 80 6.71 0
14:01 744.47 -4.44 79 5.81 0
14:02 744.73 -4.39 78 6.26 0
14:03 744.73 -4.33 76 6.26 0
14:04 744.73 -4.28 76 4.92 0
14:05 744.73 -4.17 73 4.02 0
14:06 744.73 -4.11 74 5.36 0
14:07 744.73 -4.06 74 4.02 0
14:08 744.73 -3.94 73 7.6 0
14:09 744.73 -3.94 73 8.49 0
14:10 744.73 -3.94 72 7.6 0
14:11 744.73 -3.89 71 6.26 0
14:12 744.73 -3.83 71 6.26 0
14:13 744.73 -3.83 71 5.36 0
14:14 744.73 -3.78 71 4.47 0
14:15 744.73 -3.72 70 6.26 0
14:16 744.73 -3.61 71 5.81 0
14:17 744.73 -3.61 70 4.92 0
14:18 744.73 -3.56 70 4.02 0
14:19 744.73 -3.56 70 3.13 0
14:20 744.73 -3.5 70 4.02 0
14:21 744.73 -3.5 70 4.47 0
14:22 744.73 -3.5 70 4.02 0
14:23 744.73 -3.44 71 5.36 0
14:24 744.73 -3.39 71 4.02 0
14:25 744.73 -3.33 70 3.58 0
14:26 744.73 -3.22 71 4.47 0
14:27 744.73 -3.17 71 4.92 0
14:28 744.73 -3.17 71 4.02 0
14:29 744.73 -3.11 71 2.68 0
14:30 744.98 -3.06 72 5.36 0
14:31 744.98 -3.11 72 4.92 0
14:32 744.98 -3.11 71 5.36 0
14:33 744.98 -3.11 69 5.81 0
14:34 744.98 -3.17 66 5.81 0
14:35 744.98 -3.22 66 6.71 0
14:36 744.98 -3.22 65 6.26 0
14:37 744.98 -3.28 65 8.05 0
14:38 744.98 -3.28 65 5.36 0
14:39 744.98 -3.33 65 3.58 0
14:40 744.98 -3.33 65 4.47 0
14:41 744.98 -3.33 65 5.81 0
14:42 744.98 -3.33 65 6.71 0
14:43 744.98 -3.39 64 6.26 0
14:44 744.98 -3.39 64 5.36 0
14:45 744.98 -3.44 65 2.68 0
14:46 744.98 -3.39 66 4.02 0
14:47 744.98 -3.33 66 4.02 0
14:48 744.98 -3.33 66 3.58 0
14:49 744.98 -3.28 67 5.81 0
14:50 744.98 -3.33 66 4.47 0
14:51 745.24 -3.33 66 6.26 0
14:52 745.24 -3.33 66 6.26 0
14:53 744.98 -3.33 67 4.92 0
14:54 745.24 -3.33 67 4.02 0
14:55 744.98 -3.33 67 8.49 0
14:56 744.98 -3.39 64 5.36 0
14:57 745.24 -3.39 64 5.36 0
14:58 745.24 -3.44 63 5.81 0
14:59 745.24 -3.44 63 4.47 0
15:00 745.24 -3.44 64 4.47 0
15:01 745.24 -3.44 64 4.92 0
15:02 745.24 -3.44 64 8.49 0
15:03 745.24 -3.39 63 7.15 0
15:04 745.24 -3.39 63 4.02 0
15:05 745.24 -3.33 64 6.26 0
15:06 745.24 -3.28 64 5.36 0
15:07 745.24 -3.22 63 5.81 0
15:08 745.24 -3.17 63 7.15 0
15:09 745.24 -3.17 62 6.26 0
15:10 745.24 -3.11 62 6.26 0
15:11 745.24 -3.06 63 7.15 0
15:12 745.24 -3 63 4.47 0
15:13 745.24 -2.94 63 7.6 0
15:14 745.24 -3 61 6.71 0
15:15 745.24 -2.94 63 5.81 0
15:16 745.24 -3 64 7.6 0
15:17 745.49 -3.06 67 8.94 0
15:18 745.49 -3.22 70 11.18 0
15:19 745.49 -3.67 74 8.49 0
15:20 745.49 -3.94 77 6.26 0
15:21 745.49 -4.17 80 6.71 0
15:22 745.49 -4.28 80 5.81 0
15:23 745.49 -4.44 80 4.92 0
15:24 745.49 -4.44 80 5.36 0
15:25 745.49 -4.44 80 4.02 0
15:26 745.49 -4.39 80 5.81 0
15:27 745.49 -4.39 80 7.15 0
15:28 745.49 -4.28 80 4.47 0
15:29 745.49 -4.22 79 3.58 0
15:30 745.49 -4.11 79 4.47 0
15:31 745.49 -4.06 79 4.47 0
15:32 745.49 -3.94 78 7.15 0
15:33 745.49 -3.94 76 8.94 0
15:34 745.49 -3.89 74 6.26 0
15:35 745.49 -3.83 75 8.05 0
15:36 745.49 -3.78 75 5.81 0
15:37 745.49 -3.67 74 2.68 0
15:38 745.49 -3.61 75 3.58 0
15:39 745.49 -3.56 75 2.68 0
15:40 745.74 -3.44 75 4.02 0
15:41 745.74 -3.39 74 2.68 0
15:42 745.74 -3.33 74 7.15 0
15:43 745.49 -3.39 72 7.15 0
15:44 745.74 -3.33 71 4.47 0
15:45 745.49 -3.33 71 5.81 0
15:46 745.49 -3.33 71 5.81 0
15:47 745.49 -3.33 71 4.02 0
15:48 745.49 -3.28 69 4.47 0
15:49 745.49 -3.17 69 3.58 0
15:50 745.74 -3.06 67 1.79 0
15:51 745.74 -3 67 4.02 0
15:52 745.74 -2.89 67 4.47 0
15:53 745.74 -2.78 66 7.15 0
15:54 745.74 -2.72 65 3.58 0
15:55 745.74 -2.72 63 8.49 0
15:56 745.74 -2.72 62 8.49 0
15:57 745.74 -2.83 62 7.15 0
15:58 745.74 -2.89 61 8.05 0
15:59 745.74 -2.89 67 5.81 0
16:00 745.74 -2.94 66 4.92 0
16:01 745.74 -3 67 6.71 0
16:02 745.74 -3 65 6.26 0
16:03 745.74 -3 65 7.15 0
16:04 745.74 -3.06 66 7.6 0
16:05 745.74 -3 65 6.26 0
16:06 745.74 -3.11 65 5.81 0
16:07 746 -3.11 66 6.26 0
16:08 745.74 -3.11 66 8.49 0
16:09 746 -3.17 66 6.26 0
16:10 745.74 -3.11 66 8.05 0
16:11 745.74 -3.11 65 5.36 0
16:12 746 -3 65 4.47 0
16:13 746 -2.94 66 8.05 0
16:14 746 -2.94 66 3.58 0
16:15 746 -2.83 66 5.36 0
16:16 746 -2.83 65 5.81 0
16:17 746 -2.83 65 6.71 0
16:18 746 -2.89 63 7.15 0
16:19 746 -2.89 63 2.24 0
16:20 746 -2.89 64 5.36 0
16:21 746 -2.89 63 6.71 0
16:22 746 -2.89 63 4.47 0
16:23 746 -2.89 64 3.13 0
16:24 746 -2.83 64 4.02 0
16:25 746 -2.78 64 2.24 0
16:26 746 -2.78 64 4.47 0
16:27 746 -2.72 64 5.81 0
16:28 746 -2.78 63 5.81 0
16:29 746 -2.83 63 5.81 0
16:30 746 -2.83 63 6.26 0
16:31 746.25 -2.89 63 7.15 0
16:32 746.25 -2.89 63 6.71 0
16:33 746 -2.94 63 6.71 0
16:34 746 -3 63 4.92 0
16:35 746.25 -3 64 3.58 0
16:36 746.25 -2.94 64 7.6 0
16:37 746.25 -2.94 64 4.92 0
16:38 746.25 -2.94 65 2.24 0
16:39 746.25 -2.94 65 4.47 0
16:40 746.25 -2.89 65 4.92 0
16:41 746.25 -2.94 65 3.58 0
16:42 746.25 -2.89 65 2.68 0
16:43 746.25 -2.89 66 4.02 0
16:44 746.25 -2.94 66 2.24 0
16:45 746.25 -2.89 66 4.02 0
16:46 746.51 -2.89 66 5.36 0
16:47 746.51 -2.94 65 6.26 0
16:48 746.25 -2.94 65 8.49 0
16:49 746.51 -3 65 6.26 0
16:50 746.51 -3 65 4.47 0
16:51 746.51 -3 65 5.36 0
16:52 746.51 -3 65 5.36 0
16:53 746.51 -3 65 8.49 0
16:54 746.51 -3.06 64 5.81 0
16:55 746.51 -3.11 65 6.26 0
16:56 746.51 -3.11 64 7.15 0
16:57 746.51 -3.11 65 7.15 0
16:58 746.51 -3.17 65 3.58 0
16:59 746.51 -3.17 66 4.47 0
17:00 746.51 -3.17 67 6.71 0
17:01 746.51 -3.17 67 4.92 0
17:02 746.51 -3.17 68 2.24 0
17:03 746.51 -3.17 68 5.81 0
17:04 746.51 -3.22 69 7.15 0
17:05 746.51 -3.28 70 4.92 0
17:06 0 1802.61 255 113.99 16645.89
17:07 0 1802.61 255 113.99 16645.89
17:08 0 1802.61 255 113.99 16645.89
17:09 0 1802.61 255 113.99 16645.89
17:10 0 1802.61 255 113.99 16645.89
17:11 0 1802.61 255 113.99 16645.89
17:12 0 1802.61 255 113.99 16645.89
17:13 0 1802.61 255 113.99 16645.89
17:14 0 1802.61 255 113.99 16645.89
17:15 746.76 -3.72 76 3.58 0
17:16 746.76 -3.72 76 2.68 0
17:17 746.76 -3.72 76 4.47 0
17:18 746.76 -3.67 77 4.02 0
17:19 746.76 -3.72 77 4.02 0
17:20 746.76 -3.67 77 3.58 0
17:21 747.01 -3.61 76 4.47 0
17:22 746.76 -3.61 77 4.92 0
17:23 747.01 -3.61 77 7.15 0
17:24 747.01 -3.67 76 5.36 0
17:25 747.01 -3.67 76 7.15 0
17:26 747.01 -3.72 76 4.92 0
17:27 747.01 -3.72 75 4.47 0
17:28 747.01 -3.72 75 2.24 0
17:29 747.01 -3.72 75 3.13 0
17:30 747.01 -3.72 75 5.36 0
17:31 747.01 -3.72 74 4.02 0
17:32 747.01 -3.72 75 5.81 0
17:33 747.01 -3.67 74 8.49 0
17:34 747.01 -3.67 74 5.81 0
17:35 747.01 -3.67 74 8.05 0
17:36 747.01 -3.67 74 4.02 0
17:37 747.01 -3.61 74 6.71 0
17:38 747.01 -3.61 74 5.36 0
17:39 747.01 -3.61 74 5.36 0
17:40 747.01 -3.61 74 8.05 0
17:41 747.01 -3.61 74 4.02 0
17:42 747.01 -3.67 74 3.58 0
17:43 747.01 -3.67 74 4.02 0
17:44 747.01 -3.72 74 2.68 0
17:45 747.27 -3.72 74 5.36 0
17:46 747.27 -3.72 75 7.15 0
17:47 747.27 -3.78 74 5.36 0
17:48 747.27 -3.78 74 6.26 0
17:49 747.27 -3.78 75 8.05 0
17:50 747.27 -3.78 75 5.81 0
17:51 747.27 -3.83 75 5.36 0
17:52 0 1802.61 255 113.99 16645.89
17:53 0 1802.61 255 113.99 16645.89
17:54 0 1802.61 255 113.99 16645.89
17:55 0 1802.61 255 113.99 16645.89
17:56 0 1802.61 255 113.99 16645.89
17:57 0 1802.61 255 113.99 16645.89
17:58 0 1802.61 255 113.99 16645.89
17:59 0 1802.61 255 113.99 16645.89
18:00 0 1802.61 255 113.99 16645.89
18:01 0 1802.61 255 113.99 16645.89
18:02 0 1802.61 255 113.99 16645.89
18:03 0 1802.61 255 113.99 16645.89
18:04 0 1802.61 255 113.99 16645.89
18:05 0 1802.61 255 113.99 16645.89
18:06 0 1802.61 255 113.99 16645.89
18:07 0 1802.61 255 113.99 16645.89
18:08 0 1802.61 255 113.99 16645.89
18:09 0 1802.61 255 113.99 16645.89
18:10 0 1802.61 255 113.99 16645.89
18:11 0 1802.61 255 113.99 16645.89
18:12 0 1802.61 255 113.99 16645.89
18:13 0 1802.61 255 113.99 16645.89
18:14 0 1802.61 255 113.99 16645.89
18:15 0 1802.61 255 113.99 16645.89
18:16 0 1802.61 255 113.99 16645.89
18:17 0 1802.61 255 113.99 16645.89
18:18 0 1802.61 255 113.99 16645.89
18:19 0 1802.61 255 113.99 16645.89
18:20 0 1802.61 255 113.99 16645.89
18:21 747.78 -4.11 76 4.02 0
18:22 747.78 -4.11 76 4.02 0
18:23 747.78 -4.17 76 4.02 0
18:24 747.78 -4.17 76 4.47 0
18:25 747.78 -4.17 76 2.68 0
18:26 747.78 -4.22 76 1.79 0
18:27 747.78 -4.22 76 3.13 0
18:28 747.78 -4.28 76 4.92 0
18:29 747.78 -4.22 76 4.02 0
18:30 747.78 -4.28 76 3.58 0
18:31 747.78 -4.28 76 4.02 0
18:32 747.78 -4.28 76 2.24 0
18:33 748.03 -4.28 76 5.81 0
18:34 747.78 -4.28 76 2.68 0
18:35 748.03 -4.28 76 2.68 0
18:36 748.03 -4.28 76 2.68 0
18:37 748.03 -4.33 76 1.79 0
18:38 748.03 -4.28 76 4.02 0
18:39 748.03 -4.28 76 3.58 0
18:40 748.03 -4.33 76 2.24 0
18:41 748.03 -4.33 76 2.68 0
18:42 748.03 -4.33 76 1.79 0
18:43 748.03 -4.33 76 4.92 0
18:44 748.03 -4.33 76 2.24 0
18:45 748.03 -4.39 76 5.81 0
18:46 748.03 -4.33 76 4.47 0
18:47 748.03 -4.33 76 4.92 0
18:48 0 1802.61 255 113.99 16645.89
18:49 0 1802.61 255 113.99 16645.89
18:50 0 1802.61 255 113.99 16645.89
18:51 0 1802.61 255 113.99 16645.89
18:52 0 1802.61 255 113.99 16645.89
18:53 0 1802.61 255 113.99 16645.89
18:54 748.03 -4.39 76 3.58 0
18:55 748.03 -4.39 76 5.36 0
18:56 748.03 -4.39 76 4.47 0
18:57 0 1802.61 255 113.99 16645.89
18:58 0 1802.61 255 113.99 16645.89
18:59 0 1802.61 255 113.99 16645.89
19:00 0 1802.61 255 113.99 16645.89
19:01 0 1802.61 255 113.99 16645.89
19:02 0 1802.61 255 113.99 16645.89
19:03 0 1802.61 255 113.99 16645.89
19:04 0 1802.61 255 113.99 16645.89
19:05 0 1802.61 255 113.99 16645.89
19:06 0 1802.61 255 113.99 16645.89
19:07 0 1802.61 255 113.99 16645.89
19:08 0 1802.61 255 113.99 16645.89
19:09 0 1802.61 255 113.99 16645.89
19:10 0 1802.61 255 113.99 16645.89
19:11 0 1802.61 255 113.99 16645.89
19:12 0 1802.61 255 113.99 16645.89
19:13 0 1802.61 255 113.99 16645.89
19:14 0 1802.61 255 113.99 16645.89
19:15 0 1802.61 255 113.99 16645.89
19:16 0 1802.61 255 113.99 16645.89
19:17 0 1802.61 255 113.99 16645.89
19:18 0 1802.61 255 113.99 16645.89
19:19 0 1802.61 255 113.99 16645.89
19:20 0 1802.61 255 113.99 16645.89
19:21 0 1802.61 255 113.99 16645.89
19:22 0 1802.61 255 113.99 16645.89
19:23 0 1802.61 255 113.99 16645.89
19:24 0 1802.61 255 113.99 16645.89
19:25 0 1802.61 255 113.99 16645.89
19:26 748.54 -4.39 76 2.68 0
19:27 748.54 -4.39 76 2.24 0
19:28 748.54 -4.39 76 4.02 0
19:29 748.54 -4.39 76 2.68 0
19:30 748.54 -4.39 76 3.58 0
19:31 0 1802.61 255 113.99 16645.89
19:32 0 1802.61 255 113.99 16645.89
19:33 0 1802.61 255 113.99 16645.89
19:34 0 1802.61 255 113.99 16645.89
19:35 0 1802.61 255 113.99 16645.89
19:36 0 1802.61 255 113.99 16645.89
19:37 0 1802.61 255 113.99 16645.89
19:38 0 1802.61 255 113.99 16645.89
19:39 0 1802.61 255 113.99 16645.89
19:40 0 1802.61 255 113.99 16645.89
19:41 0 1802.61 255 113.99 16645.89
19:42 0 1802.61 255 113.99 16645.89
19:43 0 1802.61 255 113.99 16645.89
19:44 0 1802.61 255 113.99 16645.89
19:45 0 1802.61 255 113.99 16645.89
19:46 0 1802.61 255 113.99 16645.89
19:47 0 1802.61 255 113.99 16645.89
19:48 0 1802.61 255 113.99 16645.89
19:49 0 1802.61 255 113.99 16645.89
19:50 0 1802.61 255 113.99 16645.89
19:51 0 1802.61 255 113.99 16645.89
19:52 0 1802.61 255 113.99 16645.89
19:53 0 1802.61 255 113.99 16645.89
19:54 0 1802.61 255 113.99 16645.89
19:55 0 1802.61 255 113.99 16645.89
19:56 0 1802.61 255 113.99 16645.89
19:57 0 1802.61 255 113.99 16645.89
19:58 0 1802.61 255 113.99 16645.89
19:59 0 1802.61 255 113.99 16645.89
20:00 0 1802.61 255 113.99 16645.89
20:01 0 1802.61 255 113.99 16645.89
20:02 0 1802.61 255 113.99 16645.89
20:03 0 1802.61 255 113.99 16645.89
20:04 0 1802.61 255 113.99 16645.89
20:05 0 1802.61 255 113.99 16645.89
20:06 0 1802.61 255 113.99 16645.89
20:07 0 1802.61 255 113.99 16645.89
20:08 0 1802.61 255 113.99 16645.89
20:09 0 1802.61 255 113.99 16645.89
20:10 0 1802.61 255 113.99 16645.89
20:11 0 1802.61 255 113.99 16645.89
20:12 0 1802.61 255 113.99 16645.89
20:13 0 1802.61 255 113.99 16645.89
20:14 0 1802.61 255 113.99 16645.89
20:15 0 1802.61 255 113.99 16645.89
20:16 0 1802.61 255 113.99 16645.89
20:17 0 1802.61 255 113.99 16645.89
20:18 0 1802.61 255 113.99 16645.89
20:19 0 1802.61 255 113.99 16645.89
20:20 0 1802.61 255 113.99 16645.89
20:21 0 1802.61 255 113.99 16645.89
20:22 0 1802.61 255 113.99 16645.89
20:23 0 1802.61 255 113.99 16645.89
20:24 0 1802.61 255 113.99 16645.89
20:25 0 1802.61 255 113.99 16645.89
20:26 0 1802.61 255 113.99 16645.89
20:27 0 1802.61 255 113.99 16645.89
20:28 0 1802.61 255 113.99 16645.89
20:29 0 1802.61 255 113.99 16645.89
20:30 749.05 -4.56 78 1.79 0
20:31 0 1802.61 255 113.99 16645.89
20:32 0 1802.61 255 113.99 16645.89
20:33 0 1802.61 255 113.99 16645.89
20:34 0 1802.61 255 113.99 16645.89
20:35 0 1802.61 255 113.99 16645.89
20:36 0 1802.61 255 113.99 16645.89
20:37 0 1802.61 255 113.99 16645.89
20:38 0 1802.61 255 113.99 16645.89
20:39 0 1802.61 255 113.99 16645.89
20:40 0 1802.61 255 113.99 16645.89
20:41 0 1802.61 255 113.99 16645.89
20:42 0 1802.61 255 113.99 16645.89
20:43 0 1802.61 255 113.99 16645.89
20:44 0 1802.61 255 113.99 16645.89
20:45 0 1802.61 255 113.99 16645.89
20:46 0 1802.61 255 113.99 16645.89
20:47 0 1802.61 255 113.99 16645.89
20:48 0 1802.61 255 113.99 16645.89
20:49 0 1802.61 255 113.99 16645.89
20:50 0 1802.61 255 113.99 16645.89
20:51 0 1802.61 255 113.99 16645.89
20:52 0 1802.61 255 113.99 16645.89
20:53 0 1802.61 255 113.99 16645.89
20:54 0 1802.61 255 113.99 16645.89
20:55 0 1802.61 255 113.99 16645.89
20:56 0 1802.61 255 113.99 16645.89
20:57 0 1802.61 255 113.99 16645.89
20:58 0 1802.61 255 113.99 16645.89
20:59 0 1802.61 255 113.99 16645.89
21:00 0 1802.61 255 113.99 16645.89
21:01 0 1802.61 255 113.99 16645.89
21:02 0 1802.61 255 113.99 16645.89
21:03 0 1802.61 255 113.99 16645.89
21:04 0 1802.61 255 113.99 16645.89
21:05 0 1802.61 255 113.99 16645.89
21:06 0 1802.61 255 113.99 16645.89
21:07 0 1802.61 255 113.99 16645.89
21:08 0 1802.61 255 113.99 16645.89
21:09 0 1802.61 255 113.99 16645.89
21:10 0 1802.61 255 113.99 16645.89
21:11 0 1802.61 255 113.99 16645.89
21:12 0 1802.61 255 113.99 16645.89
21:13 0 1802.61 255 113.99 16645.89
21:14 0 1802.61 255 113.99 16645.89
21:15 0 1802.61 255 113.99 16645.89
21:16 0 1802.61 255 113.99 16645.89
21:17 0 1802.61 255 113.99 16645.89
21:18 0 1802.61 255 113.99 16645.89
21:19 0 1802.61 255 113.99 16645.89
21:20 0 1802.61 255 113.99 16645.89
21:21 0 1802.61 255 113.99 16645.89
21:22 0 1802.61 255 113.99 16645.89
21:23 0 1802.61 255 113.99 16645.89
21:24 0 1802.61 255 113.99 16645.89
21:25 0 1802.61 255 113.99 16645.89
21:26 0 1802.61 255 113.99 16645.89
21:27 0 1802.61 255 113.99 16645.89
21:28 0 1802.61 255 113.99 16645.89
21:29 0 1802.61 255 113.99 16645.89
21:30 0 1802.61 255 113.99 16645.89
21:31 0 1802.61 255 113.99 16645.89
21:32 0 1802.61 255 113.99 16645.89
21:33 0 1802.61 255 113.99 16645.89
21:34 0 1802.61 255 113.99 16645.89
21:35 0 1802.61 255 113.99 16645.89
21:36 0 1802.61 255 113.99 16645.89
21:37 0 1802.61 255 113.99 16645.89
21:38 0 1802.61 255 113.99 16645.89
21:39 0 1802.61 255 113.99 16645.89
21:40 0 1802.61 255 113.99 16645.89
21:41 0 1802.61 255 113.99 16645.89
21:42 0 1802.61 255 113.99 16645.89
21:43 0 1802.61 255 113.99 16645.89
21:44 0 1802.61 255 113.99 16645.89
21:45 0 1802.61 255 113.99 16645.89
21:46 0 1802.61 255 113.99 16645.89
21:47 0 1802.61 255 113.99 16645.89
21:48 0 1802.61 255 113.99 16645.89
21:49 0 1802.61 255 113.99 16645.89
21:50 0 1802.61 255 113.99 16645.89
21:51 0 1802.61 255 113.99 16645.89
21:52 0 1802.61 255 113.99 16645.89
21:53 0 1802.61 255 113.99 16645.89
21:54 0 1802.61 255 113.99 16645.89
21:55 0 1802.61 255 113.99 16645.89
21:56 0 1802.61 255 113.99 16645.89
21:57 0 1802.61 255 113.99 16645.89
21:58 0 1802.61 255 113.99 16645.89
21:59 0 1802.61 255 113.99 16645.89
22:00 0 1802.61 255 113.99 16645.89
22:01 0 1802.61 255 113.99 16645.89
22:02 0 1802.61 255 113.99 16645.89
22:03 0 1802.61 255 113.99 16645.89
22:04 0 1802.61 255 113.99 16645.89
22:05 0 1802.61 255 113.99 16645.89
22:06 0 1802.61 255 113.99 16645.89
22:07 0 1802.61 255 113.99 16645.89
22:08 0 1802.61 255 113.99 16645.89
22:09 0 1802.61 255 113.99 16645.89
22:10 0 1802.61 255 113.99 16645.89
22:11 0 1802.61 255 113.99 16645.89
22:12 0 1802.61 255 113.99 16645.89
22:13 0 1802.61 255 113.99 16645.89
22:14 0 1802.61 255 113.99 16645.89
22:15 0 1802.61 255 113.99 16645.89
22:16 0 1802.61 255 113.99 16645.89
22:17 0 1802.61 255 113.99 16645.89
22:18 0 1802.61 255 113.99 16645.89
22:19 0 1802.61 255 113.99 16645.89
22:20 0 1802.61 255 113.99 16645.89
22:21 0 1802.61 255 113.99 16645.89
22:22 0 1802.61 255 113.99 16645.89
22:23 749.81 -5.83 80 2.24 0
22:24 0 1802.61 255 113.99 16645.89
22:25 0 1802.61 255 113.99 16645.89
22:26 0 1802.61 255 113.99 16645.89
22:27 0 1802.61 255 113.99 16645.89
22:28 0 1802.61 255 113.99 16645.89
22:29 0 1802.61 255 113.99 16645.89
22:30 0 1802.61 255 113.99 16645.89
22:31 0 1802.61 255 113.99 16645.89
22:32 0 1802.61 255 113.99 16645.89
22:33 0 1802.61 255 113.99 16645.89
22:34 0 1802.61 255 113.99 16645.89
22:35 0 1802.61 255 113.99 16645.89
22:36 0 1802.61 255 113.99 16645.89
22:37 0 1802.61 255 113.99 16645.89
22:38 0 1802.61 255 113.99 16645.89
22:39 0 1802.61 255 113.99 16645.89
22:40 0 1802.61 255 113.99 16645.89
22:41 0 1802.61 255 113.99 16645.89
22:42 0 1802.61 255 113.99 16645.89
22:43 0 1802.61 255 113.99 16645.89
22:44 0 1802.61 255 113.99 16645.89
22:45 0 1802.61 255 113.99 16645.89
22:46 0 1802.61 255 113.99 16645.89
22:47 0 1802.61 255 113.99 16645.89
22:48 0 1802.61 255 113.99 16645.89
22:49 0 1802.61 255 113.99 16645.89
22:50 0 1802.61 255 113.99 16645.89
22:51 0 1802.61 255 113.99 16645.89
22:52 0 1802.61 255 113.99 16645.89
22:53 0 1802.61 255 113.99 16645.89
22:54 0 1802.61 255 113.99 16645.89
22:55 0 1802.61 255 113.99 16645.89
22:56 0 1802.61 255 113.99 16645.89
22:57 0 1802.61 255 113.99 16645.89
22:58 0 1802.61 255 113.99 16645.89
22:59 0 1802.61 255 113.99 16645.89
23:00 0 1802.61 255 113.99 16645.89
23:01 0 1802.61 255 113.99 16645.89
23:02 0 1802.61 255 113.99 16645.89
23:03 0 1802.61 255 113.99 16645.89
23:04 0 1802.61 255 113.99 16645.89
23:05 0 1802.61 255 113.99 16645.89
23:06 0 1802.61 255 113.99 16645.89
23:07 0 1802.61 255 113.99 16645.89
23:08 0 1802.61 255 113.99 16645.89
23:09 0 1802.61 255 113.99 16645.89
23:10 0 1802.61 255 113.99 16645.89
23:11 0 1802.61 255 113.99 16645.89
23:12 0 1802.61 255 113.99 16645.89
23:13 0 1802.61 255 113.99 16645.89
23:14 0 1802.61 255 113.99 16645.89
23:15 0 1802.61 255 113.99 16645.89
23:16 0 1802.61 255 113.99 16645.89
23:17 0 1802.61 255 113.99 16645.89
23:18 0 1802.61 255 113.99 16645.89
23:19 0 1802.61 255 113.99 16645.89
23:20 0 1802.61 255 113.99 16645.89
23:21 0 1802.61 255 113.99 16645.89
23:22 0 1802.61 255 113.99 16645.89
23:23 0 1802.61 255 113.99 16645.89
23:24 0 1802.61 255 113.99 16645.89
23:25 750.32 -6.56 80 1.79 0
23:26 0 1802.61 255 113.99 16645.89
23:27 0 1802.61 255 113.99 16645.89
23:28 0 1802.61 255 113.99 16645.89
23:29 0 1802.61 255 113.99 16645.89
23:30 0 1802.61 255 113.99 16645.89
23:31 0 1802.61 255 113.99 16645.89
23:32 0 1802.61 255 113.99 16645.89
23:33 0 1802.61 255 113.99 16645.89
23:34 0 1802.61 255 113.99 16645.89
23:35 0 1802.61 255 113.99 16645.89
23:36 0 1802.61 255 113.99 16645.89
23:37 0 1802.61 255 113.99 16645.89
23:38 0 1802.61 255 113.99 16645.89
23:39 0 1802.61 255 113.99 16645.89
23:40 0 1802.61 255 113.99 16645.89
23:41 0 1802.61 255 113.99 16645.89
23:42 0 1802.61 255 113.99 16645.89
23:43 0 1802.61 255 113.99 16645.89
23:44 0 1802.61 255 113.99 16645.89
23:45 0 1802.61 255 113.99 16645.89
23:46 0 1802.61 255 113.99 16645.89
23:47 0 1802.61 255 113.99 16645.89
23:48 0 1802.61 255 113.99 16645.89
23:49 0 1802.61 255 113.99 16645.89
23:50 0 1802.61 255 113.99 16645.89
23:51 0 1802.61 255 113.99 16645.89
23:52 0 1802.61 255 113.99 16645.89
23:53 0 1802.61 255 113.99 16645.89
23:54 0 1802.61 255 113.99 16645.89
23:55 0 1802.61 255 113.99 16645.89
23:56 0 1802.61 255 113.99 16645.89
23:57 0 1802.61 255 113.99 16645.89
23:58 0 1802.61 255 113.99 16645.89
23:59 0 1802.61 255 113.99 16645.89
