00:00 750.82 16.33 74 0 0
00:01 750.57 16.33 74 0 0
00:02 750.57 16.44 74 0 0
00:03 750.57 16.5 74 0 0
00:04 750.82 16.56 74 0 0
00:05 750.82 16.61 74 0 0
00:06 750.82 16.61 74 0 0
00:07 750.82 16.72 74 0 0
00:08 750.82 16.78 74 .89 0
00:09 750.82 16.83 73 .89 0
00:10 750.82 16.89 73 1.34 0
00:11 750.82 16.94 73 .89 0
00:12 750.82 17 72 1.34 0
00:13 750.82 17.06 71 1.34 0
00:14 750.82 17.17 71 1.34 0
00:15 750.82 17.28 71 .89 0
00:16 750.82 17.33 71 1.34 0
00:17 750.82 17.39 70 1.34 0
00:18 750.82 17.44 70 1.34 0
00:19 750.82 17.56 70 1.34 0
00:20 750.82 17.61 69 1.34 0
00:21 750.82 17.78 69 1.34 0
00:22 750.82 17.89 69 1.34 0
00:23 750.82 17.94 68 .89 0
00:24 750.82 18.06 68 .89 0
00:25 750.82 18.06 68 1.34 0
00:26 750.82 18.11 68 .89 0
00:27 750.82 18.11 68 .89 0
00:28 750.82 18.17 67 1.34 0
00:29 750.82 18.17 67 .89 0
00:30 750.82 18.17 67 .89 0
00:31 750.82 18.17 68 .89 0
00:32 750.82 18.11 68 .89 0
00:33 750.82 18.11 68 1.34 0
00:34 750.82 18.06 68 .89 0
00:35 750.82 18.06 68 .89 0
00:36 750.82 18.06 68 1.34 0
00:37 750.82 18 68 1.34 0
00:38 750.82 18 68 1.34 0
00:39 750.82 17.94 68 .89 0
00:40 750.82 17.94 68 .89 0
00:41 750.82 17.94 68 1.34 0
00:42 750.82 17.94 68 1.34 0
00:43 750.82 17.94 68 .89 0
00:44 750.82 17.89 68 .89 0
00:45 750.82 17.89 68 1.34 0
00:46 751.08 17.89 68 1.34 0
00:47 751.08 17.89 68 1.34 0
00:48 751.08 17.89 68 1.34 0
00:49 751.08 17.83 68 1.34 0
00:50 751.08 17.89 68 1.79 0
00:51 751.08 17.89 68 .89 0
00:52 751.08 17.83 69 .89 0
00:53 751.08 17.83 69 .89 0
00:54 751.08 17.83 69 1.34 0
00:55 751.08 17.78 69 .89 0
00:56 751.08 17.78 69 .89 0
00:57 751.08 17.78 69 .89 0
00:58 751.08 17.72 69 .89 0
00:59 751.08 17.67 69 .89 0
01:00 751.08 17.61 70 .89 0
01:01 751.08 17.61 70 1.34 0
01:02 751.08 17.5 70 .45 0
01:03 751.08 17.44 70 .89 0
01:04 751.08 17.39 71 .89 0
01:05 751.08 17.33 71 1.34 0
01:06 751.08 17.28 70 .89 0
01:07 751.08 17.22 71 .89 0
01:08 751.08 17.17 71 .89 0
01:09 751.08 17.17 71 .89 0
01:10 751.08 17.11 71 .89 0
01:11 751.08 17.06 71 1.34 0
01:12 751.08 17 72 1.34 0
01:13 751.08 17 71 .89 0
01:14 751.08 17 72 .89 0
01:15 751.08 17 72 .89 0
01:16 751.08 16.94 72 1.34 0
01:17 751.08 16.89 72 .45 0
01:18 751.08 16.89 72 .89 0
01:19 751.08 16.83 73 1.34 0
01:20 751.08 16.78 73 .89 0
01:21 751.08 16.78 73 1.34 0
01:22 751.08 16.72 72 .89 0
01:23 751.08 16.72 72 .89 0
01:24 751.08 16.78 73 .89 0
01:25 751.08 16.72 73 .89 0
01:26 751.08 16.72 73 .45 0
01:27 751.08 16.72 73 .89 0
01:28 751.08 16.72 73 .89 0
01:29 751.08 16.67 73 1.34 0
01:30 751.08 16.67 73 .89 0
01:31 751.08 16.61 73 .89 0
01:32 751.08 16.56 73 .89 0
01:33 751.08 16.56 74 .89 0
01:34 751.08 16.5 74 .89 0
01:35 751.08 16.44 74 .89 0
01:36 751.08 16.39 74 .89 0
01:37 751.08 16.39 74 .89 0
01:38 751.08 16.33 74 .89 0
01:39 751.08 16.28 74 .89 0
01:40 751.08 16.28 74 .89 0
01:41 751.08 16.28 74 .89 0
01:42 751.08 16.28 74 .89 0
01:43 751.08 16.28 75 .89 0
01:44 751.08 16.17 75 .89 0
01:45 751.08 16.17 75 .89 0
01:46 751.08 16.11 75 .45 0
01:47 751.33 16.11 75 .89 0
01:48 751.08 16.06 75 .89 0
01:49 751.08 16 75 .89 0
01:50 751.08 16 75 .45 0
01:51 751.33 15.94 75 .89 0
01:52 751.33 15.89 76 .89 0
01:53 751.08 15.83 76 .89 0
01:54 751.08 15.83 76 .89 0
01:55 751.33 15.78 76 .45 0
01:56 751.33 15.67 76 .45 0
01:57 751.33 15.61 77 .89 0
01:58 751.33 15.5 77 .89 0
01:59 751.33 15.44 77 .45 0
02:00 751.33 15.44 77 .89 0
02:01 751.33 15.39 77 1.34 0
02:02 751.33 15.39 77 .89 0
02:03 751.33 15.39 77 .89 0
02:04 751.33 15.39 77 .89 0
02:05 751.33 15.44 76 .89 0
02:06 751.33 15.5 76 .89 0
02:07 751.33 15.5 76 .89 0
02:08 751.33 15.5 76 .45 0
02:09 751.33 15.56 76 .89 0
02:10 751.33 15.5 76 .45 0
02:11 751.33 15.5 77 .89 0
02:12 751.33 15.56 76 .89 0
02:13 751.33 15.5 76 .89 0
02:14 751.33 15.44 77 .89 0
02:15 751.33 15.44 77 .89 0
02:16 751.33 15.39 77 .89 0
02:17 751.33 15.39 77 .45 0
02:18 751.33 15.33 77 .89 0
02:19 751.33 15.28 77 .45 0
02:20 751.33 15.17 78 .45 0
02:21 751.33 15.17 78 .45 0
02:22 751.33 15.11 78 .45 0
02:23 751.33 15.06 78 .89 0
02:24 751.33 15 78 .45 0
02:25 751.33 15 78 .89 0
02:26 751.33 14.94 78 .45 0
02:27 751.33 14.94 78 .45 0
02:28 751.59 14.89 78 .45 0
02:29 751.33 14.83 78 .45 0
02:30 751.33 14.78 78 .45 0
02:31 751.33 14.78 78 .89 0
02:32 751.33 14.78 78 .89 0
02:33 751.33 14.72 78 .89 0
02:34 751.33 14.72 78 .45 0
02:35 751.33 14.67 78 .45 0
02:36 751.33 14.67 78 .89 0
02:37 751.33 14.72 78 .45 0
02:38 751.59 14.72 78 1.34 0
02:39 751.33 14.72 78 .45 0
02:40 751.59 14.72 78 .45 0
02:41 751.33 14.78 78 .45 0
02:42 751.59 14.72 78 .45 0
02:43 751.59 14.72 78 .45 0
02:44 751.59 14.67 78 .89 0
02:45 751.59 14.67 78 .45 0
02:46 751.59 14.61 78 .89 0
02:47 751.59 14.56 78 .45 0
02:48 751.59 14.56 79 .89 0
02:49 751.59 14.5 79 .89 0
02:50 751.59 14.5 79 .45 0
02:51 751.59 14.5 79 .45 0
02:52 751.59 14.5 79 .45 0
02:53 751.59 14.44 79 .89 0
02:54 751.59 14.5 79 .45 0
02:55 751.59 14.44 79 .45 0
02:56 751.59 14.44 79 .89 0
02:57 751.59 14.44 79 .89 0
02:58 751.59 14.44 79 .45 0
02:59 751.59 14.39 79 .45 0
03:00 751.59 14.39 79 .89 0
03:01 751.59 14.33 79 .45 0
03:02 751.59 14.33 79 .45 0
03:03 751.59 14.28 79 .45 0
03:04 751.59 14.28 79 .45 0
03:05 751.59 14.22 79 .45 0
03:06 751.59 14.22 79 .45 0
03:07 751.59 14.17 79 .45 0
03:08 751.59 14.11 80 .45 0
03:09 751.59 14.11 80 0 0
03:10 751.59 14.06 80 0 0
03:11 751.59 14.06 80 0 0
03:12 751.59 14 80 0 0
03:13 751.59 13.94 80 0 0
03:14 751.59 13.94 80 0 0
03:15 751.59 13.89 80 0 0
03:16 751.59 13.89 80 0 0
03:17 751.59 13.89 80 0 0
03:18 751.59 13.89 80 0 0
03:19 751.59 13.83 80 0 0
03:20 751.59 13.89 81 0 0
03:21 751.59 13.89 80 0 0
03:22 751.59 13.83 80 0 0
03:23 751.59 13.89 80 .45 0
03:24 751.59 13.83 81 .45 0
03:25 751.59 13.78 81 .45 0
03:26 751.59 13.78 81 .89 0
03:27 751.59 13.78 81 .89 0
03:28 751.59 13.78 81 .89 0
03:29 751.59 13.78 81 .89 0
03:30 751.59 13.72 81 .89 0
03:31 751.59 13.72 81 .89 0
03:32 751.59 13.72 81 .45 0
03:33 751.59 13.72 81 .45 0
03:34 751.59 13.67 81 .45 0
03:35 751.59 13.67 81 .45 0
03:36 751.59 13.67 81 .45 0
03:37 751.59 13.67 81 .45 0
03:38 751.59 13.61 81 0 0
03:39 751.59 13.61 81 .45 0
03:40 751.59 13.56 81 .45 0
03:41 751.59 13.56 81 .45 0
03:42 751.59 13.5 81 .45 0
03:43 751.59 13.44 81 .45 0
03:44 751.59 13.44 82 .45 0
03:45 751.59 13.44 82 .89 0
03:46 751.59 13.44 82 .45 0
03:47 751.59 13.44 82 .45 0
03:48 751.59 13.5 82 .45 0
03:49 751.59 13.5 82 .89 0
03:50 751.59 13.5 82 0 0
03:51 751.59 13.56 82 .45 0
03:52 751.84 13.56 81 .89 0
03:53 751.59 13.61 81 .45 0
03:54 751.84 13.61 81 .45 0
03:55 751.59 13.61 81 0 0
03:56 751.59 13.61 81 0 0
03:57 751.84 13.61 81 .45 0
03:58 751.59 13.61 81 .45 0
03:59 751.84 13.61 81 .45 0
04:00 751.84 13.61 81 .45 0
04:01 751.59 13.61 81 .89 0
04:02 751.84 13.67 81 0 0
04:03 751.84 13.67 81 .89 0
04:04 751.59 13.72 80 0 0
04:05 751.84 13.72 80 .45 0
04:06 751.59 13.72 80 .45 0
04:07 751.59 13.72 80 .45 0
04:08 751.59 13.78 80 .45 0
04:09 751.84 13.78 80 0 0
04:10 751.84 13.78 80 .45 0
04:11 751.84 13.78 80 .45 0
04:12 751.84 13.78 80 .45 0
04:13 751.84 13.78 80 .45 0
04:14 751.84 13.78 80 0 0
04:15 751.84 13.72 79 0 0
04:16 751.84 13.72 79 0 0
04:17 751.84 13.67 80 0 0
04:18 751.84 13.61 80 0 0
04:19 751.84 13.61 80 0 0
04:20 751.84 13.56 80 0 0
04:21 751.84 13.56 80 0 0
04:22 751.84 13.56 81 0 0
04:23 751.84 13.56 81 0 0
04:24 751.84 13.56 81 0 0
04:25 751.84 13.56 81 0 0
04:26 751.84 13.61 81 0 0
04:27 751.84 13.67 81 0 0
04:28 751.84 13.67 81 0 0
04:29 751.84 13.72 81 0 0
04:30 752.09 13.78 81 0 0
04:31 752.09 13.83 81 0 0
04:32 751.84 13.83 80 0 0
04:33 751.84 13.89 80 0 0
04:34 752.09 13.89 80 0 0
04:35 752.09 13.89 80 0 0
04:36 752.09 13.89 80 0 0
04:37 752.09 13.94 80 0 0
04:38 751.84 13.94 80 0 0
04:39 752.09 14 80 0 0
04:40 752.09 14 80 0 0
04:41 752.09 14.06 80 0 0
04:42 752.09 14.06 80 0 0
04:43 752.09 14.11 80 0 0
04:44 752.09 14.17 80 0 0
04:45 752.09 14.22 79 0 0
04:46 752.09 14.28 79 0 0
04:47 752.09 14.33 79 0 0
04:48 752.09 14.39 79 0 0
04:49 752.09 14.44 78 0 0
04:50 752.09 14.56 78 0 0
04:51 752.09 14.61 78 0 0
04:52 752.09 14.67 78 0 0
04:53 752.09 14.72 77 0 0
04:54 752.09 14.78 77 0 0
04:55 752.09 14.78 77 0 0
04:56 752.09 14.83 77 0 0
04:57 752.09 14.83 77 0 0
04:58 752.09 14.89 76 0 0
04:59 752.09 14.94 76 0 0
05:00 752.09 15 76 0 0
05:01 752.09 15.06 76 0 0
05:02 752.09 15.06 76 0 0
05:03 752.09 15.11 76 0 0
05:04 752.09 15.22 76 1.34 0
05:05 752.09 15.28 75 .45 0
05:06 752.09 15.33 75 .45 0
05:07 752.09 15.39 75 .89 0
05:08 752.09 15.44 75 0 0
05:09 752.09 15.56 74 0 0
05:10 752.09 15.61 74 0 0
05:11 752.09 15.67 74 0 0
05:12 752.09 15.78 74 0 0
05:13 752.09 15.89 74 .45 0
05:14 752.09 15.94 74 0 0
05:15 752.09 16.06 73 0 0
05:16 752.09 16.17 73 0 0
05:17 752.09 16.28 73 0 0
05:18 752.09 16.39 72 0 0
05:19 752.09 16.44 72 0 0
05:20 752.09 16.56 72 .45 0
05:21 752.09 16.67 71 .45 0
05:22 752.09 16.72 71 0 0
05:23 752.09 16.78 71 .45 0
05:24 752.09 16.83 70 .45 0
05:25 752.09 16.89 70 .45 0
05:26 752.09 16.89 70 .45 0
05:27 752.09 16.89 70 .89 0
05:28 752.09 16.89 70 .45 0
05:29 752.09 16.94 70 .45 0
05:30 752.09 16.94 70 .89 0
05:31 752.09 17 70 .45 0
05:32 752.09 17 69 .45 0
05:33 752.09 17 69 .45 0
05:34 752.09 17.06 70 .89 0
05:35 752.09 17.11 69 0 0
05:36 752.35 17.11 69 .45 0
05:37 752.35 17.17 70 .45 0
05:38 752.09 17.17 70 .45 0
05:39 752.09 17.22 69 .45 0
05:40 752.35 17.22 69 0 0
05:41 752.35 17.28 69 .45 0
05:42 752.35 17.28 69 0 0
05:43 752.35 17.33 69 .45 0
05:44 752.35 17.39 69 0 0
05:45 752.35 17.39 69 0 0
05:46 752.35 17.44 69 0 0
05:47 752.35 17.44 68 0 0
05:48 752.35 17.44 68 0 0
05:49 752.35 17.5 68 0 0
05:50 752.35 17.5 68 0 0
05:51 752.35 17.56 68 0 0
05:52 752.35 17.61 68 0 0
05:53 752.35 17.61 68 .45 0
05:54 752.35 17.72 68 .45 0
05:55 752.35 17.72 68 1.34 0
05:56 752.35 17.72 68 .45 0
05:57 752.35 17.72 67 .45 0
05:58 752.35 17.72 68 .45 0
05:59 752.35 17.78 68 .89 0
06:00 752.35 17.78 68 .89 0
06:01 752.35 17.78 68 .45 0
06:02 752.35 17.83 68 .89 0
06:03 752.35 17.89 67 .89 0
06:04 752.35 17.94 67 .89 0
06:05 752.35 17.94 67 .89 0
06:06 752.35 17.94 67 .89 0
06:07 752.35 17.94 67 .89 0
06:08 752.35 17.94 67 .89 0
06:09 752.35 17.94 67 .45 0
06:10 752.35 17.94 67 .45 0
06:11 752.35 17.94 67 .89 0
06:12 752.6 17.94 67 .45 0
06:13 752.35 18 67 0 0
06:14 752.35 18.06 67 .45 0
06:15 752.35 18.06 67 .45 0
06:16 752.35 18.11 67 .45 0
06:17 752.6 18.17 67 .89 0
06:18 752.6 18.17 67 .45 0
06:19 752.6 18.22 67 .45 0
06:20 752.6 18.22 67 .89 0
06:21 752.6 18.28 67 .89 0
06:22 752.6 18.33 66 1.34 0
06:23 752.6 18.28 66 .45 0
06:24 752.6 18.33 67 .89 0
06:25 752.6 18.33 67 1.34 0
06:26 752.35 18.39 67 .45 0
06:27 752.6 18.44 66 .45 0
06:28 752.6 18.5 66 0 0
06:29 752.6 18.56 66 0 0
06:30 752.6 18.67 66 0 0
06:31 752.6 18.72 66 .89 0
06:32 752.6 18.83 66 .89 0
06:33 752.6 18.89 66 .45 0
06:34 752.6 18.94 66 .45 0
06:35 752.6 19 65 .89 0
06:36 752.6 19.06 66 .89 0
06:37 752.6 19.06 66 .45 0
06:38 752.6 19.11 65 .45 0
06:39 752.6 19.11 65 .45 0
06:40 752.6 19.11 65 .89 0
06:41 752.6 19.17 65 .45 0
06:42 752.6 19.17 65 .89 0
06:43 752.6 19.22 65 .89 0
06:44 752.6 19.28 65 1.34 0
06:45 752.6 19.28 65 1.34 0
06:46 752.6 19.33 64 1.79 0
06:47 752.6 19.33 64 .45 0
06:48 752.6 19.28 64 .89 0
06:49 752.6 19.28 64 1.34 0
06:50 752.6 19.28 65 .89 0
06:51 752.6 19.28 64 .89 0
06:52 752.6 19.33 64 1.34 0
06:53 752.6 19.28 64 1.34 0
06:54 752.86 19.33 64 .89 0
06:55 752.6 19.39 64 .89 0
06:56 752.86 19.39 64 2.68 0
06:57 752.6 19.39 64 .89 0
06:58 752.6 19.39 64 1.34 0
06:59 752.6 19.44 64 .45 0
07:00 752.86 19.5 64 1.79 0
07:01 752.86 19.56 63 1.34 0
07:02 752.86 19.56 63 .89 0
07:03 752.86 19.61 64 1.79 0
07:04 752.86 19.67 63 .89 0
07:05 752.86 19.67 63 .89 0
07:06 752.86 19.72 64 1.79 0
07:07 752.86 19.78 64 .89 0
07:08 752.86 19.83 64 .45 0
07:09 752.86 19.89 64 .89 0
07:10 752.86 19.94 63 .89 0
07:11 752.86 20 63 1.34 0
07:12 752.6 20 63 1.34 0
07:13 752.6 20.06 63 .89 0
07:14 752.6 20.06 63 1.34 0
07:15 752.6 20.11 63 .45 0
07:16 752.6 20.11 63 .89 0
07:17 752.6 20.22 63 .89 0
07:18 752.6 20.28 63 .89 0
07:19 752.6 20.33 62 1.34 0
07:20 752.6 20.39 62 .89 0
07:21 752.6 20.44 61 .89 0
07:22 752.6 20.44 61 .89 0
07:23 752.6 20.5 61 1.34 0
07:24 752.6 20.61 61 .89 0
07:25 752.6 20.67 61 1.34 0
07:26 752.6 20.72 61 .45 0
07:27 752.6 20.78 61 .89 0
07:28 752.6 20.83 60 1.79 0
07:29 752.6 20.83 60 1.79 0
07:30 752.6 20.89 60 .89 0
07:31 752.6 20.89 60 2.24 0
07:32 752.6 20.94 60 .45 0
07:33 752.6 20.94 60 1.34 0
07:34 752.6 20.94 59 1.79 0
07:35 752.6 20.94 59 1.34 0
07:36 752.86 21 64 1.34 0
07:37 752.86 21.06 63 .89 0
07:38 752.6 21.11 63 .45 0
07:39 752.86 21.17 63 .89 0
07:40 752.86 21.22 63 .89 0
07:41 752.86 21.28 63 .89 0
07:42 752.6 21.33 63 .89 0
07:43 752.86 21.44 63 .89 0
07:44 752.86 21.56 62 1.34 0
07:45 752.6 21.61 62 .89 0
07:46 752.86 21.67 62 1.34 0
07:47 752.86 21.67 62 1.79 0
07:48 752.86 21.72 61 1.34 0
07:49 752.86 21.72 60 1.34 0
07:50 752.86 21.72 61 .89 0
07:51 752.86 21.72 61 1.79 0
07:52 752.86 21.78 61 1.79 0
07:53 752.86 21.83 60 1.34 0
07:54 752.86 21.83 59 1.34 0
07:55 752.86 21.89 59 .89 0
07:56 752.86 21.89 59 .89 0
07:57 752.86 21.94 59 1.79 0
07:58 752.86 22 59 1.34 0
07:59 752.86 22 59 1.79 0
08:00 752.86 22 59 1.79 0
08:01 752.86 22 59 1.34 0
08:02 752.86 22 59 1.34 0
08:03 752.86 22 58 1.34 0
08:04 752.86 22.06 58 .89 0
08:05 752.86 22.11 58 .89 0
08:06 752.86 22.17 59 0 0
08:07 752.86 22.28 58 .89 0
08:08 752.86 22.39 58 1.34 0
08:09 752.86 22.5 57 1.34 0
08:10 752.86 22.56 57 1.79 0
08:11 752.86 22.61 56 .89 0
08:12 752.86 22.67 57 1.34 0
08:13 752.86 22.72 58 1.79 0
08:14 752.86 22.67 57 .45 0
08:15 752.86 22.72 57 .89 0
08:16 752.86 22.78 57 .89 0
08:17 752.86 22.83 58 1.79 0
08:18 752.86 22.89 58 1.34 0
08:19 752.86 22.89 58 1.34 0
08:20 752.86 22.94 57 .45 0
08:21 752.86 23 57 .45 0
08:22 752.86 23.11 58 2.68 0
08:23 752.86 23.11 56 1.34 0
08:24 752.86 23.17 56 .89 0
08:25 752.86 23.22 57 .89 0
08:26 752.86 23.22 57 .45 0
08:27 752.86 23.22 56 .89 0
08:28 752.86 23.28 57 0 0
08:29 752.86 23.33 57 1.34 0
08:30 752.86 23.39 56 1.79 0
08:31 752.86 23.39 56 .89 0
08:32 752.86 23.5 56 .89 0
08:33 752.86 23.61 56 1.34 0
08:34 752.86 23.67 56 1.34 0
08:35 752.86 23.67 53 .89 0
08:36 753.11 23.67 54 .45 0
08:37 753.11 23.67 55 1.34 0
08:38 753.11 23.67 54 .89 0
08:39 753.11 23.72 54 2.68 0
08:40 753.11 23.78 53 1.79 0
08:41 753.11 23.78 53 1.34 0
08:42 753.11 23.83 53 1.34 0
08:43 753.11 23.83 53 2.24 0
08:44 753.11 23.83 54 1.34 0
08:45 753.11 23.78 53 .45 0
08:46 753.11 23.78 53 0 0
08:47 753.11 23.83 54 .45 0
08:48 753.11 23.94 53 0 0
08:49 753.11 24.06 53 .89 0
08:50 753.11 24.17 52 .89 0
08:51 753.11 24.28 53 .89 0
08:52 753.11 24.39 53 .89 0
08:53 753.11 24.5 53 .45 0
08:54 753.11 24.56 52 1.79 0
08:55 753.11 24.67 49 1.79 0
08:56 753.11 24.61 48 1.79 0
08:57 753.36 24.61 47 .89 0
08:58 753.11 24.56 48 .89 0
08:59 753.11 24.56 48 1.34 0
09:00 753.11 24.56 47 1.34 0
09:01 753.11 24.56 47 .89 0
09:02 753.11 24.61 49 .89 0
09:03 753.11 24.67 49 1.79 0
09:04 753.11 24.61 48 1.34 0
09:05 753.11 24.56 49 .45 0
09:06 753.11 24.56 49 1.79 0
09:07 753.11 24.5 50 1.34 0
09:08 753.11 24.44 50 .89 0
09:09 753.11 24.44 50 .89 0
09:10 753.11 24.44 48 .89 0
09:11 753.36 24.44 49 1.79 0
09:12 753.11 24.5 49 1.34 0
09:13 753.11 24.56 50 2.68 0
09:14 753.11 24.56 48 2.24 0
09:15 753.11 24.44 49 2.24 0
09:16 753.11 24.39 49 1.79 0
09:17 753.11 24.33 50 1.79 0
09:18 753.11 24.33 50 1.34 0
09:19 753.11 24.28 50 0 0
09:20 753.11 24.39 50 1.79 0
09:21 753.11 24.39 51 2.24 0
09:22 753.11 24.44 48 2.68 0
09:23 753.11 24.44 49 1.34 0
09:24 753.11 24.44 48 3.13 0
09:25 753.11 24.39 47 1.79 0
09:26 753.11 24.33 47 1.34 0
09:27 753.11 24.28 47 .89 0
09:28 753.11 24.28 49 1.79 0
09:29 753.11 24.22 49 2.68 0
09:30 753.11 24.22 48 3.13 0
09:31 753.11 24.28 47 1.34 0
09:32 753.11 24.28 46 1.34 0
09:33 753.11 24.39 47 3.58 0
09:34 753.11 24.44 44 1.34 0
09:35 753.11 24.5 46 2.68 0
09:36 753.11 24.56 48 1.79 0
09:37 753.11 24.61 47 .89 0
09:38 753.11 24.72 48 2.24 0
09:39 753.11 24.72 47 2.24 0
09:40 753.11 24.78 47 .89 0
09:41 753.11 24.83 47 .89 0
09:42 753.11 24.89 47 2.68 0
09:43 753.11 24.89 46 2.24 0
09:44 753.11 24.94 47 1.34 0
09:45 753.11 24.94 47 .45 0
09:46 753.11 24.94 47 1.79 0
09:47 753.11 25.06 47 .89 0
09:48 753.36 25.06 47 1.34 0
09:49 753.11 25.17 48 1.34 0
09:50 753.11 25.22 46 .45 0
09:51 753.11 25.33 44 2.68 0
09:52 753.11 25.39 45 1.34 0
09:53 753.36 25.44 45 3.58 0
09:54 753.11 25.39 44 2.24 0
09:55 753.11 25.28 44 1.79 0
09:56 753.11 25.22 45 2.68 0
09:57 753.11 25.22 46 2.68 0
09:58 753.11 25.28 47 .89 0
09:59 753.11 25.28 46 1.34 0
10:00 753.11 25.33 46 2.24 0
10:01 753.11 25.33 46 2.68 0
10:02 753.11 25.28 45 2.68 0
10:03 753.36 25.28 45 1.34 0
10:04 753.11 25.28 44 1.79 0
10:05 753.11 25.28 45 1.79 0
10:06 753.11 25.28 45 .45 0
10:07 753.36 25.28 44 .89 0
10:08 753.11 25.33 45 2.68 0
10:09 753.36 25.44 45 0 0
10:10 753.36 25.56 45 0 0
10:11 753.36 25.72 45 1.34 0
10:12 753.36 25.78 44 4.47 0
10:13 753.36 25.72 43 3.13 0
10:14 753.36 25.67 44 1.34 0
10:15 753.36 25.67 45 1.34 0
10:16 753.36 25.72 44 2.24 0
10:17 753.36 25.72 44 1.79 0
10:18 753.36 25.67 44 1.79 0
10:19 753.36 25.67 44 0 0
10:20 753.36 25.67 44 1.34 0
10:21 753.11 25.72 44 0 0
10:22 753.36 25.78 44 1.34 0
10:23 753.11 25.83 44 .89 0
10:24 753.11 25.89 44 2.68 0
10:25 753.11 26 43 1.34 0
10:26 753.36 26.11 43 1.79 0
10:27 753.11 26.11 42 3.13 0
10:28 753.11 26.06 43 1.79 0
10:29 753.11 26 42 2.68 0
10:30 753.11 25.83 42 5.36 0
10:31 753.11 25.67 43 3.13 0
10:32 753.11 25.56 43 3.58 0
10:33 753.11 25.44 44 1.79 0
10:34 753.11 25.44 44 1.79 0
10:35 753.11 25.44 43 1.34 0
10:36 753.11 25.44 44 .89 0
10:37 753.11 25.44 44 0 0
10:38 753.11 25.5 45 0 0
10:39 753.11 25.61 45 .45 0
10:40 753.11 25.72 44 1.79 0
10:41 753.11 25.89 45 3.58 0
10:42 753.11 25.94 43 4.92 0
10:43 753.36 25.94 43 3.58 0
10:44 753.36 25.94 42 3.13 0
10:45 753.36 25.94 42 2.68 0
10:46 753.36 25.89 41 3.58 0
10:47 753.36 25.78 41 2.68 0
10:48 753.36 25.67 42 1.34 0
10:49 753.36 25.61 42 1.79 0
10:50 753.36 25.61 43 1.34 0
10:51 753.36 25.61 43 .45 0
10:52 753.36 25.72 44 1.34 0
10:53 753.36 25.83 44 .45 0
10:54 753.36 25.89 43 .89 0
10:55 753.36 26 43 .45 0
10:56 753.36 26.11 43 1.79 0
10:57 753.36 26.17 43 3.13 0
10:58 753.36 26.17 42 2.68 0
10:59 753.11 26.06 43 3.13 0
11:00 753.36 25.94 43 .89 0
11:01 753.36 25.94 43 .89 0
11:02 753.36 26 44 2.68 0
11:03 753.36 26.06 43 3.58 0
11:04 753.36 26.06 44 1.34 0
11:05 753.36 26.06 44 3.13 0
11:06 753.36 26.11 43 .45 0
11:07 753.36 26.22 43 2.24 0
11:08 753.36 26.33 44 2.68 0
11:09 753.36 26.39 42 2.24 0
11:10 753.36 26.44 42 3.13 0
11:11 753.36 26.39 41 4.47 0
11:12 753.36 26.33 42 .89 0
11:13 753.36 26.22 41 .89 0
11:14 753.36 26.22 42 .45 0
11:15 753.36 26.17 42 2.24 0
11:16 753.36 26.11 42 .45 0
11:17 753.36 26.06 42 1.79 0
11:18 753.36 26.06 43 2.24 0
11:19 753.36 26.06 42 4.02 0
11:20 753.36 26 42 1.79 0
11:21 753.36 25.94 42 2.68 0
11:22 753.36 25.94 42 1.79 0
11:23 753.36 25.94 42 1.34 0
11:24 753.36 25.94 42 .45 0
11:25 753.36 26 43 1.79 0
11:26 753.36 26 43 1.79 0
11:27 753.36 26.11 43 1.34 0
11:28 753.36 26.22 44 1.79 0
11:29 753.36 26.33 43 4.92 0
11:30 753.36 26.28 42 4.47 0
11:31 753.36 26.17 42 3.13 0
11:32 753.36 26.06 42 2.24 0
11:33 753.36 26 43 1.34 0
11:34 753.36 26.06 44 1.79 0
11:35 753.36 26.06 44 2.24 0
11:36 753.36 26.06 44 .89 0
11:37 753.36 26.17 43 4.02 0
11:38 753.36 26.11 42 1.79 0
11:39 753.36 26.06 42 1.79 0
11:40 753.36 26 43 1.79 0
11:41 753.36 25.94 42 1.34 0
11:42 753.36 25.94 42 .45 0
11:43 753.36 26 42 1.34 0
11:44 753.36 26 43 2.24 0
11:45 753.36 26.11 44 4.02 0
11:46 753.36 26.22 44 1.79 0
11:47 753.36 26.28 43 3.13 0
11:48 753.36 26.33 41 1.79 0
11:49 753.36 26.28 41 1.34 0
11:50 753.36 26.28 42 2.68 0
11:51 753.36 26.33 43 4.92 0
11:52 753.36 26.39 42 3.13 0
11:53 753.36 26.33 42 3.58 0
11:54 753.36 26.28 43 1.79 0
11:55 753.36 26.33 43 .89 0
11:56 753.36 26.33 44 1.79 0
11:57 753.36 26.44 43 2.68 0
11:58 753.36 26.44 43 3.13 0
11:59 753.36 26.44 42 2.68 0
12:00 753.36 26.44 44 .89 0
12:01 753.36 26.5 43 2.68 0
12:02 753.36 26.5 42 1.34 0
12:03 753.36 26.39 41 .89 0
12:04 753.36 26.44 43 3.13 0
12:05 753.36 26.5 42 1.79 0
12:06 753.36 26.44 41 1.34 0
12:07 753.36 26.44 41 .45 0
12:08 753.36 26.5 42 1.34 0
12:09 753.36 26.61 42 .89 0
12:10 753.36 26.72 41 2.24 0
12:11 753.36 26.83 42 1.34 0
12:12 753.36 26.83 39 .89 0
12:13 753.36 26.78 40 1.34 0
12:14 753.36 26.83 40 4.02 0
12:15 753.36 26.72 41 4.92 0
12:16 753.36 26.61 42 3.58 0
12:17 753.36 26.61 42 3.58 0
12:18 753.36 26.61 42 .45 0
12:19 753.36 26.72 42 1.79 0
12:20 753.36 26.78 42 .89 0
12:21 753.36 26.94 42 1.34 0
12:22 753.36 27.06 41 .89 0
12:23 753.36 27.06 39 1.34 0
12:24 753.36 27.06 39 1.79 0
12:25 753.36 27 40 2.24 0
12:26 753.36 26.94 40 5.81 0
12:27 753.36 26.94 41 4.47 0
12:28 753.36 26.94 41 4.02 0
12:29 753.36 26.78 41 2.68 0
12:30 753.36 26.72 41 2.24 0
12:31 753.36 26.67 41 .89 0
12:32 753.36 26.61 41 4.47 0
12:33 753.36 26.56 41 4.47 0
12:34 753.36 26.56 42 4.02 0
12:35 753.36 26.56 41 3.58 0
12:36 753.36 26.56 41 4.02 0
12:37 753.36 26.56 40 1.79 0
12:38 753.36 26.5 39 .45 0
12:39 753.36 26.56 40 2.68 0
12:40 753.36 26.56 40 1.79 0
12:41 753.36 26.61 40 1.34 0
12:42 753.36 26.72 40 1.79 0
12:43 753.36 26.78 39 .89 0
12:44 753.36 26.89 39 1.79 0
12:45 753.36 26.89 39 4.02 0
12:46 753.36 26.94 39 1.34 0
12:47 753.36 26.94 39 1.34 0
12:48 753.36 27 39 2.24 0
12:49 753.36 27 38 1.34 0
12:50 753.36 26.94 39 2.68 0
12:51 753.36 26.94 39 2.68 0
12:52 753.36 26.94 39 4.47 0
12:53 753.36 26.78 39 3.58 0
12:54 753.36 26.67 40 2.68 0
12:55 753.36 26.61 40 1.79 0
12:56 753.36 26.61 41 .45 0
12:57 753.36 26.72 41 .45 0
12:58 753.36 26.89 41 .45 0
12:59 753.36 27.06 40 1.79 0
13:00 753.36 27.11 40 2.24 0
13:01 753.36 27.06 40 .45 0
13:02 753.11 27.17 41 1.34 0
13:03 753.11 27.28 41 .45 0
13:04 753.36 27.33 41 1.79 0
13:05 753.36 27.44 41 1.79 0
13:06 753.36 27.56 39 1.79 0
13:07 753.36 27.56 40 4.92 0
13:08 753.11 27.44 40 3.58 0
13:09 753.36 27.22 40 4.47 0
13:10 753.36 27.17 41 1.79 0
13:11 753.36 27.06 41 1.79 0
13:12 753.36 27 41 .89 0
13:13 753.11 26.94 41 2.24 0
13:14 753.11 26.89 41 2.24 0
13:15 753.11 26.94 41 .89 0
13:16 753.11 27.06 41 1.34 0
13:17 753.11 27.06 41 2.68 0
13:18 753.11 27.06 41 1.79 0
13:19 753.11 27.11 40 1.34 0
13:20 753.11 27.22 41 2.24 0
13:21 753.11 27.22 41 4.02 0
13:22 753.11 27.17 41 4.92 0
13:23 753.11 27.06 41 1.79 0
13:24 753.11 27.06 41 3.58 0
13:25 753.11 27.06 41 3.13 0
13:26 753.11 27.06 41 .45 0
13:27 753.11 27.06 42 2.68 0
13:28 753.11 27.11 42 3.13 0
13:29 753.11 27.06 41 1.79 0
13:30 753.11 27.11 42 .89 0
13:31 753.11 27.17 42 1.34 0
13:32 753.11 27.28 42 4.02 0
13:33 753.11 27.33 41 2.68 0
13:34 753.11 27.39 41 1.79 0
13:35 753.11 27.39 41 .89 0
13:36 753.11 27.44 41 2.68 0
13:37 753.11 27.5 41 2.68 0
13:38 753.11 27.5 41 1.79 0
13:39 753.11 27.44 41 2.68 0
13:40 753.11 27.33 41 3.58 0
13:41 753.11 27.28 41 1.79 0
13:42 753.11 27.22 41 3.58 0
13:43 753.11 27.11 41 .89 0
13:44 753.11 27.11 41 .45 0
13:45 753.11 27.17 42 1.34 0
13:46 753.11 27.28 42 0 0
13:47 753.11 27.33 42 4.92 0
13:48 753.11 27.39 41 3.58 0
13:49 753.11 27.39 42 1.79 0
13:50 753.11 27.39 42 3.13 0
13:51 753.11 27.33 42 1.34 0
13:52 753.11 27.39 42 1.79 0
13:53 753.11 27.39 42 3.58 0
13:54 753.11 27.44 41 2.24 0
13:55 753.11 27.44 42 1.79 0
13:56 753.11 27.5 42 0 0
13:57 753.11 27.56 42 1.79 0
13:58 753.11 27.67 42 5.36 0
13:59 753.11 27.67 41 4.02 0
14:00 752.86 27.67 41 3.13 0
14:01 753.11 27.61 42 4.02 0
14:02 753.11 27.56 41 1.34 0
14:03 753.11 27.56 42 1.79 0
14:04 753.11 27.5 41 1.34 0
14:05 753.11 27.44 42 1.34 0
14:06 753.11 27.44 42 2.24 0
14:07 753.11 27.33 41 2.68 0
14:08 753.11 27.28 42 1.34 0
14:09 752.86 27.33 42 4.02 0
14:10 753.11 27.28 41 .89 0
14:11 753.11 27.28 42 .89 0
14:12 753.11 27.28 42 .45 0
14:13 753.11 27.33 42 .89 0
14:14 753.11 27.39 42 1.34 0
14:15 753.11 27.5 41 0 0
14:16 753.11 27.56 41 .45 0
14:17 753.11 27.56 41 1.79 0
14:18 752.86 27.61 41 .45 0
14:19 752.86 27.67 42 .89 0
14:20 753.11 27.67 42 2.68 0
14:21 752.86 27.56 41 2.24 0
14:22 752.86 27.5 41 1.79 0
14:23 752.86 27.5 42 3.58 0
14:24 752.86 27.5 41 1.34 0
14:25 753.11 27.56 42 2.24 0
14:26 752.86 27.56 42 1.79 0
14:27 753.11 27.67 41 3.58 0
14:28 752.86 27.67 41 1.34 0
14:29 752.86 27.67 41 2.24 0
14:30 752.86 27.67 41 3.13 0
14:31 752.86 27.72 41 4.47 0
14:32 752.86 27.67 39 4.02 0
14:33 753.11 27.61 40 2.68 0
14:34 753.11 27.56 40 3.13 0
14:35 753.11 27.61 41 2.24 0
14:36 753.11 27.67 40 2.68 0
14:37 752.86 27.67 40 1.34 0
14:38 753.11 27.72 40 3.13 0
14:39 752.86 27.78 40 3.13 0
14:40 752.86 27.67 40 2.24 0
14:41 753.11 27.67 39 2.68 0
14:42 752.86 27.67 40 .45 0
14:43 753.11 27.67 40 2.68 0
14:44 752.86 27.67 39 3.13 0
14:45 752.86 27.67 39 2.24 0
14:46 753.11 27.72 39 1.79 0
14:47 752.86 27.78 39 .89 0
14:48 752.86 27.78 39 .45 0
14:49 752.86 27.83 39 1.79 0
14:50 753.11 27.83 39 1.34 0
14:51 752.86 27.89 39 .89 0
14:52 752.86 27.89 38 1.34 0
14:53 752.86 27.94 39 3.58 0
14:54 752.86 27.94 39 4.02 0
14:55 752.86 28 39 .45 0
14:56 752.86 28.06 39 .45 0
14:57 752.86 28.06 39 4.92 0
14:58 752.86 27.94 40 4.02 0
14:59 753.11 27.72 40 3.13 0
15:00 752.86 27.61 40 3.13 0
15:01 753.11 27.56 41 .89 0
15:02 753.11 27.56 40 2.24 0
15:03 753.11 27.5 41 3.58 0
15:04 752.86 27.44 40 .45 0
15:05 752.86 27.44 40 2.68 0
15:06 752.86 27.44 40 .89 0
15:07 752.86 27.5 41 2.24 0
15:08 752.86 27.61 41 4.02 0
15:09 752.86 27.72 40 3.58 0
15:10 752.86 27.72 40 1.79 0
15:11 752.86 27.78 40 1.79 0
15:12 752.86 27.78 40 .89 0
15:13 752.86 27.78 40 .89 0
15:14 752.86 27.78 40 0 0
15:15 752.86 27.83 41 0 0
15:16 752.86 27.94 40 1.79 0
15:17 752.86 28 40 2.24 0
15:18 752.86 28.06 40 3.13 0
15:19 752.86 28 39 2.68 0
15:20 752.86 27.89 39 3.13 0
15:21 752.86 27.78 39 1.34 0
15:22 752.86 27.67 40 2.68 0
15:23 752.86 27.61 40 1.34 0
15:24 752.86 27.61 40 .45 0
15:25 752.86 27.67 40 1.34 0
15:26 752.86 27.72 40 .45 0
15:27 752.86 27.78 40 .89 0
15:28 752.86 27.83 40 2.24 0
15:29 752.86 27.94 40 2.24 0
15:30 752.86 28 40 1.79 0
15:31 752.86 28.06 40 1.34 0
15:32 752.86 28.17 40 1.34 0
15:33 753.11 28.28 39 2.68 0
15:34 752.86 28.28 38 4.02 0
15:35 752.86 28.28 38 2.68 0
15:36 752.86 28.22 39 3.13 0
15:37 752.86 28.17 40 3.58 0
15:38 752.86 28.11 39 3.58 0
15:39 752.86 28.11 40 1.79 0
15:40 752.86 28.11 40 .45 0
15:41 752.86 28.17 40 .89 0
15:42 752.86 28.22 39 .89 0
15:43 752.86 28.22 39 0 0
15:44 753.11 28.33 39 .89 0
15:45 752.86 28.39 39 1.34 0
15:46 752.86 28.5 39 2.24 0
15:47 752.86 28.44 38 1.79 0
15:48 752.86 28.5 39 1.79 0
15:49 752.86 28.5 38 3.58 0
15:50 753.11 28.44 38 3.13 0
15:51 752.86 28.33 38 1.34 0
15:52 752.86 28.22 39 1.34 0
15:53 752.86 28.17 39 .89 0
15:54 753.11 28.22 39 2.24 0
15:55 752.86 28.17 39 2.68 0
15:56 752.86 28.17 40 .89 0
15:57 752.86 28.28 40 1.79 0
15:58 752.86 28.33 38 .89 0
15:59 752.86 28.33 38 3.58 0
16:00 752.86 28.33 38 3.13 0
16:01 752.86 28.33 38 2.68 0
16:02 752.86 28.39 38 2.24 0
16:03 752.86 28.39 38 1.79 0
16:04 752.86 28.33 37 2.24 0
16:05 752.86 28.28 37 2.68 0
16:06 752.86 28.22 38 1.79 0
16:07 752.86 28.17 38 2.68 0
16:08 752.86 28.22 38 1.79 0
16:09 752.86 28.22 38 2.24 0
16:10 752.86 28.17 38 3.13 0
16:11 752.86 28.11 38 2.24 0
16:12 752.86 28.06 38 2.24 0
16:13 752.86 28.06 38 2.68 0
16:14 752.86 28.06 38 2.24 0
16:15 752.86 28.11 38 3.13 0
16:16 752.86 28.17 38 1.79 0
16:17 752.86 28.22 38 2.24 0
16:18 752.86 28.17 38 1.79 0
16:19 752.86 28.22 38 2.24 0
16:20 752.86 28.17 38 4.02 0
16:21 752.86 28.17 38 2.24 0
16:22 752.86 28.17 38 3.58 0
16:23 752.86 28.22 38 3.58 0
16:24 752.86 28.22 38 2.68 0
16:25 752.86 28.17 39 1.34 0
16:26 752.86 28.17 39 .89 0
16:27 752.86 28.17 38 .45 0
16:28 752.86 28.22 38 .89 0
16:29 752.86 28.28 39 .89 0
16:30 752.86 28.39 39 .45 0
16:31 752.86 28.44 39 0 0
16:32 752.86 28.56 39 .45 0
16:33 752.86 28.72 39 .89 0
16:34 752.86 28.83 39 .45 0
16:35 752.86 28.94 38 .89 0
16:36 752.86 29 37 .45 0
16:37 752.86 29 37 0 0
16:38 752.86 29.06 37 1.34 0
16:39 752.86 29.11 37 1.34 0
16:40 752.86 29.11 37 1.79 0
16:41 752.86 28.94 36 1.34 0
16:42 752.86 28.83 37 .89 0
16:43 752.86 28.78 37 2.24 0
16:44 752.86 28.67 37 1.34 0
16:45 752.86 28.56 37 .89 0
16:46 752.86 28.56 38 2.24 0
16:47 752.86 28.56 38 1.79 0
16:48 752.86 28.56 38 1.34 0
16:49 752.86 28.56 38 1.34 0
16:50 752.86 28.5 38 1.34 0
16:51 752.86 28.5 37 .89 0
16:52 752.86 28.5 38 1.34 0
16:53 752.86 28.5 39 1.79 0
16:54 752.86 28.5 38 1.34 0
16:55 752.86 28.44 38 .89 0
16:56 752.86 28.44 39 1.79 0
16:57 752.86 28.5 38 2.24 0
16:58 752.86 28.44 38 .89 0
16:59 752.86 28.39 38 3.13 0
17:00 752.86 28.33 38 .45 0
17:01 752.86 28.28 38 2.24 0
17:02 752.86 28.22 38 1.79 0
17:03 752.86 28.17 38 1.79 0
17:04 752.86 28.17 38 1.79 0
17:05 752.86 28.11 38 2.68 0
17:06 752.86 28.11 38 1.34 0
17:07 752.86 28.11 39 1.79 0
17:08 752.86 28.17 39 .89 0
17:09 752.86 28.22 39 1.34 0
17:10 752.86 28.28 38 1.34 0
17:11 752.86 28.28 38 .45 0
17:12 752.86 28.28 38 0 0
17:13 752.86 28.33 38 .89 0
17:14 752.86 28.44 38 .89 0
17:15 752.86 28.44 37 .89 0
17:16 752.86 28.5 38 1.79 0
17:17 752.86 28.56 38 1.79 0
17:18 752.86 28.56 38 1.79 0
17:19 752.86 28.56 38 0 0
17:20 752.86 28.56 38 .89 0
17:21 752.86 28.67 38 .45 0
17:22 752.86 28.78 38 1.79 0
17:23 752.86 28.78 38 .89 0
17:24 752.86 28.78 38 1.79 0
17:25 752.86 28.78 37 1.34 0
17:26 752.86 28.78 38 .89 0
17:27 752.86 28.78 38 1.34 0
17:28 752.86 28.72 38 .45 0
17:29 752.86 28.78 38 .89 0
17:30 752.86 28.78 38 2.68 0
17:31 752.86 28.72 37 2.24 0
17:32 752.86 28.61 37 1.79 0
17:33 752.86 28.56 37 1.34 0
17:34 752.86 28.44 38 .89 0
17:35 752.86 28.44 38 0 0
17:36 752.86 28.44 38 .45 0
17:37 752.86 28.5 38 .89 0
17:38 752.86 28.5 38 1.34 0
17:39 752.86 28.56 38 1.34 0
17:40 752.86 28.56 38 .45 0
17:41 752.86 28.61 38 0 0
17:42 752.86 28.67 38 1.79 0
17:43 752.86 28.67 37 1.79 0
17:44 752.86 28.67 37 .89 0
17:45 752.86 28.56 37 .89 0
17:46 752.86 28.56 38 .89 0
17:47 752.86 28.56 37 1.34 0
17:48 752.86 28.67 37 2.24 0
17:49 752.86 28.61 38 1.79 0
17:50 752.86 28.56 37 .89 0
17:51 752.86 28.56 38 .89 0
17:52 752.86 28.56 37 .89 0
17:53 752.86 28.56 38 .89 0
17:54 752.86 28.61 38 1.79 0
17:55 752.86 28.61 38 1.79 0
17:56 752.86 28.56 38 1.79 0
17:57 752.86 28.56 37 1.79 0
17:58 752.86 28.56 37 2.68 0
17:59 752.86 28.5 37 .89 0
18:00 752.86 28.5 37 1.79 0
18:01 752.86 28.44 38 .89 0
18:02 752.86 28.39 37 .45 0
18:03 752.86 28.39 37 .45 0
18:04 752.86 28.39 37 .89 0
18:05 752.86 28.44 37 .45 0
18:06 752.86 28.5 37 .89 0
18:07 752.86 28.5 37 1.34 0
18:08 752.86 28.5 37 1.79 0
18:09 752.86 28.44 37 2.68 0
18:10 752.86 28.33 37 2.24 0
18:11 752.86 28.28 37 2.68 0
18:12 752.86 28.17 37 1.79 0
18:13 752.86 28.17 37 .89 0
18:14 752.86 28.17 37 .45 0
18:15 752.86 28.17 38 .45 0
18:16 752.86 28.17 37 .45 0
18:17 752.86 28.28 37 1.34 0
18:18 752.86 28.28 38 .45 0
18:19 752.86 28.33 38 0 0
18:20 752.86 28.44 38 .45 0
18:21 752.86 28.44 38 .45 0
18:22 752.86 28.44 38 .45 0
18:23 752.86 28.5 38 0 0
18:24 752.86 28.56 38 0 0
18:25 752.86 28.56 38 .45 0
18:26 752.86 28.56 38 .89 0
18:27 752.86 28.61 38 1.79 0
18:28 752.86 28.61 37 .89 0
18:29 752.86 28.61 37 .89 0
18:30 752.86 28.56 38 1.79 0
18:31 752.86 28.56 38 1.34 0
18:32 752.86 28.56 38 .89 0
18:33 752.86 28.56 38 0 0
18:34 752.86 28.61 38 0 0
18:35 752.86 28.61 38 0 0
18:36 752.86 28.67 38 .45 0
18:37 752.86 28.67 37 .89 0
18:38 752.86 28.67 38 .45 0
18:39 752.86 28.72 37 .89 0
18:40 752.86 28.72 37 .45 0
18:41 752.86 28.72 38 .45 0
18:42 752.86 28.78 38 0 0
18:43 752.86 28.83 38 0 0
18:44 752.86 28.94 38 0 0
18:45 752.86 29 38 0 0
18:46 752.86 29 37 .89 0
18:47 752.86 29 37 .45 0
18:48 752.86 29 37 .45 0
18:49 752.86 29.06 37 .89 0
18:50 752.86 29 37 .89 0
18:51 752.86 28.94 36 .45 0
18:52 752.86 28.94 37 .89 0
18:53 752.86 28.94 37 .89 0
18:54 752.86 28.89 37 1.34 0
18:55 752.86 28.83 37 1.79 0
18:56 752.86 28.78 38 2.24 0
18:57 752.86 28.67 38 1.34 0
18:58 752.86 28.56 38 1.79 0
18:59 752.86 28.5 38 2.24 0
19:00 752.86 28.39 38 1.34 0
19:01 752.86 28.33 38 .89 0
19:02 752.86 28.33 39 .45 0
19:03 752.86 28.33 39 2.24 0
19:04 752.86 28.22 39 2.68 0
19:05 752.86 28.17 39 1.79 0
19:06 752.86 28.11 39 .89 0
19:07 752.86 28.06 39 2.24 0
19:08 752.86 27.94 39 1.34 0
19:09 752.86 27.94 39 .45 0
19:10 752.86 27.89 39 1.34 0
19:11 752.86 27.89 39 .89 0
19:12 752.86 27.89 39 2.24 0
19:13 752.86 27.83 39 1.34 0
19:14 752.86 27.89 40 .89 0
19:15 752.86 27.89 39 .89 0
19:16 752.86 27.89 39 0 0
19:17 752.86 27.94 39 .89 0
19:18 752.86 27.94 39 .45 0
19:19 752.86 28 40 0 0
19:20 752.86 28 40 1.79 0
19:21 752.86 28.06 39 .45 0
19:22 752.86 28.11 39 .45 0
19:23 752.86 28.11 39 1.34 0
19:24 752.86 28.06 39 1.34 0
19:25 752.86 28.06 38 .89 0
19:26 752.86 28 38 1.34 0
19:27 752.86 27.94 39 1.34 0
19:28 752.86 27.89 39 1.34 0
19:29 752.86 27.83 39 .89 0
19:30 752.86 27.83 39 .89 0
19:31 752.86 27.78 39 .45 0
19:32 752.86 27.78 39 .89 0
19:33 752.86 27.78 39 .89 0
19:34 752.86 27.78 39 .89 0
19:35 752.86 27.78 39 1.34 0
19:36 752.86 27.78 39 .89 0
19:37 752.86 27.78 40 0 0
19:38 752.86 27.78 40 .89 0
19:39 752.86 27.72 40 .89 0
19:40 752.86 27.72 40 1.34 0
19:41 752.86 27.67 40 .45 0
19:42 752.86 27.67 40 1.79 0
19:43 752.86 27.67 40 1.79 0
19:44 752.86 27.56 40 1.79 0
19:45 752.86 27.56 40 .89 0
19:46 752.86 27.5 40 .89 0
19:47 752.86 27.5 40 1.34 0
19:48 752.86 27.5 40 1.79 0
19:49 752.86 27.5 40 .45 0
19:50 752.86 27.5 40 1.34 0
19:51 752.86 27.44 40 .89 0
19:52 752.86 27.44 40 1.34 0
19:53 752.86 27.44 40 .45 0
19:54 752.86 27.44 40 .89 0
19:55 752.86 27.44 40 .89 0
19:56 752.86 27.44 40 0 0
19:57 752.86 27.44 41 .89 0
19:58 752.86 27.39 40 1.34 0
19:59 752.86 27.44 40 .89 0
20:00 752.86 27.39 40 .89 0
20:01 752.86 27.39 41 .89 0
20:02 752.86 27.39 41 .89 0
20:03 752.86 27.39 41 .45 0
20:04 752.86 27.39 41 1.34 0
20:05 752.86 27.39 40 .89 0
20:06 752.86 27.33 41 .89 0
20:07 752.86 27.33 41 .45 0
20:08 752.86 27.33 41 .89 0
20:09 752.86 27.33 41 .45 0
20:10 752.86 27.33 41 .45 0
20:11 752.86 27.28 42 0 0
20:12 752.86 27.28 43 .89 0
20:13 752.86 27.28 42 0 0
20:14 752.86 27.28 42 1.79 0
20:15 752.86 27.22 42 .89 0
20:16 752.86 27.28 43 .45 0
20:17 752.86 27.22 43 0 0
20:18 752.86 27.28 48 0 0
20:19 752.86 27.28 46 .45 0
20:20 752.86 27.22 44 .45 0
20:21 752.86 27.22 46 .45 0
20:22 752.86 27.22 46 .45 0
20:23 752.86 27.17 46 0 0
20:24 752.86 27.17 48 0 0
20:25 752.86 27.17 48 0 0
20:26 752.86 27.11 49 0 0
20:27 752.86 27.06 49 .45 0
20:28 753.11 27 49 .45 0
20:29 752.86 26.94 50 0 0
20:30 752.86 26.89 50 0 0
20:31 753.11 26.78 51 .45 0
20:32 753.11 26.67 51 .45 0
20:33 753.11 26.56 52 0 0
20:34 753.11 26.5 52 0 0
20:35 753.11 26.39 53 0 0
20:36 753.11 26.33 54 0 0
20:37 753.11 26.17 54 0 0
20:38 753.11 26.11 54 0 0
20:39 753.11 26 54 0 0
20:40 753.11 25.89 53 0 0
20:41 753.11 25.83 53 0 0
20:42 753.11 25.72 53 0 0
20:43 753.11 25.67 53 0 0
20:44 753.11 25.61 52 0 0
20:45 753.11 25.5 52 0 0
20:46 753.11 25.44 52 0 0
20:47 753.11 25.39 52 0 0
20:48 753.11 25.28 51 0 0
20:49 753.11 25.28 51 0 0
20:50 753.11 25.11 52 0 0
20:51 753.11 25.06 52 0 0
20:52 753.11 24.94 53 0 0
20:53 753.11 24.89 54 0 0
20:54 753.11 24.78 54 0 0
20:55 753.11 24.72 54 0 0
20:56 753.11 24.61 55 0 0
20:57 753.11 24.56 56 0 0
20:58 753.11 24.44 56 0 0
20:59 753.11 24.33 56 0 0
21:00 753.11 24.33 56 0 0
21:01 753.11 24.22 56 0 0
21:02 753.11 24.11 56 0 0
21:03 753.11 24.06 56 0 0
21:04 753.11 24 56 0 0
21:05 753.11 23.94 56 0 0
21:06 753.11 23.83 56 0 0
21:07 753.36 23.83 57 0 0
21:08 753.36 23.78 57 0 0
21:09 753.36 23.72 57 0 0
21:10 753.36 23.67 56 0 0
21:11 753.36 23.61 57 0 0
21:12 753.36 23.56 57 0 0
21:13 753.36 23.5 57 0 0
21:14 753.36 23.44 58 0 0
21:15 753.36 23.39 58 0 0
21:16 753.36 23.33 57 0 0
21:17 753.36 23.28 57 0 0
21:18 753.36 23.22 57 0 0
21:19 753.36 23.17 57 0 0
21:20 753.36 23.17 58 0 0
21:21 753.36 23.11 58 0 0
21:22 753.36 23.06 58 0 0
21:23 753.36 23 57 0 0
21:24 753.36 22.94 58 0 0
21:25 753.36 22.94 58 0 0
21:26 753.36 22.83 58 0 0
21:27 753.36 22.83 59 0 0
21:28 753.36 22.78 59 0 0
21:29 753.36 22.72 59 0 0
21:30 753.36 22.67 59 0 0
21:31 753.36 22.61 59 0 0
21:32 753.36 22.56 59 0 0
21:33 753.36 22.5 59 0 0
21:34 753.36 22.39 59 0 0
21:35 753.36 22.39 60 0 0
21:36 753.36 22.33 61 0 0
21:37 753.36 22.28 61 0 0
21:38 753.36 22.22 61 0 0
21:39 753.36 22.17 61 0 0
21:40 753.36 22.06 62 0 0
21:41 753.36 21.94 62 0 0
21:42 753.36 21.94 62 0 0
21:43 753.62 21.89 62 0 0
21:44 753.36 21.83 63 0 0
21:45 753.36 21.78 63 0 0
21:46 753.62 21.67 63 0 0
21:47 753.36 21.61 64 0 0
21:48 753.36 21.61 64 0 0
21:49 753.62 21.5 64 0 0
21:50 753.36 21.44 64 0 0
21:51 753.36 21.44 65 0 0
21:52 753.62 21.39 65 0 0
21:53 753.36 21.33 65 0 0
21:54 753.36 21.28 65 0 0
21:55 753.36 21.22 66 0 0
21:56 753.36 21.22 66 0 0
21:57 753.62 21.17 66 0 0
21:58 753.62 21.11 67 0 0
21:59 753.62 21.06 67 0 0
22:00 753.62 21 67 0 0
22:01 753.36 20.94 67 0 0
22:02 753.62 20.89 68 0 0
22:03 753.62 20.83 68 0 0
22:04 753.36 20.78 69 0 0
22:05 753.62 20.72 69 0 0
22:06 753.62 20.67 69 0 0
22:07 753.62 20.61 69 0 0
22:08 753.62 20.5 70 0 0
22:09 753.62 20.44 71 0 0
22:10 753.62 20.44 71 0 0
22:11 753.62 20.33 71 0 0
22:12 753.62 20.28 71 0 0
22:13 753.62 20.17 71 0 0
22:14 753.62 20.11 71 0 0
22:15 753.62 20 71 0 0
22:16 753.62 20 71 0 0
22:17 753.62 19.94 71 0 0
22:18 753.62 19.89 71 0 0
22:19 753.62 19.83 71 0 0
22:20 753.62 19.78 71 0 0
22:21 753.62 19.78 71 0 0
22:22 753.62 19.72 72 0 0
22:23 753.62 19.72 73 0 0
22:24 753.62 19.67 73 0 0
22:25 753.62 19.61 73 0 0
22:26 753.62 19.56 74 0 0
22:27 753.62 19.56 74 0 0
22:28 753.62 19.5 73 0 0
22:29 753.62 19.5 73 0 0
22:30 753.62 19.44 73 0 0
22:31 753.62 19.44 74 0 0
22:32 753.62 19.39 74 0 0
22:33 753.62 19.39 74 0 0
22:34 753.62 19.39 74 0 0
22:35 753.62 19.39 74 0 0
22:36 753.62 19.33 74 0 0
22:37 753.62 19.33 74 0 0
22:38 753.62 19.28 74 0 0
22:39 753.62 19.28 74 0 0
22:40 753.62 19.28 74 0 0
22:41 753.62 19.22 74 0 0
22:42 753.62 19.22 74 0 0
22:43 753.62 19.22 74 0 0
22:44 753.62 19.22 74 0 0
22:45 753.62 19.22 74 0 0
22:46 753.62 19.22 74 0 0
22:47 753.62 19.22 74 0 0
22:48 753.62 19.22 74 0 0
22:49 753.62 19.22 74 0 0
22:50 753.87 19.17 75 0 0
22:51 753.62 19.17 75 0 0
22:52 753.87 19.17 75 0 0
22:53 753.87 19.11 75 0 0
22:54 753.62 19.06 75 0 0
22:55 753.62 19.06 75 0 0
22:56 753.62 19 75 0 0
22:57 753.62 19 75 0 0
22:58 753.87 18.89 75 0 0
22:59 753.87 18.89 75 0 0
23:00 753.87 18.83 76 0 0
23:01 753.87 18.83 76 0 0
23:02 753.87 18.78 76 0 0
23:03 753.87 18.78 76 0 0
23:04 753.87 18.78 76 0 0
23:05 753.87 18.72 76 0 0
23:06 753.87 18.72 76 0 0
23:07 753.87 18.72 76 0 0
23:08 753.87 18.67 76 0 0
23:09 753.87 18.67 76 0 0
23:10 753.62 18.67 76 0 0
23:11 753.87 18.67 76 0 0
23:12 753.87 18.67 76 0 0
23:13 753.87 18.67 76 0 0
23:14 753.87 18.67 76 0 0
23:15 753.87 18.67 76 0 0
23:16 753.87 18.61 76 0 0
23:17 753.87 18.61 76 0 0
23:18 753.87 18.56 76 0 0
23:19 753.87 18.56 76 0 0
23:20 753.87 18.56 76 0 0
23:21 753.87 18.5 76 0 0
23:22 753.87 18.44 76 0 0
23:23 753.87 18.39 77 0 0
23:24 753.87 18.39 77 0 0
23:25 753.87 18.39 77 0 0
23:26 753.87 18.28 77 0 0
23:27 753.87 18.28 77 0 0
23:28 753.87 18.22 77 0 0
23:29 753.87 18.17 77 0 0
23:30 753.87 18.11 77 0 0
23:31 753.87 18.11 77 0 0
23:32 753.87 18.06 77 0 0
23:33 753.87 18.06 77 0 0
23:34 753.87 17.94 77 0 0
23:35 753.87 17.94 77 0 0
23:36 753.87 17.94 77 0 0
23:37 753.87 17.89 77 0 0
23:38 753.87 17.89 78 0 0
23:39 753.87 17.89 78 .45 0
23:40 753.87 17.83 78 .89 0
23:41 753.87 17.83 78 .45 0
23:42 753.87 17.83 78 .45 0
23:43 753.87 17.78 78 .45 0
23:44 753.87 17.78 78 .45 0
23:45 753.87 17.72 78 0 0
23:46 753.87 17.72 78 0 0
23:47 753.87 17.72 78 0 0
23:48 753.87 17.67 78 0 0
23:49 753.87 17.61 78 .45 0
23:50 753.87 17.61 78 .45 0
23:51 754.13 17.56 78 .89 0
23:52 753.87 17.5 78 .45 0
23:53 753.87 17.5 78 .45 0
23:54 753.87 17.5 78 .45 0
23:55 754.13 17.5 78 .45 0
23:56 753.87 17.44 78 .45 0
23:57 753.87 17.44 78 0 0
23:58 753.87 17.39 78 0 0
23:59 753.87 17.33 78 .45 0
