00:00 748.03 15.67 59 1.34 0
00:01 748.28 15.61 59 1.34 0
00:02 748.03 15.61 59 1.79 0
00:03 748.28 15.56 59 1.34 0
00:04 748.03 15.56 59 1.34 0
00:05 748.03 15.5 59 1.34 0
00:06 748.03 15.5 60 1.34 0
00:07 748.03 15.5 60 1.34 0
00:08 748.03 15.44 59 1.34 0
00:09 748.03 15.44 59 1.79 0
00:10 748.03 15.44 60 1.79 0
00:11 748.03 15.5 59 1.79 0
00:12 748.03 15.44 60 1.79 0
00:13 748.03 15.44 59 1.79 0
00:14 748.03 15.5 59 1.79 0
00:15 748.03 15.5 59 1.79 0
00:16 748.03 15.56 59 1.34 0
00:17 748.03 15.5 59 1.34 0
00:18 747.78 15.56 59 1.79 0
00:19 747.78 15.5 59 1.79 0
00:20 748.03 15.56 59 1.34 0
00:21 748.03 15.56 59 1.34 0
00:22 747.78 15.5 59 1.79 0
00:23 747.78 15.5 59 1.79 0
00:24 747.78 15.5 60 1.34 0
00:25 747.78 15.5 59 1.34 0
00:26 747.78 15.44 60 1.79 0
00:27 747.78 15.44 60 .89 0
00:28 747.78 15.39 60 1.79 0
00:29 747.78 15.39 60 1.34 0
00:30 747.78 15.39 60 1.34 0
00:31 747.78 15.39 60 1.34 0
00:32 747.78 15.33 60 1.34 0
00:33 747.78 15.33 60 1.34 0
00:34 747.78 15.28 60 1.34 0
00:35 747.78 15.28 60 1.79 0
00:36 747.78 15.22 60 1.34 0
00:37 747.78 15.22 60 1.34 0
00:38 747.52 15.22 59 1.34 0
00:39 747.78 15.22 60 1.79 0
00:40 747.52 15.22 59 1.79 0
00:41 747.52 15.17 59 1.79 0
00:42 747.52 15.17 59 1.79 0
00:43 747.52 15.17 60 1.34 0
00:44 747.52 15.17 60 1.79 0
00:45 747.52 15.17 59 1.34 0
00:46 747.52 15.17 60 1.79 0
00:47 747.52 15.17 60 1.34 0
00:48 747.52 15.17 60 1.79 0
00:49 747.52 15.11 60 1.34 0
00:50 747.52 15.17 60 1.79 0
00:51 747.52 15.17 60 1.34 0
00:52 747.52 15.17 60 2.24 0
00:53 747.52 15.17 60 2.68 0
00:54 747.52 15.17 59 .89 0
00:55 747.27 15.22 60 1.34 0
00:56 747.52 15.22 60 1.79 0
00:57 747.52 15.22 60 1.79 0
00:58 747.52 15.22 60 1.34 0
00:59 747.52 15.22 60 1.34 0
01:00 747.27 15.22 60 .89 0
01:01 747.27 15.28 60 .89 0
01:02 747.27 15.22 60 1.34 0
01:03 747.27 15.22 59 1.79 0
01:04 747.27 15.17 59 2.24 0
01:05 747.27 15.17 59 1.34 0
01:06 747.27 15.17 59 1.79 0
01:07 747.27 15.22 59 1.79 0
01:08 747.27 15.22 59 1.79 0
01:09 747.27 15.22 59 1.79 0
01:10 747.27 15.22 59 1.79 0
01:11 747.27 15.28 59 1.79 0
01:12 747.27 15.28 59 1.34 0
01:13 747.27 15.28 59 1.79 0
01:14 747.27 15.28 59 1.34 0
01:15 747.27 15.22 59 2.24 0
01:16 747.27 15.22 59 3.13 0
01:17 747.01 15.28 59 1.79 0
01:18 747.01 15.28 59 1.79 0
01:19 747.27 15.28 59 1.79 0
01:20 747.01 15.28 59 1.79 0
01:21 747.01 15.28 59 2.24 0
01:22 747.01 15.22 59 1.79 0
01:23 747.01 15.22 60 1.79 0
01:24 747.01 15.22 60 1.79 0
01:25 747.01 15.22 60 1.79 0
01:26 747.01 15.22 60 1.34 0
01:27 747.01 15.22 60 1.34 0
01:28 747.01 15.22 60 4.02 0
01:29 747.01 15.22 60 1.34 0
01:30 747.01 15.22 61 3.13 0
01:31 747.01 15.28 61 2.68 0
01:32 747.01 15.33 61 1.34 0
01:33 747.01 15.33 61 2.68 0
01:34 747.01 15.33 61 1.79 0
01:35 747.01 15.39 61 1.34 0
01:36 747.01 15.44 61 3.13 0
01:37 747.01 15.44 61 1.79 0
01:38 746.76 15.5 61 1.79 0
01:39 746.76 15.5 60 3.13 0
01:40 746.76 15.56 60 3.13 0
01:41 746.76 15.56 60 3.13 0
01:42 746.76 15.61 61 .89 0
01:43 746.76 15.67 60 3.13 0
01:44 746.76 15.78 60 2.68 0
01:45 746.76 15.78 60 1.34 0
01:46 746.76 15.78 60 3.13 0
01:47 746.76 15.83 60 1.34 0
01:48 746.76 15.83 60 1.79 0
01:49 746.76 15.89 60 2.68 0
01:50 746.76 15.89 60 1.34 0
01:51 746.76 15.89 60 2.68 0
01:52 746.76 15.94 60 1.79 0
01:53 746.76 15.89 60 3.13 0
01:54 746.76 15.94 60 1.79 0
01:55 746.76 16 60 4.92 0
01:56 746.51 16.11 60 3.58 0
01:57 746.51 16.11 60 3.13 0
01:58 746.51 16.06 60 3.58 0
01:59 746.51 16.11 60 3.58 0
02:00 746.51 16.11 60 2.68 0
02:01 746.51 16.11 60 2.68 0
02:02 746.51 16.17 60 3.13 0
02:03 746.51 16.22 60 3.58 0
02:04 746.51 16.17 60 3.58 0
02:05 746.51 16.22 60 4.02 0
02:06 746.51 16.22 60 1.34 0
02:07 746.51 16.22 61 3.13 0
02:08 746.51 16.22 60 4.47 0
02:09 746.51 16.28 61 3.58 0
02:10 746.51 16.28 61 1.34 0
02:11 746.51 16.33 61 3.58 0
02:12 746.51 16.28 61 2.68 0
02:13 746.51 16.28 61 3.58 0
02:14 746.51 16.28 61 1.79 0
02:15 746.51 16.28 61 4.47 0
02:16 746.51 16.33 61 1.34 0
02:17 746.25 16.33 61 4.02 0
02:18 746.25 16.28 61 1.34 0
02:19 746.25 16.28 61 1.79 0
02:20 746.25 16.28 61 3.13 0
02:21 746.25 16.28 61 2.68 0
02:22 746.25 16.33 61 4.02 0
02:23 746.25 16.33 61 3.13 0
02:24 746.25 16.33 61 1.79 0
02:25 746.25 16.33 61 1.34 0
02:26 746.25 16.33 61 3.13 0
02:27 746.25 16.33 61 3.58 0
02:28 746.25 16.33 61 .89 0
02:29 746.25 16.28 61 1.79 0
02:30 746.25 16.28 61 2.24 0
02:31 746.25 16.22 62 1.79 0
02:32 746.25 16.17 62 1.34 0
02:33 746.25 16.17 62 4.92 0
02:34 746.25 16.11 62 2.68 0
02:35 746.25 16.17 62 2.68 0
02:36 746.25 16.11 62 2.24 0
02:37 746 16.17 62 3.13 0
02:38 746 16.11 62 2.68 0
02:39 746 16.17 62 1.79 0
02:40 746 16.11 62 3.13 0
02:41 746 16.11 62 1.79 0
02:42 746 16.11 63 1.79 0
02:43 746 16.11 63 1.79 0
02:44 746 16.11 63 3.13 0
02:45 746 16.11 63 4.92 0
02:46 746 16.11 63 1.79 0
02:47 746 16.17 63 .89 0
02:48 746 16.17 63 1.79 0
02:49 746 16.11 63 3.13 0
02:50 746 16.06 63 2.68 0
02:51 746 16.06 63 4.47 0
02:52 746 16.06 63 1.79 0
02:53 746 16 63 3.13 0
02:54 746 16 63 2.68 0
02:55 746 16 63 3.13 0
02:56 745.74 16 63 1.79 0
02:57 745.74 16 63 4.92 0
02:58 745.74 15.94 64 3.13 0
02:59 745.74 15.94 64 .89 0
03:00 745.74 15.94 64 1.79 0
03:01 745.74 15.94 64 .89 0
03:02 745.74 15.89 64 3.13 0
03:03 745.74 15.89 64 3.13 0
03:04 745.74 15.89 64 2.24 0
03:05 745.74 15.83 64 2.24 0
03:06 745.74 15.89 65 1.79 0
03:07 745.74 15.83 65 1.79 0
03:08 745.74 15.83 65 2.68 0
03:09 745.74 15.83 65 2.24 0
03:10 745.74 15.83 65 4.47 0
03:11 745.74 15.83 65 1.79 0
03:12 745.74 15.78 65 1.79 0
03:13 745.49 15.78 65 2.24 0
03:14 745.49 15.78 65 4.02 0
03:15 745.49 15.72 65 1.34 0
03:16 745.49 15.72 65 1.79 0
03:17 745.49 15.72 65 3.58 0
03:18 745.49 15.72 65 1.79 0
03:19 745.49 15.72 65 .89 0
03:20 745.49 15.72 66 4.02 0
03:21 745.49 15.72 66 3.13 0
03:22 745.49 15.67 66 1.34 0
03:23 745.49 15.67 66 2.24 0
03:24 745.49 15.67 66 2.24 0
03:25 745.49 15.67 66 3.13 0
03:26 745.49 15.67 66 1.79 0
03:27 745.49 15.67 66 4.02 0
03:28 745.49 15.67 66 2.24 0
03:29 745.49 15.67 66 1.79 0
03:30 745.49 15.67 66 3.58 0
03:31 745.49 15.67 66 4.02 0
03:32 745.49 15.61 66 3.13 0
03:33 745.24 15.61 66 2.24 0
03:34 745.24 15.61 66 2.68 0
03:35 745.24 15.61 66 1.34 0
03:36 745.49 15.61 67 4.02 0
03:37 745.49 15.56 67 1.34 0
03:38 745.24 15.56 67 3.58 0
03:39 745.24 15.56 67 1.79 0
03:40 745.24 15.56 67 3.13 0
03:41 745.24 15.56 67 3.13 0
03:42 745.24 15.56 67 2.68 0
03:43 745.24 15.56 67 1.79 0
03:44 745.24 15.5 67 4.92 0
03:45 745.24 15.5 67 1.34 0
03:46 745.24 15.5 67 3.13 0
03:47 745.24 15.44 67 2.68 0
03:48 745.24 15.44 67 1.34 0
03:49 745.24 15.44 67 1.79 0
03:50 745.24 15.44 67 .89 0
03:51 745.24 15.39 67 2.24 0
03:52 745.24 15.39 67 1.79 0
03:53 745.24 15.39 67 1.79 0
03:54 745.24 15.39 68 1.79 0
03:55 745.24 15.33 68 1.79 0
03:56 745.24 15.33 68 1.34 0
03:57 745.24 15.28 68 1.34 0
03:58 745.24 15.28 68 2.24 0
03:59 744.98 15.28 68 3.13 0
04:00 744.98 15.28 68 3.13 0
04:01 744.98 15.28 68 1.79 0
04:02 744.98 15.33 68 2.68 0
04:03 744.98 15.28 68 3.13 0
04:04 744.98 15.28 68 2.24 0
04:05 744.98 15.33 68 3.58 0
04:06 744.98 15.28 68 3.58 0
04:07 744.98 15.28 68 2.68 0
04:08 744.98 15.33 68 0 0
04:09 744.98 15.33 68 2.68 0
04:10 744.98 15.28 68 1.79 0
04:11 744.98 15.28 68 1.79 0
04:12 744.98 15.28 68 3.13 0
04:13 744.98 15.22 69 2.68 0
04:14 744.98 15.22 69 4.47 0
04:15 744.98 15.22 69 1.79 0
04:16 744.98 15.22 69 4.02 0
04:17 744.98 15.22 69 4.92 0
04:18 744.98 15.22 69 5.36 0
04:19 744.98 15.28 69 2.68 0
04:20 744.98 15.28 69 2.68 0
04:21 744.98 15.28 69 4.47 0
04:22 744.98 15.33 69 4.47 0
04:23 744.98 15.33 69 2.68 0
04:24 744.73 15.33 68 4.02 0
04:25 744.98 15.39 69 1.79 0
04:26 744.73 15.33 69 3.13 0
04:27 744.98 15.33 69 .89 0
04:28 744.73 15.33 69 .89 0
04:29 744.73 15.33 69 4.47 0
04:30 744.73 15.28 69 2.24 0
04:31 744.73 15.28 69 3.58 0
04:32 744.73 15.28 69 3.13 0
04:33 744.73 15.33 69 1.79 0
04:34 744.73 15.28 69 3.58 0
04:35 744.73 15.28 69 2.68 0
04:36 744.73 15.28 69 3.13 0
04:37 744.73 15.33 69 4.02 0
04:38 744.73 15.28 69 2.24 0
04:39 744.73 15.33 69 1.34 0
04:40 744.73 15.33 69 1.79 0
04:41 744.73 15.33 69 3.58 0
04:42 744.73 15.33 69 2.68 0
04:43 744.73 15.33 69 1.79 0
04:44 744.73 15.33 69 2.24 0
04:45 744.73 15.33 69 1.79 0
04:46 744.73 15.33 69 3.58 0
04:47 744.73 15.33 69 3.58 0
04:48 744.47 15.33 69 3.13 0
04:49 744.47 15.33 69 4.47 0
04:50 744.47 15.33 69 2.24 0
04:51 744.47 15.33 69 3.58 0
04:52 744.47 15.39 69 1.79 0
04:53 744.47 15.39 69 3.13 0
04:54 744.47 15.39 69 4.02 0
04:55 744.47 15.39 69 3.58 0
04:56 744.47 15.44 69 2.24 0
04:57 744.47 15.44 69 1.79 0
04:58 744.47 15.44 69 3.13 0
04:59 744.47 15.5 69 4.02 0
05:00 744.47 15.44 69 1.79 0
05:01 744.47 15.5 69 1.79 0
05:02 744.47 15.44 69 4.47 0
05:03 744.47 15.5 69 2.68 0
05:04 744.47 15.56 69 1.79 0
05:05 744.47 15.56 69 2.68 0
05:06 744.22 15.56 69 2.24 0
05:07 744.22 15.56 69 4.47 0
05:08 744.22 15.56 69 1.79 0
05:09 744.22 15.56 69 1.79 0
05:10 744.22 15.56 70 4.47 0
05:11 744.22 15.56 69 3.13 0
05:12 744.22 15.61 69 1.79 0
05:13 744.22 15.61 69 2.24 0
05:14 744.22 15.67 69 4.92 0
05:15 744.22 15.61 69 1.34 0
05:16 744.22 15.67 69 4.47 0
05:17 744.22 15.72 69 3.58 0
05:18 744.22 15.72 69 1.34 0
05:19 743.97 15.72 69 1.34 0
05:20 743.97 15.72 69 1.34 0
05:21 743.97 15.78 69 3.13 0
05:22 743.97 15.78 69 3.58 0
05:23 743.97 15.78 69 4.47 0
05:24 743.97 15.78 69 3.13 0
05:25 743.97 15.83 69 3.58 0
05:26 743.97 15.83 69 3.58 0
05:27 743.97 15.83 69 2.24 0
05:28 743.97 15.83 69 1.79 0
05:29 743.97 15.83 69 1.79 0
05:30 743.97 15.83 70 3.13 0
05:31 743.97 15.83 69 3.58 0
05:32 743.97 15.89 69 2.24 0
05:33 743.97 15.89 70 4.47 0
05:34 743.97 15.89 69 2.68 0
05:35 743.97 15.89 70 3.58 0
05:36 743.71 15.94 70 4.02 0
05:37 743.97 15.94 69 5.36 0
05:38 743.71 16 69 2.68 0
05:39 743.71 16 69 4.47 0
05:40 743.71 16.06 69 3.58 0
05:41 743.71 16.06 69 3.13 0
05:42 743.71 16.06 69 3.58 0
05:43 743.71 16.06 69 1.79 0
05:44 743.71 16.06 69 1.34 0
05:45 743.71 16.11 69 4.47 0
05:46 743.71 16.11 69 1.79 0
05:47 743.71 16.11 69 1.79 0
05:48 743.71 16.17 69 4.47 0
05:49 743.71 16.17 69 2.68 0
05:50 743.46 16.17 69 3.13 0
05:51 743.46 16.17 69 1.79 0
05:52 743.46 16.22 69 2.68 0
05:53 743.46 16.28 69 4.02 0
05:54 743.46 16.28 69 3.58 0
05:55 743.46 16.28 69 1.79 0
05:56 743.46 16.28 69 .89 0
05:57 743.46 16.33 69 4.47 0
05:58 743.46 16.33 69 .89 0
05:59 743.46 16.39 69 4.47 0
06:00 743.46 16.39 69 3.13 0
06:01 743.46 16.44 69 3.13 0
06:02 743.46 16.44 69 2.24 0
06:03 743.46 16.44 69 1.34 0
06:04 743.46 16.5 69 .89 0
06:05 743.46 16.56 69 3.13 0
06:06 743.46 16.56 69 1.34 0
06:07 743.46 16.61 69 1.79 0
06:08 743.2 16.61 69 4.02 0
06:09 743.2 16.61 69 3.58 0
06:10 743.2 16.67 69 .89 0
06:11 743.2 16.67 69 .89 0
06:12 743.2 16.72 69 4.02 0
06:13 743.2 16.72 69 4.92 0
06:14 743.2 16.72 69 3.13 0
06:15 743.2 16.78 69 .89 0
06:16 743.2 16.78 69 4.47 0
06:17 743.2 16.83 69 2.24 0
06:18 743.2 16.83 69 3.13 0
06:19 743.2 16.83 69 2.68 0
06:20 743.2 16.89 69 2.68 0
06:21 743.2 16.89 68 .45 0
06:22 743.2 16.94 69 1.79 0
06:23 742.95 16.94 69 .89 0
06:24 743.2 16.94 68 4.02 0
06:25 743.2 17 68 3.58 0
06:26 742.95 17.06 68 3.58 0
06:27 742.95 17.11 68 .89 0
06:28 742.95 17.11 68 4.47 0
06:29 742.95 17.17 68 3.13 0
06:30 742.95 17.17 68 3.13 0
06:31 742.95 17.17 68 1.79 0
06:32 742.95 17.28 68 1.79 0
06:33 742.95 17.28 68 1.79 0
06:34 742.95 17.28 68 4.02 0
06:35 742.95 17.33 68 2.24 0
06:36 742.95 17.33 68 4.47 0
06:37 742.95 17.33 68 4.47 0
06:38 742.95 17.39 67 4.92 0
06:39 742.95 17.39 67 3.58 0
06:40 742.95 17.44 67 4.47 0
06:41 742.95 17.44 67 1.79 0
06:42 742.95 17.5 67 4.92 0
06:43 742.95 17.5 67 5.36 0
06:44 742.95 17.5 67 2.24 0
06:45 742.95 17.56 67 5.81 0
06:46 742.7 17.56 67 .89 0
06:47 742.95 17.56 67 .89 0
06:48 742.95 17.61 68 1.79 0
06:49 742.95 17.61 67 4.02 0
06:50 742.7 17.61 67 4.02 0
06:51 742.95 17.67 67 4.47 0
06:52 742.7 17.67 67 4.92 0
06:53 742.7 17.67 67 2.24 0
06:54 742.7 17.67 67 4.92 0
06:55 742.7 17.72 67 2.68 0
06:56 742.7 17.72 67 4.92 0
06:57 742.7 17.78 67 8.05 0
06:58 742.7 17.78 67 4.02 0
06:59 742.7 17.78 67 4.92 0
07:00 742.7 17.78 67 1.34 0
07:01 742.7 17.78 67 4.47 0
07:02 742.7 17.83 67 5.36 0
07:03 742.7 17.83 67 6.26 0
07:04 742.7 17.83 67 6.71 0
07:05 742.7 17.83 67 6.71 0
07:06 742.7 17.83 67 4.47 0
07:07 742.7 17.83 66 4.02 0
07:08 742.7 17.89 67 3.13 0
07:09 742.7 17.89 67 5.36 0
07:10 742.7 17.94 67 3.58 0
07:11 742.7 17.94 67 4.02 0
07:12 742.44 17.94 66 4.02 0
07:13 742.44 18 66 4.02 0
07:14 742.7 18.06 67 2.24 0
07:15 742.44 18.06 66 4.02 0
07:16 742.44 18.06 66 4.47 0
07:17 742.44 18.06 66 5.81 0
07:18 742.44 18.06 66 4.02 0
07:19 742.44 18.06 66 3.13 0
07:20 742.44 18.11 67 5.36 0
07:21 742.44 18.17 66 2.68 0
07:22 742.44 18.17 67 3.58 0
07:23 742.44 18.28 67 3.58 0
07:24 742.44 18.33 66 6.71 0
07:25 742.44 18.33 66 3.13 0
07:26 742.44 18.39 66 1.79 0
07:27 742.44 18.39 66 4.92 0
07:28 742.44 18.39 66 2.24 0
07:29 742.44 18.39 65 2.24 0
07:30 742.44 18.44 66 3.13 0
07:31 742.44 18.44 66 4.92 0
07:32 742.44 18.5 65 5.36 0
07:33 742.44 18.56 65 4.02 0
07:34 742.44 18.61 65 4.02 0
07:35 742.44 18.61 65 1.34 0
07:36 742.44 18.67 66 1.79 0
07:37 742.44 18.72 65 6.71 0
07:38 742.44 18.72 64 4.92 0
07:39 742.44 18.72 65 1.34 0
07:40 742.44 18.78 66 1.79 0
07:41 742.44 18.83 65 6.26 0
07:42 742.19 18.83 64 4.92 0
07:43 742.19 18.83 63 5.81 0
07:44 742.19 18.83 64 4.02 0
07:45 742.19 18.83 63 3.58 0
07:46 742.19 18.94 63 4.47 0
07:47 742.19 19 64 3.58 0
07:48 742.19 19 64 3.13 0
07:49 742.19 19.06 64 7.15 0
07:50 742.19 19.06 63 4.92 0
07:51 742.19 19.17 64 1.79 0
07:52 742.19 19.17 63 4.02 0
07:53 742.19 19.17 63 5.81 0
07:54 742.19 19.22 62 4.92 0
07:55 742.19 19.22 62 7.15 0
07:56 742.19 19.22 62 2.68 0
07:57 742.19 19.33 62 3.13 0
07:58 742.19 19.33 62 2.24 0
07:59 742.19 19.39 62 4.47 0
08:00 742.19 19.44 62 1.79 0
08:01 742.19 19.44 62 2.68 0
08:02 742.19 19.5 62 3.13 0
08:03 741.93 19.56 61 2.68 0
08:04 741.93 19.67 61 4.92 0
08:05 741.93 19.61 61 4.92 0
08:06 741.93 19.61 61 5.81 0
08:07 741.93 19.61 60 3.58 0
08:08 741.93 19.67 60 6.71 0
08:09 741.93 19.72 60 4.02 0
08:10 741.93 19.72 59 1.79 0
08:11 741.93 19.78 59 4.02 0
08:12 741.93 19.72 59 3.13 0
08:13 741.93 19.78 59 4.02 0
08:14 741.93 19.83 58 6.26 0
08:15 741.93 19.78 59 3.13 0
08:16 741.93 19.78 59 7.6 0
08:17 741.93 19.78 59 5.36 0
08:18 741.93 19.78 59 6.26 0
08:19 741.93 19.72 58 6.26 0
08:20 741.93 19.72 59 7.15 0
08:21 741.93 19.72 59 3.58 0
08:22 741.93 19.78 59 4.92 0
08:23 741.93 19.78 59 .89 0
08:24 741.93 19.89 60 1.79 0
08:25 741.93 19.83 59 1.79 0
08:26 741.93 19.89 59 4.92 0
08:27 741.93 20 59 1.34 0
08:28 741.93 20.06 59 3.58 0
08:29 741.93 20.06 58 4.02 0
08:30 741.68 20.06 57 2.68 0
08:31 741.68 20.11 57 5.81 0
08:32 741.68 20.06 57 2.68 0
08:33 741.68 20.11 57 3.58 0
08:34 741.68 20.17 57 6.26 0
08:35 741.68 20.17 57 2.24 0
08:36 741.68 20.17 58 5.81 0
08:37 741.68 20.17 57 4.92 0
08:38 741.68 20.22 57 4.92 0
08:39 741.68 20.28 57 1.79 0
08:40 741.68 20.33 57 5.36 0
08:41 741.68 20.33 57 3.58 0
08:42 741.68 20.33 56 2.24 0
08:43 741.68 20.39 56 5.36 0
08:44 741.68 20.39 56 4.92 0
08:45 741.68 20.44 56 4.92 0
08:46 741.68 20.39 57 2.24 0
08:47 741.68 20.44 56 7.15 0
08:48 741.68 20.33 56 4.02 0
08:49 741.43 20.39 56 2.68 0
08:50 741.68 20.44 56 5.36 0
08:51 741.43 20.44 55 2.68 0
08:52 741.43 20.44 56 3.13 0
08:53 741.43 20.56 55 8.49 0
08:54 741.43 20.61 55 4.47 0
08:55 741.43 20.67 55 7.6 0
08:56 741.43 20.67 55 1.79 0
08:57 741.43 20.72 55 4.02 0
08:58 741.43 20.78 55 1.79 0
08:59 741.43 20.83 55 5.36 0
09:00 741.43 20.83 54 6.71 0
09:01 741.43 20.78 54 4.92 0
09:02 741.43 20.78 55 1.34 0
09:03 741.43 20.83 55 4.02 0
09:04 741.43 20.83 54 3.13 0
09:05 741.17 20.89 55 3.58 0
09:06 741.17 21 55 4.47 0
09:07 741.17 21.11 54 4.47 0
09:08 741.17 21.17 53 8.94 0
09:09 741.17 21.17 53 2.24 0
09:10 741.17 21.11 53 4.02 0
09:11 741.17 21.11 52 4.02 0
09:12 741.17 21.11 53 6.26 0
09:13 741.17 21.11 53 2.24 0
09:14 741.17 21.11 53 6.26 0
09:15 741.17 21.11 51 8.05 0
09:16 741.17 21.17 52 4.02 0
09:17 741.17 21.22 52 7.15 0
09:18 741.17 21.22 51 5.81 0
09:19 741.17 21.28 51 4.92 0
09:20 741.17 21.28 51 7.6 0
09:21 741.17 21.28 50 3.58 0
09:22 741.17 21.33 50 5.81 0
09:23 741.17 21.33 50 6.26 0
09:24 741.17 21.33 50 9.83 0
09:25 741.17 21.33 50 4.47 0
09:26 741.17 21.44 50 6.71 0
09:27 741.17 21.44 50 4.92 0
09:28 741.17 21.5 51 4.02 0
09:29 741.17 21.56 51 5.36 0
09:30 741.17 21.67 50 4.92 0
09:31 741.17 21.67 50 3.58 0
09:32 741.17 21.72 51 1.79 0
09:33 741.17 21.83 50 3.13 0
09:34 741.17 21.89 49 7.15 0
09:35 741.17 21.89 49 4.02 0
09:36 741.17 21.89 50 5.36 0
09:37 741.17 21.94 49 7.15 0
09:38 741.17 21.94 48 6.71 0
09:39 741.17 21.83 48 8.94 0
09:40 741.17 21.83 48 4.92 0
09:41 741.17 21.83 49 8.94 0
09:42 741.17 21.83 48 8.49 0
09:43 741.17 21.83 48 4.47 0
09:44 741.43 21.83 49 4.92 0
09:45 741.17 21.89 49 7.15 0
09:46 741.43 21.94 49 4.02 0
09:47 741.17 22 49 4.02 0
09:48 741.43 22.06 48 7.15 0
09:49 741.43 22.06 49 2.68 0
09:50 741.43 22.11 49 7.6 0
09:51 741.43 22.17 48 4.47 0
09:52 741.43 22.06 49 5.81 0
09:53 741.43 22 48 8.05 0
09:54 741.43 22 50 6.71 0
09:55 741.43 22.06 49 6.71 0
09:56 741.43 22.06 49 7.15 0
09:57 741.43 22 49 4.47 0
09:58 741.43 22 49 6.71 0
09:59 741.43 21.89 48 9.83 0
10:00 741.43 21.72 48 5.81 0
10:01 741.43 21.78 49 4.47 0
10:02 741.43 21.83 50 5.36 0
10:03 741.43 21.89 50 7.15 0
10:04 741.43 21.89 50 7.6 0
10:05 741.43 21.94 50 3.13 0
10:06 741.43 21.94 51 5.81 0
10:07 741.43 22.06 50 3.58 0
10:08 741.43 22.17 50 4.02 0
10:09 741.43 22.28 51 4.02 0
10:10 741.43 22.33 49 3.58 0
10:11 741.43 22.44 49 4.02 0
10:12 741.43 22.44 47 6.71 0
10:13 741.43 22.28 47 6.26 0
10:14 741.43 22.17 49 5.81 0
10:15 741.43 22.17 48 6.26 0
10:16 741.43 22.17 49 8.05 0
10:17 741.43 22.17 49 2.24 0
10:18 741.43 22.22 49 6.71 0
10:19 741.43 22.22 47 10.28 0
10:20 741.43 22.17 48 5.36 0
10:21 741.43 22.11 48 5.81 0
10:22 741.43 22.17 48 4.47 0
10:23 741.43 22.17 48 4.47 0
10:24 741.43 22.17 48 4.47 0
10:25 741.43 22.17 49 4.02 0
10:26 741.43 22.17 48 7.15 0
10:27 741.43 22.17 49 8.49 0
10:28 741.43 22.11 49 8.49 0
10:29 741.43 22 49 7.6 0
10:30 741.43 21.94 49 7.15 0
10:31 741.43 21.89 49 8.05 0
10:32 741.43 21.89 49 10.28 0
10:33 741.43 21.83 49 6.71 0
10:34 741.43 21.89 50 8.94 0
10:35 741.43 21.83 50 4.92 0
10:36 741.43 21.83 51 8.94 0
10:37 741.43 21.83 50 7.6 0
10:38 741.43 21.83 50 4.47 0
10:39 741.43 21.89 51 9.39 0
10:40 741.43 21.94 51 7.15 0
10:41 741.43 21.94 51 8.05 0
10:42 741.43 22 51 12.07 0
10:43 741.43 21.89 50 8.94 0
10:44 741.43 21.83 50 9.39 0
10:45 741.43 21.83 50 4.92 0
10:46 741.43 21.83 51 5.81 0
10:47 741.43 21.94 51 8.94 0
10:48 741.43 21.94 50 9.83 0
10:49 741.43 21.89 50 7.15 0
10:50 741.43 21.72 49 4.92 0
10:51 741.43 21.67 50 8.49 0
10:52 741.43 21.67 49 7.6 0
10:53 741.68 21.67 50 7.15 0
10:54 741.43 21.78 50 6.26 0
10:55 741.68 21.83 48 11.18 0
10:56 741.43 21.83 46 6.26 0
10:57 741.68 21.83 47 10.73 0
10:58 741.43 21.83 48 5.36 0
10:59 741.68 21.89 48 6.26 0
11:00 741.68 21.89 48 6.26 0
11:01 741.68 21.83 48 6.26 0
11:02 741.68 21.83 48 4.47 0
11:03 741.68 21.83 49 4.47 0
11:04 741.68 21.94 49 4.02 0
11:05 741.68 22 49 10.73 0
11:06 741.68 21.94 47 8.05 0
11:07 741.68 21.94 48 9.83 0
11:08 741.68 21.89 48 5.81 0
11:09 741.68 21.83 49 7.15 0
11:10 741.68 21.72 49 7.15 0
11:11 741.68 21.67 49 5.36 0
11:12 741.68 21.61 49 4.47 0
11:13 741.68 21.56 49 2.24 0
11:14 741.68 21.56 50 4.02 0
11:15 741.68 21.5 50 6.26 0
11:16 741.68 21.5 50 2.68 0
11:17 741.68 21.44 51 7.6 0
11:18 741.68 21.44 49 5.81 0
11:19 741.68 21.39 50 2.68 0
11:20 741.68 21.44 50 6.26 0
11:21 741.68 21.39 50 4.47 0
11:22 741.68 21.44 50 7.15 0
11:23 741.68 21.56 47 7.6 0
11:24 741.68 21.56 48 6.71 0
11:25 741.68 21.61 47 5.81 0
11:26 741.68 21.78 48 7.6 0
11:27 741.68 21.78 46 9.83 0
11:28 741.68 21.72 46 7.15 0
11:29 741.68 21.67 46 7.15 0
11:30 741.68 21.56 45 7.15 0
11:31 741.68 21.56 46 5.36 0
11:32 741.68 21.61 45 4.47 0
11:33 741.93 21.67 46 4.47 0
11:34 741.68 21.72 44 7.15 0
11:35 741.68 21.67 44 6.26 0
11:36 741.68 21.72 45 8.05 0
11:37 741.68 21.78 44 8.94 0
11:38 741.68 21.78 46 13.41 0
11:39 741.68 21.72 44 10.28 0
11:40 741.93 21.67 44 11.18 0
11:41 741.68 21.56 44 9.83 0
11:42 741.93 21.56 44 4.47 0
11:43 741.93 21.56 44 4.92 0
11:44 741.93 21.67 45 4.47 0
11:45 741.68 21.67 44 7.15 0
11:46 741.93 21.67 45 8.49 0
11:47 741.68 21.78 46 8.05 0
11:48 741.93 21.83 45 7.6 0
11:49 741.93 21.83 44 9.39 0
11:50 741.93 21.83 44 11.62 0
11:51 741.93 21.78 45 5.81 0
11:52 741.93 21.78 44 7.15 0
11:53 741.93 21.89 45 4.47 0
11:54 741.93 22 46 8.49 0
11:55 741.93 22.06 43 5.81 0
11:56 741.93 22 43 9.39 0
11:57 741.93 21.94 42 4.92 0
11:58 741.93 22 42 7.6 0
11:59 741.93 22.11 42 7.6 0
12:00 741.93 22.11 41 13.86 0
12:01 741.93 22.06 41 6.26 0
12:02 741.93 22.11 41 8.94 0
12:03 741.93 22.06 41 9.39 0
12:04 741.93 22.06 42 8.49 0
12:05 741.93 22.11 42 6.26 0
12:06 741.93 22.22 42 7.6 0
12:07 741.93 22.33 42 6.71 0
12:08 741.93 22.33 42 12.96 0
12:09 741.93 22.11 41 8.05 0
12:10 741.93 22 41 10.73 0
12:11 741.93 22 42 10.28 0
12:12 741.93 21.94 42 9.39 0
12:13 741.93 21.94 42 8.05 0
12:14 741.93 22 43 8.49 0
12:15 741.93 22.06 43 8.05 0
12:16 741.93 22.06 44 8.94 0
12:17 741.93 22.06 43 7.15 0
12:18 741.93 22.06 42 6.26 0
12:19 742.19 22.17 43 6.71 0
12:20 741.93 22.11 41 8.49 0
12:21 742.19 22.17 41 4.92 0
12:22 741.93 22.17 41 3.58 0
12:23 741.93 22.17 42 8.94 0
12:24 741.93 22.11 41 6.71 0
12:25 741.93 22.11 42 7.15 0
12:26 741.93 22.17 42 4.47 0
12:27 741.93 22.17 41 9.39 0
12:28 742.19 22.11 39 8.94 0
12:29 742.19 22 40 7.6 0
12:30 742.19 22 40 9.83 0
12:31 741.93 22.06 40 7.15 0
12:32 742.19 22.06 39 8.05 0
12:33 741.93 22.11 40 10.73 0
12:34 741.93 22 39 11.18 0
12:35 742.19 22 40 8.94 0
12:36 741.93 22 40 4.92 0
12:37 741.93 22.06 40 5.81 0
12:38 741.93 22.11 40 8.94 0
12:39 742.19 22.17 40 7.15 0
12:40 742.19 22.06 39 8.94 0
12:41 742.19 21.89 39 6.26 0
12:42 742.19 21.89 39 10.28 0
12:43 742.19 21.94 39 9.83 0
12:44 742.19 22 40 2.68 0
12:45 742.19 22.11 39 5.36 0
12:46 742.19 22.11 36 9.39 0
12:47 742.19 22.06 36 7.6 0
12:48 742.19 22.06 37 7.6 0
12:49 742.19 22.06 37 9.39 0
12:50 742.19 22.06 37 4.47 0
12:51 742.19 22.06 38 7.6 0
12:52 741.93 22.06 37 8.05 0
12:53 742.19 22.06 37 5.81 0
12:54 742.19 22.06 37 8.49 0
12:55 742.19 22.11 37 7.6 0
12:56 742.19 22.11 37 4.47 0
12:57 742.19 22.17 38 8.05 0
12:58 742.19 22.11 37 7.15 0
12:59 742.19 22.17 38 5.36 0
13:00 742.19 22.22 38 6.26 0
13:01 742.19 22.28 38 4.02 0
13:02 742.19 22.28 37 8.94 0
13:03 742.19 22.22 37 13.86 0
13:04 742.19 22 36 6.26 0
13:05 742.19 21.83 37 5.81 0
13:06 742.19 21.72 37 8.94 0
13:07 742.19 21.61 37 8.49 0
13:08 742.19 21.61 37 8.94 0
13:09 742.44 21.56 37 7.15 0
13:10 742.44 21.44 37 5.81 0
13:11 742.44 21.44 37 5.36 0
13:12 742.44 21.44 37 4.92 0
13:13 742.44 21.44 36 6.26 0
13:14 742.44 21.39 36 10.73 0
13:15 742.44 21.33 36 7.15 0
13:16 742.19 21.33 36 10.28 0
13:17 742.19 21.44 36 10.28 0
13:18 742.44 21.61 36 5.81 0
13:19 742.44 21.78 36 4.92 0
13:20 742.44 21.83 36 5.36 0
13:21 742.44 22.06 37 4.02 0
13:22 742.44 22.11 37 4.02 0
13:23 742.44 22.22 36 11.18 0
13:24 742.44 22.22 37 8.49 0
13:25 742.44 22.11 35 10.73 0
13:26 742.44 21.94 35 8.49 0
13:27 742.44 21.89 35 6.26 0
13:28 742.44 21.83 36 8.49 0
13:29 742.44 21.94 36 8.94 0
13:30 742.44 21.89 35 10.73 0
13:31 742.44 21.94 36 6.71 0
13:32 742.44 22.06 36 4.92 0
13:33 742.44 22.06 35 6.26 0
13:34 742.44 22.06 34 5.36 0
13:35 742.44 22.06 35 5.36 0
13:36 742.44 22.17 36 3.58 0
13:37 742.44 22.17 35 6.26 0
13:38 742.19 22.28 35 5.81 0
13:39 742.44 22.33 35 8.05 0
13:40 742.44 22.39 36 7.15 0
13:41 742.19 22.44 34 3.58 0
13:42 742.19 22.5 35 4.02 0
13:43 742.44 22.39 34 9.83 0
13:44 742.44 22.28 34 4.92 0
13:45 742.19 22.17 35 8.49 0
13:46 742.44 22.06 34 7.6 0
13:47 742.44 22 35 11.62 0
13:48 742.44 21.89 34 8.94 0
13:49 742.44 21.89 35 6.71 0
13:50 742.44 21.83 34 7.15 0
13:51 742.44 21.89 35 12.07 0
13:52 742.44 21.94 35 11.62 0
13:53 742.44 21.89 34 9.83 0
13:54 742.44 21.78 34 10.73 0
13:55 742.44 21.83 35 5.36 0
13:56 742.44 21.89 33 10.28 0
13:57 742.44 21.94 35 10.28 0
13:58 742.44 21.94 34 8.94 0
13:59 742.44 21.89 34 7.6 0
14:00 742.44 21.89 35 7.15 0
14:01 742.44 21.94 35 5.81 0
14:02 742.44 22.11 35 6.71 0
14:03 742.44 22.11 34 7.6 0
14:04 742.44 22.11 35 7.6 0
14:05 742.44 22.06 35 6.26 0
14:06 742.44 21.94 35 4.47 0
14:07 742.44 21.94 34 8.05 0
14:08 742.44 21.89 34 9.39 0
14:09 742.44 21.83 35 8.05 0
14:10 742.44 21.78 34 7.15 0
14:11 742.44 21.78 35 8.05 0
14:12 742.44 21.67 36 8.94 0
14:13 742.44 21.67 36 6.26 0
14:14 742.44 21.67 37 8.05 0
14:15 742.44 21.67 36 8.49 0
14:16 742.44 21.67 36 7.15 0
14:17 742.44 21.67 36 5.36 0
14:18 742.44 21.67 37 7.6 0
14:19 742.44 21.72 37 5.81 0
14:20 742.44 21.78 35 5.36 0
14:21 742.44 21.83 35 8.05 0
14:22 742.44 21.78 35 8.05 0
14:23 742.44 21.78 35 9.83 0
14:24 742.44 21.83 35 7.6 0
14:25 742.44 21.83 35 8.94 0
14:26 742.44 21.72 36 5.81 0
14:27 742.44 21.61 36 8.94 0
14:28 742.44 21.44 35 5.81 0
14:29 742.44 21.39 36 5.81 0
14:30 742.44 21.33 37 5.81 0
14:31 742.44 21.33 37 6.26 0
14:32 742.44 21.33 37 5.36 0
14:33 742.44 21.33 37 4.47 0
14:34 742.44 21.33 36 4.47 0
14:35 742.44 21.39 36 4.02 0
14:36 742.44 21.39 35 8.49 0
14:37 742.44 21.44 35 7.6 0
14:38 742.44 21.56 34 6.71 0
14:39 742.44 21.61 35 9.39 0
14:40 742.44 21.56 35 5.81 0
14:41 742.44 21.56 35 7.15 0
14:42 742.44 21.56 36 4.92 0
14:43 742.44 21.67 36 9.39 0
14:44 742.44 21.67 36 7.15 0
14:45 742.44 21.67 36 8.94 0
14:46 742.44 21.67 36 8.05 0
14:47 742.44 21.67 36 9.83 0
14:48 742.44 21.61 35 6.71 0
14:49 742.44 21.61 36 6.26 0
14:50 742.7 21.61 36 9.83 0
14:51 742.44 21.61 35 4.92 0
14:52 742.7 21.67 36 5.36 0
14:53 742.7 21.72 35 8.05 0
14:54 742.44 21.72 36 8.94 0
14:55 742.7 21.78 35 5.36 0
14:56 742.7 21.78 35 3.58 0
14:57 742.44 21.72 36 8.05 0
14:58 742.7 21.72 36 6.26 0
14:59 742.7 21.67 37 4.47 0
15:00 742.7 21.67 37 4.02 0
15:01 742.7 21.61 37 7.15 0
15:02 742.7 21.56 36 5.36 0
15:03 742.44 21.44 35 8.05 0
15:04 742.44 21.44 36 5.36 0
15:05 742.44 21.44 35 4.47 0
15:06 742.7 21.56 36 5.36 0
15:07 742.7 21.67 36 11.18 0
15:08 742.44 21.72 34 7.15 0
15:09 742.44 21.78 34 6.26 0
15:10 742.44 21.83 35 5.36 0
15:11 742.44 21.94 35 5.36 0
15:12 742.7 22 35 9.39 0
15:13 742.44 22 34 8.49 0
15:14 742.7 22.06 35 4.47 0
15:15 742.7 22.17 36 6.26 0
15:16 742.44 22.28 35 7.15 0
15:17 742.44 22.28 35 4.02 0
15:18 742.7 22.33 36 4.47 0
15:19 742.7 22.44 36 11.18 0
15:20 742.7 22.44 34 6.26 0
15:21 742.7 22.39 34 8.94 0
15:22 742.7 22.39 33 5.36 0
15:23 742.7 22.33 34 5.81 0
15:24 742.7 22.28 35 5.81 0
15:25 742.7 22.06 34 6.26 0
15:26 742.7 22 35 5.36 0
15:27 742.7 21.89 34 4.92 0
15:28 742.44 21.78 35 5.81 0
15:29 742.7 21.72 34 4.02 0
15:30 742.7 21.61 35 9.39 0
15:31 742.7 21.39 34 9.83 0
15:32 742.7 21.33 35 8.49 0
15:33 742.7 21.33 34 6.71 0
15:34 742.7 21.33 35 4.02 0
15:35 742.7 21.44 35 6.71 0
15:36 742.7 21.56 35 6.26 0
15:37 742.7 21.67 35 6.71 0
15:38 742.7 21.78 36 7.15 0
15:39 742.7 21.67 34 7.6 0
15:40 742.7 21.61 35 3.58 0
15:41 742.7 21.56 35 6.71 0
15:42 742.7 21.5 35 7.6 0
15:43 742.7 21.44 36 10.73 0
15:44 742.7 21.5 36 6.26 0
15:45 742.7 21.5 36 8.49 0
15:46 742.7 21.44 36 9.83 0
15:47 742.7 21.44 36 7.15 0
15:48 742.7 21.44 37 7.15 0
15:49 742.7 21.44 36 7.15 0
15:50 742.7 21.44 36 7.6 0
15:51 742.7 21.39 36 7.15 0
15:52 742.7 21.33 36 6.26 0
15:53 742.7 21.22 36 4.92 0
15:54 742.7 21.17 36 6.26 0
15:55 742.7 21.17 36 4.47 0
15:56 742.7 21.06 36 7.6 0
15:57 742.7 21 36 6.71 0
15:58 742.7 20.94 36 6.71 0
15:59 742.7 20.89 36 6.26 0
16:00 742.7 20.89 36 9.39 0
16:01 742.7 20.83 36 4.47 0
16:02 742.7 20.83 37 7.15 0
16:03 742.7 20.83 37 3.58 0
16:04 742.7 20.83 37 9.39 0
16:05 742.7 20.89 36 4.92 0
16:06 742.7 20.94 37 8.49 0
16:07 742.7 21.06 37 8.05 0
16:08 742.7 21.17 37 6.26 0
16:09 742.7 21.28 37 4.47 0
16:10 742.7 21.33 37 6.71 0
16:11 742.7 21.44 37 4.47 0
16:12 742.7 21.44 36 4.47 0
16:13 742.7 21.5 36 5.36 0
16:14 742.7 21.56 36 5.36 0
16:15 742.7 21.61 36 4.02 0
16:16 742.7 21.67 35 10.73 0
16:17 742.7 21.67 35 5.81 0
16:18 742.7 21.72 34 6.26 0
16:19 742.7 21.78 35 5.81 0
16:20 742.7 21.83 34 8.49 0
16:21 742.7 21.83 34 4.92 0
16:22 742.7 21.89 35 8.05 0
16:23 742.7 21.89 35 11.62 0
16:24 742.7 21.89 35 9.83 0
16:25 742.7 21.89 35 6.71 0
16:26 742.7 21.89 35 5.81 0
16:27 742.7 21.89 35 6.26 0
16:28 742.7 21.89 35 4.47 0
16:29 742.7 21.89 36 5.36 0
16:30 742.7 21.89 35 6.26 0
16:31 742.7 21.67 35 5.36 0
16:32 742.7 21.61 36 6.26 0
16:33 742.7 21.56 35 7.6 0
16:34 742.7 21.5 36 7.6 0
16:35 742.7 21.44 36 9.39 0
16:36 742.7 21.44 35 8.05 0
16:37 742.7 21.44 35 5.81 0
16:38 742.7 21.56 36 5.36 0
16:39 742.7 21.61 36 7.15 0
16:40 742.7 21.67 35 5.81 0
16:41 742.7 21.67 35 2.68 0
16:42 742.7 21.72 36 3.58 0
16:43 742.7 21.78 35 5.81 0
16:44 742.7 21.72 35 6.26 0
16:45 742.7 21.72 35 6.71 0
16:46 742.7 21.72 35 8.49 0
16:47 742.7 21.72 34 6.26 0
16:48 742.7 21.67 35 8.49 0
16:49 742.7 21.67 35 8.49 0
16:50 742.7 21.67 35 8.94 0
16:51 742.7 21.67 34 10.28 0
16:52 742.7 21.56 35 8.05 0
16:53 742.7 21.61 35 5.81 0
16:54 742.7 21.67 35 7.6 0
16:55 742.7 21.67 34 8.94 0
16:56 742.7 21.67 35 8.94 0
16:57 742.7 21.61 35 7.15 0
16:58 742.7 21.61 35 7.15 0
16:59 742.7 21.5 35 7.6 0
17:00 742.7 21.44 36 6.71 0
17:01 742.7 21.39 35 10.73 0
17:02 742.7 21.33 35 8.94 0
17:03 742.7 21.28 36 5.36 0
17:04 742.7 21.22 36 4.47 0
17:05 742.7 21.17 36 4.02 0
17:06 742.7 21.17 37 4.02 0
17:07 742.95 21.17 37 4.02 0
17:08 742.7 21.17 36 3.58 0
17:09 742.7 21.22 37 2.24 0
17:10 742.95 21.33 38 3.58 0
17:11 742.7 21.33 37 4.92 0
17:12 742.7 21.44 37 4.47 0
17:13 742.7 21.44 35 10.28 0
17:14 742.7 21.44 35 6.26 0
17:15 742.7 21.44 36 4.92 0
17:16 742.7 21.33 35 7.15 0
17:17 742.95 21.22 36 7.15 0
17:18 742.7 21.17 36 4.92 0
17:19 742.95 21.06 37 6.26 0
17:20 742.95 21 36 8.49 0
17:21 742.7 21 36 4.47 0
17:22 742.95 21 37 4.92 0
17:23 742.95 21 37 6.71 0
17:24 742.7 21 37 5.81 0
17:25 742.95 21 37 4.02 0
17:26 742.7 20.94 36 10.28 0
17:27 742.7 20.94 37 6.71 0
17:28 742.7 20.94 37 4.47 0
17:29 742.7 21 37 4.47 0
17:30 742.7 21.06 37 4.47 0
17:31 742.7 21.11 36 4.02 0
17:32 742.7 21.17 37 7.6 0
17:33 742.95 21.22 36 9.39 0
17:34 742.7 21.17 36 8.05 0
17:35 742.7 21.17 36 4.47 0
17:36 742.7 21.17 37 4.02 0
17:37 742.7 21.17 37 4.92 0
17:38 742.7 21.17 36 6.71 0
17:39 742.7 21.17 37 5.81 0
17:40 742.7 21.17 37 7.15 0
17:41 742.7 21.17 37 6.26 0
17:42 742.95 21.17 37 2.24 0
17:43 742.7 21.17 37 4.02 0
17:44 742.7 21.17 37 5.36 0
17:45 742.95 21.17 37 3.58 0
17:46 742.7 21.17 37 8.94 0
17:47 742.7 21.06 37 8.49 0
17:48 742.7 20.94 37 4.92 0
17:49 742.7 20.94 37 5.36 0
17:50 742.7 20.89 37 4.02 0
17:51 742.95 20.94 37 9.83 0
17:52 742.95 20.94 37 6.71 0
17:53 742.95 20.94 37 7.6 0
17:54 742.95 20.94 37 6.71 0
17:55 742.7 20.94 37 4.47 0
17:56 742.95 21 38 5.81 0
17:57 742.95 21 38 5.81 0
17:58 742.7 21.06 38 4.92 0
17:59 742.95 21.11 38 6.26 0
18:00 742.95 21.17 38 4.02 0
18:01 742.95 21.17 37 8.05 0
18:02 742.7 21.17 38 5.81 0
18:03 742.95 21.22 38 6.26 0
18:04 742.7 21.17 37 5.36 0
18:05 742.7 21.17 38 8.49 0
18:06 742.7 21.17 37 4.92 0
18:07 742.7 21.17 38 4.92 0
18:08 742.7 21.17 38 7.15 0
18:09 742.7 21.17 38 6.26 0
18:10 742.7 21.22 38 5.81 0
18:11 742.7 21.28 38 3.58 0
18:12 742.7 21.28 38 4.02 0
18:13 742.7 21.33 38 4.92 0
18:14 742.7 21.28 38 4.47 0
18:15 742.7 21.28 39 6.26 0
18:16 742.7 21.22 38 6.71 0
18:17 742.7 21.17 38 8.49 0
18:18 742.7 21.17 38 4.02 0
18:19 742.7 21.11 38 7.6 0
18:20 742.7 21.11 38 6.26 0
18:21 742.7 21.11 38 8.05 0
18:22 742.7 21.06 38 5.36 0
18:23 742.7 21.06 38 8.49 0
18:24 742.7 21.06 38 6.71 0
18:25 742.7 21.06 38 7.15 0
18:26 742.7 21.06 38 4.92 0
18:27 742.7 21.06 39 7.6 0
18:28 742.7 21.06 38 4.92 0
18:29 742.7 21.06 39 4.92 0
18:30 742.7 21.06 38 4.47 0
18:31 742.7 21.06 39 3.58 0
18:32 742.7 21.06 39 2.68 0
18:33 742.7 21.06 40 7.6 0
18:34 742.7 21 38 6.26 0
18:35 742.7 20.94 38 5.36 0
18:36 742.7 20.89 38 5.36 0
18:37 742.7 20.83 38 7.6 0
18:38 742.7 20.78 38 6.71 0
18:39 742.7 20.72 38 5.81 0
18:40 742.7 20.72 39 4.92 0
18:41 742.7 20.78 39 2.24 0
18:42 742.7 20.78 39 4.92 0
18:43 742.7 20.78 39 1.79 0
18:44 742.7 20.72 39 4.92 0
18:45 742.7 20.72 39 4.92 0
18:46 742.7 20.67 39 4.02 0
18:47 742.7 20.67 39 4.92 0
18:48 742.7 20.67 39 6.71 0
18:49 742.7 20.67 38 2.68 0
18:50 742.7 20.67 39 5.36 0
18:51 742.7 20.67 39 3.58 0
18:52 742.7 20.67 39 5.36 0
18:53 742.7 20.67 38 4.47 0
18:54 742.7 20.67 39 5.81 0
18:55 742.7 20.67 39 7.15 0
18:56 742.7 20.67 38 4.92 0
18:57 742.7 20.56 39 8.94 0
18:58 742.7 20.56 39 4.02 0
18:59 742.7 20.5 39 4.92 0
19:00 742.7 20.44 39 6.26 0
19:01 742.7 20.39 39 4.92 0
19:02 742.7 20.33 39 4.47 0
19:03 742.7 20.33 39 3.58 0
19:04 742.7 20.33 39 4.92 0
19:05 742.7 20.33 39 5.36 0
19:06 742.7 20.33 39 6.71 0
19:07 742.7 20.33 39 4.47 0
19:08 742.7 20.39 39 5.81 0
19:09 742.7 20.44 39 5.36 0
19:10 742.7 20.44 39 4.47 0
19:11 742.7 20.5 39 6.71 0
19:12 742.7 20.5 39 6.71 0
19:13 742.7 20.5 39 4.47 0
19:14 742.7 20.5 39 4.92 0
19:15 742.7 20.5 39 6.71 0
19:16 742.7 20.56 39 4.47 0
19:17 742.7 20.5 39 4.47 0
19:18 742.7 20.56 39 4.92 0
19:19 742.7 20.56 39 3.58 0
19:20 742.7 20.56 39 4.02 0
19:21 742.7 20.61 39 4.02 0
19:22 742.7 20.61 39 3.58 0
19:23 742.7 20.67 39 3.58 0
19:24 742.7 20.67 39 4.47 0
19:25 742.7 20.67 39 3.58 0
19:26 742.7 20.61 39 2.68 0
19:27 742.7 20.56 40 2.24 0
19:28 742.7 20.5 39 7.15 0
19:29 742.7 20.44 40 7.15 0
19:30 742.7 20.39 40 4.47 0
19:31 742.7 20.33 39 10.73 0
19:32 742.7 20.28 39 6.71 0
19:33 742.7 20.22 40 4.02 0
19:34 742.7 20.17 40 4.92 0
19:35 742.7 20.17 40 9.39 0
19:36 742.7 20.11 40 5.81 0
19:37 742.7 20.11 40 7.6 0
19:38 742.7 20.17 40 4.92 0
19:39 742.7 20.17 40 5.36 0
19:40 742.7 20.17 40 5.36 0
19:41 742.7 20.17 40 2.68 0
19:42 742.7 20.22 40 4.02 0
19:43 742.7 20.17 40 6.26 0
19:44 742.95 20.17 40 5.81 0
19:45 742.7 20.17 40 4.47 0
19:46 742.7 20.17 40 4.92 0
19:47 742.95 20.17 40 6.26 0
19:48 742.7 20.11 40 5.36 0
19:49 742.7 20.06 41 5.81 0
19:50 742.7 20.06 40 7.6 0
19:51 742.7 20 40 4.92 0
19:52 742.7 19.94 41 3.58 0
19:53 742.7 19.89 40 6.71 0
19:54 742.7 19.89 41 4.47 0
19:55 742.7 19.83 41 9.39 0
19:56 742.7 19.83 41 5.36 0
19:57 742.7 19.83 41 5.36 0
19:58 742.7 19.78 41 3.58 0
19:59 742.7 19.72 41 3.13 0
20:00 742.7 19.72 42 5.36 0
20:01 742.7 19.67 41 5.36 0
20:02 742.7 19.67 42 5.81 0
20:03 742.7 19.67 42 4.02 0
20:04 742.7 19.61 42 3.58 0
20:05 742.7 19.61 42 4.47 0
20:06 742.7 19.61 42 4.47 0
20:07 742.7 19.61 42 3.13 0
20:08 742.7 19.56 42 4.02 0
20:09 742.7 19.56 42 4.92 0
20:10 742.7 19.56 42 6.26 0
20:11 742.7 19.56 42 4.47 0
20:12 742.7 19.56 42 6.71 0
20:13 742.7 19.56 42 4.92 0
20:14 742.7 19.56 42 4.47 0
20:15 742.7 19.5 43 5.36 0
20:16 742.7 19.44 43 7.15 0
20:17 742.7 19.39 43 5.36 0
20:18 742.7 19.39 43 3.58 0
20:19 742.7 19.33 43 2.24 0
20:20 742.7 19.33 43 2.68 0
20:21 742.7 19.28 43 4.47 0
20:22 742.7 19.28 43 2.68 0
20:23 742.7 19.22 43 4.47 0
20:24 742.95 19.22 44 5.81 0
20:25 742.7 19.22 43 7.15 0
20:26 742.7 19.22 43 7.15 0
20:27 742.7 19.17 43 5.36 0
20:28 742.7 19.17 43 5.81 0
20:29 742.7 19.17 43 7.6 0
20:30 742.7 19.11 43 8.94 0
20:31 742.7 19.11 43 4.92 0
20:32 742.95 19.11 43 4.47 0
20:33 742.95 19.11 44 2.68 0
20:34 742.95 19.06 43 5.81 0
20:35 742.95 19 43 5.81 0
20:36 742.95 19 44 6.71 0
20:37 742.95 18.94 44 6.26 0
20:38 742.95 18.89 44 6.26 0
20:39 742.95 18.83 44 3.58 0
20:40 742.95 18.78 44 4.02 0
20:41 742.95 18.72 45 4.02 0
20:42 742.95 18.67 45 4.02 0
20:43 742.95 18.61 45 2.68 0
20:44 742.95 18.56 46 5.81 0
20:45 742.95 18.44 46 7.15 0
20:46 742.95 18.39 46 2.68 0
20:47 742.95 18.39 46 5.36 0
20:48 743.2 18.33 46 2.24 0
20:49 743.2 18.28 47 5.36 0
20:50 742.95 18.22 47 4.47 0
20:51 742.95 18.17 47 2.68 0
20:52 743.2 18.11 47 4.02 0
20:53 743.2 18.06 47 2.68 0
20:54 743.2 18.06 48 1.79 0
20:55 743.2 18 48 4.92 0
20:56 743.2 17.94 48 2.24 0
20:57 743.2 17.89 48 4.47 0
20:58 743.2 17.83 48 6.26 0
20:59 743.2 17.83 48 4.02 0
21:00 743.2 17.83 48 8.49 0
21:01 743.2 17.78 49 6.71 0
21:02 743.2 17.78 49 3.13 0
21:03 743.2 17.72 49 5.81 0
21:04 743.2 17.72 49 4.02 0
21:05 743.2 17.67 50 3.58 0
21:06 743.46 17.61 50 5.36 0
21:07 743.46 17.5 51 3.13 0
21:08 743.46 17.44 51 6.71 0
21:09 743.46 17.33 51 4.92 0
21:10 743.46 17.33 51 2.24 0
21:11 743.46 17.28 51 3.58 0
21:12 743.46 17.22 51 5.36 0
21:13 743.46 17.17 52 4.02 0
21:14 743.46 17.17 52 4.47 0
21:15 743.46 17.11 52 3.58 0
21:16 743.46 17.06 52 4.92 0
21:17 743.2 17 52 2.68 0
21:18 743.46 17 52 2.24 0
21:19 743.46 16.94 52 3.13 0
21:20 743.46 16.89 52 3.58 0
21:21 743.2 16.89 53 4.02 0
21:22 743.46 16.89 53 3.58 0
21:23 743.46 16.78 53 3.58 0
21:24 743.46 16.78 53 1.79 0
21:25 743.46 16.78 53 4.02 0
21:26 743.46 16.72 53 2.68 0
21:27 743.46 16.72 53 2.24 0
21:28 743.46 16.67 53 2.68 0
21:29 743.46 16.67 53 3.13 0
21:30 743.46 16.67 54 3.58 0
21:31 743.46 16.61 54 5.81 0
21:32 743.46 16.61 54 2.24 0
21:33 743.46 16.56 54 3.13 0
21:34 743.46 16.5 54 2.24 0
21:35 743.46 16.5 54 1.79 0
21:36 743.46 16.44 54 2.24 0
21:37 743.46 16.44 54 2.24 0
21:38 743.46 16.39 54 2.68 0
21:39 743.46 16.39 54 2.24 0
21:40 743.46 16.33 54 3.58 0
21:41 743.46 16.33 54 4.92 0
21:42 743.46 16.28 55 3.58 0
21:43 743.46 16.28 55 4.47 0
21:44 743.46 16.22 55 3.58 0
21:45 743.46 16.17 55 2.68 0
21:46 743.46 16.17 55 2.24 0
21:47 743.46 16.11 55 1.79 0
21:48 743.46 16.11 55 .89 0
21:49 743.46 16.11 55 3.13 0
21:50 743.46 16.06 55 2.24 0
21:51 743.46 16 55 1.34 0
21:52 743.46 16 55 1.34 0
21:53 743.46 16 55 1.34 0
21:54 743.46 15.94 55 2.24 0
21:55 743.46 15.89 55 1.79 0
21:56 743.46 15.89 55 2.68 0
21:57 743.46 15.89 55 2.24 0
21:58 743.46 15.83 55 2.24 0
21:59 743.46 15.83 55 2.24 0
22:00 743.46 15.78 55 1.34 0
22:01 743.46 15.78 56 2.68 0
22:02 743.46 15.72 56 2.24 0
22:03 743.46 15.72 56 3.58 0
22:04 743.46 15.72 56 3.13 0
22:05 743.46 15.67 56 2.24 0
22:06 743.46 15.67 56 1.79 0
22:07 743.46 15.61 56 2.24 0
22:08 743.46 15.56 56 2.24 0
22:09 743.46 15.56 56 1.79 0
22:10 743.46 15.56 56 1.79 0
22:11 743.46 15.5 57 1.79 0
22:12 743.46 15.5 57 1.79 0
22:13 743.2 15.44 57 .89 0
22:14 743.46 15.44 57 .89 0
22:15 743.2 15.39 57 .89 0
22:16 743.46 15.39 57 .89 0
22:17 743.46 15.33 57 .45 0
22:18 743.46 15.33 58 .89 0
22:19 743.46 15.28 58 .45 0
22:20 743.46 15.22 58 .89 0
22:21 743.2 15.17 58 .89 0
22:22 743.46 15.11 58 .89 0
22:23 743.46 15.11 58 .89 0
22:24 743.46 15 58 .89 0
22:25 743.46 15 59 .45 0
22:26 743.2 14.94 59 .45 0
22:27 743.2 14.89 59 .45 0
22:28 743.2 14.83 59 .89 0
22:29 743.2 14.78 59 .89 0
22:30 743.2 14.78 59 .89 0
22:31 743.2 14.72 59 .89 0
22:32 743.2 14.72 59 .89 0
22:33 743.2 14.67 60 .45 0
22:34 743.2 14.67 60 .45 0
22:35 743.2 14.61 61 .45 0
22:36 743.2 14.56 61 .45 0
22:37 743.2 14.5 62 .45 0
22:38 743.2 14.5 62 .89 0
22:39 743.2 14.39 63 .45 0
22:40 743.2 14.33 63 .45 0
22:41 743.2 14.28 63 .45 0
22:42 743.2 14.22 63 .45 0
22:43 743.2 14.17 63 0 0
22:44 743.2 14.06 63 .45 0
22:45 743.2 14.06 63 .45 0
22:46 743.2 14 63 .45 0
22:47 743.2 13.94 64 .45 0
22:48 743.2 13.89 64 0 0
22:49 743.2 13.83 64 0 0
22:50 743.2 13.78 64 .45 0
22:51 743.2 13.67 65 .45 0
22:52 743.2 13.67 65 .45 0
22:53 743.2 13.61 66 .45 0
22:54 743.2 13.5 66 .89 0
22:55 743.2 13.44 66 .45 0
22:56 743.2 13.39 66 .45 0
22:57 743.2 13.33 66 .45 0
22:58 743.2 13.28 67 .89 0
22:59 743.46 13.22 67 .45 0
23:00 743.2 13.17 66 .45 0
23:01 743.2 13.17 66 .45 0
23:02 743.46 13.11 67 .45 0
23:03 743.46 13.11 67 .89 0
23:04 743.46 13.06 67 .89 0
23:05 743.2 13.06 68 .89 0
23:06 743.46 13 68 .89 0
23:07 743.2 13 67 .45 0
23:08 743.2 13 68 .45 0
23:09 743.2 12.94 68 .45 0
23:10 743.46 12.94 68 .89 0
23:11 743.46 12.94 68 1.34 0
23:12 743.46 12.89 68 .89 0
23:13 743.46 12.89 68 1.79 0
23:14 743.46 12.89 68 1.34 0
23:15 743.46 12.89 69 1.34 0
23:16 743.2 12.89 68 1.79 0
23:17 743.2 12.89 68 1.34 0
23:18 743.2 12.89 68 1.79 0
23:19 743.2 12.89 68 1.79 0
23:20 743.2 12.89 68 1.34 0
23:21 743.2 12.94 68 1.34 0
23:22 743.2 12.94 68 .89 0
23:23 743.2 12.94 68 1.79 0
23:24 743.2 13 67 2.24 0
23:25 743.2 13 67 1.34 0
23:26 743.2 13 67 1.79 0
23:27 743.2 13.06 67 2.24 0
23:28 743.2 13.06 67 1.79 0
23:29 743.2 13.11 67 2.24 0
23:30 743.2 13.06 67 1.34 0
23:31 743.2 13.11 67 1.79 0
23:32 743.2 13.11 67 .89 0
23:33 743.2 13.06 67 1.79 0
23:34 743.2 13.11 66 .89 0
23:35 743.2 13.11 66 1.79 0
23:36 743.46 13.11 66 1.79 0
23:37 743.2 13.11 66 1.79 0
23:38 743.46 13.17 66 1.34 0
23:39 743.46 13.11 66 2.24 0
23:40 743.46 13.11 66 1.34 0
23:41 743.46 13.11 66 1.79 0
23:42 743.46 13.11 66 1.79 0
23:43 743.46 13.11 66 1.79 0
23:44 743.46 13.06 66 1.79 0
23:45 743.46 13.06 66 2.24 0
23:46 743.46 13.06 66 1.79 0
23:47 743.46 13.06 66 1.79 0
23:48 743.46 13.06 66 2.68 0
23:49 743.46 13 66 2.24 0
23:50 743.46 13 66 3.58 0
23:51 743.46 13 66 2.68 0
23:52 743.46 13 66 3.58 0
23:53 743.46 13 66 4.47 0
23:54 743.46 12.94 66 3.58 0
23:55 743.46 12.94 66 4.47 0
23:56 743.2 12.94 66 1.34 0
23:57 743.2 12.89 66 3.58 0
23:58 743.46 12.94 66 2.24 0
23:59 743.2 12.89 66 1.79 0
