00:00 754.89 11.28 65 1.34 0
00:01 754.89 11.28 65 1.34 0
00:02 754.89 11.28 65 1.79 0
00:03 754.89 11.22 65 1.34 0
00:04 754.89 11.22 65 1.34 0
00:05 754.89 11.22 65 .89 0
00:06 754.89 11.22 65 1.34 0
00:07 754.89 11.22 65 1.34 0
00:08 754.89 11.22 65 1.79 0
00:09 754.89 11.22 65 1.34 0
00:10 754.89 11.17 65 1.34 0
00:11 754.89 11.22 65 .89 0
00:12 754.89 11.17 65 1.34 0
00:13 754.89 11.17 65 .89 0
00:14 754.89 11.17 65 1.79 0
00:15 754.89 11.11 65 1.34 0
00:16 754.89 11.11 65 1.34 0
00:17 754.89 11.11 65 1.34 0
00:18 754.89 11.17 65 1.34 0
00:19 754.89 11.17 65 1.79 0
00:20 754.89 11.17 65 1.34 0
00:21 754.89 11.17 65 1.34 0
00:22 754.89 11.17 65 1.79 0
00:23 754.89 11.17 65 .45 0
00:24 754.89 11.17 65 1.34 0
00:25 754.89 11.17 65 1.34 0
00:26 754.89 11.17 65 1.79 0
00:27 754.89 11.11 66 1.34 0
00:28 754.89 11.11 65 1.34 0
00:29 754.89 11.11 65 .89 0
00:30 754.89 11.11 65 .89 0
00:31 754.89 11.06 66 .89 0
00:32 754.89 11.06 66 .89 0
00:33 754.63 11.06 66 .89 0
00:34 754.89 11.06 66 1.34 0
00:35 754.89 11.06 66 1.34 0
00:36 754.63 11.06 66 .89 0
00:37 754.89 11 66 1.34 0
00:38 754.89 11 66 1.34 0
00:39 754.89 11 66 .45 0
00:40 754.89 11 66 .45 0
00:41 754.89 10.94 66 1.34 0
00:42 754.63 11 66 1.34 0
00:43 754.89 11 66 1.34 0
00:44 754.89 11 66 1.79 0
00:45 754.89 11 66 .45 0
00:46 754.89 11 66 .45 0
00:47 754.89 11 66 .89 0
00:48 754.89 11 66 1.79 0
00:49 754.89 11 66 .89 0
00:50 754.89 11 66 1.34 0
00:51 754.63 10.94 66 2.68 0
00:52 754.89 11 66 1.34 0
00:53 754.89 11 66 1.34 0
00:54 754.89 11 66 1.34 0
00:55 754.63 10.94 66 1.34 0
00:56 754.63 10.94 66 .89 0
00:57 754.63 11 66 1.34 0
00:58 754.63 10.94 66 1.79 0
00:59 754.63 10.94 66 .89 0
01:00 754.63 10.94 66 1.34 0
01:01 754.63 10.94 66 1.79 0
01:02 754.63 10.94 66 .89 0
01:03 754.63 10.89 66 .89 0
01:04 754.63 10.89 66 1.34 0
01:05 754.63 10.89 66 2.68 0
01:06 754.63 10.89 66 1.79 0
01:07 754.63 10.83 66 1.34 0
01:08 754.63 10.83 66 3.13 0
01:09 754.63 10.83 66 1.79 0
01:10 754.63 10.78 66 1.79 0
01:11 754.63 10.83 66 1.79 0
01:12 754.63 10.78 66 1.34 0
01:13 754.63 10.78 66 2.24 0
01:14 754.63 10.78 66 .89 0
01:15 754.63 10.78 66 1.34 0
01:16 754.63 10.72 67 1.34 0
01:17 754.89 10.67 67 1.79 0
01:18 754.63 10.67 67 1.79 0
01:19 754.63 10.61 67 1.79 0
01:20 754.63 10.61 67 1.79 0
01:21 754.89 10.61 67 1.79 0
01:22 754.89 10.56 67 1.34 0
01:23 754.89 10.56 67 1.34 0
01:24 754.89 10.5 67 2.24 0
01:25 754.89 10.5 67 .89 0
01:26 754.89 10.5 67 .89 0
01:27 754.89 10.44 68 .89 0
01:28 754.89 10.44 68 .45 0
01:29 754.89 10.39 68 .89 0
01:30 754.89 10.44 68 1.34 0
01:31 754.89 10.39 68 .89 0
01:32 754.89 10.39 68 1.34 0
01:33 754.89 10.33 68 .89 0
01:34 754.89 10.39 68 1.34 0
01:35 754.89 10.33 68 .89 0
01:36 754.89 10.28 68 1.34 0
01:37 754.89 10.28 68 1.79 0
01:38 754.89 10.28 68 .89 0
01:39 754.89 10.28 68 .89 0
01:40 754.89 10.28 68 .89 0
01:41 754.89 10.22 68 1.79 0
01:42 754.89 10.22 68 .89 0
01:43 754.89 10.22 68 .89 0
01:44 754.89 10.22 68 1.34 0
01:45 754.89 10.17 69 .89 0
01:46 754.89 10.17 69 .89 0
01:47 754.89 10.11 69 1.34 0
01:48 754.89 10.11 69 1.34 0
01:49 754.89 10.06 69 1.79 0
01:50 754.89 10.06 69 1.34 0
01:51 754.89 10 69 1.34 0
01:52 754.89 10 69 1.34 0
01:53 754.89 9.94 69 .89 0
01:54 754.89 10 69 1.34 0
01:55 754.89 10 69 1.79 0
01:56 754.89 9.94 69 .89 0
01:57 754.89 9.94 69 1.34 0
01:58 754.89 9.94 69 1.34 0
01:59 754.89 9.89 70 1.79 0
02:00 754.89 9.89 70 .89 0
02:01 754.89 9.89 70 .89 0
02:02 754.89 9.83 70 1.79 0
02:03 754.89 9.83 70 1.79 0
02:04 754.89 9.83 70 1.34 0
02:05 754.89 9.78 70 .89 0
02:06 754.89 9.78 70 .89 0
02:07 754.89 9.72 70 1.34 0
02:08 754.89 9.72 70 1.79 0
02:09 754.89 9.72 70 1.34 0
02:10 754.89 9.67 71 1.34 0
02:11 754.89 9.61 71 1.34 0
02:12 754.89 9.56 71 1.34 0
02:13 754.89 9.5 71 .89 0
02:14 754.89 9.5 71 .45 0
02:15 754.89 9.44 71 .89 0
02:16 754.89 9.39 72 .89 0
02:17 754.89 9.39 72 1.34 0
02:18 755.14 9.33 72 1.34 0
02:19 754.89 9.33 72 1.79 0
02:20 754.89 9.28 72 1.79 0
02:21 754.89 9.28 72 .89 0
02:22 754.89 9.28 72 1.79 0
02:23 754.89 9.33 72 .89 0
02:24 754.89 9.33 72 1.34 0
02:25 754.89 9.33 72 1.34 0
02:26 754.89 9.33 72 1.34 0
02:27 754.89 9.33 72 .89 0
02:28 754.89 9.28 72 1.34 0
02:29 754.89 9.28 72 .89 0
02:30 754.89 9.22 72 .89 0
02:31 754.89 9.17 72 .89 0
02:32 754.89 9.17 72 .89 0
02:33 754.89 9.17 72 .89 0
02:34 754.89 9.11 72 .89 0
02:35 754.89 9.06 73 .45 0
02:36 754.89 9.06 73 1.34 0
02:37 754.89 9.06 73 1.34 0
02:38 754.89 9.06 73 1.34 0
02:39 754.89 9.06 73 1.34 0
02:40 754.89 9.06 73 1.34 0
02:41 754.89 9 73 .89 0
02:42 754.89 9 73 1.34 0
02:43 754.89 9.06 73 .89 0
02:44 754.89 9.06 73 .45 0
02:45 754.89 9 73 1.79 0
02:46 754.89 9.06 73 1.34 0
02:47 754.89 9 73 .45 0
02:48 754.89 9 73 .89 0
02:49 754.89 9 73 1.34 0
02:50 754.89 9.06 73 .89 0
02:51 754.89 9 73 .89 0
02:52 754.89 9 73 .89 0
02:53 754.89 9 73 1.34 0
02:54 754.89 9 73 .89 0
02:55 754.89 8.94 73 .89 0
02:56 754.89 8.94 73 1.34 0
02:57 754.89 8.94 73 .89 0
02:58 754.89 8.94 73 1.34 0
02:59 754.89 8.94 73 1.34 0
03:00 754.89 8.94 73 1.79 0
03:01 754.89 8.94 73 1.79 0
03:02 754.89 8.94 73 1.34 0
03:03 754.89 8.94 73 1.79 0
03:04 754.89 8.94 73 .89 0
03:05 754.89 9 73 1.79 0
03:06 754.89 9 73 1.34 0
03:07 754.89 9 73 1.79 0
03:08 754.89 9 73 1.79 0
03:09 754.89 8.94 73 .89 0
03:10 754.89 9 73 .89 0
03:11 754.89 9 73 1.34 0
03:12 754.89 9 73 1.34 0
03:13 754.89 8.94 73 1.34 0
03:14 754.89 8.94 73 2.24 0
03:15 754.89 9 73 .89 0
03:16 754.89 8.94 73 1.79 0
03:17 754.89 8.94 73 1.79 0
03:18 754.89 8.94 73 .89 0
03:19 754.89 8.94 73 1.79 0
03:20 754.89 8.94 73 1.34 0
03:21 754.89 8.89 73 .89 0
03:22 754.89 8.94 73 .89 0
03:23 754.63 8.94 73 1.79 0
03:24 754.89 8.89 73 1.79 0
03:25 754.63 8.89 73 1.79 0
03:26 754.89 8.89 73 1.34 0
03:27 754.89 8.83 73 1.34 0
03:28 754.89 8.83 73 1.34 0
03:29 754.63 8.83 73 1.34 0
03:30 754.89 8.78 74 .89 0
03:31 754.89 8.78 74 .89 0
03:32 754.89 8.72 74 1.34 0
03:33 754.89 8.67 74 .89 0
03:34 754.63 8.67 74 1.79 0
03:35 754.63 8.67 74 .45 0
03:36 754.89 8.61 74 .89 0
03:37 754.63 8.61 74 .45 0
03:38 754.63 8.61 74 .89 0
03:39 754.63 8.56 74 1.34 0
03:40 754.63 8.56 74 .89 0
03:41 754.89 8.56 74 .89 0
03:42 754.63 8.5 74 1.34 0
03:43 754.63 8.44 75 .89 0
03:44 754.63 8.44 75 .89 0
03:45 754.89 8.44 75 .89 0
03:46 754.89 8.39 75 .89 0
03:47 754.89 8.33 75 .89 0
03:48 754.89 8.33 75 .89 0
03:49 754.89 8.33 75 1.34 0
03:50 754.89 8.33 75 .45 0
03:51 754.89 8.33 75 .45 0
03:52 754.89 8.33 75 1.34 0
03:53 754.89 8.33 75 .45 0
03:54 754.89 8.33 75 .45 0
03:55 754.89 8.33 75 .45 0
03:56 754.89 8.33 75 .45 0
03:57 754.89 8.33 75 1.34 0
03:58 754.89 8.33 75 .89 0
03:59 754.89 8.33 75 0 0
04:00 754.89 8.33 75 0 0
04:01 754.89 8.28 75 0 0
04:02 754.89 8.33 75 0 0
04:03 754.89 8.28 75 .45 0
04:04 754.89 8.28 75 .45 0
04:05 754.89 8.28 75 0 0
04:06 754.89 8.28 75 0 0
04:07 754.89 8.17 75 0 0
04:08 754.89 8.17 75 0 0
04:09 754.89 8.11 75 0 0
04:10 754.89 8.06 75 0 0
04:11 754.89 8 76 .89 0
04:12 754.89 8 76 1.79 0
04:13 754.89 8 76 .89 0
04:14 754.89 7.94 76 .89 0
04:15 754.89 8 77 .45 0
04:16 754.89 8 77 .89 0
04:17 754.89 8.06 77 .45 0
04:18 754.89 8.06 77 .89 0
04:19 754.89 8.11 77 .45 0
04:20 754.89 8.06 77 .45 0
04:21 754.89 8.11 76 .89 0
04:22 754.89 8.11 76 .89 0
04:23 754.89 8.11 76 .45 0
04:24 754.89 8.17 76 .45 0
04:25 754.89 8.17 76 .89 0
04:26 754.89 8.22 76 .45 0
04:27 754.89 8.28 76 .45 0
04:28 754.89 8.28 76 .45 0
04:29 754.89 8.33 76 .89 0
04:30 754.89 8.33 76 .89 0
04:31 754.89 8.39 75 .89 0
04:32 754.89 8.44 75 .89 0
04:33 754.89 8.44 75 .89 0
04:34 754.89 8.5 75 .89 0
04:35 754.89 8.56 75 .45 0
04:36 754.89 8.56 75 .89 0
04:37 754.89 8.61 75 .45 0
04:38 754.89 8.67 75 .89 0
04:39 754.89 8.67 74 .89 0
04:40 754.89 8.72 74 .89 0
04:41 754.89 8.72 74 .89 0
04:42 754.89 8.72 74 .89 0
04:43 754.89 8.78 74 .89 0
04:44 754.89 8.83 74 .45 0
04:45 754.89 8.83 74 .89 0
04:46 754.89 8.83 74 .89 0
04:47 754.89 8.89 74 .89 0
04:48 754.89 8.94 74 .89 0
04:49 754.89 8.94 74 .89 0
04:50 754.89 9 74 1.34 0
04:51 754.89 9 74 .89 0
04:52 754.89 9 74 .89 0
04:53 754.89 9 74 .89 0
04:54 754.89 9 73 .89 0
04:55 754.89 9.06 74 .45 0
04:56 754.89 9.11 74 .89 0
04:57 754.89 9.11 74 .89 0
04:58 754.89 9.17 74 .89 0
04:59 754.89 9.17 73 2.24 0
05:00 754.89 9.17 73 .89 0
05:01 754.89 9.17 73 2.24 0
05:02 754.89 9.17 73 1.79 0
05:03 754.89 9.22 73 2.24 0
05:04 754.89 9.22 73 1.79 0
05:05 754.89 9.28 73 2.24 0
05:06 754.89 9.28 72 1.79 0
05:07 754.89 9.33 72 1.34 0
05:08 754.89 9.33 73 1.34 0
05:09 754.89 9.33 72 1.34 0
05:10 754.89 9.39 72 1.34 0
05:11 754.89 9.39 72 1.34 0
05:12 754.89 9.44 72 1.34 0
05:13 754.89 9.44 72 1.79 0
05:14 754.89 9.5 72 1.34 0
05:15 754.89 9.5 72 1.34 0
05:16 754.89 9.56 72 1.79 0
05:17 754.89 9.61 72 1.34 0
05:18 754.89 9.61 72 1.79 0
05:19 754.89 9.67 72 .89 0
05:20 754.89 9.67 72 1.79 0
05:21 754.89 9.72 72 1.34 0
05:22 754.89 9.72 72 1.34 0
05:23 754.89 9.78 71 1.34 0
05:24 754.89 9.78 71 1.34 0
05:25 754.89 9.78 71 .89 0
05:26 754.89 9.83 71 1.79 0
05:27 755.14 9.83 71 1.34 0
05:28 754.89 9.89 71 1.34 0
05:29 754.89 9.89 71 1.34 0
05:30 755.14 9.89 71 1.34 0
05:31 754.89 9.94 71 2.24 0
05:32 754.89 9.94 71 1.34 0
05:33 754.89 10 71 2.24 0
05:34 754.89 9.94 71 2.24 0
05:35 754.89 10 71 1.34 0
05:36 754.89 10.06 71 3.13 0
05:37 754.89 10.06 71 1.79 0
05:38 754.89 10.06 71 .89 0
05:39 754.89 10.06 71 .89 0
05:40 754.89 10.11 71 .89 0
05:41 754.89 10.11 71 .89 0
05:42 754.89 10.17 70 2.68 0
05:43 754.89 10.17 70 .89 0
05:44 754.89 10.17 71 0 0
05:45 754.89 10.28 71 .89 0
05:46 755.14 10.33 70 .89 0
05:47 754.89 10.33 70 2.24 0
05:48 754.89 10.39 70 .45 0
05:49 754.89 10.44 70 1.79 0
05:50 754.89 10.5 70 .89 0
05:51 755.14 10.5 70 1.34 0
05:52 755.14 10.56 70 1.34 0
05:53 754.89 10.56 70 1.34 0
05:54 755.14 10.61 70 1.79 0
05:55 754.89 10.67 70 .89 0
05:56 755.14 10.61 70 .89 0
05:57 755.14 10.67 70 .45 0
05:58 754.89 10.72 70 .89 0
05:59 755.14 10.78 70 .89 0
06:00 755.14 10.83 69 .45 0
06:01 755.14 10.83 69 .89 0
06:02 755.14 10.89 69 .89 0
06:03 755.14 10.89 69 .89 0
06:04 755.14 10.94 69 .45 0
06:05 755.14 11 69 .89 0
06:06 755.14 11 69 1.34 0
06:07 755.14 11 69 .89 0
06:08 755.14 11 69 .89 0
06:09 755.14 11 69 .89 0
06:10 755.14 11.06 69 0 0
06:11 755.14 11.06 69 0 0
06:12 755.14 11.11 69 2.24 0
06:13 755.14 11.11 69 .89 0
06:14 755.14 11.17 69 1.34 0
06:15 755.14 11.22 69 .89 0
06:16 755.14 11.22 69 1.79 0
06:17 755.14 11.22 68 1.79 0
06:18 755.14 11.28 69 1.79 0
06:19 755.14 11.28 68 .45 0
06:20 755.14 11.28 69 .89 0
06:21 755.14 11.33 69 1.79 0
06:22 755.14 11.33 68 .89 0
06:23 755.14 11.39 68 .89 0
06:24 755.14 11.39 68 1.34 0
06:25 755.14 11.44 68 .89 0
06:26 755.14 11.5 68 1.79 0
06:27 755.14 11.56 68 .89 0
06:28 755.14 11.56 68 .89 0
06:29 755.14 11.56 68 .89 0
06:30 755.14 11.56 68 .45 0
06:31 755.14 11.67 69 .45 0
06:32 755.14 11.67 68 1.34 0
06:33 755.14 11.78 68 1.34 0
06:34 755.14 11.78 67 1.79 0
06:35 755.14 11.78 68 1.34 0
06:36 755.14 11.78 68 1.79 0
06:37 755.14 11.78 68 .89 0
06:38 755.14 11.83 67 1.79 0
06:39 755.14 11.83 67 1.79 0
06:40 755.14 11.83 67 .89 0
06:41 755.14 11.83 67 .89 0
06:42 755.14 11.78 68 1.79 0
06:43 755.14 11.83 68 .89 0
06:44 755.14 11.89 68 .45 0
06:45 755.14 11.94 68 .45 0
06:46 755.14 12 68 .89 0
06:47 755.14 12.06 68 3.13 0
06:48 755.14 12.11 67 .45 0
06:49 755.14 12.11 67 1.79 0
06:50 755.14 12.17 67 1.34 0
06:51 755.14 12.17 66 1.79 0
06:52 755.14 12.17 67 3.13 0
06:53 755.14 12.17 66 .89 0
06:54 755.14 12.17 67 1.34 0
06:55 755.14 12.17 67 .89 0
06:56 755.14 12.28 67 1.34 0
06:57 755.14 12.33 67 .89 0
06:58 755.14 12.39 67 .89 0
06:59 755.14 12.44 67 3.13 0
07:00 755.14 12.56 66 2.24 0
07:01 755.14 12.5 66 .89 0
07:02 755.14 12.56 67 .45 0
07:03 755.14 12.61 66 2.68 0
07:04 755.14 12.61 66 1.79 0
07:05 755.14 12.61 66 1.79 0
07:06 755.14 12.67 66 2.68 0
07:07 755.14 12.72 66 .89 0
07:08 755.14 12.78 67 .89 0
07:09 755.14 12.83 66 1.34 0
07:10 755.14 12.89 66 1.34 0
07:11 755.14 12.94 65 2.24 0
07:12 755.14 12.94 65 2.24 0
07:13 754.89 12.94 65 1.79 0
07:14 755.14 13 65 1.34 0
07:15 755.14 13 65 2.68 0
07:16 755.14 13 65 2.24 0
07:17 755.14 13.06 65 1.34 0
07:18 755.14 13.11 66 1.79 0
07:19 755.14 13.17 65 2.24 0
07:20 755.14 13.17 65 .45 0
07:21 755.14 13.22 65 1.79 0
07:22 755.14 13.28 65 .89 0
07:23 755.14 13.28 64 1.34 0
07:24 755.14 13.28 64 2.68 0
07:25 755.14 13.39 64 3.58 0
07:26 755.14 13.39 63 3.13 0
07:27 755.14 13.39 64 .89 0
07:28 754.89 13.44 64 1.79 0
07:29 755.14 13.5 64 1.34 0
07:30 755.14 13.56 64 2.68 0
07:31 754.89 13.61 64 1.79 0
07:32 755.14 13.67 63 .89 0
07:33 755.14 13.72 63 3.13 0
07:34 754.89 13.78 64 2.68 0
07:35 754.89 13.83 63 1.79 0
07:36 754.89 13.89 63 3.13 0
07:37 754.89 13.89 63 1.34 0
07:38 754.89 13.94 62 .89 0
07:39 754.89 13.94 63 1.79 0
07:40 754.89 14.06 63 2.24 0
07:41 754.89 14.11 61 3.13 0
07:42 754.89 14.17 61 4.02 0
07:43 754.89 14.11 61 3.58 0
07:44 754.89 14.06 61 3.13 0
07:45 754.89 14.11 61 1.34 0
07:46 754.89 14.17 62 3.13 0
07:47 754.89 14.22 61 1.34 0
07:48 754.89 14.28 62 2.68 0
07:49 754.89 14.33 62 4.92 0
07:50 754.89 14.39 61 4.92 0
07:51 754.89 14.44 61 1.79 0
07:52 754.89 14.44 61 2.24 0
07:53 754.89 14.5 61 1.34 0
07:54 754.89 14.61 60 3.13 0
07:55 754.89 14.61 60 1.79 0
07:56 754.89 14.67 61 2.24 0
07:57 754.89 14.67 60 1.34 0
07:58 754.89 14.78 59 3.13 0
07:59 754.89 14.78 59 .45 0
08:00 754.89 14.89 60 1.79 0
08:01 754.89 14.94 59 2.68 0
08:02 754.89 15 59 1.34 0
08:03 754.89 15.06 59 1.79 0
08:04 754.89 15.11 58 1.79 0
08:05 754.89 15.11 58 1.79 0
08:06 754.89 15.17 58 1.34 0
08:07 754.89 15.17 58 .89 0
08:08 754.89 15.22 59 1.79 0
08:09 754.89 15.28 59 3.58 0
08:10 754.89 15.33 58 2.24 0
08:11 754.89 15.33 58 2.24 0
08:12 754.63 15.33 59 2.68 0
08:13 754.89 15.33 58 1.79 0
08:14 754.89 15.44 58 3.13 0
08:15 754.89 15.44 57 4.02 0
08:16 754.89 15.39 57 4.02 0
08:17 754.89 15.39 58 3.13 0
08:18 754.63 15.39 58 2.24 0
08:19 754.89 15.44 58 .45 0
08:20 754.89 15.5 58 3.13 0
08:21 754.89 15.56 58 2.68 0
08:22 754.89 15.61 56 2.68 0
08:23 754.89 15.67 56 2.24 0
08:24 754.63 15.72 57 3.13 0
08:25 754.89 15.72 54 3.13 0
08:26 754.63 15.72 55 5.81 0
08:27 754.89 15.67 55 3.58 0
08:28 754.89 15.67 56 3.13 0
08:29 754.89 15.67 54 4.02 0
08:30 754.63 15.67 55 3.13 0
08:31 754.63 15.67 55 4.02 0
08:32 754.63 15.72 55 4.02 0
08:33 754.63 15.72 55 4.02 0
08:34 754.63 15.83 55 3.13 0
08:35 754.63 15.83 55 2.68 0
08:36 754.63 15.89 55 3.58 0
08:37 754.63 15.94 55 2.68 0
08:38 754.63 16 55 4.47 0
08:39 754.63 16 54 4.02 0
08:40 754.63 16 54 4.47 0
08:41 754.63 16 54 3.13 0
08:42 754.63 16.06 54 3.13 0
08:43 754.63 16.06 54 3.13 0
08:44 754.63 16.06 54 3.13 0
08:45 754.63 16.11 54 4.92 0
08:46 754.63 16.06 53 3.58 0
08:47 754.63 16.06 52 4.02 0
08:48 754.63 16.06 53 6.26 0
08:49 754.63 16.06 53 5.81 0
08:50 754.63 16 52 4.92 0
08:51 754.63 16 53 4.02 0
08:52 754.63 16.06 52 4.47 0
08:53 754.63 16.06 52 2.68 0
08:54 754.63 16.06 52 3.13 0
08:55 754.63 16.06 52 3.58 0
08:56 754.63 16.11 53 2.68 0
08:57 754.63 16.17 52 3.13 0
08:58 754.63 16.22 53 1.79 0
08:59 754.63 16.28 53 2.68 0
09:00 754.63 16.39 53 1.79 0
09:01 754.63 16.39 51 4.02 0
09:02 754.63 16.44 51 4.02 0
09:03 754.63 16.44 52 .89 0
09:04 754.38 16.56 53 6.71 0
09:05 754.38 16.61 52 4.02 0
09:06 754.63 16.67 51 6.26 0
09:07 754.63 16.67 51 4.02 0
09:08 754.63 16.61 50 4.92 0
09:09 754.63 16.56 50 4.02 0
09:10 754.63 16.5 50 3.58 0
09:11 754.63 16.5 51 3.58 0
09:12 754.63 16.56 51 1.79 0
09:13 754.63 16.61 51 3.58 0
09:14 754.63 16.72 51 5.36 0
09:15 754.63 16.61 50 3.58 0
09:16 754.63 16.5 50 4.02 0
09:17 754.63 16.5 51 4.02 0
09:18 754.63 16.5 51 4.92 0
09:19 754.63 16.5 51 4.02 0
09:20 754.38 16.56 51 2.24 0
09:21 754.38 16.67 50 3.13 0
09:22 754.38 16.72 50 1.79 0
09:23 754.38 16.72 50 5.81 0
09:24 754.38 16.67 50 6.71 0
09:25 754.38 16.61 49 4.92 0
09:26 754.63 16.5 50 2.68 0
09:27 754.63 16.56 50 6.26 0
09:28 754.38 16.56 49 4.47 0
09:29 754.38 16.56 49 4.47 0
09:30 754.38 16.56 49 5.36 0
09:31 754.38 16.56 50 4.47 0
09:32 754.38 16.61 50 2.68 0
09:33 754.38 16.61 50 5.36 0
09:34 754.38 16.61 50 3.13 0
09:35 754.38 16.61 50 2.24 0
09:36 754.38 16.61 50 3.58 0
09:37 754.38 16.67 51 6.26 0
09:38 754.38 16.72 50 5.81 0
09:39 754.38 16.72 50 4.47 0
09:40 754.38 16.78 49 2.68 0
09:41 754.38 16.83 50 3.13 0
09:42 754.38 16.89 50 3.58 0
09:43 754.38 16.94 49 3.13 0
09:44 754.38 17 49 4.02 0
09:45 754.38 17.06 49 1.79 0
09:46 754.38 17.06 49 4.92 0
09:47 754.38 17.17 49 2.68 0
09:48 754.38 17.11 48 7.15 0
09:49 754.38 17 48 5.36 0
09:50 754.38 16.89 49 4.02 0
09:51 754.38 16.89 49 4.02 0
09:52 754.38 16.89 49 5.81 0
09:53 754.38 16.89 49 5.36 0
09:54 754.38 16.89 49 2.68 0
09:55 754.38 16.94 50 1.79 0
09:56 754.38 17.06 48 4.02 0
09:57 754.38 17.17 49 4.47 0
09:58 754.38 17.17 48 3.58 0
09:59 754.38 17.28 49 3.58 0
10:00 754.38 17.22 47 2.24 0
10:01 754.38 17.22 49 2.68 0
10:02 754.38 17.22 48 1.79 0
10:03 754.38 17.28 49 3.13 0
10:04 754.38 17.33 48 2.68 0
10:05 754.38 17.33 49 3.13 0
10:06 754.38 17.39 48 4.92 0
10:07 754.38 17.33 48 .89 0
10:08 754.38 17.39 49 2.68 0
10:09 754.38 17.56 49 3.13 0
10:10 754.38 17.67 47 3.13 0
10:11 754.38 17.72 48 2.68 0
10:12 754.38 17.72 48 4.02 0
10:13 754.38 17.61 46 2.68 0
10:14 754.38 17.61 47 2.24 0
10:15 754.38 17.67 46 4.02 0
10:16 754.38 17.67 46 4.92 0
10:17 754.38 17.72 46 3.58 0
10:18 754.38 17.67 47 5.81 0
10:19 754.38 17.56 46 3.13 0
10:20 754.38 17.61 47 5.36 0
10:21 754.38 17.61 46 5.81 0
10:22 754.38 17.56 46 2.24 0
10:23 754.38 17.56 46 2.68 0
10:24 754.38 17.56 46 3.13 0
10:25 754.13 17.61 46 4.47 0
10:26 754.13 17.67 46 6.26 0
10:27 754.38 17.61 46 5.81 0
10:28 754.38 17.5 46 3.58 0
10:29 754.38 17.5 47 4.02 0
10:30 754.38 17.5 47 1.34 0
10:31 754.13 17.5 47 1.34 0
10:32 754.38 17.61 48 3.58 0
10:33 754.38 17.67 47 3.58 0
10:34 754.13 17.72 47 .89 0
10:35 754.38 17.78 46 6.26 0
10:36 754.13 17.72 45 6.71 0
10:37 754.13 17.61 45 6.71 0
10:38 754.13 17.56 46 4.47 0
10:39 754.13 17.5 46 2.24 0
10:40 754.38 17.56 47 2.68 0
10:41 754.13 17.61 47 2.68 0
10:42 754.13 17.67 47 .89 0
10:43 754.13 17.78 47 1.79 0
10:44 754.13 17.94 46 3.58 0
10:45 754.13 18.06 46 5.81 0
10:46 754.13 18 45 2.24 0
10:47 754.13 18.06 45 4.02 0
10:48 754.13 18.11 45 1.79 0
10:49 754.13 18.11 45 6.26 0
10:50 754.13 18.11 45 2.68 0
10:51 754.13 18.06 45 1.34 0
10:52 754.13 18.06 45 4.02 0
10:53 754.13 18.06 46 4.92 0
10:54 754.13 18.06 45 1.79 0
10:55 754.13 18 46 3.58 0
10:56 754.13 18.06 46 1.34 0
10:57 754.13 18.06 46 4.47 0
10:58 754.13 17.94 46 4.92 0
10:59 754.13 17.89 45 3.58 0
11:00 753.87 17.83 46 2.24 0
11:01 754.13 17.83 46 4.92 0
11:02 754.13 17.89 47 5.36 0
11:03 753.87 17.83 46 4.02 0
11:04 754.13 17.78 45 4.47 0
11:05 754.13 17.67 45 5.36 0
11:06 754.13 17.67 47 4.02 0
11:07 754.13 17.78 47 5.81 0
11:08 754.13 17.89 46 4.92 0
11:09 754.13 18 46 3.13 0
11:10 753.87 18.11 45 2.68 0
11:11 754.13 18.28 46 5.36 0
11:12 754.13 18.22 45 4.47 0
11:13 753.87 18.17 45 2.68 0
11:14 753.87 18.11 45 2.24 0
11:15 753.87 18.06 45 .45 0
11:16 753.87 18.17 46 1.79 0
11:17 753.87 18.22 46 .89 0
11:18 753.87 18.33 47 1.34 0
11:19 753.87 18.5 46 5.81 0
11:20 753.87 18.56 45 3.13 0
11:21 753.87 18.56 46 4.47 0
11:22 753.87 18.56 45 4.02 0
11:23 753.87 18.44 45 2.24 0
11:24 753.87 18.39 45 3.58 0
11:25 753.87 18.39 46 2.24 0
11:26 753.87 18.44 45 2.24 0
11:27 753.87 18.44 44 2.68 0
11:28 753.87 18.44 45 .89 0
11:29 753.87 18.44 44 3.13 0
11:30 753.87 18.44 44 4.92 0
11:31 753.87 18.39 45 1.79 0
11:32 753.87 18.44 45 4.47 0
11:33 753.87 18.39 45 4.02 0
11:34 753.87 18.39 44 2.24 0
11:35 753.87 18.33 44 4.02 0
11:36 753.87 18.28 44 3.58 0
11:37 753.87 18.22 45 3.13 0
11:38 753.87 18.22 45 2.24 0
11:39 753.87 18.22 45 3.13 0
11:40 753.87 18.33 45 5.81 0
11:41 753.87 18.39 44 2.68 0
11:42 753.87 18.33 45 3.58 0
11:43 753.62 18.33 44 3.13 0
11:44 753.87 18.33 45 3.58 0
11:45 753.62 18.39 45 2.68 0
11:46 753.62 18.39 44 1.34 0
11:47 753.62 18.44 45 5.81 0
11:48 753.62 18.5 45 4.47 0
11:49 753.62 18.5 44 2.24 0
11:50 753.62 18.44 44 4.02 0
11:51 753.62 18.44 45 5.36 0
11:52 753.62 18.5 45 2.24 0
11:53 753.62 18.61 46 5.81 0
11:54 753.62 18.67 44 3.58 0
11:55 753.62 18.67 43 2.24 0
11:56 753.62 18.56 44 3.13 0
11:57 753.62 18.61 45 3.13 0
11:58 753.62 18.67 45 2.68 0
11:59 753.62 18.67 44 6.26 0
12:00 753.62 18.67 43 7.6 0
12:01 753.62 18.56 43 7.15 0
12:02 753.62 18.5 43 4.02 0
12:03 753.62 18.5 44 4.47 0
12:04 753.62 18.44 43 4.47 0
12:05 753.62 18.33 44 3.58 0
12:06 753.62 18.33 43 3.13 0
12:07 753.36 18.28 43 3.13 0
12:08 753.62 18.28 44 2.24 0
12:09 753.62 18.39 45 4.92 0
12:10 753.62 18.44 45 5.36 0
12:11 753.36 18.5 43 4.92 0
12:12 753.36 18.5 44 2.68 0
12:13 753.62 18.56 44 4.02 0
12:14 753.36 18.67 44 4.92 0
12:15 753.36 18.67 43 6.71 0
12:16 753.36 18.61 43 4.92 0
12:17 753.36 18.67 43 4.92 0
12:18 753.36 18.61 43 2.24 0
12:19 753.36 18.67 43 3.58 0
12:20 753.36 18.72 43 3.13 0
12:21 753.36 18.83 43 3.58 0
12:22 753.36 18.78 43 4.47 0
12:23 753.36 18.78 43 2.24 0
12:24 753.36 18.72 43 5.36 0
12:25 753.36 18.72 43 3.13 0
12:26 753.36 18.72 43 3.13 0
12:27 753.36 18.83 44 4.92 0
12:28 753.36 18.94 44 3.58 0
12:29 753.36 19 43 4.92 0
12:30 753.36 19.06 44 3.58 0
12:31 753.36 19.11 44 4.92 0
12:32 753.36 19.22 43 1.79 0
12:33 753.36 19.22 44 4.47 0
12:34 753.36 19.17 43 3.58 0
12:35 753.36 19.11 43 1.79 0
12:36 753.36 19.11 44 4.92 0
12:37 753.36 19.11 44 5.36 0
12:38 753.36 19.11 43 1.34 0
12:39 753.36 19.11 44 3.58 0
12:40 753.36 19.11 43 3.13 0
12:41 753.11 19.11 44 2.68 0
12:42 753.11 19.22 44 6.26 0
12:43 753.11 19.28 43 3.13 0
12:44 753.36 19.33 43 5.36 0
12:45 753.11 19.28 42 4.92 0
12:46 753.11 19.28 43 4.02 0
12:47 753.11 19.22 42 2.24 0
12:48 753.11 19.17 43 3.58 0
12:49 753.11 19.17 44 5.81 0
12:50 753.11 19.17 44 8.05 0
12:51 753.11 19.28 44 4.47 0
12:52 753.11 19.28 44 2.24 0
12:53 753.11 19.39 43 1.79 0
12:54 753.11 19.39 43 3.13 0
12:55 753.11 19.39 42 4.02 0
12:56 753.11 19.39 42 3.13 0
12:57 753.11 19.39 43 1.79 0
12:58 753.11 19.5 44 .89 0
12:59 753.11 19.56 42 .89 0
13:00 753.11 19.56 42 2.24 0
13:01 753.11 19.61 43 4.47 0
13:02 753.11 19.56 42 5.36 0
13:03 753.11 19.44 42 6.26 0
13:04 753.11 19.33 42 2.68 0
13:05 753.11 19.28 43 2.68 0
13:06 753.11 19.22 42 2.68 0
13:07 753.11 19.22 43 4.02 0
13:08 753.11 19.22 44 5.81 0
13:09 752.86 19.17 42 1.79 0
13:10 752.86 19.22 43 4.02 0
13:11 753.11 19.33 44 3.58 0
13:12 753.11 19.44 43 1.34 0
13:13 753.11 19.56 43 2.68 0
13:14 753.11 19.67 43 1.34 0
13:15 753.11 19.78 42 3.13 0
13:16 753.11 19.89 43 4.02 0
13:17 753.11 20 42 1.79 0
13:18 752.86 20.06 42 1.34 0
13:19 753.11 20.11 41 2.24 0
13:20 752.86 20.06 41 2.68 0
13:21 753.11 19.94 41 4.47 0
13:22 752.86 19.78 41 3.13 0
13:23 752.86 19.72 42 1.79 0
13:24 752.86 19.78 43 3.13 0
13:25 752.86 19.72 42 2.24 0
13:26 752.86 19.72 43 3.58 0
13:27 752.86 19.78 43 3.13 0
13:28 752.86 19.83 42 3.58 0
13:29 752.86 19.78 41 3.58 0
13:30 752.86 19.78 42 3.58 0
13:31 752.86 19.72 41 2.24 0
13:32 752.86 19.78 43 4.92 0
13:33 752.86 19.78 42 4.02 0
13:34 752.86 19.78 42 4.02 0
13:35 752.86 19.67 41 1.34 0
13:36 752.86 19.61 41 .45 0
13:37 752.86 19.61 42 .45 0
13:38 752.86 19.72 43 4.02 0
13:39 752.86 19.83 43 3.13 0
13:40 752.86 19.78 42 .89 0
13:41 752.86 19.89 43 3.13 0
13:42 752.86 19.83 42 1.34 0
13:43 752.86 19.83 42 .89 0
13:44 752.86 19.89 42 1.34 0
13:45 752.86 19.89 42 7.6 0
13:46 752.86 19.89 42 2.68 0
13:47 752.6 19.89 43 2.68 0
13:48 752.6 19.94 43 2.24 0
13:49 752.6 20.06 42 4.02 0
13:50 752.6 20.11 42 1.34 0
13:51 752.86 20.17 42 3.13 0
13:52 752.86 20.17 41 4.47 0
13:53 752.6 20.06 41 4.02 0
13:54 752.6 20.06 41 4.47 0
13:55 752.6 19.94 41 3.13 0
13:56 752.6 20 42 4.47 0
13:57 752.6 20.06 41 .89 0
13:58 752.6 20.11 41 3.58 0
13:59 752.6 20.11 41 2.68 0
14:00 752.6 20.11 41 5.36 0
14:01 752.6 20.06 40 3.13 0
14:02 752.6 19.94 40 3.13 0
14:03 752.6 19.83 40 .45 0
14:04 752.6 19.83 41 .45 0
14:05 752.6 19.83 41 .89 0
14:06 752.6 19.89 42 1.34 0
14:07 752.35 20 41 1.79 0
14:08 752.35 20 40 2.68 0
14:09 752.35 19.94 40 1.34 0
14:10 752.35 19.94 41 1.79 0
14:11 752.35 20 41 3.58 0
14:12 752.35 20.06 42 2.68 0
14:13 752.35 20.11 42 1.79 0
14:14 752.35 20.17 42 4.02 0
14:15 752.35 20.28 42 5.36 0
14:16 752.35 20.33 41 3.58 0
14:17 752.35 20.39 41 3.13 0
14:18 752.35 20.33 40 4.47 0
14:19 752.35 20.28 40 3.58 0
14:20 752.35 20.28 40 2.24 0
14:21 752.35 20.22 40 1.79 0
14:22 752.35 20.22 39 1.79 0
14:23 752.35 20.28 40 .45 0
14:24 752.35 20.28 40 1.34 0
14:25 752.35 20.33 40 1.34 0
14:26 752.35 20.39 41 3.13 0
14:27 752.35 20.5 40 2.68 0
14:28 752.35 20.56 40 3.58 0
14:29 752.35 20.61 41 4.92 0
14:30 752.35 20.61 40 5.36 0
14:31 752.35 20.56 41 4.47 0
14:32 752.35 20.56 40 4.02 0
14:33 752.09 20.44 40 3.13 0
14:34 752.35 20.44 39 2.68 0
14:35 752.09 20.39 40 1.79 0
14:36 752.09 20.28 39 4.47 0
14:37 752.09 20.33 40 5.81 0
14:38 752.09 20.28 40 4.47 0
14:39 752.09 20.28 40 1.79 0
14:40 752.09 20.28 40 2.68 0
14:41 752.09 20.33 41 1.34 0
14:42 752.09 20.44 41 .45 0
14:43 752.09 20.44 41 2.24 0
14:44 752.09 20.56 41 4.02 0
14:45 752.09 20.67 41 3.13 0
14:46 752.09 20.78 41 4.02 0
14:47 752.09 20.83 41 4.47 0
14:48 752.09 20.89 40 1.79 0
14:49 752.09 20.89 40 4.02 0
14:50 752.09 20.89 40 2.24 0
14:51 752.09 20.83 40 1.34 0
14:52 752.09 20.83 41 2.24 0
14:53 752.09 20.89 41 2.24 0
14:54 752.09 20.83 41 2.24 0
14:55 752.09 20.83 40 2.68 0
14:56 752.09 20.78 40 .89 0
14:57 752.09 20.72 40 .89 0
14:58 752.09 20.72 40 1.79 0
14:59 752.09 20.72 40 .89 0
15:00 752.09 20.67 40 5.36 0
15:01 752.09 20.56 41 2.24 0
15:02 752.09 20.44 41 4.47 0
15:03 752.09 20.44 41 3.13 0
15:04 752.09 20.39 41 2.68 0
15:05 752.09 20.33 41 3.13 0
15:06 752.09 20.33 41 5.36 0
15:07 752.09 20.33 41 2.24 0
15:08 752.09 20.28 41 3.58 0
15:09 752.09 20.33 41 4.02 0
15:10 752.09 20.28 41 1.79 0
15:11 752.09 20.28 41 .89 0
15:12 752.09 20.33 41 2.24 0
15:13 752.09 20.39 41 .89 0
15:14 752.09 20.5 42 1.34 0
15:15 752.09 20.61 42 4.02 0
15:16 752.09 20.72 41 4.47 0
15:17 752.09 20.67 40 3.58 0
15:18 752.09 20.61 40 6.26 0
15:19 752.09 20.61 40 2.24 0
15:20 751.84 20.56 40 3.13 0
15:21 751.84 20.56 40 4.47 0
15:22 751.84 20.56 40 4.02 0
15:23 751.84 20.56 40 4.02 0
15:24 751.84 20.56 41 3.58 0
15:25 751.84 20.67 41 2.24 0
15:26 751.84 20.78 41 2.24 0
15:27 751.84 20.94 41 3.13 0
15:28 752.09 21 40 3.58 0
15:29 751.84 21.06 41 1.79 0
15:30 751.84 21.06 40 2.24 0
15:31 751.84 21 40 4.02 0
15:32 751.84 20.94 40 3.58 0
15:33 751.84 20.83 41 4.47 0
15:34 751.84 20.67 40 3.58 0
15:35 751.84 20.61 41 4.02 0
15:36 751.84 20.56 42 2.68 0
15:37 751.84 20.67 41 3.13 0
15:38 751.84 20.67 41 2.68 0
15:39 751.84 20.72 41 .89 0
15:40 751.84 20.78 42 3.58 0
15:41 751.84 20.78 41 4.47 0
15:42 751.84 20.78 41 3.13 0
15:43 751.84 20.67 41 1.79 0
15:44 751.59 20.67 40 1.34 0
15:45 751.84 20.67 41 .89 0
15:46 751.59 20.72 41 4.47 0
15:47 751.84 20.72 41 5.36 0
15:48 751.59 20.72 40 3.58 0
15:49 751.59 20.72 41 4.02 0
15:50 751.59 20.72 41 4.02 0
15:51 751.59 20.78 41 2.68 0
15:52 751.59 20.72 41 4.02 0
15:53 751.59 20.72 41 1.34 0
15:54 751.59 20.72 40 .45 0
15:55 751.59 20.78 41 1.79 0
15:56 751.59 20.78 41 .89 0
15:57 751.59 20.89 41 1.34 0
15:58 751.59 21 41 3.13 0
15:59 751.59 21.11 40 .89 0
16:00 751.59 21.22 40 2.68 0
16:01 751.59 21.33 40 1.34 0
16:02 751.59 21.33 40 5.81 0
16:03 751.59 21.33 40 4.47 0
16:04 751.59 21.17 40 1.79 0
16:05 751.59 21.11 40 5.36 0
16:06 751.59 21 40 4.92 0
16:07 751.59 21 40 4.47 0
16:08 751.59 20.94 40 2.24 0
16:09 751.59 21 40 3.58 0
16:10 751.59 20.94 41 2.24 0
16:11 751.59 20.94 41 2.24 0
16:12 751.59 20.94 41 1.34 0
16:13 751.59 21 41 .45 0
16:14 751.59 21.06 42 1.34 0
16:15 751.33 21.11 42 3.58 0
16:16 751.33 21.11 40 2.24 0
16:17 751.59 21.11 40 .89 0
16:18 751.33 21.11 41 .89 0
16:19 751.33 21.17 40 .45 0
16:20 751.33 21.17 41 .45 0
16:21 751.33 21.28 41 0 0
16:22 751.33 21.39 41 1.34 0
16:23 751.33 21.44 40 0 0
16:24 751.33 21.5 41 5.36 0
16:25 751.33 21.39 40 2.24 0
16:26 751.33 21.33 41 4.47 0
16:27 751.33 21.28 41 2.68 0
16:28 751.33 21.22 40 4.02 0
16:29 751.33 21.11 41 3.58 0
16:30 751.33 21.06 41 1.79 0
16:31 751.33 21.17 42 1.34 0
16:32 751.33 21.22 42 2.68 0
16:33 751.33 21.28 42 2.24 0
16:34 751.33 21.28 41 3.58 0
16:35 751.33 21.28 41 3.58 0
16:36 751.08 21.17 40 4.02 0
16:37 751.08 21.06 40 1.34 0
16:38 751.08 20.94 41 .45 0
16:39 751.08 20.94 41 1.34 0
16:40 751.33 20.94 43 1.79 0
16:41 751.33 21 42 4.02 0
16:42 751.08 20.94 41 4.02 0
16:43 751.08 20.89 41 2.68 0
16:44 751.08 20.83 41 3.13 0
16:45 751.08 20.83 42 .89 0
16:46 751.08 20.89 43 .89 0
16:47 751.08 20.94 43 2.68 0
16:48 751.08 21 42 2.68 0
16:49 751.08 21 42 4.47 0
16:50 751.08 20.94 41 2.68 0
16:51 751.08 20.89 41 4.92 0
16:52 751.08 20.83 41 3.58 0
16:53 751.08 20.78 41 1.34 0
16:54 751.08 20.78 42 4.92 0
16:55 751.08 20.78 42 2.68 0
16:56 751.08 20.83 42 1.79 0
16:57 751.08 20.89 43 3.13 0
16:58 751.08 20.94 43 2.68 0
16:59 751.08 21 42 1.79 0
17:00 751.08 21.06 43 1.79 0
17:01 751.08 21.11 43 3.58 0
17:02 751.08 21.17 42 3.13 0
17:03 751.08 21.17 42 3.13 0
17:04 751.08 21.22 42 3.58 0
17:05 751.08 21.22 42 4.92 0
17:06 751.08 21.22 42 2.24 0
17:07 751.08 21.17 42 3.58 0
17:08 751.08 21.17 42 4.47 0
17:09 751.08 21.06 41 4.92 0
17:10 751.08 21 41 3.58 0
17:11 751.08 20.89 41 3.13 0
17:12 751.08 20.83 41 2.68 0
17:13 751.08 20.78 41 4.02 0
17:14 751.08 20.78 42 3.13 0
17:15 751.08 20.72 42 3.13 0
17:16 751.08 20.78 42 1.79 0
17:17 751.08 20.72 42 1.79 0
17:18 751.08 20.78 43 1.79 0
17:19 751.08 20.83 42 1.79 0
17:20 751.08 20.89 42 1.34 0
17:21 751.08 20.89 42 3.13 0
17:22 751.08 20.94 43 3.58 0
17:23 751.08 21 42 1.34 0
17:24 751.08 21 43 1.34 0
17:25 751.08 21 42 2.68 0
17:26 751.08 21 42 1.34 0
17:27 751.08 21 41 1.34 0
17:28 751.08 21 42 3.58 0
17:29 750.82 20.94 41 3.13 0
17:30 751.08 20.94 43 1.79 0
17:31 751.08 20.94 43 1.79 0
17:32 751.08 20.94 42 1.79 0
17:33 751.08 20.94 42 .89 0
17:34 751.08 20.94 42 3.58 0
17:35 751.08 20.89 41 3.58 0
17:36 751.08 20.89 42 2.68 0
17:37 751.08 20.83 42 1.34 0
17:38 751.08 20.83 42 3.58 0
17:39 751.08 20.83 42 1.79 0
17:40 751.08 20.83 43 0 0
17:41 751.08 20.83 43 .89 0
17:42 750.82 20.94 43 .45 0
17:43 751.08 21 43 3.58 0
17:44 751.08 21 42 .89 0
17:45 751.08 21 42 1.79 0
17:46 751.08 21.06 42 1.34 0
17:47 751.08 21.06 42 3.13 0
17:48 750.82 21 42 .89 0
17:49 750.82 21 42 1.79 0
17:50 751.08 21 41 2.68 0
17:51 750.82 20.89 41 4.02 0
17:52 750.82 20.83 41 4.02 0
17:53 750.82 20.72 41 3.13 0
17:54 751.08 20.61 42 3.58 0
17:55 751.08 20.61 41 2.68 0
17:56 750.82 20.56 42 2.24 0
17:57 751.08 20.5 43 2.24 0
17:58 750.82 20.5 43 3.58 0
17:59 751.08 20.44 43 3.58 0
18:00 751.08 20.44 43 1.34 0
18:01 751.08 20.33 43 3.58 0
18:02 750.82 20.33 43 1.79 0
18:03 750.82 20.28 43 1.79 0
18:04 750.82 20.28 43 1.34 0
18:05 750.82 20.28 43 1.79 0
18:06 750.82 20.28 44 1.34 0
18:07 750.82 20.28 43 1.34 0
18:08 751.08 20.28 43 2.68 0
18:09 751.08 20.28 43 3.13 0
18:10 751.08 20.28 44 1.79 0
18:11 750.82 20.28 44 1.34 0
18:12 751.08 20.28 44 1.79 0
18:13 751.08 20.28 44 2.68 0
18:14 751.08 20.33 44 3.58 0
18:15 751.08 20.33 44 2.24 0
18:16 751.08 20.39 44 1.79 0
18:17 751.08 20.33 44 3.13 0
18:18 751.08 20.39 44 1.79 0
18:19 750.82 20.39 44 2.68 0
18:20 751.08 20.33 43 .45 0
18:21 751.08 20.39 43 3.13 0
18:22 751.08 20.33 43 3.13 0
18:23 751.08 20.33 43 1.34 0
18:24 751.08 20.33 44 3.13 0
18:25 751.08 20.28 44 1.79 0
18:26 751.08 20.33 44 .89 0
18:27 751.08 20.33 44 2.24 0
18:28 750.82 20.33 44 2.24 0
18:29 751.08 20.33 44 1.34 0
18:30 751.08 20.28 44 3.58 0
18:31 751.08 20.28 44 .45 0
18:32 751.08 20.33 45 .89 0
18:33 751.08 20.33 44 4.47 0
18:34 750.82 20.33 45 1.34 0
18:35 751.08 20.28 45 1.34 0
18:36 751.08 20.33 45 2.68 0
18:37 750.82 20.33 45 .89 0
18:38 751.08 20.33 45 .45 0
18:39 751.08 20.33 45 2.68 0
18:40 751.08 20.33 45 2.68 0
18:41 750.82 20.33 45 1.34 0
18:42 751.08 20.33 44 2.68 0
18:43 751.08 20.28 44 4.02 0
18:44 751.08 20.28 44 3.13 0
18:45 751.08 20.28 45 3.13 0
18:46 750.82 20.28 45 1.79 0
18:47 750.82 20.28 45 .89 0
18:48 750.82 20.22 45 1.79 0
18:49 750.82 20.22 45 1.34 0
18:50 751.08 20.22 45 .89 0
18:51 751.08 20.22 45 2.24 0
18:52 751.08 20.22 45 1.79 0
18:53 751.08 20.22 45 2.68 0
18:54 750.82 20.22 45 1.79 0
18:55 751.08 20.22 45 1.34 0
18:56 751.08 20.22 44 3.13 0
18:57 751.08 20.22 44 1.34 0
18:58 751.08 20.17 45 1.34 0
18:59 751.08 20.17 45 1.34 0
19:00 751.08 20.17 45 1.34 0
19:01 750.82 20.17 45 2.24 0
19:02 751.08 20.17 45 1.34 0
19:03 751.08 20.11 44 1.34 0
19:04 751.08 20.11 44 2.24 0
19:05 751.08 20.06 44 2.68 0
19:06 751.08 20.06 44 3.13 0
19:07 751.08 20.06 44 2.24 0
19:08 751.08 20.06 44 2.68 0
19:09 751.08 20.06 45 3.13 0
19:10 751.08 20.06 45 1.79 0
19:11 751.08 20 45 .89 0
19:12 751.08 20 45 1.34 0
19:13 751.08 19.94 45 .89 0
19:14 751.08 20 45 1.79 0
19:15 751.08 20 45 .89 0
19:16 751.08 19.94 46 1.34 0
19:17 751.08 19.94 45 3.13 0
19:18 750.82 19.89 45 1.79 0
19:19 750.82 19.89 45 3.13 0
19:20 751.08 19.83 45 1.34 0
19:21 750.82 19.83 45 .89 0
19:22 751.08 19.83 46 .89 0
19:23 751.08 19.78 46 1.34 0
19:24 751.08 19.78 46 .89 0
19:25 751.08 19.78 46 .89 0
19:26 751.08 19.72 46 .89 0
19:27 751.08 19.72 46 .45 0
19:28 751.08 19.72 46 .45 0
19:29 751.08 19.72 47 .89 0
19:30 751.08 19.67 47 .45 0
19:31 751.08 19.67 47 .89 0
19:32 750.82 19.67 47 1.34 0
19:33 750.82 19.67 47 1.34 0
19:34 751.08 19.61 47 .89 0
19:35 750.82 19.61 47 1.34 0
19:36 750.82 19.56 47 .89 0
19:37 751.08 19.56 48 3.13 0
19:38 750.82 19.56 47 .89 0
19:39 750.82 19.5 47 1.79 0
19:40 750.82 19.5 47 .89 0
19:41 750.82 19.5 48 .89 0
19:42 750.82 19.44 48 .89 0
19:43 750.82 19.44 47 .89 0
19:44 750.82 19.44 48 .89 0
19:45 750.82 19.39 48 1.34 0
19:46 750.82 19.39 47 .45 0
19:47 750.82 19.39 48 1.34 0
19:48 750.82 19.39 48 .89 0
19:49 750.82 19.39 48 1.34 0
19:50 750.82 19.33 48 .89 0
19:51 750.82 19.33 48 1.79 0
19:52 750.82 19.33 48 1.79 0
19:53 750.82 19.33 48 .89 0
19:54 750.82 19.33 49 1.34 0
19:55 750.82 19.33 49 .89 0
19:56 750.82 19.33 48 1.34 0
19:57 750.82 19.28 48 1.79 0
19:58 750.82 19.28 49 1.79 0
19:59 750.82 19.22 48 1.34 0
20:00 750.82 19.22 48 .89 0
20:01 750.82 19.22 48 .89 0
20:02 750.82 19.22 49 1.79 0
20:03 750.82 19.22 48 1.79 0
20:04 750.82 19.17 48 1.79 0
20:05 750.82 19.17 48 1.79 0
20:06 750.82 19.17 49 1.34 0
20:07 750.82 19.17 49 .45 0
20:08 750.82 19.17 49 1.79 0
20:09 750.82 19.11 49 .89 0
20:10 750.82 19.11 49 .89 0
20:11 750.82 19.11 49 1.34 0
20:12 750.82 19.11 49 1.34 0
20:13 750.82 19.06 49 .89 0
20:14 750.82 19.06 49 .89 0
20:15 750.82 19 49 1.34 0
20:16 750.82 19 49 1.34 0
20:17 750.82 18.94 49 1.79 0
20:18 750.82 18.94 49 .45 0
20:19 750.82 18.89 49 1.79 0
20:20 750.82 18.89 49 1.34 0
20:21 750.82 18.83 49 2.24 0
20:22 750.82 18.83 49 1.79 0
20:23 750.82 18.83 50 .89 0
20:24 750.82 18.78 49 .89 0
20:25 750.82 18.78 49 1.79 0
20:26 750.82 18.72 49 .89 0
20:27 750.82 18.72 50 1.34 0
20:28 750.82 18.67 50 .89 0
20:29 750.82 18.67 50 1.34 0
20:30 750.82 18.61 50 1.34 0
20:31 750.82 18.61 50 .89 0
20:32 750.82 18.61 50 .89 0
20:33 750.82 18.56 50 1.79 0
20:34 750.82 18.5 50 1.34 0
20:35 750.82 18.5 50 1.34 0
20:36 750.82 18.44 50 1.79 0
20:37 750.82 18.44 50 1.79 0
20:38 750.82 18.44 51 .89 0
20:39 750.82 18.39 51 1.79 0
20:40 750.82 18.33 51 1.79 0
20:41 750.82 18.33 51 1.79 0
20:42 750.82 18.28 51 .89 0
20:43 750.82 18.28 51 1.34 0
20:44 750.82 18.28 51 1.79 0
20:45 750.82 18.22 51 1.34 0
20:46 750.82 18.17 51 1.79 0
20:47 750.82 18.17 51 .89 0
20:48 750.82 18.11 51 1.79 0
20:49 750.82 18.11 51 1.34 0
20:50 750.82 18.06 51 .89 0
20:51 750.82 18.06 52 1.34 0
20:52 750.82 18 51 1.34 0
20:53 750.82 18 52 .89 0
20:54 750.82 18 52 1.34 0
20:55 750.82 17.94 52 1.79 0
20:56 750.82 17.89 52 2.24 0
20:57 750.82 17.83 52 .89 0
20:58 750.82 17.83 52 1.79 0
20:59 750.82 17.83 52 1.34 0
21:00 750.82 17.78 52 1.34 0
21:01 750.82 17.78 52 .89 0
21:02 750.82 17.72 53 1.34 0
21:03 750.82 17.72 53 .89 0
21:04 750.82 17.67 53 .89 0
21:05 750.82 17.67 53 .89 0
21:06 750.82 17.61 53 .45 0
21:07 750.82 17.61 53 1.34 0
21:08 750.82 17.56 53 .45 0
21:09 750.82 17.56 53 .89 0
21:10 750.82 17.5 53 1.34 0
21:11 750.82 17.5 53 1.34 0
21:12 750.82 17.5 53 .89 0
21:13 750.82 17.44 54 1.79 0
21:14 750.82 17.44 54 1.34 0
21:15 750.82 17.33 54 1.34 0
21:16 750.82 17.33 54 1.34 0
21:17 750.82 17.28 54 .89 0
21:18 750.82 17.28 54 .89 0
21:19 750.82 17.28 54 .89 0
21:20 750.82 17.22 54 1.34 0
21:21 750.82 17.17 54 .89 0
21:22 750.82 17.17 54 .89 0
21:23 750.82 17.11 54 .89 0
21:24 750.82 17.06 55 1.34 0
21:25 750.82 17.06 55 1.34 0
21:26 750.82 17.06 55 1.79 0
21:27 750.82 17 55 1.34 0
21:28 750.82 16.94 55 1.34 0
21:29 750.82 16.94 55 .89 0
21:30 750.82 16.89 55 .89 0
21:31 750.82 16.89 55 1.34 0
21:32 750.82 16.83 55 1.34 0
21:33 750.82 16.83 55 1.34 0
21:34 750.82 16.78 55 1.79 0
21:35 750.82 16.78 55 1.79 0
21:36 750.82 16.72 55 1.79 0
21:37 750.82 16.72 56 .89 0
21:38 750.82 16.67 55 1.79 0
21:39 750.82 16.67 56 1.34 0
21:40 750.82 16.67 56 .89 0
21:41 750.82 16.67 56 1.34 0
21:42 750.82 16.61 56 1.34 0
21:43 750.82 16.61 56 1.34 0
21:44 750.82 16.61 56 .89 0
21:45 750.82 16.61 56 1.79 0
21:46 750.82 16.56 56 1.79 0
21:47 750.57 16.56 56 1.34 0
21:48 750.82 16.56 56 1.79 0
21:49 750.82 16.5 56 2.24 0
21:50 750.82 16.5 56 2.24 0
21:51 750.57 16.5 56 .89 0
21:52 750.57 16.44 57 .89 0
21:53 750.57 16.44 57 1.34 0
21:54 750.82 16.39 57 1.79 0
21:55 750.82 16.39 57 1.34 0
21:56 750.57 16.33 57 1.34 0
21:57 750.57 16.33 57 1.34 0
21:58 750.57 16.28 57 1.34 0
21:59 750.57 16.28 57 .89 0
22:00 750.57 16.28 57 .89 0
22:01 750.82 16.22 57 .89 0
22:02 750.82 16.17 58 1.79 0
22:03 750.82 16.17 58 1.34 0
22:04 750.57 16.11 58 .89 0
22:05 750.57 16.11 58 .89 0
22:06 750.57 16.06 58 1.34 0
22:07 750.57 16.06 58 1.34 0
22:08 750.82 16 58 1.34 0
22:09 750.82 16 58 .89 0
22:10 750.57 15.94 58 .89 0
22:11 750.82 15.89 58 .89 0
22:12 750.57 15.89 58 2.24 0
22:13 750.82 15.89 58 1.79 0
22:14 750.57 15.83 58 1.34 0
22:15 750.57 15.83 58 1.34 0
22:16 750.57 15.78 59 1.79 0
22:17 750.57 15.78 59 1.79 0
22:18 750.57 15.78 59 1.34 0
22:19 750.57 15.72 59 1.34 0
22:20 750.57 15.67 59 1.34 0
22:21 750.57 15.67 59 1.79 0
22:22 750.82 15.67 59 1.34 0
22:23 750.57 15.67 59 .89 0
22:24 750.57 15.61 59 .89 0
22:25 750.57 15.61 59 1.79 0
22:26 750.57 15.56 59 1.34 0
22:27 750.57 15.56 59 1.34 0
22:28 750.57 15.56 59 .89 0
22:29 750.57 15.56 60 1.34 0
22:30 750.57 15.56 60 2.24 0
22:31 750.57 15.56 60 1.34 0
22:32 750.57 15.5 60 1.34 0
22:33 750.57 15.5 60 1.34 0
22:34 750.57 15.44 60 1.34 0
22:35 750.57 15.44 60 1.34 0
22:36 750.57 15.39 60 1.34 0
22:37 750.57 15.33 60 .89 0
22:38 750.57 15.33 60 1.34 0
22:39 750.57 15.28 61 .89 0
22:40 750.57 15.28 60 .89 0
22:41 750.57 15.22 61 .89 0
22:42 750.57 15.22 61 1.34 0
22:43 750.57 15.17 61 .89 0
22:44 750.57 15.17 61 1.79 0
22:45 750.57 15.17 61 .89 0
22:46 750.57 15.11 61 .89 0
22:47 750.57 15.06 61 1.34 0
22:48 750.57 15.06 61 .89 0
22:49 750.57 15 61 1.79 0
22:50 750.57 15 61 1.34 0
22:51 750.57 15 61 1.79 0
22:52 750.57 15 61 1.79 0
22:53 750.57 15 61 .89 0
22:54 750.57 14.94 62 1.34 0
22:55 750.57 14.94 61 1.34 0
22:56 750.57 14.89 61 1.34 0
22:57 750.57 14.89 62 1.34 0
22:58 750.57 14.83 62 1.34 0
22:59 750.57 14.83 62 1.34 0
23:00 750.57 14.83 62 1.34 0
23:01 750.57 14.78 62 1.34 0
23:02 750.57 14.78 62 .89 0
23:03 750.57 14.78 62 1.34 0
23:04 750.57 14.78 62 1.34 0
23:05 750.57 14.72 62 1.34 0
23:06 750.57 14.67 63 1.34 0
23:07 750.57 14.67 63 1.34 0
23:08 750.57 14.56 63 1.34 0
23:09 750.57 14.56 63 1.79 0
23:10 750.57 14.56 63 1.79 0
23:11 750.57 14.5 63 1.34 0
23:12 750.57 14.5 62 .89 0
23:13 750.57 14.5 62 1.34 0
23:14 750.57 14.5 63 1.34 0
23:15 750.57 14.5 63 1.34 0
23:16 750.57 14.5 62 1.34 0
23:17 750.57 14.44 63 2.24 0
23:18 750.57 14.44 63 1.79 0
23:19 750.57 14.44 63 1.79 0
23:20 750.57 14.44 62 1.79 0
23:21 750.57 14.44 63 1.34 0
23:22 750.57 14.44 62 1.34 0
23:23 750.57 14.44 63 1.34 0
23:24 750.57 14.39 63 1.34 0
23:25 750.57 14.39 63 .89 0
23:26 750.57 14.39 63 .89 0
23:27 750.57 14.33 63 .89 0
23:28 750.57 14.33 63 .89 0
23:29 750.57 14.28 63 .89 0
23:30 750.57 14.28 63 .89 0
23:31 750.57 14.22 63 .89 0
23:32 750.57 14.22 64 1.34 0
23:33 750.57 14.17 65 1.34 0
23:34 750.57 14.11 65 1.34 0
23:35 750.57 14.06 65 1.34 0
23:36 750.57 14.06 65 .45 0
23:37 750.57 14 65 .89 0
23:38 750.57 13.94 64 1.34 0
23:39 750.57 13.94 65 1.34 0
23:40 750.57 13.94 65 1.34 0
23:41 750.57 13.89 65 1.34 0
23:42 750.82 13.89 66 1.79 0
23:43 750.57 13.83 66 1.34 0
23:44 750.57 13.72 66 1.34 0
23:45 750.57 13.72 66 1.34 0
23:46 750.57 13.72 65 1.34 0
23:47 750.57 13.72 65 .89 0
23:48 750.57 13.72 65 1.79 0
23:49 750.82 13.72 66 1.79 0
23:50 750.82 13.72 65 1.34 0
23:51 750.82 13.72 66 1.79 0
23:52 750.82 13.67 65 1.79 0
23:53 750.82 13.67 65 1.34 0
23:54 750.82 13.67 65 .89 0
23:55 750.82 13.67 65 1.34 0
23:56 750.82 13.61 66 .89 0
23:57 750.82 13.67 65 1.34 0
23:58 750.82 13.67 65 1.34 0
23:59 750.82 13.61 66 .89 0
