00:00 746.51 11.5 85 1.34 0
00:01 746.51 11.44 85 1.34 0
00:02 746.51 11.44 85 1.34 0
00:03 746.51 11.39 85 2.24 0
00:04 746.51 11.39 85 1.34 0
00:05 746.51 11.39 85 1.34 0
00:06 746.51 11.39 85 1.34 0
00:07 746.51 11.39 85 1.34 0
00:08 746.51 11.33 85 .89 0
00:09 746.51 11.33 85 1.79 0
00:10 746.51 11.33 86 .89 0
00:11 746.51 11.28 86 1.34 0
00:12 746.51 11.33 86 1.79 0
00:13 746.51 11.28 86 1.34 0
00:14 746.51 11.28 86 1.34 0
00:15 746.51 11.22 86 1.79 0
00:16 746.51 11.22 86 1.79 0
00:17 746.51 11.22 86 1.34 0
00:18 746.51 11.22 86 1.34 0
00:19 746.51 11.17 86 1.34 0
00:20 746.76 11.17 86 1.34 0
00:21 746.51 11.11 86 1.79 0
00:22 746.51 11.11 86 1.34 0
00:23 746.51 11.11 86 1.34 0
00:24 746.51 11.11 86 1.79 0
00:25 746.51 11.06 86 .89 0
00:26 746.51 11.06 86 1.79 0
00:27 746.51 11.06 87 1.34 0
00:28 746.51 11.06 87 1.34 0
00:29 746.51 11 87 1.34 0
00:30 746.51 11 87 1.34 0
00:31 746.51 11 87 1.79 0
00:32 746.51 11 87 1.79 0
00:33 746.51 11 87 1.34 0
00:34 746.51 10.94 87 1.34 0
00:35 746.51 11 87 .89 0
00:36 746.51 11 87 .89 0
00:37 746.51 10.94 87 1.34 0
00:38 746.51 10.94 87 1.34 0
00:39 746.51 10.94 87 2.24 0
00:40 746.51 10.94 87 1.34 0
00:41 746.51 10.94 87 1.79 0
00:42 746.51 10.94 87 1.34 0
00:43 746.51 10.89 87 1.79 0
00:44 746.51 10.89 87 .89 0
00:45 746.51 10.94 87 1.34 0
00:46 746.51 10.89 87 .89 0
00:47 746.51 10.89 87 1.34 0
00:48 746.51 10.83 87 1.79 0
00:49 746.51 10.83 87 1.79 0
00:50 746.51 10.83 88 .89 0
00:51 746.51 10.83 88 1.34 0
00:52 746.51 10.78 88 .89 0
00:53 746.51 10.78 88 .89 0
00:54 746.51 10.78 88 .89 0
00:55 746.51 10.78 88 .89 0
00:56 746.51 10.78 87 .89 0
00:57 746.51 10.72 87 .89 0
00:58 746.51 10.72 88 1.34 0
00:59 746.76 10.72 88 .89 0
01:00 746.51 10.67 88 1.34 0
01:01 746.51 10.67 88 .89 0
01:02 746.51 10.67 88 1.34 0
01:03 746.76 10.61 88 .89 0
01:04 746.51 10.56 88 1.34 0
01:05 746.76 10.56 88 .89 0
01:06 746.76 10.5 88 1.34 0
01:07 746.51 10.5 88 .89 0
01:08 746.76 10.5 88 1.34 0
01:09 746.76 10.44 88 1.34 0
01:10 746.76 10.44 88 .89 0
01:11 746.51 10.39 88 .89 0
01:12 746.76 10.39 88 .89 0
01:13 746.51 10.39 88 .45 0
01:14 746.51 10.39 88 .89 0
01:15 746.76 10.33 88 1.34 0
01:16 746.76 10.33 88 .89 0
01:17 746.76 10.39 89 .89 0
01:18 746.76 10.33 89 .89 0
01:19 746.51 10.33 89 .89 0
01:20 746.76 10.33 89 1.34 0
01:21 746.76 10.33 89 .89 0
01:22 746.76 10.28 89 .45 0
01:23 746.76 10.33 89 1.79 0
01:24 746.76 10.28 89 .89 0
01:25 746.76 10.28 89 .89 0
01:26 746.76 10.22 89 1.34 0
01:27 746.76 10.17 89 1.79 0
01:28 746.76 10.17 88 1.34 0
01:29 746.76 10.06 88 1.79 0
01:30 746.76 10.06 88 1.79 0
01:31 746.76 10.06 89 1.34 0
01:32 746.76 10.06 89 1.79 0
01:33 746.76 10 89 1.34 0
01:34 746.76 10 89 1.79 0
01:35 746.76 9.94 89 1.34 0
01:36 746.76 9.94 89 1.34 0
01:37 746.76 9.94 89 1.79 0
01:38 746.76 10 89 1.79 0
01:39 746.76 9.94 89 1.34 0
01:40 746.76 9.94 89 1.79 0
01:41 746.76 9.94 89 1.79 0
01:42 746.76 9.94 89 1.79 0
01:43 746.76 9.94 89 1.34 0
01:44 746.76 9.94 89 1.34 0
01:45 746.76 9.89 89 1.34 0
01:46 746.76 9.94 89 1.34 0
01:47 746.76 9.89 89 1.34 0
01:48 746.76 9.83 89 1.34 0
01:49 746.76 9.83 89 .89 0
01:50 746.76 9.83 89 .89 0
01:51 746.76 9.83 90 .89 0
01:52 746.76 9.83 90 .89 0
01:53 746.76 9.83 90 .89 0
01:54 746.76 9.83 90 .89 0
01:55 746.76 9.83 90 .89 0
01:56 746.76 9.83 90 1.34 0
01:57 746.76 9.83 90 .89 0
01:58 746.76 9.83 90 .89 0
01:59 746.76 9.83 90 .89 0
02:00 746.76 9.83 90 .89 0
02:01 746.76 9.83 90 .89 0
02:02 746.76 9.83 90 .89 0
02:03 746.76 9.78 90 .45 0
02:04 746.76 9.83 90 .89 0
02:05 746.76 9.83 90 1.34 0
02:06 746.76 9.78 90 .89 0
02:07 746.76 9.78 90 1.34 0
02:08 746.76 9.78 90 .89 0
02:09 746.76 9.78 90 .89 0
02:10 746.76 9.78 90 .89 0
02:11 746.76 9.78 90 .89 0
02:12 746.76 9.72 90 .89 0
02:13 746.76 9.72 90 1.34 0
02:14 746.76 9.67 90 .89 0
02:15 746.76 9.72 90 1.34 0
02:16 746.76 9.72 90 1.34 0
02:17 746.76 9.72 90 .89 0
02:18 746.76 9.67 90 .89 0
02:19 746.76 9.72 90 1.34 0
02:20 746.76 9.72 90 1.34 0
02:21 746.76 9.72 90 1.34 0
02:22 746.76 9.72 90 1.79 0
02:23 746.76 9.72 90 1.79 0
02:24 746.76 9.72 90 1.34 0
02:25 746.76 9.72 90 1.34 0
02:26 746.76 9.72 90 1.34 0
02:27 746.76 9.72 90 1.34 0
02:28 746.76 9.72 90 1.34 0
02:29 746.76 9.72 90 1.34 0
02:30 746.76 9.67 90 1.79 0
02:31 746.76 9.67 90 1.79 0
02:32 746.76 9.67 90 1.34 0
02:33 746.76 9.67 90 1.34 0
02:34 746.76 9.67 90 .89 0
02:35 746.76 9.67 90 1.34 0
02:36 746.76 9.67 90 1.34 0
02:37 746.76 9.67 90 .89 0
02:38 746.76 9.61 90 1.34 0
02:39 746.76 9.61 90 1.34 0
02:40 746.76 9.61 90 1.79 0
02:41 746.76 9.61 90 1.34 0
02:42 746.76 9.61 90 1.79 0
02:43 746.76 9.61 90 1.79 0
02:44 746.76 9.61 90 1.79 0
02:45 746.76 9.56 90 1.79 0
02:46 746.76 9.56 90 1.79 0
02:47 746.76 9.56 90 1.34 0
02:48 746.76 9.5 90 1.79 0
02:49 746.76 9.56 90 1.79 0
02:50 746.76 9.56 90 1.34 0
02:51 746.76 9.56 90 1.34 0
02:52 746.76 9.56 90 1.34 0
02:53 746.76 9.56 90 1.79 0
02:54 746.76 9.56 90 .89 0
02:55 746.76 9.56 90 .89 0
02:56 746.76 9.56 90 1.34 0
02:57 746.76 9.56 90 1.34 0
02:58 746.76 9.5 90 .89 0
02:59 746.76 9.5 90 1.34 0
03:00 746.76 9.5 90 1.34 0
03:01 746.76 9.5 90 1.34 0
03:02 746.76 9.44 90 .89 0
03:03 746.76 9.44 90 1.34 0
03:04 746.76 9.44 90 .89 0
03:05 746.76 9.44 90 .89 0
03:06 746.76 9.44 90 .89 0
03:07 746.76 9.44 90 .89 0
03:08 746.76 9.44 90 .89 0
03:09 746.76 9.44 90 .89 0
03:10 746.76 9.44 90 .45 0
03:11 746.76 9.44 90 .45 0
03:12 746.76 9.44 90 .45 0
03:13 746.76 9.44 90 .45 0
03:14 746.76 9.44 90 .89 0
03:15 746.76 9.44 90 .45 0
03:16 746.76 9.39 90 .45 0
03:17 746.76 9.39 90 .45 0
03:18 746.76 9.39 90 .45 0
03:19 746.76 9.39 90 0 0
03:20 746.51 9.39 90 .45 0
03:21 746.51 9.39 90 .45 0
03:22 746.51 9.39 90 0 0
03:23 746.51 9.39 90 0 0
03:24 746.51 9.39 90 .45 0
03:25 746.51 9.39 90 .45 0
03:26 746.51 9.44 90 .45 0
03:27 746.51 9.44 90 0 0
03:28 746.51 9.44 90 .45 0
03:29 746.51 9.44 90 .45 0
03:30 746.51 9.44 90 .45 0
03:31 746.51 9.44 90 .45 0
03:32 746.51 9.44 90 .45 0
03:33 746.51 9.39 90 .45 0
03:34 746.76 9.33 90 .45 0
03:35 746.76 9.33 90 .45 0
03:36 746.76 9.28 90 .89 0
03:37 746.76 9.28 90 .89 0
03:38 746.76 9.22 90 .89 0
03:39 746.76 9.22 90 1.34 0
03:40 746.76 9.17 90 .89 0
03:41 746.76 9.17 90 .89 0
03:42 746.76 9.17 90 1.34 0
03:43 746.76 9.17 90 .89 0
03:44 746.76 9.17 90 .89 0
03:45 746.76 9.11 90 1.34 0
03:46 746.76 9.11 90 .45 0
03:47 746.76 9.06 90 .89 0
03:48 746.76 9.06 90 .45 0
03:49 746.76 9.06 90 .45 0
03:50 746.76 9 90 .89 0
03:51 746.76 8.94 90 .89 0
03:52 746.76 8.94 90 .89 0
03:53 747.01 8.89 90 .89 0
03:54 746.76 8.83 90 .89 0
03:55 747.01 8.83 90 .89 0
03:56 746.76 8.78 90 .45 0
03:57 747.01 8.72 90 .89 0
03:58 746.76 8.72 90 .89 0
03:59 746.76 8.67 90 .89 0
04:00 747.01 8.67 90 .45 0
04:01 746.76 8.67 90 .45 0
04:02 747.01 8.61 90 .45 0
04:03 746.76 8.61 90 .89 0
04:04 746.76 8.61 90 .89 0
04:05 747.01 8.61 90 .45 0
04:06 746.76 8.61 90 .89 0
04:07 746.76 8.61 91 .45 0
04:08 746.76 8.61 91 .89 0
04:09 746.76 8.61 91 .89 0
04:10 746.76 8.61 91 .89 0
04:11 746.76 8.61 91 .89 0
04:12 746.76 8.61 91 .45 0
04:13 746.76 8.61 91 .45 0
04:14 746.76 8.67 91 .89 0
04:15 746.76 8.67 91 .89 0
04:16 746.76 8.67 91 .89 0
04:17 746.76 8.72 91 .45 0
04:18 746.76 8.72 91 .89 0
04:19 746.76 8.72 91 .89 0
04:20 746.76 8.72 91 .89 0
04:21 746.76 8.72 91 .89 0
04:22 746.76 8.78 91 .89 0
04:23 746.76 8.72 91 .89 0
04:24 746.76 8.72 91 .89 0
04:25 746.76 8.72 91 .45 0
04:26 746.76 8.72 91 .45 0
04:27 746.76 8.72 91 .45 0
04:28 746.76 8.67 91 .45 0
04:29 746.76 8.67 91 .89 0
04:30 746.76 8.67 91 .89 0
04:31 746.76 8.67 91 .89 0
04:32 746.76 8.67 91 1.34 0
04:33 746.76 8.72 91 .89 0
04:34 746.76 8.72 91 1.34 0
04:35 746.76 8.72 91 .45 0
04:36 746.76 8.72 91 .89 0
04:37 746.76 8.67 91 .89 0
04:38 746.76 8.67 91 .45 0
04:39 746.76 8.72 91 .45 0
04:40 746.76 8.72 91 .89 0
04:41 746.76 8.78 91 .45 0
04:42 746.76 8.78 91 .89 0
04:43 746.76 8.83 91 .45 0
04:44 746.76 8.83 91 .89 0
04:45 746.76 8.89 91 .45 0
04:46 746.76 8.89 91 .89 0
04:47 746.76 8.94 92 .45 0
04:48 746.76 9 92 .89 0
04:49 746.76 9 92 .45 0
04:50 746.76 9 92 .89 0
04:51 746.76 9.06 92 .89 0
04:52 746.76 9.06 92 .45 0
04:53 746.76 9.11 92 .89 0
04:54 746.76 9.17 91 1.34 0
04:55 746.76 9.17 91 1.34 0
04:56 746.76 9.17 91 .89 0
04:57 746.76 9.28 91 1.34 0
04:58 746.76 9.28 92 .45 0
04:59 746.76 9.33 92 .45 0
05:00 746.76 9.33 92 .89 0
05:01 746.76 9.39 92 1.34 0
05:02 746.76 9.39 92 .89 0
05:03 746.76 9.44 92 .89 0
05:04 746.76 9.44 92 1.34 0
05:05 746.76 9.44 92 1.34 0
05:06 746.76 9.5 92 1.34 0
05:07 746.76 9.5 92 .89 0
05:08 746.76 9.5 91 .45 0
05:09 746.76 9.56 91 .89 0
05:10 746.76 9.61 91 .89 0
05:11 746.76 9.61 91 .89 0
05:12 746.76 9.61 91 1.34 0
05:13 746.76 9.67 92 .89 0
05:14 746.76 9.72 92 .89 0
05:15 746.76 9.72 91 .89 0
05:16 746.76 9.72 91 .89 0
05:17 746.76 9.78 91 .89 0
05:18 746.76 9.78 91 1.34 0
05:19 746.76 9.83 91 .89 0
05:20 746.76 9.83 91 .89 0
05:21 746.76 9.89 91 .89 0
05:22 746.76 9.89 91 .89 0
05:23 746.76 9.89 91 .45 0
05:24 746.76 9.94 91 .89 0
05:25 746.76 9.94 91 .89 0
05:26 746.76 10 91 1.34 0
05:27 746.76 10.06 91 1.34 0
05:28 746.76 10.06 91 .89 0
05:29 746.76 10.06 91 1.79 0
05:30 746.76 10.11 91 1.34 0
05:31 746.76 10.17 91 .45 0
05:32 746.76 10.17 91 1.34 0
05:33 746.76 10.22 91 1.34 0
05:34 746.76 10.22 91 .45 0
05:35 746.76 10.28 91 1.34 0
05:36 746.76 10.33 91 .89 0
05:37 746.76 10.33 91 .89 0
05:38 746.76 10.39 90 .89 0
05:39 746.76 10.44 90 .45 0
05:40 746.76 10.5 90 1.79 0
05:41 746.76 10.5 90 .89 0
05:42 746.76 10.56 90 .89 0
05:43 746.76 10.56 90 1.34 0
05:44 746.76 10.61 90 .89 0
05:45 746.76 10.67 90 .89 0
05:46 746.76 10.67 90 .89 0
05:47 746.76 10.72 90 .89 0
05:48 746.76 10.72 90 .89 0
05:49 746.76 10.78 90 1.34 0
05:50 746.76 10.83 90 1.79 0
05:51 746.76 10.89 90 1.79 0
05:52 746.76 10.89 89 1.34 0
05:53 746.76 10.94 89 1.79 0
05:54 746.76 10.94 89 1.79 0
05:55 746.76 11 89 .89 0
05:56 747.01 11.06 89 1.79 0
05:57 747.01 11.11 89 .89 0
05:58 747.01 11.11 89 2.68 0
05:59 747.01 11.17 89 1.79 0
06:00 747.01 11.22 88 2.68 0
06:01 747.01 11.28 88 .89 0
06:02 747.01 11.33 88 1.34 0
06:03 747.01 11.33 88 1.34 0
06:04 747.01 11.39 88 2.24 0
06:05 747.01 11.44 88 .89 0
06:06 747.01 11.5 88 1.34 0
06:07 746.76 11.5 88 .45 0
06:08 746.76 11.56 88 1.79 0
06:09 747.01 11.61 87 1.34 0
06:10 747.01 11.61 87 1.34 0
06:11 747.01 11.67 87 1.79 0
06:12 747.01 11.72 87 1.34 0
06:13 747.01 11.78 87 1.34 0
06:14 747.01 11.78 87 1.79 0
06:15 747.01 11.83 87 1.34 0
06:16 747.01 11.89 87 1.79 0
06:17 747.01 11.89 86 1.34 0
06:18 747.01 11.94 86 2.24 0
06:19 747.01 12 86 1.79 0
06:20 747.01 12 86 2.24 0
06:21 747.01 12.06 86 1.34 0
06:22 747.01 12.11 86 2.24 0
06:23 747.01 12.11 86 2.24 0
06:24 747.01 12.11 85 .89 0
06:25 747.01 12.17 85 1.79 0
06:26 747.01 12.22 85 1.34 0
06:27 747.01 12.22 85 1.34 0
06:28 747.01 12.28 85 1.34 0
06:29 747.01 12.28 85 3.58 0
06:30 747.01 12.33 85 2.68 0
06:31 747.01 12.28 85 1.79 0
06:32 747.01 12.33 85 2.24 0
06:33 747.01 12.39 85 2.68 0
06:34 747.01 12.39 85 1.79 0
06:35 747.01 12.39 84 2.68 0
06:36 747.01 12.44 84 1.79 0
06:37 747.01 12.44 84 .45 0
06:38 747.01 12.5 84 .89 0
06:39 747.01 12.56 85 2.24 0
06:40 747.01 12.56 84 2.68 0
06:41 747.01 12.56 84 1.34 0
06:42 747.01 12.61 84 2.68 0
06:43 747.01 12.61 84 1.79 0
06:44 747.01 12.67 84 2.24 0
06:45 747.01 12.67 83 3.13 0
06:46 747.01 12.72 83 1.34 0
06:47 747.01 12.78 83 .89 0
06:48 747.01 12.78 83 2.24 0
06:49 747.01 12.83 83 2.68 0
06:50 747.01 12.89 83 1.34 0
06:51 747.01 12.89 83 1.34 0
06:52 747.01 12.94 83 1.34 0
06:53 747.01 12.94 83 1.34 0
06:54 747.01 13 83 2.24 0
06:55 747.01 13.06 83 1.79 0
06:56 747.01 13.11 82 2.24 0
06:57 747.01 13.17 82 .45 0
06:58 747.01 13.17 82 .45 0
06:59 747.01 13.28 82 .89 0
07:00 747.01 13.28 82 1.34 0
07:01 747.01 13.33 82 2.24 0
07:02 747.01 13.33 81 2.68 0
07:03 747.01 13.39 81 2.24 0
07:04 747.01 13.44 81 1.79 0
07:05 747.01 13.44 81 1.34 0
07:06 747.01 13.5 81 1.79 0
07:07 747.01 13.5 81 1.34 0
07:08 747.01 13.56 81 .89 0
07:09 747.01 13.61 81 .89 0
07:10 747.01 13.67 81 2.68 0
07:11 747.01 13.72 81 1.79 0
07:12 747.01 13.72 81 3.58 0
07:13 747.01 13.78 80 1.79 0
07:14 747.01 13.83 80 2.24 0
07:15 747.01 13.89 80 3.58 0
07:16 747.01 13.94 79 1.79 0
07:17 747.01 14 79 2.24 0
07:18 747.01 14 79 1.34 0
07:19 747.01 14.06 79 .89 0
07:20 747.01 14.06 79 2.68 0
07:21 747.01 14.17 79 2.68 0
07:22 747.01 14.17 79 2.24 0
07:23 747.01 14.22 79 2.24 0
07:24 747.01 14.28 79 4.02 0
07:25 747.01 14.28 78 2.24 0
07:26 747.01 14.33 77 2.24 0
07:27 747.01 14.33 77 4.02 0
07:28 747.01 14.33 77 4.47 0
07:29 747.01 14.33 77 2.24 0
07:30 747.01 14.39 77 2.24 0
07:31 747.01 14.44 77 1.79 0
07:32 747.01 14.44 77 1.79 0
07:33 747.01 14.5 77 .89 0
07:34 747.01 14.56 77 2.68 0
07:35 747.01 14.56 77 2.68 0
07:36 747.01 14.61 77 3.58 0
07:37 747.01 14.61 77 1.34 0
07:38 747.01 14.67 77 2.68 0
07:39 747.01 14.72 77 4.47 0
07:40 747.27 14.78 76 4.02 0
07:41 747.27 14.78 76 3.58 0
07:42 747.01 14.78 75 4.47 0
07:43 747.27 14.78 76 4.47 0
07:44 747.27 14.78 75 4.02 0
07:45 747.27 14.83 75 2.68 0
07:46 747.27 14.83 75 3.13 0
07:47 747.27 14.83 75 3.58 0
07:48 747.27 14.94 75 4.02 0
07:49 747.27 14.94 74 2.68 0
07:50 747.27 14.94 74 3.58 0
07:51 747.27 15 75 3.13 0
07:52 747.27 15.06 75 4.47 0
07:53 747.27 15.06 74 4.02 0
07:54 747.27 15.06 73 4.92 0
07:55 747.27 15.06 73 1.79 0
07:56 747.27 15.06 74 1.79 0
07:57 747.27 15.11 74 3.58 0
07:58 747.27 15.11 73 4.92 0
07:59 747.27 15.17 73 4.02 0
08:00 747.27 15.17 73 3.58 0
08:01 747.27 15.17 73 3.58 0
08:02 747.27 15.17 73 4.92 0
08:03 747.27 15.22 74 4.02 0
08:04 747.27 15.28 73 5.81 0
08:05 747.27 15.33 72 4.47 0
08:06 747.27 15.33 72 4.92 0
08:07 747.27 15.33 72 5.36 0
08:08 747.27 15.33 72 4.02 0
08:09 747.27 15.33 72 4.92 0
08:10 747.27 15.33 72 4.47 0
08:11 747.27 15.39 72 5.36 0
08:12 747.27 15.39 72 4.92 0
08:13 747.27 15.33 71 1.79 0
08:14 747.27 15.39 72 4.92 0
08:15 747.27 15.39 72 4.92 0
08:16 747.27 15.44 72 2.68 0
08:17 747.27 15.5 72 5.81 0
08:18 747.27 15.56 72 6.26 0
08:19 747.27 15.56 71 4.02 0
08:20 747.27 15.56 71 4.02 0
08:21 747.27 15.56 71 4.92 0
08:22 747.27 15.56 71 4.92 0
08:23 747.27 15.56 71 4.02 0
08:24 747.27 15.56 71 3.58 0
08:25 747.27 15.61 71 4.02 0
08:26 747.27 15.67 71 2.24 0
08:27 747.27 15.72 71 4.47 0
08:28 747.27 15.72 70 4.47 0
08:29 747.27 15.78 71 4.47 0
08:30 747.27 15.83 71 4.02 0
08:31 747.27 15.89 71 3.58 0
08:32 747.27 15.94 70 3.58 0
08:33 747.27 15.94 70 2.68 0
08:34 747.52 16 70 4.02 0
08:35 747.27 16 70 4.02 0
08:36 747.27 15.94 70 3.58 0
08:37 747.27 15.94 70 2.68 0
08:38 747.27 16 71 2.24 0
08:39 747.27 16.06 71 1.34 0
08:40 747.27 16.11 72 1.79 0
08:41 747.27 16.17 71 1.34 0
08:42 747.27 16.28 71 3.13 0
08:43 747.27 16.28 71 2.24 0
08:44 747.27 16.33 70 .89 0
08:45 747.27 16.33 69 1.79 0
08:46 747.27 16.39 70 1.34 0
08:47 747.27 16.39 70 2.24 0
08:48 747.52 16.44 70 4.02 0
08:49 747.27 16.5 70 2.24 0
08:50 747.52 16.56 69 3.13 0
08:51 747.52 16.56 68 2.24 0
08:52 747.52 16.61 68 4.02 0
08:53 747.52 16.61 68 4.47 0
08:54 747.52 16.61 67 4.02 0
08:55 747.52 16.61 67 4.02 0
08:56 747.52 16.67 68 .45 0
08:57 747.52 16.72 68 1.79 0
08:58 747.52 16.78 69 5.36 0
08:59 747.52 16.83 67 4.02 0
09:00 747.52 16.89 67 4.02 0
09:01 747.52 16.94 67 4.02 0
09:02 747.52 16.94 66 6.71 0
09:03 747.52 16.83 66 5.36 0
09:04 747.52 16.83 66 2.68 0
09:05 747.52 16.83 67 4.47 0
09:06 747.52 16.78 66 4.92 0
09:07 747.52 16.72 66 5.81 0
09:08 747.52 16.72 65 4.47 0
09:09 747.52 16.67 67 5.36 0
09:10 747.52 16.72 66 6.71 0
09:11 747.52 16.67 66 3.58 0
09:12 747.52 16.67 66 4.47 0
09:13 747.52 16.67 67 4.02 0
09:14 747.52 16.67 66 2.24 0
09:15 747.52 16.67 66 2.24 0
09:16 747.52 16.67 66 4.02 0
09:17 747.52 16.67 66 2.24 0
09:18 747.52 16.67 66 2.68 0
09:19 747.52 16.67 67 4.02 0
09:20 747.52 16.72 67 4.92 0
09:21 747.52 16.72 66 4.92 0
09:22 747.52 16.78 66 4.92 0
09:23 747.52 16.78 66 4.02 0
09:24 747.52 16.78 67 4.92 0
09:25 747.52 16.83 67 2.24 0
09:26 747.52 16.94 67 4.02 0
09:27 747.52 16.94 66 4.02 0
09:28 747.52 16.94 66 4.92 0
09:29 747.52 16.94 65 4.02 0
09:30 747.52 16.94 65 4.47 0
09:31 747.52 16.94 65 2.24 0
09:32 747.52 17 66 2.68 0
09:33 747.52 17 64 2.24 0
09:34 747.52 17.06 65 3.58 0
09:35 747.52 17.11 66 2.24 0
09:36 747.52 17.17 66 5.36 0
09:37 747.52 17.17 64 5.36 0
09:38 747.27 17.17 65 4.92 0
09:39 747.27 17.22 64 4.47 0
09:40 747.27 17.22 64 3.58 0
09:41 747.52 17.22 64 3.58 0
09:42 747.27 17.28 65 1.79 0
09:43 747.27 17.28 65 2.24 0
09:44 747.27 17.33 66 3.58 0
09:45 747.52 17.33 66 1.79 0
09:46 747.27 17.44 65 2.68 0
09:47 747.27 17.44 64 4.92 0
09:48 747.27 17.39 63 1.79 0
09:49 747.27 17.39 66 2.68 0
09:50 747.52 17.33 66 4.92 0
09:51 747.52 17.28 65 4.92 0
09:52 747.27 17.17 65 4.92 0
09:53 747.27 17.11 65 4.92 0
09:54 747.27 17.06 66 6.71 0
09:55 747.27 17 65 4.92 0
09:56 747.27 16.94 64 7.15 0
09:57 747.27 17 64 4.47 0
09:58 747.27 17 65 4.02 0
09:59 747.27 17.06 64 4.47 0
10:00 747.27 17 64 4.02 0
10:01 747.27 17 65 4.92 0
10:02 747.27 16.94 63 4.02 0
10:03 747.52 16.94 64 5.81 0
10:04 747.52 16.94 63 3.58 0
10:05 747.27 17 64 .89 0
10:06 747.27 17.06 64 4.47 0
10:07 747.27 17.11 64 6.26 0
10:08 747.27 17.17 64 2.24 0
10:09 747.27 17.28 64 6.26 0
10:10 747.27 17.33 63 3.58 0
10:11 747.27 17.39 63 6.26 0
10:12 747.27 17.44 63 5.36 0
10:13 747.27 17.5 63 4.47 0
10:14 747.27 17.56 63 3.58 0
10:15 747.27 17.56 63 4.92 0
10:16 747.27 17.61 62 4.02 0
10:17 747.27 17.61 62 4.47 0
10:18 747.27 17.61 63 4.02 0
10:19 747.27 17.61 63 6.71 0
10:20 747.27 17.61 62 7.6 0
10:21 747.27 17.61 62 4.02 0
10:22 747.27 17.72 62 3.58 0
10:23 747.27 17.78 63 4.02 0
10:24 747.27 17.83 62 6.71 0
10:25 747.27 17.89 62 2.24 0
10:26 747.27 17.89 62 4.92 0
10:27 747.27 17.89 63 5.36 0
10:28 747.52 17.89 63 6.26 0
10:29 747.27 17.89 62 2.68 0
10:30 747.27 17.89 62 5.36 0
10:31 747.27 18 62 1.79 0
10:32 747.27 18.06 62 4.47 0
10:33 747.27 18.11 62 4.02 0
10:34 747.27 18.17 62 4.47 0
10:35 747.27 18.17 62 3.13 0
10:36 747.27 18.17 62 3.58 0
10:37 747.27 18.17 62 4.02 0
10:38 747.27 18.17 62 4.47 0
10:39 747.27 18.11 61 2.68 0
10:40 747.27 18.11 62 2.24 0
10:41 747.27 18.17 63 5.36 0
10:42 747.27 18.17 62 5.36 0
10:43 747.27 18.22 62 4.92 0
10:44 747.27 18.17 61 3.58 0
10:45 747.27 18.17 62 5.81 0
10:46 747.27 18.06 61 4.02 0
10:47 747.27 17.94 61 4.47 0
10:48 747.27 17.89 62 4.92 0
10:49 747.27 17.83 62 4.47 0
10:50 747.27 17.83 63 5.81 0
10:51 747.27 17.72 63 4.92 0
10:52 747.27 17.72 63 7.15 0
10:53 747.27 17.72 63 3.58 0
10:54 747.27 17.72 63 3.58 0
10:55 747.27 17.83 63 4.02 0
10:56 747.27 17.89 62 5.81 0
10:57 747.27 17.89 62 4.47 0
10:58 747.27 18 62 6.71 0
10:59 747.27 18.06 62 4.47 0
11:00 747.27 18 62 5.81 0
11:01 747.27 17.94 62 7.15 0
11:02 747.27 17.89 62 5.36 0
11:03 747.27 17.78 62 4.02 0
11:04 747.27 17.78 62 4.92 0
11:05 747.27 17.78 62 4.02 0
11:06 747.27 17.72 63 4.92 0
11:07 747.27 17.67 63 4.92 0
11:08 747.27 17.61 63 4.92 0
11:09 747.27 17.61 63 4.92 0
11:10 747.27 17.56 63 4.92 0
11:11 747.27 17.56 63 4.02 0
11:12 747.27 17.67 64 4.92 0
11:13 747.27 17.72 63 4.02 0
11:14 747.27 17.78 63 3.58 0
11:15 747.27 17.89 63 .89 0
11:16 747.27 18 64 1.79 0
11:17 747.27 18.11 63 4.92 0
11:18 747.01 18.11 61 4.47 0
11:19 747.01 18.17 62 4.47 0
11:20 747.01 18.17 61 4.02 0
11:21 747.01 18.11 61 3.58 0
11:22 747.01 18.11 61 6.71 0
11:23 747.01 18.22 62 4.47 0
11:24 747.01 18.33 62 4.47 0
11:25 747.01 18.39 60 6.71 0
11:26 747.01 18.44 59 2.24 0
11:27 747.01 18.5 60 7.6 0
11:28 747.01 18.56 59 5.81 0
11:29 747.01 18.56 58 6.71 0
11:30 747.01 18.44 57 5.36 0
11:31 747.01 18.39 58 4.92 0
11:32 747.01 18.39 59 4.92 0
11:33 747.01 18.39 61 2.24 0
11:34 747.01 18.44 61 1.79 0
11:35 747.01 18.5 62 1.79 0
11:36 747.01 18.56 63 1.79 0
11:37 747.01 18.67 62 3.58 0
11:38 747.01 18.72 61 5.36 0
11:39 747.01 18.67 61 5.36 0
11:40 747.01 18.56 61 4.02 0
11:41 747.01 18.5 61 7.6 0
11:42 747.01 18.39 62 4.02 0
11:43 747.01 18.28 63 6.26 0
11:44 747.01 18.17 62 6.26 0
11:45 747.01 18.06 62 4.47 0
11:46 747.01 18 63 2.24 0
11:47 747.01 17.94 62 4.47 0
11:48 747.01 18 63 4.02 0
11:49 747.01 18.06 63 1.79 0
11:50 747.01 18.17 64 5.81 0
11:51 747.27 18.22 62 5.81 0
11:52 747.01 18.22 61 3.58 0
11:53 747.01 18.33 61 7.6 0
11:54 747.01 18.33 58 4.92 0
11:55 747.01 18.39 58 6.26 0
11:56 747.01 18.44 58 4.92 0
11:57 747.01 18.44 59 2.68 0
11:58 747.01 18.5 59 3.13 0
11:59 747.01 18.56 60 3.58 0
12:00 747.01 18.67 60 4.92 0
12:01 747.01 18.72 60 4.92 0
12:02 747.01 18.78 60 4.02 0
12:03 747.01 18.83 59 4.02 0
12:04 747.01 18.83 60 1.34 0
12:05 747.01 18.94 60 5.81 0
12:06 747.01 19 59 5.81 0
12:07 747.01 18.94 58 4.47 0
12:08 747.01 18.89 59 3.58 0
12:09 747.01 18.83 60 4.47 0
12:10 747.01 18.83 60 5.36 0
12:11 747.01 18.83 60 4.47 0
12:12 747.01 18.83 60 7.15 0
12:13 747.01 18.83 60 4.02 0
12:14 747.01 18.83 61 5.81 0
12:15 747.01 18.78 61 1.79 0
12:16 747.01 18.72 61 4.92 0
12:17 747.01 18.67 61 2.68 0
12:18 747.01 18.67 62 1.79 0
12:19 747.01 18.67 62 1.79 0
12:20 747.01 18.67 62 3.58 0
12:21 747.01 18.67 62 3.58 0
12:22 747.01 18.72 61 4.92 0
12:23 747.01 18.67 61 2.24 0
12:24 747.01 18.72 62 4.92 0
12:25 747.01 18.72 61 8.05 0
12:26 747.01 18.72 58 5.36 0
12:27 747.01 18.78 57 2.68 0
12:28 747.01 18.83 58 3.58 0
12:29 747.01 18.94 59 2.24 0
12:30 747.01 19 58 1.79 0
12:31 747.01 19.11 59 2.68 0
12:32 747.01 19.17 58 .45 0
12:33 747.01 19.22 61 4.92 0
12:34 747.01 19.33 60 5.36 0
12:35 747.01 19.33 59 2.68 0
12:36 747.01 19.28 59 3.58 0
12:37 747.01 19.28 59 4.47 0
12:38 747.01 19.28 60 2.68 0
12:39 747.01 19.22 58 5.36 0
12:40 747.01 19.17 59 4.47 0
12:41 747.01 19.17 59 4.02 0
12:42 747.01 19.17 58 3.58 0
12:43 747.01 19.17 58 .89 0
12:44 747.01 19.22 59 1.34 0
12:45 747.01 19.22 58 2.68 0
12:46 747.01 19.28 57 2.24 0
12:47 747.01 19.33 58 4.02 0
12:48 747.01 19.33 58 1.79 0
12:49 747.01 19.39 58 4.47 0
12:50 747.01 19.33 57 3.58 0
12:51 747.01 19.28 57 .89 0
12:52 747.01 19.28 58 2.24 0
12:53 747.01 19.22 58 4.02 0
12:54 747.01 19.22 59 3.58 0
12:55 747.01 19.17 60 5.36 0
12:56 747.01 19.06 60 3.58 0
12:57 747.01 18.94 60 4.02 0
12:58 747.01 18.83 60 2.24 0
12:59 747.01 18.78 60 2.68 0
13:00 747.01 18.67 61 5.36 0
13:01 747.01 18.61 61 4.92 0
13:02 747.01 18.56 61 2.68 0
13:03 747.01 18.56 63 4.92 0
13:04 747.01 18.56 62 3.58 0
13:05 747.01 18.5 62 4.92 0
13:06 747.01 18.5 62 4.02 0
13:07 747.01 18.5 63 1.79 0
13:08 747.01 18.5 62 5.36 0
13:09 747.01 18.5 63 2.24 0
13:10 747.01 18.56 63 4.92 0
13:11 747.01 18.56 62 3.13 0
13:12 747.01 18.61 63 1.34 0
13:13 747.01 18.67 64 3.58 0
13:14 747.01 18.72 62 4.92 0
13:15 747.01 18.78 61 3.58 0
13:16 747.01 18.78 61 5.36 0
13:17 747.01 18.78 61 4.92 0
13:18 747.01 18.78 60 3.58 0
13:19 747.01 18.78 61 2.68 0
13:20 747.01 18.83 62 1.79 0
13:21 747.01 18.89 60 2.24 0
13:22 747.01 18.89 60 2.68 0
13:23 747.01 18.94 60 4.92 0
13:24 747.01 19 59 4.47 0
13:25 747.01 19.06 58 4.47 0
13:26 747.01 19.11 58 1.79 0
13:27 747.01 19.11 58 4.02 0
13:28 747.01 19.17 57 2.68 0
13:29 747.01 19.17 58 4.47 0
13:30 747.01 19.22 57 4.47 0
13:31 747.01 19.28 56 1.34 0
13:32 747.01 19.39 56 4.92 0
13:33 747.01 19.39 56 4.92 0
13:34 747.01 19.39 57 4.02 0
13:35 747.01 19.39 57 1.79 0
13:36 747.01 19.44 57 3.58 0
13:37 747.01 19.44 57 4.47 0
13:38 746.76 19.44 57 4.02 0
13:39 747.01 19.5 58 3.58 0
13:40 746.76 19.56 56 4.02 0
13:41 746.76 19.61 55 .89 0
13:42 746.76 19.78 57 4.47 0
13:43 747.01 19.89 57 5.36 0
13:44 746.76 19.89 56 4.92 0
13:45 747.01 19.94 57 4.02 0
13:46 746.76 20 57 5.81 0
13:47 746.76 20 55 2.24 0
13:48 746.76 19.94 56 2.68 0
13:49 746.76 19.83 55 4.47 0
13:50 746.76 19.83 56 3.13 0
13:51 746.76 19.78 56 4.02 0
13:52 746.76 19.72 55 1.34 0
13:53 746.76 19.72 56 3.13 0
13:54 746.76 19.78 57 3.58 0
13:55 746.76 19.83 57 .89 0
13:56 746.76 19.89 57 2.68 0
13:57 746.76 19.94 56 3.58 0
13:58 746.76 20 56 2.68 0
13:59 746.76 20.11 57 6.71 0
14:00 746.76 20.11 55 4.02 0
14:01 746.76 20.17 55 4.02 0
14:02 746.76 20.22 56 4.92 0
14:03 746.76 20.22 54 6.71 0
14:04 746.76 20.11 54 4.47 0
14:05 746.76 20.06 55 3.58 0
14:06 746.76 19.94 55 3.13 0
14:07 746.76 19.89 55 3.58 0
14:08 746.76 19.83 55 4.47 0
14:09 746.76 19.83 55 6.26 0
14:10 746.76 19.78 56 4.47 0
14:11 746.76 19.72 55 4.92 0
14:12 746.76 19.72 56 6.26 0
14:13 746.76 19.72 55 4.47 0
14:14 746.76 19.72 55 3.58 0
14:15 746.76 19.72 55 2.24 0
14:16 746.76 19.72 56 1.79 0
14:17 746.76 19.78 54 .89 0
14:18 746.76 19.83 56 1.79 0
14:19 746.76 19.89 56 2.24 0
14:20 746.76 20.06 57 1.79 0
14:21 746.76 20.22 57 .89 0
14:22 746.76 20.33 57 3.58 0
14:23 746.76 20.5 56 5.36 0
14:24 746.51 20.61 53 3.58 0
14:25 746.51 20.72 55 3.58 0
14:26 746.51 20.78 55 5.36 0
14:27 746.76 20.72 52 5.36 0
14:28 746.76 20.61 52 4.92 0
14:29 746.76 20.5 53 5.36 0
14:30 746.51 20.33 53 6.26 0
14:31 746.76 20.28 54 2.68 0
14:32 746.76 20.28 55 5.81 0
14:33 746.76 20.22 54 2.24 0
14:34 746.76 20.22 55 4.92 0
14:35 746.76 20.22 54 2.24 0
14:36 746.51 20.22 56 4.02 0
14:37 746.76 20.28 54 4.47 0
14:38 746.51 20.28 53 3.58 0
14:39 746.76 20.22 53 4.92 0
14:40 746.51 20.17 52 4.92 0
14:41 746.51 20.11 52 5.36 0
14:42 746.51 20.06 53 3.13 0
14:43 746.76 20 53 4.92 0
14:44 746.51 20 53 2.24 0
14:45 746.76 20 54 3.58 0
14:46 746.51 20 54 6.71 0
14:47 746.51 20.06 54 2.24 0
14:48 746.51 20.11 56 4.47 0
14:49 746.51 20.11 55 4.02 0
14:50 746.51 20.11 56 4.47 0
14:51 746.51 20 56 2.68 0
14:52 746.51 19.89 55 2.68 0
14:53 746.51 19.78 56 2.24 0
14:54 746.51 19.72 57 1.79 0
14:55 746.51 19.78 58 3.58 0
14:56 746.51 19.78 57 4.47 0
14:57 746.51 19.83 56 4.92 0
14:58 746.51 19.83 55 3.58 0
14:59 746.51 19.89 56 3.58 0
15:00 746.51 20 56 5.36 0
15:01 746.51 20.06 55 3.58 0
15:02 746.51 20.11 55 4.47 0
15:03 746.51 20.06 55 3.58 0
15:04 746.51 20 55 4.02 0
15:05 746.51 19.94 55 4.02 0
15:06 746.51 19.94 55 4.47 0
15:07 746.51 19.94 54 4.02 0
15:08 746.51 19.89 53 4.47 0
15:09 746.51 19.83 54 3.13 0
15:10 746.51 19.83 54 4.02 0
15:11 746.51 19.83 54 2.68 0
15:12 746.51 19.89 53 3.58 0
15:13 746.51 19.94 52 4.47 0
15:14 746.51 20 52 5.36 0
15:15 746.51 20.11 52 4.92 0
15:16 746.51 20.17 52 2.68 0
15:17 746.51 20.28 51 3.13 0
15:18 746.51 20.28 51 4.92 0
15:19 746.25 20.28 50 5.36 0
15:20 746.51 20.28 49 4.92 0
15:21 746.51 20.17 50 2.24 0
15:22 746.25 20.11 51 5.81 0
15:23 746.51 20.11 48 4.02 0
15:24 746.51 20.11 48 4.92 0
15:25 746.51 20.11 48 2.24 0
15:26 746.25 20.17 49 4.92 0
15:27 746.51 20.17 48 4.92 0
15:28 746.51 20.28 48 4.92 0
15:29 746.25 20.28 48 4.92 0
15:30 746.25 20.33 49 4.47 0
15:31 746.25 20.33 49 1.79 0
15:32 746.51 20.39 49 3.58 0
15:33 746.25 20.5 50 4.02 0
15:34 746.25 20.56 49 2.68 0
15:35 746.25 20.67 49 2.24 0
15:36 746.25 20.67 48 1.34 0
15:37 746.25 20.72 50 4.92 0
15:38 746.25 20.72 48 3.13 0
15:39 746.25 20.83 49 4.47 0
15:40 746.25 20.78 48 3.13 0
15:41 746.25 20.72 48 3.13 0
15:42 746.25 20.72 48 1.34 0
15:43 746.25 20.72 49 3.58 0
15:44 746.25 20.78 48 3.13 0
15:45 746.25 20.78 49 3.13 0
15:46 746.25 20.83 49 2.68 0
15:47 746.25 20.89 48 1.79 0
15:48 746.25 20.89 48 4.92 0
15:49 746.25 20.83 48 5.81 0
15:50 746.25 20.78 47 4.92 0
15:51 746.25 20.72 48 2.68 0
15:52 746.25 20.72 48 4.47 0
15:53 746.25 20.72 48 2.24 0
15:54 746.25 20.78 49 1.79 0
15:55 746.25 20.78 50 3.58 0
15:56 746.25 20.72 49 4.02 0
15:57 746.25 20.67 48 2.24 0
15:58 746.25 20.61 48 1.34 0
15:59 746.51 20.61 49 1.79 0
16:00 746.25 20.61 49 3.58 0
16:01 746.25 20.61 49 1.34 0
16:02 746.25 20.67 50 1.34 0
16:03 746.25 20.67 50 .89 0
16:04 746.25 20.72 50 .45 0
16:05 746.25 20.72 50 3.58 0
16:06 746.25 20.72 50 3.58 0
16:07 746.51 20.72 50 4.92 0
16:08 746.25 20.67 49 3.58 0
16:09 746.51 20.61 50 4.92 0
16:10 746.25 20.56 49 2.24 0
16:11 746.25 20.56 50 3.58 0
16:12 746.51 20.5 50 3.58 0
16:13 746.25 20.44 50 1.34 0
16:14 746.25 20.5 50 2.24 0
16:15 746.51 20.5 50 .45 0
16:16 746.25 20.56 51 4.02 0
16:17 746.25 20.61 50 3.58 0
16:18 746.25 20.67 50 4.92 0
16:19 746.25 20.72 49 5.36 0
16:20 746.25 20.72 49 3.58 0
16:21 746.25 20.72 49 4.47 0
16:22 746.25 20.78 50 3.13 0
16:23 746.25 20.78 49 1.34 0
16:24 746.25 20.83 49 4.47 0
16:25 746.25 20.89 49 1.79 0
16:26 746.25 20.94 50 2.24 0
16:27 746.25 20.94 50 2.68 0
16:28 746.25 20.94 49 4.02 0
16:29 746.25 20.89 49 4.92 0
16:30 746.25 20.89 49 5.36 0
16:31 746.25 20.78 49 4.92 0
16:32 746.25 20.72 49 3.58 0
16:33 746.25 20.67 49 2.68 0
16:34 746.25 20.61 49 4.47 0
16:35 746.25 20.56 49 2.68 0
16:36 746.25 20.56 50 2.24 0
16:37 746.25 20.61 50 3.13 0
16:38 746.25 20.67 51 4.02 0
16:39 746.25 20.72 50 2.68 0
16:40 746.25 20.83 50 1.79 0
16:41 746.25 20.94 50 4.47 0
16:42 746.25 20.94 49 4.47 0
16:43 746.25 20.94 49 5.36 0
16:44 746.25 20.94 48 4.92 0
16:45 746.25 20.89 48 1.79 0
16:46 746.25 20.89 48 4.02 0
16:47 746.25 20.83 49 2.68 0
16:48 746.25 20.78 49 4.47 0
16:49 746.25 20.72 49 4.47 0
16:50 746.25 20.67 49 2.24 0
16:51 746.25 20.67 50 5.36 0
16:52 746.25 20.67 50 5.36 0
16:53 746.25 20.61 49 4.92 0
16:54 746.25 20.61 50 3.58 0
16:55 746.25 20.56 50 3.58 0
16:56 746.51 20.5 50 4.47 0
16:57 746.51 20.44 50 5.36 0
16:58 746.51 20.28 52 9.39 0
16:59 746.51 19.89 55 7.6 0
17:00 746.76 19.39 57 10.28 0
17:01 746.76 18.94 58 8.94 0
17:02 746.76 18.61 60 10.73 0
17:03 746.76 18.28 63 8.05 0
17:04 747.01 17.89 64 10.28 0
17:05 747.01 17.61 65 6.71 0
17:06 747.01 17.39 67 11.18 0
17:07 747.01 17.17 68 8.49 0
17:08 747.01 16.89 69 9.39 0
17:09 747.01 16.72 69 6.71 0
17:10 747.01 16.61 70 7.6 0
17:11 747.01 16.39 71 7.6 0
17:12 747.01 16.17 72 8.94 0
17:13 747.27 16 72 4.47 0
17:14 747.27 15.83 74 4.47 0
17:15 747.27 15.67 74 6.26 0
17:16 747.27 15.5 75 4.47 0
17:17 747.27 15.33 75 2.68 0
17:18 747.52 15.28 76 3.58 0
17:19 747.27 15.11 76 6.26 0
17:20 747.27 15.06 77 5.36 0
17:21 747.52 14.94 77 4.92 0
17:22 747.52 14.83 78 4.02 0
17:23 747.52 14.72 79 3.58 0
17:24 747.52 14.67 79 4.02 0
17:25 747.52 14.61 79 4.47 0
17:26 747.52 14.5 80 4.47 0
17:27 747.52 14.44 80 4.92 0
17:28 747.52 14.39 81 5.81 0
17:29 747.52 14.28 81 4.92 0
17:30 747.52 14.22 82 5.36 0
17:31 747.52 14.17 82 4.92 3.05
17:32 747.52 14.06 82 4.02 3.05
17:33 747.52 14.06 83 4.92 3.05
17:34 747.52 14 83 5.36 3.05
17:35 747.52 13.89 83 3.58 3.81
17:36 747.52 13.89 83 3.58 3.81
17:37 747.52 13.89 84 3.58 3.81
17:38 747.52 13.83 84 2.68 3.81
17:39 747.27 13.78 84 4.02 3.56
17:40 747.27 13.78 84 1.79 2.79
17:41 747.27 13.78 84 1.34 2.79
17:42 747.27 13.78 84 1.34 2.79
17:43 747.27 13.78 85 .45 2.79
17:44 747.27 13.78 85 1.79 2.79
17:45 747.01 13.72 85 .89 2.79
17:46 747.01 13.78 85 .45 3.3
17:47 747.01 13.78 85 .45 3.3
17:48 747.01 13.78 85 0 3.3
17:49 747.01 13.78 85 0 3.3
17:50 747.01 13.83 85 .45 3.05
17:51 747.01 13.83 85 .45 2.54
17:52 746.76 13.78 85 .89 2.29
17:53 746.76 13.83 85 .89 2.03
17:54 747.01 13.83 85 .89 1.78
17:55 746.76 13.83 85 .45 1.52
17:56 747.01 13.89 86 0 1.27
17:57 747.01 13.89 86 0 1.27
17:58 746.76 13.94 86 0 1.27
17:59 746.76 13.94 86 0 1.02
18:00 746.76 13.94 86 0 1.02
18:01 746.76 13.94 86 0 1.02
18:02 746.76 14 86 0 1.02
18:03 746.76 14 86 0 0
18:04 746.76 14.06 86 0 0
18:05 746.76 14.06 86 0 0
18:06 746.76 14.06 86 0 0
18:07 746.76 14.11 86 0 0
18:08 746.76 14.11 86 0 0
18:09 746.76 14.17 86 0 0
18:10 746.76 14.22 86 0 0
18:11 746.76 14.22 87 0 0
18:12 746.76 14.28 87 0 0
18:13 746.76 14.33 87 0 0
18:14 746.76 14.33 86 0 0
18:15 746.76 14.33 86 .45 0
18:16 746.76 14.39 86 .45 0
18:17 746.76 14.33 86 .45 0
18:18 746.76 14.33 85 .45 0
18:19 746.76 14.33 85 .45 0
18:20 746.76 14.33 85 0 0
18:21 747.01 14.39 85 .45 0
18:22 746.76 14.39 85 .45 0
18:23 746.76 14.39 84 0 0
18:24 746.76 14.39 84 0 0
18:25 746.76 14.39 84 .45 0
18:26 746.76 14.39 84 .45 0
18:27 746.76 14.39 84 .45 0
18:28 746.76 14.44 84 .45 0
18:29 746.76 14.44 84 .45 0
18:30 746.76 14.5 84 .89 0
18:31 746.76 14.56 84 .45 0
18:32 746.76 14.56 85 .45 0
18:33 746.76 14.56 85 .89 0
18:34 746.76 14.61 85 1.34 0
18:35 747.01 14.61 85 1.34 0
18:36 747.01 14.61 85 1.34 0
18:37 747.01 14.61 86 1.34 0
18:38 747.01 14.61 86 1.79 0
18:39 747.01 14.61 86 2.24 0
18:40 747.01 14.61 86 2.24 0
18:41 747.01 14.61 87 1.79 0
18:42 747.01 14.61 87 2.68 0
18:43 747.27 14.61 87 2.68 0
18:44 747.27 14.61 87 2.24 0
18:45 747.27 14.61 87 2.24 0
18:46 747.27 14.61 88 2.68 0
18:47 747.27 14.61 88 2.24 0
18:48 747.27 14.61 88 4.92 0
18:49 747.27 14.44 87 4.47 0
18:50 747.27 14.5 86 2.24 0
18:51 747.27 14.56 86 4.47 0
18:52 747.27 14.61 86 2.68 0
18:53 747.27 14.67 85 4.47 0
18:54 747.27 14.67 85 3.58 0
18:55 747.01 14.72 85 3.58 0
18:56 747.01 14.78 85 3.58 0
18:57 747.27 14.78 84 1.34 0
18:58 747.27 14.78 84 2.24 0
18:59 747.27 14.78 84 3.58 0
19:00 747.27 14.72 84 2.68 0
19:01 747.27 14.72 84 2.24 0
19:02 747.27 14.78 84 1.34 0
19:03 747.27 14.72 84 1.34 0
19:04 747.27 14.72 84 1.79 0
19:05 747.01 14.67 85 1.79 0
19:06 747.27 14.67 85 1.34 0
19:07 747.27 14.67 85 2.24 0
19:08 747.27 14.61 85 1.79 0
19:09 747.27 14.61 85 1.34 0
19:10 747.27 14.56 85 .89 0
19:11 747.27 14.56 85 1.34 0
19:12 747.27 14.5 86 1.34 0
19:13 747.27 14.5 86 1.79 0
19:14 747.27 14.44 86 1.79 0
19:15 747.27 14.44 86 .89 0
19:16 747.27 14.39 86 2.24 0
19:17 747.27 14.39 86 1.79 0
19:18 747.27 14.39 86 2.24 0
19:19 747.01 14.33 86 2.68 0
19:20 747.27 14.33 86 2.24 0
19:21 747.27 14.28 86 2.68 0
19:22 747.27 14.28 86 1.79 0
19:23 747.27 14.22 86 4.02 0
19:24 747.27 14.17 86 1.79 0
19:25 747.27 14.17 86 1.34 0
19:26 747.27 14.17 86 1.79 0
19:27 747.27 14.17 86 .45 0
19:28 747.01 14.17 86 1.79 0
19:29 747.01 14.17 85 1.34 0
19:30 747.01 14.22 85 1.34 0
19:31 747.01 14.22 85 .45 0
19:32 747.01 14.22 85 .89 0
19:33 747.01 14.28 85 .89 0
19:34 747.01 14.28 85 .89 0
19:35 747.01 14.33 85 .45 0
19:36 747.01 14.33 85 .89 0
19:37 747.01 14.33 85 .89 0
19:38 747.01 14.33 85 .89 0
19:39 747.01 14.33 85 1.79 0
19:40 747.01 14.33 85 1.34 0
19:41 747.01 14.39 85 1.34 0
19:42 747.01 14.39 85 .89 0
19:43 747.01 14.39 85 1.34 0
19:44 747.01 14.39 85 2.24 0
19:45 747.01 14.44 85 2.68 0
19:46 747.01 14.39 85 .89 0
19:47 747.01 14.39 85 1.34 0
19:48 747.01 14.44 85 .89 0
19:49 747.01 14.44 85 .89 0
19:50 747.01 14.5 85 1.34 0
19:51 747.01 14.44 85 1.34 0
19:52 747.01 14.5 85 .89 0
19:53 747.01 14.5 85 .89 0
19:54 747.01 14.5 85 .89 0
19:55 747.01 14.5 85 .89 0
19:56 747.01 14.5 85 .89 0
19:57 747.01 14.5 85 1.79 0
19:58 747.01 14.44 85 1.34 0
19:59 747.01 14.44 85 .89 0
20:00 747.01 14.44 85 1.34 0
20:01 747.01 14.39 85 .45 0
20:02 747.01 14.39 85 1.34 0
20:03 747.01 14.44 85 .89 0
20:04 747.01 14.39 85 1.34 0
20:05 747.01 14.39 85 1.34 0
20:06 747.01 14.39 85 .89 0
20:07 747.01 14.39 85 1.34 0
20:08 747.01 14.39 85 0 0
20:09 747.01 14.39 85 .45 0
20:10 747.01 14.39 86 .45 0
20:11 747.01 14.39 86 1.34 0
20:12 747.01 14.39 86 0 0
20:13 747.01 14.39 86 1.34 0
20:14 747.01 14.39 85 1.34 0
20:15 747.01 14.33 86 .89 0
20:16 747.01 14.33 85 .89 0
20:17 747.01 14.33 85 .45 0
20:18 747.01 14.28 85 .89 0
20:19 747.01 14.28 85 .89 0
20:20 747.01 14.33 85 1.34 0
20:21 747.01 14.28 86 .89 0
20:22 747.01 14.28 85 .89 0
20:23 747.01 14.22 85 .89 0
20:24 747.01 14.22 85 1.34 0
20:25 747.01 14.17 86 .89 0
20:26 747.01 14.17 86 1.34 0
20:27 747.01 14.11 86 1.34 0
20:28 747.01 14.06 86 .89 0
20:29 747.01 14 86 2.24 0
20:30 747.01 13.94 86 1.34 0
20:31 747.01 13.89 86 1.79 0
20:32 747.01 13.83 86 2.24 0
20:33 747.01 13.78 86 1.34 0
20:34 747.01 13.78 87 1.79 0
20:35 747.01 13.72 87 1.34 0
20:36 747.01 13.61 87 1.79 0
20:37 747.01 13.61 87 2.24 0
20:38 747.01 13.56 87 1.79 0
20:39 747.01 13.5 87 1.79 0
20:40 747.01 13.5 87 1.79 0
20:41 747.01 13.44 87 1.79 0
20:42 747.01 13.44 87 1.79 0
20:43 747.01 13.39 88 1.34 0
20:44 747.01 13.33 88 1.34 0
20:45 747.01 13.33 88 2.24 0
20:46 747.01 13.28 88 1.34 0
20:47 747.01 13.33 88 .89 0
20:48 747.01 13.28 88 1.34 0
20:49 747.01 13.22 88 1.79 0
20:50 747.01 13.22 88 1.79 0
20:51 747.01 13.22 88 1.79 0
20:52 747.01 13.17 88 1.79 0
20:53 747.01 13.17 88 1.79 0
20:54 747.01 13.17 88 1.34 0
20:55 747.01 13.11 88 2.24 0
20:56 747.01 13.06 89 1.34 0
20:57 747.01 13.06 89 2.24 0
20:58 747.01 13.06 89 1.79 0
20:59 747.01 13.06 89 2.24 0
21:00 747.01 13 89 1.79 0
21:01 747.27 13 89 1.79 0
21:02 747.01 13 89 1.79 0
21:03 747.01 12.94 89 3.58 0
21:04 747.27 12.94 89 1.34 0
21:05 747.27 12.94 89 2.24 0
21:06 747.01 12.94 89 1.34 0
21:07 747.01 12.89 89 1.34 0
21:08 747.01 12.89 89 .89 0
21:09 747.01 12.89 89 1.79 0
21:10 747.01 12.89 89 2.24 0
21:11 747.01 12.89 89 1.34 0
21:12 747.01 12.89 89 .89 0
21:13 747.01 12.89 89 1.34 0
21:14 747.01 12.89 89 1.34 0
21:15 747.01 12.89 89 1.34 0
21:16 747.01 12.83 89 .89 0
21:17 747.01 12.83 89 1.79 0
21:18 747.01 12.83 89 2.24 0
21:19 747.01 12.83 89 1.79 0
21:20 747.01 12.83 89 2.24 0
21:21 747.01 12.83 89 1.79 0
21:22 747.27 12.83 89 1.34 0
21:23 747.01 12.78 89 1.34 0
21:24 747.01 12.78 89 1.34 0
21:25 747.01 12.78 89 1.79 0
21:26 747.27 12.78 89 1.34 0
21:27 747.27 12.78 89 1.79 0
21:28 747.27 12.78 89 1.79 0
21:29 747.01 12.72 89 1.34 0
21:30 747.27 12.72 89 1.34 0
21:31 747.27 12.67 89 1.34 0
21:32 747.27 12.67 90 1.34 0
21:33 747.27 12.67 89 .89 0
21:34 747.27 12.67 90 .89 0
21:35 747.27 12.67 90 .89 0
21:36 747.27 12.67 89 1.34 0
21:37 747.27 12.67 90 .89 0
21:38 747.27 12.67 90 .89 0
21:39 747.27 12.67 89 1.34 0
21:40 747.27 12.67 89 .89 0
21:41 747.27 12.67 89 .45 0
21:42 747.27 12.61 90 .45 0
21:43 747.27 12.67 90 .89 0
21:44 747.27 12.67 90 .89 0
21:45 747.27 12.67 90 .89 0
21:46 747.27 12.67 90 .89 0
21:47 747.27 12.67 90 1.34 0
21:48 747.27 12.67 90 1.34 0
21:49 747.27 12.67 90 .89 0
21:50 747.27 12.67 90 .89 0
21:51 747.27 12.67 90 .45 0
21:52 747.27 12.67 90 1.34 0
21:53 747.27 12.67 90 1.34 0
21:54 747.27 12.61 90 1.79 0
21:55 747.27 12.67 90 1.34 0
21:56 747.27 12.67 90 1.34 0
21:57 747.27 12.67 90 .89 0
21:58 747.27 12.67 90 1.34 0
21:59 747.27 12.67 90 .89 0
22:00 747.27 12.67 90 1.34 0
22:01 747.27 12.67 90 .89 0
22:02 747.27 12.67 90 .89 0
22:03 747.27 12.67 90 1.34 0
22:04 747.27 12.67 90 .89 0
22:05 747.27 12.67 90 1.34 0
22:06 747.27 12.67 90 .89 0
22:07 747.27 12.67 90 .89 0
22:08 747.27 12.67 90 .89 0
22:09 747.27 12.67 90 .45 0
22:10 747.52 12.72 90 .89 0
22:11 747.27 12.67 90 .89 0
22:12 747.27 12.67 89 .89 0
22:13 747.27 12.67 89 .89 0
22:14 747.27 12.67 89 .89 0
22:15 747.27 12.67 89 1.34 0
22:16 747.27 12.61 89 1.34 0
22:17 747.27 12.67 89 .89 0
22:18 747.27 12.61 89 .89 0
22:19 747.27 12.61 89 .89 0
22:20 747.27 12.56 89 .89 0
22:21 747.52 12.56 89 1.34 0
22:22 747.52 12.5 89 .89 0
22:23 747.27 12.5 89 .89 0
22:24 747.27 12.5 89 .89 0
22:25 747.27 12.44 89 .89 0
22:26 747.27 12.44 89 .89 0
22:27 747.27 12.44 89 .89 0
22:28 747.27 12.39 89 1.34 0
22:29 747.27 12.39 90 1.34 0
22:30 747.27 12.33 90 .45 0
22:31 747.27 12.33 90 1.34 0
22:32 747.27 12.33 90 .89 0
22:33 747.52 12.33 90 .89 0
22:34 747.52 12.28 90 .89 0
22:35 747.27 12.28 90 .89 0
22:36 747.27 12.28 90 .89 0
22:37 747.52 12.22 90 .89 0
22:38 747.27 12.22 90 .89 0
22:39 747.27 12.22 90 .89 0
22:40 747.27 12.22 90 .89 0
22:41 747.27 12.17 90 1.34 0
22:42 747.52 12.17 90 1.34 0
22:43 747.27 12.17 90 1.34 0
22:44 747.52 12.11 90 1.34 0
22:45 747.52 12.11 90 1.79 0
22:46 747.52 12.06 90 .89 0
22:47 747.52 12.06 90 1.34 0
22:48 747.52 12.06 90 1.34 0
22:49 747.52 12 90 .89 0
22:50 747.27 12 90 .89 0
22:51 747.27 12 90 1.34 0
22:52 747.52 12 90 .89 0
22:53 747.27 11.94 90 .89 0
22:54 747.52 11.94 90 .89 0
22:55 747.27 11.94 90 .89 0
22:56 747.27 11.94 90 .89 0
22:57 747.27 11.89 90 .89 0
22:58 747.27 11.89 90 .89 0
22:59 747.27 11.89 90 .89 0
23:00 747.27 11.83 90 .89 0
23:01 747.27 11.83 90 1.34 0
23:02 747.27 11.83 90 .45 0
23:03 747.27 11.83 90 .45 0
23:04 747.27 11.83 90 .45 0
23:05 747.27 11.78 90 .45 0
23:06 747.27 11.78 90 .45 0
23:07 747.27 11.78 90 .45 0
23:08 747.27 11.72 90 .89 0
23:09 747.27 11.72 90 1.34 0
23:10 747.27 11.72 90 .89 0
23:11 747.27 11.72 90 .89 0
23:12 747.52 11.67 90 .89 0
23:13 747.27 11.67 90 .89 0
23:14 747.52 11.67 90 .45 0
23:15 747.27 11.67 90 .45 0
23:16 747.27 11.61 90 .89 0
23:17 747.27 11.61 90 .89 0
23:18 747.27 11.56 90 0 0
23:19 747.27 11.56 90 .45 0
23:20 747.27 11.56 90 .89 0
23:21 747.27 11.5 90 .45 0
23:22 747.27 11.5 90 .89 0
23:23 747.27 11.44 90 .45 0
23:24 747.27 11.44 90 .89 0
23:25 747.27 11.44 90 .45 0
23:26 747.27 11.44 90 .89 0
23:27 747.52 11.39 90 .45 0
23:28 747.27 11.33 90 0 0
23:29 747.27 11.33 90 .45 0
23:30 747.27 11.28 90 .45 0
23:31 747.27 11.28 90 .45 0
23:32 747.27 11.28 90 .45 0
23:33 747.27 11.28 90 0 0
23:34 747.52 11.22 90 .45 0
23:35 747.27 11.22 90 .45 0
23:36 747.27 11.28 90 .45 0
23:37 747.52 11.22 90 .45 0
23:38 747.27 11.22 90 .45 0
23:39 747.27 11.22 90 .45 0
23:40 747.27 11.17 90 .45 0
23:41 747.27 11.17 90 .45 0
23:42 747.52 11.22 90 .89 0
23:43 747.27 11.17 90 .89 0
23:44 747.52 11.17 90 .89 0
23:45 747.52 11.17 90 .89 0
23:46 747.52 11.11 90 .45 0
23:47 747.27 11.06 90 .89 0
23:48 747.52 11.06 90 1.34 0
23:49 747.52 11 90 .89 0
23:50 747.52 11 90 .45 0
23:51 747.52 10.94 90 0 0
23:52 747.52 10.89 90 .45 0
23:53 747.52 10.89 90 .89 0
23:54 747.52 10.89 90 0 0
23:55 747.52 10.89 90 .45 0
23:56 747.52 10.83 90 .45 0
23:57 747.52 10.83 90 .45 0
23:58 747.52 10.83 90 .45 0
23:59 747.52 10.83 90 .45 0
