00:00 740.92 -.83 87 1.79 0
00:01 740.92 -.89 87 1.34 0
00:02 740.92 -.83 87 1.79 0
00:03 740.92 -.83 87 1.79 0
00:04 740.92 -.78 87 1.34 0
00:05 740.92 -.78 87 1.79 0
00:06 740.92 -.78 87 .45 0
00:07 740.92 -.78 87 .89 0
00:08 740.92 -.72 87 2.68 0
00:09 740.92 -.78 87 2.68 0
00:10 740.92 -.78 86 1.79 0
00:11 740.92 -.78 86 1.34 0
00:12 740.92 -.78 86 1.34 0
00:13 740.92 -.78 86 .45 0
00:14 740.92 -.78 86 .89 0
00:15 740.92 -.78 86 1.34 0
00:16 740.92 -.78 86 .45 0
00:17 740.92 -.78 86 1.79 0
00:18 740.92 -.83 86 1.34 0
00:19 740.92 -.83 86 1.34 0
00:20 740.92 -.83 86 .89 0
00:21 740.92 -.83 86 .89 0
00:22 740.92 -.83 86 1.79 0
00:23 740.92 -.83 86 2.24 0
00:24 740.92 -.83 86 .89 0
00:25 740.92 -.83 86 .89 0
00:26 740.92 -.83 86 .89 0
00:27 740.92 -.89 86 1.34 0
00:28 740.92 -.83 86 2.24 0
00:29 740.92 -.89 86 1.79 0
00:30 740.92 -.89 86 .45 0
00:31 740.92 -.89 86 1.34 0
00:32 740.92 -.89 86 1.34 0
00:33 740.92 -.89 86 .89 0
00:34 740.92 -.89 87 .89 0
00:35 740.92 -.89 87 1.34 0
00:36 740.92 -.89 86 1.34 0
00:37 740.92 -.89 86 1.34 0
00:38 740.92 -.89 86 0 0
00:39 740.92 -.89 86 .45 0
00:40 740.92 -.89 86 .45 0
00:41 740.92 -.89 86 .89 0
00:42 740.92 -.89 87 1.34 0
00:43 740.92 -.89 87 1.79 0
00:44 740.92 -.89 87 .89 0
00:45 740.92 -.89 87 .89 0
00:46 740.92 -.89 87 .89 0
00:47 740.92 -.89 87 2.24 0
00:48 740.92 -.83 87 1.34 0
00:49 740.92 -.83 87 1.79 0
00:50 740.92 -.83 87 .89 0
00:51 740.92 -.83 87 1.34 0
00:52 740.92 -.83 87 .89 0
00:53 740.92 -.83 87 .89 0
00:54 740.92 -.78 87 2.68 0
00:55 740.92 -.78 87 1.79 0
00:56 740.92 -.83 86 1.34 0
00:57 740.92 -.83 86 1.34 0
00:58 740.92 -.83 86 .89 0
00:59 740.92 -.83 86 1.34 0
01:00 740.92 -.83 86 2.68 0
01:01 740.92 -.83 86 1.79 0
01:02 740.92 -.83 86 1.79 0
01:03 740.92 -.83 86 1.79 0
01:04 740.92 -.83 86 .89 0
01:05 740.92 -.83 86 1.34 0
01:06 740.92 -.83 86 .89 0
01:07 740.92 -.83 86 .89 0
01:08 740.92 -.78 86 0 0
01:09 740.92 -.83 86 1.79 0
01:10 740.92 -.83 86 2.24 0
01:11 740.92 -.83 86 1.79 0
01:12 740.92 -.89 86 .89 0
01:13 740.92 -.83 86 1.34 0
01:14 740.92 -.83 86 1.34 0
01:15 740.92 -.83 86 .89 0
01:16 740.92 -.83 86 2.68 0
01:17 740.92 -.89 86 .89 0
01:18 740.92 -.83 86 .89 0
01:19 740.92 -.83 86 1.79 0
01:20 740.92 -.83 86 2.68 0
01:21 740.92 -.83 86 .89 0
01:22 740.92 -.83 86 2.68 0
01:23 740.92 -.83 86 .89 0
01:24 740.92 -.83 86 1.34 0
01:25 740.92 -.89 86 1.34 0
01:26 740.92 -.83 86 0 0
01:27 740.92 -.89 86 1.79 0
01:28 740.92 -.89 86 .89 0
01:29 740.92 -.89 86 2.68 0
01:30 740.92 -.89 86 1.34 0
01:31 740.92 -.89 86 1.34 0
01:32 740.92 -.89 86 .89 0
01:33 740.92 -.83 86 1.79 0
01:34 740.92 -.83 86 .89 0
01:35 740.92 -.83 86 1.79 0
01:36 740.92 -.83 86 3.13 0
01:37 740.92 -.83 86 1.34 0
01:38 740.92 -.83 86 1.34 0
01:39 740.92 -.83 86 1.79 0
01:40 740.92 -.83 86 1.34 0
01:41 740.92 -.83 86 1.79 0
01:42 740.92 -.83 86 1.79 0
01:43 740.92 -.83 86 2.24 0
01:44 740.92 -.83 86 .45 0
01:45 740.92 -.89 86 .45 0
01:46 740.92 -.83 86 .89 0
01:47 740.92 -.89 86 .89 0
01:48 740.92 -.83 86 .45 0
01:49 740.92 -.83 86 1.34 0
01:50 740.92 -.83 86 1.34 0
01:51 740.92 -.83 86 1.34 0
01:52 740.92 -.89 86 1.79 0
01:53 740.92 -.89 86 2.24 0
01:54 740.92 -.89 86 2.68 0
01:55 740.92 -.89 86 1.79 0
01:56 740.92 -.89 86 .89 0
01:57 740.92 -.89 86 .89 0
01:58 740.66 -.83 86 0 0
01:59 740.92 -.89 86 1.34 0
02:00 740.92 -.89 86 2.68 0
02:01 740.92 -.89 86 1.34 0
02:02 740.92 -.89 86 2.68 0
02:03 740.92 -.89 86 3.13 0
02:04 740.92 -.89 86 1.34 0
02:05 740.92 -.89 86 1.79 0
02:06 740.92 -.89 86 1.79 0
02:07 740.92 -.89 86 1.79 0
02:08 740.92 -.89 86 .89 0
02:09 740.92 -.89 86 3.13 0
02:10 740.92 -.89 86 2.24 0
02:11 740.92 -.89 86 3.13 0
02:12 740.92 -.89 86 2.68 0
02:13 740.92 -.89 86 .45 0
02:14 740.92 -.89 86 3.13 0
02:15 740.92 -.89 86 1.79 0
02:16 740.92 -.89 86 1.34 0
02:17 740.92 -.83 86 .89 0
02:18 740.92 -.89 86 1.79 0
02:19 740.92 -.89 86 2.68 0
02:20 740.92 -.89 85 2.68 0
02:21 740.92 -.89 85 .89 0
02:22 740.92 -.89 85 .89 0
02:23 740.92 -.83 85 1.79 0
02:24 740.92 -.89 85 1.34 0
02:25 740.92 -.89 85 .89 0
02:26 740.92 -.89 85 3.13 0
02:27 740.92 -.89 85 2.68 0
02:28 740.92 -.94 85 .45 0
02:29 740.66 -.89 85 1.79 0
02:30 740.92 -.89 85 1.34 0
02:31 740.92 -.89 85 1.79 0
02:32 740.92 -.89 85 1.34 0
02:33 740.92 -.89 85 .89 0
02:34 740.92 -.89 85 .89 0
02:35 740.66 -.89 85 .89 0
02:36 740.92 -.94 85 .45 0
02:37 740.92 -.94 85 .45 0
02:38 740.92 -.94 85 .45 0
02:39 740.66 -.89 85 .89 0
02:40 740.92 -.89 85 1.34 0
02:41 740.92 -.89 85 .89 0
02:42 740.66 -.89 85 2.68 0
02:43 740.92 -.89 85 .89 0
02:44 740.66 -.89 85 .45 0
02:45 740.92 -.89 85 1.79 0
02:46 740.66 -.89 85 .45 0
02:47 740.92 -.89 85 .45 0
02:48 740.66 -.89 85 .89 0
02:49 740.66 -.83 85 1.34 0
02:50 740.66 -.89 85 .89 0
02:51 740.66 -.89 84 1.34 0
02:52 740.66 -.83 85 1.34 0
02:53 740.66 -.89 84 .89 0
02:54 740.66 -.83 84 .89 0
02:55 740.66 -.89 84 1.34 0
02:56 740.66 -.89 84 1.34 0
02:57 740.66 -.89 84 1.34 0
02:58 740.66 -.89 84 0 0
02:59 740.66 -.89 84 1.79 0
03:00 740.66 -.89 84 1.34 0
03:01 740.66 -.89 84 1.34 0
03:02 740.66 -.89 84 .45 0
03:03 740.66 -.89 84 .89 0
03:04 740.66 -.89 84 1.34 0
03:05 740.66 -.89 84 .45 0
03:06 740.66 -.89 84 0 0
03:07 740.66 -.89 84 1.79 0
03:08 740.66 -.89 84 1.79 0
03:09 740.66 -.89 84 .89 0
03:10 740.66 -.89 84 1.34 0
03:11 740.66 -.89 84 1.79 0
03:12 740.66 -.89 84 1.34 0
03:13 740.66 -.89 83 .89 0
03:14 740.66 -.89 83 0 0
03:15 740.66 -.89 83 .45 0
03:16 740.66 -.89 84 0 0
03:17 740.66 -.89 84 1.34 0
03:18 740.66 -.89 84 .89 0
03:19 740.66 -.89 83 .89 0
03:20 740.66 -.89 83 0 0
03:21 740.66 -.89 83 0 0
03:22 740.66 -.89 83 .45 0
03:23 740.66 -.89 83 .45 0
03:24 740.66 -.94 83 1.34 0
03:25 740.66 -.94 83 1.34 0
03:26 740.66 -.94 83 .45 0
03:27 740.66 -.94 83 .89 0
03:28 740.66 -.94 83 0 0
03:29 740.66 -.94 83 .45 0
03:30 740.66 -.94 83 .89 0
03:31 740.66 -.94 84 .45 0
03:32 740.66 -.94 84 .45 0
03:33 740.66 -.89 84 0 0
03:34 740.66 -.89 84 .45 0
03:35 740.41 -.89 84 .45 0
03:36 740.66 -.89 84 .45 0
03:37 740.41 -.83 84 0 0
03:38 740.41 -.83 84 .45 0
03:39 740.66 -.78 84 0 0
03:40 740.41 -.78 84 0 0
03:41 740.41 -.78 84 .89 0
03:42 740.41 -.72 84 .45 0
03:43 740.41 -.72 84 1.34 0
03:44 740.41 -.72 84 0 0
03:45 740.66 -.72 84 .89 0
03:46 740.41 -.72 84 0 0
03:47 740.66 -.72 84 0 0
03:48 740.41 -.67 84 .45 0
03:49 740.41 -.67 84 .45 0
03:50 740.41 -.67 84 0 0
03:51 740.41 -.67 84 0 0
03:52 740.41 -.67 84 0 0
03:53 740.41 -.72 84 0 0
03:54 740.41 -.72 84 .89 0
03:55 740.41 -.72 84 .45 0
03:56 740.41 -.72 84 .45 0
03:57 740.41 -.72 84 .89 0
03:58 740.41 -.72 84 .45 0
03:59 740.41 -.72 84 .45 0
04:00 740.41 -.78 84 1.34 0
04:01 740.41 -.78 83 .89 0
04:02 740.41 -.78 83 3.13 0
04:03 740.41 -.78 84 1.34 0
04:04 740.41 -.78 84 .45 0
04:05 740.41 -.78 83 .89 0
04:06 740.41 -.78 84 .89 0
04:07 740.41 -.72 84 1.34 0
04:08 740.41 -.72 83 .89 0
04:09 740.41 -.72 83 .45 0
04:10 740.41 -.72 83 0 0
04:11 740.41 -.72 83 .45 0
04:12 740.41 -.72 83 .45 0
04:13 740.41 -.72 83 1.34 0
04:14 740.41 -.78 83 1.34 0
04:15 740.41 -.72 83 1.34 0
04:16 740.16 -.72 83 1.34 0
04:17 740.16 -.78 83 .45 0
04:18 740.16 -.78 83 1.34 0
04:19 740.41 -.78 83 1.79 0
04:20 740.16 -.78 83 .89 0
04:21 740.16 -.78 83 1.34 0
04:22 740.16 -.72 83 .89 0
04:23 740.16 -.78 83 1.34 0
04:24 740.16 -.78 83 0 0
04:25 740.16 -.78 83 1.79 0
04:26 740.16 -.78 83 .89 0
04:27 740.16 -.78 83 1.34 0
04:28 740.16 -.83 83 1.79 0
04:29 740.16 -.78 83 2.24 0
04:30 740.16 -.78 83 .89 0
04:31 740.16 -.78 83 1.79 0
04:32 740.16 -.78 83 2.68 0
04:33 740.16 -.78 83 1.34 0
04:34 740.16 -.78 82 1.34 0
04:35 740.16 -.78 82 1.34 0
04:36 740.16 -.78 82 1.34 0
04:37 740.16 -.78 82 2.68 0
04:38 740.16 -.78 82 2.24 0
04:39 740.16 -.78 82 1.79 0
04:40 740.16 -.78 82 2.68 0
04:41 740.16 -.78 82 1.34 0
04:42 740.16 -.78 82 1.34 0
04:43 740.16 -.72 82 .89 0
04:44 740.16 -.78 82 2.24 0
04:45 740.16 -.72 82 2.24 0
04:46 740.16 -.72 82 2.68 0
04:47 740.16 -.72 81 3.58 0
04:48 740.16 -.78 81 1.34 0
04:49 740.16 -.78 81 2.68 0
04:50 740.16 -.78 81 3.13 0
04:51 740.16 -.78 81 2.68 0
04:52 740.16 -.78 81 1.34 0
04:53 740.16 -.83 81 4.47 0
04:54 740.16 -.78 81 2.24 0
04:55 740.16 -.83 81 2.24 0
04:56 740.16 -.83 81 3.58 0
04:57 740.16 -.83 81 1.34 0
04:58 740.16 -.83 81 2.24 0
04:59 740.16 -.83 81 2.24 0
05:00 740.16 -.83 81 1.79 0
05:01 740.16 -.78 81 1.79 0
05:02 740.16 -.78 81 2.24 0
05:03 740.16 -.83 81 1.79 0
05:04 740.16 -.78 81 1.79 0
05:05 740.16 -.83 80 1.34 0
05:06 740.16 -.78 81 3.13 0
05:07 740.16 -.78 81 1.79 0
05:08 740.16 -.78 80 2.24 0
05:09 740.16 -.78 80 2.68 0
05:10 740.16 -.83 80 1.79 0
05:11 740.16 -.78 80 4.02 0
05:12 740.16 -.78 80 3.13 0
05:13 740.16 -.78 80 2.68 0
05:14 740.16 -.83 80 2.24 0
05:15 740.16 -.83 80 3.58 0
05:16 740.16 -.83 80 3.58 0
05:17 740.16 -.83 80 3.13 0
05:18 739.9 -.83 80 4.47 0
05:19 740.16 -.83 80 3.13 0
05:20 739.9 -.83 80 2.68 0
05:21 739.9 -.83 80 1.79 0
05:22 740.16 -.83 80 4.02 0
05:23 740.16 -.83 80 2.68 0
05:24 740.16 -.83 80 4.92 0
05:25 740.16 -.83 80 4.47 0
05:26 740.16 -.83 79 2.68 0
05:27 739.9 -.83 79 2.24 0
05:28 740.16 -.83 79 2.68 0
05:29 739.9 -.83 79 3.58 0
05:30 739.9 -.78 79 5.36 0
05:31 739.9 -.83 79 2.68 0
05:32 739.9 -.83 79 4.02 0
05:33 740.16 -.78 79 3.13 0
05:34 739.9 -.78 79 2.68 0
05:35 739.9 -.78 79 .89 0
05:36 739.9 -.78 79 1.79 0
05:37 739.9 -.78 79 2.68 0
05:38 739.9 -.78 79 2.24 0
05:39 739.9 -.72 79 2.24 0
05:40 739.9 -.78 79 4.47 0
05:41 739.9 -.78 79 4.02 0
05:42 739.9 -.78 78 1.79 0
05:43 739.9 -.78 78 1.34 0
05:44 739.9 -.78 79 1.34 0
05:45 739.9 -.78 79 1.34 0
05:46 739.9 -.78 79 3.58 0
05:47 739.9 -.78 79 1.34 0
05:48 739.9 -.78 79 1.79 0
05:49 739.9 -.78 79 2.68 0
05:50 739.9 -.78 79 .89 0
05:51 739.9 -.72 79 2.24 0
05:52 739.9 -.78 79 3.13 0
05:53 739.9 -.72 79 1.79 0
05:54 739.9 -.78 79 1.34 0
05:55 739.9 -.78 79 2.68 0
05:56 739.9 -.83 79 2.68 0
05:57 739.9 -.83 79 1.34 0
05:58 739.9 -.83 79 1.34 0
05:59 739.9 -.83 79 1.79 0
06:00 739.65 -.89 79 1.79 0
06:01 739.65 -.89 79 .89 0
06:02 739.65 -.89 79 1.34 0
06:03 739.65 -.89 79 .89 0
06:04 739.65 -.89 79 .89 0
06:05 739.9 -.89 79 .89 0
06:06 739.65 -.89 79 2.68 0
06:07 739.65 -.89 79 .45 0
06:08 739.65 -.89 79 .45 0
06:09 739.65 -.89 79 .45 0
06:10 739.65 -.83 79 0 0
06:11 739.65 -.83 79 .89 0
06:12 739.65 -.83 79 0 0
06:13 739.65 -.78 79 .45 0
06:14 739.65 -.83 79 1.34 0
06:15 739.65 -.78 79 1.34 0
06:16 739.65 -.78 79 .89 0
06:17 739.65 -.78 79 .89 0
06:18 739.65 -.78 79 0 0
06:19 739.65 -.78 79 .89 0
06:20 739.65 -.78 78 .89 0
06:21 739.65 -.78 78 .89 0
06:22 739.65 -.78 78 .89 0
06:23 739.65 -.83 79 1.79 0
06:24 739.65 -.78 79 1.34 0
06:25 739.65 -.78 79 1.79 0
06:26 739.65 -.83 79 2.24 0
06:27 739.65 -.83 79 1.34 0
06:28 739.65 -.83 78 2.68 0
06:29 739.65 -.83 79 2.68 0
06:30 739.65 -.83 78 2.24 0
06:31 739.65 -.83 78 3.13 0
06:32 739.65 -.83 79 .45 0
06:33 739.65 -.83 79 1.34 0
06:34 739.65 -.83 79 2.24 0
06:35 739.65 -.83 79 2.68 0
06:36 739.65 -.83 79 1.79 0
06:37 739.65 -.83 79 1.79 0
06:38 739.65 -.83 79 0 0
06:39 739.65 -.83 79 1.34 0
06:40 739.65 -.83 79 1.79 0
06:41 739.65 -.83 79 1.34 0
06:42 739.65 -.83 79 1.79 0
06:43 739.65 -.83 79 1.34 0
06:44 739.65 -.83 79 .89 0
06:45 739.65 -.83 79 1.79 0
06:46 739.65 -.89 79 3.13 0
06:47 739.65 -.83 79 .89 0
06:48 739.65 -.89 79 1.34 0
06:49 739.65 -.89 79 .89 0
06:50 739.65 -.89 79 2.24 0
06:51 739.65 -.83 79 1.34 0
06:52 739.65 -.83 79 .89 0
06:53 739.65 -.83 79 2.24 0
06:54 739.65 -.83 79 .45 0
06:55 739.65 -.83 79 2.24 0
06:56 739.39 -.83 79 1.79 0
06:57 739.39 -.83 79 0 0
06:58 739.39 -.83 79 1.34 0
06:59 739.39 -.83 79 2.68 0
07:00 739.39 -.83 79 1.34 0
07:01 739.39 -.83 79 1.34 0
07:02 739.39 -.83 79 2.68 0
07:03 739.39 -.83 79 2.24 0
07:04 739.39 -.83 79 1.79 0
07:05 739.39 -.83 79 2.24 0
07:06 739.39 -.83 79 2.68 0
07:07 739.39 -.83 79 1.79 0
07:08 739.39 -.83 79 2.68 0
07:09 739.39 -.83 79 1.79 0
07:10 739.39 -.83 80 3.58 0
07:11 739.39 -.83 80 1.79 0
07:12 739.39 -.83 80 2.68 0
07:13 739.39 -.83 80 1.34 0
07:14 739.39 -.83 80 2.24 0
07:15 739.39 -.83 80 .89 0
07:16 739.39 -.83 80 2.68 0
07:17 739.39 -.83 80 2.24 0
07:18 739.39 -.83 80 .89 0
07:19 739.39 -.83 80 .89 0
07:20 739.39 -.83 80 1.79 0
07:21 739.39 -.83 80 1.34 0
07:22 739.39 -.83 80 .89 0
07:23 739.39 -.83 80 1.79 0
07:24 739.39 -.83 80 2.24 0
07:25 739.39 -.89 80 3.13 0
07:26 739.39 -.83 80 .89 0
07:27 739.39 -.83 80 .89 0
07:28 739.39 -.83 80 1.79 0
07:29 739.39 -.89 80 1.79 0
07:30 739.39 -.83 80 2.68 0
07:31 739.39 -.89 80 2.68 0
07:32 739.39 -.89 80 .89 0
07:33 739.39 -.83 80 3.13 0
07:34 739.39 -.89 80 2.24 0
07:35 739.39 -.83 80 1.34 0
07:36 739.39 -.89 80 .45 0
07:37 739.39 -.89 80 2.68 0
07:38 739.39 -.89 80 2.68 0
07:39 739.39 -.89 80 1.79 0
07:40 739.39 -.89 80 1.79 0
07:41 739.14 -.89 80 3.58 0
07:42 739.14 -.89 80 2.24 0
07:43 739.14 -.89 80 1.34 0
07:44 739.14 -.89 80 3.13 0
07:45 739.14 -.89 81 2.68 0
07:46 739.14 -.89 81 4.47 0
07:47 739.14 -.89 81 2.24 0
07:48 739.14 -.89 81 3.58 0
07:49 739.14 -.89 81 2.68 0
07:50 739.14 -.89 81 2.24 0
07:51 739.14 -.89 81 4.47 0
07:52 739.14 -.89 81 1.34 0
07:53 739.14 -.89 80 2.68 0
07:54 739.14 -.89 81 2.24 0
07:55 739.14 -.89 81 2.24 0
07:56 739.14 -.89 81 3.13 0
07:57 739.14 -.89 81 2.24 0
07:58 739.14 -.89 81 2.68 0
07:59 739.14 -.94 81 3.58 0
08:00 739.14 -.94 81 2.24 0
08:01 739.14 -.94 81 .45 0
08:02 739.14 -.94 81 2.24 0
08:03 739.14 -.94 81 2.24 0
08:04 739.14 -.94 81 3.13 0
08:05 739.14 -.94 81 4.92 0
08:06 738.89 -.94 81 4.02 0
08:07 739.14 -.94 81 3.58 0
08:08 738.89 -1 81 3.13 0
08:09 738.89 -1 81 2.24 0
08:10 738.89 -1 81 3.58 0
08:11 739.14 -1 81 2.24 0
08:12 739.14 -1 81 2.68 0
08:13 738.89 -1 81 2.68 0
08:14 738.89 -1 81 2.24 0
08:15 738.89 -1 81 2.24 0
08:16 738.89 -1 81 3.13 0
08:17 739.14 -1 81 3.13 0
08:18 738.89 -1 81 2.68 0
08:19 738.89 -1.06 81 3.58 0
08:20 738.89 -1 81 1.34 0
08:21 738.89 -1 81 4.92 0
08:22 738.89 -1.06 82 1.34 0
08:23 738.89 -1.06 81 2.24 0
08:24 738.89 -1 81 2.68 0
08:25 738.89 -1.06 81 1.79 0
08:26 738.89 -1.06 81 3.13 0
08:27 738.89 -1.06 81 0 0
08:28 738.89 -1.06 82 4.02 0
08:29 738.89 -1.06 82 2.24 0
08:30 738.89 -1.06 82 2.68 0
08:31 738.89 -1.06 82 .89 0
08:32 738.89 -1.06 82 2.68 0
08:33 738.89 -1.06 82 3.13 0
08:34 738.89 -1.11 82 3.13 0
08:35 738.89 -1.06 82 1.79 0
08:36 738.89 -1.06 82 2.24 0
08:37 738.89 -1.06 82 3.58 0
08:38 738.89 -1.11 82 2.24 0
08:39 738.89 -1.11 82 3.13 0
08:40 738.89 -1.11 82 1.34 0
08:41 738.89 -1.06 82 3.13 0
08:42 738.89 -1.11 82 3.13 0
08:43 739.14 -1.06 82 2.68 0
08:44 738.89 -1.11 82 3.13 0
08:45 738.89 -1.11 82 3.58 0
08:46 738.89 -1.11 82 1.79 0
08:47 738.89 -1.11 82 1.34 0
08:48 738.89 -1.11 82 .45 0
08:49 738.89 -1.11 83 2.68 0
08:50 738.89 -1.11 82 1.79 0
08:51 738.89 -1.11 82 2.68 0
08:52 738.89 -1.11 82 .89 0
08:53 738.89 -1.11 83 3.58 0
08:54 738.89 -1.11 83 2.68 0
08:55 738.89 -1.06 83 4.02 0
08:56 738.89 -1.06 82 3.13 0
08:57 738.89 -1.06 82 1.79 0
08:58 738.89 -1.06 82 2.24 0
08:59 738.89 -1.06 82 2.24 0
09:00 738.89 -1.06 83 2.68 0
09:01 738.89 -1.06 83 1.79 0
09:02 738.89 -1.11 83 3.13 0
09:03 738.89 -1.06 83 3.13 0
09:04 738.89 -1.06 83 2.24 0
09:05 738.89 -1.06 83 2.24 0
09:06 738.89 -1.06 83 1.34 0
09:07 738.89 -1.06 83 .45 0
09:08 738.89 -1.06 83 3.13 0
09:09 738.89 -1 83 3.13 0
09:10 738.89 -1 83 2.24 0
09:11 738.89 -1.06 83 1.34 0
09:12 738.89 -1 83 3.58 0
09:13 738.89 -1 83 3.13 0
09:14 738.89 -1 83 3.58 0
09:15 738.89 -1 83 1.79 0
09:16 738.89 -.94 83 1.79 0
09:17 738.89 -1 83 2.24 0
09:18 738.89 -.94 83 2.68 0
09:19 738.89 -.94 83 2.24 0
09:20 738.89 -.94 83 2.24 0
09:21 738.89 -.89 83 3.13 0
09:22 738.89 -.89 83 2.24 0
09:23 738.89 -.89 83 2.68 0
09:24 738.89 -.89 83 2.68 0
09:25 738.89 -.89 83 3.13 0
09:26 738.89 -.83 83 1.79 0
09:27 738.89 -.83 83 3.13 0
09:28 738.89 -.89 83 3.13 0
09:29 738.89 -.83 83 1.79 0
09:30 738.89 -.78 83 1.79 0
09:31 738.89 -.78 83 .45 0
09:32 738.89 -.78 83 3.58 0
09:33 738.89 -.78 83 1.79 0
09:34 738.89 -.78 83 3.58 0
09:35 738.89 -.72 83 3.58 0
09:36 738.89 -.72 82 .89 0
09:37 738.89 -.72 82 2.68 0
09:38 738.89 -.72 82 3.58 0
09:39 738.89 -.72 82 1.79 0
09:40 738.89 -.72 82 .89 0
09:41 738.89 -.72 82 3.13 0
09:42 738.89 -.67 82 1.79 0
09:43 738.89 -.67 82 1.79 0
09:44 738.89 -.67 83 3.13 0
09:45 738.89 -.67 83 1.79 0
09:46 738.89 -.67 83 1.34 0
09:47 738.89 -.67 83 3.13 0
09:48 738.89 -.67 83 .45 0
09:49 738.89 -.61 83 1.79 0
09:50 738.89 -.61 83 2.24 0
09:51 738.89 -.61 83 2.24 0
09:52 738.89 -.61 83 2.68 0
09:53 738.89 -.56 83 .89 0
09:54 738.89 -.61 83 2.68 0
09:55 738.89 -.56 83 2.68 0
09:56 738.89 -.56 83 2.68 0
09:57 738.89 -.56 83 1.79 0
09:58 738.89 -.56 83 1.79 0
09:59 738.89 -.5 83 1.34 0
10:00 738.89 -.5 83 .89 0
10:01 738.63 -.44 83 .89 0
10:02 738.63 -.44 83 0 0
10:03 738.63 -.44 82 2.24 0
10:04 738.63 -.44 82 .89 0
10:05 738.89 -.44 82 0 0
10:06 738.63 -.44 82 3.13 0
10:07 738.63 -.39 83 2.24 0
10:08 738.63 -.39 83 3.13 0
10:09 738.63 -.39 82 1.79 0
10:10 738.63 -.39 82 1.34 0
10:11 738.63 -.39 82 3.13 0
10:12 738.63 -.39 82 1.34 0
10:13 738.63 -.39 82 2.68 0
10:14 738.63 -.39 82 2.68 0
10:15 738.63 -.39 82 2.68 0
10:16 738.63 -.39 82 4.02 0
10:17 738.38 -.39 82 3.58 0
10:18 738.63 -.39 82 4.02 0
10:19 738.38 -.39 82 2.68 0
10:20 738.63 -.39 82 3.13 0
10:21 738.38 -.39 82 2.24 0
10:22 738.63 -.39 82 1.34 0
10:23 738.63 -.33 82 0 0
10:24 738.63 -.39 82 .89 0
10:25 738.63 -.39 82 .89 0
10:26 738.38 -.39 82 2.68 0
10:27 738.38 -.33 82 1.34 0
10:28 738.38 -.33 82 3.58 0
10:29 738.38 -.33 82 0 0
10:30 738.38 -.33 82 .89 0
10:31 738.38 -.33 82 .45 0
10:32 738.38 -.33 82 2.24 0
10:33 738.63 -.33 82 1.34 0
10:34 738.38 -.33 82 2.24 0
10:35 738.38 -.33 82 1.34 0
10:36 738.38 -.28 82 1.79 0
10:37 738.38 -.33 82 1.79 0
10:38 738.38 -.33 82 1.79 0
10:39 738.38 -.28 82 1.79 0
10:40 738.38 -.28 82 3.58 0
10:41 738.38 -.28 82 1.34 0
10:42 738.38 -.28 82 3.13 0
10:43 738.38 -.28 82 2.24 0
10:44 738.38 -.28 82 1.79 0
10:45 738.38 -.28 82 3.13 0
10:46 738.38 -.28 82 1.34 0
10:47 738.38 -.28 82 .89 0
10:48 738.38 -.28 82 1.34 0
10:49 738.38 -.22 83 3.13 0
10:50 738.38 -.28 83 3.13 0
10:51 738.38 -.28 83 2.68 0
10:52 738.38 -.22 83 4.47 0
10:53 738.38 -.28 83 2.24 0
10:54 738.38 -.28 83 3.58 0
10:55 738.38 -.22 82 2.24 0
10:56 738.38 -.28 83 1.79 0
10:57 738.12 -.28 83 1.34 0
10:58 738.12 -.22 83 4.47 0
10:59 738.12 -.22 83 3.58 0
11:00 738.12 -.22 83 3.13 0
11:01 738.12 -.22 83 3.13 0
11:02 738.12 -.22 83 1.34 0
11:03 738.12 -.22 83 .45 0
11:04 738.12 -.17 83 4.92 0
11:05 738.12 -.22 83 2.68 0
11:06 738.12 -.22 83 2.24 0
11:07 738.12 -.22 83 2.24 0
11:08 738.12 -.17 83 2.68 0
11:09 738.12 -.17 83 2.24 0
11:10 738.12 -.17 83 3.13 0
11:11 738.12 -.17 83 2.24 0
11:12 738.12 -.17 83 2.68 0
11:13 738.12 -.17 83 2.24 0
11:14 738.12 -.11 83 2.68 0
11:15 738.12 -.17 83 2.68 0
11:16 738.12 -.17 83 2.24 0
11:17 738.12 -.17 83 3.13 0
11:18 738.12 -.17 83 2.68 0
11:19 738.12 -.17 83 .89 0
11:20 738.12 -.22 83 1.79 0
11:21 738.12 -.22 83 .89 0
11:22 738.12 -.22 83 1.79 0
11:23 738.38 -.22 83 4.02 0
11:24 738.12 -.17 84 2.24 0
11:25 738.12 -.17 84 1.34 0
11:26 738.12 -.17 84 3.13 0
11:27 738.38 -.17 84 3.13 0
11:28 738.12 -.17 84 4.02 0
11:29 738.12 -.17 84 2.24 0
11:30 738.12 -.17 84 2.68 0
11:31 738.38 -.17 84 3.58 0
11:32 738.38 -.17 84 1.79 0
11:33 738.38 -.17 84 2.24 0
11:34 738.38 -.22 84 1.79 0
11:35 738.12 -.17 84 0 0
11:36 738.12 -.17 84 .89 0
11:37 738.38 -.17 84 1.34 0
11:38 738.38 -.17 84 2.24 0
11:39 738.38 -.17 84 1.34 0
11:40 738.38 -.17 84 2.24 0
11:41 738.12 -.22 84 2.24 0
11:42 738.12 -.22 84 3.13 0
11:43 738.12 -.22 85 2.68 0
11:44 738.12 -.22 85 4.02 0
11:45 738.12 -.28 85 2.68 0
11:46 738.12 -.33 85 1.79 0
11:47 738.12 -.28 85 2.68 0
11:48 738.12 -.33 85 3.13 0
11:49 738.12 -.33 85 3.13 0
11:50 738.12 -.33 85 3.13 0
11:51 738.12 -.39 85 1.79 0
11:52 738.12 -.39 86 3.13 0
11:53 738.12 -.39 86 4.02 0
11:54 738.12 -.44 86 3.13 0
11:55 738.12 -.44 86 2.24 0
11:56 738.38 -.44 86 2.24 0
11:57 738.12 -.44 87 3.58 0
11:58 738.12 -.5 86 3.13 0
11:59 738.12 -.5 87 .89 0
12:00 738.12 -.5 87 .89 0
12:01 738.12 -.5 87 2.24 0
12:02 738.12 -.44 87 2.24 0
12:03 738.12 -.44 87 1.79 0
12:04 738.12 -.44 87 1.79 0
12:05 738.12 -.44 87 1.34 0
12:06 738.12 -.44 87 .89 0
12:07 738.12 -.44 87 4.47 0
12:08 738.12 -.5 87 3.58 0
12:09 738.12 -.5 87 1.79 0
12:10 738.12 -.5 87 1.79 0
12:11 738.12 -.44 88 .89 0
12:12 738.12 -.44 88 1.34 0
12:13 738.12 -.44 88 .89 0
12:14 738.12 -.44 88 0 0
12:15 738.12 -.44 88 .45 0
12:16 738.12 -.39 88 1.79 0
12:17 738.12 -.39 88 1.34 0
12:18 738.12 -.44 88 .89 0
12:19 738.12 -.44 88 1.79 0
12:20 738.12 -.44 88 2.24 0
12:21 738.12 -.44 88 0 0
12:22 738.12 -.44 88 1.79 0
12:23 738.12 -.44 88 1.79 0
12:24 738.12 -.44 88 0 0
12:25 738.12 -.39 88 3.13 0
12:26 738.12 -.44 88 1.34 0
12:27 738.12 -.39 89 1.79 0
12:28 738.12 -.39 89 2.24 0
12:29 738.12 -.39 88 .89 0
12:30 738.12 -.39 88 1.34 0
12:31 738.12 -.39 88 0 0
12:32 738.12 -.39 89 1.79 0
12:33 738.12 -.39 89 2.24 0
12:34 738.12 -.44 89 2.24 0
12:35 738.12 -.44 89 2.68 0
12:36 738.12 -.44 89 1.79 0
12:37 738.12 -.44 89 1.79 0
12:38 738.12 -.44 89 1.34 0
12:39 738.12 -.44 89 1.79 0
12:40 738.12 -.44 89 1.79 0
12:41 738.12 -.44 89 2.68 0
12:42 738.12 -.44 89 1.34 0
12:43 738.12 -.44 89 1.79 0
12:44 738.12 -.5 89 2.68 0
12:45 738.12 -.5 89 1.79 0
12:46 738.12 -.5 89 1.79 0
12:47 738.12 -.5 89 1.79 0
12:48 738.12 -.5 89 2.24 0
12:49 738.12 -.5 89 .45 0
12:50 738.12 -.44 89 1.34 0
12:51 738.12 -.44 89 1.34 0
12:52 737.87 -.44 89 2.68 0
12:53 737.87 -.39 89 1.34 0
12:54 737.87 -.39 89 1.34 0
12:55 737.87 -.44 89 .89 0
12:56 737.87 -.44 89 .89 0
12:57 737.87 -.39 89 2.24 0
12:58 737.87 -.39 90 .89 0
12:59 737.87 -.33 90 1.34 0
13:00 737.87 -.33 90 1.79 0
13:01 737.87 -.33 90 1.34 0
13:02 737.87 -.33 90 1.34 0
13:03 737.87 -.33 90 .45 0
13:04 737.87 -.28 90 1.34 0
13:05 737.87 -.28 90 3.13 0
13:06 737.87 -.33 90 1.79 0
13:07 737.87 -.33 90 1.34 0
13:08 737.87 -.33 90 1.34 0
13:09 737.87 -.33 90 .45 0
13:10 737.87 -.33 90 2.24 0
13:11 737.87 -.33 90 1.34 0
13:12 737.87 -.28 90 2.68 0
13:13 737.87 -.28 90 1.79 0
13:14 737.87 -.28 90 1.34 0
13:15 737.87 -.28 90 1.79 0
13:16 737.87 -.28 90 1.34 0
13:17 737.87 -.28 90 2.24 0
13:18 737.87 -.33 90 1.79 0
13:19 737.87 -.28 90 .45 0
13:20 737.87 -.28 90 .89 0
13:21 737.87 -.28 90 .89 0
13:22 737.87 -.28 90 0 0
13:23 737.87 -.28 90 1.34 0
13:24 737.87 -.28 90 1.79 0
13:25 737.87 -.22 90 1.79 0
13:26 737.87 -.22 90 2.24 0
13:27 737.87 -.22 90 1.34 0
13:28 737.87 -.22 90 1.79 0
13:29 737.87 -.22 90 2.68 0
13:30 737.87 -.22 90 1.79 0
13:31 737.87 -.17 90 4.02 0
13:32 737.87 -.17 90 2.24 0
13:33 737.87 -.22 90 3.13 0
13:34 737.87 -.17 90 2.68 0
13:35 737.87 -.17 91 2.24 0
13:36 737.87 -.17 90 1.79 0
13:37 738.12 -.11 91 2.68 0
13:38 738.12 -.17 91 2.24 0
13:39 737.87 -.11 91 2.24 0
13:40 737.87 -.11 91 1.34 0
13:41 737.87 -.11 90 1.79 0
13:42 737.87 -.11 91 1.79 0
13:43 737.87 -.06 90 1.79 0
13:44 737.87 -.06 90 1.34 0
13:45 738.12 -.06 91 4.47 0
13:46 738.12 -.06 90 2.24 0
13:47 738.12 -.06 90 1.79 0
13:48 738.12 -.06 90 1.34 0
13:49 738.12 -.06 91 1.34 0
13:50 738.12 -.06 90 1.79 0
13:51 737.87 -.06 90 .89 0
13:52 738.12 -.06 90 .45 0
13:53 738.12 -.06 90 .45 0
13:54 737.87 -.06 90 2.68 0
13:55 738.12 -.06 91 1.79 0
13:56 738.12 -.06 91 1.79 0
13:57 737.87 0 91 2.24 0
13:58 737.87 0 91 3.58 0
13:59 738.12 .06 91 2.68 0
14:00 738.12 .06 91 2.24 0
14:01 738.12 .11 91 1.34 0
14:02 738.12 .06 91 3.13 0
14:03 738.12 .11 91 .89 0
14:04 738.12 .11 91 2.68 0
14:05 738.12 .17 91 2.68 0
14:06 738.12 .11 91 1.34 0
14:07 738.12 .17 91 1.34 0
14:08 738.12 .17 91 2.68 0
14:09 738.12 .17 90 1.34 0
14:10 738.12 .17 91 .89 0
14:11 738.12 .22 91 .89 0
14:12 738.12 .22 91 .45 0
14:13 738.12 .22 91 .89 0
14:14 738.12 .22 91 1.34 0
14:15 738.12 .28 91 1.34 0
14:16 738.12 .28 91 1.34 0
14:17 738.12 .28 90 1.79 0
14:18 738.12 .28 91 1.79 0
14:19 738.12 .28 90 1.79 0
14:20 738.12 .28 90 2.68 0
14:21 738.12 .33 91 3.13 0
14:22 738.12 .33 91 1.34 0
14:23 738.12 .33 91 1.79 0
14:24 738.12 .33 91 .45 0
14:25 738.12 .33 91 .89 0
14:26 738.12 .39 91 1.34 0
14:27 738.12 .39 91 3.58 0
14:28 738.12 .39 91 2.68 0
14:29 738.12 .39 91 2.68 0
14:30 738.12 .39 91 1.34 0
14:31 738.12 .44 90 1.34 0
14:32 738.12 .44 90 1.79 0
14:33 738.12 .44 90 2.24 0
14:34 738.12 .44 90 3.13 0
14:35 738.12 .44 90 2.68 0
14:36 738.12 .44 90 1.34 0
14:37 738.12 .44 90 1.34 0
14:38 738.12 .44 90 1.34 0
14:39 738.12 .44 90 1.34 0
14:40 738.12 .5 90 1.34 0
14:41 738.12 .5 90 1.79 0
14:42 738.12 .56 90 1.34 0
14:43 738.12 .56 90 .89 0
14:44 738.12 .61 91 1.79 0
14:45 738.12 .61 91 .45 0
14:46 738.12 .67 91 3.58 0
14:47 738.12 .61 91 2.68 0
14:48 738.12 .61 90 3.58 0
14:49 738.12 .61 90 4.02 0
14:50 738.12 .61 90 3.13 0
14:51 738.12 .61 90 1.79 0
14:52 738.12 .61 90 4.02 0
14:53 738.12 .61 90 4.47 0
14:54 738.12 .61 90 2.68 0
14:55 738.12 .61 90 2.68 0
14:56 738.12 .61 90 2.68 0
14:57 738.38 .61 90 3.13 0
14:58 738.38 .61 90 1.79 0
14:59 738.38 .61 90 2.68 0
15:00 738.38 .61 90 1.79 0
15:01 738.38 .61 90 1.79 0
15:02 738.38 .61 90 2.24 0
15:03 738.38 .61 90 1.34 0
15:04 738.38 .61 90 3.13 0
15:05 738.38 .61 90 2.68 0
15:06 738.38 .61 90 .89 0
15:07 738.38 .61 90 1.34 0
15:08 738.38 .61 90 .89 0
15:09 738.38 .67 90 3.13 0
15:10 738.38 .67 90 .45 0
15:11 738.38 .67 90 3.13 0
15:12 738.38 .61 90 .89 0
15:13 738.38 .61 90 2.68 0
15:14 738.38 .61 90 2.68 0
15:15 738.38 .61 90 1.34 0
15:16 738.38 .67 90 1.34 0
15:17 738.38 .67 90 1.34 0
15:18 738.38 .67 90 .45 0
15:19 738.38 .72 90 .89 0
15:20 738.38 .72 90 3.13 0
15:21 738.38 .72 90 3.13 0
15:22 738.38 .67 90 3.13 0
15:23 738.38 .72 90 1.34 0
15:24 738.38 .72 90 1.34 0
15:25 738.38 .78 90 1.79 0
15:26 738.38 .78 90 1.34 0
15:27 738.38 .72 90 2.24 0
15:28 738.38 .78 90 1.34 0
15:29 738.38 .78 90 1.34 0
15:30 738.38 .78 90 1.34 0
15:31 738.38 .78 90 .89 0
15:32 738.38 .78 90 1.79 0
15:33 738.38 .78 90 3.58 0
15:34 738.38 .78 90 1.34 0
15:35 738.38 .78 90 1.34 0
15:36 738.38 .78 90 1.79 0
15:37 738.38 .78 90 2.68 0
15:38 738.38 .78 90 1.79 0
15:39 738.38 .78 90 1.79 0
15:40 738.38 .78 90 2.68 0
15:41 738.63 .78 90 1.34 0
15:42 738.38 .78 90 .89 0
15:43 738.38 .78 90 2.24 0
15:44 738.38 .78 90 .89 0
15:45 738.38 .78 90 1.79 0
15:46 738.63 .78 90 1.79 0
15:47 738.63 .83 90 3.13 0
15:48 738.38 .83 90 3.58 0
15:49 738.63 .83 90 3.58 0
15:50 738.63 .78 90 2.24 0
15:51 738.63 .78 90 1.79 0
15:52 738.63 .78 90 1.34 0
15:53 738.63 .78 90 1.79 0
15:54 738.63 .78 90 1.34 0
15:55 738.63 .78 90 1.79 0
15:56 738.63 .78 90 1.79 0
15:57 738.63 .78 90 1.34 0
15:58 738.63 .78 90 2.24 0
15:59 738.63 .78 90 .45 0
16:00 738.63 .78 90 3.13 0
16:01 738.63 .78 90 .89 0
16:02 738.63 .78 90 1.79 0
16:03 738.63 .78 90 1.79 0
16:04 738.89 .78 90 1.79 0
16:05 738.63 .78 90 .89 0
16:06 738.63 .78 90 4.02 0
16:07 738.63 .78 90 .89 0
16:08 738.89 .78 90 1.79 0
16:09 738.63 .78 90 .89 0
16:10 738.63 .78 90 2.68 0
16:11 738.63 .83 90 1.34 0
16:12 738.63 .83 90 3.13 0
16:13 738.89 .89 90 2.24 0
16:14 738.63 .89 90 3.58 0
16:15 738.89 .89 90 1.79 0
16:16 738.89 .89 90 1.79 0
16:17 738.63 .89 90 1.79 0
16:18 738.89 .94 90 2.24 0
16:19 738.89 .94 90 0 0
16:20 738.89 .94 90 1.79 0
16:21 738.89 .94 90 .45 0
16:22 738.89 .94 91 .89 0
16:23 738.89 .94 91 3.13 0
16:24 738.89 .94 90 1.34 0
16:25 738.89 .94 90 1.79 0
16:26 738.89 1 91 .89 0
16:27 738.89 1 91 .89 0
16:28 738.89 1 91 1.79 0
16:29 738.89 1 90 1.34 0
16:30 738.89 1 90 3.13 0
16:31 738.89 1.06 90 1.79 0
16:32 738.89 1.06 90 .89 0
16:33 738.89 1.06 90 .45 0
16:34 738.89 1.11 90 .45 0
16:35 738.89 1.11 90 .45 0
16:36 738.89 1.11 90 1.79 0
16:37 738.89 1.17 90 .45 0
16:38 738.89 1.22 90 1.79 0
16:39 738.89 1.28 90 1.34 0
16:40 738.89 1.33 91 .89 0
16:41 738.89 1.33 91 .89 0
16:42 738.89 1.39 90 2.68 0
16:43 738.89 1.39 91 3.58 0
16:44 739.14 1.44 90 1.79 0
16:45 739.14 1.44 90 3.13 0
16:46 739.14 1.44 90 2.68 0
16:47 739.14 1.44 90 1.34 0
16:48 739.14 1.44 90 1.79 0
16:49 739.14 1.44 90 1.34 0
16:50 739.14 1.44 90 1.34 0
16:51 739.14 1.44 90 .89 0
16:52 739.14 1.44 90 3.58 0
16:53 739.14 1.39 90 1.34 0
16:54 739.14 1.44 90 .89 0
16:55 739.14 1.39 89 1.79 0
16:56 739.14 1.39 89 2.24 0
16:57 739.14 1.39 89 1.79 0
16:58 739.14 1.39 89 3.13 0
16:59 739.14 1.33 89 .89 0
17:00 739.14 1.39 89 1.79 0
17:01 739.14 1.33 89 .89 0
17:02 739.14 1.33 89 .45 0
17:03 739.14 1.33 89 1.79 0
17:04 739.14 1.33 89 .45 0
17:05 739.14 1.33 89 1.34 0
17:06 739.39 1.33 89 1.34 0
17:07 739.14 1.33 89 2.68 0
17:08 739.14 1.33 89 2.68 0
17:09 739.14 1.28 89 1.79 0
17:10 739.14 1.33 89 1.79 0
17:11 739.14 1.28 89 1.34 0
17:12 739.14 1.28 89 1.79 0
17:13 739.14 1.28 89 1.79 0
17:14 739.14 1.28 89 .89 0
17:15 739.14 1.28 89 .45 0
17:16 739.39 1.28 89 1.79 0
17:17 739.39 1.28 89 1.79 0
17:18 739.14 1.28 89 1.79 0
17:19 739.39 1.22 89 2.24 0
17:20 739.39 1.22 89 .89 0
17:21 739.39 1.28 89 1.79 0
17:22 739.39 1.22 89 1.79 0
17:23 739.39 1.22 89 3.13 0
17:24 739.39 1.22 88 2.24 0
17:25 739.39 1.22 88 1.34 0
17:26 739.39 1.22 88 4.02 0
17:27 739.39 1.22 88 2.68 0
17:28 739.39 1.22 88 .45 0
17:29 739.39 1.22 88 2.68 0
17:30 739.39 1.22 88 4.47 0
17:31 739.39 1.22 88 4.02 0
17:32 739.39 1.22 88 2.24 0
17:33 739.39 1.22 88 4.47 0
17:34 739.39 1.22 88 1.79 0
17:35 739.39 1.22 88 4.47 0
17:36 739.39 1.22 87 3.13 0
17:37 739.39 1.22 87 1.34 0
17:38 739.39 1.11 87 3.58 0
17:39 739.39 1.11 88 .89 0
17:40 739.39 1.11 88 1.79 0
17:41 739.39 1.06 88 1.79 0
17:42 739.39 1.06 88 2.24 0
17:43 739.39 1.06 88 1.79 0
17:44 739.39 1.06 88 2.24 0
17:45 739.39 1.06 88 1.79 0
17:46 739.39 1.06 88 1.34 0
17:47 739.39 .94 88 1.79 0
17:48 739.39 1 88 .45 0
17:49 739.39 .94 88 1.34 0
17:50 739.39 .94 88 .45 0
17:51 739.39 .94 88 1.79 0
17:52 739.39 .94 88 1.34 0
17:53 739.39 .94 88 .89 0
17:54 739.39 .94 88 1.34 0
17:55 739.39 .94 88 .89 0
17:56 739.39 .94 88 1.34 0
17:57 739.39 .94 88 1.34 0
17:58 739.39 .94 88 1.79 0
17:59 739.39 .94 88 3.13 0
18:00 739.65 .89 88 2.68 0
18:01 739.65 .89 88 1.79 0
18:02 739.39 .89 88 1.34 0
18:03 739.65 .89 88 .89 0
18:04 739.65 .89 88 1.79 0
18:05 739.65 .89 88 4.02 0
18:06 739.65 .89 88 3.58 0
18:07 739.65 .89 88 4.47 0
18:08 739.65 .94 88 3.13 0
18:09 739.65 .89 88 2.68 0
18:10 739.65 .89 88 3.58 0
18:11 739.65 .89 88 5.81 0
18:12 739.65 .94 88 4.02 0
18:13 739.65 .94 87 4.92 0
18:14 739.65 .94 87 2.68 0
18:15 739.65 .94 87 4.47 0
18:16 739.65 .94 87 1.79 0
18:17 739.65 1 87 5.36 0
18:18 739.65 .94 87 4.47 0
18:19 739.65 .94 87 3.58 0
18:20 739.65 .94 87 4.47 0
18:21 739.65 .94 86 5.36 0
18:22 739.65 .94 86 4.92 0
18:23 739.65 .94 86 4.02 0
18:24 739.65 .94 86 3.13 0
18:25 739.65 .94 86 3.58 0
18:26 739.65 .94 86 .89 0
18:27 739.65 .89 86 4.02 0
18:28 739.65 .89 86 4.02 0
18:29 739.65 .89 86 3.58 0
18:30 739.65 .83 86 .45 0
18:31 739.65 .83 86 4.47 0
18:32 739.65 .83 86 2.24 0
18:33 739.65 .78 87 1.34 0
18:34 739.65 .78 87 2.68 0
18:35 739.65 .78 87 1.34 0
18:36 739.65 .72 87 1.79 0
18:37 739.65 .67 87 1.79 0
18:38 739.65 .72 87 3.58 0
18:39 739.65 .67 87 1.79 0
18:40 739.65 .67 87 1.34 0
18:41 739.65 .67 87 2.68 0
18:42 739.65 .61 87 4.92 0
18:43 739.65 .67 87 3.58 0
18:44 739.65 .67 88 2.24 0
18:45 739.65 .67 88 3.13 0
18:46 739.65 .61 88 4.47 0
18:47 739.65 .67 88 2.68 0
18:48 739.65 .67 88 3.58 0
18:49 739.65 .61 88 1.79 0
18:50 739.65 .67 88 2.24 0
18:51 739.65 .67 88 2.24 0
18:52 739.65 .67 88 2.68 0
18:53 739.65 .67 88 3.13 0
18:54 739.65 .61 88 .89 0
18:55 739.65 .67 88 .89 0
18:56 739.65 .67 88 3.13 0
18:57 739.65 .61 88 2.24 0
18:58 739.65 .61 88 2.68 0
18:59 739.65 .61 88 2.24 0
19:00 739.65 .67 88 .45 0
19:01 739.65 .61 88 0 0
19:02 739.65 .61 88 1.34 0
19:03 739.65 .61 88 .89 0
19:04 739.65 .61 88 3.13 0
19:05 739.65 .61 88 1.79 0
19:06 739.65 .61 88 .89 0
19:07 739.65 .61 88 2.24 0
19:08 739.65 .61 88 2.68 0
19:09 739.65 .56 88 1.34 0
19:10 739.65 .56 88 2.24 0
19:11 739.65 .56 88 1.79 0
19:12 739.65 .61 88 1.79 0
19:13 739.65 .61 88 1.34 0
19:14 739.65 .56 88 2.24 0
19:15 739.65 .61 88 3.58 0
19:16 739.9 .61 88 3.58 0
19:17 739.65 .61 88 3.13 0
19:18 739.65 .67 88 3.58 0
19:19 739.9 .61 88 .89 0
19:20 739.65 .61 88 1.79 0
19:21 739.9 .61 88 3.58 0
19:22 739.9 .61 88 2.68 0
19:23 739.9 .61 88 5.36 0
19:24 739.9 .61 88 4.92 0
19:25 739.9 .61 88 4.92 0
19:26 739.9 .61 88 3.58 0
19:27 739.65 .61 88 2.68 0
19:28 739.9 .61 87 1.34 0
19:29 739.9 .61 87 2.24 0
19:30 739.9 .61 87 1.79 0
19:31 739.9 .61 87 3.58 0
19:32 739.9 .61 87 2.24 0
19:33 739.9 .56 87 2.24 0
19:34 739.9 .56 87 4.02 0
19:35 739.9 .61 87 2.24 0
19:36 739.9 .56 87 2.68 0
19:37 739.9 .56 88 2.68 0
19:38 739.9 .56 87 3.58 0
19:39 739.9 .56 87 4.47 0
19:40 739.9 .56 87 2.24 0
19:41 739.9 .61 87 4.02 0
19:42 739.9 .61 87 3.13 0
19:43 739.9 .61 87 3.13 0
19:44 739.9 .61 87 2.24 0
19:45 739.9 .61 87 2.68 0
19:46 739.9 .61 87 3.13 0
19:47 739.9 .61 87 2.24 0
19:48 739.9 .61 87 2.24 0
19:49 739.9 .61 87 2.24 0
19:50 739.9 .61 87 2.24 0
19:51 739.9 .61 87 1.79 0
19:52 739.9 .61 87 2.68 0
19:53 739.9 .56 87 3.58 0
19:54 739.9 .61 87 3.13 0
19:55 739.9 .56 87 3.13 0
19:56 739.9 .56 87 3.58 0
19:57 739.9 .56 87 3.13 0
19:58 739.9 .5 87 4.92 0
19:59 739.9 .56 87 2.68 0
20:00 739.9 .5 87 3.13 0
20:01 739.9 .5 87 3.58 0
20:02 739.9 .5 87 1.79 0
20:03 739.9 .5 87 1.34 0
20:04 739.9 .5 87 3.58 0
20:05 739.9 .44 87 4.47 0
20:06 739.9 .44 87 2.68 0
20:07 739.9 .44 87 3.13 0
20:08 739.9 .5 87 .89 0
20:09 739.9 .44 87 1.79 0
20:10 739.9 .39 87 4.47 0
20:11 740.16 .39 87 3.13 0
20:12 739.9 .39 87 3.13 0
20:13 739.9 .33 87 1.34 0
20:14 739.9 .33 87 1.79 0
20:15 740.16 .33 87 5.81 0
20:16 739.9 .33 87 3.13 0
20:17 739.9 .33 87 1.79 0
20:18 740.16 .33 87 4.47 0
20:19 739.9 .33 86 3.13 0
20:20 740.16 .33 86 2.68 0
20:21 739.9 .28 86 3.13 0
20:22 740.16 .28 86 2.24 0
20:23 740.16 .28 86 4.47 0
20:24 740.16 .28 86 1.79 0
20:25 739.9 .28 86 1.79 0
20:26 740.16 .28 86 3.58 0
20:27 740.16 .28 86 1.79 0
20:28 740.16 .28 86 4.02 0
20:29 740.16 .22 86 1.79 0
20:30 740.16 .28 86 2.24 0
20:31 740.16 .22 86 4.47 0
20:32 740.16 .22 86 3.13 0
20:33 740.16 .22 86 2.24 0
20:34 740.16 .22 86 4.02 0
20:35 740.16 .22 86 4.47 0
20:36 740.16 .22 86 4.92 0
20:37 740.16 .22 86 2.24 0
20:38 740.16 .28 86 2.24 0
20:39 740.16 .22 86 3.58 0
20:40 740.16 .22 86 2.68 0
20:41 740.16 .22 86 3.58 0
20:42 740.16 .22 86 3.58 0
20:43 740.16 .22 86 3.13 0
20:44 740.16 .22 86 4.02 0
20:45 740.16 .17 86 3.58 0
20:46 740.16 .17 86 4.47 0
20:47 740.16 .17 86 2.24 0
20:48 740.16 .17 86 1.34 0
20:49 740.16 .17 86 2.24 0
20:50 740.16 .17 86 1.79 0
20:51 740.16 .11 86 3.13 0
20:52 740.16 .11 86 2.24 0
20:53 740.16 .11 86 3.13 0
20:54 740.16 .06 87 4.92 0
20:55 740.16 .11 87 3.58 0
20:56 740.16 .06 87 1.79 0
20:57 740.16 .11 87 1.79 0
20:58 740.16 .06 87 2.24 0
20:59 740.16 .06 87 3.58 0
21:00 740.16 .06 87 5.36 0
21:01 740.16 .06 87 3.13 0
21:02 740.16 .06 87 3.58 0
21:03 740.16 .06 87 3.58 0
21:04 740.16 .06 87 3.13 0
21:05 740.16 .06 87 4.02 0
21:06 740.16 .06 87 4.02 0
21:07 740.16 .06 87 3.58 0
21:08 740.16 .06 87 4.02 0
21:09 740.16 .06 87 3.13 0
21:10 740.16 .06 87 2.68 0
21:11 740.16 0 87 3.13 0
21:12 740.16 0 87 1.79 0
21:13 740.16 0 87 3.13 0
21:14 740.16 -.06 87 2.68 0
21:15 740.16 0 87 4.02 0
21:16 740.16 0 87 3.13 0
21:17 740.16 -.06 87 4.47 0
21:18 740.16 -.06 87 3.58 0
21:19 740.16 -.06 87 4.47 0
21:20 740.16 -.06 87 4.92 0
21:21 740.16 -.06 87 1.34 0
21:22 740.16 -.11 87 2.24 0
21:23 739.9 -.11 87 3.13 0
21:24 740.16 -.11 87 3.13 0
21:25 740.16 -.17 87 4.92 0
21:26 739.9 -.17 87 1.79 0
21:27 740.16 -.17 87 .89 0
21:28 740.16 -.17 87 3.13 0
21:29 740.16 -.17 87 2.68 0
21:30 740.16 -.22 87 .45 0
21:31 740.16 -.22 87 2.24 0
21:32 740.16 -.22 87 1.34 0
21:33 740.16 -.22 87 3.58 0
21:34 740.16 -.28 87 2.68 0
21:35 740.16 -.22 87 1.79 0
21:36 740.16 -.28 87 1.79 0
21:37 740.16 -.28 87 1.34 0
21:38 740.16 -.28 87 1.34 0
21:39 740.16 -.33 87 2.68 0
21:40 740.16 -.33 87 1.79 0
21:41 740.16 -.33 87 4.02 0
21:42 740.16 -.39 87 1.79 0
21:43 740.16 -.39 87 3.13 0
21:44 740.16 -.39 87 3.13 0
21:45 740.16 -.39 87 1.79 0
21:46 740.16 -.39 87 1.79 0
21:47 740.16 -.39 87 1.79 0
21:48 740.16 -.39 87 2.24 0
21:49 740.16 -.39 87 1.34 0
21:50 740.16 -.44 87 3.58 0
21:51 740.16 -.39 87 1.79 0
21:52 740.16 -.44 87 1.34 0
21:53 740.16 -.44 87 1.34 0
21:54 740.16 -.44 87 1.79 0
21:55 740.16 -.44 87 1.79 0
21:56 740.16 -.44 87 2.24 0
21:57 740.16 -.44 87 3.13 0
21:58 740.16 -.5 87 2.68 0
21:59 740.16 -.44 87 .89 0
22:00 740.16 -.5 87 3.58 0
22:01 740.16 -.5 87 1.79 0
22:02 740.16 -.5 87 3.58 0
22:03 740.16 -.44 87 1.34 0
22:04 740.16 -.5 87 3.13 0
22:05 740.16 -.5 87 1.34 0
22:06 740.16 -.5 87 1.34 0
22:07 740.16 -.5 87 .89 0
22:08 740.16 -.5 87 2.68 0
22:09 740.16 -.56 87 3.58 0
22:10 740.16 -.5 87 2.68 0
22:11 740.16 -.5 87 2.68 0
22:12 740.16 -.56 87 1.34 0
22:13 740.16 -.56 87 2.68 0
22:14 740.16 -.56 87 1.79 0
22:15 740.16 -.56 87 1.79 0
22:16 740.16 -.56 87 .89 0
22:17 740.16 -.56 87 1.34 0
22:18 740.16 -.56 87 1.34 0
22:19 740.16 -.56 87 1.34 0
22:20 740.16 -.56 87 1.79 0
22:21 740.16 -.56 87 2.68 0
22:22 740.16 -.56 87 2.68 0
22:23 740.16 -.56 87 2.24 0
22:24 740.16 -.56 87 1.34 0
22:25 740.16 -.56 87 1.34 0
22:26 740.16 -.56 87 1.79 0
22:27 740.16 -.5 87 1.79 0
22:28 740.16 -.5 87 3.58 0
22:29 740.16 -.5 87 2.68 0
22:30 740.16 -.44 87 1.79 0
22:31 740.16 -.5 87 3.58 0
22:32 740.16 -.5 87 3.58 0
22:33 740.16 -.5 87 3.58 0
22:34 740.16 -.5 87 2.68 0
22:35 740.16 -.5 87 1.34 0
22:36 740.16 -.5 87 0 0
22:37 740.16 -.5 87 2.68 0
22:38 740.16 -.5 87 2.24 0
22:39 740.16 -.5 87 1.79 0
22:40 740.16 -.5 87 .45 0
22:41 740.16 -.5 87 3.13 0
22:42 740.16 -.56 87 3.13 0
22:43 740.16 -.5 87 2.68 0
22:44 740.16 -.5 87 1.34 0
22:45 740.16 -.5 87 1.79 0
22:46 740.16 -.5 87 .89 0
22:47 740.16 -.5 87 2.24 0
22:48 740.16 -.5 87 1.34 0
22:49 740.16 -.5 87 1.34 0
22:50 740.16 -.5 87 3.58 0
22:51 740.16 -.44 87 2.24 0
22:52 740.16 -.44 87 1.79 0
22:53 740.16 -.44 86 1.34 0
22:54 740.16 -.44 86 1.79 0
22:55 740.16 -.44 87 3.13 0
22:56 740.16 -.39 86 2.68 0
22:57 740.16 -.44 86 1.34 0
22:58 740.16 -.39 86 2.24 0
22:59 740.16 -.39 86 .89 0
23:00 740.16 -.33 86 .89 0
23:01 740.16 -.33 86 .89 0
23:02 740.16 -.33 86 1.34 0
23:03 740.16 -.33 86 .89 0
23:04 740.16 -.33 86 1.34 0
23:05 740.16 -.33 86 .45 0
23:06 740.16 -.28 85 1.34 0
23:07 740.16 -.28 85 3.13 0
23:08 740.16 -.28 85 1.34 0
23:09 740.16 -.28 85 1.34 0
23:10 740.16 -.22 85 3.58 0
23:11 740.16 -.22 85 1.79 0
23:12 740.41 -.22 85 3.13 0
23:13 740.16 -.17 84 3.13 0
23:14 740.16 -.11 84 4.02 0
23:15 740.16 -.11 84 1.79 0
23:16 740.41 -.11 84 4.47 0
23:17 740.16 -.06 83 2.24 0
23:18 740.16 0 83 .89 0
23:19 740.41 .06 82 3.13 0
23:20 740.41 .06 82 1.34 0
23:21 740.41 .06 82 .89 0
23:22 740.16 .11 82 4.92 0
23:23 740.41 .11 82 1.34 0
23:24 740.41 .11 82 1.79 0
23:25 740.16 .11 82 1.34 0
23:26 740.16 .11 82 1.34 0
23:27 740.16 .17 82 4.47 0
23:28 740.16 .17 82 1.79 0
23:29 740.16 .17 82 3.58 0
23:30 740.16 .22 82 3.58 0
23:31 740.16 .17 81 2.24 0
23:32 740.41 .22 82 4.02 0
23:33 740.41 .22 82 3.13 0
23:34 740.41 .22 82 2.24 0
23:35 740.41 .22 81 3.13 0
23:36 740.41 .22 82 1.79 0
23:37 740.16 .22 82 1.79 0
23:38 740.41 .22 82 1.34 0
23:39 740.41 .22 82 3.13 0
23:40 740.41 .22 82 1.79 0
23:41 740.16 .22 82 .89 0
23:42 740.16 .22 82 .89 0
23:43 740.16 .28 82 3.58 0
23:44 740.41 .22 82 3.13 0
23:45 740.41 .22 82 2.68 0
23:46 740.16 .22 82 3.13 0
23:47 740.41 .22 82 3.13 0
23:48 740.16 .22 82 3.58 0
23:49 740.16 .28 82 1.79 0
23:50 740.41 .28 82 .89 0
23:51 740.41 .28 82 3.13 0
23:52 740.16 .28 82 4.02 0
23:53 740.16 .33 82 3.58 0
23:54 740.16 .33 82 2.24 0
23:55 740.16 .33 82 2.24 0
23:56 740.41 .33 82 1.79 0
23:57 740.41 .33 82 3.58 0
23:58 740.41 .33 82 3.58 0
23:59 740.41 .33 81 4.02 0
