00:00 750.57 11.56 85 3.58 0
00:01 750.57 11.56 85 3.58 0
00:02 750.57 11.5 86 2.24 0
00:03 750.57 11.5 86 4.02 0
00:04 750.57 11.44 85 4.47 0
00:05 750.57 11.44 85 5.36 0
00:06 750.57 11.44 85 4.02 0
00:07 750.57 11.44 85 2.24 0
00:08 750.57 11.39 85 4.02 0
00:09 750.57 11.39 85 2.24 0
00:10 750.57 11.39 85 2.68 0
00:11 750.57 11.39 85 4.02 0
00:12 750.57 11.33 85 3.58 0
00:13 750.57 11.33 85 2.68 0
00:14 750.57 11.33 85 2.68 0
00:15 750.57 11.28 84 3.13 0
00:16 750.57 11.33 85 4.02 0
00:17 750.57 11.28 84 4.02 0
00:18 750.57 11.28 84 4.02 0
00:19 750.57 11.28 83 3.13 0
00:20 750.57 11.28 84 4.47 0
00:21 750.57 11.28 83 4.02 0
00:22 750.57 11.28 83 3.58 0
00:23 750.57 11.22 83 1.79 0
00:24 750.57 11.22 83 1.79 0
00:25 750.57 11.22 84 2.24 0
00:26 750.57 11.17 84 4.47 0
00:27 750.57 11.17 83 2.68 0
00:28 750.57 11.11 83 4.02 0
00:29 750.57 11.11 83 4.47 0
00:30 750.57 11.06 83 4.92 0
00:31 750.57 11.06 83 4.47 0
00:32 750.57 11.06 83 5.81 0
00:33 750.57 11.06 82 4.02 0
00:34 750.57 11.06 82 4.02 0
00:35 750.57 11 82 4.92 0
00:36 750.57 11.06 81 4.92 0
00:37 750.57 11 82 5.81 0
00:38 750.57 11 82 4.02 0
00:39 750.57 10.94 81 3.58 0
00:40 750.57 11 82 4.92 0
00:41 750.57 10.94 81 2.68 0
00:42 750.57 10.89 81 4.47 0
00:43 750.32 10.89 81 4.92 0
00:44 750.57 10.83 81 4.92 0
00:45 750.57 10.83 81 5.36 0
00:46 750.32 10.78 81 4.92 0
00:47 750.57 10.78 81 4.92 0
00:48 750.32 10.78 81 3.58 0
00:49 750.57 10.78 81 5.36 0
00:50 750.57 10.72 81 4.47 0
00:51 750.57 10.72 81 3.58 0
00:52 750.57 10.72 81 5.81 0
00:53 750.57 10.67 81 2.24 0
00:54 750.57 10.67 81 4.47 0
00:55 750.57 10.67 81 4.47 0
00:56 750.57 10.61 81 2.68 0
00:57 750.57 10.61 81 4.02 0
00:58 750.57 10.56 82 4.02 0
00:59 750.57 10.56 82 4.92 0
01:00 750.57 10.5 82 5.81 0
01:01 750.57 10.56 81 4.47 0
01:02 750.57 10.5 81 3.58 0
01:03 750.57 10.5 82 4.02 0
01:04 750.57 10.5 81 4.02 0
01:05 750.57 10.44 81 4.47 0
01:06 750.57 10.44 81 3.13 0
01:07 750.57 10.44 82 4.02 0
01:08 750.57 10.39 81 2.68 0
01:09 750.57 10.39 82 4.47 0
01:10 750.57 10.39 81 2.24 0
01:11 750.57 10.39 82 4.47 0
01:12 750.57 10.33 81 3.58 0
01:13 750.57 10.33 81 4.92 0
01:14 750.57 10.33 81 2.68 0
01:15 750.57 10.33 81 2.24 0
01:16 750.57 10.33 82 4.47 0
01:17 750.57 10.33 82 4.02 0
01:18 750.57 10.33 81 4.92 0
01:19 750.57 10.28 80 2.24 0
01:20 750.57 10.28 81 4.92 0
01:21 750.57 10.28 81 2.68 0
01:22 750.57 10.28 81 3.58 0
01:23 750.57 10.28 80 3.58 0
01:24 750.57 10.28 81 4.47 0
01:25 750.57 10.28 81 2.68 0
01:26 750.57 10.28 80 4.02 0
01:27 750.57 10.28 81 2.68 0
01:28 750.57 10.28 81 3.58 0
01:29 750.57 10.28 80 4.02 0
01:30 750.57 10.28 80 4.02 0
01:31 750.57 10.28 80 4.02 0
01:32 750.57 10.22 79 5.36 0
01:33 750.57 10.28 79 2.68 0
01:34 750.57 10.28 80 2.68 0
01:35 750.57 10.22 79 4.02 0
01:36 750.57 10.22 80 2.24 0
01:37 750.57 10.22 80 1.79 0
01:38 750.57 10.22 81 2.24 0
01:39 750.57 10.17 80 2.68 0
01:40 750.57 10.17 81 1.79 0
01:41 750.57 10.11 81 2.24 0
01:42 750.57 10.06 81 2.68 0
01:43 750.57 10.06 81 3.58 0
01:44 750.57 10.06 81 2.24 0
01:45 750.57 10.06 81 4.92 0
01:46 750.57 10.06 81 3.13 0
01:47 750.57 10.06 81 4.02 0
01:48 750.57 10.06 80 1.79 0
01:49 750.57 10.06 81 4.92 0
01:50 750.57 10.06 80 4.47 0
01:51 750.57 10.06 80 4.92 0
01:52 750.57 10.06 80 4.02 0
01:53 750.57 10.06 80 3.58 0
01:54 750.57 10.11 80 4.47 0
01:55 750.57 10.11 80 4.02 0
01:56 750.57 10.11 80 4.02 0
01:57 750.57 10.11 79 3.58 0
01:58 750.57 10.11 79 4.92 0
01:59 750.57 10.11 79 2.68 0
02:00 750.57 10.11 79 2.68 0
02:01 750.57 10.11 79 4.02 0
02:02 750.57 10.17 79 4.47 0
02:03 750.57 10.17 78 4.92 0
02:04 750.57 10.11 78 4.02 0
02:05 750.57 10.17 78 4.02 0
02:06 750.57 10.17 77 3.13 0
02:07 750.57 10.17 78 2.68 0
02:08 750.57 10.17 78 2.24 0
02:09 750.57 10.22 78 4.02 0
02:10 750.57 10.17 77 3.58 0
02:11 750.57 10.22 77 4.02 0
02:12 750.57 10.22 77 1.79 0
02:13 750.57 10.22 77 4.02 0
02:14 750.57 10.22 76 3.58 0
02:15 750.57 10.22 76 4.02 0
02:16 750.57 10.22 77 2.68 0
02:17 750.57 10.17 77 4.02 0
02:18 750.57 10.17 77 3.58 0
02:19 750.57 10.17 77 3.58 0
02:20 750.57 10.11 77 2.68 0
02:21 750.57 10.11 77 2.68 0
02:22 750.57 10.06 78 2.24 0
02:23 750.57 10.06 78 2.24 0
02:24 750.57 10.06 78 1.79 0
02:25 750.57 10 78 3.58 0
02:26 750.57 10 77 4.47 0
02:27 750.57 9.94 78 4.92 0
02:28 750.57 9.89 78 4.02 0
02:29 750.57 9.94 78 2.24 0
02:30 750.57 9.89 78 4.47 0
02:31 750.57 9.89 78 2.68 0
02:32 750.57 9.83 79 4.02 0
02:33 750.57 9.83 79 2.24 0
02:34 750.57 9.78 79 4.47 0
02:35 750.57 9.78 79 3.58 0
02:36 750.57 9.72 79 3.58 0
02:37 750.57 9.72 79 3.58 0
02:38 750.57 9.67 79 2.24 0
02:39 750.82 9.67 79 2.24 0
02:40 750.82 9.67 80 3.58 0
02:41 750.82 9.61 80 2.68 0
02:42 750.57 9.61 80 3.13 0
02:43 750.82 9.56 80 3.58 0
02:44 750.82 9.56 80 3.58 0
02:45 750.57 9.5 80 4.02 0
02:46 750.57 9.5 80 3.58 0
02:47 750.82 9.5 80 2.68 0
02:48 750.82 9.5 80 4.02 0
02:49 750.82 9.44 81 3.13 0
02:50 750.82 9.39 81 4.47 0
02:51 750.82 9.39 81 4.02 0
02:52 750.82 9.33 81 4.02 0
02:53 750.82 9.33 81 4.02 0
02:54 750.82 9.28 82 4.47 0
02:55 750.82 9.28 81 4.02 0
02:56 750.82 9.22 82 4.47 0
02:57 750.82 9.22 82 1.79 0
02:58 750.57 9.17 83 4.02 0
02:59 750.82 9.06 83 4.47 0
03:00 750.82 9.06 83 5.36 0
03:01 750.82 9.06 83 2.68 0
03:02 750.82 9 83 1.79 0
03:03 750.82 9 83 5.36 0
03:04 750.82 9 83 4.47 0
03:05 750.82 8.94 83 5.36 0
03:06 750.82 8.94 83 2.68 0
03:07 750.82 8.94 83 2.68 0
03:08 750.82 8.94 83 3.58 0
03:09 750.82 8.94 84 4.92 1.02
03:10 750.82 8.89 83 4.02 1.02
03:11 750.82 8.89 83 2.68 1.02
03:12 750.82 8.89 84 2.24 1.02
03:13 750.82 8.89 84 4.02 1.02
03:14 750.82 8.83 84 2.68 1.02
03:15 750.82 8.83 84 3.58 1.02
03:16 750.82 8.83 84 3.58 1.02
03:17 750.82 8.83 84 2.24 1.02
03:18 750.82 8.83 84 4.02 1.02
03:19 750.82 8.78 84 3.13 1.02
03:20 750.82 8.78 84 4.02 1.02
03:21 750.82 8.78 84 2.68 1.02
03:22 750.82 8.78 84 4.47 1.02
03:23 750.82 8.78 84 4.92 1.02
03:24 750.82 8.78 84 4.47 1.02
03:25 750.57 8.72 84 3.58 1.02
03:26 750.82 8.72 84 3.58 1.02
03:27 750.82 8.72 84 4.02 1.02
03:28 750.82 8.72 84 2.68 1.02
03:29 750.57 8.72 84 4.02 1.02
03:30 750.82 8.72 84 2.68 1.02
03:31 750.82 8.72 84 4.92 1.02
03:32 750.82 8.67 84 1.79 1.02
03:33 750.57 8.67 84 3.58 1.02
03:34 750.82 8.67 84 2.24 1.02
03:35 750.82 8.67 84 2.68 1.02
03:36 750.57 8.61 85 3.58 1.02
03:37 750.82 8.61 84 2.68 1.02
03:38 750.82 8.61 85 2.24 1.02
03:39 750.82 8.61 85 4.02 1.02
03:40 750.82 8.56 85 2.24 1.02
03:41 750.57 8.56 85 2.68 1.02
03:42 750.82 8.56 85 2.24 1.02
03:43 750.82 8.56 85 4.02 1.02
03:44 750.82 8.56 85 3.58 1.02
03:45 750.82 8.5 85 2.24 1.02
03:46 750.57 8.5 85 1.34 1.02
03:47 750.57 8.5 86 2.68 1.02
03:48 750.57 8.44 86 3.58 1.02
03:49 750.57 8.5 86 2.68 1.02
03:50 750.57 8.44 86 2.24 1.02
03:51 750.57 8.44 86 2.68 1.02
03:52 750.57 8.5 85 2.68 1.02
03:53 750.57 8.44 85 3.58 1.02
03:54 750.57 8.44 85 3.58 0
03:55 750.57 8.5 85 2.68 0
03:56 750.57 8.5 86 2.68 0
03:57 750.57 8.44 86 2.68 0
03:58 750.57 8.44 85 2.68 0
03:59 750.57 8.44 86 2.24 0
04:00 750.82 8.44 86 2.68 0
04:01 750.57 8.44 86 2.68 0
04:02 750.57 8.44 85 4.02 0
04:03 750.57 8.44 85 1.79 0
04:04 750.57 8.39 85 2.24 0
04:05 750.57 8.39 85 3.58 0
04:06 750.57 8.44 85 3.58 0
04:07 750.57 8.44 85 2.68 0
04:08 750.57 8.44 85 2.68 0
04:09 750.57 8.39 85 4.02 0
04:10 750.57 8.44 85 2.68 0
04:11 750.57 8.44 85 4.02 0
04:12 750.57 8.44 85 4.47 0
04:13 750.57 8.44 85 2.24 0
04:14 750.57 8.44 84 2.68 0
04:15 750.57 8.44 84 2.68 0
04:16 750.57 8.44 84 3.13 0
04:17 750.57 8.44 84 3.58 0
04:18 750.57 8.44 84 2.24 0
04:19 750.57 8.44 84 3.58 0
04:20 750.57 8.44 84 3.58 0
04:21 750.57 8.44 84 4.02 0
04:22 750.57 8.5 83 4.47 0
04:23 750.57 8.44 83 2.68 0
04:24 750.57 8.5 83 3.58 0
04:25 750.57 8.5 83 2.24 0
04:26 750.57 8.5 83 2.24 0
04:27 750.57 8.44 83 1.79 0
04:28 750.57 8.44 83 2.24 0
04:29 750.57 8.44 83 2.24 0
04:30 750.57 8.39 83 2.24 0
04:31 750.57 8.39 83 2.68 0
04:32 750.57 8.33 83 4.02 0
04:33 750.57 8.33 83 4.02 0
04:34 750.57 8.33 83 2.68 0
04:35 750.57 8.33 83 4.02 0
04:36 750.57 8.28 83 2.24 0
04:37 750.82 8.28 83 2.24 0
04:38 750.57 8.28 83 2.24 0
04:39 750.57 8.28 83 2.24 0
04:40 750.82 8.28 83 2.24 0
04:41 750.82 8.22 83 1.34 0
04:42 750.57 8.22 83 1.79 0
04:43 750.82 8.17 83 2.68 0
04:44 750.82 8.17 83 2.68 0
04:45 750.57 8.17 83 2.68 0
04:46 750.82 8.17 83 3.58 0
04:47 750.82 8.11 83 3.58 0
04:48 750.82 8.11 83 3.58 0
04:49 750.82 8.06 83 3.58 0
04:50 750.82 8.06 83 3.58 0
04:51 750.57 8.06 83 4.02 0
04:52 750.82 8 83 3.58 0
04:53 750.57 8 83 2.24 0
04:54 750.57 8 84 2.68 0
04:55 750.57 8 83 3.58 0
04:56 750.82 7.94 83 2.68 0
04:57 750.82 7.94 83 4.02 0
04:58 750.82 7.94 83 4.47 0
04:59 750.82 7.94 83 2.24 0
05:00 750.82 7.89 83 2.24 0
05:01 750.82 7.89 83 2.24 0
05:02 750.82 7.89 83 2.24 0
05:03 750.57 7.89 83 2.68 0
05:04 750.82 7.89 83 2.24 0
05:05 750.82 7.89 83 2.24 0
05:06 750.82 7.89 83 2.24 0
05:07 750.82 7.89 83 4.92 0
05:08 750.82 7.83 82 1.79 0
05:09 750.82 7.89 83 2.68 0
05:10 750.82 7.83 83 3.58 0
05:11 750.82 7.83 83 4.92 0
05:12 750.82 7.83 82 3.58 0
05:13 750.82 7.83 83 3.58 0
05:14 750.82 7.83 83 3.13 0
05:15 750.82 7.78 83 3.58 0
05:16 750.82 7.78 83 2.68 0
05:17 750.82 7.78 83 4.47 0
05:18 750.82 7.78 83 2.68 0
05:19 750.82 7.72 83 2.68 0
05:20 750.82 7.72 83 4.92 0
05:21 750.82 7.72 82 4.02 0
05:22 750.82 7.72 82 2.68 0
05:23 751.08 7.72 82 1.79 0
05:24 751.08 7.72 82 3.58 0
05:25 751.08 7.67 82 3.58 0
05:26 751.08 7.67 82 2.24 0
05:27 751.08 7.67 82 3.58 0
05:28 751.08 7.67 82 1.79 0
05:29 751.08 7.67 82 2.68 0
05:30 751.08 7.67 83 2.24 0
05:31 751.08 7.61 83 3.58 0
05:32 751.08 7.61 82 4.47 0
05:33 751.08 7.67 82 3.58 0
05:34 751.08 7.67 82 2.68 0
05:35 751.08 7.67 82 4.02 0
05:36 751.08 7.67 82 2.68 0
05:37 751.08 7.67 82 3.58 0
05:38 751.08 7.61 82 2.68 0
05:39 751.08 7.61 82 1.79 0
05:40 751.08 7.61 82 2.68 0
05:41 751.08 7.61 82 2.24 0
05:42 751.08 7.61 82 3.58 0
05:43 751.08 7.61 82 1.79 0
05:44 751.08 7.61 82 3.58 0
05:45 751.08 7.56 82 1.79 0
05:46 751.08 7.56 82 4.47 0
05:47 751.08 7.56 82 1.79 0
05:48 751.08 7.61 82 3.13 0
05:49 751.08 7.61 82 2.68 0
05:50 751.08 7.61 82 2.68 0
05:51 751.08 7.56 82 2.24 0
05:52 751.08 7.56 82 2.68 0
05:53 751.08 7.56 82 2.24 0
05:54 751.08 7.56 82 2.68 0
05:55 751.08 7.56 82 2.24 0
05:56 751.08 7.56 82 2.24 0
05:57 751.08 7.56 82 1.79 0
05:58 751.08 7.61 82 4.02 0
05:59 751.08 7.56 82 3.58 0
06:00 751.08 7.56 82 3.58 0
06:01 751.08 7.56 82 4.02 0
06:02 751.08 7.56 82 3.58 0
06:03 751.08 7.61 82 2.24 0
06:04 751.08 7.67 82 5.36 0
06:05 751.08 7.67 81 4.92 0
06:06 751.08 7.72 81 4.92 0
06:07 751.08 7.72 81 4.47 0
06:08 751.08 7.78 81 1.79 0
06:09 751.08 7.78 81 3.58 0
06:10 751.08 7.78 81 4.47 0
06:11 751.08 7.89 80 4.02 0
06:12 751.08 7.89 80 4.02 0
06:13 751.08 7.89 80 4.02 0
06:14 751.08 7.94 80 4.02 0
06:15 751.08 7.94 80 4.92 0
06:16 751.08 8 79 5.36 0
06:17 751.08 8 79 5.36 0
06:18 751.08 8.06 79 4.02 0
06:19 751.08 8.06 79 3.58 0
06:20 751.08 8.06 79 3.58 0
06:21 751.08 8.06 79 4.47 0
06:22 751.08 8.06 79 4.92 0
06:23 751.08 8.11 79 4.47 0
06:24 751.08 8.11 79 4.02 0
06:25 751.33 8.11 78 2.68 0
06:26 751.33 8.11 79 4.47 0
06:27 751.08 8.11 79 3.58 0
06:28 751.33 8.17 79 4.02 0
06:29 751.08 8.17 78 4.02 0
06:30 751.33 8.17 78 4.47 0
06:31 751.08 8.17 78 3.58 0
06:32 751.33 8.17 78 2.68 0
06:33 751.08 8.22 79 4.47 0
06:34 751.33 8.22 77 3.58 0
06:35 751.08 8.28 78 4.02 0
06:36 751.33 8.28 77 4.92 0
06:37 751.33 8.28 77 3.58 0
06:38 751.33 8.33 78 4.02 0
06:39 751.33 8.33 77 2.68 0
06:40 751.33 8.39 77 3.58 0
06:41 751.33 8.39 77 4.02 0
06:42 751.33 8.44 77 2.68 0
06:43 751.33 8.5 78 3.58 0
06:44 751.33 8.5 78 3.58 0
06:45 751.33 8.56 77 1.79 0
06:46 751.33 8.61 77 3.58 0
06:47 751.33 8.67 76 1.79 0
06:48 751.33 8.72 77 1.79 0
06:49 751.33 8.78 78 3.58 0
06:50 751.33 8.78 77 2.24 0
06:51 751.33 8.83 77 2.24 0
06:52 751.33 8.89 77 3.58 0
06:53 751.33 8.89 76 3.58 0
06:54 751.33 8.83 76 3.58 0
06:55 751.33 8.83 76 2.68 0
06:56 751.33 8.83 76 3.58 0
06:57 751.33 8.78 75 4.02 0
06:58 751.33 8.72 76 2.24 0
06:59 751.33 8.72 76 1.79 0
07:00 751.33 8.67 76 2.24 0
07:01 751.33 8.72 76 3.58 0
07:02 751.33 8.72 77 2.68 0
07:03 751.33 8.72 77 4.92 0
07:04 751.33 8.72 76 2.68 0
07:05 751.33 8.67 76 2.68 0
07:06 751.33 8.67 76 1.79 0
07:07 751.33 8.67 77 3.13 0
07:08 751.33 8.61 77 4.92 0
07:09 751.33 8.61 76 3.58 0
07:10 751.33 8.61 76 4.92 0
07:11 751.33 8.67 76 2.68 0
07:12 751.33 8.61 77 2.24 0
07:13 751.33 8.72 76 3.58 0
07:14 751.59 8.78 76 2.24 0
07:15 751.59 8.83 76 3.13 0
07:16 751.33 8.83 76 4.47 0
07:17 751.33 8.89 75 3.58 0
07:18 751.33 8.94 75 2.68 0
07:19 751.59 8.94 75 1.34 0
07:20 751.59 9 75 4.02 0
07:21 751.33 9.11 75 3.58 0
07:22 751.59 9.17 74 4.47 0
07:23 751.59 9.22 74 1.79 0
07:24 751.33 9.28 75 1.34 0
07:25 751.59 9.33 75 5.36 0
07:26 751.59 9.39 75 4.02 0
07:27 751.33 9.44 74 4.47 0
07:28 751.59 9.39 73 4.92 0
07:29 751.59 9.44 73 4.92 0
07:30 751.59 9.44 73 4.02 0
07:31 751.59 9.44 73 4.02 0
07:32 751.59 9.44 74 2.68 0
07:33 751.59 9.5 75 3.58 0
07:34 751.59 9.5 74 3.58 0
07:35 751.59 9.5 75 1.79 0
07:36 751.59 9.5 75 3.58 0
07:37 751.59 9.5 73 4.47 0
07:38 751.59 9.5 74 3.58 0
07:39 751.59 9.5 74 1.79 0
07:40 751.59 9.5 75 3.58 0
07:41 751.59 9.5 75 1.79 0
07:42 751.59 9.56 75 3.58 0
07:43 751.59 9.56 74 1.79 0
07:44 751.59 9.56 74 2.68 0
07:45 751.59 9.56 74 2.68 0
07:46 751.59 9.56 75 1.79 0
07:47 751.59 9.56 75 2.68 0
07:48 751.59 9.61 75 3.58 0
07:49 751.59 9.61 75 2.68 0
07:50 751.59 9.67 74 4.02 0
07:51 751.59 9.72 74 2.24 0
07:52 751.59 9.78 74 2.24 0
07:53 751.59 9.78 73 4.47 0
07:54 751.59 9.78 73 4.02 0
07:55 751.59 9.83 73 2.24 0
07:56 751.59 9.89 72 4.92 0
07:57 751.59 9.89 72 2.24 0
07:58 751.59 10 73 1.79 0
07:59 751.59 10.06 73 4.02 0
08:00 751.59 10.11 72 4.02 0
08:01 751.59 10.17 72 4.02 0
08:02 751.59 10.17 71 3.58 0
08:03 751.59 10.22 72 4.02 0
08:04 751.59 10.28 71 4.02 0
08:05 751.59 10.33 70 4.92 0
08:06 751.59 10.33 71 4.02 0
08:07 751.59 10.39 70 5.36 0
08:08 751.59 10.44 71 2.24 0
08:09 751.84 10.5 71 4.92 0
08:10 751.59 10.56 70 3.58 0
08:11 751.59 10.56 70 2.24 0
08:12 751.59 10.67 70 3.13 0
08:13 751.59 10.72 70 4.47 0
08:14 751.59 10.78 70 4.47 0
08:15 751.59 10.78 70 5.36 0
08:16 751.59 10.83 69 4.47 0
08:17 751.84 10.83 68 5.36 0
08:18 751.59 10.78 69 4.92 0
08:19 751.84 10.83 69 4.02 0
08:20 751.84 10.83 68 5.36 0
08:21 751.84 10.83 68 1.79 0
08:22 751.84 10.89 69 2.68 0
08:23 751.84 11 70 3.13 0
08:24 751.84 11.06 69 4.02 0
08:25 751.84 11.11 68 4.47 0
08:26 751.84 11.11 67 4.47 0
08:27 751.84 11.11 68 4.92 0
08:28 751.84 11.11 67 3.58 0
08:29 751.84 11.06 67 4.47 0
08:30 751.84 11.06 66 2.68 0
08:31 751.84 11.06 66 3.58 0
08:32 751.84 11 66 6.26 0
08:33 751.84 11 66 5.36 0
08:34 751.84 10.94 66 1.79 0
08:35 751.84 11 67 6.71 0
08:36 751.84 11.06 66 5.81 0
08:37 751.84 11.06 66 4.92 0
08:38 751.84 11.11 67 3.13 0
08:39 751.84 11.11 67 3.58 0
08:40 751.84 11.17 66 4.92 0
08:41 751.84 11.22 67 4.02 0
08:42 751.84 11.28 67 5.81 0
08:43 751.84 11.28 66 3.58 0
08:44 751.84 11.33 67 3.58 0
08:45 751.84 11.39 66 4.92 0
08:46 751.59 11.44 66 4.92 0
08:47 751.84 11.5 66 4.92 0
08:48 751.84 11.56 66 1.79 0
08:49 751.84 11.61 66 3.58 0
08:50 751.84 11.61 66 3.13 0
08:51 751.84 11.67 66 3.13 0
08:52 751.84 11.72 67 4.92 0
08:53 751.84 11.72 65 4.47 0
08:54 751.84 11.78 65 4.92 0
08:55 751.84 11.83 65 5.81 0
08:56 751.84 11.83 64 4.47 0
08:57 751.84 11.83 64 2.68 0
08:58 751.84 11.83 64 4.47 0
08:59 751.84 11.83 64 4.47 0
09:00 751.84 11.83 64 4.02 0
09:01 751.84 11.89 65 3.58 0
09:02 751.84 11.94 64 4.92 0
09:03 751.84 11.94 64 4.92 0
09:04 751.84 12 63 4.02 0
09:05 751.84 12.17 65 1.79 0
09:06 751.84 12.17 63 4.02 0
09:07 751.84 12.28 65 3.58 0
09:08 751.84 12.33 61 6.26 0
09:09 751.84 12.28 62 3.58 0
09:10 751.84 12.28 62 5.81 0
09:11 751.84 12.28 62 5.36 0
09:12 752.09 12.33 63 4.02 0
09:13 751.84 12.33 61 2.24 0
09:14 752.09 12.33 60 4.47 0
09:15 752.09 12.33 60 2.68 0
09:16 752.09 12.33 61 2.68 0
09:17 752.09 12.44 61 2.68 0
09:18 752.09 12.5 61 3.58 0
09:19 752.09 12.56 60 4.47 0
09:20 752.09 12.56 60 2.68 0
09:21 752.09 12.56 61 2.68 0
09:22 752.09 12.67 61 4.02 0
09:23 752.09 12.72 61 4.02 0
09:24 752.09 12.67 59 5.81 0
09:25 752.09 12.72 58 3.13 0
09:26 752.09 12.72 60 3.58 0
09:27 752.09 12.72 60 4.92 0
09:28 752.09 12.78 61 5.36 0
09:29 752.09 12.83 61 4.47 0
09:30 752.09 12.89 59 4.47 0
09:31 752.09 12.89 62 5.81 0
09:32 752.09 12.89 62 4.92 0
09:33 752.09 12.94 63 4.47 0
09:34 752.09 13 62 5.36 0
09:35 752.09 12.94 62 2.68 0
09:36 752.09 13 62 3.13 0
09:37 752.09 13 63 2.68 0
09:38 752.09 13.11 63 5.36 0
09:39 752.09 13.06 62 3.13 0
09:40 752.09 13.17 63 4.47 0
09:41 752.09 13.17 61 6.26 0
09:42 752.09 13.22 61 4.92 0
09:43 752.09 13.17 60 3.58 0
09:44 752.09 13.22 60 5.36 0
09:45 752.09 13.22 60 4.47 0
09:46 752.09 13.28 62 2.68 0
09:47 752.09 13.39 62 3.13 0
09:48 752.09 13.5 62 4.47 0
09:49 752.09 13.61 62 2.68 0
09:50 752.09 13.67 61 5.81 0
09:51 752.09 13.67 60 6.71 0
09:52 752.09 13.67 59 6.26 0
09:53 752.09 13.61 60 5.36 0
09:54 752.09 13.61 60 4.92 0
09:55 752.09 13.61 60 2.68 0
09:56 751.84 13.61 60 4.47 0
09:57 751.84 13.61 60 4.02 0
09:58 752.09 13.67 60 4.47 0
09:59 751.84 13.61 60 4.92 0
10:00 752.09 13.67 60 4.92 0
10:01 752.09 13.72 60 4.47 0
10:02 752.09 13.72 59 5.36 0
10:03 751.84 13.72 59 4.92 0
10:04 752.09 13.72 60 4.47 0
10:05 751.84 13.78 59 4.47 0
10:06 751.84 13.83 60 4.92 0
10:07 751.84 13.89 61 5.81 0
10:08 752.09 14 60 4.92 0
10:09 751.84 14.06 59 2.68 0
10:10 751.84 14.17 59 1.79 0
10:11 751.84 14.22 60 3.58 0
10:12 751.84 14.33 60 5.81 0
10:13 751.84 14.44 60 3.58 0
10:14 751.84 14.5 59 2.24 0
10:15 751.84 14.56 60 4.02 0
10:16 751.84 14.5 58 4.92 0
10:17 751.84 14.44 57 2.24 0
10:18 751.84 14.44 59 2.68 0
10:19 751.84 14.44 59 4.02 0
10:20 751.84 14.56 59 6.26 0
10:21 751.84 14.5 57 6.26 0
10:22 751.84 14.56 58 5.81 0
10:23 751.84 14.56 58 4.92 0
10:24 751.84 14.56 59 4.92 0
10:25 751.84 14.56 58 3.58 0
10:26 751.84 14.61 59 2.68 0
10:27 751.84 14.61 58 5.81 0
10:28 751.84 14.61 58 6.71 0
10:29 752.09 14.61 57 4.92 0
10:30 752.09 14.61 56 5.36 0
10:31 751.84 14.61 57 4.92 0
10:32 751.84 14.61 56 5.81 0
10:33 751.84 14.56 55 4.02 0
10:34 751.84 14.56 56 4.47 0
10:35 751.84 14.56 56 2.24 0
10:36 752.09 14.61 57 6.26 0
10:37 752.09 14.56 55 5.81 0
10:38 752.09 14.56 54 5.36 0
10:39 751.84 14.5 55 4.47 0
10:40 752.09 14.56 57 1.34 0
10:41 751.84 14.61 57 1.79 0
10:42 752.09 14.67 57 2.24 0
10:43 751.84 14.78 57 7.6 0
10:44 752.09 14.83 57 6.26 0
10:45 752.09 14.83 54 4.92 0
10:46 752.09 14.89 55 4.92 0
10:47 752.09 14.83 55 7.6 0
10:48 752.09 14.78 54 4.92 0
10:49 752.09 14.78 55 4.02 0
10:50 752.09 14.72 54 6.71 0
10:51 752.09 14.78 54 5.36 0
10:52 752.09 14.89 56 5.81 0
10:53 752.09 14.94 55 2.24 0
10:54 752.09 15.06 55 4.47 0
10:55 752.09 15.17 55 5.36 0
10:56 752.09 15.11 53 4.02 0
10:57 752.09 15.17 54 1.79 0
10:58 752.09 15.17 53 5.36 0
10:59 752.09 15.11 52 4.47 0
11:00 752.09 15.11 53 1.79 0
11:01 752.09 15.17 55 6.71 0
11:02 752.09 15.11 52 5.81 0
11:03 752.09 15.11 53 6.26 0
11:04 752.09 15.06 51 4.92 0
11:05 752.09 15 52 1.79 0
11:06 752.09 15.06 52 2.68 0
11:07 752.09 15.06 53 2.68 0
11:08 752.09 15.06 53 4.92 0
11:09 752.09 15.11 53 4.02 0
11:10 752.09 15.11 53 2.24 0
11:11 752.09 15.11 50 4.47 0
11:12 752.09 15.11 50 4.02 0
11:13 752.09 15.06 51 2.68 0
11:14 752.09 15.17 52 4.92 0
11:15 752.09 15.17 51 7.6 0
11:16 752.09 15.17 51 5.81 0
11:17 752.09 15.17 52 5.81 0
11:18 752.09 15.17 52 2.24 0
11:19 752.09 15.17 53 2.68 0
11:20 752.09 15.11 51 2.68 0
11:21 752.09 15.06 53 .89 0
11:22 752.09 15.11 52 3.58 0
11:23 752.09 15.17 53 6.71 0
11:24 752.09 15.17 51 6.26 0
11:25 752.09 15.11 50 3.58 0
11:26 752.09 15.17 51 2.24 0
11:27 752.09 15.22 52 5.36 0
11:28 752.09 15.28 50 2.68 0
11:29 752.09 15.28 50 5.36 0
11:30 752.09 15.33 50 4.92 0
11:31 752.09 15.33 50 4.92 0
11:32 752.09 15.33 50 2.68 0
11:33 752.09 15.44 48 6.26 0
11:34 752.35 15.44 49 5.81 0
11:35 752.35 15.44 47 3.58 0
11:36 752.35 15.44 48 4.02 0
11:37 752.35 15.44 48 2.24 0
11:38 752.09 15.44 48 4.47 0
11:39 752.35 15.39 48 3.58 0
11:40 752.35 15.39 49 2.24 0
11:41 752.35 15.44 48 1.34 0
11:42 752.09 15.5 49 2.68 0
11:43 752.35 15.5 49 3.58 0
11:44 752.35 15.5 47 3.58 0
11:45 752.35 15.44 47 1.79 0
11:46 752.35 15.5 48 3.13 0
11:47 752.35 15.56 47 4.47 0
11:48 752.09 15.61 47 2.24 0
11:49 752.35 15.72 48 3.13 0
11:50 752.35 15.78 47 2.24 0
11:51 752.35 15.83 47 5.36 0
11:52 752.35 15.89 46 2.24 0
11:53 752.35 15.83 45 4.02 0
11:54 752.35 15.78 44 4.02 0
11:55 752.09 15.72 45 1.79 0
11:56 752.09 15.67 47 2.68 0
11:57 752.09 15.67 46 3.13 0
11:58 752.09 15.67 48 4.02 0
11:59 752.09 15.78 49 4.02 0
12:00 752.09 15.83 49 4.92 0
12:01 752.09 15.89 49 4.02 0
12:02 752.09 15.83 48 4.47 0
12:03 752.09 15.89 50 2.24 0
12:04 752.09 15.94 48 4.02 0
12:05 752.09 15.94 48 3.13 0
12:06 752.09 16 48 4.92 0
12:07 752.09 15.94 48 5.36 0
12:08 752.09 15.94 49 5.36 0
12:09 752.09 15.94 47 5.81 0
12:10 752.09 15.94 48 5.81 0
12:11 752.09 16 47 4.02 0
12:12 752.09 16.06 47 5.36 0
12:13 752.09 16.11 47 8.05 0
12:14 752.09 16.06 46 4.47 0
12:15 752.09 15.94 46 3.58 0
12:16 752.09 15.94 47 1.79 0
12:17 752.09 15.89 47 3.13 0
12:18 752.09 15.89 47 1.79 0
12:19 752.09 16 49 4.02 0
12:20 752.09 16 47 4.92 0
12:21 752.09 15.94 49 5.36 0
12:22 752.09 16.11 49 5.81 0
12:23 752.09 16.11 49 6.71 0
12:24 752.09 16.11 47 5.36 0
12:25 752.09 16.06 46 2.24 0
12:26 752.09 16.06 47 4.02 0
12:27 752.09 16.06 44 6.26 0
12:28 752.09 16 44 6.26 0
12:29 752.09 15.94 45 5.81 0
12:30 752.09 15.89 46 5.81 0
12:31 752.09 15.83 45 4.92 0
12:32 752.09 15.83 46 3.58 0
12:33 752.35 15.89 47 4.47 0
12:34 752.09 15.78 45 5.36 0
12:35 752.09 15.72 44 2.24 0
12:36 752.35 15.72 47 5.81 0
12:37 752.35 15.78 45 5.81 0
12:38 752.35 15.72 44 3.58 0
12:39 752.35 15.67 46 2.24 0
12:40 752.35 15.78 47 2.24 0
12:41 752.35 15.83 46 3.58 0
12:42 752.35 15.89 44 5.81 0
12:43 752.35 15.83 45 5.36 0
12:44 752.35 15.78 44 3.58 0
12:45 752.35 15.78 46 4.92 0
12:46 752.35 15.83 46 1.79 0
12:47 752.35 15.94 47 1.79 0
12:48 752.35 16.06 47 4.02 0
12:49 752.35 16.17 45 5.36 0
12:50 752.35 16.17 44 6.26 0
12:51 752.35 16.17 44 3.13 0
12:52 752.35 16.06 44 3.13 0
12:53 752.35 16.06 45 2.24 0
12:54 752.35 16.11 45 4.02 0
12:55 752.35 16.17 45 4.92 0
12:56 752.35 16.17 45 3.13 0
12:57 752.35 16.22 46 3.58 0
12:58 752.35 16.28 46 4.92 0
12:59 752.35 16.39 45 5.81 0
13:00 752.35 16.28 45 3.58 0
13:01 752.35 16.17 46 5.36 0
13:02 752.35 16.17 46 4.02 0
13:03 752.35 16.11 47 3.58 0
13:04 752.35 16.06 46 2.24 0
13:05 752.35 16.06 46 3.58 0
13:06 752.35 16.11 47 5.81 0
13:07 752.35 16.11 47 1.79 0
13:08 752.35 16.22 47 4.92 0
13:09 752.35 16.28 46 4.92 0
13:10 752.35 16.33 47 3.58 0
13:11 752.35 16.44 47 7.6 0
13:12 752.35 16.44 44 5.81 0
13:13 752.35 16.39 43 2.68 0
13:14 752.35 16.33 44 5.81 0
13:15 752.35 16.28 44 5.36 0
13:16 752.35 16.22 45 4.47 0
13:17 752.35 16.22 45 4.47 0
13:18 752.35 16.22 45 3.13 0
13:19 752.35 16.17 44 .89 0
13:20 752.35 16.17 45 .89 0
13:21 752.35 16.22 46 1.34 0
13:22 752.35 16.28 46 .89 0
13:23 752.35 16.33 46 1.34 0
13:24 752.35 16.44 48 4.02 0
13:25 752.35 16.56 46 2.24 0
13:26 752.35 16.61 45 4.02 0
13:27 752.35 16.61 46 2.68 0
13:28 752.35 16.67 46 2.68 0
13:29 752.35 16.78 47 4.92 0
13:30 752.35 16.78 46 6.26 0
13:31 752.35 16.72 44 3.58 0
13:32 752.35 16.72 45 6.71 0
13:33 752.35 16.67 44 5.36 0
13:34 752.35 16.67 45 4.47 0
13:35 752.35 16.67 43 4.47 0
13:36 752.35 16.61 44 4.47 0
13:37 752.35 16.56 45 4.47 0
13:38 752.35 16.67 45 5.36 0
13:39 752.35 16.72 45 4.47 0
13:40 752.35 16.72 43 7.15 0
13:41 752.35 16.67 41 5.36 0
13:42 752.35 16.61 42 2.68 0
13:43 752.35 16.56 43 4.47 0
13:44 752.35 16.56 44 4.02 0
13:45 752.35 16.61 44 1.34 0
13:46 752.35 16.61 44 4.02 0
13:47 752.35 16.61 42 3.58 0
13:48 752.35 16.61 44 4.02 0
13:49 752.35 16.61 45 4.47 0
13:50 752.35 16.61 44 5.81 0
13:51 752.35 16.56 44 6.71 0
13:52 752.35 16.5 42 3.13 0
13:53 752.35 16.44 43 4.47 0
13:54 752.35 16.44 45 5.81 0
13:55 752.35 16.5 44 7.15 0
13:56 752.35 16.5 45 5.81 0
13:57 752.35 16.33 44 6.26 0
13:58 752.35 16.22 44 5.81 0
13:59 752.35 16.22 44 7.6 0
14:00 752.35 16.11 43 4.47 0
14:01 752.35 16.11 45 5.36 0
14:02 752.35 16.22 44 4.47 0
14:03 752.35 16.33 45 5.81 0
14:04 752.35 16.5 44 4.47 0
14:05 752.35 16.61 44 4.92 0
14:06 752.35 16.61 45 4.47 0
14:07 752.35 16.72 45 2.24 0
14:08 752.35 16.78 44 1.79 0
14:09 752.35 16.78 44 4.02 0
14:10 752.35 16.83 44 4.47 0
14:11 752.35 16.83 43 5.36 0
14:12 752.35 16.78 44 4.47 0
14:13 752.35 16.72 43 5.81 0
14:14 752.35 16.61 43 5.36 0
14:15 752.35 16.5 43 5.81 0
14:16 752.35 16.5 44 6.71 0
14:17 752.35 16.44 44 6.71 0
14:18 752.35 16.5 44 5.81 0
14:19 752.35 16.56 45 4.02 0
14:20 752.35 16.67 46 5.36 0
14:21 752.35 16.78 45 6.26 0
14:22 752.35 16.78 43 7.6 0
14:23 752.35 16.78 43 4.02 0
14:24 752.35 16.83 44 6.71 0
14:25 752.35 16.83 43 2.68 0
14:26 752.35 16.78 42 4.02 0
14:27 752.35 16.78 43 4.47 0
14:28 752.35 16.78 44 4.47 0
14:29 752.35 16.72 44 5.36 0
14:30 752.35 16.78 43 2.68 0
14:31 752.35 16.78 43 3.13 0
14:32 752.35 16.83 44 6.71 0
14:33 752.35 16.83 42 7.6 0
14:34 752.35 16.78 41 4.02 0
14:35 752.6 16.72 42 3.13 0
14:36 752.35 16.72 42 6.71 0
14:37 752.35 16.67 40 5.81 0
14:38 752.35 16.56 40 4.47 0
14:39 752.35 16.61 42 8.49 0
14:40 752.35 16.61 41 7.15 0
14:41 752.35 16.56 41 5.36 0
14:42 752.35 16.5 40 5.36 0
14:43 752.35 16.44 41 4.47 0
14:44 752.35 16.5 42 3.58 0
14:45 752.35 16.67 43 3.58 0
14:46 752.35 16.67 39 4.47 0
14:47 752.6 16.61 39 4.02 0
14:48 752.35 16.56 40 6.26 0
14:49 752.35 16.61 41 7.15 0
14:50 752.35 16.72 41 3.58 0
14:51 752.35 16.83 42 3.58 0
14:52 752.6 16.83 40 6.26 0
14:53 752.6 16.83 40 5.36 0
14:54 752.6 16.83 40 4.02 0
14:55 752.6 16.78 40 4.02 0
14:56 752.35 16.67 39 1.34 0
14:57 752.35 16.67 41 1.34 0
14:58 752.35 16.78 41 5.36 0
14:59 752.35 16.78 43 4.47 0
15:00 752.35 16.83 43 7.6 0
15:01 752.6 16.78 43 6.71 0
15:02 752.6 16.72 43 5.36 0
15:03 752.35 16.67 44 4.92 0
15:04 752.6 16.67 44 4.02 0
15:05 752.6 16.72 44 4.02 0
15:06 752.6 16.72 44 4.02 0
15:07 752.6 16.72 42 5.36 0
15:08 752.35 16.72 42 4.47 0
15:09 752.35 16.78 43 2.68 0
15:10 752.35 16.89 43 7.15 0
15:11 752.6 16.89 41 3.13 0
15:12 752.6 16.89 42 5.36 0
15:13 752.35 16.89 43 4.92 0
15:14 752.35 16.78 44 4.02 0
15:15 752.6 16.72 44 2.68 0
15:16 752.6 16.72 44 4.47 0
15:17 752.35 16.72 44 1.79 0
15:18 752.35 16.72 45 4.92 0
15:19 752.35 16.67 44 7.15 0
15:20 752.35 16.67 44 4.92 0
15:21 752.35 16.67 45 8.94 0
15:22 752.35 16.67 45 4.47 0
15:23 752.35 16.61 44 7.6 0
15:24 752.35 16.61 43 5.36 0
15:25 752.35 16.56 44 5.81 0
15:26 752.6 16.44 44 5.81 0
15:27 752.35 16.56 45 4.92 0
15:28 752.35 16.56 45 6.71 0
15:29 752.35 16.61 45 5.81 0
15:30 752.35 16.67 44 5.36 0
15:31 752.35 16.61 44 3.58 0
15:32 752.35 16.67 44 4.47 0
15:33 752.35 16.72 45 2.68 0
15:34 752.35 16.72 45 3.13 0
15:35 752.35 16.78 44 2.24 0
15:36 752.35 16.83 45 3.58 0
15:37 752.35 16.83 44 2.24 0
15:38 752.35 16.89 45 3.58 0
15:39 752.35 16.94 46 4.92 0
15:40 752.35 16.94 42 3.58 0
15:41 752.35 16.94 45 3.58 0
15:42 752.35 16.94 45 4.47 0
15:43 752.35 17 44 6.71 0
15:44 752.35 16.89 42 4.47 0
15:45 752.35 16.83 44 6.71 0
15:46 752.35 16.78 44 6.71 0
15:47 752.35 16.72 43 5.81 0
15:48 752.35 16.67 44 4.02 0
15:49 752.35 16.67 44 6.71 0
15:50 752.35 16.56 43 4.02 0
15:51 752.35 16.44 43 4.92 0
15:52 752.35 16.44 44 1.79 0
15:53 752.35 16.44 44 4.47 0
15:54 752.35 16.44 44 5.36 0
15:55 752.35 16.44 45 4.47 0
15:56 752.35 16.44 43 7.15 0
15:57 752.35 16.33 44 2.68 0
15:58 752.35 16.33 44 3.58 0
15:59 752.35 16.33 44 5.81 0
16:00 752.35 16.33 44 4.02 0
16:01 752.35 16.33 44 4.02 0
16:02 752.35 16.33 45 2.68 0
16:03 752.35 16.33 45 4.02 0
16:04 752.35 16.33 44 1.79 0
16:05 752.35 16.39 45 4.47 0
16:06 752.35 16.39 44 6.71 0
16:07 752.35 16.33 43 7.6 0
16:08 752.35 16.28 44 4.47 0
16:09 752.35 16.28 44 4.47 0
16:10 752.35 16.28 45 4.47 0
16:11 752.35 16.28 44 4.47 0
16:12 752.35 16.33 44 3.13 0
16:13 752.35 16.39 44 6.26 0
16:14 752.35 16.44 44 2.68 0
16:15 752.35 16.44 43 4.47 0
16:16 752.35 16.5 42 4.92 0
16:17 752.35 16.5 43 5.36 0
16:18 752.35 16.5 43 4.92 0
16:19 752.35 16.5 42 7.15 0
16:20 752.35 16.44 42 4.92 0
16:21 752.35 16.39 41 5.36 0
16:22 752.35 16.33 42 4.92 0
16:23 752.35 16.33 43 4.92 0
16:24 752.35 16.44 44 5.36 0
16:25 752.35 16.56 43 5.36 0
16:26 752.35 16.56 42 6.71 0
16:27 752.35 16.5 42 6.71 0
16:28 752.35 16.5 42 5.36 0
16:29 752.35 16.44 42 4.92 0
16:30 752.35 16.44 42 3.13 0
16:31 752.35 16.44 43 3.58 0
16:32 752.35 16.44 43 5.81 0
16:33 752.35 16.44 42 3.58 0
16:34 752.35 16.44 43 2.24 0
16:35 752.35 16.5 45 4.47 0
16:36 752.6 16.56 44 5.36 0
16:37 752.35 16.56 42 5.81 0
16:38 752.35 16.56 43 4.02 0
16:39 752.6 16.56 43 4.92 0
16:40 752.35 16.56 43 2.68 0
16:41 752.6 16.61 44 4.92 0
16:42 752.35 16.61 44 2.68 0
16:43 752.6 16.67 43 8.05 0
16:44 752.6 16.56 43 5.36 0
16:45 752.35 16.44 44 6.71 0
16:46 752.35 16.39 43 4.47 0
16:47 752.35 16.33 43 7.6 0
16:48 752.35 16.28 43 4.02 0
16:49 752.35 16.22 42 5.81 0
16:50 752.6 16.22 43 3.58 0
16:51 752.6 16.22 43 4.92 0
16:52 752.6 16.17 43 2.68 0
16:53 752.6 16.17 44 4.02 0
16:54 752.6 16.28 44 6.71 0
16:55 752.6 16.22 43 4.02 0
16:56 752.6 16.17 43 5.36 0
16:57 752.6 16.22 43 6.26 0
16:58 752.6 16.22 43 4.02 0
16:59 752.6 16.22 43 5.81 0
17:00 752.6 16.28 44 2.68 0
17:01 752.6 16.39 44 5.81 0
17:02 752.6 16.39 42 4.02 0
17:03 752.6 16.39 43 5.36 0
17:04 752.6 16.44 43 4.92 0
17:05 752.86 16.44 42 5.36 0
17:06 752.86 16.5 43 7.6 0
17:07 752.86 16.39 41 6.71 0
17:08 752.86 16.39 42 4.92 0
17:09 752.6 16.33 40 5.81 0
17:10 752.86 16.33 41 5.36 0
17:11 752.6 16.28 40 5.81 0
17:12 752.86 16.28 40 2.68 0
17:13 752.86 16.22 40 4.02 0
17:14 752.86 16.17 41 6.26 0
17:15 752.86 16.17 42 5.36 0
17:16 752.86 16.17 41 4.92 0
17:17 752.86 16.17 41 4.02 0
17:18 752.6 16.11 40 8.49 0
17:19 752.86 16.06 42 5.36 0
17:20 752.86 16 41 4.92 0
17:21 752.6 16 41 4.02 0
17:22 752.86 16 40 4.02 0
17:23 752.6 15.94 40 2.68 0
17:24 752.6 15.94 41 2.24 0
17:25 752.6 16 41 4.02 0
17:26 752.6 16.06 41 2.68 0
17:27 752.86 16.11 40 2.68 0
17:28 752.86 16.11 40 4.47 0
17:29 752.86 16.11 40 5.36 0
17:30 752.86 16.06 39 5.36 0
17:31 752.86 16 39 6.26 0
17:32 752.86 15.94 40 6.26 0
17:33 752.86 15.94 40 4.92 0
17:34 752.86 15.94 40 3.58 0
17:35 752.86 16 41 4.47 0
17:36 752.86 16.06 41 6.71 0
17:37 752.86 16 39 5.36 0
17:38 752.86 16 40 4.02 0
17:39 752.86 16 40 3.13 0
17:40 752.86 16.06 40 2.68 0
17:41 752.86 16.11 40 4.02 0
17:42 752.86 16.11 40 4.02 0
17:43 752.6 16.11 40 3.58 0
17:44 752.86 16.11 41 3.13 0
17:45 752.86 16.11 40 2.68 0
17:46 752.86 16.11 40 5.36 0
17:47 752.86 16.06 39 4.47 0
17:48 752.86 15.94 39 4.92 0
17:49 752.86 15.89 39 4.02 0
17:50 752.86 15.83 40 4.47 0
17:51 752.6 15.78 40 5.81 0
17:52 752.6 15.72 39 5.36 0
17:53 752.86 15.61 39 5.81 0
17:54 752.86 15.56 39 4.02 0
17:55 752.86 15.44 39 4.02 0
17:56 752.86 15.5 39 2.68 0
17:57 752.86 15.44 39 4.47 0
17:58 752.86 15.5 40 3.58 0
17:59 752.86 15.56 40 3.58 0
18:00 752.86 15.56 40 4.02 0
18:01 752.86 15.67 40 5.81 0
18:02 752.86 15.67 39 3.58 0
18:03 752.86 15.67 39 4.47 0
18:04 752.86 15.72 39 6.26 0
18:05 752.86 15.72 38 5.81 0
18:06 752.86 15.67 38 4.92 0
18:07 752.86 15.61 38 4.47 0
18:08 752.86 15.61 39 3.58 0
18:09 752.86 15.67 40 4.02 0
18:10 752.86 15.67 39 4.92 0
18:11 752.86 15.67 39 5.81 0
18:12 752.86 15.67 38 6.26 0
18:13 752.86 15.56 38 6.26 0
18:14 752.86 15.56 38 4.92 0
18:15 752.86 15.5 39 5.36 0
18:16 752.86 15.56 39 5.81 0
18:17 752.86 15.5 38 4.02 0
18:18 752.86 15.44 38 5.36 0
18:19 752.86 15.44 38 4.47 0
18:20 752.86 15.44 38 3.13 0
18:21 752.86 15.44 38 5.36 0
18:22 752.86 15.39 38 5.81 0
18:23 752.86 15.33 38 2.24 0
18:24 752.86 15.33 37 4.02 0
18:25 752.86 15.28 37 4.92 0
18:26 752.86 15.22 38 4.47 0
18:27 752.86 15.22 38 1.34 0
18:28 752.86 15.22 38 3.58 0
18:29 752.86 15.22 38 5.81 0
18:30 752.86 15.28 38 4.47 0
18:31 752.86 15.28 38 4.47 0
18:32 752.86 15.22 38 1.79 0
18:33 752.86 15.28 39 3.58 0
18:34 752.86 15.28 39 3.58 0
18:35 752.86 15.28 39 4.92 0
18:36 752.86 15.33 39 2.24 0
18:37 753.11 15.33 40 2.68 0
18:38 752.86 15.28 38 4.47 0
18:39 753.11 15.22 38 2.68 0
18:40 752.86 15.17 38 3.13 0
18:41 752.86 15.06 38 3.58 0
18:42 752.86 15.06 39 4.02 0
18:43 752.86 15 39 3.58 0
18:44 752.86 15 39 2.68 0
18:45 752.86 14.89 39 4.92 0
18:46 752.86 14.83 38 4.47 0
18:47 752.86 14.78 39 3.58 0
18:48 752.86 14.78 39 4.92 0
18:49 752.86 14.78 39 6.71 0
18:50 752.86 14.78 38 4.92 0
18:51 752.86 14.78 39 2.24 0
18:52 752.86 14.78 39 3.58 0
18:53 752.86 14.78 38 4.47 0
18:54 753.11 14.72 40 3.58 0
18:55 752.86 14.72 40 2.24 0
18:56 752.86 14.72 40 3.13 0
18:57 753.11 14.72 39 4.02 0
18:58 753.11 14.72 38 3.58 0
18:59 752.86 14.67 40 2.68 0
19:00 753.11 14.61 40 4.47 0
19:01 753.11 14.56 39 3.58 0
19:02 752.86 14.56 39 2.24 0
19:03 752.86 14.56 39 3.13 0
19:04 752.86 14.5 39 5.81 0
19:05 752.86 14.5 40 4.47 0
19:06 752.86 14.44 40 4.02 0
19:07 752.86 14.39 39 3.58 0
19:08 752.86 14.39 40 3.58 0
19:09 752.86 14.39 40 4.02 0
19:10 752.86 14.39 40 2.68 0
19:11 752.86 14.39 40 3.58 0
19:12 752.86 14.33 39 4.92 0
19:13 752.86 14.33 40 4.02 0
19:14 753.11 14.33 40 2.68 0
19:15 752.86 14.39 41 2.68 0
19:16 752.86 14.39 40 2.68 0
19:17 752.86 14.39 40 4.02 0
19:18 752.86 14.39 40 2.24 0
19:19 752.86 14.39 40 4.02 0
19:20 752.86 14.39 40 4.47 0
19:21 752.86 14.39 41 3.58 0
19:22 752.86 14.39 40 3.58 0
19:23 752.86 14.39 40 3.58 0
19:24 752.86 14.33 40 2.24 0
19:25 752.86 14.39 41 2.24 0
19:26 752.86 14.39 41 5.81 0
19:27 752.86 14.39 40 3.58 0
19:28 752.86 14.39 40 3.58 0
19:29 752.86 14.39 40 5.36 0
19:30 752.86 14.39 40 3.58 0
19:31 752.86 14.39 40 4.47 0
19:32 752.86 14.39 40 3.58 0
19:33 753.11 14.33 40 4.92 0
19:34 753.11 14.33 41 2.24 0
19:35 753.11 14.28 40 5.36 0
19:36 753.11 14.28 39 2.68 0
19:37 753.11 14.28 40 5.36 0
19:38 753.11 14.28 40 4.47 0
19:39 753.11 14.22 40 3.13 0
19:40 753.11 14.22 41 4.47 0
19:41 753.11 14.22 40 4.02 0
19:42 753.11 14.17 40 4.92 0
19:43 753.11 14.11 40 2.68 0
19:44 753.11 14.11 41 4.02 0
19:45 753.11 14.11 40 4.92 0
19:46 753.11 14.06 40 4.02 0
19:47 753.11 14.06 40 2.68 0
19:48 753.11 14 41 2.24 0
19:49 753.11 14 41 3.58 0
19:50 753.11 13.94 41 3.58 0
19:51 753.11 13.89 41 3.58 0
19:52 753.11 13.89 41 2.24 0
19:53 753.11 13.89 42 2.24 0
19:54 753.11 13.83 42 1.79 0
19:55 753.11 13.78 42 1.79 0
19:56 753.11 13.78 42 2.68 0
19:57 753.11 13.72 42 3.58 0
19:58 753.11 13.67 42 2.68 0
19:59 753.11 13.67 42 2.24 0
20:00 753.11 13.61 42 2.24 0
20:01 753.11 13.56 42 2.68 0
20:02 753.11 13.56 42 2.68 0
20:03 753.11 13.5 43 2.68 0
20:04 753.11 13.44 43 2.68 0
20:05 753.11 13.44 43 2.68 0
20:06 753.11 13.39 43 2.24 0
20:07 753.11 13.44 43 1.79 0
20:08 753.11 13.39 43 2.24 0
20:09 753.11 13.39 43 1.79 0
20:10 753.11 13.33 43 2.24 0
20:11 753.11 13.33 44 3.58 0
20:12 753.11 13.33 43 4.47 0
20:13 753.36 13.28 43 3.58 0
20:14 753.36 13.28 43 4.02 0
20:15 753.36 13.17 43 2.68 0
20:16 753.36 13.17 43 1.79 0
20:17 753.36 13.11 43 1.79 0
20:18 753.36 13.11 44 3.58 0
20:19 753.36 13.06 44 3.58 0
20:20 753.36 13.06 43 2.68 0
20:21 753.36 13 44 1.34 0
20:22 753.36 13 44 2.68 0
20:23 753.36 12.94 43 2.68 0
20:24 753.36 12.89 43 1.79 0
20:25 753.36 12.83 44 2.24 0
20:26 753.36 12.83 44 2.24 0
20:27 753.36 12.78 44 1.79 0
20:28 753.36 12.72 44 1.79 0
20:29 753.36 12.67 44 2.24 0
20:30 753.36 12.61 44 1.79 0
20:31 753.36 12.61 44 1.79 0
20:32 753.36 12.61 44 1.79 0
20:33 753.36 12.56 45 1.79 0
20:34 753.36 12.5 45 1.34 0
20:35 753.36 12.44 45 1.79 0
20:36 753.36 12.44 45 1.34 0
20:37 753.36 12.44 46 1.34 0
20:38 753.36 12.33 46 .89 0
20:39 753.36 12.28 46 1.34 0
20:40 753.36 12.28 47 .89 0
20:41 753.36 12.22 47 .89 0
20:42 753.36 12.17 48 .89 0
20:43 753.36 12.17 48 .89 0
20:44 753.36 12.11 48 1.34 0
20:45 753.36 12.06 48 1.79 0
20:46 753.36 12 48 1.34 0
20:47 753.36 11.94 48 1.79 0
20:48 753.36 11.94 47 1.79 0
20:49 753.36 11.89 49 1.34 0
20:50 753.36 11.83 48 1.34 0
20:51 753.62 11.78 49 1.34 0
20:52 753.36 11.72 49 .45 0
20:53 753.62 11.67 50 .89 0
20:54 753.36 11.67 49 .89 0
20:55 753.62 11.56 50 .45 0
20:56 753.62 11.56 50 .89 0
20:57 753.62 11.5 51 .89 0
20:58 753.62 11.44 51 .89 0
20:59 753.36 11.39 51 .89 0
21:00 753.62 11.33 50 .89 0
21:01 753.62 11.33 51 .89 0
21:02 753.62 11.28 51 1.79 0
21:03 753.36 11.22 51 1.34 0
21:04 753.62 11.17 52 .89 0
21:05 753.62 11.17 51 .89 0
21:06 753.62 11.11 51 1.34 0
21:07 753.62 11.06 52 1.79 0
21:08 753.62 11.06 51 1.34 0
21:09 753.62 11 52 1.79 0
21:10 753.62 11 52 1.79 0
21:11 753.62 11 52 1.34 0
21:12 753.62 10.94 52 1.79 0
21:13 753.62 10.94 52 1.34 0
21:14 753.62 10.94 51 2.24 0
21:15 753.62 10.94 52 1.79 0
21:16 753.62 10.89 52 1.79 0
21:17 753.62 10.89 52 2.24 0
21:18 753.62 10.83 51 1.34 0
21:19 753.62 10.83 52 1.79 0
21:20 753.62 10.83 52 1.79 0
21:21 753.62 10.83 53 2.68 0
21:22 753.62 10.83 51 1.34 0
21:23 753.62 10.89 52 1.34 0
21:24 753.62 10.89 53 1.79 0
21:25 753.62 10.83 53 1.34 0
21:26 753.62 10.83 52 1.79 0
21:27 753.62 10.83 52 1.79 0
21:28 753.62 10.78 53 1.79 0
21:29 753.62 10.78 53 1.34 0
21:30 753.62 10.78 53 1.34 0
21:31 753.62 10.78 53 1.34 0
21:32 753.62 10.72 53 1.34 0
21:33 753.62 10.72 53 1.34 0
21:34 753.62 10.67 53 1.79 0
21:35 753.62 10.61 53 1.34 0
21:36 753.62 10.61 54 1.34 0
21:37 753.62 10.61 54 2.24 0
21:38 753.62 10.56 54 1.79 0
21:39 753.62 10.56 53 1.79 0
21:40 753.62 10.56 54 2.24 0
21:41 753.62 10.56 53 1.79 0
21:42 753.62 10.56 54 1.34 0
21:43 753.62 10.5 54 1.34 0
21:44 753.62 10.5 54 1.79 0
21:45 753.62 10.44 54 2.24 0
21:46 753.62 10.5 54 1.34 0
21:47 753.62 10.44 54 .89 0
21:48 753.87 10.44 54 1.34 0
21:49 753.87 10.39 54 2.24 0
21:50 753.62 10.33 53 2.24 0
21:51 753.62 10.39 54 3.13 0
21:52 753.62 10.33 53 .89 0
21:53 753.62 10.33 54 1.79 0
21:54 753.62 10.28 54 1.79 0
21:55 753.62 10.28 54 2.24 0
21:56 753.62 10.28 54 2.24 0
21:57 753.62 10.28 54 1.79 0
21:58 753.62 10.22 54 1.79 0
21:59 753.62 10.28 54 2.24 0
22:00 753.62 10.22 54 3.13 0
22:01 753.62 10.22 54 1.79 0
22:02 753.62 10.17 54 2.68 0
22:03 753.62 10.17 54 1.79 0
22:04 753.62 10.17 54 1.34 0
22:05 753.62 10.17 55 1.79 0
22:06 753.62 10.11 55 .89 0
22:07 753.87 10.06 55 1.79 0
22:08 753.87 10.06 55 1.79 0
22:09 753.87 10.06 55 1.79 0
22:10 753.87 10 55 1.34 0
22:11 753.87 10 55 2.24 0
22:12 753.87 9.94 55 2.24 0
22:13 753.87 9.94 55 2.24 0
22:14 753.87 9.89 55 1.34 0
22:15 753.87 9.89 55 1.34 0
22:16 753.87 9.83 55 1.34 0
22:17 753.87 9.83 56 1.34 0
22:18 753.87 9.78 56 1.79 0
22:19 753.87 9.78 56 1.79 0
22:20 753.87 9.72 56 1.79 0
22:21 753.87 9.72 56 1.79 0
22:22 753.87 9.67 56 1.79 0
22:23 753.87 9.67 56 1.79 0
22:24 753.87 9.67 56 1.79 0
22:25 753.87 9.61 56 1.79 0
22:26 753.87 9.61 56 1.79 0
22:27 753.87 9.56 57 2.24 0
22:28 753.87 9.5 57 1.34 0
22:29 753.87 9.5 57 1.34 0
22:30 753.87 9.5 58 1.34 0
22:31 753.87 9.44 58 1.79 0
22:32 753.87 9.44 58 1.34 0
22:33 753.87 9.44 58 1.34 0
22:34 753.87 9.39 58 2.24 0
22:35 753.87 9.44 58 1.34 0
22:36 753.87 9.39 58 1.79 0
22:37 753.87 9.39 58 2.24 0
22:38 753.87 9.44 57 3.58 0
22:39 753.87 9.44 57 1.34 0
22:40 753.87 9.44 58 1.79 0
22:41 753.87 9.39 58 1.34 0
22:42 753.87 9.39 58 2.24 0
22:43 753.87 9.33 58 1.79 0
22:44 753.87 9.33 58 1.79 0
22:45 753.87 9.33 58 1.79 0
22:46 753.87 9.33 58 1.34 0
22:47 753.87 9.33 58 2.24 0
22:48 753.87 9.33 58 1.79 0
22:49 753.87 9.28 58 1.34 0
22:50 753.87 9.28 57 2.24 0
22:51 753.87 9.28 58 1.34 0
22:52 753.87 9.28 58 2.68 0
22:53 753.87 9.28 58 2.24 0
22:54 753.87 9.22 58 1.34 0
22:55 753.87 9.22 59 2.24 0
22:56 753.87 9.17 58 1.79 0
22:57 753.87 9.17 59 1.34 0
22:58 753.87 9.17 59 1.79 0
22:59 753.87 9.17 59 1.79 0
23:00 753.87 9.11 58 1.34 0
23:01 753.87 9.11 59 3.13 0
23:02 753.87 9.06 59 2.24 0
23:03 753.87 9.06 59 1.79 0
23:04 753.87 9 59 2.24 0
23:05 753.87 9 59 .89 0
23:06 753.87 9 60 1.79 0
23:07 753.87 8.94 60 1.34 0
23:08 753.87 8.89 60 1.79 0
23:09 753.87 8.89 60 1.79 0
23:10 753.87 8.89 60 1.79 0
23:11 753.87 8.89 60 1.34 0
23:12 753.87 8.83 61 1.34 0
23:13 753.87 8.83 60 1.34 0
23:14 753.87 8.78 60 1.34 0
23:15 753.87 8.78 60 2.24 0
23:16 753.87 8.72 61 .89 0
23:17 753.87 8.72 60 1.79 0
23:18 753.87 8.67 61 1.34 0
23:19 753.87 8.67 61 3.13 0
23:20 753.87 8.67 60 1.34 0
23:21 753.87 8.67 61 2.24 0
23:22 753.87 8.61 60 2.68 0
23:23 753.87 8.61 60 3.13 0
23:24 753.87 8.61 60 2.24 0
23:25 753.87 8.61 60 2.68 0
23:26 753.87 8.61 60 3.13 0
23:27 753.87 8.61 60 2.24 0
23:28 753.87 8.61 60 2.24 0
23:29 753.87 8.61 60 3.13 0
23:30 753.87 8.61 60 2.68 0
23:31 753.87 8.61 60 1.79 0
23:32 753.87 8.61 60 1.79 0
23:33 753.87 8.61 60 1.79 0
23:34 753.87 8.56 60 1.79 0
23:35 753.87 8.61 60 3.13 0
23:36 753.87 8.56 60 2.24 0
23:37 753.87 8.56 61 2.24 0
23:38 753.87 8.61 60 1.79 0
23:39 753.87 8.56 61 1.79 0
23:40 753.87 8.61 60 2.24 0
23:41 753.87 8.56 61 2.24 0
23:42 753.87 8.61 60 1.79 0
23:43 753.87 8.61 60 3.13 0
23:44 753.87 8.61 60 2.24 0
23:45 753.87 8.61 60 1.34 0
23:46 754.13 8.61 60 2.24 0
23:47 753.87 8.61 60 2.24 0
23:48 753.87 8.56 60 2.24 0
23:49 753.87 8.61 60 2.24 0
23:50 753.87 8.56 61 1.79 0
23:51 753.87 8.56 60 2.68 0
23:52 753.87 8.56 60 2.68 0
23:53 753.87 8.56 60 2.68 0
23:54 753.87 8.56 60 2.68 0
23:55 753.87 8.56 60 2.24 0
23:56 753.87 8.5 60 1.79 0
23:57 753.87 8.5 61 3.58 0
23:58 754.13 8.5 61 2.24 0
23:59 754.13 8.44 61 3.13 0
