00:00 733.81 8 84 4.02 0
00:01 733.81 7.94 84 4.02 0
00:02 733.81 8 84 1.79 0
00:03 733.81 7.94 84 3.13 0
00:04 733.81 7.94 84 1.79 0
00:05 733.81 7.94 84 3.13 0
00:06 733.81 7.94 84 1.79 0
00:07 733.81 7.94 84 1.34 0
00:08 733.81 7.89 84 1.79 0
00:09 733.81 7.89 84 1.34 0
00:10 733.81 7.83 84 1.79 0
00:11 733.81 7.83 84 3.13 0
00:12 733.81 7.83 84 1.79 0
00:13 733.81 7.83 84 3.13 0
00:14 733.81 7.83 84 1.34 0
00:15 733.81 7.78 84 1.79 0
00:16 733.81 7.78 84 1.79 0
00:17 733.81 7.78 84 2.24 0
00:18 733.81 7.83 85 .89 0
00:19 733.81 7.78 85 1.34 0
00:20 733.81 7.78 85 3.58 0
00:21 733.81 7.78 85 3.58 0
00:22 733.81 7.78 85 2.24 0
00:23 733.81 7.78 85 2.68 0
00:24 733.81 7.78 85 1.79 0
00:25 733.81 7.78 85 1.79 0
00:26 733.81 7.78 85 3.13 0
00:27 733.81 7.78 85 1.34 0
00:28 733.81 7.78 85 3.13 0
00:29 733.81 7.78 85 1.34 0
00:30 733.81 7.83 85 1.34 0
00:31 733.81 7.83 85 3.13 0
00:32 733.81 7.83 85 1.79 0
00:33 733.81 7.83 85 .89 0
00:34 733.81 7.83 85 .89 0
00:35 733.81 7.78 85 2.68 0
00:36 733.81 7.83 85 3.58 0
00:37 733.81 7.83 85 3.13 0
00:38 733.81 7.83 85 1.79 0
00:39 733.81 7.83 85 3.13 0
00:40 733.81 7.83 85 1.79 0
00:41 733.81 7.83 85 1.79 0
00:42 733.81 7.83 85 2.68 0
00:43 733.81 7.83 85 1.79 0
00:44 733.81 7.83 85 4.47 0
00:45 733.81 7.83 85 3.13 0
00:46 733.81 7.83 85 1.34 0
00:47 733.81 7.89 85 .89 0
00:48 733.81 7.83 85 .89 0
00:49 733.81 7.78 85 2.24 0
00:50 733.81 7.78 85 3.58 0
00:51 733.81 7.72 85 1.34 0
00:52 733.81 7.78 85 1.79 0
00:53 733.81 7.72 85 .89 0
00:54 733.81 7.72 85 .45 0
00:55 733.81 7.72 85 1.79 0
00:56 733.81 7.67 85 3.13 0
00:57 733.81 7.67 85 3.13 0
00:58 733.81 7.61 85 .89 0
00:59 733.81 7.61 85 1.79 0
01:00 733.81 7.61 85 1.79 0
01:01 733.81 7.56 85 1.79 0
01:02 733.81 7.56 85 .89 0
01:03 733.81 7.56 85 1.34 0
01:04 733.81 7.56 85 1.34 0
01:05 733.81 7.56 85 1.34 0
01:06 733.81 7.56 85 .89 0
01:07 733.81 7.56 85 1.34 0
01:08 733.81 7.5 85 .89 0
01:09 733.81 7.44 85 3.13 0
01:10 733.81 7.5 85 1.79 0
01:11 733.81 7.5 85 1.34 0
01:12 733.81 7.5 85 1.34 0
01:13 733.81 7.5 85 1.34 0
01:14 733.81 7.44 85 1.34 0
01:15 733.81 7.44 85 1.34 0
01:16 733.81 7.44 85 .45 0
01:17 733.81 7.39 85 3.13 0
01:18 733.81 7.39 85 1.34 0
01:19 733.81 7.39 85 1.34 0
01:20 733.81 7.33 85 1.34 0
01:21 733.81 7.33 85 1.79 0
01:22 733.81 7.33 85 1.79 0
01:23 733.81 7.28 85 2.68 0
01:24 733.81 7.28 86 .89 0
01:25 733.81 7.22 86 1.79 0
01:26 733.81 7.28 85 1.34 0
01:27 733.81 7.22 86 1.79 0
01:28 733.81 7.22 86 2.68 0
01:29 733.81 7.22 86 .89 0
01:30 733.81 7.17 86 4.02 0
01:31 733.81 7.17 86 1.34 0
01:32 733.81 7.17 86 3.13 0
01:33 733.81 7.17 86 1.79 0
01:34 733.81 7.17 86 1.34 0
01:35 733.81 7.11 86 1.34 0
01:36 733.81 7.11 86 1.34 0
01:37 733.81 7.11 86 1.79 0
01:38 733.81 7.06 86 .45 0
01:39 733.81 7.11 86 2.68 0
01:40 733.81 7.06 86 1.34 0
01:41 733.81 7.06 86 1.34 0
01:42 733.81 7 86 .89 0
01:43 733.81 7 86 1.34 0
01:44 733.81 7 86 1.34 0
01:45 733.81 7 86 3.13 0
01:46 733.81 7 86 1.79 0
01:47 733.81 7 86 2.68 0
01:48 733.81 7 86 1.79 0
01:49 733.81 7.06 86 1.79 0
01:50 733.81 7 86 2.68 0
01:51 733.81 7 86 .89 0
01:52 733.81 6.94 86 .89 0
01:53 733.81 7 86 3.13 0
01:54 733.81 7 87 1.79 0
01:55 733.81 7 86 1.34 0
01:56 733.81 7.06 87 1.79 0
01:57 733.81 7 87 3.13 0
01:58 733.81 7.06 87 1.34 0
01:59 733.81 7 87 .45 0
02:00 733.81 7.06 87 1.79 0
02:01 733.81 7.06 87 2.68 0
02:02 733.81 7.06 87 1.34 0
02:03 733.81 7 87 1.79 0
02:04 733.81 7 87 1.79 0
02:05 733.81 7.06 87 1.79 0
02:06 733.81 7.06 87 1.34 0
02:07 733.81 7.06 87 .45 0
02:08 733.81 7.06 87 3.13 0
02:09 733.81 7.06 87 .89 0
02:10 733.81 7.06 87 1.34 0
02:11 733.81 7.06 87 1.34 0
02:12 733.81 7.06 87 1.34 0
02:13 733.81 7.06 87 1.79 0
02:14 733.81 7.06 87 1.79 0
02:15 733.81 7.06 87 1.34 0
02:16 733.81 7.06 87 0 0
02:17 733.81 7.06 87 2.68 0
02:18 733.81 7.06 87 2.68 0
02:19 733.81 7.11 87 1.79 0
02:20 733.81 7.06 87 .89 0
02:21 733.81 7.06 87 .89 0
02:22 733.81 7.11 87 1.34 0
02:23 733.81 7.11 87 .89 0
02:24 733.81 7.11 87 1.34 0
02:25 733.81 7.11 87 1.34 0
02:26 733.81 7.11 87 2.68 0
02:27 733.81 7.11 87 .89 0
02:28 733.81 7.11 87 1.34 0
02:29 733.81 7.11 87 1.34 0
02:30 733.81 7.11 87 .89 0
02:31 733.81 7.17 87 .45 0
02:32 733.81 7.17 87 1.79 0
02:33 733.81 7.11 87 1.34 0
02:34 733.81 7.11 87 .89 0
02:35 733.81 7.17 87 1.79 0
02:36 733.81 7.17 87 1.79 0
02:37 733.81 7.17 87 1.34 0
02:38 733.81 7.17 87 1.79 0
02:39 733.81 7.17 87 3.58 0
02:40 733.81 7.17 87 1.34 0
02:41 733.81 7.22 87 1.34 0
02:42 733.81 7.22 87 2.68 0
02:43 733.81 7.17 87 1.34 0
02:44 733.81 7.22 87 2.24 0
02:45 733.81 7.22 87 .89 0
02:46 733.81 7.22 87 .89 0
02:47 733.81 7.22 87 .45 0
02:48 733.81 7.22 87 1.79 0
02:49 733.81 7.22 87 .89 0
02:50 733.81 7.22 87 .89 0
02:51 733.81 7.22 87 .45 0
02:52 733.81 7.17 87 .45 0
02:53 733.81 7.17 87 .89 0
02:54 733.81 7.17 87 .89 0
02:55 733.81 7.17 87 1.34 0
02:56 733.81 7.17 87 .45 0
02:57 733.81 7.17 87 .89 0
02:58 733.81 7.11 87 1.79 0
02:59 733.81 7.11 87 .45 0
03:00 733.81 7.11 88 1.34 0
03:01 733.81 7.06 88 .89 0
03:02 733.81 7.06 88 .45 0
03:03 733.81 7.06 88 .89 0
03:04 733.81 7.06 88 .45 0
03:05 733.81 7 88 .45 0
03:06 733.81 7 88 1.34 0
03:07 733.81 7 88 0 0
03:08 733.81 6.94 88 1.34 0
03:09 733.81 7 88 1.34 0
03:10 733.81 7 88 2.68 0
03:11 733.81 6.94 88 .89 0
03:12 733.81 7 88 1.79 0
03:13 733.81 6.94 88 1.34 0
03:14 733.81 6.94 88 .89 0
03:15 733.81 6.94 88 .89 0
03:16 733.81 6.94 88 1.34 0
03:17 733.81 6.94 88 .89 0
03:18 733.81 6.94 88 1.34 0
03:19 733.81 6.94 88 .45 0
03:20 733.81 7 88 .45 0
03:21 733.81 6.94 88 0 0
03:22 733.81 6.94 88 .89 0
03:23 733.81 6.94 88 .89 0
03:24 733.81 6.94 88 1.34 0
03:25 733.81 6.89 88 .45 0
03:26 733.81 6.89 88 .45 0
03:27 733.81 6.89 88 .89 0
03:28 733.81 6.83 88 .89 0
03:29 733.81 6.78 88 .45 0
03:30 733.81 6.83 88 1.34 0
03:31 733.81 6.78 88 .89 0
03:32 733.81 6.78 88 .89 0
03:33 733.81 6.72 88 1.34 0
03:34 733.81 6.72 88 1.79 0
03:35 733.81 6.78 88 1.34 0
03:36 733.81 6.72 88 1.34 0
03:37 733.81 6.67 88 .45 0
03:38 733.81 6.67 88 .89 0
03:39 733.81 6.67 88 .89 0
03:40 733.81 6.61 88 .45 0
03:41 733.81 6.61 88 .89 0
03:42 733.81 6.56 88 .89 0
03:43 733.81 6.5 88 .89 0
03:44 733.81 6.56 88 .89 0
03:45 733.81 6.5 88 .89 0
03:46 733.81 6.5 88 1.34 0
03:47 733.81 6.5 88 1.34 0
03:48 733.81 6.44 88 1.79 0
03:49 733.81 6.44 88 1.34 0
03:50 733.81 6.44 88 1.34 0
03:51 733.81 6.44 89 1.34 0
03:52 733.81 6.44 89 .89 0
03:53 733.81 6.44 89 .45 0
03:54 733.81 6.39 89 .45 0
03:55 733.81 6.39 88 .89 0
03:56 733.81 6.39 88 .89 0
03:57 733.81 6.39 89 .45 0
03:58 733.81 6.39 89 .89 0
03:59 733.81 6.33 89 .45 0
04:00 733.81 6.39 89 .45 0
04:01 733.81 6.33 89 .45 0
04:02 733.81 6.33 89 .89 0
04:03 733.81 6.33 89 1.79 0
04:04 733.81 6.33 89 .45 0
04:05 733.81 6.28 89 .45 0
04:06 733.81 6.28 89 .89 0
04:07 733.81 6.22 89 .45 0
04:08 733.81 6.22 89 1.34 0
04:09 733.81 6.17 89 .89 0
04:10 733.81 6.22 89 .89 0
04:11 733.81 6.17 89 1.79 0
04:12 733.81 6.17 89 .89 0
04:13 733.81 6.17 89 .89 0
04:14 733.81 6.17 89 .89 0
04:15 733.81 6.17 89 .89 0
04:16 733.81 6.17 89 .45 0
04:17 733.81 6.17 89 .89 0
04:18 733.81 6.17 89 0 0
04:19 733.81 6.22 89 1.34 0
04:20 733.81 6.22 90 .45 0
04:21 733.81 6.17 90 .45 0
04:22 733.81 6.22 90 .89 0
04:23 733.81 6.22 90 .89 0
04:24 733.81 6.22 90 .89 0
04:25 733.81 6.22 90 1.79 0
04:26 733.81 6.22 90 .89 0
04:27 733.81 6.28 90 1.34 0
04:28 733.81 6.28 90 1.34 0
04:29 733.81 6.33 90 .45 0
04:30 733.81 6.33 90 .45 0
04:31 733.81 6.33 90 .89 0
04:32 733.81 6.33 90 .89 0
04:33 733.81 6.33 90 1.34 0
04:34 733.81 6.39 90 1.79 0
04:35 733.81 6.39 90 .89 0
04:36 733.81 6.39 90 .45 0
04:37 733.81 6.44 90 1.34 0
04:38 733.81 6.39 90 .89 0
04:39 733.81 6.44 90 .89 0
04:40 733.81 6.44 90 .89 0
04:41 733.81 6.44 90 .45 0
04:42 733.81 6.44 90 .89 0
04:43 733.81 6.44 90 .45 0
04:44 733.81 6.5 90 .89 0
04:45 733.81 6.44 90 1.34 0
04:46 733.81 6.44 90 .45 0
04:47 733.81 6.44 90 .89 0
04:48 733.81 6.44 90 1.34 0
04:49 733.81 6.44 90 1.34 0
04:50 733.81 6.44 90 1.34 0
04:51 733.81 6.44 90 1.34 0
04:52 733.81 6.44 90 1.34 0
04:53 733.81 6.5 90 1.79 0
04:54 733.81 6.5 90 2.24 0
04:55 733.81 6.5 90 1.79 0
04:56 733.81 6.5 90 2.24 0
04:57 733.81 6.56 90 2.24 0
04:58 733.81 6.56 90 1.79 0
04:59 733.81 6.56 90 1.79 0
05:00 733.81 6.61 90 1.79 0
05:01 733.81 6.61 90 .89 0
05:02 733.81 6.61 90 .89 0
05:03 733.81 6.61 90 1.34 0
05:04 733.81 6.61 90 1.79 0
05:05 733.81 6.67 90 .89 0
05:06 733.81 6.67 90 3.13 0
05:07 733.81 6.67 90 2.24 0
05:08 733.81 6.61 90 1.34 0
05:09 733.81 6.61 90 2.24 0
05:10 733.81 6.67 90 2.24 0
05:11 733.81 6.67 90 2.68 0
05:12 733.81 6.61 90 2.24 0
05:13 733.81 6.67 90 1.79 0
05:14 733.81 6.67 90 .89 0
05:15 733.81 6.67 90 .89 0
05:16 733.81 6.67 90 2.24 0
05:17 733.81 6.61 90 1.79 0
05:18 733.81 6.67 90 1.79 0
05:19 733.81 6.67 90 1.79 0
05:20 733.81 6.67 90 1.79 0
05:21 733.81 6.67 90 3.58 0
05:22 733.81 6.67 90 1.34 0
05:23 733.81 6.67 90 3.13 0
05:24 733.81 6.67 90 2.24 0
05:25 733.81 6.72 90 1.34 0
05:26 733.81 6.72 90 1.79 0
05:27 733.81 6.72 90 .89 0
05:28 733.81 6.78 90 .89 0
05:29 733.81 6.72 90 1.79 0
05:30 733.81 6.72 90 .89 0
05:31 733.81 6.78 90 1.34 0
05:32 733.81 6.72 90 .89 0
05:33 733.81 6.72 90 1.34 0
05:34 733.81 6.78 90 .45 0
05:35 733.81 6.78 90 1.34 0
05:36 733.81 6.78 90 .89 0
05:37 733.81 6.78 89 1.34 0
05:38 733.81 6.78 89 .89 0
05:39 733.81 6.78 89 .89 0
05:40 733.81 6.78 89 .89 0
05:41 733.81 6.83 89 1.34 0
05:42 733.81 6.83 89 .45 0
05:43 733.81 6.83 89 0 0
05:44 733.81 6.83 89 1.34 0
05:45 733.81 6.83 89 .89 0
05:46 733.81 6.83 89 1.79 0
05:47 733.81 6.83 89 .89 0
05:48 733.81 6.83 89 1.34 0
05:49 733.81 6.83 89 .45 0
05:50 733.81 6.89 89 .89 0
05:51 733.81 6.89 89 1.34 0
05:52 733.81 6.94 89 .89 0
05:53 733.81 6.94 89 .45 0
05:54 733.81 6.94 89 .45 0
05:55 733.81 7 90 .45 0
05:56 733.81 7 89 0 0
05:57 733.81 7 89 0 0
05:58 733.81 7 89 0 0
05:59 733.81 7 89 0 0
06:00 733.81 7 89 0 0
06:01 733.81 7 89 .89 0
06:02 733.81 7 89 .45 0
06:03 733.81 7.06 89 1.34 0
06:04 733.81 7 89 .45 0
06:05 733.81 7 89 .89 0
06:06 733.81 7 89 .89 0
06:07 733.81 7 89 .45 0
06:08 733.81 7 89 .89 0
06:09 733.81 7 89 .89 0
06:10 733.81 7 89 .45 0
06:11 733.81 7.06 89 .45 0
06:12 733.81 7 89 .45 0
06:13 733.81 7.06 89 .89 0
06:14 733.81 7.06 89 1.34 0
06:15 733.81 7.06 89 1.34 0
06:16 733.81 7.06 89 1.34 0
06:17 733.81 7.06 89 1.34 0
06:18 733.81 7.11 89 1.34 0
06:19 733.81 7.11 89 1.34 0
06:20 733.81 7.11 89 .89 0
06:21 733.81 7.11 89 .89 0
06:22 733.81 7.17 89 .89 0
06:23 733.81 7.17 89 .89 0
06:24 733.81 7.17 89 .89 0
06:25 733.81 7.17 89 .45 0
06:26 733.81 7.17 89 .45 0
06:27 733.81 7.17 89 .89 0
06:28 733.81 7.17 89 .45 0
06:29 733.81 7.17 89 .45 0
06:30 733.81 7.17 89 .45 0
06:31 733.81 7.17 89 0 0
06:32 733.81 7.17 89 0 0
06:33 733.81 7.17 89 0 0
06:34 733.81 7.17 89 .45 0
06:35 733.81 7.17 89 0 0
06:36 733.81 7.22 89 0 0
06:37 733.81 7.22 89 0 0
06:38 733.81 7.22 89 0 0
06:39 733.81 7.17 89 0 0
06:40 733.81 7.22 89 0 0
06:41 733.81 7.22 89 .45 0
06:42 733.81 7.22 89 .45 0
06:43 733.81 7.28 89 .45 0
06:44 733.81 7.28 89 .45 0
06:45 733.81 7.28 89 0 0
06:46 733.81 7.28 89 .45 0
06:47 733.81 7.28 89 .89 0
06:48 733.81 7.28 89 .45 0
06:49 733.81 7.33 89 1.34 0
06:50 733.81 7.33 89 .89 0
06:51 733.81 7.39 89 0 0
06:52 733.81 7.39 89 0 0
06:53 733.81 7.39 89 .45 0
06:54 733.81 7.39 89 .45 0
06:55 733.81 7.39 89 .89 0
06:56 733.81 7.39 89 .89 0
06:57 733.81 7.33 89 1.34 0
06:58 733.81 7.39 89 .89 0
06:59 733.81 7.39 89 .89 0
07:00 733.81 7.39 89 .89 0
07:01 733.81 7.39 89 1.79 0
07:02 733.81 7.39 89 .89 0
07:03 733.81 7.39 89 .89 0
07:04 733.81 7.39 89 .45 0
07:05 733.81 7.39 89 1.34 0
07:06 733.81 7.39 89 .45 0
07:07 733.81 7.39 89 0 0
07:08 733.81 7.33 89 0 0
07:09 733.81 7.33 89 .89 0
07:10 733.81 7.33 89 .45 0
07:11 733.81 7.39 89 .45 0
07:12 733.81 7.39 89 .89 0
07:13 733.81 7.44 89 1.34 0
07:14 733.81 7.44 89 1.34 0
07:15 733.81 7.44 89 .45 0
07:16 733.81 7.39 89 0 0
07:17 733.81 7.44 89 .89 0
07:18 733.81 7.44 89 .45 0
07:19 733.81 7.44 89 .89 0
07:20 733.81 7.44 89 .89 0
07:21 733.81 7.44 89 0 0
07:22 733.81 7.44 89 .45 0
07:23 733.81 7.44 89 .89 0
07:24 733.81 7.44 89 .89 0
07:25 733.81 7.44 89 .45 0
07:26 733.81 7.44 89 .89 0
07:27 733.81 7.44 89 .89 0
07:28 733.81 7.44 89 1.79 0
07:29 733.81 7.44 88 .45 0
07:30 733.81 7.44 88 0 0
07:31 733.81 7.44 88 1.34 0
07:32 733.81 7.44 88 .89 0
07:33 733.81 7.44 88 .45 0
07:34 733.81 7.44 88 0 0
07:35 733.81 7.44 89 1.34 0
07:36 733.81 7.5 89 .45 0
07:37 733.81 7.5 89 .89 0
07:38 733.81 7.44 89 .89 0
07:39 733.81 7.56 89 .89 0
07:40 733.81 7.5 89 .89 0
07:41 733.81 7.5 88 0 0
07:42 733.81 7.56 89 .45 0
07:43 733.55 7.56 89 .89 0
07:44 733.81 7.56 89 0 0
07:45 733.81 7.56 88 .89 0
07:46 733.81 7.56 89 1.34 0
07:47 733.81 7.56 88 .89 0
07:48 733.81 7.56 88 .45 0
07:49 733.81 7.61 88 .45 0
07:50 733.81 7.61 88 .89 0
07:51 733.81 7.61 89 0 0
07:52 733.81 7.67 89 .89 0
07:53 733.55 7.72 89 .45 0
07:54 733.55 7.72 88 .89 0
07:55 733.55 7.72 88 .89 0
07:56 733.81 7.72 88 1.34 0
07:57 733.81 7.78 88 .45 0
07:58 733.81 7.78 88 1.79 0
07:59 733.81 7.78 88 .89 0
08:00 733.81 7.83 88 .89 0
08:01 733.81 7.83 88 .45 0
08:02 733.81 7.83 88 .89 0
08:03 733.81 7.89 88 .89 0
08:04 733.81 7.94 88 1.34 0
08:05 733.81 7.94 88 1.34 0
08:06 733.81 8 88 1.79 0
08:07 733.81 8 87 1.79 0
08:08 733.81 8 87 2.24 0
08:09 733.81 8.06 87 1.34 0
08:10 733.81 8.06 86 .89 0
08:11 733.81 8.06 86 1.34 0
08:12 733.81 8.11 86 1.34 0
08:13 733.81 8.11 86 1.34 0
08:14 733.81 8.11 86 2.24 0
08:15 733.81 8.17 86 1.34 0
08:16 733.81 8.17 86 .45 0
08:17 733.81 8.17 86 .45 0
08:18 733.81 8.17 86 .45 0
08:19 733.81 8.17 86 1.79 0
08:20 733.81 8.17 86 1.79 0
08:21 733.81 8.17 85 .45 0
08:22 733.81 8.17 85 .45 0
08:23 733.81 8.17 85 1.79 0
08:24 733.81 8.17 85 1.79 0
08:25 733.81 8.22 85 3.13 0
08:26 733.81 8.22 85 1.34 0
08:27 733.81 8.22 85 1.79 0
08:28 733.81 8.22 85 2.24 0
08:29 733.81 8.28 85 3.58 0
08:30 733.81 8.28 85 2.24 0
08:31 733.81 8.28 85 2.24 0
08:32 733.81 8.22 85 1.79 0
08:33 733.81 8.22 85 1.34 0
08:34 733.81 8.28 85 2.24 0
08:35 733.81 8.22 85 3.13 0
08:36 733.81 8.22 84 1.79 0
08:37 733.81 8.22 84 2.68 0
08:38 733.81 8.22 84 3.13 0
08:39 733.81 8.28 84 2.24 0
08:40 733.81 8.28 84 1.79 0
08:41 733.81 8.28 84 2.68 0
08:42 733.81 8.28 84 2.24 0
08:43 733.81 8.28 84 2.68 0
08:44 733.81 8.28 84 3.58 0
08:45 733.81 8.28 84 1.79 0
08:46 733.81 8.28 84 .89 0
08:47 733.81 8.28 84 2.68 0
08:48 733.81 8.28 84 1.34 0
08:49 733.81 8.28 84 3.58 0
08:50 733.81 8.28 84 2.68 0
08:51 733.81 8.33 84 3.13 0
08:52 733.81 8.33 84 2.24 0
08:53 733.81 8.33 84 3.58 0
08:54 733.81 8.39 84 2.24 0
08:55 733.81 8.39 84 3.58 0
08:56 733.81 8.39 83 3.13 0
08:57 733.81 8.39 83 2.68 0
08:58 733.81 8.39 83 3.13 0
08:59 733.81 8.44 83 2.24 0
09:00 733.81 8.44 83 2.24 0
09:01 733.81 8.44 83 1.34 0
09:02 733.81 8.5 84 .89 0
09:03 733.81 8.56 83 .45 0
09:04 733.81 8.61 84 .45 0
09:05 733.81 8.61 83 .89 0
09:06 733.81 8.67 83 .45 0
09:07 733.81 8.72 83 1.79 0
09:08 733.81 8.72 82 1.79 0
09:09 733.81 8.78 82 1.79 0
09:10 733.81 8.72 82 1.79 0
09:11 733.81 8.72 82 1.79 0
09:12 733.81 8.72 82 3.13 0
09:13 733.81 8.78 82 .89 0
09:14 733.81 8.72 82 .89 0
09:15 733.81 8.78 82 1.79 0
09:16 733.81 8.78 82 1.79 0
09:17 733.81 8.83 81 1.34 0
09:18 733.81 8.83 81 .89 0
09:19 733.81 8.89 81 1.79 0
09:20 733.81 8.94 81 .89 0
09:21 733.81 8.94 81 2.24 0
09:22 733.81 8.94 81 2.24 0
09:23 733.81 8.94 81 2.24 0
09:24 733.81 8.94 81 1.79 0
09:25 733.81 8.94 80 .89 0
09:26 733.81 8.94 80 0 0
09:27 733.81 8.94 81 .89 0
09:28 733.81 8.94 81 .45 0
09:29 733.81 9 81 1.34 0
09:30 733.81 9 81 1.34 0
09:31 733.81 9 81 2.24 0
09:32 733.81 9 81 2.68 0
09:33 733.81 9 80 3.58 0
09:34 733.81 8.94 80 1.79 0
09:35 733.81 8.94 80 .89 0
09:36 733.81 8.94 80 1.34 0
09:37 733.81 8.94 81 1.34 0
09:38 733.81 8.94 81 1.34 0
09:39 733.81 9 81 2.24 0
09:40 733.81 8.94 81 .89 0
09:41 733.81 8.94 81 1.34 0
09:42 733.81 9 81 2.24 0
09:43 733.81 9 80 2.68 0
09:44 733.81 9 80 2.68 0
09:45 733.81 9.06 80 2.68 0
09:46 733.81 9.06 80 1.79 0
09:47 733.81 9.06 80 1.79 0
09:48 733.81 9.06 80 1.79 0
09:49 733.81 9.17 80 1.34 0
09:50 733.81 9.11 80 .89 0
09:51 733.81 9.22 80 2.24 0
09:52 733.81 9.28 80 1.79 0
09:53 733.81 9.33 80 .89 0
09:54 733.81 9.39 80 3.13 0
09:55 733.81 9.44 79 1.79 0
09:56 733.81 9.44 79 .89 0
09:57 733.81 9.5 79 1.79 0
09:58 733.81 9.5 79 1.34 0
09:59 733.81 9.56 79 1.34 0
10:00 733.81 9.61 79 1.79 0
10:01 733.81 9.72 79 2.24 0
10:02 733.81 9.78 78 2.68 0
10:03 733.81 9.89 77 1.34 0
10:04 733.81 9.83 76 2.24 0
10:05 733.81 9.89 77 1.79 0
10:06 733.81 9.89 77 1.34 0
10:07 733.81 9.83 77 1.79 0
10:08 733.81 9.78 77 1.34 0
10:09 733.81 9.72 77 1.34 0
10:10 733.81 9.72 78 .89 0
10:11 733.81 9.67 78 3.58 0
10:12 733.81 9.61 78 2.24 0
10:13 733.81 9.56 79 3.13 0
10:14 733.81 9.56 79 2.24 0
10:15 733.81 9.5 78 1.79 0
10:16 733.81 9.44 78 1.34 0
10:17 733.81 9.44 78 1.79 0
10:18 733.81 9.44 79 1.79 0
10:19 733.81 9.44 79 1.79 0
10:20 733.81 9.44 79 2.68 0
10:21 733.81 9.39 79 2.24 0
10:22 733.81 9.39 79 .89 0
10:23 733.81 9.33 79 2.24 0
10:24 733.81 9.33 79 3.58 0
10:25 733.81 9.28 79 2.68 0
10:26 733.81 9.28 79 1.79 0
10:27 733.81 9.22 79 1.79 0
10:28 733.81 9.22 79 1.79 0
10:29 733.81 9.22 79 .89 0
10:30 733.81 9.28 80 1.34 0
10:31 733.81 9.28 80 .89 0
10:32 733.81 9.28 80 .89 0
10:33 733.81 9.28 80 1.34 0
10:34 733.81 9.28 80 2.68 0
10:35 733.81 9.28 80 1.34 0
10:36 733.81 9.28 80 .89 0
10:37 733.81 9.28 80 2.24 0
10:38 733.81 9.28 80 1.79 0
10:39 733.81 9.22 79 2.24 0
10:40 733.81 9.22 79 1.34 0
10:41 733.81 9.22 79 1.34 0
10:42 733.81 9.22 80 .89 0
10:43 733.81 9.22 80 1.34 0
10:44 733.81 9.22 80 1.34 0
10:45 733.81 9.22 80 1.34 0
10:46 733.81 9.28 80 1.79 0
10:47 733.81 9.22 79 1.79 0
10:48 733.81 9.28 80 2.24 0
10:49 733.81 9.28 80 2.24 0
10:50 733.81 9.28 80 1.79 0
10:51 733.81 9.22 80 1.34 0
10:52 733.81 9.28 80 1.34 0
10:53 733.81 9.28 80 1.34 0
10:54 733.81 9.28 80 .89 0
10:55 733.81 9.33 80 1.34 0
10:56 733.81 9.33 81 1.34 0
10:57 733.81 9.33 81 1.34 0
10:58 733.81 9.33 81 0 0
10:59 733.81 9.39 81 .89 0
11:00 733.81 9.39 81 1.34 0
11:01 733.81 9.44 81 1.79 0
11:02 733.81 9.44 80 1.79 0
11:03 733.81 9.5 79 0 0
11:04 733.81 9.5 79 2.24 0
11:05 733.81 9.5 79 1.34 0
11:06 733.81 9.56 79 1.34 0
11:07 733.81 9.56 79 .89 0
11:08 733.81 9.61 80 2.68 0
11:09 733.81 9.67 79 1.79 0
11:10 733.81 9.67 79 .89 0
11:11 733.81 9.72 78 .89 0
11:12 733.81 9.78 78 1.34 0
11:13 733.81 9.89 79 1.34 0
11:14 733.81 9.94 78 1.34 0
11:15 733.81 10.06 78 1.79 0
11:16 733.81 10.06 77 2.24 0
11:17 733.81 10.06 77 1.34 0
11:18 733.81 10.06 77 .89 0
11:19 733.81 10 77 2.24 0
11:20 733.81 9.94 76 2.24 0
11:21 733.81 9.94 76 2.68 0
11:22 733.81 9.94 76 1.79 0
11:23 733.81 9.89 75 2.68 0
11:24 733.81 9.94 76 .89 0
11:25 733.81 10 76 1.34 0
11:26 733.81 10 76 2.24 0
11:27 733.81 10.06 75 .89 0
11:28 733.81 10.06 76 2.24 0
11:29 733.81 10.06 75 1.79 0
11:30 733.81 10.22 76 1.34 0
11:31 733.81 10.28 75 1.34 0
11:32 733.81 10.28 75 2.24 0
11:33 733.81 10.22 74 1.79 0
11:34 733.81 10.22 76 .89 0
11:35 733.81 10.22 75 3.13 0
11:36 733.81 10.22 75 2.68 0
11:37 733.81 10.17 74 .89 0
11:38 733.81 10.11 74 2.24 0
11:39 733.81 10.11 74 .89 0
11:40 733.81 10.11 74 2.68 0
11:41 733.81 10.11 73 1.34 0
11:42 733.81 10.22 73 1.79 0
11:43 733.81 10.28 74 1.79 0
11:44 733.81 10.39 74 1.79 0
11:45 733.81 10.5 72 3.58 0
11:46 733.81 10.61 72 1.79 0
11:47 733.81 10.78 72 .89 0
11:48 733.81 10.89 72 1.34 0
11:49 733.81 10.94 71 2.68 0
11:50 733.81 11.06 69 1.34 0
11:51 733.81 11.17 69 2.24 0
11:52 733.81 11.33 69 3.13 0
11:53 733.81 11.44 68 .89 0
11:54 733.81 11.5 68 1.34 0
11:55 733.81 11.44 67 .45 0
11:56 733.81 11.5 68 2.68 0
11:57 733.81 11.67 67 2.68 0
11:58 733.81 11.78 66 2.68 0
11:59 733.81 11.89 66 2.24 0
12:00 733.81 11.89 66 .89 0
12:01 733.81 11.94 66 .89 0
12:02 733.81 11.94 66 .89 0
12:03 733.81 11.94 66 .45 0
12:04 733.81 12 66 3.13 0
12:05 733.81 11.94 64 2.68 0
12:06 733.81 11.89 65 1.79 0
12:07 733.81 11.89 65 .45 0
12:08 733.81 11.78 65 3.13 0
12:09 733.81 11.56 65 4.47 0
12:10 733.81 11.33 66 3.58 0
12:11 733.81 11.22 67 1.79 0
12:12 733.81 11.17 68 1.79 0
12:13 733.81 11.06 68 3.13 0
12:14 733.81 11 68 1.79 0
12:15 733.81 10.94 69 .89 0
12:16 733.81 10.94 70 .89 0
12:17 733.81 10.89 70 .89 0
12:18 733.81 10.94 71 .45 0
12:19 733.81 10.94 70 .89 0
12:20 733.81 10.94 70 .45 0
12:21 733.81 11 67 .45 0
12:22 733.81 11 67 .45 0
12:23 733.81 11.06 67 1.79 0
12:24 733.81 11 66 1.34 0
12:25 733.81 11 66 3.58 0
12:26 733.81 10.94 67 .89 0
12:27 733.81 10.94 70 2.24 0
12:28 733.81 10.94 70 2.24 0
12:29 733.81 10.94 70 2.24 0
12:30 733.81 10.94 69 2.24 0
12:31 733.81 10.94 70 1.79 0
12:32 733.81 10.94 70 2.24 0
12:33 733.81 11 70 2.24 0
12:34 733.81 10.94 69 2.68 0
12:35 733.55 10.94 69 3.13 0
12:36 733.55 10.89 69 3.58 0
12:37 733.55 10.89 70 4.47 0
12:38 733.81 10.89 70 3.13 0
12:39 733.81 10.94 69 1.34 0
12:40 733.81 10.94 69 1.34 0
12:41 733.81 10.89 70 1.79 0
12:42 733.81 10.94 70 1.34 0
12:43 733.81 10.89 70 1.34 0
12:44 733.81 10.94 70 0 0
12:45 733.81 10.94 70 1.34 0
12:46 733.81 10.94 69 1.79 0
12:47 733.55 10.94 70 .89 0
12:48 733.81 11 70 1.34 0
12:49 733.81 11 70 1.34 0
12:50 733.55 11 70 1.79 0
12:51 733.81 11.06 70 .89 0
12:52 733.81 11.06 70 1.34 0
12:53 733.81 11.11 69 .89 0
12:54 733.81 11.11 69 1.79 0
12:55 733.81 11.06 69 .89 0
12:56 733.55 11.06 70 1.34 0
12:57 733.55 11.06 70 1.34 0
12:58 733.55 11.06 69 1.79 0
12:59 733.55 11 69 .89 0
13:00 733.55 11 69 .89 0
13:01 733.55 11.06 69 1.34 0
13:02 733.55 11.06 70 .45 0
13:03 733.55 11.06 69 .45 0
13:04 733.55 11.11 69 .89 0
13:05 733.55 11.11 69 .89 0
13:06 733.55 11.17 69 .45 0
13:07 733.55 11.17 69 0 0
13:08 733.55 11.22 69 1.34 0
13:09 733.55 11.22 68 1.34 0
13:10 733.55 11.28 68 .45 0
13:11 733.55 11.28 68 1.34 0
13:12 733.55 11.28 68 .89 0
13:13 733.55 11.33 68 .45 0
13:14 733.55 11.33 67 .89 0
13:15 733.55 11.33 68 .89 0
13:16 733.55 11.33 67 2.24 0
13:17 733.55 11.33 67 .89 0
13:18 733.55 11.33 67 .45 0
13:19 733.55 11.33 67 .89 0
13:20 733.55 11.28 67 .45 0
13:21 733.55 11.39 67 0 0
13:22 733.55 11.39 67 0 0
13:23 733.55 11.44 67 0 0
13:24 733.55 11.5 67 .89 0
13:25 733.55 11.5 67 .89 0
13:26 733.55 11.56 67 .45 0
13:27 733.55 11.56 67 .45 0
13:28 733.55 11.61 67 .45 0
13:29 733.55 11.61 67 .89 0
13:30 733.55 11.67 67 1.34 0
13:31 733.55 11.72 66 1.34 0
13:32 733.55 11.72 66 0 0
13:33 733.3 11.78 65 .45 0
13:34 733.55 11.78 65 .89 0
13:35 733.55 11.89 65 1.34 0
13:36 733.55 11.89 65 1.34 0
13:37 733.3 12 64 1.34 0
13:38 733.3 12.11 63 2.68 0
13:39 733.3 12.17 63 1.34 0
13:40 733.3 12.17 62 .89 0
13:41 733.3 12.17 62 2.68 0
13:42 733.3 12.11 63 2.24 0
13:43 733.3 12 63 3.13 0
13:44 733.3 11.89 64 1.79 0
13:45 733.3 11.83 65 2.24 0
13:46 733.3 11.78 64 2.24 0
13:47 733.3 11.72 64 1.79 0
13:48 733.3 11.67 64 .45 0
13:49 733.3 11.67 63 .89 0
13:50 733.3 11.67 63 .89 0
13:51 733.3 11.67 63 .45 0
13:52 733.3 11.72 61 .45 0
13:53 733.3 11.72 61 0 0
13:54 733.3 11.78 61 .89 0
13:55 733.3 11.83 61 .45 0
13:56 733.3 11.94 62 .45 0
13:57 733.3 12.11 62 .45 0
13:58 733.3 12.22 62 .89 0
13:59 733.3 12.33 62 0 0
14:00 733.3 12.39 61 .45 0
14:01 733.3 12.5 61 .89 0
14:02 733.3 12.61 61 .89 0
14:03 733.3 12.72 60 1.34 0
14:04 733.04 12.78 58 .45 0
14:05 733.3 12.78 59 0 0
14:06 733.3 12.83 58 0 0
14:07 733.04 12.83 58 0 0
14:08 733.04 12.78 58 0 0
14:09 733.04 12.78 58 0 0
14:10 733.04 12.78 59 0 0
14:11 733.04 12.78 59 .45 0
14:12 733.04 12.83 59 .45 0
14:13 733.04 12.89 57 1.79 0
14:14 733.04 12.94 56 1.34 0
14:15 733.04 12.83 56 1.34 0
14:16 733.04 12.72 56 .89 0
14:17 733.04 12.72 55 .89 0
14:18 733.04 12.67 56 .89 0
14:19 733.04 12.67 57 .89 0
14:20 733.04 12.72 58 .89 0
14:21 733.04 12.83 58 1.79 0
14:22 733.04 12.83 58 1.34 0
14:23 733.3 12.89 59 1.34 0
14:24 733.04 13 57 .45 0
14:25 733.04 13 57 .45 0
14:26 733.04 13.06 58 0 0
14:27 733.04 13.06 58 1.34 0
14:28 733.04 13.06 58 1.34 0
14:29 733.04 13 57 .45 0
14:30 733.04 13 57 .45 0
14:31 733.04 13 57 .45 0
14:32 733.04 12.94 57 .45 0
14:33 733.04 13 57 .89 0
14:34 733.04 13 56 1.34 0
14:35 733.04 13 57 .89 0
14:36 733.04 13 57 .45 0
14:37 733.04 13.06 56 .89 0
14:38 733.04 13.06 56 1.34 0
14:39 733.04 13.06 56 .89 0
14:40 733.04 13.06 56 .89 0
14:41 733.04 13.06 57 0 0
14:42 733.04 13.11 57 1.79 0
14:43 733.04 13.17 56 .89 0
14:44 733.04 13.17 56 .89 0
14:45 733.04 13.17 56 .45 0
14:46 733.04 13.17 56 .45 0
14:47 733.04 13.17 57 1.34 0
14:48 733.04 13.28 56 .89 0
14:49 733.04 13.28 56 1.79 0
14:50 733.3 13.28 56 1.79 0
14:51 733.04 13.17 56 .89 0
14:52 733.04 13.17 57 2.24 0
14:53 733.3 13 55 3.58 0
14:54 733.04 12.89 59 2.68 0
14:55 733.04 12.72 60 2.24 0
14:56 733.3 12.67 60 2.68 0
14:57 733.04 12.5 59 2.24 0
14:58 733.3 12.44 60 2.24 0
14:59 733.3 12.33 59 1.34 0
15:00 733.04 12.28 60 2.24 0
15:01 733.3 12.28 60 2.24 0
15:02 733.3 12.22 60 2.24 0
15:03 733.3 12.17 61 1.34 0
15:04 733.3 12.17 60 1.34 0
15:05 733.04 12.22 61 2.24 0
15:06 733.3 12.17 61 2.24 0
15:07 733.3 12.17 61 1.79 0
15:08 733.3 12.11 61 2.24 0
15:09 733.3 12.11 61 4.02 0
15:10 733.3 12.06 63 5.36 0
15:11 733.3 12 64 1.79 0
15:12 733.3 11.94 65 1.79 0
15:13 733.3 11.89 66 2.68 0
15:14 733.3 11.89 66 3.58 0
15:15 733.3 11.89 66 4.02 0
15:16 733.3 11.83 66 1.34 0
15:17 733.3 11.83 67 4.02 0
15:18 733.3 11.78 66 4.02 0
15:19 733.3 11.78 66 3.13 0
15:20 733.3 11.72 66 3.13 0
15:21 733.3 11.67 66 1.79 0
15:22 733.3 11.67 66 2.68 0
15:23 733.3 11.61 66 2.68 0
15:24 733.3 11.56 66 3.13 0
15:25 733.3 11.56 65 2.68 0
15:26 733.3 11.56 66 4.02 0
15:27 733.3 11.56 66 3.58 0
15:28 733.3 11.5 66 1.34 0
15:29 733.3 11.5 66 2.24 0
15:30 733.3 11.5 66 2.24 0
15:31 733.3 11.44 67 .89 0
15:32 733.3 11.5 67 1.79 0
15:33 733.3 11.5 67 1.79 0
15:34 733.3 11.5 67 1.79 0
15:35 733.3 11.5 67 1.79 0
15:36 733.3 11.5 67 1.79 0
15:37 733.3 11.56 67 1.34 0
15:38 733.3 11.56 67 2.24 0
15:39 733.3 11.56 67 2.24 0
15:40 733.3 11.61 65 3.13 0
15:41 733.3 11.61 65 1.34 0
15:42 733.04 11.67 65 2.24 0
15:43 733.3 11.67 65 1.79 0
15:44 733.3 11.67 66 1.34 0
15:45 733.3 11.67 66 2.24 0
15:46 733.3 11.72 65 .89 0
15:47 733.3 11.72 65 1.34 0
15:48 733.3 11.83 66 .89 0
15:49 733.04 11.83 65 2.68 0
15:50 733.04 11.83 65 2.24 0
15:51 733.04 11.89 65 1.34 0
15:52 733.04 11.89 65 .89 0
15:53 733.04 11.94 65 .89 0
15:54 733.04 12 64 1.79 0
15:55 733.04 11.94 64 2.24 0
15:56 733.04 12 63 2.24 0
15:57 733.04 11.94 63 1.79 0
15:58 733.04 11.89 63 1.79 0
15:59 733.04 11.94 64 .89 0
16:00 733.04 11.94 64 .45 0
16:01 733.04 11.89 64 .89 0
16:02 733.04 11.89 65 .89 0
16:03 733.04 11.94 64 1.34 0
16:04 733.04 11.94 63 2.24 0
16:05 733.04 11.94 63 1.79 0
16:06 733.3 11.94 64 1.79 0
16:07 733.3 11.94 64 1.34 0
16:08 733.3 11.94 64 1.79 0
16:09 733.3 11.94 64 2.24 0
16:10 733.3 11.89 65 1.79 0
16:11 733.3 11.89 65 1.34 0
16:12 733.3 11.83 65 2.24 0
16:13 733.3 11.83 65 1.79 0
16:14 733.3 11.83 65 2.24 0
16:15 733.3 11.83 64 1.34 0
16:16 733.3 11.89 65 .89 0
16:17 733.3 11.83 64 1.34 0
16:18 733.3 11.83 65 2.68 0
16:19 733.3 11.83 64 2.24 0
16:20 733.3 11.78 64 2.68 0
16:21 733.3 11.78 64 2.24 0
16:22 733.3 11.78 64 1.79 0
16:23 733.3 11.78 63 1.34 0
16:24 733.3 11.78 64 .89 0
16:25 733.3 11.78 65 1.34 0
16:26 733.3 11.78 64 .89 0
16:27 733.3 11.78 65 .89 0
16:28 733.3 11.78 64 1.34 0
16:29 733.3 11.83 65 .89 0
16:30 733.3 11.83 65 1.34 0
16:31 733.3 11.83 65 1.34 0
16:32 733.3 11.78 64 1.34 0
16:33 733.3 11.78 65 .45 0
16:34 733.3 11.78 66 .89 0
16:35 733.3 11.83 65 .89 0
16:36 733.3 11.78 65 1.79 0
16:37 733.3 11.78 65 1.79 0
16:38 733.3 11.78 65 1.34 0
16:39 733.04 11.72 65 1.34 0
16:40 733.3 11.72 64 2.24 0
16:41 733.3 11.72 65 1.34 0
16:42 733.3 11.67 64 1.34 0
16:43 733.3 11.72 64 1.34 0
16:44 733.3 11.67 64 .89 0
16:45 733.3 11.67 64 1.34 0
16:46 733.3 11.67 64 .45 0
16:47 733.3 11.67 64 .45 0
16:48 733.3 11.67 64 0 0
16:49 733.3 11.67 64 0 0
16:50 733.3 11.67 64 0 0
16:51 733.3 11.67 64 0 0
16:52 733.3 11.67 65 0 0
16:53 733.3 11.72 65 0 0
16:54 733.3 11.72 65 1.34 0
16:55 733.3 11.78 65 1.79 0
16:56 733.3 11.72 65 1.34 0
16:57 733.3 11.72 65 1.79 0
16:58 733.3 11.67 65 1.34 0
16:59 733.3 11.56 65 2.68 0
17:00 733.3 11.5 66 2.68 0
17:01 733.3 11.44 66 1.34 0
17:02 733.3 11.39 66 1.79 0
17:03 733.3 11.33 67 1.79 0
17:04 733.3 11.28 67 .89 0
17:05 733.3 11.28 67 .89 0
17:06 733.3 11.28 67 1.79 0
17:07 733.3 11.22 68 1.34 0
17:08 733.3 11.22 67 1.34 0
17:09 733.3 11.22 67 3.13 0
17:10 733.3 11.17 67 3.13 0
17:11 733.3 11.11 67 1.34 0
17:12 733.3 11.06 67 .89 0
17:13 733.3 11.11 68 1.79 0
17:14 733.3 11.06 67 3.58 0
17:15 733.55 11.06 67 2.24 0
17:16 733.3 11 67 1.34 0
17:17 733.3 11 68 1.34 0
17:18 733.3 10.94 68 2.24 0
17:19 733.55 10.94 68 3.58 0
17:20 733.3 10.94 68 2.24 0
17:21 733.55 10.89 68 2.24 0
17:22 733.55 10.83 68 2.24 0
17:23 733.55 10.83 68 2.24 0
17:24 733.55 10.83 68 .89 0
17:25 733.55 10.89 68 2.24 0
17:26 733.55 10.83 68 2.24 0
17:27 733.55 10.83 68 2.68 0
17:28 733.55 10.83 68 3.58 0
17:29 733.55 10.78 68 1.79 0
17:30 733.55 10.78 69 1.79 0
17:31 733.55 10.78 69 2.68 0
17:32 733.55 10.78 70 1.79 0
17:33 733.55 10.67 70 3.13 0
17:34 733.55 10.67 70 3.13 0
17:35 733.55 10.67 70 3.13 0
17:36 733.55 10.61 70 2.24 0
17:37 733.55 10.61 71 2.68 0
17:38 733.55 10.56 71 2.24 0
17:39 733.55 10.56 71 1.79 0
17:40 733.55 10.56 71 1.79 0
17:41 733.55 10.56 71 1.79 0
17:42 733.55 10.56 71 1.79 0
17:43 733.55 10.5 71 2.68 0
17:44 733.55 10.5 71 2.24 0
17:45 733.55 10.5 71 2.68 0
17:46 733.55 10.44 71 1.79 0
17:47 733.55 10.44 72 1.79 0
17:48 733.55 10.44 72 1.34 0
17:49 733.55 10.44 72 1.79 0
17:50 733.55 10.44 73 1.34 0
17:51 733.55 10.39 73 .89 0
17:52 733.55 10.44 73 2.24 0
17:53 733.55 10.44 73 1.34 0
17:54 733.55 10.39 73 1.34 0
17:55 733.55 10.39 73 1.79 0
17:56 733.55 10.39 73 1.34 0
17:57 733.55 10.33 73 2.68 0
17:58 733.55 10.33 73 2.68 0
17:59 733.55 10.28 73 1.34 0
18:00 733.55 10.28 73 1.79 0
18:01 733.55 10.22 73 2.68 0
18:02 733.55 10.22 74 2.24 0
18:03 733.55 10.22 74 2.24 0
18:04 733.55 10.17 74 2.24 0
18:05 733.55 10.17 74 2.24 0
18:06 733.55 10.17 74 2.24 0
18:07 733.55 10.17 74 1.79 0
18:08 733.55 10.11 74 2.24 0
18:09 733.55 10.11 74 1.34 0
18:10 733.55 10.06 74 1.79 0
18:11 733.55 10.11 75 .89 0
18:12 733.55 10.06 75 1.79 0
18:13 733.55 10.06 75 1.79 0
18:14 733.55 10.06 75 1.34 0
18:15 733.55 10.06 75 1.34 0
18:16 733.55 10 75 .89 0
18:17 733.55 10 75 1.34 0
18:18 733.55 10 75 1.79 0
18:19 733.55 10.06 75 .45 0
18:20 733.55 10.06 75 .89 0
18:21 733.81 10 75 0 0
18:22 733.81 10.06 76 .45 0
18:23 733.81 10 76 0 0
18:24 733.81 10 76 1.34 0
18:25 733.81 10 75 1.34 0
18:26 733.55 10 75 1.34 0
18:27 733.81 9.94 75 .89 0
18:28 733.81 9.94 75 .89 0
18:29 733.81 9.89 75 1.34 0
18:30 733.81 9.89 75 .89 0
18:31 733.81 9.89 75 .89 0
18:32 733.81 9.89 75 .45 0
18:33 733.81 9.83 75 1.34 0
18:34 733.81 9.83 76 0 0
18:35 733.81 9.83 76 1.34 0
18:36 733.81 9.83 76 .89 0
18:37 733.81 9.78 76 .89 0
18:38 733.81 9.78 76 .89 0
18:39 733.81 9.72 76 1.34 0
18:40 733.81 9.67 76 .89 0
18:41 733.81 9.67 76 .45 0
18:42 733.81 9.67 76 .89 0
18:43 733.81 9.61 76 .89 0
18:44 733.81 9.61 76 .89 0
18:45 733.81 9.61 76 .45 0
18:46 733.81 9.56 76 .89 0
18:47 733.81 9.56 77 1.34 0
18:48 733.81 9.5 77 .89 0
18:49 733.81 9.5 77 .89 0
18:50 733.81 9.44 77 .89 0
18:51 733.81 9.44 77 .89 0
18:52 733.81 9.44 77 1.34 0
18:53 733.81 9.44 77 .89 0
18:54 733.81 9.44 77 .89 0
18:55 733.81 9.39 77 .45 0
18:56 733.81 9.39 77 .45 0
18:57 733.81 9.33 77 .45 0
18:58 733.81 9.33 77 .89 0
18:59 733.81 9.33 77 .89 0
19:00 733.81 9.33 77 .45 0
19:01 733.81 9.28 77 .89 0
19:02 733.81 9.22 78 .45 0
19:03 733.81 9.17 78 .45 0
19:04 733.81 9.17 78 .89 0
19:05 733.81 9.11 78 .89 0
19:06 733.81 9.06 78 .89 0
19:07 733.81 9.06 78 1.34 0
19:08 733.81 9.06 78 .89 0
19:09 733.81 9 78 .89 0
19:10 733.81 8.94 78 .89 0
19:11 733.81 8.94 79 .89 0
19:12 733.81 8.89 78 .89 0
19:13 733.81 8.89 79 .45 0
19:14 733.81 8.83 79 .89 0
19:15 733.81 8.83 79 .89 0
19:16 733.81 8.83 79 .45 0
19:17 733.81 8.78 79 .45 0
19:18 733.81 8.72 79 .45 0
19:19 733.81 8.67 79 .45 0
19:20 733.81 8.67 79 0 0
19:21 733.81 8.61 79 0 0
19:22 733.81 8.61 79 0 0
19:23 733.81 8.56 80 .45 0
19:24 733.81 8.5 80 0 0
19:25 733.81 8.5 80 0 0
19:26 733.81 8.44 80 0 0
19:27 733.81 8.44 80 0 0
19:28 733.81 8.44 80 .45 0
19:29 733.81 8.44 80 .45 0
19:30 733.81 8.39 80 0 0
19:31 733.81 8.33 81 .45 0
19:32 733.81 8.33 81 .45 0
19:33 733.81 8.28 81 .45 0
19:34 733.81 8.28 81 .45 0
19:35 733.81 8.22 81 .45 0
19:36 733.81 8.17 81 .45 0
19:37 733.81 8.11 81 .45 0
19:38 733.81 8.06 82 .45 0
19:39 733.81 8.06 82 .45 0
19:40 733.81 8 82 0 0
19:41 733.81 8 82 0 0
19:42 733.81 8 82 0 0
19:43 733.81 7.89 82 0 0
19:44 734.06 7.83 82 .45 0
19:45 733.81 7.83 82 .45 0
19:46 733.81 7.78 83 0 0
19:47 734.06 7.78 83 .45 0
19:48 734.06 7.72 83 .45 0
19:49 733.81 7.72 83 .45 0
19:50 734.06 7.67 83 .45 0
19:51 733.81 7.67 83 .89 0
19:52 733.81 7.61 83 .45 0
19:53 733.81 7.61 84 .89 0
19:54 733.81 7.56 84 .45 0
19:55 734.06 7.56 84 .45 0
19:56 734.06 7.5 84 .45 0
19:57 734.06 7.44 84 .45 0
19:58 734.06 7.44 84 .45 0
19:59 734.06 7.39 84 .89 0
20:00 734.06 7.33 84 .89 0
20:01 734.06 7.28 84 .89 0
20:02 734.06 7.17 84 .45 0
20:03 734.06 7.17 84 .45 0
20:04 734.06 7.06 84 .89 0
20:05 734.06 7.06 85 .89 0
20:06 734.06 7.06 85 .89 0
20:07 734.06 7 85 1.34 0
20:08 734.06 7.06 85 .89 0
20:09 734.06 6.94 85 .89 0
20:10 734.06 6.94 85 .89 0
20:11 734.06 6.94 85 .89 0
20:12 734.06 6.94 85 .89 0
20:13 734.06 6.89 85 .89 0
20:14 734.06 6.94 85 .89 0
20:15 734.06 6.89 85 .89 0
20:16 734.06 6.83 85 .89 0
20:17 734.06 6.83 85 .89 0
20:18 734.06 6.78 85 .89 0
20:19 734.06 6.72 85 .89 0
20:20 734.06 6.67 85 .89 0
20:21 734.06 6.67 85 .89 0
20:22 734.06 6.67 85 .89 0
20:23 734.06 6.67 86 .89 0
20:24 734.06 6.61 86 .89 0
20:25 734.06 6.67 86 1.34 0
20:26 734.06 6.67 86 1.34 0
20:27 734.06 6.67 86 1.34 0
20:28 734.06 6.67 86 .89 0
20:29 734.06 6.67 86 .89 0
20:30 734.06 6.67 86 .89 0
20:31 734.06 6.67 86 1.34 0
20:32 734.06 6.67 86 1.34 0
20:33 734.06 6.67 86 1.34 0
20:34 734.06 6.61 86 1.34 0
20:35 734.06 6.67 86 1.34 0
20:36 734.06 6.67 86 .89 0
20:37 734.06 6.61 86 .89 0
20:38 734.06 6.61 86 1.34 0
20:39 734.06 6.61 86 .89 0
20:40 734.06 6.61 86 1.34 0
20:41 734.06 6.61 86 1.34 0
20:42 734.06 6.56 85 1.34 0
20:43 734.06 6.56 85 .89 0
20:44 734.06 6.5 85 .89 0
20:45 734.06 6.5 85 .89 0
20:46 734.06 6.5 85 .89 0
20:47 734.06 6.5 86 1.34 0
20:48 734.06 6.5 86 1.34 0
20:49 734.06 6.5 86 1.34 0
20:50 734.06 6.5 86 1.34 0
20:51 734.06 6.56 86 1.34 0
20:52 734.06 6.56 86 1.79 0
20:53 734.06 6.61 86 1.79 0
20:54 734.06 6.67 86 1.34 0
20:55 734.06 6.72 86 1.79 0
20:56 734.06 6.78 85 1.34 0
20:57 734.06 6.83 85 1.34 0
20:58 734.06 6.89 85 1.34 0
20:59 734.06 6.94 85 1.34 0
21:00 734.06 6.94 85 1.34 0
21:01 734.06 6.94 84 1.79 0
21:02 734.06 6.94 84 1.34 0
21:03 734.06 7 84 1.34 0
21:04 734.06 6.94 84 1.79 0
21:05 734.06 7 84 1.34 0
21:06 734.06 7 84 1.34 0
21:07 734.06 7 84 1.34 0
21:08 734.06 6.94 83 .89 0
21:09 734.06 6.83 83 .45 0
21:10 734.06 6.78 83 1.34 0
21:11 734.06 6.67 83 .89 0
21:12 734.06 6.5 83 1.34 0
21:13 734.06 6.39 83 .89 0
21:14 734.06 6.28 83 .89 0
21:15 734.06 6.22 83 1.34 0
21:16 734.06 6.17 84 .89 0
21:17 734.06 6.11 84 1.34 0
21:18 734.06 6.06 84 .89 0
21:19 734.06 6.06 85 1.34 0
21:20 734.06 6.06 85 .89 0
21:21 734.06 6.06 85 .89 0
21:22 734.06 6.06 86 .89 0
21:23 734.06 6.06 86 .89 0
21:24 734.31 6.11 86 1.34 0
21:25 734.06 6.17 86 1.34 0
21:26 734.31 6.17 86 1.34 0
21:27 734.31 6.17 86 .89 0
21:28 734.31 6.22 86 1.79 0
21:29 734.31 6.22 86 1.79 0
21:30 734.31 6.28 86 1.34 0
21:31 734.31 6.28 86 1.34 0
21:32 734.06 6.33 85 1.34 0
21:33 734.06 6.33 85 .89 0
21:34 734.06 6.33 85 1.34 0
21:35 734.31 6.33 85 1.34 0
21:36 734.31 6.33 85 1.34 0
21:37 734.31 6.33 85 .89 0
21:38 734.06 6.28 85 .89 0
21:39 734.31 6.33 85 .89 0
21:40 734.31 6.33 85 .89 0
21:41 734.31 6.33 85 .89 0
21:42 734.31 6.33 85 .89 0
21:43 734.31 6.28 85 1.34 0
21:44 734.31 6.33 85 1.34 0
21:45 734.31 6.33 85 .89 0
21:46 734.31 6.33 85 .89 0
21:47 734.31 6.33 85 1.34 0
21:48 734.31 6.33 85 .89 0
21:49 734.31 6.33 85 .89 0
21:50 734.31 6.33 85 .89 0
21:51 734.31 6.39 85 .89 0
21:52 734.31 6.33 85 .89 0
21:53 734.31 6.39 85 1.34 0
21:54 734.31 6.39 85 .89 0
21:55 734.31 6.39 85 1.34 0
21:56 734.31 6.39 85 1.34 0
21:57 734.31 6.44 85 .89 0
21:58 734.31 6.44 85 1.34 0
21:59 734.31 6.44 85 .89 0
22:00 734.31 6.44 85 .89 0
22:01 734.31 6.44 85 1.34 0
22:02 734.31 6.44 85 .45 0
22:03 734.31 6.44 85 .89 0
22:04 734.31 6.44 85 1.34 0
22:05 734.31 6.44 85 1.34 0
22:06 734.31 6.44 85 1.34 0
22:07 734.31 6.44 85 1.79 0
22:08 734.31 6.44 85 1.34 0
22:09 734.31 6.44 85 1.34 0
22:10 734.31 6.39 85 1.79 0
22:11 734.31 6.39 85 1.34 0
22:12 734.31 6.39 85 1.34 0
22:13 734.31 6.39 85 1.34 0
22:14 734.31 6.33 85 1.79 0
22:15 734.31 6.39 85 1.34 0
22:16 734.31 6.39 85 1.79 0
22:17 734.31 6.39 85 1.79 0
22:18 734.31 6.33 85 1.34 0
22:19 734.31 6.33 85 1.79 0
22:20 734.31 6.28 85 1.34 0
22:21 734.57 6.33 85 1.34 0
22:22 734.57 6.28 85 1.34 0
22:23 734.57 6.22 85 1.34 0
22:24 734.31 6.22 85 .89 0
22:25 734.31 6.22 85 1.34 0
22:26 734.31 6.22 85 1.34 0
22:27 734.57 6.17 85 1.34 0
22:28 734.57 6.17 85 1.34 0
22:29 734.57 6.17 85 1.34 0
22:30 734.57 6.17 86 1.34 0
22:31 734.57 6.11 86 1.34 0
22:32 734.57 6.17 86 1.79 0
22:33 734.57 6.11 86 1.34 0
22:34 734.57 6.17 86 1.34 0
22:35 734.57 6.17 86 1.34 0
22:36 734.31 6.11 86 1.34 0
22:37 734.57 6.11 86 1.34 0
22:38 734.57 6.06 86 .89 0
22:39 734.57 6.11 86 .89 0
22:40 734.57 6.06 86 .89 0
22:41 734.57 6.06 86 .45 0
22:42 734.57 6.06 86 .89 0
22:43 734.57 6.06 86 .89 0
22:44 734.57 6.06 86 .89 0
22:45 734.57 6 86 .89 0
22:46 734.57 6 86 .89 0
22:47 734.57 6 86 .89 0
22:48 734.57 5.94 86 .89 0
22:49 734.57 5.94 86 .89 0
22:50 734.57 5.94 86 .89 0
22:51 734.57 5.89 86 1.34 0
22:52 734.57 5.89 86 .89 0
22:53 734.57 5.83 86 .89 0
22:54 734.57 5.83 86 .89 0
22:55 734.57 5.83 87 .89 0
22:56 734.57 5.83 87 .89 0
22:57 734.57 5.83 87 1.34 0
22:58 734.57 5.83 87 .89 0
22:59 734.57 5.83 87 1.34 0
23:00 734.57 5.78 87 .89 0
23:01 734.57 5.72 87 .89 0
23:02 734.57 5.72 87 1.34 0
23:03 734.57 5.72 87 1.79 0
23:04 734.57 5.67 87 1.34 0
23:05 734.57 5.67 87 1.34 0
23:06 734.57 5.61 87 1.34 0
23:07 734.57 5.61 87 1.79 0
23:08 734.57 5.61 87 1.34 0
23:09 734.57 5.56 87 1.34 0
23:10 734.57 5.56 87 1.79 0
23:11 734.57 5.56 87 1.79 0
23:12 734.57 5.56 87 1.34 0
23:13 734.57 5.56 87 2.24 0
23:14 734.57 5.56 87 1.79 0
23:15 734.57 5.56 87 .89 0
23:16 734.82 5.56 87 1.34 0
23:17 734.57 5.56 87 1.34 0
23:18 734.57 5.5 87 .89 0
23:19 734.57 5.5 87 .89 0
23:20 734.57 5.5 87 1.34 0
23:21 734.57 5.5 87 1.34 0
23:22 734.57 5.44 87 1.34 0
23:23 734.57 5.44 87 .89 0
23:24 734.57 5.39 87 1.34 0
23:25 734.57 5.39 87 .89 0
23:26 734.57 5.39 87 .89 0
23:27 734.57 5.39 87 .89 0
23:28 734.57 5.39 87 1.34 0
23:29 734.57 5.39 87 .89 0
23:30 734.57 5.39 87 .89 0
23:31 734.57 5.39 87 1.34 0
23:32 734.57 5.33 87 1.34 0
23:33 734.57 5.33 87 1.34 0
23:34 734.57 5.28 87 .89 0
23:35 734.57 5.22 87 1.34 0
23:36 734.57 5.22 87 1.34 0
23:37 734.82 5.22 87 1.34 0
23:38 734.82 5.22 87 1.34 0
23:39 734.57 5.22 88 1.34 0
23:40 734.57 5.28 88 1.34 0
23:41 734.82 5.28 88 1.79 0
23:42 734.82 5.28 88 .89 0
23:43 734.82 5.28 88 1.34 0
23:44 734.82 5.22 87 1.34 0
23:45 734.82 5.22 87 1.34 0
23:46 734.82 5.17 87 1.79 0
23:47 734.82 5.22 87 1.79 0
23:48 734.82 5.22 88 1.79 0
23:49 734.82 5.17 88 1.34 0
23:50 734.82 5.22 88 1.79 0
23:51 734.82 5.22 88 1.79 0
23:52 734.82 5.28 88 1.79 0
23:53 734.82 5.28 88 1.79 0
23:54 734.82 5.28 88 1.34 0
23:55 734.82 5.28 88 1.79 0
23:56 734.82 5.28 88 2.24 0
23:57 734.82 5.28 88 2.24 0
23:58 734.82 5.28 88 1.79 0
23:59 734.82 5.28 88 1.34 0
