00:00 750.32 15.89 88 1.79 0
00:01 750.32 15.89 88 2.24 0
00:02 750.32 15.89 88 1.79 0
00:03 750.32 15.89 88 1.34 0
00:04 750.57 15.89 88 1.34 0
00:05 750.32 15.89 88 1.34 0
00:06 750.57 15.89 88 1.79 0
00:07 750.57 15.89 88 .89 0
00:08 750.32 15.89 88 1.34 0
00:09 750.57 15.89 88 .89 0
00:10 750.32 15.89 88 1.79 0
00:11 750.32 15.89 88 .89 0
00:12 750.57 15.89 88 1.34 0
00:13 750.57 15.89 88 2.24 0
00:14 750.32 15.89 88 1.34 0
00:15 750.57 15.89 88 1.34 0
00:16 750.57 15.89 88 1.34 0
00:17 750.57 15.89 88 1.79 0
00:18 750.57 15.89 88 1.34 0
00:19 750.57 15.83 88 2.68 0
00:20 750.57 15.83 88 1.79 0
00:21 750.57 15.83 87 2.68 0
00:22 750.57 15.89 88 2.68 0
00:23 750.57 15.83 88 1.79 0
00:24 750.57 15.83 88 1.34 0
00:25 750.57 15.83 88 1.79 0
00:26 750.57 15.83 88 2.24 0
00:27 750.57 15.78 88 1.79 0
00:28 750.57 15.78 88 1.79 0
00:29 750.57 15.78 88 1.79 0
00:30 750.57 15.78 88 2.24 0
00:31 750.57 15.78 88 1.34 0
00:32 750.57 15.72 88 2.24 0
00:33 750.57 15.72 88 2.24 0
00:34 750.57 15.72 88 .89 0
00:35 750.57 15.72 88 1.34 0
00:36 750.57 15.67 88 1.34 0
00:37 750.57 15.67 88 2.24 0
00:38 750.57 15.67 88 .89 0
00:39 750.57 15.67 88 1.79 0
00:40 750.57 15.61 88 1.79 0
00:41 750.57 15.61 88 1.79 0
00:42 750.57 15.56 88 2.24 0
00:43 750.57 15.56 88 1.79 0
00:44 750.57 15.56 88 1.34 0
00:45 750.57 15.5 88 4.02 0
00:46 750.57 15.5 88 2.24 0
00:47 750.57 15.44 88 2.24 0
00:48 750.57 15.44 88 2.24 0
00:49 750.57 15.39 88 3.58 0
00:50 750.57 15.39 88 2.68 0
00:51 750.57 15.33 89 2.24 0
00:52 750.57 15.33 89 2.68 0
00:53 750.57 15.33 89 4.02 0
00:54 750.57 15.28 89 2.24 0
00:55 750.57 15.28 89 1.79 0
00:56 750.57 15.28 89 2.68 0
00:57 750.57 15.22 89 2.68 0
00:58 750.57 15.22 89 2.68 0
00:59 750.57 15.17 89 1.79 0
01:00 750.57 15.17 89 1.79 0
01:01 750.57 15.11 89 1.79 0
01:02 750.57 15.11 89 .89 0
01:03 750.57 15.11 89 1.79 0
01:04 750.57 15.11 89 1.79 0
01:05 750.57 15.06 89 1.79 0
01:06 750.57 15.06 89 2.24 0
01:07 750.57 15.06 89 1.34 0
01:08 750.57 15.06 89 1.79 0
01:09 750.57 15 89 2.24 0
01:10 750.57 15 89 3.58 0
01:11 750.57 15 89 2.24 0
01:12 750.57 14.94 89 1.34 0
01:13 750.57 14.94 89 2.24 0
01:14 750.57 14.94 90 1.34 0
01:15 750.57 14.89 89 1.79 0
01:16 750.57 14.89 89 1.79 0
01:17 750.57 14.83 89 1.34 0
01:18 750.57 14.83 89 1.34 0
01:19 750.57 14.83 90 1.34 0
01:20 750.57 14.83 90 1.79 0
01:21 750.57 14.78 90 1.79 0
01:22 750.82 14.78 90 1.34 0
01:23 750.57 14.78 90 1.79 0
01:24 750.57 14.78 90 1.34 0
01:25 750.82 14.72 90 1.79 0
01:26 750.82 14.67 90 1.79 0
01:27 750.82 14.67 90 .89 0
01:28 750.82 14.67 90 1.34 0
01:29 750.82 14.67 90 1.34 0
01:30 750.82 14.61 90 1.34 0
01:31 750.82 14.61 90 1.34 0
01:32 750.82 14.61 90 .89 0
01:33 750.82 14.56 90 .45 0
01:34 750.82 14.56 90 1.34 0
01:35 750.82 14.5 90 .89 0
01:36 750.57 14.5 90 1.34 0
01:37 750.82 14.5 90 1.34 0
01:38 750.82 14.5 90 1.34 0
01:39 750.82 14.5 90 1.34 0
01:40 750.82 14.5 90 .89 0
01:41 750.82 14.44 90 .89 0
01:42 750.82 14.44 90 1.79 0
01:43 750.82 14.44 90 1.34 0
01:44 750.82 14.44 90 1.34 0
01:45 750.82 14.44 90 2.24 0
01:46 750.82 14.39 90 1.34 0
01:47 750.82 14.39 90 1.79 0
01:48 750.82 14.39 90 1.79 0
01:49 750.82 14.39 90 1.34 0
01:50 750.82 14.39 90 1.34 0
01:51 750.82 14.39 90 1.79 0
01:52 750.82 14.33 90 .89 0
01:53 750.82 14.33 90 .89 0
01:54 750.82 14.33 90 1.79 0
01:55 750.82 14.33 90 1.34 0
01:56 750.82 14.33 90 .89 0
01:57 750.82 14.28 90 .89 0
01:58 750.82 14.28 90 1.34 0
01:59 750.82 14.28 90 .89 0
02:00 750.82 14.28 90 1.79 0
02:01 750.82 14.28 90 1.34 0
02:02 750.82 14.22 90 1.79 0
02:03 750.82 14.22 90 1.79 0
02:04 750.82 14.22 90 .89 0
02:05 750.82 14.22 90 .89 0
02:06 750.82 14.22 90 .89 0
02:07 750.82 14.17 90 1.79 0
02:08 750.82 14.17 90 1.34 0
02:09 750.82 14.17 91 .89 0
02:10 750.82 14.17 91 1.79 0
02:11 750.82 14.17 91 1.34 0
02:12 750.82 14.11 91 .89 0
02:13 750.82 14.17 91 1.79 0
02:14 750.82 14.17 91 1.34 0
02:15 750.82 14.11 91 1.79 0
02:16 750.82 14.11 91 1.79 0
02:17 750.82 14.11 91 2.24 0
02:18 750.82 14.11 91 1.34 0
02:19 750.82 14.11 91 1.34 0
02:20 750.82 14.11 91 1.34 0
02:21 750.82 14.11 91 1.34 0
02:22 750.82 14.11 91 2.24 0
02:23 750.82 14.11 91 .89 0
02:24 750.82 14.06 91 1.79 0
02:25 750.82 14.11 91 1.34 0
02:26 750.82 14.11 91 1.34 0
02:27 750.82 14.11 91 1.79 0
02:28 750.82 14.11 91 1.79 0
02:29 750.82 14.11 91 2.24 0
02:30 750.82 14.11 91 1.34 0
02:31 750.82 14.11 91 1.34 0
02:32 750.82 14.06 91 1.34 0
02:33 750.82 14.06 91 2.68 0
02:34 750.82 14.06 91 1.34 0
02:35 750.82 14.11 91 1.34 0
02:36 751.08 14.06 91 1.34 0
02:37 750.82 14.06 91 1.79 0
02:38 751.08 14.06 91 1.34 0
02:39 750.82 14.06 91 1.34 0
02:40 750.82 14.06 91 1.34 0
02:41 750.82 14.06 91 1.79 0
02:42 750.82 14.06 91 .89 0
02:43 750.82 14.06 91 2.24 0
02:44 750.82 14.06 91 .89 0
02:45 750.82 14.06 91 1.34 0
02:46 750.82 14.06 91 1.34 0
02:47 750.82 14.06 91 1.34 0
02:48 750.82 14.06 91 1.34 0
02:49 750.82 14.06 91 1.79 0
02:50 750.82 14.06 91 .89 0
02:51 751.08 14 91 .89 0
02:52 750.82 14 91 1.34 0
02:53 751.08 14 91 1.34 0
02:54 751.08 14 91 1.34 0
02:55 750.82 14 91 1.79 0
02:56 751.08 14 91 1.34 0
02:57 751.08 13.94 91 1.79 0
02:58 750.82 13.94 91 .89 0
02:59 751.08 13.94 91 1.79 0
03:00 750.82 14 91 1.79 0
03:01 750.82 13.94 91 1.79 0
03:02 750.82 13.94 91 .89 0
03:03 750.82 13.94 91 1.34 0
03:04 750.82 13.94 91 1.79 0
03:05 750.82 13.89 91 1.34 0
03:06 751.08 13.89 91 1.79 0
03:07 751.08 13.89 91 1.79 0
03:08 751.08 13.89 91 1.34 0
03:09 751.08 13.83 91 1.34 0
03:10 751.08 13.83 91 1.34 0
03:11 751.08 13.89 91 .89 0
03:12 751.08 13.83 91 .89 0
03:13 751.08 13.83 91 1.34 0
03:14 751.08 13.83 91 1.34 0
03:15 751.08 13.83 91 1.34 0
03:16 751.08 13.78 91 1.34 0
03:17 751.08 13.78 91 1.34 0
03:18 751.08 13.78 91 1.34 0
03:19 751.08 13.78 91 .89 0
03:20 751.08 13.78 91 .45 0
03:21 751.08 13.78 91 .89 0
03:22 751.08 13.78 91 .89 0
03:23 751.08 13.78 91 .45 0
03:24 751.08 13.78 91 .89 0
03:25 751.08 13.72 91 .89 0
03:26 751.08 13.78 91 1.34 0
03:27 751.08 13.78 91 .89 0
03:28 751.08 13.72 91 .89 0
03:29 751.08 13.72 91 .89 0
03:30 751.08 13.72 91 1.34 0
03:31 751.08 13.78 91 .89 0
03:32 751.08 13.72 91 .45 0
03:33 751.08 13.72 91 .89 0
03:34 751.08 13.78 91 .89 0
03:35 751.08 13.72 91 .89 0
03:36 751.08 13.72 91 .45 0
03:37 751.08 13.72 91 .45 0
03:38 751.08 13.72 91 .89 0
03:39 751.08 13.72 91 .89 0
03:40 751.08 13.72 91 .45 0
03:41 751.08 13.72 91 .89 0
03:42 751.08 13.72 91 .45 0
03:43 751.08 13.72 91 0 0
03:44 751.08 13.72 91 0 0
03:45 751.08 13.72 91 0 0
03:46 751.08 13.72 91 0 0
03:47 751.08 13.72 91 0 0
03:48 751.08 13.67 91 0 0
03:49 751.08 13.72 91 0 0
03:50 751.08 13.72 91 0 0
03:51 751.08 13.72 91 0 0
03:52 751.08 13.72 91 0 0
03:53 751.08 13.67 91 0 0
03:54 751.08 13.72 91 0 0
03:55 751.08 13.72 91 0 0
03:56 751.08 13.67 91 0 0
03:57 751.08 13.67 91 0 0
03:58 751.08 13.67 91 0 0
03:59 751.08 13.67 91 0 0
04:00 751.08 13.72 91 0 0
04:01 751.08 13.67 91 0 0
04:02 751.08 13.67 91 0 0
04:03 751.08 13.67 91 0 0
04:04 751.08 13.67 91 0 0
04:05 751.08 13.61 91 0 0
04:06 751.08 13.67 91 0 0
04:07 751.08 13.61 91 .89 0
04:08 751.08 13.61 91 .89 0
04:09 751.08 13.61 91 .89 0
04:10 751.08 13.61 91 .89 0
04:11 751.08 13.61 91 .45 0
04:12 751.08 13.61 91 .45 0
04:13 751.08 13.61 91 .89 0
04:14 751.08 13.61 91 .45 0
04:15 751.08 13.61 91 .45 0
04:16 751.08 13.56 91 .45 0
04:17 751.08 13.56 91 0 0
04:18 751.08 13.56 91 0 0
04:19 751.08 13.56 91 0 0
04:20 751.08 13.56 91 0 0
04:21 751.08 13.56 91 0 0
04:22 751.08 13.56 91 0 0
04:23 751.08 13.56 91 0 0
04:24 751.08 13.56 91 0 0
04:25 751.08 13.56 91 0 0
04:26 751.08 13.56 91 0 0
04:27 751.08 13.5 91 0 0
04:28 751.08 13.5 91 0 0
04:29 751.08 13.5 91 0 0
04:30 751.08 13.5 91 0 0
04:31 751.08 13.5 91 .45 0
04:32 751.33 13.5 91 .45 0
04:33 751.33 13.5 91 0 0
04:34 751.08 13.5 91 0 0
04:35 751.08 13.5 91 0 0
04:36 751.08 13.44 91 0 0
04:37 751.08 13.39 91 0 0
04:38 751.08 13.39 91 0 0
04:39 751.08 13.33 91 0 0
04:40 751.33 13.33 91 0 0
04:41 751.33 13.33 91 0 0
04:42 751.33 13.28 91 0 0
04:43 751.33 13.22 91 0 0
04:44 751.33 13.22 91 0 0
04:45 751.33 13.17 91 .89 0
04:46 751.33 13.11 91 .89 0
04:47 751.33 13.06 91 .89 0
04:48 751.33 13 91 1.34 0
04:49 751.33 12.94 91 1.34 0
04:50 751.33 12.94 91 1.79 0
04:51 751.33 12.94 91 .89 0
04:52 751.33 12.94 91 .89 0
04:53 751.33 12.94 91 .89 0
04:54 751.33 12.94 91 .89 0
04:55 751.33 12.94 91 .89 0
04:56 751.33 12.89 91 1.34 0
04:57 751.33 12.89 91 1.34 0
04:58 751.33 12.83 91 1.34 0
04:59 751.33 12.78 91 1.34 0
05:00 751.33 12.78 91 1.34 0
05:01 751.33 12.83 91 .89 0
05:02 751.33 12.83 91 .89 0
05:03 751.33 12.83 91 .45 0
05:04 751.33 12.78 92 .45 0
05:05 751.33 12.78 92 .45 0
05:06 751.33 12.78 92 .89 0
05:07 751.33 12.72 92 .89 0
05:08 751.33 12.72 92 .89 0
05:09 751.33 12.67 92 .89 0
05:10 751.33 12.67 92 1.34 0
05:11 751.33 12.67 92 .89 0
05:12 751.33 12.67 92 .89 0
05:13 751.33 12.72 92 .89 0
05:14 751.59 12.67 92 .45 0
05:15 751.59 12.72 92 .89 0
05:16 751.59 12.72 92 .89 0
05:17 751.59 12.72 92 .89 0
05:18 751.59 12.72 92 .89 0
05:19 751.59 12.67 92 .45 0
05:20 751.59 12.61 92 .45 0
05:21 751.59 12.5 92 .45 0
05:22 751.59 12.44 91 0 0
05:23 751.59 12.44 91 .45 0
05:24 751.59 12.33 91 .45 0
05:25 751.59 12.33 91 .45 0
05:26 751.59 12.33 92 .45 0
05:27 751.59 12.28 92 .45 0
05:28 751.59 12.28 92 0 0
05:29 751.59 12.28 92 .45 0
05:30 751.59 12.28 92 .45 0
05:31 751.59 12.28 92 .45 0
05:32 751.59 12.33 92 .89 0
05:33 751.59 12.33 92 .45 0
05:34 751.59 12.33 92 .45 0
05:35 751.59 12.33 92 .45 0
05:36 751.59 12.33 92 .45 0
05:37 751.59 12.33 92 .89 0
05:38 751.59 12.28 92 .89 0
05:39 751.59 12.28 92 .89 0
05:40 751.59 12.22 92 .89 0
05:41 751.59 12.17 92 .89 0
05:42 751.59 12.11 92 .45 0
05:43 751.59 12.06 92 .45 0
05:44 751.59 12 92 0 0
05:45 751.59 12.06 92 .45 0
05:46 751.59 12.06 92 .45 0
05:47 751.59 12.06 92 .89 0
05:48 751.59 12 92 .45 0
05:49 751.59 12 92 0 0
05:50 751.59 11.94 92 0 0
05:51 751.59 12 92 0 0
05:52 751.59 12 92 .45 0
05:53 751.59 11.89 92 .45 0
05:54 751.59 11.83 92 1.34 0
05:55 751.59 11.78 92 1.34 0
05:56 751.59 11.72 92 .89 0
05:57 751.59 11.67 91 1.34 0
05:58 751.59 11.67 91 1.34 0
05:59 751.59 11.72 92 .89 0
06:00 751.59 11.78 92 .89 0
06:01 751.59 11.83 92 1.34 0
06:02 751.59 11.89 92 1.34 0
06:03 751.59 11.89 92 1.34 0
06:04 751.59 11.94 92 1.34 0
06:05 751.59 12 92 1.34 0
06:06 751.59 12.06 92 .89 0
06:07 751.59 12 92 .89 0
06:08 751.59 12 92 .89 0
06:09 751.59 11.94 92 1.34 0
06:10 751.59 11.94 92 .89 0
06:11 751.59 11.89 92 1.34 0
06:12 751.59 11.89 92 .89 0
06:13 751.59 11.83 92 .89 0
06:14 751.84 11.83 92 .89 0
06:15 751.84 11.78 92 .45 0
06:16 751.59 11.78 92 .89 0
06:17 751.84 11.78 92 .89 0
06:18 751.84 11.78 92 .89 0
06:19 751.84 11.72 92 .89 0
06:20 751.84 11.72 92 .89 0
06:21 751.84 11.72 92 .89 0
06:22 751.84 11.72 92 .89 0
06:23 751.84 11.78 92 0 0
06:24 751.84 11.78 92 0 0
06:25 751.84 11.83 92 .45 0
06:26 751.84 11.83 92 0 0
06:27 751.84 11.89 92 0 0
06:28 751.84 11.89 92 0 0
06:29 751.84 11.94 92 .45 0
06:30 751.84 11.94 92 0 0
06:31 751.84 11.94 92 0 0
06:32 751.84 11.94 92 0 0
06:33 751.84 12 92 0 0
06:34 751.84 12 92 0 0
06:35 751.84 12.06 92 0 0
06:36 751.84 12.06 93 0 0
06:37 751.84 12.06 93 0 0
06:38 751.84 12.11 93 0 0
06:39 751.84 12.11 93 0 0
06:40 751.84 12.17 93 0 0
06:41 751.84 12.17 93 0 0
06:42 751.84 12.17 93 0 0
06:43 751.84 12.22 93 0 0
06:44 751.84 12.22 93 0 0
06:45 751.84 12.28 93 0 0
06:46 751.84 12.28 93 0 0
06:47 751.84 12.28 93 0 0
06:48 751.84 12.33 93 0 0
06:49 751.84 12.33 93 0 0
06:50 751.84 12.39 93 0 0
06:51 751.84 12.39 93 0 0
06:52 751.84 12.44 93 0 0
06:53 751.84 12.44 93 0 0
06:54 751.84 12.44 93 0 0
06:55 751.84 12.39 93 0 0
06:56 751.84 12.33 92 0 0
06:57 751.84 12.39 92 0 0
06:58 751.84 12.39 93 0 0
06:59 752.09 12.39 93 0 0
07:00 751.84 12.39 93 0 0
07:01 752.09 12.39 93 0 0
07:02 752.09 12.44 93 0 0
07:03 752.09 12.44 93 0 0
07:04 752.09 12.44 93 0 0
07:05 752.09 12.5 93 0 0
07:06 752.09 12.5 93 0 0
07:07 752.09 12.56 93 0 0
07:08 752.09 12.61 93 .45 0
07:09 752.09 12.61 93 .45 0
07:10 752.09 12.61 93 .45 0
07:11 752.09 12.67 93 .89 0
07:12 752.09 12.67 93 .45 0
07:13 752.09 12.72 93 .45 0
07:14 752.09 12.72 93 .45 0
07:15 752.09 12.78 93 .45 0
07:16 752.09 12.83 93 .45 0
07:17 752.09 12.83 93 .89 0
07:18 752.09 12.83 93 1.34 0
07:19 752.09 12.89 93 .89 0
07:20 752.09 12.89 93 .45 0
07:21 752.09 12.94 93 .89 0
07:22 752.09 12.94 93 .89 0
07:23 752.09 13 93 .89 0
07:24 752.09 13.06 93 .45 0
07:25 752.09 13.06 93 .45 0
07:26 752.09 13.11 93 0 0
07:27 752.09 13.11 93 .45 0
07:28 752.09 13.17 93 .45 0
07:29 752.09 13.22 93 .45 0
07:30 752.09 13.22 93 .45 0
07:31 752.09 13.28 93 .45 0
07:32 752.09 13.33 93 .45 0
07:33 752.09 13.33 93 0 0
07:34 752.09 13.39 93 .45 0
07:35 752.09 13.44 93 0 0
07:36 752.09 13.44 93 .45 0
07:37 752.09 13.5 93 .45 0
07:38 752.09 13.5 93 .89 0
07:39 752.09 13.56 93 .89 0
07:40 752.09 13.61 93 .45 0
07:41 752.09 13.61 93 .45 0
07:42 752.09 13.67 93 .45 0
07:43 752.09 13.72 93 .45 0
07:44 752.09 13.78 92 1.34 0
07:45 752.09 13.78 92 1.79 0
07:46 752.09 13.83 92 2.24 0
07:47 752.09 13.83 92 1.79 0
07:48 752.09 13.89 92 1.79 0
07:49 752.09 13.94 92 1.34 0
07:50 752.09 14.06 92 .89 0
07:51 752.09 14.06 92 1.34 0
07:52 752.09 14.11 92 1.79 0
07:53 752.09 14.17 91 1.34 0
07:54 752.09 14.22 91 2.68 0
07:55 752.09 14.28 90 1.34 0
07:56 752.09 14.33 90 1.79 0
07:57 752.09 14.39 90 1.34 0
07:58 752.09 14.44 90 1.79 0
07:59 752.09 14.5 89 2.24 0
08:00 752.09 14.5 89 1.34 0
08:01 752.09 14.56 89 1.34 0
08:02 752.09 14.61 89 1.34 0
08:03 752.09 14.67 89 .89 0
08:04 752.09 14.72 88 1.34 0
08:05 752.09 14.78 88 1.34 0
08:06 752.09 14.78 88 1.79 0
08:07 752.09 14.83 87 1.79 0
08:08 752.09 14.83 87 1.34 0
08:09 752.09 14.89 87 .89 0
08:10 752.09 14.94 87 1.79 0
08:11 752.09 15 87 2.24 0
08:12 752.09 15.06 86 1.79 0
08:13 752.09 15.06 86 1.79 0
08:14 752.09 15.11 86 1.79 0
08:15 752.09 15.17 85 1.79 0
08:16 752.09 15.17 85 1.34 0
08:17 752.09 15.22 85 1.34 0
08:18 752.09 15.28 85 1.34 0
08:19 752.09 15.33 85 1.34 0
08:20 752.09 15.39 85 1.34 0
08:21 752.09 15.44 85 .89 0
08:22 752.09 15.44 85 .89 0
08:23 752.09 15.5 84 .89 0
08:24 752.09 15.56 85 1.34 0
08:25 752.09 15.56 84 1.34 0
08:26 752.09 15.61 84 1.34 0
08:27 752.09 15.67 83 1.34 0
08:28 752.09 15.72 83 1.34 0
08:29 752.09 15.78 83 .45 0
08:30 752.09 15.83 83 1.34 0
08:31 752.09 15.89 83 .89 0
08:32 752.09 15.89 82 1.34 0
08:33 752.09 15.94 82 1.34 0
08:34 752.09 16 82 1.34 0
08:35 752.09 16 82 1.34 0
08:36 752.09 16 82 1.34 0
08:37 752.09 16 82 1.79 0
08:38 752.09 16.06 82 1.34 0
08:39 752.09 16.06 81 2.24 0
08:40 752.09 16.06 81 2.24 0
08:41 752.09 16.11 81 .89 0
08:42 752.09 16.11 81 .89 0
08:43 752.09 16.17 81 1.34 0
08:44 752.35 16.22 81 .89 0
08:45 752.09 16.28 81 1.34 0
08:46 752.09 16.33 81 .89 0
08:47 752.35 16.44 81 0 0
08:48 752.35 16.44 81 1.34 0
08:49 752.35 16.5 81 .89 0
08:50 752.35 16.56 80 1.34 0
08:51 752.35 16.61 80 1.34 0
08:52 752.35 16.67 80 .45 0
08:53 752.35 16.72 80 .45 0
08:54 752.35 16.72 80 .89 0
08:55 752.35 16.78 80 1.34 0
08:56 752.35 16.83 80 1.34 0
08:57 752.35 16.83 80 .45 0
08:58 752.35 16.89 79 1.34 0
08:59 752.35 16.89 79 1.34 0
09:00 752.35 16.89 79 .45 0
09:01 752.35 16.89 79 1.34 0
09:02 752.35 16.94 79 1.79 0
09:03 752.35 17 79 .89 0
09:04 752.35 17.06 79 1.34 0
09:05 752.35 17.06 78 .45 0
09:06 752.35 17.11 78 .45 0
09:07 752.35 17.11 78 1.79 0
09:08 752.35 17.17 78 1.34 0
09:09 752.35 17.22 78 .89 0
09:10 752.35 17.28 78 .45 0
09:11 752.35 17.33 78 .45 0
09:12 752.35 17.33 78 1.79 0
09:13 752.35 17.33 77 1.79 0
09:14 752.35 17.33 77 1.34 0
09:15 752.35 17.33 78 .89 0
09:16 752.35 17.33 77 .45 0
09:17 752.35 17.39 78 .89 0
09:18 752.35 17.39 78 .45 0
09:19 752.35 17.44 78 1.34 0
09:20 752.35 17.44 77 1.34 0
09:21 752.35 17.44 76 .89 0
09:22 752.35 17.44 77 .89 0
09:23 752.35 17.5 77 1.34 0
09:24 752.35 17.5 76 1.79 0
09:25 752.35 17.5 76 0 0
09:26 752.35 17.56 76 1.79 0
09:27 752.35 17.61 75 2.24 0
09:28 752.35 17.61 75 1.79 0
09:29 752.35 17.61 74 2.24 0
09:30 752.35 17.67 74 .45 0
09:31 752.35 17.67 75 .89 0
09:32 752.35 17.72 74 .89 0
09:33 752.35 17.78 73 .45 0
09:34 752.35 17.83 74 .89 0
09:35 752.35 17.94 74 .45 0
09:36 752.35 18.06 74 .45 0
09:37 752.35 18.22 74 .89 0
09:38 752.35 18.33 74 .89 0
09:39 752.35 18.39 73 1.79 0
09:40 752.35 18.44 73 .45 0
09:41 752.35 18.44 72 .45 0
09:42 752.35 18.44 72 .89 0
09:43 752.35 18.56 72 1.79 0
09:44 752.6 18.61 71 1.34 0
09:45 752.6 18.67 68 2.24 0
09:46 752.35 18.67 68 1.34 0
09:47 752.6 18.72 68 1.34 0
09:48 752.35 18.78 69 0 0
09:49 752.6 18.78 69 0 0
09:50 752.35 18.89 69 1.79 0
09:51 752.35 18.83 70 2.24 0
09:52 752.6 18.83 69 1.79 0
09:53 752.35 18.78 69 1.79 0
09:54 752.6 18.67 70 1.79 0
09:55 752.6 18.61 70 .89 0
09:56 752.6 18.61 70 1.79 0
09:57 752.6 18.61 70 .89 0
09:58 752.6 18.56 70 1.34 0
09:59 752.6 18.56 69 .89 0
10:00 752.6 18.61 70 1.79 0
10:01 752.35 18.67 70 1.34 0
10:02 752.6 18.72 69 1.79 0
10:03 752.6 18.78 68 1.34 0
10:04 752.6 18.83 68 1.34 0
10:05 752.6 18.94 68 1.79 0
10:06 752.6 18.94 68 1.34 0
10:07 752.6 19.06 68 .89 0
10:08 752.6 19.06 68 1.34 0
10:09 752.6 19.06 67 1.34 0
10:10 752.6 19.06 67 1.34 0
10:11 752.6 19.06 68 1.79 0
10:12 752.6 19.06 68 1.34 0
10:13 752.6 19.11 68 .89 0
10:14 752.6 19.17 68 0 0
10:15 752.6 19.22 68 0 0
10:16 752.6 19.28 68 .45 0
10:17 752.6 19.33 68 0 0
10:18 752.6 19.39 68 2.68 0
10:19 752.6 19.39 67 2.68 0
10:20 752.6 19.33 67 2.68 0
10:21 752.6 19.28 67 1.79 0
10:22 752.6 19.28 67 1.79 0
10:23 752.6 19.28 66 2.24 0
10:24 752.6 19.33 66 3.58 0
10:25 752.6 19.33 67 3.13 0
10:26 752.6 19.39 68 3.58 0
10:27 752.6 19.39 68 2.24 0
10:28 752.6 19.39 67 1.34 0
10:29 752.6 19.44 67 1.34 0
10:30 752.6 19.5 67 1.79 0
10:31 752.6 19.56 67 3.58 0
10:32 752.6 19.56 66 2.68 0
10:33 752.6 19.56 67 2.24 0
10:34 752.6 19.56 65 2.24 0
10:35 752.6 19.61 65 1.34 0
10:36 752.6 19.61 65 .89 0
10:37 752.6 19.67 65 3.58 0
10:38 752.6 19.67 65 1.34 0
10:39 752.6 19.72 65 .89 0
10:40 752.6 19.78 65 .89 0
10:41 752.6 19.78 65 4.02 0
10:42 752.6 19.72 64 2.68 0
10:43 752.6 19.67 63 1.79 0
10:44 752.6 19.67 64 2.24 0
10:45 752.6 19.67 64 3.58 0
10:46 752.6 19.67 64 .89 0
10:47 752.6 19.67 64 1.79 0
10:48 752.6 19.67 64 .89 0
10:49 752.6 19.72 64 2.24 0
10:50 752.6 19.72 64 2.24 0
10:51 752.6 19.72 64 3.58 0
10:52 752.6 19.78 64 2.24 0
10:53 752.6 19.83 65 .89 0
10:54 752.6 19.89 65 2.24 0
10:55 752.6 19.94 63 3.13 0
10:56 752.6 20 62 4.02 0
10:57 752.6 19.94 62 1.79 0
10:58 752.6 20 62 1.34 0
10:59 752.6 19.94 62 .89 0
11:00 752.6 19.94 62 2.68 0
11:01 752.6 20 63 1.79 0
11:02 752.6 20.06 64 1.79 0
11:03 752.86 20.17 64 2.68 0
11:04 752.86 20.17 63 2.68 0
11:05 752.6 20.17 62 1.34 0
11:06 752.86 20.11 63 1.79 0
11:07 752.6 20.11 63 1.34 0
11:08 752.6 20.11 63 .89 0
11:09 752.86 20.11 63 .89 0
11:10 752.6 20.11 63 3.58 0
11:11 752.86 20.11 63 2.68 0
11:12 752.86 20.17 62 4.02 0
11:13 752.6 20.17 61 2.24 0
11:14 752.6 20.17 61 1.34 0
11:15 752.86 20.11 61 2.24 0
11:16 752.86 20.11 62 1.34 0
11:17 752.86 20.11 61 .45 0
11:18 752.6 20.11 62 1.34 0
11:19 752.6 20.17 62 1.79 0
11:20 752.6 20.28 62 1.79 0
11:21 752.6 20.33 62 1.34 0
11:22 752.6 20.33 61 3.13 0
11:23 752.6 20.39 60 2.68 0
11:24 752.6 20.39 61 .45 0
11:25 752.6 20.33 61 2.24 0
11:26 752.6 20.33 60 2.68 0
11:27 752.86 20.33 59 2.24 0
11:28 752.6 20.33 59 2.68 0
11:29 752.6 20.39 60 3.13 0
11:30 752.6 20.33 60 2.24 0
11:31 752.6 20.39 60 1.79 0
11:32 752.6 20.39 61 1.34 0
11:33 752.6 20.44 62 1.79 0
11:34 752.6 20.44 60 1.79 0
11:35 752.6 20.44 60 1.79 0
11:36 752.6 20.5 61 2.68 0
11:37 752.86 20.56 61 3.13 0
11:38 752.6 20.56 61 1.34 0
11:39 752.86 20.56 61 1.79 0
11:40 752.6 20.56 60 1.79 0
11:41 752.86 20.56 61 3.58 0
11:42 752.6 20.56 61 3.58 0
11:43 752.86 20.5 61 1.79 0
11:44 752.86 20.5 62 .45 0
11:45 752.86 20.56 62 .89 0
11:46 752.86 20.61 62 1.79 0
11:47 752.86 20.78 62 1.34 0
11:48 752.86 20.83 60 4.47 0
11:49 752.86 20.89 61 2.24 0
11:50 752.86 20.94 61 1.79 0
11:51 752.86 20.94 61 2.24 0
11:52 752.6 21 60 2.68 0
11:53 752.86 20.94 60 1.34 0
11:54 752.86 20.89 61 3.13 0
11:55 752.86 20.83 62 3.13 0
11:56 752.86 20.83 63 1.34 0
11:57 752.86 20.83 63 4.92 0
11:58 752.86 20.72 61 4.47 0
11:59 752.86 20.61 61 4.02 0
12:00 752.86 20.61 60 2.24 0
12:01 752.86 20.61 60 3.58 0
12:02 752.86 20.56 61 1.79 0
12:03 752.86 20.56 61 4.02 0
12:04 752.86 20.56 62 4.02 0
12:05 752.86 20.56 63 2.68 0
12:06 752.86 20.61 62 1.34 0
12:07 752.86 20.61 63 1.79 0
12:08 752.86 20.67 63 6.26 0
12:09 752.86 20.67 62 6.26 0
12:10 752.86 20.61 61 5.36 0
12:11 752.86 20.56 62 4.02 0
12:12 752.86 20.56 62 3.58 0
12:13 752.86 20.5 62 4.47 0
12:14 752.86 20.39 62 4.92 0
12:15 752.86 20.28 62 3.58 0
12:16 752.86 20.22 63 4.02 0
12:17 752.86 20.17 62 2.24 0
12:18 752.86 20.17 63 2.68 0
12:19 752.86 20.11 63 1.79 0
12:20 752.86 20.06 63 1.79 0
12:21 752.86 20.06 62 2.24 0
12:22 752.86 20 62 2.68 0
12:23 752.86 20 63 3.58 0
12:24 752.86 20 62 2.24 0
12:25 752.86 20 63 2.24 0
12:26 752.86 19.94 64 2.24 0
12:27 752.86 19.94 64 3.58 0
12:28 752.86 19.94 63 1.79 0
12:29 752.86 20 64 1.34 0
12:30 752.86 20.06 65 3.58 0
12:31 752.86 20.11 64 1.34 0
12:32 752.86 20.22 64 4.47 0
12:33 752.86 20.28 62 4.02 0
12:34 752.86 20.39 61 3.58 0
12:35 752.86 20.44 60 2.68 0
12:36 752.86 20.44 60 1.79 0
12:37 752.86 20.5 59 .89 0
12:38 752.86 20.5 60 1.79 0
12:39 752.86 20.56 60 4.92 0
12:40 752.86 20.67 60 3.58 0
12:41 752.86 20.78 60 2.68 0
12:42 752.86 20.83 61 2.68 0
12:43 752.86 20.94 61 1.34 0
12:44 752.86 21.06 60 4.92 0
12:45 752.86 21.06 60 3.13 0
12:46 752.86 21.06 59 3.58 0
12:47 752.86 21 60 4.02 0
12:48 752.86 21 60 4.92 0
12:49 752.86 20.94 60 1.79 0
12:50 752.86 20.83 60 1.79 0
12:51 752.86 20.72 60 1.34 0
12:52 752.86 20.78 61 1.79 0
12:53 752.86 20.78 61 4.92 0
12:54 752.86 20.83 60 5.36 0
12:55 752.86 20.72 59 3.58 0
12:56 752.86 20.72 60 2.24 0
12:57 752.86 20.78 60 5.36 0
12:58 752.86 20.78 58 4.02 0
12:59 752.86 20.72 59 3.58 0
13:00 752.86 20.72 60 4.02 0
13:01 752.86 20.78 60 4.92 0
13:02 752.86 20.78 60 5.36 0
13:03 752.86 20.78 58 3.58 0
13:04 752.86 20.78 58 3.58 0
13:05 752.86 20.83 58 2.68 0
13:06 752.86 20.94 58 3.58 0
13:07 752.86 20.94 59 1.79 0
13:08 752.86 20.94 58 1.79 0
13:09 752.86 21 58 4.92 0
13:10 752.86 21.06 58 6.26 0
13:11 752.86 21 58 3.58 0
13:12 753.11 21 59 5.36 0
13:13 753.11 21 58 4.92 0
13:14 753.11 21 58 3.58 0
13:15 753.11 20.94 58 1.79 0
13:16 752.86 20.89 58 2.24 0
13:17 753.11 20.89 59 1.79 0
13:18 753.11 20.89 59 4.02 0
13:19 753.11 20.89 58 3.58 0
13:20 752.86 20.94 59 3.58 0
13:21 753.11 21 57 3.58 0
13:22 753.11 21 59 4.02 0
13:23 753.11 21 59 2.24 0
13:24 753.11 21.06 59 1.79 0
13:25 753.11 21.06 60 1.34 0
13:26 752.86 21.11 60 3.58 0
13:27 753.11 21.06 59 4.92 0
13:28 753.11 21 59 4.92 0
13:29 753.11 20.94 59 4.47 0
13:30 753.11 20.89 59 3.58 0
13:31 753.11 20.89 60 3.58 0
13:32 753.11 20.89 59 2.24 0
13:33 753.11 20.89 59 1.79 0
13:34 753.11 20.89 60 1.34 0
13:35 752.86 20.94 60 2.24 0
13:36 752.86 21.06 61 5.81 0
13:37 752.86 21.06 60 2.24 0
13:38 752.86 21.17 60 4.47 0
13:39 752.86 21.17 59 4.92 0
13:40 752.86 21.17 59 5.36 0
13:41 753.11 21.22 60 7.15 0
13:42 752.86 21.11 58 6.26 0
13:43 752.86 21.06 59 4.02 0
13:44 753.11 21 59 4.02 0
13:45 752.86 21 59 4.92 0
13:46 752.86 21 60 4.02 0
13:47 752.86 21.06 60 4.47 0
13:48 752.86 21.06 59 1.79 0
13:49 752.86 21.11 60 3.58 0
13:50 752.86 21.11 59 2.24 0
13:51 752.86 21.17 60 3.58 0
13:52 752.86 21.22 59 4.47 0
13:53 752.86 21.22 58 1.79 0
13:54 752.86 21.28 59 3.13 0
13:55 752.86 21.33 59 2.68 0
13:56 752.86 21.33 59 2.24 0
13:57 752.86 21.39 58 3.58 0
13:58 752.86 21.39 59 4.02 0
13:59 752.86 21.44 59 3.13 0
14:00 752.86 21.39 58 1.79 0
14:01 752.86 21.39 59 2.24 0
14:02 752.86 21.39 59 6.26 0
14:03 752.86 21.33 60 4.02 0
14:04 752.86 21.39 60 4.47 0
14:05 752.86 21.33 59 2.24 0
14:06 752.86 21.28 60 4.47 0
14:07 752.86 21.22 60 4.47 0
14:08 752.86 21.17 60 3.58 0
14:09 752.86 21.06 60 1.79 0
14:10 752.86 21.06 61 2.68 0
14:11 752.86 21 60 2.68 0
14:12 752.86 20.94 60 1.79 0
14:13 753.11 20.94 60 .89 0
14:14 752.86 20.94 61 2.24 0
14:15 752.86 21 61 2.68 0
14:16 752.86 21.06 60 2.24 0
14:17 753.11 21.11 61 1.79 0
14:18 752.86 21.22 61 4.02 0
14:19 752.86 21.33 61 3.13 0
14:20 752.86 21.33 61 2.24 0
14:21 753.11 21.39 61 4.02 0
14:22 753.11 21.44 60 4.02 0
14:23 753.11 21.44 60 4.92 0
14:24 753.11 21.28 60 4.02 0
14:25 753.11 21.22 60 2.68 0
14:26 753.11 21.17 60 1.79 0
14:27 753.11 21.22 61 1.34 0
14:28 753.11 21.28 61 1.79 0
14:29 753.11 21.28 61 2.68 0
14:30 753.11 21.28 59 3.58 0
14:31 753.11 21.33 60 1.79 0
14:32 753.11 21.33 61 2.68 0
14:33 753.11 21.39 60 1.79 0
14:34 753.11 21.44 60 3.58 0
14:35 753.11 21.44 59 5.36 0
14:36 753.11 21.44 58 4.47 0
14:37 753.11 21.39 58 3.13 0
14:38 753.11 21.39 58 3.13 0
14:39 753.11 21.33 58 2.68 0
14:40 753.11 21.33 58 3.58 0
14:41 753.11 21.33 59 1.34 0
14:42 753.11 21.33 59 1.79 0
14:43 753.11 21.33 59 1.79 0
14:44 753.11 21.39 59 2.24 0
14:45 753.11 21.44 60 2.24 0
14:46 753.11 21.56 59 5.81 0
14:47 753.11 21.56 59 4.92 0
14:48 753.11 21.5 58 5.36 0
14:49 753.11 21.44 59 4.02 0
14:50 753.11 21.33 59 4.02 0
14:51 753.11 21.33 60 4.47 0
14:52 753.11 21.28 60 4.92 0
14:53 753.11 21.22 59 4.02 0
14:54 753.11 21.17 60 3.58 0
14:55 753.11 21.11 60 4.02 0
14:56 753.11 21.11 60 1.34 0
14:57 753.11 21.11 61 1.79 0
14:58 753.11 21.17 61 4.02 0
14:59 753.11 21.22 61 4.02 0
15:00 753.11 21.28 60 2.24 0
15:01 753.11 21.33 60 2.68 0
15:02 753.11 21.44 60 4.02 0
15:03 753.11 21.44 60 2.68 0
15:04 753.11 21.5 61 3.13 0
15:05 753.11 21.5 59 2.68 0
15:06 753.11 21.44 60 2.68 0
15:07 753.11 21.5 60 1.34 0
15:08 753.11 21.5 60 2.24 0
15:09 753.11 21.56 60 4.02 0
15:10 753.11 21.56 60 1.79 0
15:11 753.11 21.56 60 2.24 0
15:12 753.11 21.67 60 4.92 0
15:13 753.11 21.61 59 3.13 0
15:14 753.11 21.61 60 4.47 0
15:15 753.11 21.61 60 6.71 0
15:16 753.11 21.61 60 5.81 0
15:17 753.11 21.56 60 4.02 0
15:18 753.11 21.5 60 4.92 0
15:19 753.11 21.44 60 4.92 0
15:20 753.11 21.33 60 5.36 0
15:21 753.11 21.33 60 5.36 0
15:22 753.11 21.22 61 3.58 0
15:23 753.11 21.17 61 4.92 0
15:24 753.11 21.22 61 3.58 0
15:25 753.11 21.28 61 2.68 0
15:26 753.11 21.28 61 4.92 0
15:27 753.11 21.28 61 3.58 0
15:28 753.11 21.28 61 4.92 0
15:29 753.11 21.28 60 4.02 0
15:30 753.11 21.28 61 1.79 0
15:31 753.11 21.28 61 2.68 0
15:32 753.11 21.28 61 1.79 0
15:33 753.11 21.33 61 5.36 0
15:34 753.11 21.39 61 2.68 0
15:35 753.11 21.39 61 1.79 0
15:36 753.11 21.44 62 2.24 0
15:37 753.11 21.56 62 2.24 0
15:38 753.11 21.61 62 2.24 0
15:39 753.11 21.61 61 2.68 0
15:40 753.36 21.61 61 3.13 0
15:41 753.11 21.56 61 4.02 0
15:42 753.11 21.56 61 4.02 0
15:43 753.11 21.56 61 4.47 0
15:44 753.11 21.56 61 5.36 0
15:45 753.11 21.56 61 5.81 0
15:46 753.11 21.44 60 4.92 0
15:47 753.11 21.39 60 3.58 0
15:48 753.11 21.39 62 1.34 0
15:49 753.11 21.44 62 2.24 0
15:50 753.36 21.5 62 1.79 0
15:51 753.11 21.56 62 3.58 0
15:52 753.11 21.61 61 2.68 0
15:53 753.11 21.56 61 4.92 0
15:54 753.11 21.56 61 2.68 0
15:55 753.11 21.5 61 1.79 0
15:56 753.11 21.5 61 6.71 0
15:57 753.11 21.44 61 4.02 0
15:58 753.11 21.33 61 4.02 0
15:59 753.11 21.33 61 3.58 0
16:00 753.11 21.28 62 4.92 0
16:01 753.11 21.28 61 3.58 0
16:02 753.11 21.17 61 4.92 0
16:03 753.11 21.11 62 4.92 0
16:04 753.11 21.17 62 4.47 0
16:05 753.11 21.17 62 4.47 0
16:06 753.11 21.17 62 4.47 0
16:07 753.11 21.11 63 4.92 0
16:08 753.11 21.11 62 4.02 0
16:09 753.11 21.17 63 3.13 0
16:10 753.11 21.22 63 3.58 0
16:11 753.11 21.28 63 3.58 0
16:12 753.11 21.33 62 2.24 0
16:13 753.11 21.33 63 2.68 0
16:14 753.11 21.39 63 3.58 0
16:15 753.11 21.44 63 5.36 0
16:16 753.36 21.44 62 4.47 0
16:17 753.36 21.44 62 2.24 0
16:18 753.11 21.44 62 2.24 0
16:19 753.36 21.5 63 3.58 0
16:20 753.36 21.5 62 3.13 0
16:21 753.11 21.5 62 2.24 0
16:22 753.11 21.56 62 3.58 0
16:23 753.11 21.5 62 2.68 0
16:24 753.11 21.5 62 3.13 0
16:25 753.11 21.5 63 2.24 0
16:26 753.11 21.5 63 2.24 0
16:27 753.11 21.5 62 2.24 0
16:28 753.36 21.44 62 4.47 0
16:29 753.36 21.33 62 3.58 0
16:30 753.11 21.33 63 2.68 0
16:31 753.36 21.33 63 3.58 0
16:32 753.11 21.33 63 3.58 0
16:33 753.36 21.28 63 1.79 0
16:34 753.36 21.28 63 2.24 0
16:35 753.36 21.33 63 2.24 0
16:36 753.11 21.33 63 1.79 0
16:37 753.36 21.33 63 1.79 0
16:38 753.36 21.33 63 1.79 0
16:39 753.11 21.39 64 2.24 0
16:40 753.36 21.44 63 2.24 0
16:41 753.36 21.44 63 3.58 0
16:42 753.36 21.5 63 3.58 0
16:43 753.36 21.5 63 3.13 0
16:44 753.36 21.5 63 5.36 0
16:45 753.36 21.5 63 3.58 0
16:46 753.36 21.44 64 2.68 0
16:47 753.36 21.44 64 2.68 0
16:48 753.36 21.44 64 1.79 0
16:49 753.36 21.5 64 4.02 0
16:50 753.36 21.44 63 1.34 0
16:51 753.36 21.44 64 3.58 0
16:52 753.36 21.44 64 3.58 0
16:53 753.36 21.39 64 4.92 0
16:54 753.36 21.39 64 2.68 0
16:55 753.36 21.33 64 1.79 0
16:56 753.36 21.39 64 3.13 0
16:57 753.36 21.33 64 2.68 0
16:58 753.36 21.33 64 1.79 0
16:59 753.36 21.33 64 2.68 0
17:00 753.36 21.28 63 5.81 0
17:01 753.36 21.22 63 4.92 0
17:02 753.36 21.17 63 5.36 0
17:03 753.36 21.11 63 4.02 0
17:04 753.36 21.06 64 4.02 0
17:05 753.36 21.06 64 4.92 0
17:06 753.36 21.06 64 4.47 0
17:07 753.36 21 64 2.68 0
17:08 753.36 20.94 64 1.79 0
17:09 753.36 20.94 64 2.68 0
17:10 753.36 20.94 64 2.68 0
17:11 753.36 20.89 64 2.24 0
17:12 753.36 20.89 64 2.24 0
17:13 753.36 20.89 64 1.79 0
17:14 753.36 20.89 65 1.79 0
17:15 753.36 20.94 64 1.34 0
17:16 753.36 20.94 65 1.34 0
17:17 753.36 21 64 4.02 0
17:18 753.36 21 64 3.58 0
17:19 753.36 21.06 64 4.47 0
17:20 753.36 21 65 2.68 0
17:21 753.36 21.06 65 2.24 0
17:22 753.36 21 66 3.58 0
17:23 753.36 20.89 66 2.68 0
17:24 753.36 20.78 67 2.24 0
17:25 753.36 20.67 67 3.58 0
17:26 753.62 20.61 67 3.58 0
17:27 753.62 20.56 67 4.47 0
17:28 753.62 20.5 68 3.58 0
17:29 753.62 20.44 68 3.13 0
17:30 753.62 20.44 68 2.24 0
17:31 753.62 20.44 68 1.79 0
17:32 753.62 20.44 68 2.24 0
17:33 753.62 20.44 68 2.24 0
17:34 753.62 20.44 68 4.02 0
17:35 753.62 20.44 68 3.58 0
17:36 753.62 20.44 68 1.79 0
17:37 753.62 20.44 68 4.92 0
17:38 753.62 20.39 67 4.02 0
17:39 753.62 20.33 67 4.02 0
17:40 753.62 20.33 67 4.47 0
17:41 753.62 20.33 68 2.68 0
17:42 753.62 20.33 68 4.47 0
17:43 753.62 20.33 68 3.58 0
17:44 753.62 20.28 67 4.47 0
17:45 753.62 20.28 67 4.47 0
17:46 753.62 20.28 68 3.58 0
17:47 753.62 20.28 68 3.58 0
17:48 753.62 20.22 68 4.47 0
17:49 753.62 20.17 68 4.47 0
17:50 753.62 20.17 68 4.92 0
17:51 753.62 20.11 68 3.58 0
17:52 753.62 20.06 68 2.68 0
17:53 753.62 20.06 69 4.02 0
17:54 753.62 20 68 4.02 0
17:55 753.62 20 68 1.79 0
17:56 753.62 19.94 68 3.58 0
17:57 753.62 19.94 68 2.68 0
17:58 753.62 19.89 68 3.58 0
17:59 753.62 19.89 68 2.24 0
18:00 753.62 19.89 69 1.34 0
18:01 753.62 19.89 69 2.68 0
18:02 753.62 19.89 69 2.68 0
18:03 753.87 19.89 69 2.68 0
18:04 753.62 19.83 69 1.79 0
18:05 753.62 19.89 69 1.79 0
18:06 753.62 19.89 69 2.68 0
18:07 753.62 19.89 69 3.58 0
18:08 753.87 19.89 68 2.24 0
18:09 753.87 19.89 69 1.79 0
18:10 753.62 19.83 69 2.24 0
18:11 753.87 19.83 69 2.24 0
18:12 753.87 19.89 69 1.79 0
18:13 753.87 19.89 69 1.79 0
18:14 753.87 19.89 69 1.34 0
18:15 753.87 19.83 69 1.34 0
18:16 753.87 19.89 69 1.34 0
18:17 753.62 19.89 69 .89 0
18:18 753.87 19.83 69 1.34 0
18:19 753.87 19.89 69 1.34 0
18:20 753.87 19.89 69 .89 0
18:21 753.87 19.89 69 1.34 0
18:22 753.87 19.89 69 .89 0
18:23 753.87 19.83 69 1.34 0
18:24 753.87 19.83 69 .89 0
18:25 753.87 19.78 69 2.24 0
18:26 753.87 19.78 69 1.34 0
18:27 753.87 19.78 69 2.24 0
18:28 753.87 19.72 69 .89 0
18:29 753.87 19.72 70 .89 0
18:30 753.87 19.72 70 1.34 0
18:31 753.87 19.72 70 1.79 0
18:32 753.87 19.67 70 1.34 0
18:33 753.87 19.67 70 1.79 0
18:34 753.87 19.61 70 .89 0
18:35 753.87 19.61 70 1.79 0
18:36 753.87 19.56 70 1.79 0
18:37 753.87 19.56 70 1.34 0
18:38 753.87 19.56 70 .89 0
18:39 753.87 19.56 70 1.34 0
18:40 753.87 19.5 71 1.34 0
18:41 753.87 19.44 71 .89 0
18:42 753.87 19.44 71 1.34 0
18:43 753.87 19.39 71 1.34 0
18:44 753.87 19.39 71 1.34 0
18:45 753.87 19.33 71 .89 0
18:46 753.87 19.28 71 .89 0
18:47 753.87 19.28 71 1.34 0
18:48 753.87 19.28 71 .45 0
18:49 753.87 19.22 72 .89 0
18:50 753.87 19.17 72 1.34 0
18:51 753.87 19.22 72 1.34 0
18:52 753.87 19.11 72 .89 0
18:53 754.13 19.11 72 1.34 0
18:54 753.87 19.06 72 1.34 0
18:55 753.87 19.06 72 1.34 0
18:56 753.87 19 72 1.34 0
18:57 753.87 19 72 1.79 0
18:58 753.87 18.94 72 1.34 0
18:59 754.13 18.89 72 1.34 0
19:00 754.13 18.83 72 1.34 0
19:01 754.13 18.78 73 1.34 0
19:02 754.13 18.78 73 1.34 0
19:03 754.13 18.72 73 1.34 0
19:04 754.13 18.67 73 1.34 0
19:05 754.13 18.61 73 1.34 0
19:06 754.13 18.61 73 1.34 0
19:07 754.13 18.56 74 .89 0
19:08 754.13 18.5 74 1.34 0
19:09 754.13 18.5 74 .89 0
19:10 754.13 18.44 74 1.34 0
19:11 754.13 18.39 74 1.34 0
19:12 754.13 18.33 74 1.34 0
19:13 754.13 18.33 74 .89 0
19:14 754.13 18.28 74 .89 0
19:15 754.13 18.28 75 1.34 0
19:16 754.13 18.22 75 1.34 0
19:17 754.13 18.17 75 .89 0
19:18 754.13 18.11 75 1.34 0
19:19 754.13 18.06 75 .89 0
19:20 754.13 18.06 75 .45 0
19:21 754.13 18 75 1.34 0
19:22 754.13 17.94 76 1.34 0
19:23 754.38 17.94 76 .89 0
19:24 754.38 17.89 76 .89 0
19:25 754.13 17.83 76 .89 0
19:26 754.13 17.83 76 .45 0
19:27 754.38 17.78 76 .89 0
19:28 754.38 17.72 76 .89 0
19:29 754.13 17.72 76 .89 0
19:30 754.38 17.72 76 1.79 0
19:31 754.38 17.67 76 1.34 0
19:32 754.38 17.67 76 1.34 0
19:33 754.38 17.67 76 1.79 0
19:34 754.38 17.61 76 1.34 0
19:35 754.38 17.61 76 1.34 0
19:36 754.38 17.61 76 1.34 0
19:37 754.38 17.56 76 1.34 0
19:38 754.38 17.56 77 .89 0
19:39 754.38 17.56 77 1.79 0
19:40 754.38 17.5 77 1.34 0
19:41 754.38 17.44 77 1.34 0
19:42 754.38 17.44 77 1.34 0
19:43 754.38 17.39 77 1.34 0
19:44 754.38 17.33 78 1.34 0
19:45 754.38 17.33 77 1.34 0
19:46 754.38 17.33 78 1.34 0
19:47 754.38 17.28 78 1.34 0
19:48 754.38 17.22 78 1.79 0
19:49 754.38 17.22 78 1.34 0
19:50 754.38 17.17 78 1.34 0
19:51 754.38 17.11 78 .89 0
19:52 754.38 17.11 78 1.79 0
19:53 754.38 17.06 78 1.34 0
19:54 754.38 17.06 79 1.34 0
19:55 754.38 17 79 1.34 0
19:56 754.38 17 79 1.79 0
19:57 754.38 16.94 79 1.34 0
19:58 754.63 16.89 79 1.34 0
19:59 754.38 16.83 79 .89 0
20:00 754.38 16.78 79 1.34 0
20:01 754.38 16.78 80 .89 0
20:02 754.38 16.72 80 .89 0
20:03 754.63 16.72 80 .89 0
20:04 754.63 16.67 80 1.34 0
20:05 754.63 16.67 80 .89 0
20:06 754.63 16.67 80 .89 0
20:07 754.38 16.61 80 1.34 0
20:08 754.63 16.61 80 .89 0
20:09 754.63 16.61 80 .89 0
20:10 754.63 16.56 80 .89 0
20:11 754.63 16.56 80 1.79 0
20:12 754.63 16.56 81 1.34 0
20:13 754.63 16.5 80 1.79 0
20:14 754.63 16.5 81 1.79 0
20:15 754.63 16.5 81 1.34 0
20:16 754.63 16.44 81 2.24 0
20:17 754.63 16.44 81 1.34 0
20:18 754.63 16.44 81 1.34 0
20:19 754.63 16.44 81 1.34 0
20:20 754.63 16.44 81 1.34 0
20:21 754.63 16.44 81 .89 0
20:22 754.63 16.39 81 1.79 0
20:23 754.63 16.39 81 1.34 0
20:24 754.63 16.39 81 1.79 0
20:25 754.63 16.33 81 1.79 0
20:26 754.63 16.33 81 1.34 0
20:27 754.63 16.33 81 1.79 0
20:28 754.63 16.33 81 1.34 0
20:29 754.63 16.33 81 1.79 0
20:30 754.63 16.33 81 1.79 0
20:31 754.63 16.33 81 1.79 0
20:32 754.63 16.28 81 1.79 0
20:33 754.63 16.28 81 1.79 0
20:34 754.63 16.28 81 1.79 0
20:35 754.63 16.28 81 1.79 0
20:36 754.63 16.28 81 1.79 0
20:37 754.63 16.22 81 1.79 0
20:38 754.63 16.22 81 1.34 0
20:39 754.63 16.22 81 1.34 0
20:40 754.63 16.22 81 1.34 0
20:41 754.63 16.17 82 1.34 0
20:42 754.63 16.17 82 1.79 0
20:43 754.63 16.17 82 1.79 0
20:44 754.63 16.11 82 1.34 0
20:45 754.63 16.11 82 .89 0
20:46 754.63 16.06 82 .89 0
20:47 754.63 16.06 82 1.79 0
20:48 754.63 16.06 82 1.79 0
20:49 754.63 16 82 1.34 0
20:50 754.63 16 82 1.34 0
20:51 754.63 15.94 82 1.34 0
20:52 754.63 15.94 82 1.34 0
20:53 754.63 15.94 82 1.79 0
20:54 754.63 15.89 82 1.79 0
20:55 754.63 15.83 82 1.34 0
20:56 754.63 15.83 82 1.34 0
20:57 754.63 15.78 82 2.24 0
20:58 754.63 15.83 83 1.79 0
20:59 754.63 15.78 83 1.79 0
21:00 754.63 15.83 83 1.79 0
21:01 754.63 15.78 83 1.34 0
21:02 754.63 15.78 83 1.34 0
21:03 754.63 15.78 83 1.34 0
21:04 754.63 15.78 83 1.34 0
21:05 754.63 15.72 83 1.34 0
21:06 754.63 15.72 83 .89 0
21:07 754.63 15.72 83 1.79 0
21:08 754.63 15.72 83 1.34 0
21:09 754.63 15.67 83 .89 0
21:10 754.63 15.67 83 1.34 0
21:11 754.63 15.67 83 1.34 0
21:12 754.63 15.67 83 .89 0
21:13 754.63 15.61 83 1.34 0
21:14 754.63 15.61 83 1.34 0
21:15 754.63 15.61 83 .89 0
21:16 754.63 15.61 84 1.34 0
21:17 754.63 15.56 84 1.34 0
21:18 754.63 15.56 84 1.34 0
21:19 754.63 15.56 84 1.34 0
21:20 754.63 15.56 84 1.34 0
21:21 754.63 15.56 84 1.79 0
21:22 754.63 15.56 84 1.34 0
21:23 754.63 15.5 84 1.34 0
21:24 754.63 15.5 84 1.34 0
21:25 754.63 15.5 84 1.34 0
21:26 754.63 15.5 84 1.34 0
21:27 754.63 15.5 84 1.79 0
21:28 754.63 15.44 84 .89 0
21:29 754.63 15.44 84 .89 0
21:30 754.63 15.44 84 1.34 0
21:31 754.63 15.44 84 1.34 0
21:32 754.63 15.44 84 1.79 0
21:33 754.63 15.39 84 1.34 0
21:34 754.63 15.39 84 1.34 0
21:35 754.63 15.39 84 .89 0
21:36 754.63 15.39 84 .89 0
21:37 754.63 15.33 84 .89 0
21:38 754.63 15.33 84 .89 0
21:39 754.63 15.33 84 1.34 0
21:40 754.63 15.33 84 .89 0
21:41 754.63 15.33 84 1.34 0
21:42 754.63 15.33 84 1.34 0
21:43 754.63 15.28 84 1.34 0
21:44 754.63 15.28 84 .89 0
21:45 754.63 15.28 84 .89 0
21:46 754.63 15.28 84 .45 0
21:47 754.63 15.28 84 1.79 0
21:48 754.63 15.28 84 1.34 0
21:49 754.63 15.28 84 .89 0
21:50 754.63 15.28 84 .45 0
21:51 754.63 15.28 84 1.34 0
21:52 754.63 15.28 84 .89 0
21:53 754.63 15.28 84 .89 0
21:54 754.63 15.28 84 .89 0
21:55 754.63 15.28 84 .89 0
21:56 754.63 15.28 84 1.34 0
21:57 754.63 15.28 84 .89 0
21:58 754.63 15.28 84 .89 0
21:59 754.63 15.28 84 .89 0
22:00 754.63 15.22 84 1.34 0
22:01 754.63 15.28 84 .89 0
22:02 754.63 15.22 84 1.79 0
22:03 754.63 15.22 84 .89 0
22:04 754.63 15.22 84 .89 0
22:05 754.63 15.22 84 1.34 0
22:06 754.63 15.22 84 1.34 0
22:07 754.63 15.22 84 .89 0
22:08 754.63 15.17 84 1.34 0
22:09 754.63 15.17 84 .89 0
22:10 754.63 15.17 84 1.34 0
22:11 754.63 15.17 84 1.79 0
22:12 754.63 15.17 84 .89 0
22:13 754.63 15.17 84 .89 0
22:14 754.63 15.11 84 .89 0
22:15 754.63 15.11 84 .89 0
22:16 754.63 15.11 84 .89 0
22:17 754.63 15.11 84 .89 0
22:18 754.63 15.11 84 1.34 0
22:19 754.63 15.11 84 .89 0
22:20 754.63 15.11 84 .89 0
22:21 754.63 15.06 84 .89 0
22:22 754.63 15 84 .89 0
22:23 754.63 15 84 .45 0
22:24 754.63 14.94 84 .89 0
22:25 754.63 14.94 84 .45 0
22:26 754.63 14.94 84 .45 0
22:27 754.63 14.83 84 .45 0
22:28 754.63 14.83 84 .89 0
22:29 754.89 14.83 84 .45 0
22:30 754.63 14.78 84 .45 0
22:31 754.89 14.78 84 .89 0
22:32 754.89 14.78 85 .45 0
22:33 754.89 14.72 85 .45 0
22:34 754.89 14.67 85 .45 0
22:35 754.89 14.67 85 .89 0
22:36 754.89 14.61 85 .89 0
22:37 754.89 14.56 85 .89 0
22:38 754.89 14.5 85 .45 0
22:39 754.89 14.5 85 .89 0
22:40 754.89 14.44 85 .89 0
22:41 754.89 14.39 85 .89 0
22:42 754.89 14.39 85 .89 0
22:43 754.89 14.33 86 .89 0
22:44 754.89 14.33 86 .89 0
22:45 754.89 14.33 86 .89 0
22:46 754.89 14.28 86 1.34 0
22:47 754.89 14.28 86 1.34 0
22:48 754.89 14.28 86 1.34 0
22:49 754.89 14.28 86 1.34 0
22:50 754.89 14.28 87 1.34 0
22:51 754.89 14.22 87 1.34 0
22:52 754.89 14.28 87 1.79 0
22:53 754.89 14.22 87 1.34 0
22:54 754.89 14.22 87 1.79 0
22:55 754.89 14.22 87 1.34 0
22:56 754.89 14.22 87 1.79 0
22:57 754.89 14.22 87 1.34 0
22:58 754.89 14.22 87 1.34 0
22:59 754.89 14.22 87 1.34 0
23:00 754.89 14.22 87 1.34 0
23:01 754.89 14.22 87 1.79 0
23:02 754.89 14.22 87 1.34 0
23:03 754.89 14.22 87 1.79 0
23:04 754.89 14.22 87 1.34 0
23:05 754.89 14.22 87 1.34 0
23:06 754.89 14.22 87 .89 0
23:07 754.89 14.17 87 1.34 0
23:08 754.89 14.17 87 1.34 0
23:09 754.89 14.17 87 .89 0
23:10 754.89 14.17 87 .89 0
23:11 754.89 14.17 87 1.79 0
23:12 754.89 14.11 87 .89 0
23:13 754.89 14.06 87 .89 0
23:14 754.89 14.06 87 .89 0
23:15 754.89 14.06 87 1.34 0
23:16 754.89 14.06 87 1.34 0
23:17 754.89 14.06 87 1.34 0
23:18 754.89 14 87 1.34 0
23:19 754.89 14 87 1.34 0
23:20 754.89 14 87 1.34 0
23:21 754.89 14 87 1.34 0
23:22 754.89 14 87 1.34 0
23:23 754.89 13.94 87 .89 0
23:24 754.89 13.94 87 1.34 0
23:25 754.89 13.94 87 .89 0
23:26 754.89 13.94 87 1.34 0
23:27 754.89 13.89 88 1.79 0
23:28 754.89 13.89 87 .89 0
23:29 755.14 13.89 88 1.34 0
23:30 754.89 13.83 87 1.34 0
23:31 754.89 13.78 87 1.34 0
23:32 755.14 13.78 88 1.79 0
23:33 754.89 13.78 88 1.79 0
23:34 755.14 13.78 88 1.79 0
23:35 755.14 13.78 88 2.24 0
23:36 754.89 13.78 88 1.34 0
23:37 754.89 13.72 88 1.34 0
23:38 755.14 13.67 88 1.34 0
23:39 755.14 13.67 88 1.79 0
23:40 755.14 13.67 88 1.79 0
23:41 754.89 13.61 88 1.34 0
23:42 754.89 13.61 88 1.34 0
23:43 754.89 13.61 88 .89 0
23:44 755.14 13.61 88 1.34 0
23:45 755.14 13.61 88 1.34 0
23:46 754.89 13.61 88 2.24 0
23:47 754.89 13.61 88 1.79 0
23:48 754.89 13.67 89 1.34 0
23:49 755.14 13.61 88 1.79 0
23:50 755.14 13.61 88 1.34 0
23:51 754.89 13.56 88 .89 0
23:52 755.14 13.56 88 1.34 0
23:53 755.14 13.56 88 1.34 0
23:54 755.14 13.5 88 .45 0
23:55 755.14 13.5 88 1.34 0
23:56 755.14 13.5 88 .89 0
23:57 755.14 13.44 88 .89 0
23:58 755.14 13.39 88 1.34 0
23:59 755.14 13.33 88 1.34 0
