00:00 745.74 -2.67 84 3.58 0
00:01 745.74 -2.67 84 2.68 0
00:02 745.74 -2.67 84 1.79 0
00:03 745.74 -2.67 84 2.68 0
00:04 745.74 -2.67 84 2.24 0
00:05 745.74 -2.67 84 4.02 0
00:06 745.74 -2.72 84 2.24 0
00:07 745.74 -2.67 84 2.24 0
00:08 745.74 -2.72 84 1.34 0
00:09 745.74 -2.72 84 3.58 0
00:10 745.74 -2.72 84 1.79 0
00:11 745.74 -2.72 84 2.68 0
00:12 745.74 -2.78 84 2.24 0
00:13 745.74 -2.78 84 2.24 0
00:14 745.74 -2.78 84 2.24 0
00:15 745.74 -2.78 84 2.24 0
00:16 745.74 -2.78 84 .89 0
00:17 745.74 -2.83 84 1.34 0
00:18 745.74 -2.83 84 1.79 0
00:19 745.74 -2.83 84 2.24 0
00:20 745.74 -2.83 85 2.24 0
00:21 745.74 -2.83 85 2.68 0
00:22 745.74 -2.89 84 2.24 0
00:23 745.74 -2.89 85 1.79 0
00:24 745.74 -2.89 84 1.79 0
00:25 745.74 -2.94 84 1.79 0
00:26 745.74 -2.94 84 2.68 0
00:27 745.74 -2.94 84 1.79 0
00:28 745.74 -2.94 85 1.79 0
00:29 745.74 -2.94 85 2.68 0
00:30 745.74 -3 84 1.79 0
00:31 745.74 -3 85 1.79 0
00:32 745.74 -3 85 3.58 0
00:33 745.74 -3 85 2.68 0
00:34 745.74 -3.06 85 1.79 0
00:35 745.74 -3.06 85 3.58 0
00:36 745.74 -3.06 85 2.68 0
00:37 745.74 -3.06 85 1.79 0
00:38 745.74 -3.11 85 1.79 0
00:39 745.74 -3.06 85 2.24 0
00:40 745.74 -3.06 85 1.79 0
00:41 745.74 -3.11 85 2.68 0
00:42 745.74 -3.11 85 3.58 0
00:43 745.74 -3.17 85 2.24 0
00:44 745.74 -3.17 85 2.24 0
00:45 745.74 -3.17 85 2.68 0
00:46 745.74 -3.17 85 2.24 0
00:47 745.74 -3.17 85 2.24 0
00:48 745.74 -3.22 85 4.02 0
00:49 745.74 -3.22 85 2.24 0
00:50 745.74 -3.28 85 2.24 0
00:51 745.74 -3.22 85 2.68 0
00:52 745.74 -3.28 85 4.47 0
00:53 745.74 -3.17 85 3.58 0
00:54 745.74 -3.22 85 3.58 0
00:55 745.74 -3.22 85 3.58 0
00:56 745.74 -3.22 85 3.58 0
00:57 745.74 -3.22 85 3.58 0
00:58 745.74 -3.17 85 2.68 0
00:59 745.74 -3.17 84 3.58 0
01:00 745.74 -3.17 84 4.02 0
01:01 745.74 -3.22 84 3.58 0
01:02 745.74 -3.17 84 3.58 0
01:03 745.74 -3.17 84 3.58 0
01:04 746 -3.17 84 3.58 0
01:05 745.74 -3.17 84 2.68 0
01:06 745.74 -3.17 84 3.58 0
01:07 745.74 -3.17 84 2.68 0
01:08 746 -3.17 84 4.92 0
01:09 745.74 -3.17 84 4.92 0
01:10 745.74 -3.17 84 4.02 0
01:11 745.74 -3.11 84 4.02 0
01:12 745.74 -3.11 83 4.47 0
01:13 745.74 -3.17 83 4.02 0
01:14 745.74 -3.11 83 2.24 0
01:15 745.74 -3.17 83 2.24 0
01:16 745.74 -3.17 83 2.68 0
01:17 745.74 -3.17 83 4.47 0
01:18 745.74 -3.17 83 2.24 0
01:19 745.74 -3.17 83 3.58 0
01:20 745.74 -3.22 83 2.68 0
01:21 745.74 -3.22 83 4.92 0
01:22 745.74 -3.22 83 3.58 0
01:23 745.74 -3.22 83 1.79 0
01:24 745.74 -3.22 83 4.47 0
01:25 745.74 -3.22 83 2.24 0
01:26 746 -3.28 83 1.79 0
01:27 745.74 -3.28 83 2.24 0
01:28 745.74 -3.22 83 4.02 0
01:29 746 -3.28 83 2.24 0
01:30 745.74 -3.28 83 2.68 0
01:31 745.74 -3.22 83 4.02 0
01:32 745.74 -3.28 83 2.24 0
01:33 745.74 -3.28 83 2.68 0
01:34 746 -3.28 83 4.02 0
01:35 745.74 -3.28 83 2.24 0
01:36 745.74 -3.33 83 2.24 0
01:37 745.74 -3.33 83 1.79 0
01:38 746 -3.33 83 2.24 0
01:39 745.74 -3.33 83 2.68 0
01:40 745.74 -3.33 83 3.58 0
01:41 745.74 -3.33 83 2.68 0
01:42 746 -3.33 83 2.68 0
01:43 745.74 -3.39 83 2.24 0
01:44 745.74 -3.33 83 2.24 0
01:45 745.74 -3.39 83 3.58 0
01:46 745.74 -3.39 83 1.79 0
01:47 746 -3.39 83 2.68 0
01:48 745.74 -3.39 83 1.79 0
01:49 746 -3.39 83 1.34 0
01:50 746 -3.39 83 1.79 0
01:51 746 -3.39 83 1.79 0
01:52 746 -3.44 83 2.68 0
01:53 746 -3.44 83 2.24 0
01:54 746 -3.44 83 2.24 0
01:55 746 -3.44 83 2.68 0
01:56 746 -3.44 83 2.24 0
01:57 746 -3.44 83 4.02 0
01:58 746 -3.44 83 .89 0
01:59 746 -3.5 83 1.79 0
02:00 746 -3.5 83 2.68 0
02:01 746 -3.5 83 1.34 0
02:02 746 -3.5 83 2.24 0
02:03 746 -3.5 83 4.02 0
02:04 746 -3.5 83 3.58 0
02:05 746 -3.5 83 2.68 0
02:06 746 -3.5 83 1.34 0
02:07 746 -3.5 83 2.68 0
02:08 746 -3.5 83 2.68 0
02:09 746 -3.5 83 4.92 0
02:10 746 -3.5 83 2.68 0
02:11 746 -3.5 83 3.58 0
02:12 746 -3.5 83 3.58 0
02:13 746 -3.44 83 4.92 0
02:14 746 -3.44 83 2.68 0
02:15 746 -3.44 82 4.02 0
02:16 746 -3.44 82 5.36 0
02:17 746 -3.44 82 4.92 0
02:18 746 -3.39 82 4.02 0
02:19 746 -3.39 82 4.02 0
02:20 746 -3.39 82 4.02 0
02:21 746 -3.39 82 4.92 0
02:22 746 -3.39 81 3.58 0
02:23 746 -3.39 81 5.36 0
02:24 746 -3.39 81 3.58 0
02:25 746 -3.39 81 4.47 0
02:26 746 -3.39 81 4.02 0
02:27 746 -3.39 81 4.92 0
02:28 746 -3.39 81 5.36 0
02:29 746 -3.33 81 4.47 0
02:30 746 -3.33 81 4.47 0
02:31 746 -3.39 81 4.02 0
02:32 746 -3.39 81 4.02 0
02:33 746 -3.39 81 2.68 0
02:34 746 -3.39 81 3.58 0
02:35 746 -3.44 81 4.47 0
02:36 746 -3.44 81 5.36 0
02:37 746 -3.44 81 3.58 0
02:38 746 -3.44 81 4.02 0
02:39 746 -3.39 80 4.47 0
02:40 746 -3.39 80 1.79 0
02:41 746 -3.44 80 4.02 0
02:42 746 -3.44 80 4.92 0
02:43 746 -3.39 80 3.58 0
02:44 746 -3.39 80 2.68 0
02:45 746 -3.39 80 3.58 0
02:46 746 -3.44 80 2.24 0
02:47 746 -3.44 80 2.24 0
02:48 746 -3.44 80 4.02 0
02:49 746 -3.39 80 3.58 0
02:50 746 -3.39 80 4.02 0
02:51 746 -3.44 80 3.58 0
02:52 746 -3.44 80 2.24 0
02:53 746 -3.44 80 3.58 0
02:54 746 -3.44 80 1.79 0
02:55 746 -3.44 80 4.92 0
02:56 746 -3.44 80 4.02 0
02:57 746 -3.44 80 3.58 0
02:58 746 -3.44 80 2.24 0
02:59 746 -3.44 80 1.79 0
03:00 746 -3.44 80 2.24 0
03:01 746 -3.44 79 2.68 0
03:02 746 -3.44 79 3.58 0
03:03 746 -3.5 80 4.02 0
03:04 746 -3.5 79 1.79 0
03:05 746 -3.5 80 3.58 0
03:06 746 -3.5 80 4.47 0
03:07 746 -3.5 80 3.58 0
03:08 746 -3.5 79 1.79 0
03:09 746 -3.5 79 4.02 0
03:10 746 -3.5 79 1.79 0
03:11 746 -3.5 79 3.13 0
03:12 746 -3.56 79 2.68 0
03:13 746 -3.5 79 2.24 0
03:14 746 -3.56 79 2.68 0
03:15 746 -3.5 79 3.58 0
03:16 746 -3.56 79 1.79 0
03:17 746 -3.56 79 2.68 0
03:18 746 -3.56 79 2.68 0
03:19 746 -3.56 79 2.68 0
03:20 746 -3.56 79 2.68 0
03:21 746 -3.56 79 3.58 0
03:22 746 -3.56 79 2.24 0
03:23 746 -3.56 79 1.79 0
03:24 746 -3.56 79 2.24 0
03:25 746 -3.61 79 3.58 0
03:26 746.25 -3.61 79 1.79 0
03:27 746 -3.61 79 3.58 0
03:28 746 -3.61 79 3.58 0
03:29 746 -3.67 79 3.58 0
03:30 746.25 -3.61 79 .89 0
03:31 746.25 -3.67 79 3.58 0
03:32 746 -3.67 79 2.68 0
03:33 746.25 -3.67 79 3.58 0
03:34 746 -3.67 78 3.58 0
03:35 746.25 -3.67 78 2.68 0
03:36 746 -3.67 78 1.79 0
03:37 746 -3.67 78 4.02 0
03:38 746.25 -3.67 78 2.68 0
03:39 746 -3.67 78 3.58 0
03:40 746.25 -3.67 78 4.02 0
03:41 746 -3.72 78 2.68 0
03:42 746 -3.72 78 4.92 0
03:43 746 -3.72 78 1.79 0
03:44 746 -3.72 78 3.58 0
03:45 746 -3.72 78 4.02 0
03:46 746 -3.72 78 4.92 0
03:47 746 -3.72 78 4.47 0
03:48 746 -3.72 77 4.92 0
03:49 746 -3.67 77 3.13 0
03:50 746 -3.72 77 3.58 0
03:51 746 -3.72 77 3.58 0
03:52 746 -3.72 77 2.24 0
03:53 746 -3.78 77 2.68 0
03:54 746 -3.78 77 2.68 0
03:55 746 -3.78 77 2.24 0
03:56 746.25 -3.83 77 3.58 0
03:57 746 -3.89 77 3.58 0
03:58 746 -3.89 77 1.79 0
03:59 746.25 -3.89 77 4.02 0
04:00 746 -3.89 77 3.58 0
04:01 746 -3.94 77 4.02 0
04:02 746.25 -3.94 77 2.68 0
04:03 746.25 -3.94 77 2.68 0
04:04 746.25 -3.94 77 4.47 0
04:05 746.25 -3.94 77 3.58 0
04:06 746.25 -3.94 77 4.92 0
04:07 746.25 -3.94 77 4.92 0
04:08 746.25 -3.94 77 2.68 0
04:09 746.25 -3.94 77 2.24 0
04:10 746.25 -4 77 3.13 0
04:11 746.25 -4 77 3.13 0
04:12 746.25 -4 77 1.79 0
04:13 746.25 -4.06 77 2.24 0
04:14 746.25 -4.11 77 4.02 0
04:15 746.25 -4.11 77 4.02 0
04:16 746.25 -4.17 77 3.58 0
04:17 746.25 -4.17 77 2.68 0
04:18 746.25 -4.17 77 2.68 0
04:19 746.25 -4.17 77 3.58 0
04:20 746.25 -4.17 77 2.24 0
04:21 746.25 -4.17 77 3.58 0
04:22 746.25 -4.17 77 1.79 0
04:23 746.25 -4.22 77 1.79 0
04:24 746.25 -4.22 77 1.79 0
04:25 746.25 -4.22 77 2.68 0
04:26 746.25 -4.28 77 2.24 0
04:27 746.25 -4.28 77 1.79 0
04:28 746.25 -4.28 77 2.68 0
04:29 746.25 -4.33 77 2.68 0
04:30 746.25 -4.33 77 2.24 0
04:31 746.25 -4.33 77 1.79 0
04:32 746.25 -4.39 77 1.79 0
04:33 746.25 -4.44 77 2.24 0
04:34 746.25 -4.44 77 1.34 0
04:35 746.25 -4.5 77 1.34 0
04:36 746.25 -4.56 77 1.34 0
04:37 746.25 -4.61 78 1.79 0
04:38 746.25 -4.61 78 2.24 0
04:39 746.25 -4.67 78 1.79 0
04:40 746.25 -4.67 78 1.79 0
04:41 746.25 -4.72 78 1.79 0
04:42 746.25 -4.78 79 1.79 0
04:43 746.25 -4.78 79 2.24 0
04:44 746.25 -4.83 79 1.79 0
04:45 746.25 -4.83 79 1.79 0
04:46 746.51 -4.83 79 1.79 0
04:47 746.25 -4.83 79 1.79 0
04:48 746.51 -4.89 79 2.24 0
04:49 746.25 -4.89 79 2.24 0
04:50 746.51 -4.94 80 1.79 0
04:51 746.51 -4.94 80 1.79 0
04:52 746.25 -4.94 80 1.79 0
04:53 746.25 -4.94 80 1.79 0
04:54 746.51 -4.94 80 2.24 0
04:55 746.51 -5 80 1.79 0
04:56 746.51 -5 80 1.79 0
04:57 746.25 -5.06 80 4.47 0
04:58 746.51 -5.06 80 2.24 0
04:59 746.51 -5 80 2.24 0
05:00 746.51 -5 81 1.79 0
05:01 746.51 -5 81 1.79 0
05:02 746.51 -5 81 2.24 0
05:03 746.51 -5 81 1.34 0
05:04 746.51 -4.94 80 1.79 0
05:05 746.51 -4.94 80 2.24 0
05:06 746.51 -4.94 80 4.47 0
05:07 746.51 -4.94 80 4.92 0
05:08 746.51 -4.89 80 4.02 0
05:09 746.51 -4.89 80 3.58 0
05:10 746.51 -4.89 80 2.24 0
05:11 746.51 -4.89 80 1.79 0
05:12 746.51 -4.89 80 4.47 0
05:13 746.51 -4.89 80 2.68 0
05:14 746.51 -4.89 80 3.58 0
05:15 746.51 -4.83 80 2.68 0
05:16 746.51 -4.89 80 2.68 0
05:17 746.51 -4.89 80 3.58 0
05:18 746.51 -4.89 80 4.02 0
05:19 746.51 -4.89 80 2.68 0
05:20 746.51 -4.89 80 4.02 0
05:21 746.51 -4.89 80 3.58 0
05:22 746.51 -4.83 80 3.58 0
05:23 746.51 -4.83 80 5.36 0
05:24 746.51 -4.83 79 3.58 0
05:25 746.51 -4.83 80 4.47 0
05:26 746.51 -4.83 79 2.68 0
05:27 746.51 -4.83 79 1.79 0
05:28 746.51 -4.83 79 2.24 0
05:29 746.51 -4.89 80 1.79 0
05:30 746.51 -4.89 79 3.58 0
05:31 746.51 -4.94 80 2.68 0
05:32 746.51 -4.94 80 2.24 0
05:33 746.51 -4.94 80 2.68 0
05:34 746.51 -4.94 80 3.58 0
05:35 746.51 -4.94 80 4.47 0
05:36 746.51 -4.94 80 4.02 0
05:37 746.51 -4.89 80 2.24 0
05:38 746.51 -4.94 80 4.47 0
05:39 746.51 -4.94 80 3.58 0
05:40 746.51 -4.89 80 4.92 0
05:41 746.51 -4.89 81 4.47 0
05:42 746.51 -4.83 81 3.58 0
05:43 746.51 -4.89 81 4.47 0
05:44 746.51 -4.83 80 2.68 0
05:45 746.51 -4.83 80 2.68 0
05:46 746.51 -4.83 80 4.02 0
05:47 746.51 -4.83 81 4.02 0
05:48 746.51 -4.89 81 2.68 0
05:49 746.51 -4.94 81 2.24 0
05:50 746.76 -4.94 81 3.58 0
05:51 746.51 -4.94 81 3.58 0
05:52 746.51 -4.94 81 2.24 0
05:53 746.51 -4.94 81 5.81 0
05:54 746.76 -4.94 81 5.36 0
05:55 746.51 -4.94 81 5.36 0
05:56 746.76 -4.89 81 6.26 0
05:57 746.51 -4.89 81 4.02 0
05:58 746.51 -4.89 80 4.47 0
05:59 746.51 -4.89 80 4.92 0
06:00 746.51 -4.89 80 4.47 0
06:01 746.76 -4.89 80 2.68 0
06:02 746.76 -4.89 80 4.47 0
06:03 746.51 -4.89 80 2.68 0
06:04 746.51 -4.94 80 5.36 0
06:05 746.76 -4.94 80 4.92 0
06:06 746.51 -4.94 80 4.02 0
06:07 746.51 -4.94 80 4.92 0
06:08 746.76 -4.94 80 2.68 0
06:09 746.51 -4.94 80 3.58 0
06:10 746.51 -4.94 80 2.24 0
06:11 746.76 -4.94 80 3.13 0
06:12 746.51 -4.94 80 3.58 0
06:13 746.51 -5 80 3.58 0
06:14 746.76 -5 80 3.58 0
06:15 746.76 -5 80 2.24 0
06:16 746.76 -5.06 80 3.13 0
06:17 746.76 -5.06 80 2.68 0
06:18 746.76 -5.11 80 3.13 0
06:19 746.76 -5.11 80 4.47 0
06:20 746.76 -5.11 80 5.36 0
06:21 746.76 -5.11 80 4.92 0
06:22 746.76 -5.11 80 5.81 0
06:23 746.76 -5.11 80 2.24 0
06:24 746.76 -5.11 80 3.58 0
06:25 746.76 -5.17 80 5.36 0
06:26 746.76 -5.17 79 3.58 0
06:27 746.76 -5.22 79 4.47 0
06:28 746.76 -5.22 79 4.02 0
06:29 746.76 -5.22 78 4.92 0
06:30 746.76 -5.22 78 5.36 0
06:31 746.76 -5.17 78 5.36 0
06:32 746.76 -5.17 78 3.58 0
06:33 746.76 -5.17 78 4.47 0
06:34 746.76 -5.17 77 4.02 0
06:35 746.76 -5.17 77 4.02 0
06:36 746.76 -5.22 77 4.92 0
06:37 746.76 -5.22 77 3.58 0
06:38 746.76 -5.22 77 4.02 0
06:39 746.76 -5.22 77 4.47 0
06:40 746.76 -5.22 76 3.58 0
06:41 747.01 -5.22 76 3.13 0
06:42 747.01 -5.28 76 4.47 0
06:43 747.01 -5.33 76 3.58 0
06:44 747.01 -5.39 76 3.58 0
06:45 747.01 -5.39 76 4.92 0
06:46 747.01 -5.33 76 4.47 0
06:47 747.01 -5.33 76 5.36 0
06:48 747.01 -5.33 76 5.36 0
06:49 747.01 -5.33 76 8.05 0
06:50 747.01 -5.33 76 6.71 0
06:51 747.01 -5.33 75 8.05 0
06:52 747.01 -5.33 75 7.15 0
06:53 747.01 -5.33 75 5.36 0
06:54 747.01 -5.33 75 4.92 0
06:55 747.01 -5.39 75 6.71 0
06:56 747.01 -5.39 74 6.26 0
06:57 747.01 -5.39 74 3.58 0
06:58 747.01 -5.44 74 5.36 0
06:59 747.01 -5.44 74 3.58 0
07:00 747.01 -5.5 74 4.47 0
07:01 747.01 -5.5 74 4.92 0
07:02 747.01 -5.5 74 3.58 0
07:03 747.01 -5.56 74 4.47 0
07:04 747.01 -5.61 74 6.71 0
07:05 747.01 -5.61 74 6.26 0
07:06 747.01 -5.61 74 2.68 0
07:07 747.01 -5.67 74 5.81 0
07:08 747.01 -5.67 74 5.36 0
07:09 747.01 -5.67 74 4.47 0
07:10 747.01 -5.67 74 4.92 0
07:11 747.01 -5.72 74 4.47 0
07:12 747.01 -5.78 74 4.92 0
07:13 747.01 -5.78 74 4.92 0
07:14 747.01 -5.78 74 4.47 0
07:15 747.01 -5.78 73 5.81 0
07:16 747.01 -5.83 73 5.36 0
07:17 747.01 -5.83 74 2.24 0
07:18 747.01 -5.89 74 4.47 0
07:19 747.01 -5.89 74 2.68 0
07:20 747.01 -5.94 74 3.13 0
07:21 747.01 -5.94 74 3.58 0
07:22 747.01 -6 74 3.58 0
07:23 747.01 -6 74 4.02 0
07:24 747.01 -6 74 4.47 0
07:25 747.01 -6 74 3.58 0
07:26 747.01 -6 74 4.47 0
07:27 747.01 -6.06 74 3.58 0
07:28 747.01 -6.06 74 4.02 0
07:29 747.01 -6 74 4.92 0
07:30 747.01 -6 74 6.26 0
07:31 747.01 -5.94 74 7.6 0
07:32 747.01 -6 74 4.47 0
07:33 747.01 -6 74 4.02 0
07:34 747.01 -6 74 4.02 0
07:35 747.01 -6.06 74 4.47 0
07:36 747.01 -6.06 74 4.92 0
07:37 747.01 -6.11 74 5.81 0
07:38 747.01 -6.06 74 4.47 0
07:39 747.01 -6.11 74 6.26 0
07:40 747.01 -6.11 74 4.92 0
07:41 747.01 -6.17 74 5.81 0
07:42 747.01 -6.17 74 4.02 0
07:43 747.01 -6.17 74 5.36 0
07:44 747.27 -6.22 74 5.81 0
07:45 747.27 -6.22 74 4.92 0
07:46 747.27 -6.22 74 2.24 0
07:47 747.27 -6.28 74 8.05 0
07:48 747.27 -6.28 74 4.02 0
07:49 747.27 -6.22 74 7.15 0
07:50 747.27 -6.22 74 4.47 0
07:51 747.27 -6.22 74 2.24 0
07:52 747.27 -6.22 74 4.92 0
07:53 747.27 -6.22 74 2.68 0
07:54 747.27 -6.22 74 1.79 0
07:55 747.27 -6.22 74 4.47 0
07:56 747.27 -6.22 74 4.92 0
07:57 747.27 -6.22 74 4.92 0
07:58 747.27 -6.22 74 3.58 0
07:59 747.27 -6.22 74 2.24 0
08:00 747.27 -6.22 75 4.92 0
08:01 747.27 -6.17 74 5.81 0
08:02 747.27 -6.17 74 4.47 0
08:03 747.27 -6.17 74 1.79 0
08:04 747.27 -6.17 74 2.24 0
08:05 747.27 -6.17 75 4.02 0
08:06 747.27 -6.17 75 4.47 0
08:07 747.27 -6.17 74 2.68 0
08:08 747.27 -6.11 74 4.47 0
08:09 747.27 -6.11 74 5.36 0
08:10 747.27 -6.11 74 2.68 0
08:11 747.27 -6.11 74 4.02 0
08:12 747.27 -6.06 74 4.02 0
08:13 747.27 -6.06 74 3.58 0
08:14 747.27 -6.06 74 2.24 0
08:15 747.52 -6.06 74 4.02 0
08:16 747.27 -6.06 74 2.24 0
08:17 747.52 -6.06 74 2.24 0
08:18 747.27 -6 74 3.58 0
08:19 747.27 -6 74 2.24 0
08:20 747.52 -6 74 2.68 0
08:21 747.52 -6 74 5.36 0
08:22 747.52 -6 74 3.13 0
08:23 747.52 -6 74 2.24 0
08:24 747.52 -5.94 74 3.13 0
08:25 747.52 -5.94 74 2.68 0
08:26 747.52 -5.94 74 4.02 0
08:27 747.52 -5.94 73 1.79 0
08:28 747.27 -5.94 73 2.68 0
08:29 747.52 -5.89 73 1.79 0
08:30 747.52 -5.89 73 1.79 0
08:31 747.52 -5.89 73 2.68 0
08:32 747.52 -5.83 73 2.68 0
08:33 747.52 -5.83 73 4.47 0
08:34 747.52 -5.83 73 4.02 0
08:35 747.52 -5.83 73 2.68 0
08:36 747.52 -5.83 73 4.02 0
08:37 747.52 -5.83 73 4.02 0
08:38 747.52 -5.83 73 4.47 0
08:39 747.52 -5.83 73 5.36 0
08:40 747.27 -5.83 73 4.02 0
08:41 747.52 -5.78 73 4.02 0
08:42 747.52 -5.78 73 4.02 0
08:43 747.52 -5.78 73 2.24 0
08:44 747.52 -5.78 73 4.02 0
08:45 747.52 -5.72 73 5.36 0
08:46 747.52 -5.78 73 2.68 0
08:47 747.52 -5.72 73 5.81 0
08:48 747.52 -5.67 73 4.47 0
08:49 747.52 -5.67 72 3.58 0
08:50 747.52 -5.67 73 6.71 0
08:51 747.52 -5.67 72 4.92 0
08:52 747.52 -5.67 72 2.24 0
08:53 747.52 -5.61 72 4.47 0
08:54 747.52 -5.61 72 4.02 0
08:55 747.52 -5.56 72 3.58 0
08:56 747.52 -5.56 72 4.47 0
08:57 747.52 -5.56 72 4.47 0
08:58 747.52 -5.56 72 4.02 0
08:59 747.52 -5.56 72 4.47 0
09:00 747.52 -5.5 72 4.92 0
09:01 747.52 -5.5 72 3.58 0
09:02 747.52 -5.5 72 4.02 0
09:03 747.52 -5.5 72 3.58 0
09:04 747.52 -5.44 72 5.36 0
09:05 747.52 -5.44 72 4.47 0
09:06 747.52 -5.44 71 2.68 0
09:07 747.52 -5.39 72 2.68 0
09:08 747.52 -5.39 72 2.68 0
09:09 747.52 -5.33 72 4.47 0
09:10 747.52 -5.33 71 5.36 0
09:11 747.52 -5.39 71 4.47 0
09:12 747.52 -5.39 71 4.92 0
09:13 747.52 -5.39 71 3.58 0
09:14 747.52 -5.33 71 3.58 0
09:15 747.52 -5.33 71 5.36 0
09:16 747.52 -5.33 71 5.36 0
09:17 747.52 -5.39 71 5.36 0
09:18 747.52 -5.39 71 2.24 0
09:19 747.52 -5.33 71 3.13 0
09:20 747.52 -5.33 71 5.81 0
09:21 747.52 -5.33 71 4.02 0
09:22 747.78 -5.33 71 3.13 0
09:23 747.78 -5.33 71 6.71 0
09:24 747.52 -5.28 71 4.02 0
09:25 747.52 -5.28 71 5.81 0
09:26 747.52 -5.33 71 5.81 0
09:27 747.52 -5.33 70 8.94 0
09:28 747.52 -5.33 70 4.02 0
09:29 747.78 -5.33 70 5.36 0
09:30 747.78 -5.39 70 4.02 0
09:31 747.52 -5.33 70 4.92 0
09:32 747.52 -5.33 70 4.92 0
09:33 747.78 -5.33 70 4.92 0
09:34 747.78 -5.33 71 5.81 0
09:35 747.52 -5.33 72 2.68 0
09:36 747.78 -5.28 71 4.02 0
09:37 747.78 -5.28 71 3.13 0
09:38 747.78 -5.28 71 4.02 0
09:39 747.78 -5.22 71 4.02 0
09:40 747.78 -5.28 70 5.36 0
09:41 747.78 -5.22 70 4.47 0
09:42 747.78 -5.28 70 6.71 0
09:43 747.78 -5.28 70 7.6 0
09:44 747.78 -5.28 69 6.26 0
09:45 747.78 -5.28 69 4.47 0
09:46 747.78 -5.28 69 5.81 0
09:47 747.78 -5.28 69 4.47 0
09:48 747.78 -5.28 69 6.26 0
09:49 747.78 -5.28 69 6.71 0
09:50 747.78 -5.28 69 6.71 0
09:51 747.78 -5.28 69 8.05 0
09:52 747.78 -5.28 69 4.92 0
09:53 747.78 -5.28 69 2.68 0
09:54 747.78 -5.22 69 7.15 0
09:55 747.78 -5.28 69 6.26 0
09:56 747.78 -5.28 69 6.26 0
09:57 747.78 -5.28 69 4.92 0
09:58 747.78 -5.28 69 4.02 0
09:59 747.78 -5.28 69 5.81 0
10:00 747.78 -5.28 69 5.81 0
10:01 747.78 -5.28 69 5.36 0
10:02 747.78 -5.28 69 4.02 0
10:03 747.78 -5.33 69 2.24 0
10:04 747.78 -5.33 69 3.13 0
10:05 747.78 -5.28 69 3.58 0
10:06 747.78 -5.28 69 4.92 0
10:07 747.78 -5.28 69 5.36 0
10:08 747.78 -5.28 69 4.92 0
10:09 747.78 -5.22 69 5.81 0
10:10 747.78 -5.22 69 3.58 0
10:11 747.78 -5.17 69 7.6 0
10:12 747.78 -5.17 69 3.13 0
10:13 747.78 -5.11 69 2.68 0
10:14 747.78 -5.11 69 4.47 0
10:15 747.78 -5.06 69 4.92 0
10:16 747.78 -5.06 69 4.47 0
10:17 747.78 -5.06 69 5.81 0
10:18 747.78 -5.06 69 6.26 0
10:19 747.78 -5.06 68 4.92 0
10:20 747.78 -5.06 68 5.36 0
10:21 747.78 -5.06 68 4.47 0
10:22 747.78 -5.06 68 3.58 0
10:23 747.78 -5.06 68 1.79 0
10:24 747.78 -5 69 5.81 0
10:25 747.78 -5 68 6.26 0
10:26 747.78 -5 68 5.81 0
10:27 747.78 -5 68 6.26 0
10:28 747.78 -5.06 68 6.26 0
10:29 747.78 -5.06 68 6.26 0
10:30 747.52 -5 68 4.92 0
10:31 747.78 -4.94 68 4.92 0
10:32 747.78 -4.94 68 4.47 0
10:33 747.78 -4.89 68 4.92 0
10:34 747.78 -4.83 68 6.71 0
10:35 747.78 -4.83 68 6.26 0
10:36 747.78 -4.83 68 4.02 0
10:37 747.78 -4.78 67 3.58 0
10:38 747.78 -4.78 68 5.36 0
10:39 747.78 -4.72 67 4.02 0
10:40 747.78 -4.72 67 4.47 0
10:41 747.78 -4.67 67 4.92 0
10:42 747.78 -4.67 67 4.92 0
10:43 747.78 -4.72 67 4.47 0
10:44 747.78 -4.72 67 5.81 0
10:45 747.78 -4.72 66 4.47 0
10:46 747.78 -4.67 67 4.02 0
10:47 747.78 -4.61 67 7.6 0
10:48 747.78 -4.56 66 4.47 0
10:49 747.78 -4.56 66 5.81 0
10:50 747.78 -4.56 66 4.47 0
10:51 747.78 -4.56 66 4.92 0
10:52 747.78 -4.5 66 4.47 0
10:53 747.78 -4.44 67 4.92 0
10:54 747.78 -4.44 66 4.02 0
10:55 747.78 -4.44 65 3.58 0
10:56 747.78 -4.5 66 4.47 0
10:57 747.78 -4.5 66 4.47 0
10:58 747.78 -4.44 66 4.47 0
10:59 747.78 -4.39 66 4.92 0
11:00 747.78 -4.33 66 2.24 0
11:01 747.78 -4.28 66 3.58 0
11:02 747.78 -4.28 66 4.02 0
11:03 747.78 -4.28 66 3.58 0
11:04 747.78 -4.33 66 6.26 0
11:05 747.78 -4.33 65 5.36 0
11:06 747.78 -4.33 65 5.36 0
11:07 747.78 -4.33 65 4.92 0
11:08 747.78 -4.33 65 4.92 0
11:09 747.78 -4.33 66 2.68 0
11:10 747.78 -4.28 66 2.68 0
11:11 747.78 -4.28 66 4.47 0
11:12 747.78 -4.28 65 1.79 0
11:13 747.78 -4.22 66 4.47 0
11:14 747.78 -4.22 66 4.02 0
11:15 747.78 -4.17 65 4.47 0
11:16 747.78 -4.22 65 2.24 0
11:17 747.78 -4.17 65 4.02 0
11:18 747.78 -4.11 65 4.02 0
11:19 747.78 -4.06 65 4.02 0
11:20 747.78 -4 65 5.36 0
11:21 747.78 -4.11 64 3.58 0
11:22 747.78 -4.11 64 4.47 0
11:23 747.78 -4.11 64 6.26 0
11:24 747.78 -4.17 64 6.26 0
11:25 747.78 -4.22 64 7.15 0
11:26 747.78 -4.22 64 7.6 0
11:27 747.78 -4.22 63 8.05 0
11:28 747.78 -4.22 64 5.36 0
11:29 747.78 -4.17 64 4.02 0
11:30 747.78 -4.17 64 4.47 0
11:31 747.78 -4.11 64 2.24 0
11:32 747.78 -4.06 64 5.81 0
11:33 747.78 -4 64 4.47 0
11:34 747.78 -4 63 5.36 0
11:35 747.78 -3.94 64 5.36 0
11:36 747.78 -4.06 63 2.68 0
11:37 747.78 -4.06 63 4.92 0
11:38 747.78 -4.17 63 4.02 0
11:39 747.78 -4.22 63 4.92 0
11:40 747.78 -4.22 64 4.92 0
11:41 747.78 -4.17 64 3.58 0
11:42 747.78 -4.06 63 5.81 0
11:43 747.78 -4 63 7.6 0
11:44 747.78 -3.94 63 5.81 0
11:45 747.78 -3.89 63 5.36 0
11:46 747.78 -3.89 62 4.02 0
11:47 747.78 -3.83 62 5.81 0
11:48 747.78 -3.89 62 4.47 0
11:49 747.78 -3.83 62 6.26 0
11:50 747.78 -3.83 62 5.36 0
11:51 747.78 -3.83 62 7.15 0
11:52 747.78 -3.89 62 4.92 0
11:53 747.78 -3.89 62 3.58 0
11:54 747.78 -3.89 62 7.6 0
11:55 747.78 -3.94 62 7.15 0
11:56 747.78 -3.94 62 6.71 0
11:57 747.78 -3.94 62 6.26 0
11:58 747.78 -3.94 62 6.26 0
11:59 747.78 -3.94 62 7.6 0
12:00 747.78 -4.06 62 5.36 0
12:01 747.78 -4.06 62 5.81 0
12:02 747.78 -4.06 63 4.02 0
12:03 747.78 -4 63 4.92 0
12:04 747.78 -4 62 7.6 0
12:05 747.78 -3.94 62 7.15 0
12:06 747.78 -3.94 62 5.81 0
12:07 747.78 -3.89 62 6.26 0
12:08 747.78 -3.94 62 6.26 0
12:09 747.78 -3.94 62 4.47 0
12:10 747.78 -3.89 62 3.13 0
12:11 747.78 -3.78 63 4.92 0
12:12 747.78 -3.72 63 8.05 0
12:13 747.78 -3.72 62 4.92 0
12:14 747.78 -3.78 61 4.92 0
12:15 747.78 -3.72 62 4.02 0
12:16 747.78 -3.72 62 3.58 0
12:17 747.78 -3.67 62 2.68 0
12:18 747.78 -3.67 62 4.02 0
12:19 747.78 -3.67 61 4.47 0
12:20 747.78 -3.72 61 3.13 0
12:21 747.78 -3.67 62 4.02 0
12:22 747.78 -3.67 62 4.47 0
12:23 747.78 -3.61 62 6.71 0
12:24 747.78 -3.67 61 6.71 0
12:25 747.78 -3.72 61 8.05 0
12:26 747.78 -3.78 61 6.26 0
12:27 747.78 -3.83 61 4.92 0
12:28 747.78 -3.83 61 4.47 0
12:29 747.78 -3.83 61 7.6 0
12:30 747.78 -3.83 61 6.26 0
12:31 748.03 -3.89 61 7.6 0
12:32 747.78 -3.94 61 5.81 0
12:33 748.03 -3.89 61 4.47 0
12:34 748.03 -3.83 62 6.26 0
12:35 747.78 -3.78 61 4.02 0
12:36 747.78 -3.72 62 4.47 0
12:37 747.78 -3.72 61 4.02 0
12:38 747.78 -3.67 61 3.13 0
12:39 747.78 -3.67 61 7.6 0
12:40 748.03 -3.67 61 4.47 0
12:41 748.03 -3.67 61 5.36 0
12:42 748.03 -3.61 62 4.47 0
12:43 748.03 -3.56 61 1.79 0
12:44 747.78 -3.56 61 4.47 0
12:45 747.78 -3.56 61 7.6 0
12:46 748.03 -3.5 60 5.36 0
12:47 748.03 -3.44 60 7.15 0
12:48 748.03 -3.5 61 4.47 0
12:49 748.03 -3.56 60 5.36 0
12:50 748.03 -3.56 60 3.13 0
12:51 748.03 -3.5 60 5.36 0
12:52 748.03 -3.5 60 2.24 0
12:53 748.03 -3.5 60 6.26 0
12:54 748.03 -3.56 60 6.26 0
12:55 748.03 -3.67 59 4.47 0
12:56 748.03 -3.67 60 5.81 0
12:57 748.03 -3.67 60 6.26 0
12:58 748.03 -3.61 60 5.81 0
12:59 748.03 -3.61 60 7.15 0
13:00 748.03 -3.61 60 7.15 0
13:01 748.03 -3.56 60 5.81 0
13:02 748.03 -3.56 60 4.92 0
13:03 748.03 -3.61 59 5.81 0
13:04 748.03 -3.61 58 4.02 0
13:05 748.03 -3.56 59 4.47 0
13:06 748.03 -3.56 59 4.92 0
13:07 748.03 -3.56 58 9.39 0
13:08 748.03 -3.56 58 6.71 0
13:09 748.03 -3.5 58 4.92 0
13:10 748.03 -3.5 58 5.81 0
13:11 748.03 -3.5 58 3.58 0
13:12 748.03 -3.44 58 7.6 0
13:13 748.03 -3.5 58 7.6 0
13:14 748.03 -3.61 58 6.26 0
13:15 748.03 -3.61 58 8.05 0
13:16 748.03 -3.61 58 4.92 0
13:17 748.03 -3.56 58 5.81 0
13:18 748.03 -3.5 58 3.58 0
13:19 748.03 -3.44 59 5.81 0
13:20 748.03 -3.44 58 5.36 0
13:21 748.03 -3.39 58 5.81 0
13:22 748.03 -3.44 58 8.94 0
13:23 748.03 -3.5 57 8.05 0
13:24 748.03 -3.5 58 7.15 0
13:25 748.03 -3.5 58 7.15 0
13:26 748.03 -3.5 58 4.92 0
13:27 748.03 -3.44 58 7.6 0
13:28 747.78 -3.44 58 4.92 0
13:29 748.03 -3.44 57 4.92 0
13:30 748.03 -3.44 58 2.24 0
13:31 748.03 -3.33 58 2.68 0
13:32 748.03 -3.28 58 4.92 0
13:33 748.03 -3.33 57 6.26 0
13:34 748.03 -3.33 57 4.47 0
13:35 748.03 -3.33 57 2.24 0
13:36 747.78 -3.33 57 5.36 0
13:37 747.78 -3.22 57 4.02 0
13:38 748.03 -3.17 58 8.49 0
13:39 748.03 -3.22 57 6.71 0
13:40 748.03 -3.28 56 5.81 0
13:41 748.03 -3.28 57 5.81 0
13:42 748.03 -3.28 57 7.6 0
13:43 748.03 -3.33 56 5.81 0
13:44 747.78 -3.39 56 6.71 0
13:45 747.78 -3.44 56 3.58 0
13:46 748.03 -3.39 56 2.68 0
13:47 747.78 -3.33 57 6.71 0
13:48 747.78 -3.33 57 5.81 0
13:49 748.03 -3.28 57 5.36 0
13:50 748.03 -3.22 57 2.24 0
13:51 747.78 -3.22 57 4.47 0
13:52 748.03 -3.11 57 3.58 0
13:53 748.03 -3 58 6.26 0
13:54 748.03 -3 56 3.58 0
13:55 748.03 -2.94 57 4.47 0
13:56 748.03 -2.94 56 7.15 0
13:57 747.78 -3 55 7.15 0
13:58 747.78 -3.11 55 5.36 0
13:59 747.78 -3.17 55 5.81 0
14:00 747.78 -3.22 56 6.26 0
14:01 748.03 -3.17 56 5.81 0
14:02 747.78 -3.17 55 6.71 0
14:03 747.78 -3.17 55 4.02 0
14:04 748.03 -3.17 55 4.47 0
14:05 747.78 -3.11 56 2.68 0
14:06 747.78 -3.06 56 4.92 0
14:07 747.78 -3 56 4.92 0
14:08 747.78 -2.94 55 4.92 0
14:09 747.78 -2.89 56 5.36 0
14:10 748.03 -2.94 55 4.92 0
14:11 747.78 -2.94 55 4.47 0
14:12 747.78 -2.94 55 4.47 0
14:13 747.78 -2.89 56 6.71 0
14:14 748.03 -2.89 56 4.92 0
14:15 747.78 -2.94 55 5.81 0
14:16 747.78 -2.94 55 2.68 0
14:17 747.78 -2.94 55 6.71 0
14:18 747.78 -3 55 5.36 0
14:19 747.78 -3 54 6.71 0
14:20 747.78 -2.94 54 6.71 0
14:21 747.78 -2.94 54 6.26 0
14:22 748.03 -3 54 5.36 0
14:23 747.78 -3 54 4.47 0
14:24 747.78 -3 54 4.47 0
14:25 748.03 -3 54 4.92 0
14:26 748.03 -3 54 4.47 0
14:27 747.78 -3 54 3.58 0
14:28 747.78 -2.94 54 6.26 0
14:29 747.78 -2.89 54 7.15 0
14:30 747.78 -2.83 54 4.47 0
14:31 747.78 -2.78 55 3.58 0
14:32 747.78 -2.83 54 4.02 0
14:33 747.78 -2.83 54 3.58 0
14:34 747.78 -2.83 54 4.02 0
14:35 747.78 -2.83 54 4.47 0
14:36 747.78 -2.83 54 4.92 0
14:37 747.78 -2.83 54 4.47 0
14:38 747.78 -2.78 54 5.36 0
14:39 747.78 -2.78 54 6.71 0
14:40 747.78 -2.72 54 4.92 0
14:41 747.78 -2.72 54 5.81 0
14:42 747.78 -2.67 54 5.36 0
14:43 747.78 -2.72 54 4.92 0
14:44 747.78 -2.78 53 4.47 0
14:45 747.78 -2.78 53 3.58 0
14:46 747.78 -2.78 53 4.47 0
14:47 747.78 -2.78 53 6.71 0
14:48 747.78 -2.72 53 6.26 0
14:49 747.78 -2.78 53 5.81 0
14:50 747.78 -2.78 53 5.36 0
14:51 747.78 -2.78 53 4.92 0
14:52 748.03 -2.78 53 7.15 0
14:53 747.78 -2.78 53 6.26 0
14:54 747.78 -2.83 53 5.81 0
14:55 748.03 -2.78 53 4.47 0
14:56 748.03 -2.78 54 5.36 0
14:57 748.03 -2.78 54 4.02 0
14:58 747.78 -2.78 53 2.68 0
14:59 747.78 -2.72 54 3.13 0
15:00 748.03 -2.61 54 6.26 0
15:01 748.03 -2.67 53 5.81 0
15:02 747.78 -2.61 52 4.02 0
15:03 748.03 -2.61 53 4.47 0
15:04 747.78 -2.67 53 3.58 0
15:05 747.78 -2.67 53 3.58 0
15:06 747.78 -2.67 54 4.47 0
15:07 747.78 -2.61 54 5.81 0
15:08 747.78 -2.56 53 4.02 0
15:09 747.78 -2.5 54 7.15 0
15:10 747.78 -2.5 52 6.26 0
15:11 747.78 -2.56 52 7.15 0
15:12 747.78 -2.61 51 7.15 0
15:13 747.78 -2.67 51 7.6 0
15:14 747.78 -2.72 52 6.71 0
15:15 747.78 -2.78 52 4.47 0
15:16 747.78 -2.78 52 4.02 0
15:17 747.78 -2.78 52 5.36 0
15:18 747.78 -2.72 52 7.6 0
15:19 747.78 -2.72 52 4.92 0
15:20 747.78 -2.67 52 6.26 0
15:21 747.78 -2.67 52 8.05 0
15:22 747.78 -2.72 52 4.47 0
15:23 747.78 -2.67 52 5.81 0
15:24 747.78 -2.67 52 4.47 0
15:25 747.78 -2.67 53 4.47 0
15:26 747.78 -2.61 52 6.71 0
15:27 747.78 -2.61 52 6.71 0
15:28 747.78 -2.72 51 5.36 0
15:29 747.78 -2.72 51 4.47 0
15:30 747.78 -2.67 52 4.02 0
15:31 747.78 -2.67 53 4.92 0
15:32 747.78 -2.61 52 3.13 0
15:33 747.78 -2.61 52 8.05 0
15:34 747.78 -2.61 51 7.6 0
15:35 747.78 -2.56 51 5.36 0
15:36 747.78 -2.61 51 5.36 0
15:37 747.78 -2.61 51 4.02 0
15:38 747.78 -2.61 51 6.26 0
15:39 747.78 -2.61 51 3.58 0
15:40 747.78 -2.56 52 4.02 0
15:41 747.78 -2.56 51 1.79 0
15:42 747.78 -2.5 51 6.71 0
15:43 747.78 -2.5 51 6.71 0
15:44 747.78 -2.56 50 4.92 0
15:45 747.78 -2.61 51 6.71 0
15:46 747.78 -2.61 50 4.92 0
15:47 747.78 -2.67 51 5.81 0
15:48 747.78 -2.67 50 4.02 0
15:49 747.78 -2.67 51 5.81 0
15:50 747.78 -2.61 51 6.26 0
15:51 747.78 -2.61 51 6.26 0
15:52 747.78 -2.61 51 4.02 0
15:53 747.78 -2.61 51 4.47 0
15:54 747.78 -2.56 51 1.34 0
15:55 747.78 -2.56 51 3.58 0
15:56 747.78 -2.56 51 4.02 0
15:57 747.78 -2.5 51 4.92 0
15:58 747.78 -2.56 51 6.26 0
15:59 747.78 -2.56 51 5.81 0
16:00 747.78 -2.56 50 6.71 0
16:01 747.78 -2.61 51 6.71 0
16:02 747.78 -2.56 51 6.26 0
16:03 747.78 -2.61 52 4.92 0
16:04 747.78 -2.56 52 5.36 0
16:05 747.78 -2.56 51 4.47 0
16:06 747.78 -2.56 51 5.81 0
16:07 747.78 -2.56 51 7.15 0
16:08 747.78 -2.61 51 3.58 0
16:09 747.78 -2.61 52 5.36 0
16:10 747.78 -2.61 52 5.81 0
16:11 747.78 -2.67 51 4.92 0
16:12 747.78 -2.67 52 7.15 0
16:13 747.78 -2.67 51 4.47 0
16:14 747.78 -2.67 52 4.02 0
16:15 747.78 -2.72 52 5.81 0
16:16 747.78 -2.78 52 4.92 0
16:17 747.78 -2.72 52 5.81 0
16:18 747.78 -2.72 52 4.92 0
16:19 747.78 -2.72 52 4.92 0
16:20 747.78 -2.67 52 4.47 0
16:21 747.78 -2.67 51 4.47 0
16:22 747.78 -2.67 52 4.47 0
16:23 747.78 -2.67 52 2.24 0
16:24 747.78 -2.61 52 4.92 0
16:25 747.78 -2.61 52 4.47 0
16:26 747.78 -2.67 52 6.26 0
16:27 747.78 -2.67 52 5.81 0
16:28 747.78 -2.67 51 4.92 0
16:29 747.78 -2.67 51 3.58 0
16:30 747.78 -2.67 52 3.58 0
16:31 747.78 -2.67 52 5.36 0
16:32 747.78 -2.67 52 4.47 0
16:33 747.78 -2.67 52 7.15 0
16:34 747.78 -2.61 52 5.81 0
16:35 747.78 -2.61 52 3.58 0
16:36 747.78 -2.61 51 4.92 0
16:37 747.78 -2.61 52 5.81 0
16:38 747.78 -2.67 52 6.26 0
16:39 747.78 -2.67 51 2.24 0
16:40 747.78 -2.67 52 5.81 0
16:41 747.78 -2.67 52 5.36 0
16:42 747.78 -2.67 52 2.24 0
16:43 747.78 -2.67 52 4.02 0
16:44 747.78 -2.67 52 4.02 0
16:45 747.78 -2.67 52 4.47 0
16:46 747.78 -2.67 52 3.58 0
16:47 747.78 -2.67 52 4.47 0
16:48 747.78 -2.67 52 4.02 0
16:49 747.78 -2.67 52 2.24 0
16:50 747.78 -2.67 53 2.68 0
16:51 747.78 -2.67 53 3.58 0
16:52 747.78 -2.67 53 4.47 0
16:53 748.03 -2.67 53 4.47 0
16:54 747.78 -2.72 53 5.81 0
16:55 747.78 -2.72 52 4.47 0
16:56 748.03 -2.72 52 5.81 0
16:57 747.78 -2.78 52 4.47 0
16:58 747.78 -2.78 52 3.13 0
16:59 748.03 -2.78 53 4.47 0
17:00 748.03 -2.78 53 3.58 0
17:01 747.78 -2.78 53 4.02 0
17:02 747.78 -2.78 53 4.47 0
17:03 748.03 -2.78 53 4.92 0
17:04 748.03 -2.78 52 4.92 0
17:05 748.03 -2.78 53 6.26 0
17:06 748.03 -2.78 53 3.58 0
17:07 748.03 -2.83 53 4.47 0
17:08 748.03 -2.83 53 5.36 0
17:09 748.03 -2.83 52 2.68 0
17:10 748.03 -2.89 53 4.92 0
17:11 748.03 -2.83 52 4.92 0
17:12 748.03 -2.83 52 4.02 0
17:13 748.03 -2.89 53 4.47 0
17:14 748.03 -2.89 53 3.58 0
17:15 748.03 -2.89 53 2.68 0
17:16 748.03 -2.89 53 1.34 0
17:17 748.03 -2.83 53 4.47 0
17:18 748.03 -2.83 53 4.92 0
17:19 748.03 -2.83 52 5.36 0
17:20 748.03 -2.89 52 3.58 0
17:21 748.03 -2.89 52 4.92 0
17:22 748.03 -2.94 52 2.68 0
17:23 748.03 -2.94 52 4.47 0
17:24 748.03 -2.94 52 2.24 0
17:25 748.03 -3 53 3.13 0
17:26 748.03 -3 53 5.36 0
17:27 748.03 -3 53 4.02 0
17:28 748.03 -3 53 2.24 0
17:29 748.03 -3 53 2.24 0
17:30 748.03 -3 53 2.68 0
17:31 748.03 -3.06 53 1.34 0
17:32 748.03 -3.06 53 1.79 0
17:33 748.03 -3.06 54 2.68 0
17:34 748.03 -3.06 54 3.13 0
17:35 748.03 -3.06 54 1.79 0
17:36 748.03 -3.06 54 4.47 0
17:37 748.03 -3.06 53 4.02 0
17:38 748.03 -3.06 53 4.02 0
17:39 748.03 -3.11 54 2.68 0
17:40 748.03 -3.11 54 4.92 0
17:41 748.03 -3.11 54 4.92 0
17:42 748.03 -3.17 54 4.47 0
17:43 748.03 -3.17 54 2.68 0
17:44 748.03 -3.17 54 3.58 0
17:45 748.03 -3.17 54 2.68 0
17:46 748.03 -3.17 54 4.47 0
17:47 748.03 -3.22 54 2.68 0
17:48 748.03 -3.22 54 3.13 0
17:49 748.03 -3.28 54 3.58 0
17:50 748.03 -3.28 54 4.92 0
17:51 748.03 -3.28 54 2.24 0
17:52 748.03 -3.33 54 3.58 0
17:53 748.03 -3.33 54 3.13 0
17:54 748.03 -3.33 54 2.68 0
17:55 748.03 -3.39 54 4.02 0
17:56 748.03 -3.39 54 2.24 0
17:57 748.03 -3.44 54 1.34 0
17:58 748.03 -3.44 55 2.68 0
17:59 748.03 -3.44 54 3.13 0
18:00 748.03 -3.5 55 5.36 0
18:01 748.03 -3.5 54 2.68 0
18:02 748.03 -3.5 54 2.24 0
18:03 748.03 -3.56 55 3.58 0
18:04 748.03 -3.56 55 2.24 0
18:05 748.03 -3.56 55 2.24 0
18:06 748.03 -3.61 55 3.13 0
18:07 748.03 -3.61 55 1.79 0
18:08 748.03 -3.61 55 2.24 0
18:09 748.03 -3.67 55 2.68 0
18:10 748.03 -3.67 55 2.24 0
18:11 748.03 -3.67 55 3.58 0
18:12 748.03 -3.72 55 3.58 0
18:13 748.03 -3.72 55 1.34 0
18:14 748.03 -3.72 55 2.24 0
18:15 748.03 -3.72 56 2.24 0
18:16 748.03 -3.78 56 1.79 0
18:17 748.03 -3.78 56 2.68 0
18:18 748.03 -3.78 56 1.79 0
18:19 748.03 -3.83 56 1.79 0
18:20 748.03 -3.83 56 2.24 0
18:21 748.03 -3.83 56 1.79 0
18:22 748.03 -3.89 56 1.79 0
18:23 748.03 -3.89 56 3.13 0
18:24 748.03 -3.89 56 2.24 0
18:25 748.03 -3.89 56 2.24 0
18:26 748.03 -3.89 56 1.79 0
18:27 748.03 -3.94 56 2.24 0
18:28 748.03 -3.94 56 2.24 0
18:29 748.03 -3.94 56 3.58 0
18:30 748.03 -4 56 2.24 0
18:31 748.03 -4 56 2.24 0
18:32 748.03 -4 56 1.79 0
18:33 748.03 -4 56 1.79 0
18:34 748.03 -4 56 1.79 0
18:35 748.03 -4.06 56 1.79 0
18:36 748.28 -4.06 56 1.79 0
18:37 748.03 -4.06 56 1.34 0
18:38 748.03 -4.06 56 1.79 0
18:39 748.03 -4.11 56 1.79 0
18:40 748.03 -4.11 56 1.34 0
18:41 748.28 -4.11 57 2.24 0
18:42 748.03 -4.17 56 2.24 0
18:43 748.28 -4.17 56 2.68 0
18:44 748.03 -4.17 56 2.24 0
18:45 748.28 -4.17 57 2.68 0
18:46 748.28 -4.17 57 1.34 0
18:47 748.28 -4.17 57 1.79 0
18:48 748.28 -4.22 57 1.34 0
18:49 748.28 -4.22 57 1.79 0
18:50 748.28 -4.28 57 1.34 0
18:51 748.28 -4.28 57 1.34 0
18:52 748.28 -4.28 57 1.79 0
18:53 748.28 -4.33 57 2.24 0
18:54 748.28 -4.33 57 1.79 0
18:55 748.28 -4.33 57 1.34 0
18:56 748.28 -4.39 57 1.34 0
18:57 748.28 -4.39 57 1.34 0
18:58 748.28 -4.39 57 2.24 0
18:59 748.28 -4.39 57 1.79 0
19:00 748.28 -4.39 57 2.24 0
19:01 748.28 -4.39 57 3.13 0
19:02 748.28 -4.39 56 2.24 0
19:03 748.28 -4.39 57 1.79 0
19:04 748.28 -4.39 56 1.79 0
19:05 748.28 -4.39 56 1.79 0
19:06 748.28 -4.39 56 1.79 0
19:07 748.28 -4.44 56 2.24 0
19:08 748.28 -4.44 56 2.68 0
19:09 748.28 -4.44 56 1.34 0
19:10 748.28 -4.44 56 1.79 0
19:11 748.28 -4.44 56 1.79 0
19:12 748.28 -4.5 56 1.79 0
19:13 748.28 -4.5 56 1.79 0
19:14 748.28 -4.5 56 1.79 0
19:15 748.28 -4.5 56 1.79 0
19:16 748.28 -4.56 57 2.24 0
19:17 748.28 -4.56 56 2.24 0
19:18 748.28 -4.56 57 1.79 0
19:19 748.28 -4.56 57 2.24 0
19:20 748.28 -4.61 57 2.24 0
19:21 748.28 -4.61 57 1.34 0
19:22 748.28 -4.61 57 1.34 0
19:23 748.28 -4.67 57 1.34 0
19:24 748.28 -4.67 57 1.79 0
19:25 748.28 -4.67 57 1.79 0
19:26 748.28 -4.67 57 1.79 0
19:27 748.28 -4.72 57 1.79 0
19:28 748.28 -4.78 57 1.79 0
19:29 748.28 -4.78 57 1.79 0
19:30 748.28 -4.78 57 2.24 0
19:31 748.28 -4.78 57 1.34 0
19:32 748.28 -4.78 57 1.34 0
19:33 748.28 -4.83 57 1.79 0
19:34 748.28 -4.83 57 1.34 0
19:35 748.28 -4.89 58 1.34 0
19:36 748.28 -4.83 58 1.79 0
19:37 748.28 -4.94 58 1.34 0
19:38 748.28 -4.94 58 1.79 0
19:39 748.28 -4.94 58 1.79 0
19:40 748.28 -5 58 1.34 0
19:41 748.28 -5 58 1.34 0
19:42 748.28 -5 58 1.34 0
19:43 748.28 -5.06 58 1.34 0
19:44 748.28 -5.06 58 1.79 0
19:45 748.28 -5.11 58 1.34 0
19:46 748.28 -5.11 58 .89 0
19:47 748.28 -5.11 58 1.34 0
19:48 748.28 -5.17 58 1.34 0
19:49 748.28 -5.17 59 1.34 0
19:50 748.28 -5.22 59 1.34 0
19:51 748.28 -5.22 59 1.34 0
19:52 748.28 -5.22 59 1.34 0
19:53 748.28 -5.22 59 .89 0
19:54 748.28 -5.28 59 1.34 0
19:55 748.28 -5.28 59 .89 0
19:56 748.28 -5.33 59 1.34 0
19:57 748.28 -5.33 59 .89 0
19:58 748.28 -5.39 59 1.34 0
19:59 748.28 -5.44 59 .89 0
20:00 748.28 -5.39 59 1.34 0
20:01 748.28 -5.39 59 .89 0
20:02 748.28 -5.44 59 1.34 0
20:03 748.28 -5.44 59 1.34 0
20:04 748.28 -5.5 59 .89 0
20:05 748.28 -5.5 59 .89 0
20:06 748.28 -5.5 59 1.34 0
20:07 748.28 -5.56 59 1.34 0
20:08 748.28 -5.56 59 1.34 0
20:09 748.54 -5.56 60 1.34 0
20:10 748.28 -5.61 60 .89 0
20:11 748.28 -5.61 60 .45 0
20:12 748.54 -5.61 60 .89 0
20:13 748.28 -5.67 60 .89 0
20:14 748.28 -5.67 60 .89 0
20:15 748.28 -5.72 60 .89 0
20:16 748.28 -5.72 60 1.34 0
20:17 748.28 -5.78 60 .45 0
20:18 748.28 -5.78 61 .89 0
20:19 748.28 -5.78 61 1.34 0
20:20 748.28 -5.83 61 .89 0
20:21 748.28 -5.83 61 .89 0
20:22 748.28 -5.83 60 .89 0
20:23 748.28 -5.83 60 .89 0
20:24 748.28 -5.83 60 .89 0
20:25 748.28 -5.83 60 .89 0
20:26 748.28 -5.89 60 .89 0
20:27 748.28 -5.89 60 .89 0
20:28 748.28 -5.89 61 .89 0
20:29 748.28 -5.89 61 .89 0
20:30 748.28 -5.94 61 .89 0
20:31 748.54 -5.94 61 .89 0
20:32 748.28 -5.94 61 .89 0
20:33 748.28 -5.94 61 .89 0
20:34 748.28 -6 61 .89 0
20:35 748.28 -6 61 .89 0
20:36 748.28 -6 61 .89 0
20:37 748.54 -6.06 62 .45 0
20:38 748.28 -6.11 62 .45 0
20:39 748.54 -6.11 62 .89 0
20:40 748.28 -6.11 62 .89 0
20:41 748.28 -6.17 62 1.34 0
20:42 748.54 -6.22 62 .89 0
20:43 748.28 -6.28 62 .45 0
20:44 748.28 -6.28 62 .45 0
20:45 748.28 -6.33 62 .45 0
20:46 748.54 -6.33 62 .89 0
20:47 748.28 -6.39 62 .89 0
20:48 748.54 -6.39 62 .89 0
20:49 748.54 -6.44 62 .45 0
20:50 748.28 -6.44 62 .45 0
20:51 748.28 -6.5 62 .89 0
20:52 748.28 -6.56 63 .45 0
20:53 748.28 -6.56 63 .45 0
20:54 748.28 -6.61 63 .89 0
20:55 748.28 -6.67 63 .45 0
20:56 748.54 -6.72 63 .45 0
20:57 748.28 -6.78 63 .89 0
20:58 748.28 -6.83 63 .89 0
20:59 748.54 -6.89 64 .45 0
21:00 748.54 -6.94 64 .89 0
21:01 748.28 -7 64 .89 0
21:02 748.28 -7.06 64 .89 0
21:03 748.28 -7.11 64 .89 0
21:04 748.54 -7.11 64 .45 0
21:05 748.54 -7.17 65 .45 0
21:06 748.28 -7.17 65 .45 0
21:07 748.28 -7.22 65 .89 0
21:08 748.54 -7.28 65 0 0
21:09 748.54 -7.28 65 .45 0
21:10 748.54 -7.33 65 .45 0
21:11 748.54 -7.44 66 0 0
21:12 748.28 -7.44 66 .45 0
21:13 748.28 -7.5 66 .45 0
21:14 748.28 -7.56 66 0 0
21:15 748.54 -7.61 66 0 0
21:16 748.54 -7.61 66 0 0
21:17 748.28 -7.67 66 0 0
21:18 748.54 -7.72 66 0 0
21:19 748.54 -7.72 66 0 0
21:20 748.54 -7.72 66 0 0
21:21 748.54 -7.78 66 0 0
21:22 748.54 -7.78 66 0 0
21:23 748.28 -7.78 66 0 0
21:24 748.28 -7.83 66 0 0
21:25 748.28 -7.83 66 0 0
21:26 748.28 -7.83 67 0 0
21:27 748.28 -7.83 67 0 0
21:28 748.54 -7.83 67 0 0
21:29 748.54 -7.89 66 0 0
21:30 748.54 -7.83 66 0 0
21:31 748.28 -7.89 67 0 0
21:32 748.54 -7.89 67 0 0
21:33 748.28 -7.94 67 0 0
21:34 748.54 -7.94 67 0 0
21:35 748.54 -8 67 0 0
21:36 748.54 -8 67 0 0
21:37 748.54 -8.06 67 0 0
21:38 748.54 -8.06 67 0 0
21:39 748.54 -8.06 67 0 0
21:40 748.54 -8.11 67 0 0
21:41 748.54 -8.06 67 0 0
21:42 748.54 -8.11 67 0 0
21:43 748.54 -8.17 67 0 0
21:44 748.28 -8.17 67 0 0
21:45 748.54 -8.22 67 0 0
21:46 748.54 -8.22 67 0 0
21:47 748.54 -8.28 68 0 0
21:48 748.54 -8.33 68 0 0
21:49 748.54 -8.39 68 0 0
21:50 748.54 -8.44 68 0 0
21:51 748.54 -8.5 68 0 0
21:52 748.54 -8.56 68 0 0
21:53 748.54 -8.61 68 0 0
21:54 748.54 -8.61 68 0 0
21:55 748.54 -8.67 68 0 0
21:56 748.28 -8.67 69 0 0
21:57 748.54 -8.72 69 0 0
21:58 748.54 -8.78 69 0 0
21:59 748.28 -8.78 69 0 0
22:00 748.28 -8.78 69 0 0
22:01 748.28 -8.78 69 0 0
22:02 748.28 -8.78 69 0 0
22:03 748.54 -8.78 69 0 0
22:04 748.54 -8.78 69 0 0
22:05 748.28 -8.78 69 0 0
22:06 748.54 -8.78 70 0 0
22:07 748.54 -8.83 70 0 0
22:08 748.54 -8.83 70 0 0
22:09 748.54 -8.83 70 0 0
22:10 748.54 -8.83 70 0 0
22:11 748.54 -8.89 70 0 0
22:12 748.54 -8.94 70 0 0
22:13 748.54 -9 70 0 0
22:14 748.54 -9.06 70 0 0
22:15 748.54 -9.06 70 0 0
22:16 748.54 -9.11 70 0 0
22:17 748.54 -9.17 70 0 0
22:18 748.54 -9.22 71 0 0
22:19 748.54 -9.22 71 0 0
22:20 748.54 -9.28 71 0 0
22:21 748.54 -9.33 71 0 0
22:22 748.54 -9.28 71 0 0
22:23 748.54 -9.33 72 0 0
22:24 748.54 -9.33 72 0 0
22:25 748.54 -9.39 72 0 0
22:26 748.54 -9.33 72 0 0
22:27 748.54 -9.39 71 0 0
22:28 748.54 -9.39 72 0 0
22:29 748.54 -9.39 71 0 0
22:30 748.54 -9.44 71 0 0
22:31 748.54 -9.39 71 0 0
22:32 748.54 -9.44 71 0 0
22:33 748.54 -9.5 71 0 0
22:34 748.54 -9.5 71 0 0
22:35 748.54 -9.56 71 0 0
22:36 748.54 -9.61 71 0 0
22:37 748.54 -9.61 71 0 0
22:38 748.54 -9.67 71 0 0
22:39 748.54 -9.67 72 0 0
22:40 748.54 -9.78 72 0 0
22:41 748.54 -9.78 72 0 0
22:42 748.54 -9.78 72 0 0
22:43 748.54 -9.83 73 0 0
22:44 748.54 -9.89 73 0 0
22:45 748.54 -9.89 73 0 0
22:46 748.54 -9.94 73 0 0
22:47 748.54 -9.94 73 0 0
22:48 748.54 -10 73 0 0
22:49 748.54 -10 73 0 0
22:50 748.54 -10 73 0 0
22:51 748.54 -10.06 73 0 0
22:52 748.54 -10 73 0 0
22:53 748.54 -10.06 74 0 0
22:54 748.54 -10.06 74 0 0
22:55 748.54 -10.06 74 0 0
22:56 748.54 -10.06 74 0 0
22:57 748.54 -10.11 74 0 0
22:58 748.54 -10.11 74 0 0
22:59 748.54 -10.11 74 0 0
23:00 748.54 -10.17 74 0 0
23:01 748.54 -10.17 74 0 0
23:02 748.54 -10.22 74 0 0
23:03 748.54 -10.22 74 0 0
23:04 748.54 -10.28 74 0 0
23:05 748.54 -10.28 75 0 0
23:06 748.54 -10.28 75 0 0
23:07 748.54 -10.28 75 0 0
23:08 748.54 -10.28 75 0 0
23:09 748.54 -10.33 75 0 0
23:10 748.54 -10.33 75 0 0
23:11 748.54 -10.39 75 0 0
23:12 748.54 -10.39 75 0 0
23:13 748.54 -10.44 75 0 0
23:14 748.54 -10.5 75 0 0
23:15 748.54 -10.56 75 0 0
23:16 748.54 -10.56 75 0 0
23:17 748.54 -10.61 75 0 0
23:18 748.54 -10.61 75 0 0
23:19 748.54 -10.61 76 0 0
23:20 748.54 -10.67 76 0 0
23:21 748.54 -10.67 76 0 0
23:22 748.54 -10.67 76 0 0
23:23 748.54 -10.67 76 0 0
23:24 748.54 -10.67 76 0 0
23:25 748.54 -10.67 76 0 0
23:26 748.54 -10.72 76 0 0
23:27 748.54 -10.72 76 0 0
23:28 748.54 -10.72 76 0 0
23:29 748.54 -10.78 76 0 0
23:30 748.54 -10.78 76 0 0
23:31 748.54 -10.83 76 0 0
23:32 748.54 -10.83 76 0 0
23:33 748.28 -10.83 76 0 0
23:34 748.28 -10.83 76 0 0
23:35 748.28 -10.83 76 0 0
23:36 748.28 -10.83 76 0 0
23:37 748.54 -10.83 76 0 0
23:38 748.54 -10.83 76 0 0
23:39 748.54 -10.83 76 0 0
23:40 748.28 -10.83 76 0 0
23:41 748.28 -10.89 76 0 0
23:42 748.28 -10.94 76 0 0
23:43 748.28 -10.94 76 0 0
23:44 748.28 -10.94 76 0 0
23:45 748.28 -11 76 0 0
23:46 748.28 -11.06 76 0 0
23:47 748.28 -11.11 76 0 0
23:48 748.28 -11.11 76 0 0
23:49 748.28 -11.17 77 0 0
23:50 748.28 -11.22 77 0 0
23:51 748.28 -11.22 77 0 0
23:52 748.28 -11.28 77 0 0
23:53 748.28 -11.28 77 0 0
23:54 748.28 -11.33 77 0 0
23:55 748.28 -11.33 77 0 0
23:56 748.28 -11.33 77 0 0
23:57 748.28 -11.39 77 0 0
23:58 748.28 -11.39 77 0 0
23:59 748.28 -11.39 77 0 0
