00:00 755.14 -2 89 1.79 0
00:01 755.14 -1.94 89 5.36 0
00:02 755.14 -1.94 89 3.58 0
00:03 755.14 -2 89 4.47 0
00:04 755.14 -1.94 89 2.24 0
00:05 755.14 -1.94 89 5.36 0
00:06 755.14 -1.94 89 4.47 0
00:07 755.14 -1.94 89 5.36 0
00:08 755.14 -1.94 89 4.92 0
00:09 754.89 -1.94 89 1.79 0
00:10 754.89 -1.89 89 3.58 0
00:11 754.89 -1.89 89 4.92 0
00:12 754.89 -1.89 89 3.58 0
00:13 754.89 -1.89 89 3.58 0
00:14 754.89 -1.89 89 1.79 0
00:15 754.89 -1.89 89 1.79 0
00:16 754.89 -1.89 89 2.68 0
00:17 754.89 -1.83 89 4.92 0
00:18 755.14 -1.83 89 2.68 0
00:19 755.14 -1.83 88 2.24 0
00:20 755.14 -1.89 88 4.02 0
00:21 755.14 -1.83 88 5.36 0
00:22 754.89 -1.89 88 5.36 0
00:23 754.89 -1.89 88 5.36 0
00:24 754.89 -1.83 88 3.58 0
00:25 754.89 -1.89 88 4.02 0
00:26 754.89 -1.89 89 6.26 0
00:27 754.89 -1.89 89 4.02 0
00:28 754.89 -1.83 89 4.92 0
00:29 754.89 -1.83 89 3.58 0
00:30 754.89 -1.83 88 3.58 0
00:31 754.89 -1.83 88 3.13 0
00:32 754.89 -1.83 88 2.24 0
00:33 754.89 -1.83 88 4.02 0
00:34 754.89 -1.83 88 4.02 0
00:35 754.89 -1.83 88 2.24 0
00:36 754.89 -1.83 88 5.36 0
00:37 754.89 -1.83 89 1.79 0
00:38 754.89 -1.78 88 5.81 0
00:39 754.89 -1.78 89 3.13 0
00:40 755.14 -1.78 88 4.02 0
00:41 754.89 -1.78 89 4.47 0
00:42 754.89 -1.78 88 2.24 0
00:43 754.89 -1.78 88 3.13 0
00:44 754.89 -1.78 88 3.13 0
00:45 754.89 -1.78 89 3.58 0
00:46 754.89 -1.78 89 6.71 0
00:47 754.89 -1.78 89 1.79 0
00:48 754.89 -1.72 89 4.47 0
00:49 754.89 -1.72 89 2.68 0
00:50 754.89 -1.72 89 2.24 0
00:51 754.89 -1.72 89 2.68 0
00:52 755.14 -1.72 89 1.79 0
00:53 755.14 -1.72 89 2.24 0
00:54 755.14 -1.72 89 2.24 0
00:55 755.14 -1.72 89 3.58 0
00:56 755.14 -1.72 89 1.79 0
00:57 755.14 -1.72 89 2.24 0
00:58 755.14 -1.72 89 2.68 0
00:59 755.14 -1.72 89 5.81 0
01:00 755.14 -1.67 89 3.58 0
01:01 755.14 -1.67 89 4.92 0
01:02 755.14 -1.67 89 4.47 0
01:03 755.14 -1.67 89 4.92 0
01:04 755.14 -1.67 89 4.02 0
01:05 755.14 -1.61 89 6.26 0
01:06 755.14 -1.61 89 3.58 0
01:07 755.14 -1.61 88 5.81 0
01:08 755.14 -1.61 88 3.58 0
01:09 755.14 -1.61 88 3.13 0
01:10 754.89 -1.61 88 3.13 0
01:11 754.89 -1.61 88 5.81 0
01:12 755.14 -1.61 88 3.58 0
01:13 754.89 -1.56 88 1.34 0
01:14 755.14 -1.56 88 4.02 0
01:15 754.89 -1.56 88 7.6 0
01:16 754.89 -1.56 88 3.58 0
01:17 754.89 -1.56 88 2.68 0
01:18 755.14 -1.56 88 4.92 0
01:19 754.89 -1.56 88 2.68 0
01:20 754.89 -1.56 88 2.24 0
01:21 754.89 -1.5 88 3.58 0
01:22 755.14 -1.56 88 6.26 0
01:23 754.89 -1.56 88 3.58 0
01:24 754.89 -1.56 88 2.68 0
01:25 754.89 -1.56 88 3.58 0
01:26 754.89 -1.56 88 5.36 0
01:27 754.89 -1.56 88 4.92 0
01:28 754.89 -1.56 88 4.02 0
01:29 754.89 -1.56 88 4.92 0
01:30 754.89 -1.5 88 4.02 0
01:31 754.89 -1.5 88 6.26 0
01:32 754.89 -1.5 88 4.47 0
01:33 754.89 -1.5 88 4.92 0
01:34 754.89 -1.5 88 2.68 0
01:35 754.89 -1.56 88 3.58 0
01:36 754.89 -1.56 88 2.24 0
01:37 754.89 -1.5 88 3.13 0
01:38 754.89 -1.56 88 1.34 0
01:39 754.89 -1.56 88 3.58 0
01:40 754.89 -1.5 88 6.71 0
01:41 754.89 -1.56 88 4.02 0
01:42 754.89 -1.56 88 4.02 0
01:43 754.89 -1.5 88 2.24 0
01:44 754.89 -1.56 88 4.92 0
01:45 754.89 -1.5 88 2.68 0
01:46 754.89 -1.5 88 1.79 0
01:47 754.89 -1.5 88 .89 0
01:48 754.89 -1.5 88 1.34 0
01:49 754.89 -1.56 88 2.24 0
01:50 754.89 -1.5 88 4.02 0
01:51 755.14 -1.5 88 4.47 0
01:52 755.14 -1.5 88 2.68 0
01:53 755.14 -1.5 88 1.79 0
01:54 754.89 -1.44 88 1.79 0
01:55 754.89 -1.5 89 4.92 0
01:56 755.14 -1.44 89 4.92 0
01:57 754.89 -1.44 88 3.58 0
01:58 755.14 -1.44 89 1.79 0
01:59 755.14 -1.44 89 1.79 0
02:00 755.14 -1.44 88 3.13 0
02:01 755.14 -1.44 88 2.24 0
02:02 754.89 -1.44 88 3.58 0
02:03 754.89 -1.39 88 4.02 0
02:04 754.89 -1.44 88 4.02 0
02:05 754.89 -1.39 88 3.58 0
02:06 754.89 -1.44 88 1.79 0
02:07 754.89 -1.39 88 3.13 0
02:08 754.89 -1.39 88 3.58 0
02:09 754.89 -1.39 88 4.47 0
02:10 754.89 -1.39 88 1.34 0
02:11 754.89 -1.39 88 3.13 0
02:12 754.89 -1.39 88 3.13 0
02:13 754.89 -1.39 88 4.92 0
02:14 754.89 -1.39 88 4.02 0
02:15 754.89 -1.39 88 7.6 0
02:16 754.89 -1.33 88 3.58 0
02:17 754.89 -1.33 88 6.71 0
02:18 754.89 -1.28 88 4.92 0
02:19 754.89 -1.33 88 2.68 0
02:20 754.89 -1.33 88 3.13 0
02:21 754.89 -1.33 88 6.26 0
02:22 754.89 -1.33 88 4.02 0
02:23 754.89 -1.33 88 3.13 0
02:24 754.89 -1.33 88 3.58 0
02:25 754.89 -1.33 88 2.24 0
02:26 754.63 -1.33 88 2.24 0
02:27 754.89 -1.33 88 3.58 0
02:28 754.63 -1.33 88 3.13 0
02:29 754.63 -1.33 88 5.81 0
02:30 754.63 -1.33 88 4.02 0
02:31 754.63 -1.33 88 4.02 0
02:32 754.63 -1.33 88 2.68 0
02:33 754.63 -1.33 88 2.24 0
02:34 754.63 -1.28 88 4.02 0
02:35 754.63 -1.28 88 4.92 0
02:36 754.63 -1.33 88 4.47 0
02:37 754.63 -1.28 88 5.36 0
02:38 754.63 -1.28 88 6.26 0
02:39 754.63 -1.28 88 4.47 0
02:40 754.63 -1.28 88 1.79 0
02:41 754.63 -1.28 88 3.13 0
02:42 754.63 -1.28 88 2.68 0
02:43 754.63 -1.28 88 3.58 0
02:44 754.63 -1.28 88 3.58 0
02:45 754.63 -1.28 88 5.36 0
02:46 754.63 -1.28 88 3.13 0
02:47 754.63 -1.28 88 5.81 0
02:48 754.63 -1.28 88 5.36 0
02:49 754.63 -1.28 88 3.58 0
02:50 754.63 -1.22 88 4.02 0
02:51 754.63 -1.22 88 5.36 0
02:52 754.63 -1.28 88 1.79 0
02:53 754.63 -1.22 88 .89 0
02:54 754.63 -1.28 88 2.24 0
02:55 754.63 -1.28 88 2.68 0
02:56 754.63 -1.28 88 4.47 0
02:57 754.63 -1.28 88 3.13 0
02:58 754.63 -1.28 88 1.34 0
02:59 754.63 -1.28 88 1.34 0
03:00 754.63 -1.28 88 1.79 0
03:01 754.63 -1.28 88 .89 0
03:02 754.63 -1.28 88 4.02 0
03:03 754.63 -1.28 88 4.92 0
03:04 754.63 -1.28 88 2.68 0
03:05 754.63 -1.28 88 4.47 0
03:06 754.63 -1.28 88 3.58 0
03:07 754.63 -1.28 88 1.79 0
03:08 754.63 -1.28 88 3.58 0
03:09 754.63 -1.22 88 3.58 0
03:10 754.63 -1.22 88 7.6 0
03:11 754.63 -1.17 88 5.36 0
03:12 754.63 -1.17 88 4.02 0
03:13 754.63 -1.17 88 4.02 0
03:14 754.63 -1.11 88 3.58 0
03:15 754.63 -1.17 88 1.79 0
03:16 754.63 -1.11 88 1.34 0
03:17 754.63 -1.17 88 2.68 0
03:18 754.63 -1.17 88 3.13 0
03:19 754.63 -1.17 88 4.92 0
03:20 754.63 -1.17 88 5.36 0
03:21 754.63 -1.17 88 3.13 0
03:22 754.63 -1.17 88 4.02 0
03:23 754.63 -1.17 88 4.47 0
03:24 754.63 -1.17 88 3.58 0
03:25 754.63 -1.11 88 3.13 0
03:26 754.63 -1.11 88 3.58 0
03:27 754.63 -1.11 88 1.79 0
03:28 754.63 -1.17 88 3.13 0
03:29 754.63 -1.17 88 4.47 0
03:30 754.63 -1.17 88 3.58 0
03:31 754.63 -1.17 88 4.02 0
03:32 754.63 -1.11 88 4.02 0
03:33 754.63 -1.17 88 2.24 0
03:34 754.63 -1.17 88 2.24 0
03:35 754.63 -1.17 88 2.24 0
03:36 754.63 -1.17 88 4.92 0
03:37 754.63 -1.17 88 3.58 0
03:38 754.63 -1.11 88 1.79 0
03:39 754.63 -1.17 88 3.58 0
03:40 754.63 -1.17 88 4.47 0
03:41 754.63 -1.11 88 4.92 0
03:42 754.38 -1.17 88 4.47 0
03:43 754.63 -1.17 88 3.58 0
03:44 754.38 -1.17 88 3.13 0
03:45 754.63 -1.11 88 4.02 0
03:46 754.38 -1.17 88 4.47 0
03:47 754.38 -1.11 88 1.79 0
03:48 754.38 -1.11 88 3.58 0
03:49 754.38 -1.11 88 3.58 0
03:50 754.63 -1.11 88 5.36 0
03:51 754.38 -1.11 88 5.81 0
03:52 754.38 -1.11 88 6.26 0
03:53 754.38 -1.11 88 4.92 0
03:54 754.38 -1.06 88 2.24 0
03:55 754.38 -1.06 88 5.36 0
03:56 754.63 -1.06 88 4.02 0
03:57 754.38 -1.06 88 4.92 0
03:58 754.38 -1.06 88 5.36 0
03:59 754.38 -1.06 88 4.02 0
04:00 754.38 -1.06 88 1.79 0
04:01 754.38 -1.06 88 3.58 0
04:02 754.38 -1.06 88 4.02 0
04:03 754.38 -1.06 88 3.13 0
04:04 754.38 -1.06 88 4.92 0
04:05 754.38 -1.06 88 2.68 0
04:06 754.38 -1.06 88 5.36 0
04:07 754.38 -1.06 88 3.13 0
04:08 754.38 -1 88 3.13 0
04:09 754.38 -1 88 3.58 0
04:10 754.38 -1 88 2.24 0
04:11 754.38 -1 88 2.68 0
04:12 754.38 -1 88 4.47 0
04:13 754.38 -1 88 2.24 0
04:14 754.38 -1 88 2.68 0
04:15 754.38 -1.06 88 3.58 0
04:16 754.38 -1 88 7.15 0
04:17 754.38 -1 88 4.02 0
04:18 754.38 -1 88 4.47 0
04:19 754.38 -1 88 3.13 0
04:20 754.38 -1 88 3.58 0
04:21 754.38 -1 88 5.36 0
04:22 754.38 -1 88 3.13 0
04:23 754.38 -.94 88 5.81 0
04:24 754.38 -.94 88 5.81 0
04:25 754.38 -.94 88 6.26 0
04:26 754.38 -.94 88 3.58 0
04:27 754.38 -.89 88 4.02 0
04:28 754.38 -.94 88 6.26 0
04:29 754.38 -.89 88 3.58 0
04:30 754.38 -.94 88 6.26 0
04:31 754.38 -.94 88 5.36 0
04:32 754.38 -.89 88 1.34 0
04:33 754.38 -.94 88 6.71 0
04:34 754.38 -.89 88 5.36 0
04:35 754.38 -.89 88 4.02 0
04:36 754.38 -.89 88 5.36 0
04:37 754.38 -.89 88 4.02 0
04:38 754.38 -.89 88 3.13 0
04:39 754.38 -.89 88 3.13 0
04:40 754.38 -.89 88 1.79 0
04:41 754.38 -.89 88 5.36 0
04:42 754.38 -.89 88 2.68 0
04:43 754.38 -.89 88 3.13 0
04:44 754.38 -.89 88 3.13 0
04:45 754.38 -.89 88 2.24 0
04:46 754.38 -.89 88 4.92 0
04:47 754.38 -.89 88 4.92 0
04:48 754.38 -.89 88 5.36 0
04:49 754.38 -.89 88 1.79 0
04:50 754.38 -.89 88 5.36 0
04:51 754.38 -.83 88 5.81 0
04:52 754.38 -.83 88 4.02 0
04:53 754.38 -.83 88 4.92 0
04:54 754.13 -.83 88 6.26 0
04:55 754.38 -.83 88 3.58 0
04:56 754.38 -.83 88 4.47 0
04:57 754.38 -.83 88 3.58 0
04:58 754.13 -.83 88 .89 0
04:59 754.38 -.78 88 4.47 0
05:00 754.38 -.83 88 3.13 0
05:01 754.13 -.78 88 2.24 0
05:02 754.13 -.83 88 2.68 0
05:03 754.13 -.83 88 4.47 0
05:04 754.38 -.83 88 5.36 0
05:05 754.13 -.78 88 6.26 0
05:06 754.13 -.78 88 2.24 0
05:07 754.13 -.78 88 4.02 0
05:08 754.13 -.78 88 2.68 0
05:09 754.38 -.78 88 4.92 0
05:10 754.38 -.78 88 4.92 0
05:11 754.38 -.78 88 2.24 0
05:12 754.38 -.78 88 2.68 0
05:13 754.38 -.78 88 5.81 0
05:14 754.38 -.72 88 3.58 0
05:15 754.38 -.78 88 4.02 0
05:16 754.13 -.72 88 .89 0
05:17 754.13 -.72 88 4.47 0
05:18 754.38 -.72 88 1.79 0
05:19 754.38 -.72 88 3.58 0
05:20 754.38 -.67 88 3.13 0
05:21 754.38 -.72 88 5.81 0
05:22 754.38 -.72 88 5.81 0
05:23 754.38 -.67 88 4.02 0
05:24 754.13 -.67 88 4.47 0
05:25 754.13 -.67 88 5.36 0
05:26 754.13 -.67 88 3.58 0
05:27 754.13 -.67 88 4.02 0
05:28 754.13 -.67 88 4.02 0
05:29 754.13 -.67 88 4.92 0
05:30 754.13 -.67 88 4.47 0
05:31 754.13 -.67 88 4.02 0
05:32 754.13 -.67 88 2.68 0
05:33 754.13 -.67 88 7.6 0
05:34 754.13 -.67 88 4.47 0
05:35 754.13 -.67 88 4.02 0
05:36 754.13 -.67 88 5.36 0
05:37 754.13 -.61 88 3.13 0
05:38 754.13 -.61 88 3.13 0
05:39 754.13 -.61 88 1.79 0
05:40 754.13 -.61 88 4.02 0
05:41 754.13 -.61 88 6.26 0
05:42 754.13 -.61 88 6.71 0
05:43 754.13 -.61 88 3.58 0
05:44 754.13 -.56 88 4.02 0
05:45 754.13 -.56 88 1.79 0
05:46 754.13 -.56 88 3.13 0
05:47 754.13 -.61 88 4.02 0
05:48 754.38 -.56 88 4.47 0
05:49 754.38 -.56 88 .89 0
05:50 754.38 -.56 88 2.68 0
05:51 754.38 -.56 88 2.68 0
05:52 754.38 -.56 88 3.58 0
05:53 754.38 -.56 88 5.36 0
05:54 754.38 -.56 88 4.47 0
05:55 754.38 -.56 88 4.47 0
05:56 754.38 -.56 88 1.79 0
05:57 754.38 -.56 87 4.02 0
05:58 754.38 -.56 88 4.02 0
05:59 754.38 -.56 87 7.6 0
06:00 754.38 -.5 88 5.36 0
06:01 754.38 -.5 88 4.02 0
06:02 754.38 -.56 87 4.92 0
06:03 754.38 -.5 87 5.81 0
06:04 754.38 -.5 87 3.58 0
06:05 754.38 -.5 87 2.24 0
06:06 754.38 -.56 87 1.79 0
06:07 754.38 -.5 87 5.81 0
06:08 754.38 -.5 87 2.24 0
06:09 754.38 -.5 88 3.58 0
06:10 754.38 -.5 88 4.47 0
06:11 754.38 -.5 87 3.58 0
06:12 754.38 -.44 88 3.58 0
06:13 754.38 -.5 88 4.47 0
06:14 754.38 -.5 87 3.13 0
06:15 755.14 1802.61 255 113.99 16645.89
06:16 754.38 -.44 87 2.68 0
06:17 754.38 -.5 88 5.81 0
06:18 754.38 -.44 88 4.47 0
06:19 754.38 -.44 88 6.26 0
06:20 754.38 -.44 88 3.13 0
06:21 754.38 -.44 87 6.26 0
06:22 754.38 -.44 87 3.58 0
06:23 754.38 -.44 87 3.13 0
06:24 754.38 -.39 87 4.02 0
06:25 754.38 -.44 87 3.58 0
06:26 754.38 -.39 87 4.92 0
06:27 754.38 -.39 88 4.92 0
06:28 754.38 -.39 87 4.47 0
06:29 754.38 -.39 87 4.02 0
06:30 754.38 -.39 87 1.79 0
06:31 754.38 -.39 87 4.02 0
06:32 754.38 -.39 87 2.24 0
06:33 754.38 -.39 87 2.68 0
06:34 754.38 -.39 87 4.47 0
06:35 754.38 -.39 87 5.81 0
06:36 754.38 -.39 88 3.58 0
06:37 754.38 -.39 88 5.36 0
06:38 754.38 -.33 88 3.13 0
06:39 754.38 -.33 88 4.02 0
06:40 754.38 -.33 88 2.24 0
06:41 754.38 -.33 88 2.24 0
06:42 754.38 -.33 88 4.02 0
06:43 754.38 -.33 88 4.47 0
06:44 754.38 -.33 88 4.92 0
06:45 754.38 -.33 88 4.92 0
06:46 754.38 -.28 88 5.81 0
06:47 754.38 -.28 88 1.79 0
06:48 754.38 -.28 87 2.24 0
06:49 754.38 -.28 87 2.68 0
06:50 754.38 -.22 87 3.58 0
06:51 754.38 -.22 87 2.68 0
06:52 754.38 -.22 87 1.79 0
06:53 754.38 -.22 87 3.58 0
06:54 754.38 -.28 87 4.47 0
06:55 754.38 -.22 87 3.58 0
06:56 754.38 -.22 87 3.58 0
06:57 754.38 -.22 87 4.02 0
06:58 754.38 -.28 87 4.92 0
06:59 754.38 -.22 87 5.36 0
07:00 754.38 -.22 87 6.26 0
07:01 754.38 -.22 87 4.47 0
07:02 754.38 -.17 87 4.02 0
07:03 754.38 -.22 87 6.26 0
07:04 754.63 -.17 87 4.47 0
07:05 754.38 -.17 87 7.6 0
07:06 754.38 -.17 87 3.13 0
07:07 754.38 -.17 87 2.24 0
07:08 754.63 -.17 87 5.36 0
07:09 754.38 -.17 87 4.92 0
07:10 754.38 -.17 87 6.26 0
07:11 754.38 -.17 87 4.47 0
07:12 754.38 -.17 87 4.47 0
07:13 754.38 -.11 87 4.02 0
07:14 754.38 -.17 87 4.47 0
07:15 754.38 -.11 87 5.36 0
07:16 754.38 -.11 87 4.02 0
07:17 754.38 -.17 87 2.68 0
07:18 754.38 -.11 87 5.36 0
07:19 754.38 -.11 87 4.92 0
07:20 754.38 -.11 87 3.13 0
07:21 754.38 -.11 87 3.13 0
07:22 754.38 -.11 87 6.26 0
07:23 754.38 -.11 87 4.02 0
07:24 754.38 -.11 87 4.02 0
07:25 754.38 -.06 87 4.02 0
07:26 754.38 -.11 87 8.05 0
07:27 754.38 -.11 87 2.24 0
07:28 754.38 -.06 88 4.47 0
07:29 754.38 -.06 87 5.36 0
07:30 754.38 -.06 87 4.02 0
07:31 754.38 -.06 87 4.47 0
07:32 754.38 -.06 87 3.58 0
07:33 754.38 -.06 87 4.47 0
07:34 754.38 -.06 87 2.68 0
07:35 754.38 -.06 87 4.92 0
07:36 754.38 -.06 87 2.24 0
07:37 754.38 -.06 87 4.47 0
07:38 754.38 -.06 87 5.36 0
07:39 754.38 -.06 87 3.58 0
07:40 754.38 0 87 4.02 0
07:41 754.38 0 87 2.68 0
07:42 754.38 -.06 87 4.47 0
07:43 754.38 -.06 87 4.47 0
07:44 754.38 -.06 87 1.79 0
07:45 754.38 0 87 6.26 0
07:46 754.38 0 88 4.47 0
07:47 754.63 0 88 4.02 0
07:48 754.38 0 87 1.34 0
07:49 754.63 0 87 1.79 0
07:50 754.63 0 87 2.68 0
07:51 754.63 -.06 87 6.26 0
07:52 754.38 0 87 5.36 0
07:53 754.38 .06 88 2.68 0
07:54 754.38 .06 88 5.81 0
07:55 754.38 .06 87 4.47 0
07:56 754.38 .06 87 4.47 0
07:57 754.38 .06 88 2.68 0
07:58 754.38 .06 87 4.02 0
07:59 754.38 0 87 5.81 0
08:00 754.38 .06 87 3.58 0
08:01 754.38 0 88 2.24 0
08:02 754.38 0 87 6.26 0
08:03 754.38 .06 88 3.58 0
08:04 754.38 .06 88 2.24 0
08:05 754.38 .06 88 2.24 0
08:06 754.38 .06 88 4.47 0
08:07 754.38 .06 88 4.02 0
08:08 754.63 .06 88 2.24 0
08:09 754.63 .06 88 3.58 0
08:10 754.63 .06 88 4.92 0
08:11 754.63 .06 88 3.13 0
08:12 754.63 .06 88 3.58 0
08:13 754.63 .06 88 1.79 0
08:14 754.63 .06 88 6.26 0
08:15 754.63 .11 88 5.36 0
08:16 754.63 .11 88 4.02 0
08:17 754.63 .11 87 4.47 0
08:18 754.63 .17 87 3.58 0
08:19 754.63 .11 87 3.58 0
08:20 754.63 .11 87 4.47 0
08:21 754.63 .11 87 2.24 0
08:22 754.63 .11 87 4.47 0
08:23 754.63 .17 87 3.58 0
08:24 754.63 .17 87 3.58 0
08:25 754.63 .17 87 5.36 0
08:26 754.63 .17 87 5.36 0
08:27 754.63 .11 87 4.02 0
08:28 754.63 .17 87 5.36 0
08:29 754.63 .17 87 4.02 0
08:30 754.63 .17 87 5.81 0
08:31 754.63 .17 87 3.58 0
08:32 754.63 .17 87 4.47 0
08:33 754.63 .17 87 4.92 0
08:34 754.63 .17 87 2.24 0
08:35 754.63 .17 87 2.68 0
08:36 754.63 .17 87 4.92 0
08:37 754.63 .17 87 4.02 0
08:38 754.63 .17 87 5.36 0
08:39 754.63 .22 87 3.13 0
08:40 754.63 .22 87 2.24 0
08:41 754.63 .22 87 2.68 0
08:42 754.63 .22 87 3.58 0
08:43 754.63 .22 87 2.24 0
08:44 754.63 .22 87 2.68 0
08:45 754.63 .22 87 2.68 0
08:46 754.63 .22 87 1.79 0
08:47 754.89 .22 87 3.13 0
08:48 754.63 .22 87 2.24 0
08:49 754.89 .17 87 1.79 0
08:50 754.63 .22 87 .45 0
08:51 754.89 .22 87 1.34 0
08:52 754.89 .22 87 2.68 0
08:53 754.89 .22 87 4.02 0
08:54 754.63 .22 87 4.02 0
08:55 754.63 .22 87 2.68 0
08:56 754.63 .22 87 2.24 0
08:57 754.63 .22 87 2.24 0
08:58 754.63 .22 87 2.68 0
08:59 754.89 .22 87 2.24 0
09:00 754.89 .22 87 1.34 0
09:01 754.89 .22 87 2.24 0
09:02 754.89 .22 87 4.02 0
09:03 754.89 .22 87 2.24 0
09:04 754.89 .28 87 1.79 0
09:05 754.89 .22 87 .89 0
09:06 754.89 .28 87 2.24 0
09:07 754.89 .28 87 4.02 0
09:08 754.89 .28 87 4.47 0
09:09 754.89 .28 87 3.13 0
09:10 754.89 .28 87 1.79 0
09:11 754.89 .28 87 1.34 0
09:12 754.89 .28 87 1.34 0
09:13 754.89 .33 87 1.34 0
09:14 754.89 .33 87 3.58 0
09:15 754.89 .28 88 1.79 0
09:16 754.89 .28 87 3.58 0
09:17 754.89 .28 88 1.34 0
09:18 754.89 .28 87 2.68 0
09:19 754.89 .28 88 2.24 0
09:20 754.89 .33 87 3.58 0
09:21 754.89 .28 88 5.36 0
09:22 754.89 .33 88 2.68 0
09:23 754.89 .33 88 1.34 0
09:24 754.89 .33 88 5.36 0
09:25 754.89 .33 88 4.02 0
09:26 754.89 .33 88 2.68 0
09:27 754.89 .33 88 2.68 0
09:28 754.89 .33 88 4.02 0
09:29 754.89 .33 88 4.92 0
09:30 754.89 .39 88 4.02 0
09:31 754.89 .39 88 4.47 0
09:32 754.89 .39 88 6.26 0
09:33 754.89 .39 88 4.47 0
09:34 754.89 .39 87 3.13 0
09:35 754.89 .39 87 2.24 0
09:36 754.89 .39 87 2.68 0
09:37 754.89 .39 87 3.58 0
09:38 754.89 .39 87 4.92 0
09:39 754.89 .39 87 3.13 0
09:40 754.89 .39 87 4.47 0
09:41 754.89 .39 87 5.36 0
09:42 754.89 .44 87 2.68 0
09:43 755.14 .44 87 4.92 0
09:44 754.89 .44 87 4.02 0
09:45 754.89 .44 87 4.92 0
09:46 754.89 .44 87 2.68 0
09:47 754.89 .44 87 6.26 0
09:48 754.89 .44 87 3.58 0
09:49 755.14 .44 87 3.58 0
09:50 754.89 .5 87 2.68 0
09:51 754.89 .44 87 4.92 0
09:52 755.14 .44 87 4.02 0
09:53 754.89 .5 87 4.92 0
09:54 754.89 .5 87 4.47 0
09:55 754.89 .5 87 2.68 0
09:56 754.89 .5 87 4.47 0
09:57 755.14 .5 87 4.02 0
09:58 754.89 .44 87 4.02 0
09:59 755.14 .5 87 4.47 0
10:00 755.14 .5 87 4.02 0
10:01 755.14 .5 87 2.24 0
10:02 755.14 .5 87 2.68 0
10:03 755.14 .5 87 3.58 0
10:04 755.14 .5 87 4.47 0
10:05 755.14 .5 87 2.24 0
10:06 755.14 .56 87 3.13 0
10:07 755.14 .5 87 3.58 0
10:08 755.14 .5 87 2.24 0
10:09 755.14 .5 87 5.81 0
10:10 755.14 .56 87 3.58 0
10:11 755.14 .5 87 2.24 0
10:12 755.14 .56 87 3.58 0
10:13 755.14 .5 87 4.02 0
10:14 755.14 .56 87 3.58 0
10:15 755.14 .56 87 4.92 0
10:16 755.14 .56 87 3.13 0
10:17 755.14 .56 87 4.02 0
10:18 755.14 .56 87 2.68 0
10:19 755.14 .56 87 4.47 0
10:20 755.14 .56 87 1.79 0
10:21 755.14 .56 87 2.24 0
10:22 755.14 .56 87 2.68 0
10:23 755.14 .56 87 4.02 0
10:24 755.14 .56 87 3.58 0
10:25 755.14 .56 87 2.24 0
10:26 755.14 .56 87 4.02 0
10:27 755.14 .56 87 2.68 0
10:28 755.14 .56 87 3.58 0
10:29 755.14 .61 87 3.13 0
10:30 755.14 .61 87 3.58 0
10:31 755.14 .61 87 4.47 0
10:32 755.14 .61 87 3.58 0
10:33 755.14 .61 87 1.79 0
10:34 755.14 .61 87 4.92 0
10:35 755.14 .61 87 4.02 0
10:36 755.14 .67 87 3.13 0
10:37 755.14 .61 87 2.68 0
10:38 755.14 .67 87 2.24 0
10:39 755.14 .72 87 5.81 0
10:40 755.14 .72 87 4.47 0
10:41 755.14 .67 87 4.02 0
10:42 755.14 .72 87 4.02 0
10:43 755.14 .72 87 2.68 0
10:44 755.14 .72 87 4.47 0
10:45 755.14 .72 87 2.24 0
10:46 755.14 .78 87 2.24 0
10:47 755.14 .72 87 2.24 0
10:48 755.14 .78 87 1.34 0
10:49 755.14 .78 87 3.13 0
10:50 755.14 .78 87 1.79 0
10:51 755.14 .78 87 4.02 0
10:52 755.14 .78 87 2.24 0
10:53 755.14 .78 87 1.79 0
10:54 755.14 .78 87 3.58 0
10:55 755.14 .78 87 4.02 0
10:56 755.14 .78 87 3.58 0
10:57 755.14 .78 87 3.58 0
10:58 755.14 .78 87 3.58 0
10:59 755.14 .83 87 2.68 0
11:00 755.14 .83 87 1.34 0
11:01 755.14 .83 87 .89 0
11:02 755.14 .83 87 2.24 0
11:03 755.14 .83 87 4.92 0
11:04 755.14 .83 87 4.02 0
11:05 755.4 .83 87 3.58 0
11:06 755.14 .83 87 4.92 0
11:07 755.4 .83 87 1.79 0
11:08 755.14 .83 87 6.26 0
11:09 755.14 .83 87 1.79 0
11:10 755.4 .83 87 2.24 0
11:11 755.4 .89 87 2.24 0
11:12 755.4 .83 87 5.36 0
11:13 755.4 .83 87 3.58 0
11:14 755.4 .83 87 3.58 0
11:15 755.4 .83 87 3.58 0
11:16 755.4 .83 87 3.58 0
11:17 755.4 .83 87 1.79 0
11:18 755.4 .83 87 2.24 0
11:19 755.4 .83 87 3.13 0
11:20 755.4 .83 87 3.13 0
11:21 755.4 .83 87 3.13 0
11:22 755.4 .89 87 4.02 0
11:23 755.4 .83 87 3.13 0
11:24 755.4 .83 87 4.02 0
11:25 755.4 .83 87 4.02 0
11:26 755.4 .83 87 2.24 0
11:27 755.4 .83 87 1.34 0
11:28 755.4 .83 87 4.92 0
11:29 755.4 .83 87 4.92 0
11:30 755.4 .83 87 5.36 0
11:31 755.4 .83 87 4.02 0
11:32 755.4 .83 87 5.36 0
11:33 755.4 .83 87 2.68 0
11:34 755.4 .83 87 3.58 0
11:35 755.4 .89 87 3.58 0
11:36 755.4 .89 87 1.34 0
11:37 755.4 .89 87 1.34 0
11:38 755.4 .89 87 3.58 0
11:39 755.4 .89 87 4.02 0
11:40 755.4 .89 87 3.13 0
11:41 755.4 .89 87 3.58 0
11:42 755.4 .89 87 4.02 0
11:43 755.4 .89 87 2.68 0
11:44 755.4 .89 87 2.68 0
11:45 755.4 .89 87 4.02 0
11:46 755.4 .89 87 2.68 0
11:47 755.4 .89 87 1.34 0
11:48 755.4 .89 87 4.02 0
11:49 755.4 .89 87 4.02 0
11:50 755.4 .94 87 2.24 0
11:51 755.4 .94 87 4.02 0
11:52 755.4 .94 87 2.24 0
11:53 755.4 .94 87 4.47 0
11:54 755.4 .94 87 4.92 0
11:55 755.4 .94 87 4.02 0
11:56 755.4 .94 87 2.24 0
11:57 755.4 .94 87 2.24 0
11:58 755.4 .94 87 1.79 0
11:59 755.4 .94 87 3.58 0
12:00 755.4 .94 87 5.81 0
12:01 755.4 .94 87 4.02 0
12:02 755.4 .94 87 5.36 0
12:03 755.4 .94 87 2.24 0
12:04 755.4 .94 87 3.58 0
12:05 755.4 .94 87 3.58 0
12:06 755.4 .94 87 4.47 0
12:07 755.4 .94 87 2.24 0
12:08 755.4 .94 87 2.68 0
12:09 755.4 1 87 1.79 0
12:10 755.4 1 87 3.58 0
12:11 755.4 1 87 5.81 0
12:12 755.4 1 87 4.92 0
12:13 755.14 1 87 4.02 0
12:14 755.4 1 87 3.13 0
12:15 755.4 1.06 87 5.36 0
12:16 755.4 1.06 87 4.47 0
12:17 755.14 1.06 87 2.24 0
12:18 755.4 1.06 87 5.81 0
12:19 755.14 1.06 87 4.02 0
12:20 755.4 1.06 87 3.58 0
12:21 755.4 1.06 87 4.02 0
12:22 755.4 1.06 87 5.36 0
12:23 755.4 1.06 87 3.13 0
12:24 755.4 1.06 87 2.68 0
12:25 755.4 1.11 87 2.24 0
12:26 755.4 1.11 87 3.58 0
12:27 755.14 1.06 87 4.47 0
12:28 755.4 1.11 87 4.47 0
12:29 755.14 1.11 86 3.58 0
12:30 755.4 1.11 86 1.34 0
12:31 755.14 1.11 86 4.02 0
12:32 755.14 1.11 86 3.13 0
12:33 755.14 1.11 86 4.02 0
12:34 755.14 1.11 86 4.02 0
12:35 755.14 1.11 86 4.47 0
12:36 755.14 1.11 87 2.24 0
12:37 755.14 1.11 86 2.24 0
12:38 755.14 1.11 87 4.47 0
12:39 755.4 1.11 86 4.47 0
12:40 755.4 1.11 86 4.92 0
12:41 755.4 1.11 86 4.02 0
12:42 755.4 1.11 86 4.92 0
12:43 755.4 1.06 86 4.92 0
12:44 755.14 1.06 86 2.68 0
12:45 755.4 1.06 86 2.68 0
12:46 755.4 1.06 86 5.81 0
12:47 755.4 1.06 86 5.81 0
12:48 755.4 1.06 86 1.79 0
12:49 755.4 1.11 86 4.92 0
12:50 755.4 1.06 86 5.36 0
12:51 755.4 1.06 86 4.47 0
12:52 755.4 1.06 86 3.13 0
12:53 755.4 1.06 86 4.47 0
12:54 755.4 1.06 87 5.36 0
12:55 755.4 1.06 86 5.36 0
12:56 755.4 1.06 86 4.92 0
12:57 755.4 1.06 87 4.47 0
12:58 755.4 1.06 87 5.81 0
12:59 755.4 1.06 86 2.68 0
13:00 755.4 1.06 86 4.02 0
13:01 755.4 1.06 86 4.02 0
13:02 755.4 1.06 86 4.47 0
13:03 755.4 1.06 86 2.24 0
13:04 755.4 1.06 86 5.36 0
13:05 755.4 1.06 86 4.02 0
13:06 755.4 1.06 86 5.81 0
13:07 755.4 1.06 87 3.58 1.02
13:08 755.4 1.06 87 4.47 1.02
13:09 755.4 1.06 87 4.02 1.02
13:10 755.4 1.06 87 4.47 1.02
13:11 755.4 1.06 87 3.58 1.02
13:12 755.4 1.06 87 4.02 1.02
13:13 755.4 1.06 87 2.24 1.02
13:14 755.4 1.06 87 2.24 1.02
13:15 755.4 1 87 5.36 1.02
13:16 755.4 1 87 4.92 1.02
13:17 755.14 1 87 4.47 1.02
13:18 755.4 1.06 87 4.02 1.02
13:19 755.4 1.06 87 2.68 1.02
13:20 755.14 1.06 87 3.58 1.02
13:21 755.14 1.06 87 2.24 1.02
13:22 755.14 1 87 4.92 1.02
13:23 755.14 1.06 87 3.58 1.02
13:24 755.14 1.06 87 3.58 0
13:25 755.14 1.06 87 4.47 0
13:26 755.14 1.06 87 4.92 0
13:27 755.14 1.06 87 3.58 0
13:28 755.14 1.06 87 2.24 0
13:29 755.14 1.06 87 3.13 0
13:30 755.14 1.06 87 3.58 0
13:31 755.14 1.06 87 4.02 0
13:32 755.14 1.06 87 2.24 0
13:33 755.14 1.06 87 4.47 0
13:34 755.14 1.11 87 4.47 1.78
13:35 755.14 1.06 87 3.58 1.78
13:36 755.14 1.11 87 4.02 1.78
13:37 755.14 1.06 86 4.47 1.78
13:38 755.14 1.06 87 4.02 1.78
13:39 755.14 1.11 87 3.58 1.78
13:40 755.14 1.11 87 2.68 1.78
13:41 755.14 1.11 87 5.36 1.78
13:42 755.14 1.06 87 2.24 1.78
13:43 755.14 1.06 87 1.79 1.78
13:44 755.14 1.11 87 1.34 1.78
13:45 755.14 1.11 87 2.24 1.78
13:46 755.14 1.11 87 4.47 1.78
13:47 755.14 1.11 87 3.58 1.78
13:48 755.14 1.06 87 1.79 1.78
13:49 755.4 1.11 87 4.02 1.78
13:50 755.4 1.11 87 4.02 1.78
13:51 755.4 1.11 87 3.58 1.52
13:52 755.4 1.11 87 2.68 1.52
13:53 755.4 1.11 87 4.02 1.52
13:54 755.4 1.06 87 4.47 1.52
13:55 755.4 1.06 87 2.68 1.52
13:56 755.4 1.11 87 3.13 1.52
13:57 755.4 1.11 87 4.92 1.52
13:58 755.4 1.06 87 3.58 1.52
13:59 755.4 1.06 87 1.79 1.52
14:00 755.4 1.06 87 4.92 1.52
14:01 755.4 1.06 87 4.02 1.52
14:02 755.4 1.06 87 2.24 1.52
14:03 755.4 1.06 87 4.47 1.27
14:04 755.4 1.06 87 1.79 1.27
14:05 755.4 1.06 87 3.58 1.27
14:06 755.4 1.06 87 4.92 1.27
14:07 755.4 1.06 87 4.02 1.27
14:08 755.4 1.06 87 3.58 1.27
14:09 755.4 1.11 87 4.02 1.27
14:10 755.4 1.06 87 3.58 1.27
14:11 755.4 1.06 87 1.79 1.27
14:12 755.4 1.06 87 4.02 1.27
14:13 755.4 1.11 87 3.58 1.27
14:14 755.4 1.06 87 3.58 1.27
14:15 755.4 1.06 87 4.47 1.27
14:16 755.65 1.06 87 3.58 1.27
14:17 755.4 1.11 87 5.36 1.27
14:18 755.65 1.06 87 2.24 1.02
14:19 755.4 1.06 87 3.58 1.02
14:20 755.65 1.06 87 4.02 1.02
14:21 755.65 1.06 87 4.47 1.02
14:22 755.4 1.06 87 2.24 0
14:23 755.4 1.06 87 2.68 0
14:24 755.4 1.06 87 3.58 0
14:25 755.4 1.06 87 5.36 0
14:26 755.4 1.06 87 1.79 0
14:27 755.65 1.06 87 3.58 0
14:28 755.65 1.06 87 4.02 0
14:29 755.65 1.06 87 5.36 0
14:30 755.65 1.06 87 5.36 0
14:31 755.65 1.06 87 2.68 0
14:32 755.65 1.06 87 2.24 0
14:33 755.65 1.06 87 3.58 0
14:34 755.4 1.11 87 4.47 0
14:35 755.4 1.06 87 2.24 0
14:36 755.65 1.06 87 3.58 0
14:37 755.65 1.06 87 2.68 0
14:38 755.65 1.06 87 2.24 0
14:39 755.65 1.06 87 2.68 0
14:40 755.65 1.06 87 3.58 0
14:41 755.65 1.06 87 2.68 0
14:42 755.65 1.06 87 2.24 0
14:43 755.65 1.06 87 4.92 0
14:44 755.65 1.06 87 4.47 0
14:45 755.65 1.06 87 2.24 0
14:46 755.65 1.06 87 2.24 0
14:47 755.65 1.06 87 4.02 0
14:48 755.65 1.06 87 2.24 0
14:49 755.65 1.11 87 1.79 0
14:50 755.65 1.11 87 1.79 0
14:51 755.65 1.11 87 2.24 0
14:52 755.65 1.06 87 2.68 0
14:53 755.65 1.11 87 3.58 0
14:54 755.65 1.06 87 2.68 0
14:55 755.65 1.11 87 2.24 0
14:56 755.65 1.06 87 4.02 0
14:57 755.65 1.06 87 1.79 0
14:58 755.65 1.06 87 1.34 0
14:59 755.65 1.06 87 2.68 0
15:00 755.65 1.11 87 2.68 0
15:01 755.9 1.06 87 2.68 0
15:02 755.9 1.06 87 2.24 0
15:03 755.9 1.06 87 3.58 1.02
15:04 755.65 1.06 87 2.24 1.02
15:05 755.9 1.06 87 1.34 1.02
15:06 755.9 1.06 87 4.47 1.02
15:07 755.9 1 87 6.26 1.02
15:08 755.9 1 87 3.58 1.02
15:09 755.9 1 87 5.36 1.02
15:10 755.9 1 87 3.13 1.02
15:11 755.9 .94 87 2.68 1.02
15:12 755.65 1 87 2.24 1.02
15:13 755.65 .94 87 4.92 1.02
15:14 755.65 .94 87 1.79 1.02
15:15 755.65 .94 87 2.68 1.02
15:16 755.65 .94 87 3.58 1.02
15:17 755.65 .94 87 3.58 1.02
15:18 755.65 .94 87 2.24 1.02
15:19 755.65 .94 87 2.24 1.02
15:20 755.9 .94 87 2.24 0
15:21 755.9 .94 87 2.68 0
15:22 755.9 .94 87 2.24 0
15:23 755.9 .94 87 2.68 0
15:24 755.9 .94 87 2.24 0
15:25 755.9 .94 87 1.79 0
15:26 755.9 .94 87 2.68 0
15:27 755.9 .94 87 2.68 0
15:28 755.9 .94 87 2.24 0
15:29 755.9 .94 87 1.79 0
15:30 755.9 .94 87 1.79 0
15:31 755.9 .94 87 1.79 0
15:32 755.9 .94 87 1.79 0
15:33 755.9 .94 87 2.24 0
15:34 755.9 .94 87 3.13 0
15:35 755.9 .94 87 1.79 0
15:36 755.9 .94 87 2.68 0
15:37 755.9 .94 87 2.68 0
15:38 755.9 .94 87 4.02 0
15:39 755.9 .94 87 1.79 0
15:40 755.9 .94 87 1.34 0
15:41 755.9 .94 87 2.24 0
15:42 755.9 .94 87 2.68 0
15:43 755.9 .94 87 4.02 0
15:44 755.9 .94 87 2.68 0
15:45 755.9 .94 87 2.68 0
15:46 755.9 .94 87 4.47 0
15:47 755.9 .94 87 2.24 0
15:48 755.9 .94 87 3.58 0
15:49 755.9 .94 87 4.02 0
15:50 755.9 .94 87 3.58 0
15:51 755.9 .89 87 4.92 0
15:52 755.9 .89 87 4.02 0
15:53 755.9 .89 87 5.36 0
15:54 755.9 .94 87 1.34 0
15:55 755.9 .94 87 2.68 0
15:56 755.9 .94 87 1.79 0
15:57 755.9 .89 87 3.13 0
15:58 755.9 .89 87 2.68 0
15:59 755.9 .89 87 2.68 0
16:00 755.9 .89 87 4.02 0
16:01 755.9 .89 87 3.58 0
16:02 755.9 .89 87 2.24 0
16:03 755.9 .89 87 2.68 0
16:04 755.9 .89 87 3.13 0
16:05 755.9 .83 87 2.24 0
16:06 755.9 .89 87 1.79 0
16:07 755.9 .83 87 1.34 0
16:08 756.16 .83 87 1.34 0
16:09 756.16 .83 87 1.79 0
16:10 756.16 .89 87 2.24 0
16:11 756.16 .89 87 2.24 0
16:12 756.16 .83 87 2.24 0
16:13 756.16 .83 87 4.47 0
16:14 756.16 .83 87 3.13 0
16:15 756.16 .83 87 2.68 0
16:16 756.16 .83 87 2.24 0
16:17 756.16 .83 87 4.47 0
16:18 755.9 .83 87 2.24 0
16:19 756.16 .83 87 2.24 0
16:20 756.16 .83 87 4.02 0
16:21 756.16 .83 87 1.34 0
16:22 756.16 .83 87 2.24 0
16:23 756.16 .83 87 1.34 0
16:24 756.16 .83 87 4.47 0
16:25 756.16 .78 87 2.24 0
16:26 756.16 .83 87 3.58 0
16:27 756.16 .78 87 2.24 0
16:28 756.16 .78 87 1.34 0
16:29 756.16 .78 87 2.68 0
16:30 756.16 .78 87 3.58 0
16:31 756.16 .78 87 4.02 0
16:32 756.16 .78 87 2.24 0
16:33 756.16 .78 87 1.79 0
16:34 756.16 .78 87 1.79 0
16:35 756.16 .78 87 1.79 0
16:36 756.16 .78 87 2.24 0
16:37 756.16 .78 87 1.79 0
16:38 756.16 .78 87 4.02 0
16:39 756.16 .78 87 4.92 0
16:40 756.16 .78 87 3.58 0
16:41 756.16 .78 87 4.47 0
16:42 756.16 .78 87 4.47 0
16:43 756.16 .78 87 2.24 0
16:44 756.16 .78 87 1.34 0
16:45 756.16 .78 87 1.79 0
16:46 756.16 .78 87 2.24 0
16:47 756.16 .78 87 1.79 0
16:48 756.16 .78 87 0 0
16:49 756.16 .72 87 1.34 0
16:50 756.16 .78 87 1.34 0
16:51 756.16 .78 87 1.79 0
16:52 756.16 .78 87 1.34 0
16:53 756.16 .72 87 .89 0
16:54 756.16 .78 87 4.02 0
16:55 756.16 .72 87 3.58 0
16:56 756.16 .78 87 4.02 0
16:57 756.16 .72 87 4.02 0
16:58 756.16 .72 87 3.13 0
16:59 756.16 .72 87 2.68 0
17:00 756.16 .72 87 2.68 0
17:01 756.16 .72 87 4.02 0
17:02 756.16 .72 87 3.58 0
17:03 756.16 .72 87 3.58 0
17:04 756.16 .72 87 2.24 0
17:05 756.16 .72 88 4.02 0
17:06 756.16 .67 87 1.34 0
17:07 756.16 .72 88 1.34 0
17:08 756.16 .67 88 2.24 0
17:09 756.16 .67 88 .89 0
17:10 756.16 .72 88 2.24 0
17:11 756.16 .67 87 3.58 0
17:12 756.16 .67 88 1.34 0
17:13 756.16 .67 88 3.58 0
17:14 756.16 .67 88 1.79 0
17:15 756.16 .67 87 .89 0
17:16 756.16 .67 88 2.68 0
17:17 756.16 .67 87 .89 0
17:18 756.41 .67 87 .89 0
17:19 756.41 .67 87 .89 0
17:20 756.41 .67 87 1.79 0
17:21 756.41 .67 87 1.79 0
17:22 756.41 .61 87 1.34 0
17:23 756.41 .67 88 .89 0
17:24 756.41 .67 87 1.34 0
17:25 756.41 .67 88 1.34 0
17:26 756.41 .61 88 1.34 0
17:27 756.41 .61 88 1.79 0
17:28 756.41 .61 88 1.79 0
17:29 756.41 .61 88 1.34 0
17:30 756.41 .56 88 2.68 0
17:31 756.41 .61 88 1.79 0
17:32 756.41 .61 88 1.34 0
17:33 756.41 .56 88 2.68 0
17:34 756.41 .56 88 1.79 0
17:35 756.41 .56 88 2.24 0
17:36 756.41 .56 88 2.24 0
17:37 756.41 .56 88 1.79 0
17:38 756.41 .56 88 2.68 0
17:39 756.41 .5 88 2.24 0
17:40 756.41 .5 88 1.79 0
17:41 756.67 .5 88 3.58 0
17:42 756.67 .5 88 2.24 0
17:43 756.67 .56 88 1.34 0
17:44 756.67 .5 88 1.34 0
17:45 756.67 .5 88 2.68 0
17:46 756.67 .5 88 1.34 0
17:47 756.67 .5 88 1.34 0
17:48 756.67 .5 88 1.34 0
17:49 756.67 .5 88 .89 0
17:50 756.67 .5 88 .89 0
17:51 756.67 .5 88 1.34 0
17:52 756.67 .5 88 1.34 0
17:53 756.67 .44 88 .45 0
17:54 756.67 .44 88 1.34 0
17:55 756.67 .44 88 1.79 0
17:56 756.67 .44 88 1.34 0
17:57 756.67 .44 88 1.34 0
17:58 756.67 .44 88 1.79 0
17:59 756.67 .44 88 1.79 0
18:00 756.67 .44 88 1.79 0
18:01 756.67 .39 88 1.79 0
18:02 756.67 .44 88 3.58 0
18:03 756.67 .39 88 2.24 0
18:04 756.67 .39 88 1.34 0
18:05 756.67 .39 88 1.34 0
18:06 756.67 .39 88 2.24 0
18:07 756.67 .39 88 1.79 0
18:08 756.67 .39 88 2.68 0
18:09 756.67 .39 88 2.24 0
18:10 756.67 .39 88 2.68 0
18:11 756.67 .39 89 1.34 0
18:12 756.67 .39 89 1.34 0
18:13 756.67 .39 89 1.79 0
18:14 756.67 .39 88 1.79 0
18:15 756.67 .39 89 2.24 0
18:16 756.67 .39 89 2.24 0
18:17 756.67 .39 88 2.24 0
18:18 756.67 .39 89 1.34 0
18:19 756.67 .39 89 1.79 0
18:20 756.67 .39 89 2.24 0
18:21 756.67 .39 89 2.68 0
18:22 756.67 .39 89 2.24 0
18:23 756.67 .39 89 2.24 0
18:24 756.67 .39 89 2.24 0
18:25 756.67 .39 89 1.79 0
18:26 756.67 .39 89 1.34 0
18:27 756.67 .39 89 1.79 0
18:28 756.67 .39 89 .89 0
18:29 756.67 .39 89 1.34 0
18:30 756.67 .39 89 2.68 0
18:31 756.92 .39 89 .89 0
18:32 756.67 .39 89 .89 0
18:33 756.67 .33 89 1.79 0
18:34 756.67 .39 89 1.34 0
18:35 756.92 .33 89 1.79 0
18:36 756.92 .33 89 1.79 0
18:37 756.67 .33 89 1.34 0
18:38 756.92 .33 89 2.68 0
18:39 756.92 .33 89 .89 0
18:40 756.92 .33 89 1.79 0
18:41 756.92 .33 89 1.34 0
18:42 756.92 .33 89 .89 0
18:43 756.92 .33 89 1.79 0
18:44 756.67 .33 89 1.79 0
18:45 756.92 .33 89 1.79 0
18:46 756.67 .33 89 1.34 0
18:47 756.67 .33 89 2.24 0
18:48 756.92 .33 89 1.79 0
18:49 756.67 .33 89 1.79 0
18:50 756.92 .33 89 2.68 0
18:51 756.92 .33 89 1.79 0
18:52 756.92 .33 89 1.79 0
18:53 756.92 .33 89 1.34 0
18:54 756.92 .33 89 1.79 0
18:55 756.92 .28 89 1.79 0
18:56 756.92 .33 89 .89 0
18:57 756.92 .33 89 .89 0
18:58 756.92 .28 89 1.79 0
18:59 756.92 .28 89 .89 0
19:00 756.92 .28 89 1.34 0
19:01 756.92 .28 89 .89 0
19:02 756.92 .28 89 1.34 0
19:03 756.92 .28 89 .89 0
19:04 756.92 .28 89 .89 0
19:05 756.92 .33 89 .89 0
19:06 756.92 .28 89 1.79 0
19:07 756.92 .28 89 1.79 0
19:08 756.92 .28 89 .89 0
19:09 756.92 .28 89 2.24 0
19:10 756.92 .28 89 1.34 0
19:11 756.92 .28 89 .89 0
19:12 756.92 .28 89 .89 0
19:13 756.92 .28 89 3.13 0
19:14 756.92 .28 89 1.34 0
19:15 756.92 .22 89 .89 0
19:16 756.92 .22 89 .89 0
19:17 756.92 .22 89 .89 0
19:18 756.92 .22 89 1.34 0
19:19 756.92 .22 89 .89 0
19:20 756.92 .22 89 .89 0
19:21 756.92 .22 89 1.34 0
19:22 756.92 .22 89 1.34 0
19:23 756.92 .22 89 .45 0
19:24 756.92 .17 89 1.34 0
19:25 756.92 .22 89 .89 0
19:26 756.92 .22 89 .89 0
19:27 756.92 .22 89 .89 0
19:28 756.92 .17 89 1.34 0
19:29 756.92 .17 89 1.34 0
19:30 756.92 .17 89 .89 0
19:31 756.92 .17 89 .45 0
19:32 756.92 .17 89 1.34 0
19:33 756.92 .17 89 .89 0
19:34 756.92 .17 89 1.79 0
19:35 756.92 .17 89 1.34 0
19:36 756.92 .11 89 1.34 0
19:37 757.43 1802.61 255 113.99 16645.89
19:38 756.92 .11 89 1.34 0
19:39 756.92 .11 89 1.79 0
19:40 756.92 .11 89 1.34 0
19:41 756.92 .11 89 .89 0
19:42 756.92 .06 89 .89 0
19:43 757.43 1802.61 255 113.99 16645.89
19:44 756.92 .06 89 1.34 0
19:45 756.92 .06 89 .89 0
19:46 756.92 .06 89 1.34 0
19:47 756.92 .06 89 1.79 0
19:48 756.92 .06 89 .89 0
19:49 756.92 .06 89 1.34 0
19:50 757.43 1802.61 255 113.99 16645.89
19:51 756.92 .06 89 .89 0
19:52 756.92 .06 89 1.79 0
19:53 756.92 .06 89 1.34 0
19:54 756.92 .06 89 1.79 0
19:56 757.43 1802.61 255 113.99 16645.89
19:57 756.92 0 89 1.79 0
19:58 756.92 .06 89 3.58 0
19:59 756.92 .06 89 2.68 0
20:00 756.92 .06 89 1.79 0
20:01 756.92 0 89 1.34 0
20:02 756.92 0 89 1.79 0
20:03 756.92 .06 89 1.34 0
20:04 756.92 0 89 1.34 0
20:05 756.92 0 89 1.79 0
20:06 756.92 0 90 1.79 0
20:07 756.92 0 90 .89 0
20:08 756.92 -.06 90 1.34 0
20:09 757.43 1802.61 255 113.99 16645.89
20:10 756.92 0 90 1.34 0
20:11 756.92 -.06 90 1.34 0
20:12 756.92 0 90 .45 0
20:13 757.43 1802.61 255 113.99 16645.89
20:14 756.92 -.06 90 .89 0
20:15 756.92 -.06 90 1.34 0
20:16 757.43 1802.61 255 113.99 16645.89
20:17 756.92 -.06 90 .45 0
20:18 757.68 1802.61 255 113.99 16645.89
20:19 756.92 -.06 90 1.34 0
20:20 756.92 -.06 89 .45 0
20:21 756.92 -.06 89 .89 0
20:22 756.92 -.06 89 .45 0
20:23 757.68 1802.61 255 113.99 16645.89
20:24 756.92 -.06 90 .89 0
20:25 756.92 -.11 89 .89 0
20:26 757.68 1802.61 255 113.99 16645.89
20:27 756.92 -.11 89 .89 0
20:28 756.92 -.11 90 .89 0
20:29 756.92 -.11 90 .89 0
20:30 757.68 1802.61 255 113.99 16645.89
20:31 757.68 1802.61 255 113.99 16645.89
20:32 756.92 -.11 90 .89 0
20:33 756.92 -.17 90 1.34 0
20:34 756.92 -.17 90 .89 0
20:35 757.43 1802.61 255 113.99 16645.89
20:36 756.92 -.17 90 1.34 0
20:37 757.43 1802.61 255 113.99 16645.89
20:38 756.92 -.17 90 .89 0
20:39 757.43 1802.61 255 113.99 16645.89
20:40 756.92 -.22 90 .89 0
20:41 756.92 -.22 90 1.34 0
20:42 757.43 1802.61 255 113.99 16645.89
20:43 756.92 -.22 90 .89 0
20:45 757.43 1802.61 255 113.99 16645.89
20:46 756.92 -.28 90 1.34 0
20:47 756.92 -.28 90 1.34 0
20:48 757.43 1802.61 255 113.99 16645.89
20:49 756.92 -.28 90 1.79 0
20:50 756.92 -.28 90 1.79 0
20:51 756.92 -.28 90 1.79 0
20:52 756.92 -.28 90 1.79 0
20:53 756.92 -.28 90 1.34 0
20:54 756.92 -.28 90 .89 0
20:55 756.92 -.28 90 1.34 0
20:56 756.92 -.33 90 1.79 0
20:57 756.92 -.33 90 1.79 0
20:58 756.92 -.33 90 1.79 0
20:59 756.92 -.33 90 1.34 0
21:00 756.92 -.33 90 1.79 0
21:01 756.92 -.33 90 1.34 0
21:02 756.92 -.33 90 1.34 0
21:03 756.92 -.33 90 1.34 0
21:04 756.92 -.33 90 1.79 0
21:05 756.92 -.39 90 1.79 0
21:06 756.92 -.33 90 .89 0
21:07 756.92 -.39 90 1.79 0
21:08 756.92 -.33 90 1.34 0
21:09 756.92 -.39 90 1.79 0
21:10 757.43 1802.61 255 113.99 16645.89
21:11 757.43 1802.61 255 113.99 16645.89
21:12 756.92 -.39 90 1.79 0
21:13 756.92 -.39 90 1.34 0
21:14 756.92 -.39 90 .89 0
21:15 756.92 -.44 90 .89 0
21:16 756.92 -.39 90 1.34 0
21:17 756.67 -.39 90 1.34 0
21:18 756.92 -.44 90 1.34 0
21:19 756.92 -.44 90 1.34 0
21:20 756.92 -.44 90 .89 0
21:21 756.92 -.5 90 1.79 0
21:22 756.92 -.5 90 1.79 0
21:23 756.92 -.5 90 1.34 0
21:24 756.92 -.44 90 1.34 0
21:25 756.92 -.44 90 1.34 0
21:26 756.92 -.5 90 1.79 0
21:27 756.92 -.44 90 1.34 0
21:28 756.92 -.44 90 2.24 0
21:29 756.67 -.5 91 1.79 0
21:30 756.92 -.5 91 2.24 0
21:31 756.92 -.5 91 1.34 0
21:32 756.92 -.5 91 1.79 0
21:33 756.92 -.5 91 1.34 0
21:34 756.92 -.56 91 1.79 0
21:35 756.92 -.56 91 .89 0
21:36 756.92 -.56 91 1.79 0
21:37 756.92 -.56 91 1.79 0
21:38 756.92 -.56 91 1.79 0
21:39 756.92 -.56 91 1.79 0
21:40 756.92 -.61 91 1.79 0
21:41 756.67 -.56 91 2.24 0
21:42 756.92 -.56 91 2.24 0
21:43 756.92 -.56 91 2.24 0
21:44 756.67 -.56 91 .89 0
21:45 756.67 -.56 91 1.34 0
21:46 756.67 -.56 91 1.34 0
21:47 756.67 -.56 91 1.34 0
21:48 756.67 -.61 91 1.34 0
21:49 756.67 -.61 91 .89 0
21:50 756.67 -.61 91 1.34 0
21:51 756.67 -.61 91 1.34 0
21:52 756.67 -.61 91 1.79 0
21:53 756.67 -.61 91 1.34 0
21:54 756.67 -.61 91 1.34 0
21:55 756.67 -.56 91 1.79 0
21:56 756.67 -.61 91 1.79 0
21:57 756.67 -.56 91 .89 0
21:58 756.67 -.61 91 1.79 0
21:59 756.67 -.61 91 1.34 0
22:00 756.67 -.61 91 .89 0
22:01 756.67 -.67 91 1.79 0
22:02 756.92 -.67 91 1.34 0
22:03 756.67 -.67 91 .89 0
22:04 756.92 -.67 91 1.34 0
22:05 756.92 -.67 91 1.34 0
22:06 756.92 -.67 91 .89 0
22:07 756.92 -.72 91 1.34 0
22:08 756.92 -.72 91 .89 0
22:09 756.92 -.72 91 1.79 0
22:10 756.67 -.72 91 1.34 0
22:11 756.67 -.72 91 1.34 0
22:12 756.67 -.72 91 .89 0
22:13 756.67 -.78 91 1.79 0
22:14 756.67 -.78 91 .89 0
22:15 756.67 -.78 91 1.34 0
22:16 756.67 -.78 91 .89 0
22:17 756.67 -.78 91 1.34 0
22:18 756.67 -.78 91 1.79 0
22:19 756.67 -.78 91 1.34 0
22:20 756.67 -.78 91 1.34 0
22:21 756.67 -.78 91 .89 0
22:22 756.67 -.78 91 .89 0
22:23 756.67 -.78 91 1.34 0
22:24 756.67 -.83 91 1.79 0
22:25 756.67 -.83 91 1.34 0
22:26 756.67 -.78 91 1.34 0
22:27 756.67 -.78 91 1.34 0
22:28 756.92 -.78 91 1.34 0
22:29 756.67 -.83 91 1.34 0
22:30 756.67 -.83 91 .89 0
22:31 756.67 -.83 91 3.13 0
22:32 756.67 -.78 91 .89 0
22:33 756.67 -.78 91 .89 0
22:34 756.67 -.83 91 1.34 0
22:35 756.92 -.83 91 .89 0
22:36 756.92 -.83 91 .89 0
22:37 756.92 -.83 91 1.34 0
22:38 756.92 -.83 91 1.34 0
22:39 756.92 -.83 91 .89 0
22:40 756.92 -.83 91 1.79 0
22:41 756.92 -.83 91 1.79 0
22:42 756.92 -.83 91 1.34 0
22:43 756.92 -.83 91 1.79 0
22:44 756.92 -.83 91 2.24 0
22:45 756.92 -.78 92 1.79 0
22:46 756.92 -.83 92 1.34 0
22:47 756.92 -.78 92 2.24 0
22:48 756.92 -.83 92 1.34 0
22:49 756.92 -.78 92 .89 0
22:50 756.92 -.78 92 1.34 0
22:51 756.92 -.83 91 1.79 0
22:52 756.92 -.78 92 1.79 0
22:53 756.92 -.78 92 4.02 0
22:54 756.92 -.72 92 1.79 0
22:55 756.92 -.72 92 2.24 0
22:56 756.92 -.72 92 2.68 0
22:57 756.92 -.67 92 .89 0
22:58 756.92 -.67 92 3.58 0
22:59 756.92 -.67 92 3.58 0
23:00 756.92 -.67 92 2.24 0
23:01 756.92 -.61 92 1.79 0
23:02 756.92 -.67 92 2.24 0
23:03 756.92 -.67 92 2.24 0
23:04 756.92 -.67 92 2.68 0
23:05 756.92 -.67 92 3.13 0
23:06 756.92 -.67 92 1.79 0
23:07 756.92 -.67 92 4.02 0
23:08 756.92 -.61 92 3.58 0
23:09 756.92 -.61 92 2.24 0
23:10 756.92 -.61 92 2.24 0
23:11 756.92 -.61 92 2.24 0
23:12 756.92 -.61 92 2.68 0
23:13 756.92 -.61 92 1.34 0
23:14 756.92 -.61 92 2.68 0
23:15 756.92 -.61 92 2.24 0
23:16 756.92 -.67 92 2.24 0
23:17 756.92 -.61 92 3.13 0
23:18 756.92 -.61 92 2.24 0
23:19 756.92 -.61 92 2.68 0
23:20 756.92 -.61 92 2.68 0
23:21 756.92 -.67 92 4.02 0
23:22 756.92 -.61 92 4.47 0
23:23 756.92 -.61 92 4.02 0
23:24 756.92 -.61 92 3.58 0
23:25 756.92 -.61 92 1.79 0
23:26 756.92 -.61 92 1.34 0
23:27 756.92 -.56 92 1.79 0
23:28 756.92 -.61 92 2.68 0
23:29 756.92 -.67 92 2.68 0
23:30 756.92 -.61 92 1.79 0
23:31 756.92 -.61 92 2.68 0
23:32 756.92 -.61 92 4.02 0
23:33 756.92 -.61 92 2.68 0
23:34 756.92 -.61 92 4.02 0
23:35 756.92 -.56 92 3.58 0
23:36 756.92 -.56 92 2.24 0
23:37 756.92 -.61 92 1.34 0
23:38 756.92 -.61 92 1.34 0
23:39 756.92 -.56 92 1.34 0
23:40 756.92 -.56 92 1.79 0
23:41 756.92 -.56 92 3.13 0
23:42 756.92 -.56 92 4.47 0
23:43 756.92 -.56 92 2.24 0
23:44 756.92 -.56 92 1.34 0
23:45 756.92 -.56 92 1.79 0
23:46 756.92 -.56 92 2.68 0
23:47 756.92 -.56 92 2.24 0
23:48 756.92 -.56 92 1.34 0
23:49 756.92 -.56 92 1.79 0
23:50 756.92 -.56 92 1.79 0
23:51 756.92 -.56 92 1.79 0
23:52 756.92 -.56 92 2.24 0
23:53 756.92 -.61 92 1.34 0
23:54 756.92 -.61 92 1.34 0
23:55 756.92 -.56 92 2.68 0
23:56 756.67 -.56 92 1.34 0
23:57 756.92 -.56 92 1.34 0
23:58 756.92 -.56 92 2.24 0
23:59 756.92 -.61 92 2.24 0
