00:00 731.27 9.94 92 4.02 1.52
00:01 731.27 10.06 92 2.68 1.52
00:02 731.27 10.06 92 7.6 1.52
00:03 731.27 10.06 92 7.6 1.52
00:04 731.27 10.06 92 6.71 1.52
00:05 731.27 10.11 92 1.34 1.52
00:06 731.27 10.11 92 2.68 1.52
00:07 731.27 10.17 92 7.6 1.52
00:08 731.27 10.17 92 8.49 1.52
00:09 731.27 10.17 91 8.05 1.52
00:10 731.27 10.22 91 5.81 1.52
00:11 731.27 10.22 91 2.24 1.52
00:12 731.27 10.28 91 6.26 1.52
00:13 731.27 10.28 91 4.92 1.52
00:14 731.27 10.28 91 7.6 1.52
00:15 731.27 10.28 91 7.15 1.52
00:16 731.27 10.28 91 4.02 1.52
00:17 731.27 10.28 91 7.6 1.52
00:18 731.27 10.33 91 2.24 1.52
00:19 731.27 10.33 91 6.71 1.52
00:20 731.27 10.33 91 6.71 1.52
00:21 731.27 10.33 91 3.13 1.52
00:22 731.27 10.33 91 6.71 1.52
00:23 731.27 10.33 91 10.28 1.52
00:24 731.27 10.33 91 7.15 1.52
00:25 731.27 10.33 90 3.13 1.52
00:26 731.27 10.33 90 4.02 1.52
00:27 731.27 10.39 90 4.47 1.52
00:28 731.27 10.33 90 1.79 1.52
00:29 731.27 10.33 90 6.26 1.52
00:30 731.27 10.39 90 4.47 1.52
00:31 731.27 10.33 91 4.47 1.27
00:32 731.27 10.33 91 8.49 1.27
00:33 731.27 10.33 91 4.02 1.27
00:34 731.27 10.33 91 4.02 1.02
00:35 731.27 10.33 91 2.24 1.02
00:36 731.27 10.33 91 5.36 1.02
00:37 731.27 10.33 91 2.68 1.02
00:38 731.27 10.33 91 2.24 1.02
00:39 731.27 10.33 91 2.68 1.02
00:40 731.27 10.33 91 3.58 1.02
00:41 731.27 10.33 91 3.13 1.02
00:42 731.27 10.33 91 2.24 1.02
00:43 731.27 10.33 91 5.36 1.02
00:44 731.27 10.33 91 3.13 1.02
00:45 731.27 10.33 91 2.68 1.02
00:46 731.27 10.33 91 4.02 1.02
00:47 731.27 10.33 91 3.58 1.02
00:48 731.27 10.33 91 4.92 1.02
00:49 731.27 10.33 91 3.58 1.02
00:50 731.27 10.33 91 5.81 1.02
00:51 731.27 10.33 91 3.13 1.02
00:52 731.27 10.39 91 3.13 1.02
00:53 731.27 10.39 91 .89 1.02
00:54 731.01 10.39 91 4.47 1.02
00:55 731.27 10.39 91 4.92 1.02
00:56 731.01 10.39 91 7.15 1.02
00:57 731.01 10.39 91 2.68 1.02
00:58 731.01 10.39 90 4.47 1.02
00:59 731.01 10.39 90 3.13 1.02
01:00 731.01 10.39 90 2.68 1.02
01:01 731.01 10.39 90 5.36 1.02
01:02 731.01 10.39 90 3.58 1.02
01:03 731.01 10.44 90 3.58 1.02
01:04 731.01 10.44 90 2.68 1.02
01:05 731.01 10.44 90 3.58 1.02
01:06 731.01 10.44 90 3.58 1.02
01:07 731.01 10.44 90 3.13 0
01:08 731.01 10.39 90 3.13 0
01:09 731.01 10.39 90 3.58 0
01:10 731.01 10.39 90 3.13 0
01:11 731.01 10.39 90 3.58 0
01:12 731.01 10.39 90 3.58 0
01:13 731.01 10.39 90 4.47 0
01:14 731.01 10.39 90 4.92 0
01:15 731.01 10.39 90 4.47 0
01:16 731.01 10.39 90 2.68 0
01:17 731.01 10.44 90 5.36 0
01:18 731.01 10.39 90 1.79 0
01:19 731.01 10.39 90 5.81 0
01:20 731.01 10.39 89 4.92 0
01:21 731.01 10.33 89 2.68 0
01:22 730.76 10.33 89 4.47 0
01:23 730.76 10.28 89 4.92 0
01:24 731.01 10.28 89 5.81 0
01:25 731.01 10.28 89 .45 0
01:26 730.76 10.28 89 3.58 0
01:27 731.01 10.28 89 1.34 0
01:28 730.76 10.28 89 4.47 0
01:29 730.76 10.22 89 4.47 0
01:30 730.76 10.22 89 5.81 0
01:31 730.76 10.22 89 4.47 0
01:32 730.76 10.22 89 2.68 0
01:33 730.76 10.22 89 6.26 0
01:34 730.76 10.22 89 6.26 0
01:35 731.01 10.28 89 3.13 0
01:36 730.76 10.28 89 5.36 0
01:37 730.76 10.28 90 1.79 0
01:38 730.76 10.28 90 2.24 0
01:39 730.76 10.33 90 6.26 0
01:40 730.76 10.33 90 4.47 0
01:41 730.76 10.33 90 3.13 0
01:42 730.76 10.33 90 4.47 0
01:43 730.76 10.33 90 4.02 0
01:44 730.76 10.33 90 2.24 0
01:45 730.76 10.33 90 2.24 0
01:46 730.76 10.33 90 5.36 0
01:47 730.76 10.33 90 3.58 0
01:48 730.76 10.33 90 5.36 0
01:49 730.76 10.33 90 5.36 0
01:50 730.76 10.39 89 2.68 0
01:51 730.76 10.39 89 2.68 0
01:52 730.76 10.39 89 3.58 0
01:53 730.76 10.39 89 5.36 0
01:54 730.76 10.39 89 4.02 0
01:55 730.76 10.39 89 4.02 0
01:56 730.76 10.39 89 4.92 0
01:57 730.76 10.39 89 2.24 0
01:58 730.76 10.39 89 4.02 0
01:59 730.5 10.39 89 5.36 0
02:00 730.76 10.39 88 4.92 0
02:01 730.5 10.39 88 6.26 0
02:02 730.5 10.39 88 4.02 0
02:03 730.76 10.39 88 4.02 0
02:04 730.76 10.39 88 2.24 0
02:05 730.5 10.39 88 2.24 0
02:06 730.5 10.39 87 7.15 0
02:07 730.5 10.39 87 4.47 0
02:08 730.5 10.39 87 4.47 0
02:09 730.76 10.33 87 5.36 0
02:10 730.5 10.39 87 4.02 0
02:11 730.76 10.33 87 4.92 0
02:12 730.76 10.33 87 2.24 0
02:13 730.76 10.33 87 2.68 0
02:14 730.5 10.33 87 4.47 0
02:15 730.5 10.33 87 3.58 0
02:16 730.5 10.28 87 5.36 0
02:17 730.5 10.28 87 3.58 0
02:18 730.5 10.28 87 2.68 0
02:19 730.5 10.28 87 3.58 0
02:20 730.5 10.28 87 3.58 0
02:21 730.5 10.28 87 4.02 0
02:22 730.5 10.28 87 4.02 0
02:23 730.5 10.22 87 4.47 0
02:24 730.5 10.22 87 3.58 0
02:25 730.5 10.22 87 6.26 0
02:26 730.5 10.22 87 3.58 0
02:27 730.5 10.22 87 3.13 0
02:28 730.5 10.22 87 4.47 0
02:29 730.5 10.22 86 3.58 0
02:30 730.5 10.22 87 2.68 0
02:31 730.5 10.22 87 4.92 0
02:32 730.5 10.22 87 7.6 0
02:33 730.5 10.17 86 5.81 0
02:34 730.5 10.17 85 4.02 0
02:35 730.5 10.17 85 4.47 0
02:36 730.5 10.22 84 2.24 0
02:37 730.5 10.22 85 4.92 0
02:38 730.5 10.17 85 5.36 0
02:39 730.5 10.17 84 4.47 0
02:40 730.5 10.17 84 6.71 0
02:41 730.5 10.11 84 5.81 0
02:42 730.5 10.11 84 6.26 0
02:43 730.5 10.11 84 2.68 0
02:44 730.5 10.11 84 2.68 0
02:45 730.5 10.06 84 3.58 0
02:46 730.5 10.06 84 7.15 0
02:47 730.5 10.06 84 6.26 0
02:48 730.5 10 84 3.13 0
02:49 730.5 10 84 8.05 0
02:50 730.5 9.94 84 7.15 0
02:51 730.5 9.94 84 8.49 0
02:52 730.5 10 83 8.94 0
02:53 730.5 10.06 83 1.79 0
02:54 730.5 10 83 4.02 0
02:55 730.5 10 83 2.24 0
02:56 730.5 10 84 4.02 0
02:57 730.5 9.94 83 3.58 0
02:58 730.5 9.89 83 4.47 0
02:59 730.5 9.94 83 6.71 0
03:00 730.5 9.89 83 5.81 0
03:01 730.5 9.94 83 4.92 0
03:02 730.5 9.94 83 4.47 0
03:03 730.5 9.89 83 2.68 0
03:04 730.5 9.89 83 1.79 0
03:05 730.5 9.89 83 5.81 0
03:06 730.5 9.89 83 5.36 0
03:07 730.5 9.89 83 5.81 0
03:08 730.5 9.83 83 .45 0
03:09 730.5 9.83 83 5.36 0
03:10 730.5 9.83 83 4.47 0
03:11 730.5 9.78 83 5.81 0
03:12 730.5 9.78 83 3.58 0
03:13 730.5 9.78 84 4.92 0
03:14 730.5 9.72 84 3.13 0
03:15 730.5 9.72 84 4.92 0
03:16 730.5 9.67 84 2.24 0
03:17 730.5 9.67 85 4.92 0
03:18 730.5 9.61 85 6.26 0
03:19 730.5 9.61 85 3.58 0
03:20 730.5 9.61 85 4.02 0
03:21 730.5 9.61 85 2.24 0
03:22 730.5 9.56 85 3.58 0
03:23 730.5 9.61 85 4.92 0
03:24 730.5 9.56 85 4.92 0
03:25 730.5 9.61 84 6.71 0
03:26 730.5 9.56 84 4.47 0
03:27 730.5 9.56 84 4.47 0
03:28 730.5 9.61 84 6.26 0
03:29 730.5 9.56 84 1.34 0
03:30 730.5 9.56 84 4.92 0
03:31 730.5 9.56 84 5.81 0
03:32 730.5 9.56 84 3.13 0
03:33 730.5 9.56 84 3.13 0
03:34 730.5 9.5 84 4.92 0
03:35 730.5 9.5 84 2.68 0
03:36 730.5 9.56 84 4.47 0
03:37 730.5 9.5 84 5.36 0
03:38 730.5 9.5 84 5.36 0
03:39 730.5 9.5 83 4.47 0
03:40 730.5 9.44 84 2.68 0
03:41 730.5 9.44 84 3.13 0
03:42 730.5 9.44 83 5.36 0
03:43 730.5 9.39 83 6.26 0
03:44 730.5 9.39 84 2.24 0
03:45 730.5 9.39 84 6.71 0
03:46 730.5 9.33 83 3.58 0
03:47 730.5 9.33 83 6.26 0
03:48 730.5 9.33 83 6.71 0
03:49 730.5 9.33 83 3.13 0
03:50 730.5 9.33 83 3.13 0
03:51 730.5 9.28 84 5.36 0
03:52 730.5 9.28 84 3.58 0
03:53 730.5 9.28 84 1.79 0
03:54 730.5 9.22 84 4.47 0
03:55 730.5 9.22 84 5.36 0
03:56 730.25 9.22 83 9.39 0
03:57 730.5 9.22 83 4.92 0
03:58 730.5 9.17 83 6.26 0
03:59 730.5 9.17 83 10.73 0
04:00 730.25 9.17 82 2.68 0
04:01 730.25 9.17 83 4.02 0
04:02 730.5 9.17 83 6.26 0
04:03 730.5 9.17 83 3.13 0
04:04 730.25 9.11 83 6.26 0
04:05 730.5 9.11 83 3.58 0
04:06 730.5 9.11 83 3.58 0
04:07 730.25 9.11 83 3.58 0
04:08 730.25 9.06 83 5.36 0
04:09 730.5 9 83 3.13 0
04:10 730.5 9 83 5.81 0
04:11 730.5 9 84 4.47 0
04:12 730.5 9 83 9.83 0
04:13 730.5 8.94 83 4.02 0
04:14 730.5 8.89 84 8.05 0
04:15 730.5 8.83 84 5.36 0
04:16 730.5 8.83 84 6.71 0
04:17 730.5 8.78 85 2.24 0
04:18 730.5 8.72 85 2.24 0
04:19 730.5 8.67 85 4.92 0
04:20 730.5 8.67 85 6.26 0
04:21 730.5 8.61 86 4.02 0
04:22 730.5 8.56 86 5.81 0
04:23 730.5 8.56 86 2.24 0
04:24 730.5 8.56 86 2.24 0
04:25 730.5 8.56 86 4.92 0
04:26 730.5 8.5 86 4.47 0
04:27 730.5 8.44 86 3.13 0
04:28 730.5 8.44 86 4.47 0
04:29 730.25 8.44 86 5.36 0
04:30 730.5 8.39 86 8.94 0
04:31 730.5 8.39 86 2.68 0
04:32 730.5 8.39 86 7.15 0
04:33 730.5 8.33 86 4.47 0
04:34 730.5 8.39 86 6.26 0
04:35 730.25 8.33 86 4.47 0
04:36 730.5 8.33 86 3.58 0
04:37 730.25 8.33 86 4.02 0
04:38 730.25 8.33 86 8.94 0
04:39 730.25 8.28 86 8.49 0
04:40 730.25 8.28 86 4.02 0
04:41 730.25 8.28 86 4.47 0
04:42 730.25 8.28 86 7.15 0
04:43 730.25 8.22 86 8.05 0
04:44 730.25 8.28 85 8.49 0
04:45 730.25 8.28 85 5.36 0
04:46 730.25 8.28 85 3.13 0
04:47 730.25 8.28 85 6.26 0
04:48 730.25 8.28 86 9.39 0
04:49 730.25 8.28 85 7.15 0
04:50 730.25 8.28 85 3.13 0
04:51 730.25 8.28 85 8.05 0
04:52 730.25 8.28 85 7.15 0
04:53 730.25 8.28 85 2.68 0
04:54 730.25 8.28 85 3.58 0
04:55 730.25 8.33 85 4.02 0
04:56 730.25 8.28 84 4.02 0
04:57 730.25 8.28 85 7.15 0
04:58 730.25 8.28 85 6.26 0
04:59 730.25 8.28 85 5.36 0
05:00 730.25 8.28 85 3.58 0
05:01 730.25 8.28 85 3.58 0
05:02 730.25 8.28 85 4.47 0
05:03 730.25 8.28 85 6.26 0
05:04 730.25 8.22 85 3.58 0
05:05 730.25 8.22 85 4.02 0
05:06 730.25 8.17 85 4.02 0
05:07 730.25 8.17 85 5.36 0
05:08 730.25 8.17 85 3.58 0
05:09 730.25 8.17 85 8.05 0
05:10 730.25 8.17 85 5.36 0
05:11 730.25 8.11 85 6.26 0
05:12 730.25 8.11 85 3.13 0
05:13 730.25 8.17 85 5.36 0
05:14 730.25 8.11 84 7.15 0
05:15 730.25 8.11 84 4.92 0
05:16 730.25 8.17 84 3.58 0
05:17 730.25 8.11 84 4.92 0
05:18 730.25 8.11 84 8.05 0
05:19 730.25 8.11 84 4.92 0
05:20 730.25 8.11 84 4.47 0
05:21 730.25 8.11 84 4.47 0
05:22 730.25 8.11 84 4.02 0
05:23 730.25 8.11 84 6.26 0
05:24 730.25 8.06 84 6.26 0
05:25 730.25 8.06 84 4.92 0
05:26 730.25 8.06 84 5.81 0
05:27 730.25 8 84 4.92 0
05:28 730.25 8 85 5.81 0
05:29 730.25 8 84 4.92 0
05:30 730.25 7.94 85 7.6 0
05:31 730.25 7.94 84 8.05 0
05:32 730.25 7.94 84 6.71 0
05:33 730.25 7.94 85 4.92 0
05:34 730.25 7.89 85 3.13 0
05:35 730.25 7.94 85 6.26 0
05:36 730.25 7.89 85 9.39 0
05:37 730 7.89 85 7.15 0
05:38 730.25 7.89 85 4.02 0
05:39 730.25 7.89 85 6.26 0
05:40 730.25 7.89 85 2.24 0
05:41 730.25 7.83 85 4.47 0
05:42 730 7.83 85 4.02 0
05:43 730 7.83 85 8.05 0
05:44 730 7.83 85 4.02 0
05:45 730 7.83 85 4.02 0
05:46 730 7.78 85 5.36 0
05:47 730 7.78 85 5.36 0
05:48 730 7.78 85 4.02 0
05:49 730 7.78 85 6.26 0
05:50 730 7.72 85 6.26 0
05:51 730 7.72 85 5.81 0
05:52 730 7.72 85 4.02 0
05:53 730 7.72 86 8.05 0
05:54 730 7.72 86 4.92 0
05:55 730 7.72 86 5.36 0
05:56 730 7.72 86 3.13 0
05:57 730 7.72 86 5.81 0
05:58 730 7.67 86 4.47 0
05:59 730 7.67 86 5.36 0
06:00 730 7.67 86 4.92 0
06:01 730 7.67 86 7.6 0
06:02 730 7.61 86 5.36 0
06:03 730 7.61 86 9.39 0
06:04 730 7.61 86 5.36 0
06:05 730 7.56 86 3.13 0
06:06 730 7.56 87 8.94 0
06:07 730 7.56 86 3.58 0
06:08 730 7.56 87 4.92 0
06:09 730 7.56 87 4.02 0
06:10 730 7.5 87 5.36 0
06:11 730 7.5 87 4.92 0
06:12 730 7.44 87 3.13 0
06:13 730 7.5 87 .89 0
06:14 730 7.44 87 4.47 0
06:15 730 7.44 87 3.58 0
06:16 730 7.44 87 7.15 0
06:17 730 7.44 88 5.81 0
06:18 730 7.39 87 4.47 0
06:19 730 7.39 88 4.92 0
06:20 729.74 7.39 88 4.47 0
06:21 729.74 7.33 88 5.81 0
06:22 730 7.33 88 5.36 0
06:23 730 7.33 88 7.15 0
06:24 729.74 7.33 88 8.94 0
06:25 730 7.28 88 8.05 0
06:26 730 7.28 88 7.15 0
06:27 729.74 7.33 88 4.47 0
06:28 729.74 7.28 88 4.47 0
06:29 730 7.28 88 5.81 0
06:30 730 7.28 88 4.47 0
06:31 729.74 7.28 88 6.26 0
06:32 729.74 7.22 88 4.47 0
06:33 730 7.22 88 4.02 0
06:34 730 7.22 88 4.47 0
06:35 729.74 7.22 89 3.58 0
06:36 729.74 7.22 88 4.02 0
06:37 729.74 7.22 88 4.92 0
06:38 729.74 7.17 88 4.02 0
06:39 729.74 7.17 89 5.36 0
06:40 729.74 7.17 89 7.15 0
06:41 730 7.17 88 6.26 0
06:42 729.74 7.17 88 4.47 0
06:43 729.74 7.11 89 4.92 0
06:44 729.74 7.11 89 7.6 0
06:45 729.74 7.11 89 5.81 0
06:46 729.74 7.11 89 4.47 0
06:47 729.74 7.06 89 4.92 0
06:48 729.74 7.06 89 3.58 0
06:49 729.74 7.06 89 2.68 0
06:50 730 7.06 89 7.15 0
06:51 729.74 7.06 90 4.47 0
06:52 729.74 7.06 90 3.13 0
06:53 730 7.06 90 1.34 0
06:54 729.74 7.06 90 2.24 0
06:55 729.74 7.06 90 5.81 0
06:56 729.74 7.06 90 4.47 0
06:57 729.74 7.06 90 3.58 0
06:58 729.74 7 90 4.92 0
06:59 729.74 7 90 5.81 0
07:00 729.74 7 90 4.47 0
07:01 729.74 7 90 5.36 0
07:02 729.74 7 90 8.49 0
07:03 729.74 6.94 90 2.24 0
07:04 729.74 7 90 3.13 0
07:05 730 7.06 90 7.6 0
07:06 729.74 7 90 4.02 0
07:07 730 7 90 3.58 0
07:08 730 7 90 2.24 0
07:09 730 7 90 5.36 0
07:10 730 7 90 6.71 0
07:11 730 7 90 2.24 0
07:12 730 7 90 6.71 0
07:13 730 7 90 6.26 0
07:14 730 6.94 90 3.58 0
07:15 730 6.94 90 4.47 0
07:16 730 6.94 90 5.81 0
07:17 730 7 90 3.58 0
07:18 730 7 90 2.68 0
07:19 730 7 90 4.02 0
07:20 730 7 90 2.68 0
07:21 730 6.94 90 3.13 0
07:22 730 6.94 90 4.02 0
07:23 730 7 90 2.24 0
07:24 730 6.94 90 2.24 0
07:25 730 6.94 90 3.58 0
07:26 730 6.94 90 2.68 0
07:27 730 6.94 90 3.58 0
07:28 730 6.94 90 6.71 0
07:29 730 6.94 90 6.26 0
07:30 730 6.94 90 8.05 0
07:31 730 6.94 90 2.68 0
07:32 730 7 90 4.02 0
07:33 730 7 90 5.36 0
07:34 730 7 90 3.13 0
07:35 730 7.06 90 4.02 0
07:36 730 7 90 3.13 0
07:37 730 7 90 8.05 0
07:38 730 7 90 4.02 0
07:39 730 7 90 5.36 0
07:40 730 7.06 90 4.92 0
07:41 730 7.06 90 2.68 0
07:42 730 7.06 90 4.02 0
07:43 730 7.06 91 3.13 0
07:44 730 7.06 91 6.26 0
07:45 730 7 91 2.24 0
07:46 730 7.06 91 7.15 0
07:47 730 7 91 3.58 0
07:48 730 7 91 5.81 0
07:49 730 7 91 4.92 0
07:50 730 7 91 3.13 0
07:51 730 7.06 91 4.92 0
07:52 730 7.06 91 5.36 0
07:53 730.25 7.06 91 5.81 0
07:54 730 7.06 91 4.47 0
07:55 730.25 7 91 2.68 0
07:56 730 7.06 91 1.79 0
07:57 730.25 7.11 91 4.92 0
07:58 730.25 7.06 91 5.81 0
07:59 730.25 7.06 91 4.47 0
08:00 730.25 7.11 91 5.36 0
08:01 730.25 7.06 91 5.81 0
08:02 730.25 7.06 91 4.02 0
08:03 730.25 7.11 91 3.13 0
08:04 730.25 7.06 91 1.79 0
08:05 730.25 7.11 91 4.47 0
08:06 730.25 7.11 91 4.47 0
08:07 730.25 7.11 91 4.02 0
08:08 730.25 7.11 91 3.58 0
08:09 730.25 7.11 91 4.47 0
08:10 730.25 7.11 92 4.47 0
08:11 730.25 7.11 92 3.58 0
08:12 730.25 7.11 92 3.58 0
08:13 730.25 7.11 92 2.24 0
08:14 730.25 7.17 91 4.47 0
08:15 730.25 7.17 91 4.92 0
08:16 730.5 7.17 91 4.47 0
08:17 730.5 7.17 91 2.68 0
08:18 730.5 7.17 91 6.71 0
08:19 730.5 7.22 92 2.68 0
08:20 730.5 7.17 92 4.02 0
08:21 730.5 7.22 92 4.02 0
08:22 730.5 7.22 92 3.13 0
08:23 730.5 7.22 92 1.79 0
08:24 730.5 7.28 92 2.68 0
08:25 730.5 7.28 92 3.13 0
08:26 730.5 7.28 92 4.47 0
08:27 730.5 7.28 92 2.68 0
08:28 730.5 7.33 92 6.26 0
08:29 730.5 7.33 92 5.81 0
08:30 730.5 7.33 92 5.36 0
08:31 730.5 7.33 92 2.24 0
08:32 730.5 7.39 92 4.47 0
08:33 730.5 7.39 92 4.47 0
08:34 730.5 7.44 92 3.13 0
08:35 730.5 7.44 92 1.79 0
08:36 730.5 7.44 92 3.13 0
08:37 730.76 7.5 92 3.13 0
08:38 730.76 7.56 92 3.13 0
08:39 730.76 7.5 92 2.24 0
08:40 730.76 7.56 92 3.13 0
08:41 730.76 7.56 92 2.24 0
08:42 730.76 7.56 92 2.68 0
08:43 730.76 7.61 92 2.24 0
08:44 730.76 7.67 92 6.26 0
08:45 730.76 7.61 92 1.79 0
08:46 730.76 7.67 92 3.13 0
08:47 730.76 7.67 92 4.47 0
08:48 730.76 7.67 92 4.47 0
08:49 730.76 7.67 92 4.47 0
08:50 730.76 7.67 92 4.92 0
08:51 730.76 7.67 92 4.47 0
08:52 730.76 7.67 92 4.92 0
08:53 730.76 7.67 92 3.13 0
08:54 730.76 7.72 92 4.02 0
08:55 731.01 7.72 92 4.92 0
08:56 730.76 7.72 92 4.47 0
08:57 730.76 7.72 92 5.81 0
08:58 730.76 7.72 92 5.81 0
08:59 730.76 7.72 92 1.79 0
09:00 731.01 7.72 92 4.92 0
09:01 731.01 7.72 92 3.58 0
09:02 731.01 7.72 92 2.24 0
09:03 731.01 7.72 92 2.24 0
09:04 731.01 7.72 92 3.58 0
09:05 731.01 7.72 92 2.24 0
09:06 731.01 7.72 92 3.13 0
09:07 731.01 7.67 92 5.81 0
09:08 731.01 7.67 92 3.13 0
09:09 731.01 7.67 91 5.81 0
09:10 731.01 7.67 91 5.81 0
09:11 731.01 7.67 91 3.58 0
09:12 731.27 7.67 91 3.58 0
09:13 731.27 7.67 91 4.92 0
09:14 731.27 7.67 91 2.68 0
09:15 731.27 7.67 91 4.02 0
09:16 731.27 7.61 91 3.58 0
09:17 731.27 7.67 91 4.47 0
09:18 731.27 7.67 91 3.58 0
09:19 731.27 7.61 91 2.24 0
09:20 731.27 7.61 91 3.58 0
09:21 731.27 7.56 91 4.02 0
09:22 731.52 7.56 91 4.92 0
09:23 731.52 7.56 91 1.79 0
09:24 731.52 7.56 91 6.26 0
09:25 731.52 7.5 91 4.47 0
09:26 731.52 7.5 91 3.13 0
09:27 731.52 7.5 91 3.13 0
09:28 731.52 7.56 91 .45 0
09:29 731.52 7.56 91 4.47 0
09:30 731.52 7.56 91 3.58 0
09:31 731.52 7.5 91 4.92 0
09:32 731.77 7.44 91 5.81 0
09:33 731.77 7.44 91 4.47 0
09:34 731.77 7.44 91 3.58 0
09:35 731.77 7.44 91 4.02 0
09:36 731.77 7.44 91 4.92 0
09:37 731.77 7.39 91 5.81 0
09:38 731.77 7.39 91 8.05 0
09:39 731.77 7.39 91 4.92 0
09:40 731.77 7.39 91 2.68 0
09:41 731.77 7.39 91 4.47 0
09:42 731.77 7.39 91 6.71 0
09:43 731.77 7.39 91 4.47 0
09:44 731.77 7.39 91 3.58 0
09:45 731.77 7.39 91 4.92 0
09:46 731.77 7.33 91 4.47 0
09:47 731.77 7.33 91 .45 0
09:48 731.77 7.39 91 3.58 0
09:49 731.77 7.39 91 1.34 0
09:50 732.03 7.39 91 3.58 0
09:51 732.03 7.33 91 3.58 0
09:52 732.03 7.33 91 3.13 0
09:53 731.77 7.33 91 4.92 0
09:54 732.03 7.33 91 4.47 0
09:55 732.03 7.33 91 3.13 0
09:56 732.03 7.33 91 6.26 0
09:57 732.03 7.33 91 2.24 0
09:58 732.03 7.28 91 4.47 0
09:59 732.03 7.33 91 1.34 0
10:00 732.03 7.33 91 4.92 0
10:01 732.03 7.33 91 4.47 0
10:02 732.03 7.33 91 4.92 0
10:03 732.03 7.33 91 7.15 0
10:04 732.03 7.33 91 6.26 0
10:05 732.03 7.33 91 5.36 0
10:06 732.28 7.33 91 4.92 0
10:07 732.28 7.33 91 5.36 0
10:08 732.28 7.28 91 4.92 0
10:09 732.28 7.33 91 5.36 0
10:10 732.28 7.33 91 5.36 0
10:11 732.28 7.33 91 3.13 0
10:12 732.28 7.33 91 4.92 0
10:13 732.28 7.33 91 4.47 0
10:14 732.28 7.33 91 6.26 0
10:15 732.28 7.33 91 6.26 0
10:16 732.28 7.33 91 8.05 0
10:17 732.28 7.28 91 3.13 0
10:18 732.28 7.33 91 5.81 0
10:19 732.28 7.28 92 5.36 0
10:20 732.54 7.28 91 3.58 0
10:21 732.54 7.28 91 6.26 0
10:22 732.54 7.28 92 4.02 0
10:23 732.54 7.28 92 6.71 0
10:24 732.54 7.28 92 2.68 0
10:25 732.54 7.28 92 3.13 0
10:26 732.54 7.33 92 5.36 0
10:27 732.54 7.28 92 4.92 0
10:28 732.54 7.33 92 4.02 0
10:29 732.54 7.28 92 4.02 0
10:30 732.54 7.28 92 3.13 0
10:31 732.54 7.33 92 5.81 0
10:32 732.54 7.28 92 2.68 0
10:33 732.54 7.28 92 7.6 0
10:34 732.54 7.28 92 5.36 0
10:35 732.79 7.28 92 3.58 0
10:36 732.54 7.28 92 4.02 0
10:37 732.79 7.28 92 4.92 0
10:38 732.79 7.28 92 2.68 0
10:39 732.54 7.33 92 3.58 0
10:40 732.79 7.28 92 3.58 0
10:41 732.79 7.28 92 8.05 0
10:42 732.79 7.28 92 4.92 0
10:43 732.79 7.28 92 4.92 0
10:44 732.79 7.28 91 5.36 0
10:45 732.79 7.28 92 3.13 0
10:46 732.79 7.28 91 4.02 0
10:47 732.79 7.28 91 4.02 0
10:48 732.79 7.28 91 4.47 0
10:49 732.79 7.22 91 1.79 0
10:50 732.79 7.22 91 4.02 0
10:51 732.79 7.28 91 5.36 0
10:52 732.79 7.22 91 8.05 0
10:53 732.79 7.22 91 3.13 0
10:54 733.04 7.28 92 3.58 0
10:55 733.04 7.28 92 1.79 0
10:56 733.04 7.28 92 4.47 0
10:57 733.04 7.28 92 5.36 0
10:58 733.04 7.22 92 6.71 0
10:59 733.04 7.28 92 5.81 0
11:00 733.04 7.22 91 6.71 0
11:01 733.04 7.22 91 3.58 0
11:02 733.04 7.22 91 5.81 0
11:03 733.04 7.22 92 6.71 0
11:04 733.04 7.22 92 4.47 0
11:05 733.04 7.22 92 8.94 0
11:06 733.04 7.22 92 1.79 0
11:07 733.04 7.22 92 5.81 0
11:08 733.04 7.22 92 5.81 0
11:09 733.04 7.22 92 4.47 0
11:10 733.04 7.22 92 5.81 0
11:11 733.04 7.22 92 2.68 0
11:12 733.04 7.17 92 6.26 0
11:13 733.04 7.22 92 1.79 0
11:14 733.04 7.22 92 3.58 0
11:15 733.3 7.22 92 2.68 0
11:16 733.04 7.22 92 2.24 0
11:17 733.3 7.22 92 8.94 0
11:18 733.3 7.22 92 7.15 0
11:19 733.3 7.17 92 4.92 0
11:20 733.3 7.17 92 5.36 0
11:21 733.3 7.17 92 3.58 0
11:22 733.3 7.17 91 2.68 0
11:23 733.3 7.17 92 .89 0
11:24 733.3 7.17 92 4.02 0
11:25 733.3 7.17 92 1.34 0
11:26 733.55 7.22 92 2.24 0
11:27 733.3 7.17 92 4.02 0
11:28 733.3 7.17 92 4.02 0
11:29 733.55 7.22 91 6.26 0
11:30 733.55 7.17 92 5.36 0
11:31 733.55 7.17 92 4.47 0
11:32 733.55 7.17 92 3.58 0
11:33 733.55 7.17 92 2.68 0
11:34 733.55 7.17 92 1.79 0
11:35 733.55 7.22 92 2.68 0
11:36 733.55 7.22 92 3.58 0
11:37 733.55 7.22 92 4.02 0
11:38 733.55 7.22 92 6.26 0
11:39 733.55 7.22 92 4.47 0
11:40 733.55 7.22 91 6.26 0
11:41 733.55 7.22 91 4.47 0
11:42 733.81 7.22 91 1.79 0
11:43 733.55 7.22 91 5.81 0
11:44 733.81 7.22 91 4.92 0
11:45 733.81 7.22 91 1.79 0
11:46 733.81 7.22 91 .45 0
11:47 733.81 7.22 91 1.34 0
11:48 733.81 7.28 92 4.47 0
11:49 733.81 7.22 92 3.13 0
11:50 733.81 7.28 92 3.13 0
11:51 733.81 7.22 92 2.24 0
11:52 733.81 7.28 91 3.58 0
11:53 733.81 7.22 91 4.02 0
11:54 733.81 7.28 91 4.92 0
11:55 734.06 7.28 91 3.13 0
11:56 733.81 7.22 91 5.36 0
11:57 734.06 7.22 91 4.47 0
11:58 734.06 7.28 91 6.71 0
11:59 734.06 7.28 91 4.02 0
12:00 734.06 7.33 91 3.58 0
12:01 734.06 7.33 91 6.71 0
12:02 734.06 7.28 91 2.68 0
12:03 734.06 7.33 91 5.81 0
12:04 734.06 7.33 91 4.47 0
12:05 734.06 7.33 91 8.49 0
12:06 734.31 7.33 91 4.47 0
12:07 734.31 7.39 91 6.71 0
12:08 734.31 7.39 91 4.47 0
12:09 734.31 7.39 91 5.36 0
12:10 734.31 7.44 91 3.13 0
12:11 734.31 7.44 91 3.58 0
12:12 734.31 7.44 91 6.26 0
12:13 734.31 7.44 91 4.47 0
12:14 734.31 7.44 91 7.15 0
12:15 734.31 7.44 91 5.81 0
12:16 734.31 7.44 91 4.02 0
12:17 734.31 7.44 91 1.79 0
12:18 734.31 7.5 91 1.79 0
12:19 734.57 7.5 91 5.36 0
12:20 734.57 7.5 91 3.58 0
12:21 734.57 7.5 91 4.92 0
12:22 734.57 7.44 91 5.81 0
12:23 734.57 7.5 91 4.47 0
12:24 734.57 7.5 91 5.36 0
12:25 734.57 7.5 91 4.02 0
12:26 734.57 7.44 91 3.58 0
12:27 734.57 7.44 91 6.71 0
12:28 734.57 7.44 91 5.81 0
12:29 734.57 7.44 91 3.58 0
12:30 734.57 7.44 91 .89 0
12:31 734.57 7.44 91 3.13 0
12:32 734.82 7.5 91 4.02 0
12:33 734.82 7.5 91 1.79 0
12:34 734.82 7.5 91 6.71 0
12:35 734.82 7.44 91 7.6 0
12:36 734.82 7.5 91 5.81 0
12:37 734.82 7.5 91 3.58 0
12:38 734.82 7.44 91 8.49 0
12:39 734.82 7.5 90 4.92 0
12:40 734.82 7.56 90 7.6 0
12:41 734.82 7.5 90 5.36 0
12:42 734.82 7.56 90 5.36 0
12:43 734.82 7.56 90 5.36 0
12:44 734.82 7.56 90 4.47 0
12:45 734.82 7.61 90 5.81 0
12:46 734.82 7.56 89 8.49 0
12:47 735.08 7.61 89 4.47 0
12:48 735.08 7.61 89 6.71 0
12:49 735.08 7.67 90 7.15 0
12:50 735.08 7.61 89 6.71 0
12:51 735.08 7.61 89 8.05 0
12:52 735.08 7.61 89 4.47 0
12:53 735.08 7.61 89 5.81 0
12:54 735.08 7.61 89 6.71 0
12:55 735.08 7.61 89 7.15 0
12:56 735.33 7.61 89 5.36 0
12:57 735.33 7.61 89 5.81 0
12:58 735.33 7.61 89 3.58 0
12:59 735.33 7.61 89 4.47 0
13:00 735.33 7.61 89 5.36 0
13:01 735.33 7.56 89 1.79 0
13:02 735.33 7.56 89 8.94 0
13:03 735.33 7.56 89 5.81 0
13:04 735.33 7.56 89 5.81 0
13:05 735.33 7.56 89 7.15 0
13:06 735.33 7.56 89 3.58 0
13:07 735.58 7.5 89 4.47 0
13:08 735.58 7.5 89 1.79 0
13:09 735.58 7.5 90 7.15 0
13:10 735.58 7.44 89 7.6 0
13:11 735.58 7.44 89 4.47 0
13:12 735.58 7.44 89 11.62 0
13:13 735.58 7.44 89 5.36 0
13:14 735.58 7.44 89 8.49 0
13:15 735.58 7.44 89 6.71 0
13:16 735.58 7.44 89 1.34 0
13:17 735.58 7.39 89 3.58 0
13:18 735.84 7.39 89 5.81 0
13:19 735.84 7.39 90 1.79 0
13:20 735.84 7.39 89 5.81 0
13:21 735.84 7.33 89 4.92 0
13:22 735.84 7.33 89 6.71 0
13:23 735.84 7.33 90 4.02 0
13:24 735.84 7.33 89 7.15 0
13:25 735.84 7.28 89 3.58 0
13:26 735.84 7.28 89 5.36 0
13:27 735.84 7.28 89 5.36 0
13:28 735.84 7.28 89 4.47 0
13:29 736.09 7.28 89 4.02 0
13:30 736.09 7.22 89 7.15 0
13:31 736.09 7.22 90 4.92 0
13:32 736.09 7.28 89 6.71 0
13:33 736.09 7.22 90 9.39 0
13:34 736.09 7.22 90 4.02 0
13:35 736.09 7.22 89 3.58 0
13:36 736.09 7.22 90 6.71 0
13:37 736.09 7.22 90 5.36 0
13:38 736.09 7.22 89 5.81 0
13:39 736.09 7.22 89 7.15 0
13:40 736.09 7.17 89 4.02 0
13:41 736.09 7.17 89 7.6 0
13:42 736.35 7.17 90 4.47 0
13:43 736.35 7.22 90 6.26 0
13:44 736.35 7.17 90 6.71 0
13:45 736.35 7.17 90 8.05 0
13:46 736.35 7.17 90 4.47 0
13:47 736.35 7.17 90 7.15 0
13:48 736.35 7.17 89 7.6 0
13:49 736.35 7.22 89 5.36 0
13:50 736.6 7.22 89 3.58 0
13:51 736.6 7.22 90 7.6 0
13:52 736.6 7.17 90 5.81 0
13:53 736.6 7.17 90 5.81 0
13:54 736.6 7.17 90 4.02 0
13:55 736.6 7.17 90 4.47 0
13:56 736.6 7.17 90 3.13 0
13:57 736.6 7.17 90 7.15 0
13:58 736.6 7.17 90 3.58 0
13:59 736.6 7.17 90 4.47 0
14:00 736.6 7.17 90 4.47 0
14:01 736.6 7.17 90 2.24 0
14:02 736.85 7.22 90 4.92 0
14:03 736.6 7.17 90 4.02 0
14:04 736.6 7.22 90 7.15 0
14:05 736.85 7.22 90 4.92 0
14:06 736.85 7.22 90 6.71 0
14:07 736.85 7.22 90 7.15 0
14:08 736.85 7.22 90 5.36 0
14:09 736.85 7.28 90 5.81 0
14:10 736.85 7.28 90 7.6 0
14:11 736.85 7.28 90 1.34 0
14:12 736.85 7.28 90 6.26 0
14:13 737.11 7.28 90 3.13 0
14:14 736.85 7.22 90 6.26 0
14:15 737.11 7.28 90 5.36 0
14:16 737.11 7.28 90 4.47 0
14:17 737.11 7.28 90 3.58 0
14:18 737.11 7.28 90 7.15 0
14:19 737.11 7.28 90 5.36 0
14:20 737.11 7.28 90 3.58 0
14:21 737.11 7.33 90 4.92 0
14:22 737.11 7.28 90 3.58 0
14:23 737.11 7.33 90 4.47 0
14:24 737.11 7.33 90 3.58 0
14:25 737.11 7.33 90 4.92 0
14:26 737.11 7.33 90 6.26 0
14:27 737.11 7.39 90 6.71 0
14:28 737.11 7.39 90 4.02 0
14:29 737.11 7.39 90 2.68 0
14:30 737.11 7.39 90 3.58 0
14:31 737.11 7.39 90 7.15 0
14:32 737.11 7.39 90 2.24 0
14:33 737.11 7.5 90 5.81 0
14:34 737.11 7.5 90 1.79 0
14:35 737.11 7.56 90 2.24 0
14:36 737.36 7.5 90 3.13 0
14:37 737.11 7.56 90 2.24 0
14:38 737.36 7.56 90 3.13 0
14:39 737.36 7.56 90 1.79 0
14:40 737.36 7.5 90 1.34 0
14:41 737.36 7.5 90 7.6 0
14:42 737.36 7.5 90 5.36 0
14:43 737.36 7.44 90 4.47 0
14:44 737.36 7.39 90 4.47 0
14:45 737.36 7.44 90 4.47 0
14:46 737.36 7.39 90 5.81 0
14:47 737.36 7.39 91 4.47 0
14:48 737.36 7.39 91 4.02 0
14:49 737.62 7.39 91 3.13 0
14:50 737.62 7.39 91 6.26 0
14:51 737.62 7.39 91 5.81 0
14:52 737.62 7.39 90 9.39 0
14:53 737.62 7.44 90 6.26 0
14:54 737.62 7.44 90 5.81 0
14:55 737.62 7.44 90 7.6 0
14:56 737.62 7.44 90 5.36 0
14:57 737.62 7.44 89 3.58 0
14:58 737.62 7.44 90 2.24 0
14:59 737.62 7.39 90 5.81 0
15:00 737.62 7.44 90 2.68 0
15:01 737.62 7.39 90 8.05 0
15:02 737.62 7.39 89 8.49 0
15:03 737.62 7.39 89 6.26 0
15:04 737.62 7.39 89 7.15 0
15:05 737.62 7.44 90 4.92 0
15:06 737.62 7.39 90 4.92 0
15:07 737.87 7.44 89 7.15 0
15:08 737.87 7.39 90 3.58 0
15:09 737.87 7.39 90 8.05 0
15:10 737.87 7.33 90 4.47 0
15:11 737.87 7.33 89 7.6 0
15:12 737.87 7.39 89 4.47 0
15:13 737.87 7.39 90 3.58 0
15:14 737.87 7.33 90 4.47 0
15:15 737.87 7.33 90 4.92 0
15:16 737.87 7.33 90 10.28 0
15:17 737.87 7.33 89 3.13 0
15:18 738.12 7.33 89 6.71 0
15:19 737.87 7.33 89 7.6 0
15:20 738.12 7.33 89 5.36 0
15:21 738.12 7.33 89 4.47 0
15:22 738.12 7.33 89 8.49 0
15:23 738.12 7.33 89 7.6 0
15:24 738.12 7.33 89 5.36 0
15:25 738.12 7.33 89 6.71 0
15:26 738.12 7.33 89 6.26 0
15:27 738.12 7.33 89 4.92 0
15:28 738.12 7.33 89 8.05 0
15:29 738.12 7.33 89 5.36 0
15:30 738.12 7.33 89 4.47 0
15:31 738.38 7.33 89 4.47 0
15:32 738.38 7.33 89 8.94 0
15:33 738.38 7.33 89 4.92 0
15:34 738.38 7.33 89 6.71 0
15:35 738.38 7.33 89 6.71 0
15:36 738.38 7.33 89 9.83 0
15:37 738.38 7.33 89 5.36 0
15:38 738.38 7.33 89 1.79 0
15:39 738.38 7.33 89 6.26 0
15:40 738.38 7.33 89 4.02 0
15:41 738.38 7.33 89 5.36 0
15:42 738.38 7.33 89 9.39 0
15:43 738.38 7.33 89 8.94 0
15:44 738.38 7.33 89 5.81 0
15:45 738.63 7.33 89 4.92 0
15:46 738.38 7.33 89 7.15 0
15:47 738.38 7.33 89 5.81 0
15:48 738.63 7.33 89 7.6 0
15:49 738.63 7.33 89 4.92 0
15:50 738.63 7.28 89 8.05 0
15:51 738.63 7.33 89 4.47 0
15:52 738.63 7.33 89 7.15 0
15:53 738.63 7.33 89 4.02 0
15:54 738.63 7.33 89 4.02 0
15:55 738.63 7.33 89 7.15 0
15:56 738.63 7.33 89 4.92 0
15:57 738.63 7.28 89 6.26 0
15:58 738.63 7.28 89 4.47 0
15:59 738.63 7.33 89 5.81 0
16:00 738.63 7.33 89 8.05 0
16:01 738.63 7.33 89 7.15 0
16:02 738.63 7.33 89 7.6 0
16:03 738.63 7.33 89 6.26 0
16:04 738.63 7.33 89 8.49 0
16:05 738.63 7.28 89 5.36 0
16:06 738.89 7.28 89 5.36 0
16:07 738.89 7.28 89 1.34 0
16:08 738.89 7.28 89 6.71 0
16:09 738.63 7.28 89 5.81 0
16:10 738.89 7.28 89 4.47 0
16:11 738.89 7.28 89 4.47 0
16:12 738.89 7.28 89 4.92 0
16:13 738.89 7.28 89 4.02 0
16:14 738.89 7.28 89 4.02 0
16:15 738.89 7.28 89 4.02 0
16:16 738.89 7.28 89 8.94 0
16:17 738.89 7.28 89 9.83 0
16:18 738.89 7.28 89 6.71 0
16:19 738.89 7.28 89 5.36 0
16:20 738.89 7.28 89 4.02 0
16:21 738.89 7.28 89 4.47 0
16:22 738.89 7.28 89 7.6 0
16:23 738.89 7.28 89 4.47 0
16:24 738.89 7.28 89 1.34 0
16:25 738.89 7.28 89 6.26 0
16:26 738.89 7.28 89 6.26 0
16:27 738.89 7.33 89 8.05 0
16:28 739.14 7.28 89 6.71 0
16:29 739.14 7.33 89 6.71 0
16:30 739.14 7.33 89 5.36 0
16:31 739.14 7.33 89 5.81 0
16:32 739.14 7.28 89 4.02 0
16:33 739.14 7.28 89 4.92 0
16:34 739.14 7.33 89 6.71 0
16:35 739.14 7.33 89 7.15 0
16:36 739.14 7.39 88 4.92 0
16:37 739.14 7.39 89 5.81 0
16:38 739.14 7.39 89 6.26 0
16:39 739.14 7.39 88 4.92 0
16:40 739.14 7.39 89 6.71 0
16:41 739.14 7.39 89 5.36 0
16:42 739.14 7.39 89 1.79 0
16:43 739.39 7.39 88 2.24 0
16:44 739.39 7.39 88 4.02 0
16:45 739.39 7.39 89 5.36 0
16:46 739.39 7.39 89 6.26 0
16:47 739.39 7.33 89 7.6 0
16:48 739.39 7.39 88 5.81 0
16:49 739.39 7.39 88 8.94 0
16:50 739.39 7.39 88 6.71 0
16:51 739.39 7.39 88 5.81 0
16:52 739.39 7.33 89 7.15 0
16:53 739.39 7.39 88 5.36 0
16:54 739.39 7.39 88 7.6 0
16:55 739.65 7.39 88 4.92 0
16:56 739.65 7.39 88 7.15 0
16:57 739.65 7.39 88 6.26 0
16:58 739.65 7.39 88 2.68 0
16:59 739.65 7.39 88 5.36 0
17:00 739.65 7.39 88 5.36 0
17:01 739.65 7.33 88 4.02 0
17:02 739.65 7.28 89 4.47 0
17:03 739.65 7.28 89 7.6 0
17:04 739.65 7.28 89 8.49 0
17:05 739.9 7.33 88 3.13 0
17:06 739.65 7.33 88 6.26 0
17:07 739.9 7.33 88 3.13 0
17:08 739.9 7.33 89 6.71 0
17:09 739.9 7.33 88 5.36 0
17:10 739.9 7.28 89 4.47 0
17:11 739.9 7.28 89 3.58 0
17:12 739.9 7.28 89 6.26 0
17:13 739.9 7.28 89 8.49 0
17:14 739.9 7.28 89 4.47 0
17:15 739.9 7.28 89 6.26 0
17:16 739.9 7.28 89 8.49 0
17:17 739.9 7.28 89 2.68 0
17:18 739.9 7.28 89 8.94 0
17:19 739.9 7.33 89 4.47 0
17:20 739.9 7.28 89 3.58 0
17:21 739.9 7.28 89 4.02 0
17:22 739.9 7.28 89 3.13 0
17:23 739.9 7.28 89 2.24 0
17:24 740.16 7.28 89 5.36 0
17:25 740.16 7.28 89 5.36 0
17:26 740.16 7.28 89 4.92 0
17:27 739.9 7.28 89 7.6 0
17:28 740.16 7.33 89 3.58 0
17:29 740.16 7.33 88 5.81 0
17:30 740.16 7.33 88 5.36 0
17:31 740.16 7.33 88 5.81 0
17:32 740.16 7.39 88 4.02 0
17:33 740.16 7.39 89 2.24 0
17:34 740.41 7.39 89 7.15 0
17:35 740.16 7.33 89 8.49 0
17:36 740.16 7.33 89 4.92 0
17:37 740.41 7.33 89 4.02 0
17:38 740.41 7.33 89 3.13 0
17:39 740.41 7.33 89 5.81 0
17:40 740.41 7.33 89 5.81 0
17:41 740.41 7.33 88 3.58 0
17:42 740.41 7.39 88 2.68 0
17:43 740.41 7.39 89 8.05 0
17:44 740.41 7.39 88 6.26 0
17:45 740.41 7.33 88 5.36 0
17:46 740.41 7.33 88 5.36 0
17:47 740.41 7.33 88 4.47 0
17:48 740.66 7.33 88 5.36 0
17:49 740.41 7.33 89 4.92 0
17:50 740.66 7.28 89 4.92 0
17:51 740.66 7.33 89 4.47 0
17:52 740.66 7.33 88 5.36 0
17:53 740.66 7.28 88 7.15 0
17:54 740.66 7.33 89 4.92 0
17:55 740.66 7.28 88 4.02 0
17:56 740.66 7.28 89 7.15 0
17:57 740.66 7.28 88 4.02 0
17:58 740.66 7.33 88 6.26 0
17:59 740.66 7.33 88 2.24 0
18:00 740.66 7.33 88 4.02 0
18:01 740.66 7.33 88 2.24 0
18:02 740.66 7.28 89 4.02 0
18:03 740.66 7.28 89 4.92 0
18:04 740.66 7.28 88 4.47 0
18:05 740.66 7.28 88 5.81 0
18:06 740.66 7.28 88 7.6 0
18:07 740.66 7.28 88 3.13 0
18:08 740.92 7.33 88 6.71 0
18:09 740.92 7.33 88 3.13 0
18:10 740.92 7.28 88 1.34 0
18:11 740.92 7.28 88 4.92 0
18:12 740.92 7.28 88 2.68 0
18:13 740.92 7.22 88 4.92 0
18:14 740.92 7.22 88 6.26 0
18:15 740.92 7.28 87 4.92 0
18:16 740.92 7.22 87 6.26 0
18:17 740.92 7.28 87 3.58 0
18:18 740.92 7.22 87 5.36 0
18:19 740.92 7.22 87 4.92 0
18:20 740.92 7.28 86 5.81 0
18:21 740.92 7.22 86 6.71 0
18:22 740.92 7.28 86 4.47 0
18:23 740.92 7.22 86 4.02 0
18:24 740.92 7.28 86 6.71 0
18:25 740.92 7.22 86 3.13 0
18:26 740.92 7.22 86 4.47 0
18:27 741.17 7.17 86 5.81 0
18:28 741.17 7.17 85 4.02 0
18:29 741.17 7.11 86 2.24 0
18:30 741.17 7.11 86 3.13 0
18:31 741.17 7.06 86 7.6 0
18:32 741.17 7.06 86 4.47 0
18:33 741.17 7.06 86 5.36 0
18:34 741.17 7.06 86 4.92 0
18:35 741.17 7.06 86 5.36 0
18:36 741.17 7.06 86 4.02 0
18:37 741.17 7.06 86 4.92 0
18:38 741.17 7.06 86 3.13 0
18:39 741.17 7.06 86 3.58 0
18:40 741.17 7.06 86 4.92 0
18:41 741.17 7.06 86 5.36 0
18:42 741.17 7.06 85 1.79 0
18:43 741.17 7.11 85 5.36 0
18:44 741.17 7.11 85 5.36 0
18:45 741.43 7.11 85 3.58 0
18:46 741.43 7.11 85 4.92 0
18:47 741.43 7.11 85 4.92 0
18:48 741.43 7.17 85 2.24 0
18:49 741.43 7.11 85 5.36 0
18:50 741.43 7.11 85 3.13 0
18:51 741.43 7.11 85 5.36 0
18:52 741.43 7.11 85 4.92 0
18:53 741.43 7.11 85 4.92 0
18:54 741.43 7.17 85 3.13 0
18:55 741.43 7.17 85 6.26 0
18:56 741.43 7.17 84 8.05 0
18:57 741.43 7.22 84 5.81 0
18:58 741.43 7.28 83 4.92 0
18:59 741.43 7.28 83 2.68 0
19:00 741.43 7.33 83 4.92 0
19:01 741.43 7.33 83 7.15 0
19:02 741.43 7.33 83 4.02 0
19:03 741.68 7.39 83 6.26 0
19:04 741.68 7.39 82 5.36 0
19:05 741.68 7.39 82 4.92 0
19:06 741.68 7.39 82 2.68 0
19:07 741.68 7.39 83 4.02 0
19:08 741.68 7.39 83 4.02 0
19:09 741.68 7.33 83 3.58 0
19:10 741.68 7.28 84 .89 0
19:11 741.68 7.28 84 3.13 0
19:12 741.68 7.28 84 3.13 0
19:13 741.68 7.28 84 3.58 0
19:14 741.68 7.22 84 2.24 0
19:15 741.68 7.22 85 1.34 0
19:16 741.68 7.22 85 5.36 0
19:17 741.68 7.22 86 4.47 0
19:18 741.68 7.22 86 3.13 0
19:19 741.68 7.17 86 4.92 0
19:20 741.68 7.17 86 3.58 0
19:21 741.93 7.17 86 3.13 0
19:22 741.93 7.17 87 3.13 0
19:23 741.93 7.17 87 4.92 0
19:24 741.93 7.17 87 4.02 0
19:25 741.93 7.17 87 3.13 0
19:26 741.93 7.17 87 3.13 0
19:27 741.93 7.17 87 1.34 0
19:28 741.93 7.17 87 3.13 0
19:29 741.93 7.17 87 1.79 0
19:30 741.93 7.17 87 3.13 0
19:31 741.93 7.11 88 1.79 0
19:32 741.93 7.11 88 3.13 0
19:33 741.93 7.11 88 2.24 0
19:34 741.93 7.11 88 3.13 0
19:35 741.93 7.11 88 5.36 0
19:36 741.93 7.06 88 4.92 0
19:37 741.93 7.06 88 3.13 0
19:38 741.93 7.06 88 4.92 0
19:39 741.93 7.06 88 5.36 0
19:40 742.19 7.11 88 2.24 0
19:41 741.93 7.06 88 1.79 0
19:42 742.19 7.11 88 1.79 0
19:43 742.19 7.06 88 1.79 0
19:44 742.19 7.06 88 3.13 0
19:45 742.19 7.06 88 4.47 0
19:46 742.19 7.06 88 2.24 0
19:47 742.19 7.06 88 3.13 0
19:48 742.19 7.06 88 4.02 0
19:49 742.19 7 88 1.79 0
19:50 742.19 7 88 1.79 0
19:51 742.19 7 88 1.79 0
19:52 742.19 7 88 2.68 0
19:53 742.19 7 89 3.13 0
19:54 742.19 7 89 2.24 0
19:55 742.19 7 89 4.02 0
19:56 742.44 6.94 89 1.34 0
19:57 742.44 7 89 1.34 0
19:58 742.44 7 89 3.58 0
19:59 742.44 6.94 89 4.02 0
20:00 742.44 6.94 89 3.58 0
20:01 742.44 6.94 89 4.47 0
20:02 742.44 6.94 89 1.79 0
20:03 742.44 6.94 89 3.13 0
20:04 742.44 6.94 89 4.47 0
20:05 742.44 6.94 88 3.58 0
20:06 742.44 7 88 2.68 0
20:07 742.44 7 88 1.34 0
20:08 742.44 7 88 4.47 0
20:09 742.44 7 88 2.68 0
20:10 742.44 7 88 1.79 0
20:11 742.44 6.94 88 3.58 0
20:12 742.44 7 88 3.13 0
20:13 742.44 7 88 2.68 0
20:14 742.44 6.94 88 1.79 0
20:15 742.7 6.94 88 4.47 0
20:16 742.44 6.94 88 3.58 0
20:17 742.7 6.94 88 4.02 0
20:18 742.7 7 88 5.36 0
20:19 742.44 6.94 88 4.47 0
20:20 742.7 7 88 3.58 0
20:21 742.7 7 88 4.02 0
20:22 742.7 7 88 4.02 0
20:23 742.7 7.06 88 4.47 0
20:24 742.7 7.06 87 1.34 0
20:25 742.7 7.06 87 5.36 0
20:26 742.7 7.06 87 4.92 0
20:27 742.7 7.06 87 3.58 0
20:28 742.7 7.06 87 4.47 0
20:29 742.7 7.06 87 3.58 0
20:30 742.7 7.06 87 5.81 0
20:31 742.7 7.06 87 4.47 0
20:32 742.95 7.06 87 5.81 0
20:33 742.7 7.06 87 4.47 0
20:34 742.7 7.06 86 6.26 0
20:35 742.7 7.11 86 5.36 0
20:36 742.7 7.11 86 4.92 0
20:37 742.95 7.11 86 2.68 0
20:38 742.95 7.11 86 3.13 0
20:39 742.95 7.06 86 3.58 0
20:40 742.95 7.06 86 1.34 0
20:41 742.95 7.06 86 7.15 0
20:42 742.95 7.06 86 1.79 0
20:43 742.95 7.06 86 4.92 0
20:44 742.95 7.06 86 2.24 0
20:45 742.95 7.06 86 2.24 0
20:46 742.95 7 86 4.47 0
20:47 742.95 7 86 4.47 0
20:48 742.95 7 86 2.68 0
20:49 742.95 7 86 4.02 0
20:50 742.95 6.94 86 2.24 0
20:51 742.95 6.94 86 5.36 0
20:52 742.95 6.94 86 3.13 0
20:53 742.95 6.94 86 2.68 0
20:54 742.95 6.94 86 4.02 0
20:55 743.2 6.94 86 3.58 0
20:56 743.2 6.94 86 4.92 0
20:57 743.2 6.89 86 2.68 0
20:58 743.2 6.89 86 3.13 0
20:59 743.2 6.89 86 2.68 0
21:00 743.2 6.89 86 8.05 0
21:01 743.2 6.89 86 4.92 0
21:02 743.2 6.89 86 6.71 0
21:03 743.2 6.94 85 3.13 0
21:04 743.2 6.89 86 4.47 0
21:05 743.2 6.89 85 3.58 0
21:06 743.2 6.89 86 1.79 0
21:07 743.2 6.83 86 3.13 0
21:08 743.2 6.83 86 4.02 0
21:09 743.2 6.83 85 2.68 0
21:10 743.2 6.89 86 4.47 0
21:11 743.2 6.83 86 1.79 0
21:12 743.2 6.83 86 2.24 0
21:13 743.46 6.78 86 2.68 0
21:14 743.2 6.78 86 2.24 0
21:15 743.2 6.78 85 6.71 0
21:16 743.2 6.83 85 3.58 0
21:17 743.46 6.78 85 5.36 0
21:18 743.46 6.78 85 4.02 0
21:19 743.46 6.78 85 2.24 0
21:20 743.46 6.78 85 5.81 0
21:21 743.46 6.78 85 3.58 0
21:22 743.46 6.78 85 3.13 0
21:23 743.46 6.78 85 5.36 0
21:24 743.46 6.72 85 4.92 0
21:25 743.46 6.78 85 4.47 0
21:26 743.46 6.72 85 4.47 0
21:27 743.46 6.72 85 1.79 0
21:28 743.46 6.72 85 4.02 0
21:29 743.46 6.67 85 4.92 0
21:30 743.46 6.67 85 4.02 0
21:31 743.46 6.72 85 5.36 0
21:32 743.46 6.67 85 4.47 0
21:33 743.46 6.67 85 4.02 0
21:34 743.46 6.67 85 3.58 0
21:35 743.46 6.72 85 4.92 0
21:36 743.46 6.72 85 3.13 0
21:37 743.71 6.67 85 4.92 0
21:38 743.71 6.72 84 5.81 0
21:39 743.46 6.78 84 4.92 0
21:40 743.71 6.78 84 4.92 0
21:41 743.71 6.78 84 6.26 0
21:42 743.71 6.72 84 2.68 0
21:43 743.71 6.72 84 4.47 0
21:44 743.71 6.67 84 5.36 0
21:45 743.71 6.67 85 3.58 0
21:46 743.71 6.67 84 5.36 0
21:47 743.71 6.67 84 5.36 0
21:48 743.71 6.67 84 3.58 0
21:49 743.71 6.72 84 5.81 0
21:50 743.71 6.67 84 4.02 0
21:51 743.71 6.67 84 4.02 0
21:52 743.71 6.61 84 4.47 0
21:53 743.71 6.67 84 3.13 0
21:54 743.71 6.61 84 6.71 0
21:55 743.71 6.61 84 8.49 0
21:56 743.97 6.61 84 4.92 0
21:57 743.97 6.61 84 4.92 0
21:58 743.97 6.56 84 4.47 0
21:59 743.71 6.56 84 4.47 0
22:00 743.97 6.56 84 5.36 0
22:01 743.97 6.5 84 5.81 0
22:02 743.97 6.5 84 4.92 0
22:03 743.97 6.5 84 5.81 0
22:04 743.97 6.5 84 4.92 0
22:05 743.97 6.44 84 4.92 0
22:06 743.97 6.5 84 4.47 0
22:07 743.97 6.44 84 4.02 0
22:08 743.97 6.44 84 2.68 0
22:09 743.97 6.44 84 3.58 0
22:10 743.97 6.44 84 8.05 0
22:11 743.97 6.39 84 5.36 0
22:12 743.97 6.39 84 4.02 0
22:13 743.97 6.39 85 4.02 0
22:14 744.22 6.33 85 4.92 0
22:15 744.22 6.33 85 4.92 0
22:16 743.97 6.33 85 6.71 0
22:17 743.97 6.33 84 4.47 0
22:18 744.22 6.33 85 4.92 0
22:19 744.22 6.33 85 4.02 0
22:20 744.22 6.28 85 3.58 0
22:21 744.22 6.28 85 4.02 0
22:22 744.22 6.28 85 4.92 0
22:23 744.22 6.28 85 4.47 0
22:24 744.22 6.22 85 4.92 0
22:25 744.22 6.22 85 2.68 0
22:26 744.22 6.22 85 4.92 0
22:27 744.22 6.17 85 4.47 0
22:28 744.22 6.17 85 3.13 0
22:29 744.22 6.17 85 6.26 0
22:30 744.22 6.17 85 3.58 0
22:31 744.22 6.17 85 4.02 0
22:32 744.22 6.17 85 4.02 0
22:33 744.22 6.17 85 4.92 0
22:34 744.47 6.11 85 3.58 0
22:35 744.47 6.11 85 1.79 0
22:36 744.47 6.11 85 5.81 0
22:37 744.47 6.06 85 4.92 0
22:38 744.47 6.06 85 4.47 0
22:39 744.47 6.06 85 3.13 0
22:40 744.47 6 85 6.26 0
22:41 744.47 6 85 4.47 0
22:42 744.47 6 85 4.02 0
22:43 744.47 5.94 85 3.13 0
22:44 744.47 5.94 85 2.68 0
22:45 744.47 5.94 85 4.47 0
22:46 744.47 5.94 85 5.36 0
22:47 744.47 5.94 85 3.58 0
22:48 744.47 5.89 85 3.58 0
22:49 744.73 5.89 85 5.81 0
22:50 744.47 5.83 85 4.02 0
22:51 744.47 5.83 86 4.47 0
22:52 744.73 5.83 86 5.81 0
22:53 744.47 5.83 85 4.92 0
22:54 744.73 5.78 86 2.24 0
22:55 744.73 5.78 86 6.26 0
22:56 744.73 5.78 85 5.81 0
22:57 744.73 5.83 85 4.47 0
22:58 744.73 5.78 85 4.47 0
22:59 744.73 5.78 85 3.13 0
23:00 744.73 5.78 85 4.47 0
23:01 744.73 5.78 85 5.36 0
23:02 744.73 5.72 86 6.71 0
23:03 744.73 5.72 85 5.81 0
23:04 744.73 5.72 86 4.02 0
23:05 744.73 5.67 86 4.47 0
23:06 744.73 5.67 86 5.36 0
23:07 744.73 5.67 86 5.36 0
23:08 744.73 5.67 86 1.79 0
23:09 744.73 5.61 85 4.02 0
23:10 744.73 5.61 86 1.79 0
23:11 744.73 5.56 86 5.36 0
23:12 744.73 5.56 86 3.13 0
23:13 744.73 5.56 86 4.92 0
23:14 744.73 5.56 86 5.36 0
23:15 744.73 5.56 86 3.58 0
23:16 744.73 5.5 86 4.02 0
23:17 744.73 5.5 86 3.58 0
23:18 744.98 5.5 86 3.58 0
23:19 744.73 5.44 86 1.79 0
23:20 744.73 5.44 86 5.36 0
23:21 744.98 5.44 86 2.68 0
23:22 744.98 5.44 86 2.24 0
23:23 744.98 5.39 86 4.02 0
23:24 744.98 5.44 86 5.81 0
23:25 744.98 5.44 86 5.81 0
23:26 744.98 5.44 86 4.47 0
23:27 744.98 5.44 86 4.92 0
23:28 744.98 5.44 86 4.02 0
23:29 744.98 5.39 86 3.13 0
23:30 744.98 5.39 86 4.47 0
23:31 744.98 5.39 86 3.13 0
23:32 744.98 5.33 86 2.68 0
23:33 744.98 5.33 86 6.71 0
23:34 744.98 5.33 86 4.47 0
23:35 744.98 5.33 86 3.13 0
23:36 744.98 5.28 86 3.13 0
23:37 744.98 5.28 86 4.02 0
23:38 744.98 5.28 86 4.02 0
23:39 744.98 5.28 87 7.15 0
23:40 744.98 5.28 86 2.68 0
23:41 745.24 5.28 86 4.92 0
23:42 744.98 5.28 86 5.36 0
23:43 744.98 5.28 86 4.02 0
23:44 745.24 5.22 86 4.92 0
23:45 744.98 5.22 87 3.58 0
23:46 745.24 5.17 86 7.15 0
23:47 745.24 5.17 86 1.34 0
23:48 745.24 5.17 87 4.02 0
23:49 745.24 5.17 86 4.47 0
23:50 745.24 5.17 86 4.92 0
23:51 745.24 5.22 86 4.02 0
23:52 745.24 5.22 86 3.58 0
23:53 745.24 5.17 86 2.68 0
23:54 745.24 5.17 86 5.81 0
23:55 745.24 5.17 86 2.68 0
23:56 745.24 5.17 86 2.24 0
23:57 745.24 5.17 87 3.13 0
23:58 745.24 5.11 87 5.36 0
23:59 745.24 5.11 87 4.47 0
