00:00 733.04 3.5 96 2.68 0
00:01 733.04 3.44 96 1.79 0
00:02 733.04 3.44 96 2.24 0
00:03 733.04 3.44 96 3.58 0
00:04 733.04 3.44 96 3.58 0
00:05 733.04 3.44 96 2.24 0
00:06 733.04 3.44 96 4.47 0
00:07 733.04 3.44 96 4.92 0
00:08 733.04 3.44 96 5.81 0
00:09 733.04 3.5 96 3.58 0
00:10 733.04 3.5 96 4.02 0
00:11 733.04 3.5 96 2.68 0
00:12 733.04 3.5 96 1.79 0
00:13 733.04 3.5 96 2.68 0
00:14 733.04 3.44 96 1.34 0
00:15 733.04 3.5 96 4.47 0
00:16 733.04 3.44 96 1.79 0
00:17 733.04 3.44 96 4.02 0
00:18 733.04 3.44 96 4.02 0
00:19 733.04 3.5 96 4.02 0
00:20 733.04 3.44 96 1.79 0
00:21 733.04 3.5 96 3.58 0
00:22 733.04 3.44 96 1.79 0
00:23 733.04 3.44 96 2.24 0
00:24 733.04 3.44 96 1.79 0
00:25 733.04 3.44 96 1.79 0
00:26 733.04 3.44 96 3.13 0
00:27 733.04 3.44 96 2.68 0
00:28 733.04 3.44 96 1.34 0
00:29 733.04 3.44 96 4.47 0
00:30 733.04 3.44 96 2.68 0
00:31 733.04 3.39 96 5.36 0
00:32 733.04 3.44 96 2.68 0
00:33 733.04 3.44 96 4.02 0
00:34 733.04 3.44 96 1.79 0
00:35 733.04 3.44 96 2.68 0
00:36 733.04 3.44 96 3.58 0
00:37 733.04 3.44 96 3.58 0
00:38 733.04 3.39 96 5.36 0
00:39 733.04 3.44 96 1.34 0
00:40 733.04 3.44 96 4.02 0
00:41 733.04 3.44 96 3.58 0
00:42 733.04 3.44 96 3.58 0
00:43 733.04 3.44 96 4.02 0
00:44 733.04 3.5 96 5.36 0
00:45 733.04 3.5 96 2.24 0
00:46 733.04 3.44 96 3.13 0
00:47 733.04 3.5 96 3.58 0
00:48 733.04 3.5 96 2.24 0
00:49 733.04 3.5 96 4.47 0
00:50 733.04 3.5 96 2.68 0
00:51 733.04 3.56 96 3.13 0
00:52 733.04 3.56 96 2.68 0
00:53 733.04 3.5 96 1.79 0
00:54 733.04 3.5 96 3.58 0
00:55 733.04 3.56 96 1.79 0
00:56 733.04 3.56 96 3.58 0
00:57 733.04 3.56 95 2.24 0
00:58 733.04 3.56 95 4.02 0
00:59 733.04 3.56 95 4.47 0
01:00 733.04 3.56 95 2.68 0
01:01 733.04 3.61 95 4.47 0
01:02 733.04 3.61 95 3.58 0
01:03 733.04 3.61 95 1.34 0
01:04 733.3 3.61 95 3.13 0
01:05 733.04 3.56 95 4.92 0
01:06 733.04 3.56 95 4.02 0
01:07 733.3 3.61 95 5.36 0
01:08 733.3 3.56 95 3.58 0
01:09 733.04 3.56 95 5.81 0
01:10 733.04 3.61 95 3.13 0
01:11 733.04 3.61 95 5.36 0
01:12 733.04 3.56 95 4.02 0
01:13 733.04 3.56 95 2.68 0
01:14 733.04 3.56 95 1.79 0
01:15 733.04 3.56 95 2.68 0
01:16 733.04 3.56 95 3.58 0
01:17 733.04 3.56 95 3.58 0
01:18 733.04 3.56 95 3.58 0
01:19 733.04 3.56 95 4.47 0
01:20 733.04 3.61 95 2.24 0
01:21 733.04 3.61 95 1.79 0
01:22 733.04 3.61 95 2.24 0
01:23 733.04 3.61 95 3.58 0
01:24 733.04 3.61 95 4.02 0
01:25 733.04 3.61 95 4.02 0
01:26 733.04 3.61 95 4.02 0
01:27 733.04 3.61 95 4.47 0
01:28 733.04 3.61 95 3.58 0
01:29 733.04 3.61 95 2.24 0
01:30 733.04 3.56 95 4.47 0
01:31 733.3 3.61 95 1.79 0
01:32 733.04 3.56 95 3.58 0
01:33 733.3 3.61 95 1.79 0
01:34 733.3 3.56 95 1.79 0
01:35 733.3 3.56 95 3.13 0
01:36 733.3 3.56 94 3.58 0
01:37 733.3 3.61 94 2.68 0
01:38 733.3 3.56 94 4.02 0
01:39 733.3 3.56 94 2.68 0
01:40 733.04 3.61 94 2.24 0
01:41 733.3 3.61 94 4.02 0
01:42 733.3 3.61 94 3.13 0
01:43 733.3 3.61 94 3.13 0
01:44 733.3 3.61 94 3.13 0
01:45 733.3 3.61 94 .89 0
01:46 733.04 3.61 94 2.24 0
01:47 733.3 3.61 94 4.02 0
01:48 733.04 3.61 94 6.26 0
01:49 733.04 3.61 94 3.13 0
01:50 733.04 3.67 94 3.58 0
01:51 733.04 3.67 94 3.58 0
01:52 733.3 3.67 94 4.47 0
01:53 733.3 3.67 94 3.13 0
01:54 733.04 3.67 94 4.47 0
01:55 733.3 3.67 94 3.13 0
01:56 733.3 3.67 94 2.68 0
01:57 733.3 3.67 94 4.02 0
01:58 733.3 3.67 94 2.24 0
01:59 733.3 3.67 94 4.47 0
02:00 733.3 3.67 94 4.02 0
02:01 733.3 3.61 93 5.36 0
02:02 733.3 3.61 93 2.24 0
02:03 733.3 3.67 93 2.24 0
02:04 733.3 3.61 93 3.58 0
02:05 733.3 3.61 93 4.02 0
02:06 733.3 3.61 93 2.24 0
02:07 733.3 3.61 93 4.47 0
02:08 733.3 3.61 93 3.58 0
02:09 733.3 3.61 93 2.68 0
02:10 733.3 3.61 93 3.58 0
02:11 733.3 3.61 93 4.02 0
02:12 733.3 3.61 93 1.79 0
02:13 733.3 3.56 93 1.34 0
02:14 733.3 3.56 93 1.79 0
02:15 733.3 3.5 93 2.24 0
02:16 733.3 3.56 93 1.34 0
02:17 733.3 3.5 93 3.13 0
02:18 733.3 3.44 93 3.58 0
02:19 733.3 3.44 93 1.79 0
02:20 733.3 3.44 93 3.58 0
02:21 733.3 3.44 93 2.24 0
02:22 733.3 3.44 93 1.79 0
02:23 733.3 3.44 93 3.58 0
02:24 733.3 3.44 93 1.34 0
02:25 733.3 3.44 93 3.58 0
02:26 733.3 3.39 93 2.24 0
02:27 733.3 3.39 93 4.02 0
02:28 733.3 3.39 93 2.68 0
02:29 733.3 3.39 93 .89 0
02:30 733.3 3.39 93 2.24 0
02:31 733.3 3.39 93 1.79 0
02:32 733.3 3.39 93 1.79 0
02:33 733.55 3.33 93 2.68 0
02:34 733.55 3.33 93 3.58 0
02:35 733.55 3.33 93 2.68 0
02:36 733.55 3.33 93 1.79 0
02:37 733.55 3.33 93 1.79 0
02:38 733.55 3.33 93 3.58 0
02:39 733.55 3.33 93 .89 0
02:40 733.55 3.28 93 .89 0
02:41 733.55 3.28 93 1.34 0
02:42 733.55 3.28 93 1.34 0
02:43 733.55 3.28 93 1.79 0
02:44 733.55 3.28 93 3.13 0
02:45 733.55 3.28 93 1.79 0
02:46 733.55 3.28 93 3.58 0
02:47 733.55 3.28 93 2.68 0
02:48 733.55 3.28 93 2.24 0
02:49 733.55 3.28 93 2.24 0
02:50 733.55 3.28 93 4.92 0
02:51 733.55 3.28 93 3.13 0
02:52 733.55 3.28 93 2.68 0
02:53 733.55 3.28 93 1.79 0
02:54 733.55 3.22 93 2.68 0
02:55 733.3 3.28 93 3.58 0
02:56 733.55 3.28 93 4.47 0
02:57 733.55 3.28 93 1.79 0
02:58 733.55 3.28 93 3.58 0
02:59 733.3 3.28 93 1.34 0
03:00 733.55 3.28 93 3.13 0
03:01 733.55 3.28 93 2.68 0
03:02 733.55 3.28 93 4.47 0
03:03 733.55 3.28 93 3.58 0
03:04 733.55 3.28 93 2.68 0
03:05 733.3 3.28 93 2.68 0
03:06 733.3 3.28 93 1.79 0
03:07 733.55 3.22 93 2.24 0
03:08 733.55 3.22 93 2.68 0
03:09 733.55 3.22 93 4.02 0
03:10 733.55 3.28 93 2.68 0
03:11 733.55 3.22 93 1.79 0
03:12 733.55 3.22 93 2.24 0
03:13 733.3 3.22 92 1.79 0
03:14 733.55 3.22 92 3.58 0
03:15 733.55 3.17 92 4.47 0
03:16 733.55 3.17 92 2.68 0
03:17 733.55 3.22 92 3.13 0
03:18 733.55 3.17 92 1.79 0
03:19 733.55 3.17 92 2.24 0
03:20 733.55 3.17 92 4.47 0
03:21 733.55 3.17 92 1.79 0
03:22 733.55 3.17 92 1.79 0
03:23 733.55 3.17 92 4.02 0
03:24 733.55 3.17 92 1.79 0
03:25 733.55 3.17 92 1.79 0
03:26 733.55 3.11 92 2.24 0
03:27 733.55 3.11 92 2.68 0
03:28 733.55 3.11 92 1.79 0
03:29 733.55 3.11 92 4.47 0
03:30 733.55 3.17 92 4.47 0
03:31 733.55 3.11 92 1.34 0
03:32 733.55 3.11 92 4.02 0
03:33 733.81 3.11 92 1.79 0
03:34 733.55 3.11 92 4.47 0
03:35 733.81 3.11 92 5.36 0
03:36 733.55 3.11 92 6.26 0
03:37 733.55 3.11 92 2.24 0
03:38 733.55 3.17 92 3.58 0
03:39 733.55 3.11 92 5.36 0
03:40 733.55 3.17 92 1.79 0
03:41 733.55 3.11 92 1.79 0
03:42 733.55 3.11 92 4.92 0
03:43 733.81 3.11 92 3.13 0
03:44 733.81 3.11 92 4.47 0
03:45 733.81 3.11 92 4.02 0
03:46 733.81 3.17 92 3.58 0
03:47 733.81 3.17 92 3.13 0
03:48 733.81 3.17 92 2.24 0
03:49 733.81 3.17 92 3.13 0
03:50 733.81 3.17 92 1.79 0
03:51 733.81 3.17 92 4.02 0
03:52 733.81 3.17 92 .89 0
03:53 733.81 3.17 92 3.58 0
03:54 733.81 3.17 92 3.58 0
03:55 733.81 3.17 92 1.79 0
03:56 733.81 3.17 92 2.68 0
03:57 733.81 3.17 92 3.13 0
03:58 733.81 3.17 92 2.24 0
03:59 733.81 3.17 92 3.13 0
04:00 733.81 3.17 92 3.13 0
04:01 733.81 3.17 92 1.79 0
04:02 733.81 3.17 92 3.58 0
04:03 733.55 3.22 92 1.34 0
04:04 733.55 3.22 92 3.58 0
04:05 733.55 3.22 92 3.58 0
04:06 733.55 3.22 92 3.58 0
04:07 733.55 3.28 92 6.71 0
04:08 733.55 3.28 92 2.68 0
04:09 733.55 3.28 91 3.13 0
04:10 733.55 3.28 91 3.13 0
04:11 733.55 3.28 91 6.26 0
04:12 733.55 3.28 91 4.02 0
04:13 733.55 3.33 91 3.13 0
04:14 733.55 3.33 91 3.13 0
04:15 733.55 3.33 90 1.34 0
04:16 733.55 3.33 91 3.13 0
04:17 733.55 3.33 90 4.92 0
04:18 733.55 3.33 90 4.47 0
04:19 733.55 3.33 90 4.02 0
04:20 733.3 3.39 90 5.81 0
04:21 733.3 3.39 90 4.02 0
04:22 733.3 3.39 90 1.34 0
04:23 733.3 3.39 90 1.79 0
04:24 733.55 3.33 90 2.68 0
04:25 733.55 3.33 90 2.68 0
04:26 733.55 3.33 90 1.79 0
04:27 733.55 3.33 89 3.58 0
04:28 733.55 3.33 89 5.36 0
04:29 733.55 3.33 89 4.47 0
04:30 733.55 3.33 89 2.24 0
04:31 733.3 3.28 89 3.13 0
04:32 733.3 3.28 89 1.34 0
04:33 733.3 3.28 89 3.13 0
04:34 733.3 3.28 89 3.13 0
04:35 733.3 3.28 89 3.58 0
04:36 733.3 3.28 89 2.68 0
04:37 733.3 3.28 89 3.58 0
04:38 733.3 3.28 89 4.47 0
04:39 733.3 3.28 89 1.34 0
04:40 733.3 3.28 89 4.92 0
04:41 733.3 3.28 89 4.47 0
04:42 733.3 3.28 89 4.47 0
04:43 733.3 3.28 89 3.13 0
04:44 733.3 3.28 89 2.24 0
04:45 733.3 3.28 89 1.79 0
04:46 733.3 3.28 89 1.79 0
04:47 733.3 3.22 89 1.79 0
04:48 733.3 3.28 89 3.58 0
04:49 733.3 3.22 89 2.24 0
04:50 733.3 3.22 89 4.47 0
04:51 733.3 3.28 89 3.13 0
04:52 733.3 3.22 89 3.13 0
04:53 733.3 3.22 89 3.58 0
04:54 733.3 3.22 89 4.02 0
04:55 733.04 3.22 89 4.02 0
04:56 733.04 3.22 89 3.13 0
04:57 733.04 3.22 89 1.79 0
04:58 733.04 3.22 89 2.24 0
04:59 733.04 3.22 89 1.79 0
05:00 733.04 3.17 89 3.58 0
05:01 733.04 3.17 89 .89 0
05:02 733.04 3.17 89 2.24 0
05:03 733.04 3.17 89 4.47 0
05:04 733.04 3.11 89 4.02 0
05:05 733.04 3.11 90 2.68 0
05:06 733.04 3.11 90 1.34 0
05:07 733.04 3.06 90 4.47 0
05:08 733.04 3.11 90 1.79 0
05:09 733.04 3.06 90 3.13 0
05:10 733.04 3.06 90 2.24 0
05:11 733.04 3 90 3.58 0
05:12 733.04 3 90 4.47 0
05:13 733.04 3 90 2.24 0
05:14 733.04 2.94 90 1.79 0
05:15 733.04 2.94 90 3.58 0
05:16 733.04 2.94 90 3.13 0
05:17 733.04 2.94 90 2.68 0
05:18 733.04 2.94 90 3.58 0
05:19 733.04 2.94 90 1.34 0
05:20 733.04 2.94 90 1.79 0
05:21 733.04 2.89 90 4.02 0
05:22 733.04 2.83 91 1.79 0
05:23 733.04 2.83 91 1.79 0
05:24 733.04 2.83 91 3.13 0
05:25 733.04 2.83 91 2.24 0
05:26 733.04 2.78 91 2.24 0
05:27 733.04 2.78 91 2.24 0
05:28 733.04 2.78 91 3.13 0
05:29 733.04 2.83 91 3.58 0
05:30 733.04 2.78 91 3.58 0
05:31 733.04 2.78 91 5.36 0
05:32 733.04 2.78 91 4.47 0
05:33 733.04 2.78 91 1.79 0
05:34 733.04 2.78 91 1.79 0
05:35 733.04 2.83 91 3.58 0
05:36 733.04 2.83 91 1.79 0
05:37 733.04 2.78 92 3.13 0
05:38 733.04 2.78 92 1.34 0
05:39 733.04 2.83 92 2.24 0
05:40 733.04 2.78 92 1.34 0
05:41 733.04 2.78 92 2.24 0
05:42 733.04 2.78 92 1.79 0
05:43 733.04 2.78 92 2.68 0
05:44 733.04 2.78 92 2.68 0
05:45 733.04 2.78 92 2.68 0
05:46 733.04 2.83 92 4.47 0
05:47 733.04 2.78 92 1.34 0
05:48 733.04 2.78 92 2.68 0
05:49 733.04 2.78 92 3.13 0
05:50 733.04 2.83 92 1.79 0
05:51 733.04 2.83 92 1.79 0
05:52 733.04 2.83 92 3.13 0
05:53 733.04 2.83 92 3.58 0
05:54 733.04 2.83 92 2.68 0
05:55 733.04 2.83 92 2.68 0
05:56 733.04 2.83 92 1.34 0
05:57 733.04 2.83 92 2.24 0
05:58 733.04 2.83 92 3.58 0
05:59 733.04 2.83 92 2.24 0
06:00 733.04 2.83 92 1.79 0
06:01 733.04 2.83 92 3.58 0
06:02 733.04 2.83 92 3.13 0
06:03 733.04 2.83 92 2.24 0
06:04 733.04 2.83 92 1.34 0
06:05 733.04 2.83 92 1.79 0
06:06 733.04 2.83 92 1.79 0
06:07 733.04 2.83 92 1.79 0
06:08 733.04 2.83 92 1.79 0
06:09 733.04 2.83 92 3.58 0
06:10 733.04 2.83 92 3.13 0
06:11 733.3 2.83 92 1.79 0
06:12 733.3 2.83 92 1.79 0
06:13 733.3 2.83 92 2.68 0
06:14 733.3 2.83 92 1.34 0
06:15 733.3 2.83 92 3.58 0
06:16 733.04 2.83 92 4.02 0
06:17 733.04 2.83 92 3.13 0
06:18 733.04 2.83 92 4.02 0
06:19 733.04 2.83 92 1.79 0
06:20 733.04 2.83 92 1.79 0
06:21 733.04 2.83 92 1.79 0
06:22 733.04 2.78 92 1.79 0
06:23 733.04 2.78 92 3.58 0
06:24 733.04 2.83 92 2.68 0
06:25 733.04 2.78 92 1.79 0
06:26 733.04 2.78 92 2.24 0
06:27 733.04 2.83 92 3.13 0
06:28 733.04 2.78 92 2.24 0
06:29 733.04 2.78 92 2.24 0
06:30 733.04 2.83 92 2.24 0
06:31 733.04 2.83 92 3.13 0
06:32 733.04 2.78 92 3.13 0
06:33 733.04 2.83 92 3.13 0
06:34 733.04 2.83 92 4.02 0
06:35 733.04 2.83 92 4.47 0
06:36 733.04 2.83 92 4.02 0
06:37 733.04 2.83 92 3.13 0
06:38 733.04 2.83 92 3.13 0
06:39 733.04 2.83 92 2.68 0
06:40 733.04 2.83 92 4.02 0
06:41 733.04 2.83 92 2.68 0
06:42 733.04 2.83 92 2.24 0
06:43 733.04 2.83 92 2.68 0
06:44 733.04 2.83 92 3.13 0
06:45 733.04 2.83 92 3.58 0
06:46 733.04 2.89 92 2.24 0
06:47 733.04 2.83 92 4.92 0
06:48 733.04 2.89 92 2.24 0
06:49 733.04 2.89 92 2.68 0
06:50 733.04 2.89 92 3.13 0
06:51 733.3 2.94 92 4.02 0
06:52 733.3 2.89 92 2.24 0
06:53 733.3 2.89 92 4.02 0
06:54 733.3 2.89 92 2.24 0
06:55 733.3 2.89 92 2.24 0
06:56 733.3 2.89 92 1.79 0
06:57 733.3 2.89 92 1.79 0
06:58 733.3 2.94 92 4.47 0
06:59 733.04 2.89 92 1.79 0
07:00 733.04 2.83 92 6.26 0
07:01 733.04 2.89 92 4.92 0
07:02 733.04 2.89 92 4.47 0
07:03 733.3 2.89 92 5.36 0
07:04 733.3 2.89 92 3.13 0
07:05 733.3 2.89 93 1.79 0
07:06 733.3 2.89 93 1.34 0
07:07 733.3 2.83 92 2.68 0
07:08 733.3 2.83 92 2.24 0
07:09 733.3 2.83 92 4.02 0
07:10 733.04 2.83 92 1.79 0
07:11 733.04 2.83 93 2.68 0
07:12 733.3 2.83 93 2.24 0
07:13 733.04 2.83 93 4.92 0
07:14 733.04 2.83 93 3.13 0
07:15 733.04 2.83 93 2.68 0
07:16 733.04 2.83 93 4.47 0
07:17 733.3 2.83 93 4.47 0
07:18 733.04 2.78 93 4.47 0
07:19 733.04 2.83 93 3.58 0
07:20 733.3 2.83 93 3.58 0
07:21 733.04 2.83 93 3.13 0
07:22 733.04 2.83 93 4.02 0
07:23 733.3 2.83 93 2.68 0
07:24 733.3 2.78 93 2.24 0
07:25 733.3 2.78 93 4.47 0
07:26 733.3 2.78 93 2.68 0
07:27 733.3 2.78 93 3.58 0
07:28 733.3 2.78 93 2.68 0
07:29 733.04 2.72 93 2.24 0
07:30 733.04 2.78 93 4.02 0
07:31 733.04 2.78 93 4.02 0
07:32 733.3 2.78 93 2.24 0
07:33 733.3 2.78 93 2.24 0
07:34 733.04 2.78 93 1.79 0
07:35 733.04 2.72 93 2.24 0
07:36 733.3 2.78 93 2.24 0
07:37 733.3 2.78 94 3.13 0
07:38 733.04 2.72 94 .45 0
07:39 733.04 2.78 94 3.58 0
07:40 733.3 2.72 94 4.02 0
07:41 733.04 2.72 94 4.02 0
07:42 733.04 2.72 94 2.68 0
07:43 733.3 2.78 94 1.79 0
07:44 733.04 2.72 94 2.24 0
07:45 733.04 2.72 94 3.58 0
07:46 733.04 2.72 94 3.58 0
07:47 733.04 2.72 94 4.92 0
07:48 733.04 2.72 94 4.02 0
07:49 733.04 2.78 94 3.58 0
07:50 733.04 2.78 94 4.02 0
07:51 733.04 2.72 94 4.47 0
07:52 733.04 2.78 94 4.02 0
07:53 733.04 2.78 94 4.47 0
07:54 733.04 2.78 94 4.47 0
07:55 733.04 2.72 94 5.36 0
07:56 733.3 2.72 94 3.58 0
07:57 733.04 2.78 94 5.36 0
07:58 733.3 2.78 94 3.58 0
07:59 733.04 2.78 94 4.02 0
08:00 733.3 2.78 94 3.13 0
08:01 733.3 2.78 94 2.68 0
08:02 733.04 2.78 94 1.79 0
08:03 733.3 2.78 94 2.68 0
08:04 733.3 2.78 94 1.79 0
08:05 733.3 2.78 94 4.02 0
08:06 733.3 2.78 94 3.58 0
08:07 733.3 2.78 94 4.02 0
08:08 733.3 2.78 94 3.58 0
08:09 733.3 2.78 94 2.24 0
08:10 733.3 2.78 94 2.24 0
08:11 733.3 2.78 94 5.81 0
08:12 733.3 2.78 94 1.79 0
08:13 733.3 2.78 94 5.36 0
08:14 733.3 2.78 94 3.58 0
08:15 733.3 2.78 94 4.47 0
08:16 733.3 2.78 94 2.24 0
08:17 733.3 2.78 93 3.13 0
08:18 733.3 2.78 94 4.47 0
08:19 733.3 2.78 93 2.24 0
08:20 733.3 2.78 93 3.58 0
08:21 733.3 2.78 93 4.02 0
08:22 733.3 2.78 93 3.13 0
08:23 733.3 2.78 93 3.13 0
08:24 733.3 2.78 93 2.68 0
08:25 733.3 2.78 93 3.58 0
08:26 733.3 2.78 93 3.58 0
08:27 733.3 2.78 93 2.24 0
08:28 733.3 2.78 93 3.58 0
08:29 733.3 2.78 93 1.79 0
08:30 733.3 2.78 93 4.02 0
08:31 733.55 2.78 93 1.79 0
08:32 733.55 2.78 93 1.79 0
08:33 733.3 2.72 93 1.79 0
08:34 733.3 2.78 93 2.24 0
08:35 733.3 2.72 93 3.58 0
08:36 733.3 2.78 93 2.68 0
08:37 733.3 2.78 93 4.02 0
08:38 733.3 2.78 93 2.68 0
08:39 733.3 2.78 93 3.58 0
08:40 733.3 2.78 93 3.58 0
08:41 733.3 2.78 93 2.68 0
08:42 733.55 2.78 93 3.13 0
08:43 733.55 2.78 93 4.02 0
08:44 733.55 2.78 93 1.34 0
08:45 733.55 2.83 93 4.02 0
08:46 733.55 2.83 93 3.13 0
08:47 733.55 2.83 92 5.81 0
08:48 733.55 2.83 92 1.79 0
08:49 733.55 2.83 92 2.24 0
08:50 733.55 2.83 92 3.58 0
08:51 733.55 2.83 92 4.02 0
08:52 733.55 2.83 92 2.24 0
08:53 733.55 2.83 92 2.24 0
08:54 733.55 2.83 92 .89 0
08:55 733.55 2.89 92 4.02 0
08:56 733.55 2.89 92 4.02 0
08:57 733.55 2.83 92 2.24 0
08:58 733.55 2.89 92 4.02 0
08:59 733.55 2.83 92 2.24 0
09:00 733.55 2.89 92 2.68 0
09:01 733.55 2.89 92 2.68 0
09:02 733.55 2.89 92 4.47 0
09:03 733.55 2.94 92 3.13 0
09:04 733.55 2.94 92 2.68 0
09:05 733.55 2.89 92 1.79 0
09:06 733.55 2.89 92 1.79 0
09:07 733.55 2.89 92 2.68 0
09:08 733.55 2.89 92 3.58 0
09:09 733.55 2.89 92 3.58 0
09:10 733.55 2.89 92 4.47 0
09:11 733.55 2.89 92 3.58 0
09:12 733.55 2.89 92 2.68 0
09:13 733.55 2.89 92 3.58 0
09:14 733.55 2.89 92 3.58 0
09:15 733.55 2.89 92 2.68 0
09:16 733.55 2.89 91 2.68 0
09:17 733.55 2.89 91 3.13 0
09:18 733.55 2.89 91 3.58 0
09:19 733.55 2.89 91 2.68 0
09:20 733.55 2.94 91 3.13 0
09:21 733.55 2.89 91 3.13 0
09:22 733.55 2.89 91 2.24 0
09:23 733.55 2.89 91 1.79 0
09:24 733.55 2.94 91 4.92 0
09:25 733.55 2.89 91 3.58 0
09:26 733.55 2.89 91 2.68 0
09:27 733.55 2.89 91 2.24 0
09:28 733.55 2.89 91 3.58 0
09:29 733.55 2.89 91 3.13 0
09:30 733.55 2.89 91 4.02 0
09:31 733.55 2.89 91 6.26 0
09:32 733.55 2.89 91 4.92 0
09:33 733.55 2.94 91 5.36 0
09:34 733.55 2.94 91 5.81 0
09:35 733.55 2.94 91 3.58 0
09:36 733.55 2.94 91 1.79 0
09:37 733.55 2.94 91 3.13 0
09:38 733.55 2.94 91 2.68 0
09:39 733.55 2.94 91 3.58 0
09:40 733.55 2.94 90 4.02 0
09:41 733.55 2.94 90 2.68 0
09:42 733.81 2.94 90 5.81 0
09:43 733.81 2.94 90 5.36 0
09:44 733.81 2.94 90 3.13 0
09:45 733.55 2.94 90 3.58 0
09:46 733.55 3 90 5.81 0
09:47 733.55 3 90 4.47 0
09:48 733.81 3.06 90 1.79 0
09:49 733.55 3.06 90 1.79 0
09:50 733.81 3.06 90 3.58 0
09:51 733.55 3.06 90 4.92 0
09:52 733.55 3 89 4.92 0
09:53 733.55 3.06 89 4.47 0
09:54 733.81 3.06 89 4.47 0
09:55 733.55 3.06 89 3.58 0
09:56 733.55 3.06 89 3.13 0
09:57 733.81 3.06 89 6.26 0
09:58 733.55 3.06 89 5.36 0
09:59 733.81 3.11 89 3.13 0
10:00 733.81 3.11 89 4.47 0
10:01 733.81 3.11 89 2.68 0
10:02 733.81 3.11 89 3.13 0
10:03 733.81 3.11 89 3.13 0
10:04 733.81 3.11 89 1.79 0
10:05 733.81 3.11 89 5.36 0
10:06 733.55 3.06 89 4.02 0
10:07 733.55 3.11 89 4.92 0
10:08 733.55 3.11 89 3.13 0
10:09 733.81 3.11 89 4.02 0
10:10 733.81 3.11 89 4.47 0
10:11 733.81 3.11 89 3.58 0
10:12 733.55 3.11 89 2.24 0
10:13 733.55 3.17 89 4.47 0
10:14 733.55 3.17 89 5.81 0
10:15 733.55 3.17 89 1.79 0
10:16 733.55 3.22 89 1.34 0
10:17 733.81 3.17 89 4.92 0
10:18 733.55 3.22 89 4.02 0
10:19 733.55 3.22 89 3.13 0
10:20 733.55 3.22 89 1.34 0
10:21 733.55 3.22 89 3.58 0
10:22 733.55 3.22 89 2.24 0
10:23 733.55 3.22 89 3.58 0
10:24 733.55 3.22 89 5.36 0
10:25 733.55 3.22 89 3.13 0
10:26 733.55 3.28 89 6.26 0
10:27 733.55 3.28 89 4.47 0
10:28 733.55 3.28 89 5.81 0
10:29 733.55 3.28 89 4.02 0
10:30 733.55 3.28 89 3.58 0
10:31 733.55 3.28 89 6.71 0
10:32 733.55 3.28 89 4.47 0
10:33 733.55 3.28 89 4.02 0
10:34 733.55 3.28 89 7.6 0
10:35 733.55 3.33 89 4.02 0
10:36 733.55 3.33 88 4.02 0
10:37 733.81 3.33 88 6.26 0
10:38 733.81 3.33 88 6.71 0
10:39 733.81 3.39 88 5.36 0
10:40 733.55 3.39 88 3.13 0
10:41 733.81 3.39 88 2.68 0
10:42 733.81 3.33 88 6.26 0
10:43 733.81 3.33 88 4.92 0
10:44 733.81 3.33 88 6.26 0
10:45 733.81 3.33 88 5.36 0
10:46 733.81 3.39 88 5.36 0
10:47 733.81 3.39 88 4.92 0
10:48 733.81 3.39 88 5.36 0
10:49 733.81 3.39 88 1.79 0
10:50 733.81 3.33 88 3.58 0
10:51 733.81 3.39 88 1.34 0
10:52 733.81 3.33 88 7.15 0
10:53 733.81 3.39 88 3.58 0
10:54 733.81 3.39 88 5.81 0
10:55 733.81 3.39 88 5.36 0
10:56 733.81 3.39 88 3.13 0
10:57 733.81 3.39 88 5.81 0
10:58 733.81 3.39 88 4.47 0
10:59 733.81 3.39 88 4.92 0
11:00 733.81 3.39 88 5.81 0
11:01 733.81 3.39 88 4.92 0
11:02 733.81 3.39 88 4.02 0
11:03 733.81 3.39 88 4.92 0
11:04 733.81 3.39 88 4.02 0
11:05 733.81 3.39 88 2.68 0
11:06 733.81 3.39 88 5.81 0
11:07 733.81 3.39 88 4.92 0
11:08 733.81 3.39 88 4.02 0
11:09 733.81 3.39 88 3.13 0
11:10 733.81 3.39 88 2.68 0
11:11 734.06 3.39 88 2.68 0
11:12 734.06 3.44 88 5.36 0
11:13 734.06 3.44 88 3.58 0
11:14 733.81 3.44 88 3.58 0
11:15 734.06 3.44 88 4.47 0
11:16 734.06 3.5 88 4.92 0
11:17 734.06 3.5 87 3.58 0
11:18 734.06 3.56 87 3.13 0
11:19 734.06 3.56 88 4.47 0
11:20 734.06 3.56 87 4.92 0
11:21 734.06 3.56 87 5.36 0
11:22 734.06 3.61 87 5.36 0
11:23 733.81 3.61 87 4.92 0
11:24 733.81 3.61 87 4.02 0
11:25 734.06 3.61 87 1.34 0
11:26 734.06 3.61 87 5.36 0
11:27 733.81 3.61 87 3.58 0
11:28 733.81 3.56 87 4.02 0
11:29 734.06 3.56 87 3.58 0
11:30 734.06 3.61 87 4.47 0
11:31 734.06 3.56 87 4.02 0
11:32 734.06 3.56 87 6.71 0
11:33 734.06 3.56 87 5.36 0
11:34 734.06 3.56 87 4.02 0
11:35 734.06 3.56 87 6.26 0
11:36 734.06 3.56 87 6.26 0
11:37 734.06 3.5 87 5.36 0
11:38 734.06 3.56 87 5.36 0
11:39 734.06 3.56 87 4.02 0
11:40 734.06 3.56 87 5.81 0
11:41 734.06 3.56 87 4.02 0
11:42 734.06 3.56 87 4.47 0
11:43 734.06 3.56 87 3.58 0
11:44 734.06 3.5 87 4.92 0
11:45 734.06 3.56 87 4.47 0
11:46 734.06 3.5 86 4.02 0
11:47 734.06 3.56 86 4.92 0
11:48 734.06 3.5 86 3.13 0
11:49 734.06 3.5 86 5.81 0
11:50 734.06 3.56 86 5.81 0
11:51 734.06 3.56 86 1.34 0
11:52 733.81 3.56 86 1.79 0
11:53 733.81 3.56 86 5.36 0
11:54 733.81 3.56 86 7.15 0
11:55 734.06 3.56 86 4.47 0
11:56 734.06 3.56 86 2.24 0
11:57 734.06 3.56 86 2.68 0
11:58 734.06 3.56 86 3.13 0
11:59 734.06 3.56 86 1.79 0
12:00 734.06 3.56 86 3.58 0
12:01 734.06 3.56 86 2.68 0
12:02 734.06 3.56 86 4.47 0
12:03 734.06 3.56 86 3.58 0
12:04 734.06 3.56 86 6.71 0
12:05 734.06 3.61 86 5.36 0
12:06 734.06 3.61 85 4.47 0
12:07 734.06 3.61 85 3.58 0
12:08 734.06 3.61 85 3.58 0
12:09 734.06 3.61 85 3.13 0
12:10 734.06 3.61 85 1.34 0
12:11 733.81 3.61 86 3.13 0
12:12 734.06 3.61 86 4.02 0
12:13 733.81 3.61 86 3.13 0
12:14 734.06 3.56 86 1.34 0
12:15 734.06 3.61 86 5.36 0
12:16 734.06 3.56 86 3.58 0
12:17 734.06 3.61 86 2.68 0
12:18 734.06 3.56 86 1.79 0
12:19 733.81 3.61 86 1.34 0
12:20 734.06 3.56 86 2.24 0
12:21 733.81 3.61 86 2.24 0
12:22 733.81 3.56 86 6.71 0
12:23 733.81 3.56 86 3.13 0
12:24 733.81 3.56 86 4.47 0
12:25 733.81 3.61 86 3.58 0
12:26 733.81 3.56 86 3.13 0
12:27 733.81 3.61 86 4.02 0
12:28 733.81 3.61 86 3.58 0
12:29 733.81 3.61 86 4.02 0
12:30 733.81 3.61 86 4.92 0
12:31 733.81 3.61 87 5.36 0
12:32 733.81 3.61 86 3.13 0
12:33 733.81 3.61 86 2.24 0
12:34 733.81 3.61 86 4.92 0
12:35 733.81 3.67 87 4.92 0
12:36 733.81 3.67 86 4.02 0
12:37 733.81 3.67 86 2.24 0
12:38 733.81 3.67 86 3.13 0
12:39 733.81 3.67 86 1.79 0
12:40 733.81 3.67 86 4.47 0
12:41 733.81 3.67 86 4.92 0
12:42 733.81 3.72 87 2.68 0
12:43 733.81 3.72 87 5.36 0
12:44 733.81 3.72 87 3.13 0
12:45 733.81 3.72 86 4.92 0
12:46 734.06 3.72 87 3.58 0
12:47 734.06 3.72 86 2.24 0
12:48 734.06 3.72 87 4.47 0
12:49 733.81 3.72 87 2.68 0
12:50 734.06 3.72 87 1.79 0
12:51 733.81 3.72 87 2.68 0
12:52 733.81 3.72 87 3.13 0
12:53 733.81 3.72 87 2.24 0
12:54 734.06 3.67 87 2.24 0
12:55 733.81 3.72 87 4.92 0
12:56 734.06 3.72 87 4.02 0
12:57 733.81 3.72 87 1.34 0
12:58 733.81 3.72 87 2.24 0
12:59 734.06 3.72 87 4.02 0
13:00 733.81 3.72 87 1.79 0
13:01 733.81 3.72 87 3.13 0
13:02 734.06 3.72 87 4.92 0
13:03 734.06 3.72 88 4.92 0
13:04 733.81 3.72 88 4.02 0
13:05 733.81 3.78 88 4.92 0
13:06 733.81 3.72 88 4.47 0
13:07 734.06 3.72 88 5.36 0
13:08 734.06 3.78 88 3.58 0
13:09 734.06 3.78 88 5.81 0
13:10 733.81 3.78 88 5.36 0
13:11 734.06 3.78 88 2.24 0
13:12 734.06 3.78 88 2.24 0
13:13 733.81 3.78 88 4.92 0
13:14 734.06 3.78 88 3.58 0
13:15 734.06 3.78 88 4.02 0
13:16 734.06 3.78 88 3.13 0
13:17 734.06 3.78 88 3.58 0
13:18 734.06 3.78 88 2.24 0
13:19 734.06 3.78 88 1.79 0
13:20 734.06 3.78 88 2.24 0
13:21 734.06 3.72 88 5.36 0
13:22 734.06 3.72 88 2.68 0
13:23 733.81 3.67 88 4.47 0
13:24 734.06 3.72 88 3.58 0
13:25 733.81 3.72 88 2.68 0
13:26 733.81 3.72 88 1.79 0
13:27 733.81 3.67 88 3.58 0
13:28 733.81 3.72 88 4.47 0
13:29 733.81 3.72 88 4.02 0
13:30 733.81 3.72 88 2.24 0
13:31 733.81 3.67 88 1.79 0
13:32 733.81 3.72 88 4.02 0
13:33 734.06 3.72 88 3.13 0
13:34 733.81 3.72 88 4.02 0
13:35 733.81 3.72 88 4.02 0
13:36 733.81 3.72 88 4.47 0
13:37 734.06 3.67 88 1.79 0
13:38 734.06 3.72 88 2.24 0
13:39 733.81 3.67 88 4.02 0
13:40 733.81 3.72 88 4.47 0
13:41 734.06 3.72 88 4.47 0
13:42 734.06 3.72 88 3.58 0
13:43 734.06 3.72 88 3.58 0
13:44 734.06 3.72 88 3.13 0
13:45 734.06 3.72 88 3.58 0
13:46 734.06 3.72 88 5.81 0
13:47 734.06 3.72 88 3.58 0
13:48 734.06 3.78 88 2.24 0
13:49 734.06 3.72 88 3.13 0
13:50 733.81 3.72 88 2.68 0
13:51 734.06 3.72 88 5.81 0
13:52 733.81 3.78 88 4.92 0
13:53 733.81 3.78 88 5.81 0
13:54 733.81 3.78 88 1.79 0
13:55 733.81 3.78 88 3.58 0
13:56 733.81 3.78 88 1.79 0
13:57 733.81 3.72 88 1.79 0
13:58 733.81 3.72 88 3.13 0
13:59 733.81 3.72 88 2.24 0
14:00 733.81 3.72 88 4.92 0
14:01 733.81 3.72 88 3.13 0
14:02 733.81 3.72 89 6.71 0
14:03 733.81 3.72 89 3.58 0
14:04 733.81 3.72 89 5.81 0
14:05 733.81 3.72 89 4.47 0
14:06 733.81 3.72 89 3.58 0
14:07 733.81 3.78 89 3.58 0
14:08 733.81 3.72 89 5.81 0
14:09 733.81 3.78 89 4.02 0
14:10 733.81 3.78 89 3.13 0
14:11 734.06 3.72 89 2.24 0
14:12 733.81 3.72 89 3.13 0
14:13 733.81 3.72 89 3.13 0
14:14 734.06 3.72 89 4.47 0
14:15 734.06 3.72 89 1.79 0
14:16 733.81 3.72 89 4.92 0
14:17 733.81 3.72 89 5.81 0
14:18 733.81 3.72 89 4.92 0
14:19 733.81 3.72 89 4.47 0
14:20 733.81 3.72 89 2.24 0
14:21 733.81 3.72 89 6.71 0
14:22 733.81 3.72 89 4.02 0
14:23 733.81 3.72 89 4.47 0
14:24 733.81 3.78 89 4.47 0
14:25 733.81 3.72 89 4.92 0
14:26 733.81 3.78 89 4.02 0
14:27 733.81 3.72 89 2.24 0
14:28 733.81 3.78 89 4.92 0
14:29 733.81 3.78 89 5.81 0
14:30 733.81 3.72 88 2.68 0
14:31 733.81 3.72 88 4.02 0
14:32 733.81 3.78 88 3.58 0
14:33 733.81 3.78 88 4.92 0
14:34 733.81 3.78 88 4.02 0
14:35 733.81 3.78 88 3.58 0
14:36 733.81 3.78 88 3.58 0
14:37 733.81 3.78 88 3.13 0
14:38 733.81 3.72 88 1.79 0
14:39 733.81 3.72 88 1.79 0
14:40 733.81 3.72 88 4.02 0
14:41 734.06 3.72 88 3.58 0
14:42 734.06 3.72 88 3.58 0
14:43 734.06 3.72 88 4.92 0
14:44 734.06 3.72 88 4.47 0
14:45 734.06 3.67 88 4.92 0
14:46 734.06 3.72 88 4.92 0
14:47 734.06 3.72 88 5.81 0
14:48 734.06 3.72 88 4.47 0
14:49 734.06 3.72 88 2.68 0
14:50 734.06 3.72 88 5.36 0
14:51 734.06 3.72 88 3.58 0
14:52 734.06 3.72 88 4.92 0
14:53 734.06 3.72 88 3.13 0
14:54 734.06 3.72 88 5.81 0
14:55 734.06 3.72 88 3.58 0
14:56 734.06 3.72 88 6.26 0
14:57 734.06 3.72 88 4.47 0
14:58 734.06 3.72 88 4.02 0
14:59 734.06 3.72 88 1.79 0
15:00 734.06 3.72 88 1.79 0
15:01 734.06 3.72 88 4.47 0
15:02 734.06 3.72 88 2.68 0
15:03 734.06 3.72 88 4.02 0
15:04 734.06 3.72 88 4.47 0
15:05 734.06 3.72 88 3.13 0
15:06 734.06 3.72 88 2.68 0
15:07 734.06 3.72 88 3.58 0
15:08 734.06 3.72 88 3.13 0
15:09 734.06 3.67 89 3.58 0
15:10 734.06 3.72 89 2.68 0
15:11 734.06 3.67 89 1.79 0
15:12 734.06 3.67 89 4.02 0
15:13 734.06 3.67 89 3.58 0
15:14 734.06 3.67 89 5.36 0
15:15 734.06 3.67 89 3.58 0
15:16 734.06 3.67 89 5.36 0
15:17 734.06 3.67 89 2.68 0
15:18 734.06 3.67 89 3.58 0
15:19 734.06 3.67 89 4.02 0
15:20 734.06 3.67 89 1.79 0
15:21 734.06 3.67 89 2.24 0
15:22 734.06 3.67 89 4.02 0
15:23 734.06 3.67 89 3.58 0
15:24 734.06 3.67 89 3.58 0
15:25 734.06 3.72 89 1.34 0
15:26 734.06 3.72 89 1.34 0
15:27 734.06 3.72 89 3.13 0
15:28 734.06 3.67 89 3.58 0
15:29 734.06 3.67 89 2.68 0
15:30 734.06 3.67 89 4.02 0
15:31 734.31 3.67 89 4.47 0
15:32 734.06 3.67 89 2.68 0
15:33 734.06 3.67 89 2.24 0
15:34 734.06 3.67 89 2.68 0
15:35 734.06 3.67 89 2.68 0
15:36 734.31 3.61 89 2.68 0
15:37 734.06 3.67 89 2.68 0
15:38 734.31 3.67 89 2.68 0
15:39 734.31 3.67 89 4.02 0
15:40 734.31 3.67 89 2.68 0
15:41 734.31 3.67 89 3.58 0
15:42 734.31 3.67 89 3.58 0
15:43 734.31 3.67 89 5.36 0
15:44 734.31 3.72 89 3.58 0
15:45 734.31 3.72 89 1.79 0
15:46 734.31 3.67 88 3.13 0
15:47 734.31 3.67 88 1.79 0
15:48 734.31 3.67 88 2.68 0
15:49 734.31 3.67 88 1.34 0
15:50 734.31 3.72 88 2.68 0
15:51 734.31 3.72 88 2.24 0
15:52 734.31 3.67 89 2.68 0
15:53 734.31 3.67 89 1.34 0
15:54 734.31 3.67 89 3.58 0
15:55 734.31 3.67 89 4.47 0
15:56 734.31 3.61 89 4.02 0
15:57 734.31 3.61 89 3.58 0
15:58 734.31 3.61 89 1.79 0
15:59 734.31 3.61 89 3.13 0
16:00 734.31 3.61 89 4.02 0
16:01 734.31 3.61 89 3.13 0
16:02 734.31 3.61 89 2.24 0
16:03 734.31 3.61 89 2.24 0
16:04 734.31 3.61 89 2.68 0
16:05 734.31 3.61 89 2.68 0
16:06 734.31 3.61 89 2.24 0
16:07 734.31 3.61 89 3.13 0
16:08 734.31 3.61 89 4.02 0
16:09 734.31 3.61 89 4.02 0
16:10 734.31 3.61 89 3.58 0
16:11 734.31 3.61 89 5.36 0
16:12 734.31 3.61 89 3.58 0
16:13 734.31 3.56 89 3.58 0
16:14 734.31 3.56 89 3.13 0
16:15 734.31 3.56 89 4.47 0
16:16 734.31 3.56 89 3.58 0
16:17 734.31 3.56 89 2.24 0
16:18 734.31 3.56 89 2.68 0
16:19 734.31 3.56 89 1.79 0
16:20 734.31 3.5 89 2.24 0
16:21 734.31 3.56 89 5.36 0
16:22 734.31 3.5 90 2.68 0
16:23 734.31 3.5 90 4.47 0
16:24 734.31 3.5 90 2.24 0
16:25 734.31 3.5 90 4.02 0
16:26 734.31 3.5 90 3.58 0
16:27 734.31 3.5 90 1.79 0
16:28 734.31 3.5 90 3.13 0
16:29 734.31 3.44 90 1.34 0
16:30 734.31 3.44 89 1.34 0
16:31 734.06 3.44 89 2.68 0
16:32 734.31 3.44 89 5.36 0
16:33 734.31 3.44 90 2.24 0
16:34 734.31 3.39 90 2.68 0
16:35 734.31 3.44 90 2.24 0
16:36 734.31 3.44 90 1.34 0
16:37 734.31 3.44 89 1.79 0
16:38 734.31 3.39 89 4.92 0
16:39 734.31 3.44 90 2.24 0
16:40 734.31 3.39 90 3.13 0
16:41 734.31 3.39 90 3.58 0
16:42 734.31 3.44 90 3.13 0
16:43 734.31 3.44 90 4.02 0
16:44 734.31 3.39 90 3.13 0
16:45 734.31 3.44 90 3.58 0
16:46 734.31 3.39 90 4.47 0
16:47 734.31 3.39 90 2.24 0
16:48 734.31 3.39 90 1.34 0
16:49 734.31 3.39 90 1.79 0
16:50 734.31 3.39 90 1.79 0
16:51 734.31 3.39 90 4.02 0
16:52 734.31 3.39 90 2.68 0
16:53 734.31 3.39 90 3.13 0
16:54 734.31 3.39 90 2.24 0
16:55 734.31 3.39 90 2.68 0
16:56 734.31 3.33 90 1.79 0
16:57 734.31 3.39 90 3.13 0
16:58 734.31 3.33 90 2.24 0
16:59 734.31 3.33 90 4.92 0
17:00 734.31 3.33 90 3.58 0
17:01 734.31 3.33 90 5.81 0
17:02 734.31 3.33 90 3.58 0
17:03 734.31 3.33 90 4.02 0
17:04 734.31 3.33 90 4.92 0
17:05 734.31 3.28 90 3.13 0
17:06 734.31 3.28 90 2.68 0
17:07 734.57 3.28 90 1.79 0
17:08 734.31 3.28 90 3.13 0
17:09 734.31 3.28 90 2.24 0
17:10 734.31 3.28 90 4.02 0
17:11 734.57 3.22 90 4.02 0
17:12 734.57 3.22 90 3.58 0
17:13 734.57 3.22 90 4.02 0
17:14 734.57 3.22 90 4.02 0
17:15 734.57 3.22 91 2.24 0
17:16 734.57 3.17 90 4.92 0
17:17 734.57 3.17 91 4.92 0
17:18 734.57 3.17 91 3.13 0
17:19 734.57 3.17 91 3.13 0
17:20 734.57 3.17 91 2.68 0
17:21 734.57 3.17 91 4.47 0
17:22 734.57 3.11 91 4.02 0
17:23 734.57 3.17 91 1.34 0
17:24 734.57 3.11 92 4.47 0
17:25 734.57 3.11 92 4.02 0
17:26 734.57 3.06 92 2.24 0
17:27 734.57 3.06 92 3.13 0
17:28 734.57 3.06 92 3.58 0
17:29 734.57 3.06 92 4.02 0
17:30 734.57 3.06 92 4.02 0
17:31 734.57 3.11 92 4.92 0
17:32 734.57 3.06 92 2.24 0
17:33 734.57 3.06 92 2.68 0
17:34 734.57 3.06 92 4.02 0
17:35 734.57 3.06 92 2.68 0
17:36 734.57 3 92 2.24 0
17:37 734.57 3 92 5.81 0
17:38 734.57 3 93 4.02 0
17:39 734.57 3 93 4.47 0
17:40 734.57 3 93 3.13 0
17:41 734.57 3.06 93 2.68 0
17:42 734.57 3 93 3.58 0
17:43 734.57 3 93 2.68 0
17:44 734.82 3 93 2.68 0
17:45 734.57 3 93 2.68 0
17:46 734.82 3 93 4.02 0
17:47 734.82 3 93 4.02 0
17:48 734.82 2.94 93 3.58 0
17:49 734.82 2.94 93 2.68 0
17:50 734.82 2.94 93 1.79 0
17:51 734.82 2.94 93 4.92 0
17:52 734.82 2.94 93 4.47 0
17:53 734.57 3 93 4.02 0
17:54 734.57 2.94 93 2.68 0
17:55 734.82 3 93 1.79 0
17:56 734.82 2.94 93 2.68 0
17:57 734.82 2.94 92 1.79 0
17:58 734.82 3 92 1.79 0
17:59 734.82 2.94 92 1.34 0
18:00 734.57 2.94 92 2.24 0
18:01 734.82 3 92 1.79 0
18:02 734.82 2.94 92 1.34 0
18:03 734.82 2.94 92 2.68 0
18:04 734.82 2.94 92 4.02 0
18:05 734.82 2.94 92 1.34 0
18:06 734.82 2.94 92 3.13 0
18:07 734.82 2.94 92 1.79 0
18:08 734.82 2.94 92 2.24 0
18:09 734.82 2.94 92 4.02 0
18:10 734.82 2.94 92 1.79 0
18:11 734.82 2.94 92 3.58 0
18:12 734.82 2.94 92 1.79 0
18:13 734.82 2.94 92 4.02 0
18:14 734.82 2.94 92 1.34 0
18:15 734.82 2.94 92 1.34 0
18:16 734.82 2.94 92 1.79 0
18:17 734.82 2.94 92 1.79 0
18:18 735.08 2.94 92 1.79 0
18:19 735.08 2.94 92 1.79 0
18:20 735.08 2.94 92 1.34 0
18:21 734.82 2.94 92 1.34 0
18:22 735.08 2.94 92 1.79 0
18:23 735.08 2.94 92 1.34 0
18:24 735.08 2.89 92 .89 0
18:25 735.08 2.89 92 1.79 0
18:26 735.08 2.89 92 1.34 0
18:27 735.08 2.89 92 1.79 0
18:28 735.08 2.94 92 1.79 0
18:29 735.08 2.94 92 1.34 0
18:30 735.08 2.89 92 .89 0
18:31 735.08 2.89 92 1.79 0
18:32 735.08 2.94 92 .89 0
18:33 735.08 2.89 92 .89 0
18:34 735.08 2.89 92 1.79 0
18:35 735.08 2.89 92 .89 0
18:36 735.08 2.89 92 1.79 0
18:37 735.08 2.89 92 .89 0
18:38 735.08 2.89 92 1.34 0
18:39 735.08 2.83 92 3.58 0
18:40 735.08 2.83 92 2.68 0
18:41 735.08 2.83 92 1.79 0
18:42 735.08 2.89 92 1.34 0
18:43 735.08 2.89 92 1.34 0
18:44 735.08 2.89 92 1.34 0
18:45 735.08 2.89 92 .89 0
18:46 735.08 2.89 92 .89 0
18:47 735.08 2.89 92 1.79 0
18:48 735.08 2.89 92 1.34 0
18:49 735.08 2.89 92 1.34 0
18:50 735.08 2.89 91 1.34 0
18:51 735.08 2.83 91 1.79 0
18:52 735.08 2.83 91 1.79 0
18:53 735.08 2.83 91 1.34 0
18:54 735.08 2.83 91 .89 0
18:55 735.08 2.83 91 1.34 0
18:56 735.08 2.83 91 .89 0
18:57 735.08 2.83 91 .89 0
18:58 735.08 2.83 91 1.34 0
18:59 735.08 2.83 91 .89 0
19:00 735.08 2.83 91 .89 0
19:01 735.08 2.83 91 1.34 0
19:02 735.08 2.83 91 3.13 0
19:03 735.08 2.83 91 1.34 0
19:04 735.08 2.83 91 .89 0
19:05 735.08 2.83 91 1.34 0
19:06 735.08 2.83 91 1.34 0
19:07 735.33 2.83 91 .89 0
19:08 735.08 2.83 91 3.13 0
19:09 735.33 2.83 91 3.13 0
19:10 735.33 2.83 91 1.34 0
19:11 735.33 2.83 91 .89 0
19:12 735.33 2.89 91 .89 0
19:13 735.33 2.89 91 1.79 0
19:14 735.33 2.89 91 2.24 0
19:15 735.33 2.89 91 2.24 0
19:16 735.33 2.89 91 1.79 0
19:17 735.33 2.89 91 1.34 0
19:18 735.33 2.83 91 1.34 0
19:19 735.33 2.89 91 2.68 0
19:20 735.33 2.89 91 1.79 0
19:21 735.33 2.83 90 2.24 0
19:22 735.33 2.83 90 1.79 0
19:23 735.33 2.83 90 1.79 0
19:24 735.33 2.83 90 3.13 0
19:25 735.33 2.83 90 1.79 0
19:26 735.33 2.83 90 3.13 0
19:27 735.33 2.83 90 4.02 0
19:28 735.33 2.83 89 1.34 0
19:29 735.58 2.89 89 3.13 0
19:30 735.33 2.89 89 4.02 0
19:31 735.58 2.83 89 3.13 0
19:32 735.58 2.83 89 2.24 0
19:33 735.58 2.89 89 3.13 0
19:34 735.33 2.83 89 3.13 0
19:35 735.33 2.83 88 3.58 0
19:36 735.33 2.83 88 3.13 0
19:37 735.58 2.83 88 3.13 0
19:38 735.33 2.83 88 2.68 0
19:39 735.58 2.83 88 2.24 0
19:40 735.33 2.78 88 1.79 0
19:41 735.33 2.83 88 3.13 0
19:42 735.33 2.83 88 3.13 0
19:43 735.58 2.83 88 3.58 0
19:44 735.58 2.83 87 4.47 0
19:45 735.58 2.83 87 1.34 0
19:46 735.58 2.83 87 2.24 0
19:47 735.58 2.83 86 2.24 0
19:48 735.58 2.78 86 5.36 0
19:49 735.58 2.83 86 4.02 0
19:50 735.58 2.83 86 1.34 0
19:51 735.58 2.83 85 4.02 0
19:52 735.58 2.83 85 3.13 0
19:53 735.58 2.83 85 4.02 0
19:54 735.58 2.78 85 3.13 0
19:55 735.58 2.83 84 4.47 0
19:56 735.58 2.83 84 2.68 0
19:57 735.33 2.83 84 1.79 0
19:58 735.33 2.83 84 1.34 0
19:59 735.33 2.83 84 3.13 0
20:00 735.33 2.83 84 4.47 0
20:01 735.33 2.83 83 3.58 0
20:02 735.33 2.83 83 2.24 0
20:03 735.33 2.83 83 .89 0
20:04 735.33 2.83 83 1.34 0
20:05 735.33 2.83 83 .45 0
20:06 735.33 2.83 83 1.79 0
20:07 735.33 2.78 83 1.34 0
20:08 735.33 2.78 83 3.13 0
20:09 735.33 2.78 83 2.68 0
20:10 735.33 2.78 83 3.13 0
20:11 735.33 2.78 83 2.24 0
20:12 735.33 2.72 83 1.79 0
20:13 735.33 2.72 83 3.13 0
20:14 735.33 2.72 83 3.58 0
20:15 735.33 2.78 83 3.13 0
20:16 735.33 2.78 83 1.79 0
20:17 735.33 2.72 83 1.34 0
20:18 735.33 2.72 83 1.34 0
20:19 735.33 2.72 83 .89 0
20:20 735.33 2.72 83 1.34 0
20:21 735.33 2.67 83 .89 0
20:22 735.33 2.67 83 2.68 0
20:23 735.33 2.67 83 2.24 0
20:24 735.33 2.67 83 1.34 0
20:25 735.33 2.67 84 1.79 0
20:26 735.33 2.67 84 3.13 0
20:27 735.33 2.61 84 1.79 0
20:28 735.33 2.61 84 1.34 0
20:29 735.33 2.56 84 1.79 0
20:30 735.33 2.56 84 3.58 0
20:31 735.33 2.56 84 2.68 0
20:32 735.33 2.56 84 1.34 0
20:33 735.33 2.56 84 4.02 0
20:34 735.33 2.56 84 3.58 0
20:35 735.33 2.56 84 3.13 0
20:36 735.33 2.56 84 2.24 0
20:37 735.33 2.56 84 3.13 0
20:38 735.33 2.56 84 1.34 0
20:39 735.33 2.56 84 1.34 0
20:40 735.33 2.56 84 .89 0
20:41 735.33 2.56 84 1.34 0
20:42 735.33 2.56 84 2.68 0
20:43 735.33 2.56 84 1.34 0
20:44 735.33 2.5 85 .89 0
20:45 735.33 2.56 85 1.79 0
20:46 735.33 2.5 85 1.34 0
20:47 735.33 2.5 85 .45 0
20:48 735.33 2.5 85 .89 0
20:49 735.33 2.44 85 1.34 0
20:50 735.33 2.44 85 .89 0
20:51 735.33 2.44 85 .89 0
20:52 735.33 2.39 85 .89 0
20:53 735.33 2.39 85 1.34 0
20:54 735.33 2.39 85 .89 0
20:55 735.33 2.39 85 .89 0
20:56 735.33 2.39 86 1.34 0
20:57 735.33 2.39 86 .89 0
20:58 735.33 2.39 86 1.34 0
20:59 735.33 2.39 86 1.34 0
21:00 735.33 2.33 86 .89 0
21:01 735.33 2.33 86 1.34 0
21:02 735.33 2.33 86 .89 0
21:03 735.33 2.33 86 .89 0
21:04 735.33 2.33 86 1.34 0
21:05 735.33 2.33 86 1.34 0
21:06 735.33 2.33 86 .89 0
21:07 735.33 2.28 86 1.79 0
21:08 735.33 2.28 86 .89 0
21:09 735.33 2.28 86 .45 0
21:10 735.33 2.28 86 .89 0
21:11 735.33 2.28 86 1.34 0
21:12 735.33 2.28 86 .89 0
21:13 735.33 2.28 86 1.34 0
21:14 735.33 2.28 86 .89 0
21:15 735.33 2.28 86 1.79 0
21:16 735.33 2.28 87 1.79 0
21:17 735.33 2.22 87 1.34 0
21:18 735.33 2.22 87 1.79 0
21:19 735.33 2.22 87 1.34 0
21:20 735.33 2.28 87 1.34 0
21:21 735.33 2.28 87 .89 0
21:22 735.33 2.22 87 1.34 0
21:23 735.33 2.22 87 1.79 0
21:24 735.33 2.22 87 1.34 0
21:25 735.58 2.22 87 1.79 0
21:26 735.33 2.22 87 2.68 0
21:27 735.33 2.22 87 .45 0
21:28 735.33 2.22 87 1.79 0
21:29 735.33 2.28 87 1.34 0
21:30 735.33 2.22 87 1.79 0
21:31 735.58 2.22 87 1.79 0
21:32 735.58 2.22 87 1.79 0
21:33 735.58 2.22 87 1.34 0
21:34 735.58 2.28 87 .89 0
21:35 735.58 2.22 87 .89 0
21:36 735.58 2.28 87 3.13 0
21:37 735.58 2.28 87 3.13 0
21:38 735.58 2.22 87 1.79 0
21:39 735.58 2.22 87 .89 0
21:40 735.58 2.22 87 1.34 0
21:41 735.58 2.22 87 .45 0
21:42 735.58 2.22 87 1.79 0
21:43 735.58 2.22 87 .89 0
21:44 735.58 2.22 87 .89 0
21:45 735.58 2.22 87 1.34 0
21:46 735.58 2.17 88 1.34 0
21:47 735.58 2.17 88 .89 0
21:48 735.58 2.17 88 1.34 0
21:49 735.58 2.17 88 3.13 0
21:50 735.58 2.17 88 4.02 0
21:51 735.33 2.17 87 2.24 0
21:52 735.33 2.11 87 1.34 0
21:53 735.58 2.11 87 1.34 0
21:54 735.33 2.11 87 3.58 0
21:55 735.58 2.11 87 3.13 0
21:56 735.33 2.06 87 1.34 0
21:57 735.58 2.06 87 4.02 0
21:58 735.33 2.06 86 3.13 0
21:59 735.33 2.06 86 3.58 0
22:00 735.33 2.06 86 3.13 0
22:01 735.33 2.06 86 3.13 0
22:02 735.33 2.06 86 1.79 0
22:03 735.33 2.06 86 1.34 0
22:04 735.33 2.06 86 1.34 0
22:05 735.33 2.06 86 3.13 0
22:06 735.58 2.06 86 3.13 0
22:07 735.58 2.06 86 1.34 0
22:08 735.33 2.06 86 1.79 0
22:09 735.58 2.06 86 3.58 0
22:10 735.58 2.06 85 1.79 0
22:11 735.58 2.06 85 .89 0
22:12 735.58 2.06 85 2.68 0
22:13 735.58 2.06 86 1.79 0
22:14 735.58 2.06 86 2.68 0
22:15 735.58 2.06 86 1.34 0
22:16 735.58 2.06 86 .45 0
22:17 735.58 2.06 85 .89 0
22:18 735.58 2.06 86 2.68 0
22:19 735.58 2 86 1.34 0
22:20 735.58 2 86 .89 0
22:21 735.58 2.06 86 1.79 0
22:22 735.58 2 86 1.79 0
22:23 735.58 2 86 1.34 0
22:24 735.58 2 86 3.58 0
22:25 735.58 1.94 86 1.79 0
22:26 735.58 1.94 86 1.34 0
22:27 735.58 2 86 1.79 0
22:28 735.58 1.94 86 1.34 0
22:29 735.58 1.94 86 1.34 0
22:30 735.58 1.94 86 .89 0
22:31 735.58 1.94 86 .89 0
22:32 735.58 1.94 86 1.79 0
22:33 735.58 1.94 86 .45 0
22:34 735.58 1.94 86 .89 0
22:35 735.58 1.94 86 2.68 0
22:36 735.58 1.89 86 1.34 0
22:37 735.58 1.89 86 1.34 0
22:38 735.58 1.83 86 1.79 0
22:39 735.58 1.89 86 .89 0
22:40 735.58 1.83 86 1.34 0
22:41 735.58 1.83 86 .45 0
22:42 735.58 1.83 86 2.68 0
22:43 735.58 1.83 86 1.79 0
22:44 735.58 1.83 86 1.79 0
22:45 735.58 1.83 86 1.34 0
22:46 735.58 1.83 86 .89 0
22:47 735.58 1.83 86 1.79 0
22:48 735.33 1.83 86 1.79 0
22:49 735.58 1.78 86 1.34 0
22:50 735.58 1.78 86 .89 0
22:51 735.58 1.78 86 .89 0
22:52 735.58 1.78 86 .89 0
22:53 735.33 1.78 86 .89 0
22:54 735.33 1.78 86 1.34 0
22:55 735.33 1.78 86 .89 0
22:56 735.33 1.78 86 1.34 0
22:57 735.33 1.78 86 .89 0
22:58 735.33 1.72 86 .89 0
22:59 735.33 1.72 86 .89 0
23:00 735.33 1.72 86 .45 0
23:01 735.33 1.67 87 1.34 0
23:02 735.58 1.72 87 .45 0
23:03 735.33 1.67 87 .89 0
23:04 735.33 1.67 87 .89 0
23:05 735.33 1.67 87 .89 0
23:06 735.33 1.67 87 .89 0
23:07 735.33 1.61 87 .89 0
23:08 735.33 1.61 87 .89 0
23:09 735.33 1.61 87 .89 0
23:10 735.33 1.61 87 .45 0
23:11 735.33 1.61 87 .89 0
23:12 735.33 1.61 87 .89 0
23:13 735.33 1.61 87 1.34 0
23:14 735.33 1.67 87 .89 0
23:15 735.33 1.67 87 .89 0
23:16 735.33 1.67 87 .45 0
23:17 735.33 1.67 87 .89 0
23:18 735.33 1.67 87 .45 0
23:19 735.33 1.67 87 .89 0
23:20 735.33 1.67 87 .89 0
23:21 735.33 1.67 87 .89 0
23:22 735.33 1.67 87 1.34 0
23:23 735.33 1.67 87 .45 0
23:24 735.33 1.67 87 .45 0
23:25 735.33 1.67 87 .89 0
23:26 735.33 1.67 87 .45 0
23:27 735.33 1.67 87 .45 0
23:28 735.33 1.67 87 .45 0
23:29 735.33 1.67 87 .45 0
23:30 735.33 1.61 87 .89 0
23:31 735.33 1.61 87 .89 0
23:32 735.33 1.61 87 0 0
23:33 735.33 1.61 87 1.34 0
23:34 735.58 1.56 87 .45 0
23:35 735.58 1.56 87 .45 0
23:36 735.33 1.5 87 .89 0
23:37 735.33 1.5 87 1.34 0
23:38 735.33 1.5 87 1.34 0
23:39 735.33 1.5 87 .89 0
23:40 735.33 1.5 87 1.34 0
23:41 735.33 1.5 87 .89 0
23:42 735.33 1.5 87 .45 0
23:43 735.33 1.5 87 .89 0
23:44 735.33 1.5 87 .89 0
23:45 735.33 1.5 87 1.34 0
23:46 735.33 1.5 87 1.34 0
23:47 735.33 1.56 87 .89 0
23:48 735.33 1.56 87 .45 0
23:49 735.33 1.56 87 .45 0
23:50 735.33 1.56 87 0 0
23:51 735.33 1.56 87 1.34 0
23:52 735.33 1.56 88 .89 0
23:53 735.33 1.56 88 .45 0
23:54 735.33 1.56 88 .89 0
23:55 735.33 1.56 88 1.34 0
23:56 735.33 1.56 88 .45 0
23:57 735.33 1.56 88 .89 0
23:58 735.33 1.5 88 .89 0
23:59 735.33 1.56 88 1.34 0
