00:00 754.9 -1.6 93 1.3 0
00:01 754.9 -1.6 93 1.3 0
00:02 754.9 -1.6 93 1.3 0
00:03 754.9 -1.6 93 1.8 0
00:04 754.9 -1.6 93 1.8 0
00:05 754.9 -1.6 93 1.8 0
00:06 754.9 -1.6 93 1.3 0
00:07 754.9 -1.7 93 1.8 0
00:08 754.9 -1.7 93 1.3 0
00:09 754.9 -1.6 93 1.3 0
00:10 754.9 -1.6 93 .9 0
00:11 754.9 -1.6 93 1.3 0
00:12 754.9 -1.6 93 1.3 0
00:13 754.9 -1.6 93 1.3 0
00:14 754.9 -1.6 93 2.2 0
00:15 754.6 -1.7 93 2.2 0
00:16 754.6 -1.7 93 1.8 0
00:17 754.6 -1.7 93 1.8 0
00:18 754.6 -1.7 93 1.3 0
00:19 754.6 -1.7 93 2.2 0
00:20 754.6 -1.7 93 2.2 0
00:21 754.6 -1.7 93 1.8 0
00:22 754.6 -1.7 93 1.8 0
00:23 754.6 -1.7 93 1.3 0
00:24 754.6 -1.7 93 1.3 0
00:25 754.6 -1.7 93 1.3 0
00:26 754.6 -1.7 93 1.3 0
00:27 754.6 -1.8 93 1.3 0
00:28 754.6 -1.8 93 .9 0
00:29 754.6 -1.7 93 .9 0
00:30 754.6 -1.7 93 1.3 0
00:31 754.6 -1.7 93 2.2 0
00:32 754.6 -1.7 93 2.7 0
00:33 754.6 -1.7 93 2.2 0
00:34 754.6 -1.7 93 2.2 0
00:35 754.6 -1.8 93 2.2 0
00:36 754.6 -1.8 93 2.2 0
00:37 754.6 -1.8 93 1.8 0
00:38 754.6 -1.8 93 1.8 0
00:39 754.6 -1.8 93 1.8 0
00:40 754.6 -1.8 93 1.8 0
00:41 754.6 -1.8 93 2.2 0
00:42 754.6 -1.8 93 2.2 0
00:43 754.6 -1.8 93 1.8 0
00:44 754.6 -1.8 93 2.2 0
00:45 754.4 -1.8 93 1.8 0
00:46 754.4 -1.8 93 1.8 0
00:47 754.4 -1.8 93 1.8 0
00:48 754.4 -1.8 93 2.2 0
00:49 754.4 -1.8 93 1.8 0
00:50 754.4 -1.8 93 1.8 0
00:51 754.4 -1.8 93 1.3 0
00:52 754.4 -1.8 93 1.3 0
00:53 754.4 -1.8 93 1.3 0
00:54 754.4 -1.7 93 1.3 0
00:55 754.4 -1.7 93 1.3 0
00:56 754.4 -1.8 93 1.3 0
00:57 754.4 -1.8 93 1.8 0
00:58 754.4 -1.8 93 1.3 0
00:59 754.4 -1.8 93 1.8 0
01:00 754.3 -1.8 93 1.8 0
01:01 754.3 -1.8 93 1.8 0
01:02 754.3 -1.8 93 1.8 0
01:03 754.3 -1.8 93 1.8 0
01:04 754.3 -1.8 93 1.8 0
01:05 754.3 -1.8 93 2.2 0
01:06 754.3 -1.8 93 2.2 0
01:07 754.3 -1.8 93 1.8 0
01:08 754.3 -1.9 93 2.7 0
01:09 754.3 -1.9 93 2.2 0
01:10 754.3 -1.9 93 1.8 0
01:11 754.3 -1.9 93 1.3 0
01:12 754.3 -1.9 93 1.3 0
01:13 754.3 -1.9 93 1.3 0
01:14 754.3 -1.9 93 1.3 0
01:15 754.2 -1.9 93 .9 0
01:16 754.2 -1.9 93 2.2 0
01:17 754.2 -1.9 93 2.2 0
01:18 754.2 -1.9 93 1.8 0
01:19 754.2 -1.9 93 3.1 0
01:20 754.2 -1.9 93 2.2 0
01:21 754.2 -1.9 93 2.2 0
01:22 754.2 -2.1 93 2.2 0
01:23 754.2 -2.1 93 1.8 0
01:24 754.2 -1.9 93 2.2 0
01:25 754.2 -1.9 93 1.8 0
01:26 754.2 -1.9 93 1.3 0
01:27 754.2 -1.9 93 1.3 0
01:28 754.2 -1.9 93 2.2 0
01:29 754.2 -1.9 93 1.8 0
01:30 754.2 -2.1 93 2.2 0
01:31 754.2 -2.1 93 1.8 0
01:32 754.2 -2.1 93 2.2 0
01:33 754.2 -2.1 93 3.1 0
01:34 754.2 -2.1 93 3.1 0
01:35 754.2 -2.1 93 3.1 0
01:36 754.2 -2.1 93 2.7 0
01:37 754.2 -2.1 93 2.2 0
01:38 754.2 -2.1 93 2.2 0
01:39 754.2 -2.1 93 1.8 0
01:40 754.2 -2.1 93 2.2 0
01:41 754.2 -2.1 93 2.7 0
01:42 754.2 -2.1 93 2.7 0
01:43 754.2 -2.1 93 3.1 0
01:44 754.2 -2.1 93 2.2 0
01:45 754.1 -2.1 93 2.7 0
01:46 754.1 -2.1 93 2.7 0
01:47 754.1 -2.1 93 1.8 0
01:48 754.1 -2.1 93 1.8 0
01:49 754.1 -2.1 93 2.2 0
01:50 754.1 -2.1 93 1.3 0
01:51 754.1 -2.1 93 1.8 0
01:52 754.1 -2.1 93 1.8 0
01:53 754.1 -2.1 93 4 0
01:54 754.1 -2.1 93 4 0
01:55 754.1 -2.1 93 4 0
01:56 754.1 -2.1 93 3.6 0
01:57 754.1 -2.1 93 3.1 0
01:58 754.1 -2.1 93 3.1 0
01:59 754.1 -2.1 93 2.7 0
02:00 753.9 -2.1 93 2.7 0
02:01 753.9 -2.1 93 4 0
02:02 753.9 -2.1 93 4 0
02:03 753.9 -2.1 93 3.6 0
02:04 753.9 -2.1 93 3.1 0
02:05 753.9 -2.1 93 1.3 0
02:06 753.9 -2.1 93 1.8 0
02:07 753.9 -2.1 93 2.2 0
02:08 753.9 -2.1 93 1.8 0
02:09 753.9 -2.1 93 1.3 0
02:10 753.9 -2.1 93 3.6 0
02:11 753.9 -2.1 93 3.6 0
02:12 753.9 -2.1 93 3.6 0
02:13 753.9 -2.1 93 3.1 0
02:14 753.9 -2.1 93 4 0
02:15 753.8 -1.9 93 3.6 0
02:16 753.8 -1.9 93 3.6 0
02:17 753.8 -1.9 93 2.7 0
02:18 753.8 -1.9 93 3.6 0
02:19 753.8 -1.9 93 2.7 0
02:20 753.8 -1.9 93 2.7 0
02:21 753.8 -1.9 93 4 0
02:22 753.8 -1.9 93 4 0
02:23 753.8 -1.9 93 3.1 0
02:24 753.8 -1.9 93 3.1 0
02:25 753.8 -1.9 93 3.1 0
02:26 753.8 -1.9 93 2.2 0
02:27 753.8 -1.9 93 1.3 0
02:28 753.8 -1.9 93 1.3 0
02:29 753.8 -1.8 93 3.6 0
02:30 753.8 -1.8 93 2.7 0
02:31 753.8 -1.8 93 3.1 0
02:32 753.8 -1.8 93 2.2 0
02:33 753.8 -1.8 93 3.1 0
02:34 753.8 -1.8 93 3.1 0
02:35 753.8 -1.8 93 4 0
02:36 753.8 -1.8 93 3.1 0
02:37 753.8 -1.8 93 3.6 0
02:38 753.8 -1.8 93 2.2 0
02:39 753.8 -1.8 93 3.1 0
02:40 753.8 -1.8 93 1.8 0
02:41 753.8 -1.7 93 2.7 0
02:42 753.8 -1.7 93 2.2 0
02:43 753.8 -1.7 93 2.2 0
02:44 753.8 -1.7 93 3.1 0
02:45 753.7 -1.7 93 4.5 0
02:46 753.7 -1.7 93 3.1 0
02:47 753.7 -1.7 93 3.1 0
02:48 753.7 -1.7 93 2.2 0
02:49 753.7 -1.7 93 2.7 0
02:50 753.7 -1.6 93 3.1 0
02:51 753.7 -1.6 93 4.9 0
02:52 753.7 -1.6 93 4.5 0
02:53 753.7 -1.6 93 4.9 0
02:54 753.7 -1.6 93 3.6 0
02:55 753.7 -1.6 93 4 0
02:56 753.7 -1.6 93 4.5 0
02:57 753.7 -1.6 93 4 0
02:58 753.7 -1.6 93 3.1 0
02:59 753.7 -1.6 93 3.6 0
03:00 753.6 -1.6 93 4 0
03:01 753.6 -1.6 93 2.7 0
03:02 753.6 -1.6 93 4.5 0
03:03 753.6 -1.6 93 4.9 0
03:04 753.6 -1.6 93 3.6 0
03:05 753.6 -1.6 93 4.5 0
03:06 753.6 -1.6 93 4.9 0
03:07 753.6 -1.6 93 3.1 0
03:08 753.6 -1.6 93 3.6 0
03:09 753.6 -1.6 93 4.9 0
03:10 753.6 -1.7 93 4 0
03:11 753.6 -1.7 93 4.9 0
03:12 753.6 -1.7 93 4 0
03:13 753.6 -1.7 93 4 0
03:14 753.6 -1.7 93 5.4 0
03:15 753.5 -1.7 93 4 0
03:16 753.5 -1.7 93 3.1 0
03:17 753.5 -1.7 93 4 0
03:18 753.5 -1.7 93 4 0
03:19 753.5 -1.8 93 4.9 0
03:20 753.5 -1.8 93 3.1 0
03:21 753.5 -1.8 93 3.6 0
03:22 753.5 -1.9 93 4.5 0
03:23 753.5 -1.9 93 4.5 0
03:24 753.5 -1.9 93 3.6 0
03:25 753.5 -1.9 93 4 0
03:26 753.5 -1.9 93 4 0
03:27 753.5 -1.9 93 3.1 0
03:28 753.5 -1.9 93 4 0
03:29 753.5 -1.9 93 2.2 0
03:30 753.4 -1.9 93 2.7 0
03:31 753.4 -1.8 93 2.2 0
03:32 753.4 -1.8 93 3.1 0
03:33 753.4 -1.8 93 3.1 0
03:34 753.4 -1.8 93 2.7 0
03:35 753.4 -1.8 93 1.8 0
03:36 753.4 -1.8 93 2.7 0
03:37 753.4 -1.8 93 4.5 0
03:38 753.4 -1.8 93 4 0
03:39 753.4 -1.8 93 2.7 0
03:40 753.4 -1.8 93 2.7 0
03:41 753.4 -1.8 93 4 0
03:42 753.4 -1.9 93 3.1 0
03:43 753.4 -1.9 93 2.2 0
03:44 753.4 -1.9 93 2.7 0
03:45 753.3 -1.9 93 2.7 0
03:46 753.3 -1.9 93 4 0
03:47 753.3 -1.9 93 3.6 0
03:48 753.3 -1.9 93 3.1 0
03:49 753.3 -1.9 93 2.2 0
03:50 753.3 -1.9 93 2.2 0
03:51 753.3 -1.9 93 3.1 0
03:52 753.3 -1.9 93 4.5 0
03:53 753.3 -1.9 93 3.1 0
03:54 753.3 -1.9 93 4 0
03:55 753.3 -1.9 93 3.6 0
03:56 753.3 -1.9 93 3.1 0
03:57 753.3 -1.9 93 2.2 0
03:58 753.3 -1.9 93 2.7 0
03:59 753.3 -1.9 93 2.2 0
04:00 753.2 -1.9 93 1.8 0
04:01 753.2 -1.9 93 2.2 0
04:02 753.2 -1.9 93 2.7 0
04:03 753.2 -1.9 93 1.8 0
04:04 753.2 -1.9 93 1.8 0
04:05 753.2 -1.9 93 3.6 0
04:06 753.2 -1.9 93 4.5 0
04:07 753.2 -1.9 93 2.2 0
04:08 753.2 -1.9 93 2.7 0
04:09 753.2 -1.9 93 3.1 0
04:10 753.2 -1.9 93 4 0
04:11 753.2 -1.9 93 2.7 0
04:12 753.2 -1.9 93 3.1 0
04:13 753.2 -1.9 93 2.7 0
04:14 753.2 -1.9 93 2.7 0
04:15 753.1 -1.9 93 3.1 0
04:16 753.1 -1.9 93 4.5 0
04:17 753.1 -1.9 93 2.7 0
04:18 753.1 -1.9 93 3.1 0
04:19 753.1 -1.9 93 2.7 0
04:20 753.1 -1.9 93 4 0
04:21 753.1 -1.9 93 4 0
04:22 753.1 -1.9 93 3.6 0
04:23 753.1 -1.9 93 3.6 0
04:24 753.1 -1.9 93 2.7 0
04:25 753.1 -1.9 93 3.1 0
04:26 753.1 -1.9 93 3.6 0
04:27 753.1 -1.8 93 2.7 0
04:28 753.1 -1.8 93 4 0
04:29 753.1 -1.8 93 3.1 0
04:30 753 -1.8 93 3.1 0
04:31 753 -1.8 93 3.1 0
04:32 753 -1.8 93 3.6 0
04:33 753 -1.8 93 4 0
04:34 753 -1.8 93 4 0
04:35 753 -1.8 93 3.1 0
04:36 753 -1.8 93 3.1 0
04:37 753 -1.8 93 3.1 0
04:38 753 -1.8 93 3.6 0
04:39 753 -1.8 93 4 0
04:40 753 -1.7 93 3.6 0
04:41 753 -1.7 93 2.7 0
04:42 753 -1.7 93 3.6 0
04:43 753 -1.7 93 4.5 0
04:44 753 -1.7 93 2.2 0
04:45 752.8 -1.7 93 3.1 0
04:46 752.8 -1.7 93 3.1 0
04:47 752.8 -1.7 93 3.1 0
04:48 752.8 -1.7 93 3.6 0
04:49 752.8 -1.7 93 2.7 0
04:50 752.8 -1.7 93 1.8 0
04:51 752.8 -1.7 93 2.7 0
04:52 752.8 -1.7 93 3.6 0
04:53 752.8 -1.6 93 3.1 0
04:54 752.8 -1.6 93 3.6 0
04:55 752.8 -1.6 93 2.7 0
04:56 752.8 -1.6 93 2.7 0
04:57 752.8 -1.6 93 4 0
04:58 752.8 -1.6 93 3.6 0
04:59 752.8 -1.6 93 4 0
05:00 752.7 -1.6 93 4 0
05:01 752.7 -1.6 93 3.6 0
05:02 752.7 -1.6 93 4.5 0
05:03 752.7 -1.6 93 4 0
05:04 752.7 -1.6 93 3.1 0
05:05 752.7 -1.6 93 4 0
05:06 752.7 -1.6 93 2.7 0
05:07 752.7 -1.6 93 3.6 0
05:08 752.7 -1.6 93 4 0
05:09 752.7 -1.6 93 3.1 0
05:10 752.7 -1.6 93 2.2 0
05:11 752.7 -1.6 93 3.1 0
05:12 752.7 -1.6 93 4 0
05:13 752.7 -1.6 93 2.7 0
05:14 752.7 -1.6 93 4.5 0
05:15 752.7 -1.6 93 3.6 0
05:16 752.7 -1.6 93 3.1 0
05:17 752.7 -1.4 93 2.7 0
05:18 752.7 -1.4 93 4 0
05:19 752.7 -1.4 93 4.5 0
05:20 752.7 -1.4 93 4 0
05:21 752.7 -1.4 93 3.1 0
05:22 752.7 -1.4 93 4 0
05:23 752.7 -1.4 93 4 0
05:24 752.7 -1.4 93 3.6 0
05:25 752.7 -1.4 93 2.2 0
05:26 752.7 -1.4 93 2.2 0
05:27 752.7 -1.4 93 2.7 0
05:28 752.7 -1.4 93 3.6 0
05:29 752.7 -1.4 93 3.1 0
05:30 752.6 -1.4 93 3.1 0
05:31 752.6 -1.4 93 3.1 0
05:32 752.6 -1.4 93 3.1 0
05:33 752.6 -1.4 93 2.7 0
05:34 752.6 -1.4 93 2.2 0
05:35 752.6 -1.4 93 2.7 0
05:36 752.6 -1.4 93 3.1 0
05:37 752.6 -1.4 93 2.7 0
05:38 752.6 -1.3 93 2.2 0
05:39 752.6 -1.3 93 2.2 0
05:40 752.6 -1.3 93 4.5 0
05:41 752.6 -1.3 93 3.1 0
05:42 752.6 -1.3 93 3.1 0
05:43 752.6 -1.3 93 2.7 0
05:44 752.6 -1.3 93 2.2 0
05:45 752.4 -1.3 93 2.7 0
05:46 752.4 -1.3 93 3.1 0
05:47 752.4 -1.3 93 3.6 0
05:48 752.4 -1.3 93 4 0
05:49 752.4 -1.2 93 4.5 0
05:50 752.4 -1.2 93 3.6 0
05:51 752.4 -1.2 93 2.7 0
05:52 752.4 -1.2 93 3.1 0
05:53 752.4 -1.2 93 2.2 0
05:54 752.4 -1.2 93 2.7 0
05:55 752.4 -1.2 93 4.5 0
05:56 752.4 -1.2 93 3.1 0
05:57 752.4 -1.2 93 3.1 0
05:58 752.4 -1.2 93 3.6 0
05:59 752.4 -1.2 93 3.6 0
06:00 752.3 -1.2 93 2.2 0
06:01 752.3 -1.2 93 3.1 0
06:02 752.3 -1.2 93 3.6 0
06:03 752.3 -1.2 93 3.6 0
06:04 752.3 -1.2 93 3.1 0
06:05 752.3 -1.2 93 4.5 0
06:06 752.3 -1.2 93 4.5 0
06:07 752.3 -1.2 93 3.6 0
06:08 752.3 -1.2 93 3.6 0
06:09 752.3 -1.2 93 4 0
06:10 752.3 -1.2 93 3.1 0
06:11 752.3 -1.2 93 4 0
06:12 752.3 -1.2 93 3.6 0
06:13 752.3 -1.1 93 3.6 0
06:14 752.3 -1.1 93 3.1 0
06:15 752.2 -1.1 93 3.6 0
06:16 752.2 -1.1 93 3.1 0
06:17 752.2 -1.1 93 2.7 0
06:18 752.2 -1.1 93 3.1 0
06:19 752.2 -1.1 93 2.7 0
06:20 752.2 -1.1 93 2.7 0
06:21 752.2 -1.1 93 2.2 0
06:22 752.2 -1.1 93 2.7 0
06:23 752.2 -1.1 93 2.7 0
06:24 752.2 -1.1 93 3.1 0
06:25 752.2 -1 93 1.8 0
06:26 752.2 -1 93 2.2 0
06:27 752.2 -1 93 2.7 0
06:28 752.2 -1 93 2.2 0
06:29 752.2 -1 93 2.7 0
06:30 752.1 -1 93 3.6 0
06:31 752.1 -1 93 4 0
06:32 752.1 -1 93 4.5 0
06:33 752.1 -1 93 3.1 0
06:34 752.1 -1 93 2.7 0
06:35 752.1 -1 93 3.6 0
06:36 752.1 -.9 93 3.6 0
06:37 752.1 -.9 93 3.6 0
06:38 752.1 -.9 93 3.6 0
06:39 752.1 -.9 93 3.1 0
06:40 752.1 -.9 93 3.1 0
06:41 752.1 -.9 93 3.6 0
06:42 752.1 -.9 93 4 0
06:43 752.1 -.9 93 2.7 0
06:44 752.1 -.9 93 3.1 0
06:45 751.9 -.9 93 2.7 0
06:46 751.9 -.9 93 3.6 0
06:47 751.9 -.9 93 3.6 0
06:48 751.9 -.9 93 4.5 0
06:49 751.9 -.9 93 4 0
06:50 751.9 -.9 93 3.1 0
06:51 751.9 -.9 93 4 0
06:52 751.9 -.9 93 2.2 0
06:53 751.9 -.8 93 1.8 0
06:54 751.9 -.8 93 1.8 0
06:55 751.9 -.8 93 3.6 0
06:56 751.9 -.8 93 3.1 0
06:57 751.9 -.8 93 3.1 0
06:58 751.9 -.8 93 3.1 0
06:59 751.9 -.8 93 2.7 0
07:00 751.9 -.8 93 3.6 0
07:01 751.9 -.8 93 3.1 0
07:02 751.9 -.8 93 4.5 0
07:03 751.9 -.8 93 2.7 0
07:04 751.9 -.8 93 4.5 0
07:05 751.9 -.8 93 4 0
07:06 751.9 -.8 93 2.7 0
07:07 751.9 -.8 93 4.9 0
07:08 751.9 -.8 93 4.5 0
07:09 751.9 -.8 93 4.9 0
07:10 751.9 -.8 93 4 0
07:11 751.9 -.7 93 2.7 0
07:12 751.9 -.7 93 3.6 0
07:13 751.9 -.7 93 4 0
07:14 751.9 -.7 93 2.2 0
07:15 751.8 -.7 93 2.2 0
07:16 751.8 -.7 93 3.6 0
07:17 751.8 -.7 93 4.5 0
07:18 751.8 -.7 93 4.5 0
07:19 751.8 -.7 93 4.5 0
07:20 751.8 -.7 93 3.6 0
07:21 751.8 -.7 93 4.5 0
07:22 751.8 -.7 93 4.5 0
07:23 751.8 -.7 93 4.5 0
07:24 751.8 -.7 93 4.9 0
07:25 751.8 -.7 93 4 0
07:26 751.8 -.7 92 3.1 0
07:27 751.8 -.7 92 3.6 0
07:28 751.8 -.7 92 4.5 0
07:29 751.8 -.7 92 4 0
07:30 751.7 -.7 92 4.5 0
07:31 751.7 -.7 92 4 0
07:32 751.7 -.7 92 3.6 0
07:33 751.7 -.7 92 4 0
07:34 751.7 -.7 92 3.6 0
07:35 751.7 -.7 92 4.5 0
07:36 751.7 -.6 92 4.9 0
07:37 751.7 -.6 92 4 0
07:38 751.7 -.6 92 3.1 0
07:39 751.7 -.6 92 3.1 0
07:40 751.7 -.6 92 3.1 0
07:41 751.7 -.6 92 2.7 0
07:42 751.7 -.6 92 3.1 0
07:43 751.7 -.6 92 3.1 0
07:44 751.7 -.6 92 4.5 0
07:45 751.6 -.6 92 2.7 0
07:46 751.6 -.6 92 2.7 0
07:47 751.6 -.6 92 2.7 0
07:48 751.6 -.5 92 4 0
07:49 751.6 -.5 92 4.5 0
07:50 751.6 -.5 92 4.5 0
07:51 751.6 -.5 92 2.7 0
07:52 751.6 -.5 92 2.7 0
07:53 751.6 -.5 92 2.7 0
07:54 751.6 -.5 92 2.7 0
07:55 751.6 -.5 92 3.1 0
07:56 751.6 -.5 92 5.4 0
07:57 751.6 -.5 92 4.5 0
07:58 751.6 -.5 92 3.1 0
07:59 751.6 -.5 92 2.7 0
08:00 751.6 -.5 92 3.6 0
08:01 751.6 -.5 92 4 0
08:02 751.6 -.5 92 4 0
08:03 751.6 -.5 92 3.6 0
08:04 751.6 -.5 92 4.9 0
08:05 751.6 -.5 92 3.6 0
08:06 751.6 -.5 92 4.5 0
08:07 751.6 -.5 92 4.5 0
08:08 751.6 -.5 92 4 0
08:09 751.6 -.5 91 3.6 0
08:10 751.6 -.5 92 4.5 0
08:11 751.6 -.5 91 4.5 0
08:12 751.6 -.4 91 4 0
08:13 751.6 -.4 91 4 0
08:14 751.6 -.4 91 4.5 0
08:15 751.5 -.4 91 4.5 0
08:16 751.5 -.4 91 3.6 0
08:17 751.5 -.4 91 3.1 0
08:18 751.5 -.4 91 4.9 0
08:19 751.5 -.4 91 4 0
08:20 751.5 -.4 91 4.9 0
08:21 751.5 -.4 91 5.4 0
08:22 751.5 -.4 91 4.9 0
08:23 751.5 -.4 91 4.9 0
08:24 751.5 -.4 91 4.9 0
08:25 751.5 -.4 91 4.9 0
08:26 751.5 -.4 91 4.5 0
08:27 751.5 -.4 91 4.5 0
08:28 751.5 -.4 91 4.9 0
08:29 751.5 -.4 91 4.9 0
08:30 751.4 -.4 91 4.9 0
08:31 751.4 -.4 91 4.5 0
08:32 751.4 -.4 91 3.6 0
08:33 751.4 -.4 91 4.5 0
08:34 751.4 -.4 91 4.9 0
08:35 751.4 -.4 91 3.6 0
08:36 751.4 -.4 91 4 0
08:37 751.4 -.4 91 4.9 0
08:38 751.4 -.4 91 4.9 0
08:39 751.4 -.4 91 4.5 0
08:40 751.4 -.4 91 5.4 0
08:41 751.4 -.4 91 4.5 0
08:42 751.4 -.4 91 4.9 0
08:43 751.4 -.3 91 4.5 0
08:44 751.4 -.3 91 4.5 0
08:45 751.2 -.3 91 4.5 0
08:46 751.2 -.3 91 5.4 0
08:47 751.2 -.3 91 5.4 0
08:48 751.2 -.3 91 4 0
08:49 751.2 -.3 91 4.5 0
08:50 751.2 -.3 91 4.5 0
08:51 751.2 -.3 91 4.5 0
08:52 751.2 -.3 91 4.9 0
08:53 751.2 -.3 91 4 0
08:54 751.2 -.3 91 4.9 0
08:55 751.2 -.3 91 3.6 0
08:56 751.2 -.3 91 4.5 0
08:57 751.2 -.3 91 4.5 0
08:58 751.2 -.3 91 4.5 0
08:59 751.2 -.3 91 4 0
09:00 751.2 -.2 91 4.5 0
09:01 751.2 -.2 91 4 0
09:02 751.2 -.2 90 4.5 0
09:03 751.2 -.2 91 4 0
09:04 751.2 -.2 91 4 0
09:05 751.2 -.2 90 4.9 0
09:06 751.2 -.2 90 3.6 0
09:07 751.2 -.2 90 4 0
09:08 751.2 -.2 90 4.5 0
09:09 751.2 -.2 90 4.5 0
09:10 751.2 -.2 90 4.5 0
09:11 751.2 -.2 90 4.9 0
09:12 751.2 -.2 90 3.6 0
09:13 751.2 -.2 90 3.6 0
09:14 751.2 -.2 90 4 0
09:15 751.1 -.2 90 4 0
09:16 751.1 -.2 90 4.5 0
09:17 751.1 -.2 90 5.4 0
09:18 751.1 -.2 90 4.9 0
09:19 751.1 -.2 90 4.5 0
09:20 751.1 -.2 90 4.5 0
09:21 751.1 -.2 90 5.4 0
09:22 751.1 -.2 90 4.9 0
09:23 751.1 -.2 90 4.9 0
09:24 751.1 -.2 90 4 0
09:25 751.1 -.2 90 3.6 0
09:26 751.1 -.2 90 4 0
09:27 751.1 -.1 90 4.9 0
09:28 751.1 -.1 90 4.5 0
09:29 751.1 -.1 90 4 0
09:30 751 -.1 90 3.1 0
09:31 751 -.1 90 3.6 0
09:32 751 -.1 90 4.5 0
09:33 751 -.1 90 4.5 0
09:34 751 -.1 90 3.6 0
09:35 751 -.1 90 3.6 0
09:36 751 -.1 90 4 0
09:37 751 -.1 90 3.6 0
09:38 751 0 90 5.4 0
09:39 751 0 90 4 0
09:40 751 0 90 4 0
09:41 751 0 90 4 0
09:42 751 0 90 3.6 0
09:43 751 0 90 3.6 0
09:44 751 0 90 4 0
09:45 751.1 0 89 5.4 0
09:46 751.1 0 89 5.4 0
09:47 751.1 0 89 4 0
09:48 751.1 0 89 4.9 0
09:49 751.1 0 89 4.5 0
09:50 751.1 0 89 5.4 0
09:51 751.1 0 89 3.6 0
09:52 751.1 0 89 4 0
09:53 751.1 .1 89 3.1 0
09:54 751.1 .1 89 3.6 0
09:55 751.1 .1 89 6.3 0
09:56 751.1 .1 89 5.4 0
09:57 751.1 .1 89 4 0
09:58 751.1 .1 89 2.7 0
09:59 751.1 .1 89 4 0
10:00 751 .1 89 5.8 0
10:01 751 .1 88 4.9 0
10:02 751 .1 88 3.6 0
10:03 751 .1 88 4.5 0
10:04 751 .1 88 4.5 0
10:05 751 .2 88 3.1 0
10:06 751 .2 88 4.9 0
10:07 751 .2 88 3.6 0
10:08 751 .2 88 4 0
10:09 751 .2 88 3.6 0
10:10 751 .2 88 5.4 0
10:11 751 .2 88 4 0
10:12 751 .2 88 4 0
10:13 751 .2 88 5.8 0
10:14 751 .2 88 4.9 0
10:15 751 .2 88 4.5 0
10:16 751 .2 88 4.5 0
10:17 751 .2 88 4 0
10:18 751 .2 88 4.9 0
10:19 751 .2 88 4.9 0
10:20 751 .2 88 5.4 0
10:21 751 .2 88 4.9 0
10:22 751 .2 88 4.5 0
10:23 751 .2 88 4.5 0
10:24 751 .2 88 5.4 0
10:25 751 .2 88 4.5 0
10:26 751 .2 88 4 0
10:27 751 .2 88 4.9 0
10:28 751 .2 91 5.4 0
10:29 751 .2 88 5.4 0
10:30 750.7 .2 88 4.9 0
10:31 750.7 .2 88 6.3 0
10:32 750.7 .2 88 5.8 0
10:33 750.7 .2 88 5.4 0
10:34 750.7 .2 88 4.9 0
10:35 750.7 .2 88 5.4 0
10:36 750.7 .2 88 4.9 0
10:37 750.7 .3 88 3.6 0
10:38 750.7 .3 89 3.6 0
10:39 750.7 .3 89 5.4 0
10:40 750.7 .3 89 4.9 0
10:41 750.7 .3 89 4.9 0
10:42 750.7 .3 89 4.5 0
10:43 750.7 .3 89 4 0
10:44 750.7 .3 89 4 0
10:45 750.7 .3 89 4.9 0
10:46 750.7 .3 89 6.3 0
10:47 750.7 .3 89 6.7 0
10:48 750.7 .3 89 4.5 0
10:49 750.7 .3 89 4.9 0
10:50 750.7 .3 89 4.9 0
10:51 750.7 .3 89 4.9 0
10:52 750.7 .3 89 4.5 0
10:53 750.7 .3 89 4.5 0
10:54 750.7 .3 89 5.4 0
10:55 750.7 .3 89 5.4 0
10:56 750.7 .3 89 4.9 0
10:57 750.7 .3 89 5.4 0
10:58 750.7 .3 89 5.8 0
10:59 750.7 .3 89 4.9 0
11:00 750.6 .3 90 5.4 0
11:01 750.6 .3 90 6.3 0
11:02 750.6 .3 90 5.4 0
11:03 750.6 .3 90 4.9 0
11:04 750.6 .3 90 4.9 0
11:05 750.6 .3 90 4 0
11:06 750.6 .3 90 3.6 0
11:07 750.6 .3 90 5.4 0
11:08 750.6 .3 90 4.9 0
11:09 750.6 .3 90 4 0
11:10 750.6 .3 90 5.4 0
11:11 750.6 .3 90 5.4 0
11:12 750.6 .3 90 4 0
11:13 750.6 .3 90 5.4 0
11:14 750.6 .3 90 4.9 0
11:15 750.6 .3 90 5.4 0
11:16 750.6 .3 90 4.9 0
11:17 750.6 .3 90 4 0
11:18 750.6 .3 91 3.6 0
11:19 750.6 .3 91 3.6 0
11:20 750.6 .3 91 4.5 0
11:21 750.6 .3 91 5.4 0
11:22 750.6 .3 91 3.6 0
11:23 750.6 .3 91 4 0
11:24 750.6 .3 91 4.5 0
11:25 750.6 .3 91 4.5 0
11:26 750.6 .3 91 3.1 0
11:27 750.6 .3 91 4.5 0
11:28 750.6 .3 91 4 0
11:29 750.6 .3 91 4.5 0
11:30 750.4 .3 91 3.6 0
11:31 750.4 .3 91 3.1 0
11:32 750.4 .3 91 4.9 0
11:33 750.4 .3 91 4.9 0
11:34 750.4 .3 91 4.5 0
11:35 750.4 .3 91 4.9 0
11:36 750.4 .3 91 4.9 0
11:37 750.4 .3 91 3.6 0
11:38 750.4 .3 91 4.5 0
11:39 750.4 .3 91 4.5 0
11:40 750.4 .3 91 4.5 0
11:41 750.4 .3 91 5.4 0
11:42 750.4 .3 91 4.9 0
11:43 750.4 .3 91 5.4 0
11:44 750.4 .4 91 4.9 0
11:45 750.3 .4 91 5.4 0
11:46 750.3 .4 91 4.9 0
11:47 750.3 .4 91 4.5 0
11:48 750.3 .4 91 5.4 0
11:49 750.3 .4 91 5.4 0
11:50 750.3 .4 91 4.9 0
11:51 750.3 .4 91 4 0
11:52 750.3 .4 91 4 0
11:53 750.3 .5 91 4.9 0
11:54 750.3 .5 91 4 0
11:55 750.3 .5 91 4.5 0
11:56 750.3 .5 91 4.9 0
11:57 750.3 .5 91 4.9 0
11:58 750.3 .5 91 4 0
11:59 750.3 .5 91 4.9 0
12:00 750.1 .5 91 5.4 0
12:01 750.1 .5 91 4.5 0
12:02 750.1 .6 91 4 0
12:03 750.1 .6 91 4.5 0
12:04 750.1 .6 91 4.5 0
12:05 750.1 .6 91 4.9 0
12:06 750.1 .6 91 4.9 0
12:07 750.1 .6 91 5.4 0
12:08 750.1 .6 91 5.4 0
12:09 750.1 .6 90 4.9 0
12:10 750.1 .6 91 4.9 0
12:11 750.1 .6 91 4 0
12:12 750.1 .7 90 3.6 0
12:13 750.1 .7 91 3.6 0
12:14 750.1 .7 90 4.9 0
12:15 750 .7 91 5.8 0
12:16 750 .7 90 4.5 0
12:17 750 .7 90 4.5 0
12:18 750 .7 91 3.6 0
12:19 750 .7 91 5.4 0
12:20 750 .7 91 4.5 0
12:21 750 .7 91 6.7 0
12:22 750 .7 91 4 0
12:23 750 .7 90 4.5 0
12:24 750 .7 90 5.4 0
12:25 750 .7 90 5.8 0
12:26 750 .7 91 4.9 0
12:27 750 .7 90 4.9 0
12:28 750 .7 91 5.4 0
12:29 750 .7 91 5.4 0
12:30 750 .7 91 4.9 0
12:31 750 .7 91 4.9 0
12:32 750 .7 91 4.5 0
12:33 750 .7 90 4 0
12:34 750 .7 90 4.5 0
12:35 750 .7 90 3.6 0
12:36 750 .7 90 3.6 0
12:37 750 .7 90 3.1 0
12:38 750 .7 91 3.6 0
12:39 750 .7 91 3.6 0
12:40 750 .7 91 3.6 0
12:41 750 .7 91 5.4 0
12:42 750 .7 90 4.9 0
12:43 750 .8 90 5.4 0
12:44 750 .8 90 5.8 0
12:45 750 .8 90 5.8 0
12:46 750 .8 90 4 0
12:47 750 .8 90 3.6 0
12:48 750 .8 90 4 0
12:49 750 .8 91 4 0
12:50 750 .8 90 3.6 0
12:51 750 .9 90 2.7 0
12:52 750 .9 90 3.1 0
12:53 750 .9 90 3.1 0
12:54 750 .9 91 2.7 0
12:55 750 .9 90 4 0
12:56 750 .9 90 4.9 0
12:57 750 .9 90 5.4 0
12:58 750 .9 90 4 0
12:59 750 .9 91 4 0
13:00 749.9 .9 91 3.6 0
13:01 749.9 1 91 2.7 0
13:02 749.9 1 90 4 0
13:03 749.9 1 91 4.5 0
13:04 749.9 1 91 4 0
13:05 749.9 1 91 4 0
13:06 749.9 1 91 3.1 0
13:07 749.9 1 90 3.6 0
13:08 749.9 1 91 3.1 0
13:09 749.9 1 91 3.6 0
13:10 749.9 1 90 4 0
13:11 749.9 1.1 90 3.1 0
13:12 749.9 1.1 91 5.4 0
13:13 749.9 1.1 90 4 0
13:14 749.9 1.1 91 3.6 0
13:15 749.8 1.1 91 3.1 0
13:16 749.8 1.1 91 3.6 0
13:17 749.8 1.1 91 3.6 0
13:18 749.8 1.1 91 4.9 0
13:19 749.8 1.1 91 4 0
13:20 749.8 1.1 91 4 0
13:21 749.8 1.1 91 4 0
13:22 749.8 1.2 91 3.6 0
13:23 749.8 1.2 91 4.9 0
13:24 749.8 1.2 91 3.6 0
13:25 749.8 1.2 91 4 0
13:26 749.8 1.2 91 2.2 0
13:27 749.8 1.2 91 3.6 0
13:28 749.8 1.2 91 3.1 0
13:29 749.8 1.2 91 3.1 0
13:30 749.7 1.2 91 3.6 0
13:31 749.7 1.2 91 4 0
13:32 749.7 1.2 91 4 0
13:33 749.7 1.2 91 4.9 0
13:34 749.7 1.2 91 5.4 0
13:35 749.7 1.2 91 4.5 0
13:36 749.7 1.2 91 6.3 0
13:37 749.7 1.2 91 5.4 0
13:38 749.7 1.2 91 4 0
13:39 749.7 1.2 91 3.6 0
13:40 749.7 1.2 91 4.5 0
13:41 749.7 1.2 91 4 0
13:42 749.7 1.2 91 3.6 0
13:43 749.7 1.2 91 4.9 0
13:44 749.7 1.2 91 4 0
13:45 749.6 1.2 91 3.6 0
13:46 749.6 1.2 91 4 0
13:47 749.6 1.3 91 2.2 0
13:48 749.6 1.3 91 3.6 0
13:49 749.6 1.3 91 3.6 0
13:50 749.6 1.3 91 4 0
13:51 749.6 1.3 91 3.1 0
13:52 749.6 1.3 91 5.8 0
13:53 749.6 1.3 91 5.4 0
13:54 749.6 1.3 91 3.6 0
13:55 749.6 1.3 91 4 0
13:56 749.6 1.3 91 4.5 0
13:57 749.6 1.3 91 4 0
13:58 749.6 1.3 91 4 0
13:59 749.6 1.3 91 3.6 0
14:00 749.6 1.3 92 5.4 0
14:01 749.6 1.3 92 3.1 0
14:02 749.6 1.3 92 4 0
14:03 749.6 1.3 92 4.5 0
14:04 749.6 1.3 92 3.6 0
14:05 749.6 1.3 92 2.7 0
14:06 749.6 1.3 92 2.7 0
14:07 749.6 1.3 92 2.2 0
14:08 749.6 1.3 92 1.8 0
14:09 749.6 1.3 92 4.9 0
14:10 749.6 1.3 92 4 0
14:11 749.6 1.3 92 2.7 0
14:12 749.6 1.3 92 4 0
14:13 749.6 1.3 92 4 0
14:14 749.6 1.3 92 3.6 0
14:15 749.5 1.4 92 4 0
14:16 749.5 1.4 92 4.5 0
14:17 749.5 1.4 92 5.4 0
14:18 749.5 1.4 92 4.5 0
14:19 749.5 1.4 92 4 0
14:20 749.5 1.4 92 3.1 0
14:21 749.5 1.4 92 4.9 0
14:22 749.5 1.4 92 4.5 0
14:23 749.5 1.4 92 3.6 0
14:24 749.5 1.4 92 4.5 0
14:25 749.5 1.4 92 4.5 0
14:26 749.5 1.4 92 4.9 0
14:27 749.5 1.4 92 4.5 0
14:28 749.5 1.4 92 5.4 0
14:29 749.5 1.4 92 5.4 0
14:30 749.5 1.4 92 4.5 0
14:31 749.5 1.4 92 3.1 0
14:32 749.5 1.4 92 4.9 0
14:33 749.5 1.4 92 4.5 0
14:34 749.5 1.4 92 4.9 0
14:35 749.5 1.4 92 4.5 0
14:36 749.5 1.4 92 4.9 0
14:37 749.5 1.4 92 4.5 0
14:38 749.5 1.4 92 4.9 0
14:39 749.5 1.4 92 4 0
14:40 749.5 1.5 92 3.6 0
14:41 749.5 1.5 92 4 0
14:42 749.5 1.5 92 4.9 0
14:43 749.5 1.5 92 4.9 0
14:44 749.5 1.5 92 5.4 0
14:45 749.4 1.5 92 5.4 0
14:46 749.4 1.5 92 4.9 0
14:47 749.4 1.5 92 4 0
14:48 749.4 1.5 92 4.9 0
14:49 749.4 1.5 92 4 0
14:50 749.4 1.5 92 4.5 0
14:51 749.4 1.5 92 3.6 0
14:52 749.4 1.5 92 4.5 0
14:53 749.4 1.5 92 4.9 0
14:54 749.4 1.5 92 4 0
14:55 749.4 1.6 92 3.6 0
14:56 749.4 1.6 92 5.4 0
14:57 749.4 1.6 92 4 0
14:58 749.4 1.6 92 4.5 0
14:59 749.4 1.6 92 3.1 0
15:00 749.4 1.6 92 4.5 0
15:01 749.4 1.6 92 3.1 0
15:02 749.4 1.6 92 3.6 0
15:03 749.4 1.6 92 4.5 0
15:04 749.4 1.6 92 4.5 0
15:05 749.4 1.6 92 3.1 0
15:06 749.4 1.6 92 4 0
15:07 749.4 1.6 92 3.1 0
15:08 749.4 1.6 92 3.1 0
15:09 749.4 1.6 92 3.6 0
15:10 749.4 1.6 92 4 0
15:11 749.4 1.6 92 3.6 0
15:12 749.4 1.6 92 4.5 0
15:13 749.4 1.6 92 3.1 0
15:14 749.4 1.6 92 3.1 0
15:15 749.3 1.6 92 4.9 0
15:16 749.3 1.6 92 3.6 0
15:17 749.3 1.6 92 4.5 0
15:18 749.3 1.6 92 3.6 0
15:19 749.3 1.6 92 3.6 0
15:20 749.3 1.6 92 3.6 0
15:21 749.3 1.6 92 4.5 0
15:22 749.3 1.7 92 3.6 0
15:23 749.3 1.7 92 4.9 0
15:24 749.3 1.7 92 4 0
15:25 749.3 1.7 92 3.6 0
15:26 749.3 1.7 92 3.6 0
15:27 749.3 1.7 92 4 0
15:28 749.3 1.7 92 4 0
15:29 749.3 1.7 92 4.9 0
15:30 749.4 1.7 92 4 0
15:31 749.4 1.7 92 3.6 0
15:32 749.4 1.7 92 3.1 0
15:33 749.4 1.7 92 4.5 0
15:34 749.4 1.7 92 4 0
15:35 749.4 1.7 92 3.6 0
15:36 749.4 1.7 92 2.7 0
15:37 749.4 1.7 92 3.1 0
15:38 749.4 1.7 92 4.9 0
15:39 749.4 1.7 92 4.9 0
15:40 749.4 1.7 92 3.6 0
15:41 749.4 1.7 92 4.9 0
15:42 749.4 1.7 92 4 0
15:43 749.4 1.7 92 4.5 0
15:44 749.4 1.7 92 3.6 0
15:45 749.2 1.7 92 2.7 0
15:46 749.2 1.7 92 4.9 0
15:47 749.2 1.7 92 4.5 0
15:48 749.2 1.7 92 3.6 0
15:49 749.2 1.7 92 5.4 0
15:50 749.2 1.7 92 4 0
15:51 749.2 1.7 92 4 0
15:52 749.2 1.7 92 3.6 0
15:53 749.2 1.7 92 3.6 0
15:54 749.2 1.7 92 4.5 0
15:55 749.2 1.7 92 4 0
15:56 749.2 1.7 92 4 0
15:57 749.2 1.7 92 4.5 0
15:58 749.2 1.7 92 4.5 0
15:59 749.2 1.7 92 3.1 0
16:00 749.1 1.7 92 4 0
16:01 749.1 1.7 92 3.6 0
16:02 749.1 1.7 92 2.7 0
16:03 749.1 1.7 92 4.5 0
16:04 749.1 1.7 92 4.5 0
16:05 749.1 1.7 92 4 0
16:06 749.1 1.8 93 4 0
16:07 749.1 1.8 92 4.5 0
16:08 749.1 1.8 93 4 0
16:09 749.1 1.8 93 4.5 0
16:10 749.1 1.8 93 4 0
16:11 749.1 1.8 92 3.1 0
16:12 749.1 1.8 92 4.5 0
16:13 749.1 1.8 92 4.5 0
16:14 749.1 1.8 92 3.1 0
16:15 749.1 1.8 92 4 0
16:16 749.1 1.8 92 2.2 0
16:17 749.1 1.8 92 3.6 0
16:18 749.1 1.8 92 4 0
16:19 749.1 1.8 92 4 0
16:20 749.1 1.8 92 3.6 0
16:21 749.1 1.8 92 4 0
16:22 749.1 1.8 92 4.5 0
16:23 749.1 1.8 92 4.5 0
16:24 749.1 1.8 92 2.7 0
16:25 749.1 1.8 92 3.1 0
16:26 749.1 1.8 92 3.1 0
16:27 749.1 1.8 92 3.1 0
16:28 749.1 1.8 92 4 0
16:29 749.1 1.8 92 4 0
16:30 749.1 1.8 92 4.5 0
16:31 749.1 1.9 92 4 0
16:32 749.1 1.9 92 3.6 0
16:33 749.1 1.9 92 4 0
16:34 749.1 1.9 92 4.5 0
16:35 749.1 1.9 92 4.5 0
16:36 749.1 1.9 92 4 0
16:37 749.1 1.9 92 4.5 0
16:38 749.1 1.9 92 4 0
16:39 749.1 1.9 92 4 0
16:40 749.1 1.9 92 4 0
16:41 749.1 1.9 92 3.6 0
16:42 749.1 1.9 92 4.9 0
16:43 749.1 1.9 92 4.5 0
16:44 749.1 1.9 92 4.9 0
16:45 749.1 1.9 92 4.9 0
16:46 749.1 1.9 92 3.6 0
16:47 749.1 1.9 92 3.1 0
16:48 749.1 1.9 92 4 0
16:49 749.1 2 92 3.1 0
16:50 749.1 2 92 4 0
16:51 749.1 2 92 3.6 0
16:52 749.1 2 92 4.5 0
16:53 749.1 2 92 4.5 0
16:54 749.1 2 92 4 0
16:55 749.1 2 92 4 0
16:56 749.1 2 92 4 0
16:57 749.1 2 92 4 0
16:58 749.1 2 92 4.5 0
16:59 749.1 2 92 4 0
17:00 749.1 2 92 5.4 0
17:01 749.1 2 92 4.5 0
17:02 749.1 2 92 3.6 0
17:03 749.1 2 92 5.4 0
17:04 749.1 2 92 3.6 0
17:05 749.1 2 92 4 0
17:06 749.1 2 92 4.5 0
17:07 749.1 2 92 3.6 0
17:08 749.1 2 92 2.7 0
17:09 749.1 2 92 4.9 0
17:10 749.1 2 92 4.5 0
17:11 749.1 2.1 92 5.4 0
17:12 749.1 2.1 92 3.6 0
17:13 749.1 2.1 92 4.5 0
17:14 749.1 2.1 92 4 0
17:15 749 2.1 92 3.1 0
17:16 749 2.1 92 4.9 0
17:17 749 2.1 92 3.1 0
17:18 749 2.1 92 4.9 0
17:19 749 2.1 92 4.5 0
17:20 749 2.1 92 5.4 0
17:21 749 2.1 92 5.4 0
17:22 749 2.1 92 4.5 0
17:23 749 2.1 92 4.9 0
17:24 749 2.1 92 5.4 0
17:25 749 2.1 92 4.5 0
17:26 749 2.1 92 5.4 0
17:27 749 2.1 92 5.4 0
17:28 749 2.1 92 4.5 0
17:29 749 2.1 92 4.9 0
17:30 748.9 2.1 92 5.8 0
17:31 748.9 2.1 96 5.4 0
17:32 748.9 2.2 92 4.5 0
17:33 748.9 2.2 92 6.3 0
17:34 748.9 2.2 92 4.5 0
17:35 748.9 2.2 92 4.5 0
17:36 748.9 2.2 91 4 0
17:37 748.9 2.2 92 5.4 0
17:38 748.9 2.2 91 4.9 0
17:39 748.9 2.2 91 4.5 0
17:40 748.9 2.2 91 4.9 0
17:41 748.9 2.2 91 4.5 0
17:42 748.9 2.2 91 3.6 0
17:43 748.9 2.2 91 3.1 0
17:44 748.9 2.2 91 4.5 0
17:45 748.9 2.2 91 4.9 0
17:46 748.9 2.2 91 4.9 0
17:47 748.9 2.2 91 4.5 0
17:48 748.9 2.2 91 5.4 0
17:49 748.9 2.2 91 4.9 0
17:50 748.9 2.2 91 4.5 0
17:51 748.9 2.2 91 4.9 0
17:52 748.9 2.2 91 5.8 0
17:53 748.9 2.2 91 4.9 0
17:54 748.9 2.2 91 5.4 0
17:55 748.9 2.2 91 6.3 0
17:56 748.9 2.2 91 5.4 0
17:57 748.9 2.2 91 5.4 0
17:58 748.9 2.2 91 4 0
17:59 748.9 2.2 91 4.9 0
18:00 748.8 2.2 91 4.9 0
18:01 748.8 2.2 91 4.9 0
18:02 748.8 2.2 91 4.9 0
18:03 748.8 2.2 91 5.4 0
18:04 748.8 2.2 91 5.4 0
18:05 748.8 2.2 88 6.7 0
18:06 748.8 2.2 91 6.3 0
18:07 748.8 2.2 91 4.5 0
18:08 748.8 2.2 91 5.4 0
18:09 748.8 2.2 91 6.3 0
18:10 748.8 2.2 91 4.9 0
18:11 748.8 2.2 91 4.5 0
18:12 748.8 2.2 91 4.9 0
18:13 748.8 2.2 91 6.3 0
18:14 748.8 2.2 91 4.5 0
18:15 748.8 2.1 91 5.4 0
18:16 748.8 2.1 91 5.8 0
18:17 748.8 2.1 90 5.8 0
18:18 748.8 2.1 91 4.5 0
18:19 748.8 2.1 90 5.8 0
18:20 748.8 2.1 91 4.9 0
18:21 748.8 2.1 90 3.6 0
18:22 748.8 2.1 91 4.5 0
18:23 748.8 2.1 91 4.5 0
18:24 748.8 2.1 91 6.3 0
18:25 748.8 2.1 91 4 0
18:26 748.8 2.1 91 5.4 0
18:27 748.8 2.1 91 4.5 0
18:28 748.8 2.1 91 4.5 0
18:29 748.8 2.1 91 6.7 0
18:30 748.8 2.1 91 5.8 0
18:31 748.8 2.1 91 5.8 0
18:32 748.8 2.1 91 4.9 0
18:33 748.8 2.1 91 4.5 0
18:34 748.8 2.1 91 4 0
18:35 748.8 2.1 91 4 0
18:36 748.8 2.1 91 4 0
18:37 748.8 2.1 91 3.6 0
18:38 748.8 2.2 91 3.6 0
18:39 748.8 2.2 91 4.9 0
18:40 748.8 2.2 91 5.4 0
18:41 748.8 2.2 91 4.9 0
18:42 748.8 2.2 91 4.5 0
18:43 748.8 2.2 91 5.8 0
18:44 748.8 2.2 91 5.4 0
18:45 748.7 2.2 91 6.3 0
18:46 748.7 2.1 91 6.3 0
18:47 748.7 2.1 91 5.4 0
18:48 748.7 2.1 91 4.5 0
18:49 748.7 2.1 91 5.8 0
18:50 748.7 2.1 91 5.4 0
18:51 748.7 2.1 91 4.5 0
18:52 748.7 2.1 91 4.5 0
18:53 748.7 2.1 91 4.9 0
18:54 748.7 2.1 91 4 0
18:55 748.7 2.1 91 4.5 0
18:56 748.7 2.2 91 5.8 0
18:57 748.7 2.2 91 5.4 0
18:58 748.7 2.2 91 4 0
18:59 748.7 2.2 91 4.5 0
19:00 748.7 2.2 91 4.5 0
19:01 748.7 2.2 91 5.8 0
19:02 748.7 2.2 91 4 0
19:03 748.7 2.2 91 4 0
19:04 748.7 2.2 91 3.6 0
19:05 748.7 2.2 91 4.5 0
19:06 748.7 2.2 91 4.9 0
19:07 748.7 2.2 91 5.4 0
19:08 748.7 2.2 91 4.5 0
19:09 748.7 2.2 91 2.2 0
19:10 748.7 2.2 91 4.5 0
19:11 748.7 2.2 91 4.9 0
19:12 748.7 2.2 91 5.4 0
19:13 748.7 2.2 91 4.9 0
19:14 748.7 2.2 91 4.9 0
19:15 748.7 2.2 91 4.9 0
19:16 748.7 2.2 91 4.9 0
19:17 748.7 2.2 91 5.8 0
19:18 748.7 2.2 91 4 0
19:19 748.7 2.2 91 6.3 0
19:20 748.7 2.2 91 4.9 0
19:21 748.7 2.2 91 5.8 0
19:22 748.7 2.2 91 6.3 0
19:23 748.7 2.2 91 6.3 0
19:24 748.7 2.2 91 5.4 0
19:25 748.7 2.2 91 4.9 0
19:26 748.7 2.2 91 5.4 0
19:27 748.7 2.1 91 5.8 0
19:28 748.7 2.1 90 6.3 0
19:29 748.7 2.1 91 6.3 0
19:30 748.7 2.1 90 6.7 0
19:31 748.7 2.1 90 5.8 0
19:32 748.7 2.1 90 4.9 0
19:33 748.7 2.1 90 8 0
19:34 748.7 2.1 90 4.9 0
19:35 748.7 2.1 90 5.4 0
19:36 748.7 2.1 90 5.8 0
19:37 748.7 2.1 90 5.4 0
19:38 748.7 2.1 90 4.9 0
19:39 748.7 2.1 90 5.4 0
19:40 748.7 2.1 90 5.4 0
19:41 748.7 2.1 90 6.3 0
19:42 748.7 2.1 90 4.5 0
19:43 748.7 2.1 90 4.9 0
19:44 748.7 2.1 90 4.9 0
19:45 748.7 2 90 5.4 0
19:46 748.7 2 90 6.3 0
19:47 748.7 2 90 5.4 0
19:48 748.7 2 90 6.7 0
19:49 748.7 2 90 5.4 0
19:50 748.7 2 90 5.8 0
19:51 748.7 2 90 4.9 0
19:52 748.7 2 90 6.3 0
19:53 748.7 2 90 4.9 0
19:54 748.7 2 90 4 0
19:55 748.7 1.9 90 4.5 0
19:56 748.7 1.9 90 4.5 0
19:57 748.7 1.9 90 3.6 0
19:58 748.7 1.9 90 3.6 0
19:59 748.7 1.9 90 3.6 0
20:00 748.6 1.9 90 4.5 0
20:01 748.6 1.8 90 5.4 0
20:02 748.6 1.8 90 4.9 0
20:03 748.6 1.8 90 4.9 0
20:04 748.6 1.8 90 5.4 0
20:05 748.6 1.7 90 5.8 0
20:06 748.6 1.7 90 6.3 0
20:07 748.6 1.7 90 5.4 0
20:08 748.6 1.7 90 6.7 0
20:09 748.6 1.7 90 7.2 0
20:10 748.6 1.7 90 4.5 0
20:11 748.6 1.7 90 4.5 0
20:12 748.6 1.7 90 5.4 0
20:13 748.6 1.7 90 4.5 0
20:14 748.6 1.6 90 5.4 0
20:15 748.6 1.6 90 4.9 0
20:16 748.6 1.6 90 6.7 0
20:17 748.6 1.5 90 6.7 0
20:18 748.6 1.5 90 5.8 0
20:19 748.6 1.5 90 5.8 0
20:20 748.6 1.5 90 4.5 0
20:21 748.6 1.5 90 5.4 0
20:22 748.6 1.5 91 4.9 0
20:23 748.6 1.5 91 4.9 0
20:24 748.6 1.5 91 5.4 0
20:25 748.6 1.5 91 3.1 0
20:26 748.6 1.5 91 4 0
20:27 748.6 1.5 91 4 0
20:28 748.6 1.5 91 4 0
20:29 748.6 1.5 91 4.5 0
20:30 748.6 1.4 91 4.5 0
20:31 748.6 1.4 91 4 0
20:32 748.6 1.4 91 5.8 0
20:33 748.6 1.4 91 5.8 0
20:34 748.6 1.4 91 4.5 0
20:35 748.6 1.4 91 3.1 0
20:36 748.6 1.4 91 4.9 0
20:37 748.6 1.4 91 4.5 0
20:38 748.6 1.4 91 4.9 0
20:39 748.6 1.3 91 6.7 0
20:40 748.6 1.3 91 5.8 0
20:41 748.6 1.3 91 4 0
20:42 748.6 1.3 91 4.5 0
20:43 748.6 1.3 91 4.9 0
20:44 748.6 1.3 91 4.5 0
20:45 748.6 1.3 91 5.8 0
20:46 748.6 1.3 91 5.4 0
20:47 748.6 1.3 91 3.6 0
20:48 748.6 1.2 91 4.9 0
20:49 748.6 1.2 91 4.5 0
20:50 748.6 1.2 91 4.5 0
20:51 748.6 1.2 91 5.8 0
20:52 748.6 1.2 91 5.8 0
20:53 748.6 1.2 91 5.4 0
20:54 748.6 1.2 91 5.8 0
20:55 748.6 1.2 91 4.5 0
20:56 748.6 1.2 91 5.4 0
20:57 748.6 1.2 91 4.9 0
20:58 748.6 1.2 91 4.5 0
20:59 748.6 1.2 91 4.9 0
21:00 748.6 1.2 91 4.9 0
21:01 748.6 1.2 91 4.9 0
21:02 748.6 1.2 91 4.5 0
21:03 748.6 1.2 91 6.7 0
21:04 748.6 1.2 91 5.8 0
21:05 748.6 1.2 91 4.9 0
21:06 748.6 1.2 91 4.9 0
21:07 748.6 1.2 91 4.9 0
21:08 748.6 1.2 91 4.5 0
21:09 748.6 1.2 91 4 0
21:10 748.6 1.2 91 4.9 0
21:11 748.6 1.2 91 4 0
21:12 748.6 1.2 91 4.9 0
21:13 748.6 1.2 91 4.9 0
21:14 748.6 1.2 91 4.9 0
21:15 748.6 1.2 91 4.9 0
21:16 748.6 1.2 91 5.4 0
21:17 748.6 1.2 91 5.8 0
21:18 748.6 1.2 91 5.4 0
21:19 748.6 1.2 91 5.4 0
21:20 748.6 1.2 91 4.9 0
21:21 748.6 1.2 91 4.9 0
21:22 748.6 1.2 91 4 0
21:23 748.6 1.2 91 5.4 0
21:24 748.6 1.2 91 5.8 0
21:25 748.6 1.2 91 5.8 0
21:26 748.6 1.1 92 6.3 0
21:27 748.6 1.1 91 5.8 0
21:28 748.6 1.1 91 4 0
21:29 748.6 1.1 92 4.5 0
21:30 748.5 1.1 92 5.8 0
21:31 748.5 1.1 92 5.8 0
21:32 748.5 1.1 92 4.5 0
21:33 748.5 1.1 92 5.4 0
21:34 748.5 1.1 92 4.5 0
21:35 748.5 1.1 92 4.9 0
21:36 748.5 1.1 92 6.3 0
21:37 748.5 1.1 92 4.9 0
21:38 748.5 1.1 92 5.8 0
21:39 748.5 1.1 92 4.9 0
21:40 748.5 1.1 92 5.4 0
21:41 748.5 1.1 92 5.8 0
21:42 748.5 1.1 92 6.3 0
21:43 748.5 1.1 92 4.5 0
21:44 748.5 1 92 5.8 0
21:45 748.5 1 92 5.4 0
21:46 748.5 1 92 5.4 0
21:47 748.5 1 92 5.8 0
21:48 748.5 1 92 5.4 0
21:49 748.5 1 92 4.5 0
21:50 748.5 1 92 4.5 0
21:51 748.5 .9 92 4.9 0
21:52 748.5 .9 92 5.8 0
21:53 748.5 .9 92 6.3 0
21:54 748.5 .9 92 5.4 0
21:55 748.5 .9 92 6.3 0
21:56 748.5 .9 92 5.4 0
21:57 748.5 .9 92 4.9 0
21:58 748.5 .9 92 4.5 0
21:59 748.5 .9 92 4.5 0
22:00 748.4 .9 92 5.4 0
22:01 748.4 .9 92 4.5 0
22:02 748.4 .9 92 4 0
22:03 748.4 .9 92 4 0
22:04 748.4 .9 92 5.8 0
22:05 748.4 .9 92 5.4 0
22:06 748.4 .9 92 5.4 0
22:07 748.4 .9 92 4.5 0
22:08 748.4 .9 92 4 0
22:09 748.4 .9 92 4.5 0
22:10 748.4 .9 92 4.5 0
22:11 748.4 .9 92 4 0
22:12 748.4 .9 92 4 0
22:13 748.4 .9 92 5.4 0
22:14 748.4 .9 92 4.5 0
22:15 748.4 .9 92 4.5 0
22:16 748.4 .9 92 4.9 0
22:17 748.4 .9 92 4.5 0
22:18 748.4 .9 92 3.6 0
22:19 748.4 .9 92 2.7 0
22:20 748.4 .9 92 3.1 0
22:21 748.4 .9 92 4.5 0
22:22 748.4 .9 92 4 0
22:23 748.4 .9 92 4.5 0
22:24 748.4 .9 92 4 0
22:25 748.4 .9 92 4.9 0
22:26 748.4 .9 92 5.4 0
22:27 748.4 .9 92 4.9 0
22:28 748.4 1 92 5.8 0
22:29 748.4 1 92 4.9 0
22:30 748.3 1 92 4 0
22:31 748.3 1 92 4.9 0
22:32 748.3 1 92 4 0
22:33 748.3 1 92 4.9 0
22:34 748.3 1 92 4.9 0
22:35 748.3 1 92 5.4 0
22:36 748.3 1 92 4.9 0
22:37 748.3 1 92 5.4 0
22:38 748.3 1 92 4.5 0
22:39 748.3 1 92 4.5 0
22:40 748.3 1 92 4.9 0
22:41 748.3 1.1 92 5.4 0
22:42 748.3 1.1 92 5.4 0
22:43 748.3 1.1 92 4.9 0
22:44 748.3 1.1 92 4.5 0
22:45 748.3 1.1 92 4.9 0
22:46 748.3 1.1 92 5.8 0
22:47 748.3 1.1 92 5.8 0
22:48 748.3 1.1 92 5.4 0
22:49 748.3 1.1 92 5.4 0
22:50 748.3 1.1 92 4.5 0
22:51 748.3 1.2 92 5.4 0
22:52 748.3 1.2 92 4 0
22:53 748.3 1.2 92 4.5 0
22:54 748.3 1.2 92 4 0
22:55 748.3 1.2 92 4.5 0
22:56 748.3 1.2 92 4 0
22:57 748.3 1.2 92 4.5 0
22:58 748.3 1.2 92 4 0
22:59 748.3 1.2 92 4.9 0
23:00 748.2 1.2 92 5.8 0
23:01 748.2 1.2 92 6.3 0
23:02 748.2 1.2 92 4 0
23:03 748.2 1.3 92 5.4 0
23:04 748.2 1.3 92 4.5 0
23:05 748.2 1.3 92 4 0
23:06 748.2 1.3 92 3.6 0
23:07 748.2 1.3 92 4.5 0
23:08 748.2 1.3 92 4.5 0
23:09 748.2 1.3 92 4 0
23:10 748.2 1.3 92 4.9 0
23:11 748.2 1.3 92 3.6 0
23:12 748.2 1.3 92 4.9 0
23:13 748.2 1.4 92 5.8 0
23:14 748.2 1.4 92 4.5 0
23:15 748.1 1.4 92 4.5 0
23:16 748.1 1.4 92 5.4 0
23:17 748.1 1.4 92 5.8 0
23:18 748.1 1.4 92 4 0
23:19 748.1 1.4 92 4.5 0
23:20 748.1 1.4 92 5.4 0
23:21 748.1 1.4 92 4.9 0
23:22 748.1 1.4 92 4.5 0
23:23 748.1 1.4 92 4.5 0
23:24 748.1 1.4 92 4.9 0
23:25 748.1 1.4 92 4.5 0
23:26 748.1 1.4 92 5.4 0
23:27 748.1 1.4 92 4 0
23:28 748.1 1.4 92 4.5 0
23:29 748.1 1.4 92 4.9 0
23:30 748.1 1.4 92 5.4 0
23:31 748.1 1.4 92 5.4 0
23:32 748.1 1.4 92 4 0
23:33 748.1 1.4 92 4.9 0
23:34 748.1 1.4 92 5.4 0
23:35 748.1 1.4 92 4.5 0
23:36 748.1 1.4 92 5.8 0
23:37 748.1 1.4 92 4.9 0
23:38 748.1 1.4 92 5.4 0
23:39 748.1 1.4 92 4.5 0
23:40 748.1 1.4 92 4.5 0
23:41 748.1 1.4 92 3.6 0
23:42 748.1 1.4 92 4.5 0
23:43 748.1 1.4 92 4.9 0
23:44 748.1 1.4 92 5.4 0
23:45 748 1.4 92 4.9 0
23:46 748 1.4 92 4.5 0
23:47 748 1.4 92 5.4 0
23:48 748 1.4 92 5.4 0
23:49 748 1.4 92 5.4 0
23:50 748 1.4 92 5.4 0
23:51 748 1.4 92 4.5 0
23:52 748 1.4 92 5.4 0
23:53 748 1.5 92 4 0
23:54 748 1.5 92 4 0
23:55 748 1.5 92 4.5 0
23:56 748 1.5 92 4.9 0
23:57 748 1.5 92 4.9 0
23:58 748 1.5 92 4.5 0
23:59 748 1.5 92 4.9 0
