00:00 742.4 12.7 71 6.7 0
00:01 742.4 12.7 71 8 0
00:02 742.4 12.7 71 7.6 0
00:03 742.4 12.7 71 7.6 0
00:04 742.4 12.7 71 9.4 0
00:05 742.4 12.7 71 6.7 0
00:06 742.4 12.6 71 5.8 0
00:07 742.4 12.6 71 4.5 0
00:08 742.4 12.6 71 5.4 0
00:09 742.4 12.6 71 5.8 0
00:10 742.4 12.6 71 7.6 0
00:11 742.4 12.6 72 4.9 0
00:12 742.4 12.6 71 5.4 0
00:13 742.4 12.6 72 6.7 0
00:14 742.4 12.6 71 4.5 0
00:15 742.6 12.6 72 4.5 0
00:16 742.6 12.6 72 4 0
00:17 742.6 12.6 72 7.6 0
00:18 742.6 12.6 72 5.4 0
00:19 742.6 12.6 71 8 0
00:20 742.6 12.6 71 9.4 0
00:21 742.6 12.7 72 6.3 0
00:22 742.6 12.7 71 8 0
00:23 742.6 12.7 71 6.3 0
00:24 742.6 12.7 71 7.2 0
00:25 742.6 12.7 71 7.2 0
00:26 742.6 12.7 71 6.7 0
00:27 742.6 12.7 71 9.4 0
00:28 742.6 12.7 71 8.5 0
00:29 742.6 12.7 70 8 0
00:30 742.7 12.7 70 8.5 0
00:31 742.7 12.7 71 8 0
00:32 742.7 12.7 71 6.7 0
00:33 742.7 12.7 71 5.8 0
00:34 742.7 12.7 71 6.7 0
00:35 742.7 12.7 71 7.6 0
00:36 742.7 12.7 71 7.2 0
00:37 742.7 12.7 71 7.6 0
00:38 742.7 12.7 71 6.7 0
00:39 742.7 12.7 71 6.7 0
00:40 742.7 12.7 71 8.9 0
00:41 742.7 12.7 71 7.6 0
00:42 742.7 12.7 70 7.2 0
00:43 742.7 12.7 71 5.8 0
00:44 742.7 12.7 71 4 0
00:45 742.8 12.7 71 6.7 0
00:46 742.8 12.7 71 7.2 0
00:47 742.8 12.7 70 6.3 0
00:48 742.8 12.7 71 7.6 0
00:49 742.8 12.7 71 7.6 0
00:50 742.8 12.7 70 6.7 0
00:51 742.8 12.7 71 5.4 0
00:52 742.8 12.7 71 7.2 0
00:53 742.8 12.7 71 6.3 0
00:54 742.8 12.7 71 5.4 0
00:55 742.8 12.7 71 7.2 0
00:56 742.8 12.7 71 5.4 0
00:57 742.8 12.7 71 5.4 0
00:58 742.8 12.7 71 6.3 0
00:59 742.8 12.7 71 7.2 0
01:00 743 12.7 70 6.3 0
01:01 743 12.7 71 7.6 0
01:02 743 12.7 71 6.7 0
01:03 743 12.7 71 3.6 0
01:04 743 12.7 71 4 0
01:05 743 12.7 72 4.9 0
01:06 743 12.7 72 6.7 0
01:07 743 12.7 71 6.7 0
01:08 743 12.7 71 4.5 0
01:09 743 12.7 71 5.4 0
01:10 743 12.7 71 5.4 0
01:11 743 12.7 72 5.8 0
01:12 743 12.7 68 4.9 0
01:13 743 12.7 72 8 0
01:14 743 12.7 72 6.3 0
01:15 743.1 12.7 72 8 0
01:16 743.1 12.7 71 7.6 0
01:17 743.1 12.7 71 6.7 0
01:18 743.1 12.7 71 6.7 0
01:19 743.1 12.7 71 6.3 0
01:20 743.1 12.7 72 4.5 0
01:21 743.1 12.7 72 3.6 0
01:22 743.1 12.7 72 1.8 0
01:23 743.1 12.7 72 4.9 0
01:24 743.1 12.7 72 8 0
01:25 743.1 12.7 71 8 0
01:26 743.1 12.7 71 4.9 0
01:27 743.1 12.7 72 3.1 0
01:28 743.1 12.7 72 3.6 0
01:29 743.1 12.7 72 4.9 0
01:30 743.2 12.7 72 4.5 0
01:31 743.2 12.7 72 4.5 0
01:32 743.2 12.7 72 5.4 0
01:33 743.2 12.7 72 5.4 0
01:34 743.2 12.7 72 4.5 0
01:35 743.2 12.7 72 4.5 0
01:36 743.2 12.6 72 6.7 0
01:37 743.2 12.7 71 6.7 0
01:38 743.2 12.7 72 4.9 0
01:39 743.2 12.7 72 5.4 0
01:40 743.2 12.7 72 5.8 0
01:41 743.2 12.7 72 3.1 0
01:42 743.2 12.6 72 4 0
01:43 743.2 12.6 72 4.5 0
01:44 743.2 12.6 72 5.8 0
01:45 743.4 12.6 72 5.4 0
01:46 743.4 12.6 72 4.9 0
01:47 743.4 12.6 72 3.6 0
01:48 743.4 12.5 73 4.9 0
01:49 743.4 12.5 73 4 0
01:50 743.4 12.4 73 4.5 0
01:51 743.4 12.4 73 4.5 0
01:52 743.4 12.4 73 4.9 0
01:53 743.4 12.4 73 4.9 0
01:54 743.4 12.4 73 4 0
01:55 743.4 12.3 73 6.3 0
01:56 743.4 12.3 73 5.4 0
01:57 743.4 12.3 73 2.2 0
01:58 743.4 12.3 73 4.5 0
01:59 743.4 12.3 73 5.8 0
02:00 743.6 12.2 73 4 0
02:01 743.6 12.2 74 4.5 0
02:02 743.6 12.2 74 6.7 0
02:03 743.6 12.2 74 5.4 0
02:04 743.6 12.2 74 4.9 0
02:05 743.6 12.2 74 5.8 0
02:06 743.6 12.2 74 5.8 0
02:07 743.6 12.1 74 4.5 0
02:08 743.6 12.1 74 5.4 0
02:09 743.6 12.1 73 5.4 0
02:10 743.6 12.1 74 5.4 0
02:11 743.6 12.1 74 3.6 0
02:12 743.6 12.1 75 4 0
02:13 743.6 12.1 75 4.9 0
02:14 743.6 12.1 75 5.4 0
02:15 743.8 12.1 75 5.8 0
02:16 743.8 12.1 75 3.1 0
02:17 743.8 12.1 75 3.1 0
02:18 743.8 12 75 4 0
02:19 743.8 12 75 4.9 0
02:20 743.8 12 75 4.5 0
02:21 743.8 12 75 5.8 0
02:22 743.8 12.1 75 4.9 0
02:23 743.8 12.1 75 4.9 0
02:24 743.8 12.1 75 4 0
02:25 743.8 12.1 75 4 0
02:26 743.8 12.1 75 4 0
02:27 743.8 12.1 75 2.7 0
02:28 743.8 12.1 75 4.9 0
02:29 743.8 12.1 75 4.9 0
02:30 743.8 12.1 75 3.6 0
02:31 743.8 12.1 75 4 0
02:32 743.8 12.1 75 5.4 0
02:33 743.8 12.1 75 4.5 0
02:34 743.8 12.2 74 5.4 0
02:35 743.8 12.2 74 4 0
02:36 743.8 12.2 74 5.8 0
02:37 743.8 12.2 75 4.5 0
02:38 743.8 12.2 74 4.9 0
02:39 743.8 12.2 74 4.5 0
02:40 743.8 12.2 74 2.7 0
02:41 743.8 12.2 75 4 0
02:42 743.8 12.2 74 6.3 0
02:43 743.8 12.2 74 4 0
02:44 743.8 12.2 74 4.9 0
02:45 744 12.2 74 4 0
02:46 744 12.2 74 4.9 0
02:47 744 12.2 75 4 0
02:48 744 12.2 74 4.5 0
02:49 744 12.2 74 5.4 0
02:50 744 12.2 74 3.6 0
02:51 744 12.2 75 4.9 0
02:52 744 12.2 74 4.5 0
02:53 744 12.2 75 2.7 0
02:54 744 12.2 75 2.7 0
02:55 744 12.2 74 5.4 0
02:56 744 12.2 74 5.4 0
02:57 744 12.2 74 4.5 0
02:58 744 12.2 74 4.9 0
02:59 744 12.2 74 6.7 0
03:00 744.2 12.2 74 5.8 0
03:01 744.2 12.2 74 6.3 0
03:02 744.2 12.2 74 4 0
03:03 744.2 12.2 74 4.5 0
03:04 744.2 12.2 74 5.8 0
03:05 744.2 12.2 74 4 0
03:06 744.2 12.2 74 3.6 0
03:07 744.2 12.2 75 2.7 0
03:08 744.2 12.2 75 4.5 0
03:09 744.2 12.2 75 2.7 0
03:10 744.2 12.2 75 4 0
03:11 744.2 12.1 75 4.5 0
03:12 744.2 12.1 75 3.1 0
03:13 744.2 12.1 75 4 0
03:14 744.2 12.1 75 3.6 0
03:15 744.3 12.1 75 4 0
03:16 744.3 12.1 75 3.1 0
03:17 744.3 12.1 75 4 0
03:18 744.3 12.1 75 3.1 0
03:19 744.3 12.1 75 3.1 0
03:20 744.3 12.1 75 2.7 0
03:21 744.3 12 75 4.9 0
03:22 744.3 12 75 3.6 0
03:23 744.3 12 75 2.7 0
03:24 744.3 12 76 3.1 0
03:25 744.3 12 76 2.7 0
03:26 744.3 12 75 5.8 0
03:27 744.3 12 75 5.8 0
03:28 744.3 12 75 4.9 0
03:29 744.3 12 75 3.1 0
03:30 744.6 11.9 75 2.2 0
03:31 744.6 11.9 76 5.4 0
03:32 744.6 11.9 76 2.7 0
03:33 744.6 11.9 76 4 0
03:34 744.6 11.8 76 4.9 0
03:35 744.6 11.8 76 4 0
03:36 744.6 11.8 76 3.6 0
03:37 744.6 11.8 76 2.2 0
03:38 744.6 11.8 76 4.5 0
03:39 744.6 11.8 76 4 0
03:40 744.6 11.8 76 4 0
03:41 744.6 11.8 76 3.6 0
03:42 744.6 11.8 76 2.7 0
03:43 744.6 11.8 77 3.6 0
03:44 744.6 11.7 77 3.1 0
03:45 744.6 11.7 77 2.2 0
03:46 744.6 11.7 77 3.1 0
03:47 744.6 11.7 77 2.7 0
03:48 744.6 11.7 77 3.1 0
03:49 744.6 11.7 77 3.1 0
03:50 744.6 11.6 77 3.1 0
03:51 744.6 11.6 77 4.5 0
03:52 744.6 11.6 77 3.6 0
03:53 744.6 11.6 77 4 0
03:54 744.6 11.6 77 5.4 0
03:55 744.6 11.7 77 4.9 0
03:56 744.6 11.7 77 2.7 0
03:57 744.6 11.7 77 4 0
03:58 744.6 11.7 77 2.2 0
03:59 744.6 11.7 77 4 0
04:00 744.7 11.7 77 4.5 0
04:01 744.7 11.7 77 2.7 0
04:02 744.7 11.7 77 2.2 0
04:03 744.7 11.7 77 3.6 0
04:04 744.7 11.7 77 3.1 0
04:05 744.7 11.7 77 2.7 0
04:06 744.7 11.7 77 3.1 0
04:07 744.7 11.6 77 4.5 0
04:08 744.7 11.6 77 4 0
04:09 744.7 11.6 77 4 0
04:10 744.7 11.6 77 2.2 0
04:11 744.7 11.6 77 4 0
04:12 744.7 11.6 77 2.7 0
04:13 744.7 11.6 77 3.6 0
04:14 744.7 11.6 77 4.9 0
04:15 744.8 11.6 77 3.6 0
04:16 744.8 11.6 78 2.7 0
04:17 744.8 11.5 78 2.2 0
04:18 744.8 11.5 78 2.7 0
04:19 744.8 11.5 78 4 0
04:20 744.8 11.5 78 3.6 0
04:21 744.8 11.5 78 3.6 0
04:22 744.8 11.5 78 3.6 0
04:23 744.8 11.5 78 2.7 0
04:24 744.8 11.5 78 4 0
04:25 744.8 11.5 78 4 0
04:26 744.8 11.5 78 4 0
04:27 744.8 11.5 78 3.1 0
04:28 744.8 11.5 78 4.5 0
04:29 744.8 11.5 78 3.6 0
04:30 745 11.5 78 3.1 0
04:31 745 11.5 78 2.7 0
04:32 745 11.5 78 3.1 0
04:33 745 11.5 78 3.6 0
04:34 745 11.5 78 4 0
04:35 745 11.5 78 3.6 0
04:36 745 11.5 78 3.1 0
04:37 745 11.5 78 4 0
04:38 745 11.6 78 3.1 0
04:39 745 11.6 78 2.2 0
04:40 745 11.6 78 2.7 0
04:41 745 11.6 78 3.6 0
04:42 745 11.6 78 4 0
04:43 745 11.6 78 2.7 0
04:44 745 11.6 78 2.7 0
04:45 745 11.6 78 2.2 0
04:46 745 11.6 78 2.2 0
04:47 745 11.6 78 2.7 0
04:48 745 11.6 78 4 0
04:49 745 11.6 78 3.1 0
04:50 745 11.6 78 4.5 0
04:51 745 11.7 77 5.8 0
04:52 745 11.7 78 4 0
04:53 745 11.7 77 4.9 0
04:54 745 11.7 77 4.9 0
04:55 745 11.7 77 4.5 0
04:56 745 11.7 77 4 0
04:57 745 11.7 77 4 0
04:58 745 11.7 77 5.4 0
04:59 745 11.7 77 2.2 0
05:00 745.1 11.7 77 3.1 0
05:01 745.1 11.7 77 4.5 0
05:02 745.1 11.7 77 4.5 0
05:03 745.1 11.6 78 3.6 0
05:04 745.1 11.6 78 3.1 0
05:05 745.1 11.6 78 4.5 0
05:06 745.1 11.6 78 4 0
05:07 745.1 11.6 78 3.6 0
05:08 745.1 11.6 78 3.6 0
05:09 745.1 11.6 78 3.1 0
05:10 745.1 11.6 78 3.6 0
05:11 745.1 11.5 78 4 0
05:12 745.1 11.5 78 4 0
05:13 745.1 11.5 78 3.1 0
05:14 745.1 11.5 78 4 0
05:15 745.1 11.5 78 4.5 0
05:16 745.1 11.5 78 2.7 0
05:17 745.1 11.5 78 2.7 0
05:18 745.1 11.5 78 3.1 0
05:19 745.1 11.5 78 5.4 0
05:20 745.1 11.4 78 3.6 0
05:21 745.1 11.4 78 3.1 0
05:22 745.1 11.4 78 3.6 0
05:23 745.1 11.4 78 3.6 0
05:24 745.1 11.4 78 3.1 0
05:25 745.1 11.4 78 3.6 0
05:26 745.1 11.4 78 4 0
05:27 745.1 11.4 78 3.6 0
05:28 745.1 11.3 78 4 0
05:29 745.1 11.3 79 4 0
05:30 745.4 11.3 79 4 0
05:31 745.4 11.3 79 2.7 0
05:32 745.4 11.3 79 2.7 0
05:33 745.4 11.3 79 3.6 0
05:34 745.4 11.3 79 5.4 0
05:35 745.4 11.3 79 6.3 0
05:36 745.4 11.3 78 4.5 0
05:37 745.4 11.3 78 2.7 0
05:38 745.4 11.3 79 4 0
05:39 745.4 11.3 79 4.5 0
05:40 745.4 11.3 79 4.9 0
05:41 745.4 11.3 79 2.2 0
05:42 745.4 11.3 79 3.6 0
05:43 745.4 11.3 79 4 0
05:44 745.4 11.3 79 3.1 0
05:45 745.4 11.3 79 2.7 0
05:46 745.4 11.3 79 3.1 0
05:47 745.4 11.3 79 3.6 0
05:48 745.4 11.3 79 3.6 0
05:49 745.4 11.3 79 1.8 0
05:50 745.4 11.3 79 4.5 0
05:51 745.4 11.3 79 3.1 0
05:52 745.4 11.3 79 3.6 0
05:53 745.4 11.3 79 4 0
05:54 745.4 11.3 79 3.6 0
05:55 745.4 11.3 79 1.8 0
05:56 745.4 11.3 79 3.1 0
05:57 745.4 11.3 79 3.1 0
05:58 745.4 11.3 79 2.7 0
05:59 745.4 11.3 79 4.9 0
06:00 745.6 11.3 79 3.6 0
06:01 745.6 11.3 79 3.6 0
06:02 745.6 11.3 79 2.7 0
06:03 745.6 11.3 79 4 0
06:04 745.6 11.3 79 3.6 0
06:05 745.6 11.3 79 3.6 0
06:06 745.6 11.3 79 3.6 0
06:07 745.6 11.3 79 3.6 0
06:08 745.6 11.3 79 3.6 0
06:09 745.6 11.3 79 3.6 0
06:10 745.6 11.3 79 2.2 0
06:11 745.6 11.2 79 3.6 0
06:12 745.6 11.3 79 4 0
06:13 745.6 11.3 79 2.7 0
06:14 745.6 11.3 79 4.5 0
06:15 745.8 11.3 79 3.6 0
06:16 745.8 11.3 79 3.6 0
06:17 745.8 11.3 79 3.1 0
06:18 745.8 11.3 79 4.9 0
06:19 745.8 11.3 79 3.1 0
06:20 745.8 11.3 79 3.6 0
06:21 745.8 11.3 79 5.4 0
06:22 745.8 11.3 79 2.2 0
06:23 745.8 11.3 79 2.7 0
06:24 745.8 11.3 79 2.2 0
06:25 745.8 11.3 80 2.7 0
06:26 745.8 11.3 79 2.2 0
06:27 745.8 11.3 79 3.1 0
06:28 745.8 11.3 80 2.2 0
06:29 745.8 11.3 80 1.3 0
06:30 746.1 11.3 79 4 0
06:31 746.1 11.3 79 2.2 0
06:32 746.1 11.3 79 4.5 0
06:33 746.1 11.3 79 3.6 0
06:34 746.1 11.3 79 4 0
06:35 746.1 11.3 79 3.1 0
06:36 746.1 11.3 79 2.2 0
06:37 746.1 11.3 79 2.2 0
06:38 746.1 11.3 79 2.7 0
06:39 746.1 11.3 79 2.7 0
06:40 746.1 11.3 79 4 0
06:41 746.1 11.3 79 4 0
06:42 746.1 11.4 79 3.1 0
06:43 746.1 11.4 79 2.7 0
06:44 746.1 11.4 79 2.7 0
06:45 746.2 11.4 79 3.1 0
06:46 746.2 11.4 79 3.6 0
06:47 746.2 11.4 79 4 0
06:48 746.2 11.4 79 2.7 0
06:49 746.2 11.4 79 2.7 0
06:50 746.2 11.4 76 2.2 0
06:51 746.2 11.4 79 2.7 0
06:52 746.2 11.5 79 2.7 0
06:53 746.2 11.5 79 3.1 0
06:54 746.2 11.5 78 3.1 0
06:55 746.2 11.5 78 2.2 0
06:56 746.2 11.5 79 2.2 0
06:57 746.2 11.5 78 3.6 0
06:58 746.2 11.5 78 2.2 0
06:59 746.2 11.5 78 2.2 0
07:00 746.4 11.5 78 1.8 0
07:01 746.4 11.5 78 1.8 0
07:02 746.4 11.5 79 3.6 0
07:03 746.4 11.5 78 3.6 0
07:04 746.4 11.5 78 3.6 0
07:05 746.4 11.5 78 3.1 0
07:06 746.4 11.5 78 4 0
07:07 746.4 11.5 78 3.1 0
07:08 746.4 11.5 78 3.6 0
07:09 746.4 11.5 78 4 0
07:10 746.4 11.5 78 5.4 0
07:11 746.4 11.6 78 3.1 0
07:12 746.4 11.6 78 3.6 0
07:13 746.4 11.6 78 3.6 0
07:14 746.4 11.6 78 3.1 0
07:15 746.5 11.6 78 2.2 0
07:16 746.5 11.6 78 4 0
07:17 746.5 11.6 78 4 0
07:18 746.5 11.6 78 4 0
07:19 746.5 11.7 78 2.7 0
07:20 746.5 11.7 78 3.6 0
07:21 746.5 11.7 78 2.7 0
07:22 746.5 11.7 78 1.3 0
07:23 746.5 11.7 78 3.1 0
07:24 746.5 11.7 78 2.7 0
07:25 746.5 11.7 78 3.6 0
07:26 746.5 11.7 78 4.5 0
07:27 746.5 11.7 78 3.6 0
07:28 746.5 11.7 78 4.5 0
07:29 746.5 11.7 78 4.9 0
07:30 746.6 11.7 78 1.8 0
07:31 746.6 11.7 78 2.2 0
07:32 746.6 11.8 78 2.7 0
07:33 746.6 11.8 78 4 0
07:34 746.6 11.8 78 4.5 0
07:35 746.6 11.8 78 1.8 0
07:36 746.6 11.8 78 2.2 0
07:37 746.6 11.8 78 2.2 0
07:38 746.6 11.8 78 2.7 0
07:39 746.6 11.8 78 4.5 0
07:40 746.6 11.8 78 3.6 0
07:41 746.6 11.8 78 2.7 0
07:42 746.6 11.8 78 4 0
07:43 746.6 11.9 78 3.1 0
07:44 746.6 11.9 77 1.8 0
07:45 747 11.9 78 4 0
07:46 747 12 77 3.6 0
07:47 747 12 77 1.8 0
07:48 747 12 77 2.7 0
07:49 747 12 77 3.1 0
07:50 747 12.1 77 1.8 0
07:51 747 12.1 77 2.2 0
07:52 747 12.2 77 1.8 0
07:53 747 12.2 76 4.5 0
07:54 747 12.2 77 2.2 0
07:55 747 12.2 77 1.8 0
07:56 747 12.2 76 2.2 0
07:57 747 12.3 76 3.1 0
07:58 747 12.3 76 4.5 0
07:59 747 12.3 75 5.8 0
08:00 747.1 12.3 75 4.5 0
08:01 747.1 12.3 76 2.7 0
08:02 747.1 12.3 76 4 0
08:03 747.1 12.3 75 5.4 0
08:04 747.1 12.3 75 5.8 0
08:05 747.1 12.3 75 4.5 0
08:06 747.1 12.3 75 3.6 0
08:07 747.1 12.3 75 2.7 0
08:08 747.1 12.3 75 1.8 0
08:09 747.1 12.4 76 2.2 0
08:10 747.1 12.4 76 3.6 0
08:11 747.1 12.4 75 5.4 0
08:12 747.1 12.4 75 4.9 0
08:13 747.1 12.4 75 4.9 0
08:14 747.1 12.4 75 4.5 0
08:15 747.3 12.4 75 3.1 0
08:16 747.3 12.4 75 3.6 0
08:17 747.3 12.5 75 4 0
08:18 747.3 12.5 75 4.5 0
08:19 747.3 12.5 75 4.5 0
08:20 747.3 12.5 75 4 0
08:21 747.3 12.6 75 3.1 0
08:22 747.3 12.6 75 3.6 0
08:23 747.3 12.7 74 4 0
08:24 747.3 12.7 74 4 0
08:25 747.3 12.7 74 3.1 0
08:26 747.3 12.7 74 4 0
08:27 747.3 12.7 74 4.9 0
08:28 747.3 12.7 74 4.9 0
08:29 747.3 12.7 74 4 0
08:30 747.4 12.7 74 5.8 0
08:31 747.4 12.7 74 3.1 0
08:32 747.4 12.8 74 2.2 0
08:33 747.4 12.9 74 2.7 0
08:34 747.4 12.9 73 5.4 0
08:35 747.4 12.8 73 5.4 0
08:36 747.4 12.8 73 5.8 0
08:37 747.4 12.8 73 5.8 0
08:38 747.4 12.8 73 4.9 0
08:39 747.4 12.8 73 4.5 0
08:40 747.4 12.8 73 4.9 0
08:41 747.4 12.8 73 4.9 0
08:42 747.4 12.8 73 4 0
08:43 747.4 12.7 73 5.4 0
08:44 747.4 12.7 73 6.7 0
08:45 747.5 12.7 73 4.9 0
08:46 747.5 12.7 73 4 0
08:47 747.5 12.7 74 4.5 0
08:48 747.5 12.7 73 5.8 0
08:49 747.5 12.7 73 4.9 0
08:50 747.5 12.7 73 4.5 0
08:51 747.5 12.8 73 4 0
08:52 747.5 12.8 73 5.4 0
08:53 747.5 12.8 72 5.8 0
08:54 747.5 12.8 73 3.6 0
08:55 747.5 12.8 73 4 0
08:56 747.5 12.8 73 3.6 0
08:57 747.5 12.8 73 5.4 0
08:58 747.5 12.8 73 5.4 0
08:59 747.5 12.8 73 4 0
09:00 747.8 12.8 73 4.9 0
09:01 747.8 12.8 73 4.9 0
09:02 747.8 12.9 73 5.4 0
09:03 747.8 12.9 73 4.9 0
09:04 747.8 12.9 73 6.3 0
09:05 747.8 12.9 73 3.6 0
09:06 747.8 12.9 73 4.5 0
09:07 747.8 12.9 73 4 0
09:08 747.8 12.9 73 3.1 0
09:09 747.8 13 73 3.6 0
09:10 747.8 13 73 3.6 0
09:11 747.8 13 73 2.7 0
09:12 747.8 13.1 73 3.6 0
09:13 747.8 13.1 73 4.9 0
09:14 747.8 13.1 72 5.8 0
09:15 747.8 13.1 72 4.9 0
09:16 747.8 13.1 72 3.6 0
09:17 747.8 13.2 72 4 0
09:18 747.8 13.2 72 3.1 0
09:19 747.8 13.2 72 4 0
09:20 747.8 13.3 72 3.6 0
09:21 747.8 13.3 71 2.2 0
09:22 747.8 13.3 72 3.1 0
09:23 747.8 13.3 71 4.5 0
09:24 747.8 13.4 71 5.4 0
09:25 747.8 13.3 70 5.4 0
09:26 747.8 13.3 70 5.4 0
09:27 747.8 13.3 70 5.8 0
09:28 747.8 13.3 70 5.4 0
09:29 747.8 13.3 70 6.7 0
09:30 748 13.3 70 4.5 0
09:31 748 13.3 71 4 0
09:32 748 13.4 70 6.3 0
09:33 748 13.4 70 6.7 0
09:34 748 13.4 70 4.5 0
09:35 748 13.4 70 3.1 0
09:36 748 13.5 70 5.4 0
09:37 748 13.6 69 4.5 0
09:38 748 13.7 70 4 0
09:39 748 13.7 68 4.9 0
09:40 748 13.7 69 3.6 0
09:41 748 13.7 69 3.6 0
09:42 748 13.8 69 3.1 0
09:43 748 13.8 69 4.5 0
09:44 748 13.9 69 4.5 0
09:45 748 13.9 68 6.3 0
09:46 748 13.8 67 5.4 0
09:47 748 13.8 68 4 0
09:48 748 13.8 68 4 0
09:49 748 13.9 68 4.9 0
09:50 748 13.9 68 6.7 0
09:51 748 13.9 68 5.8 0
09:52 748 13.9 68 4.9 0
09:53 748 13.9 67 6.3 0
09:54 748 13.9 67 3.6 0
09:55 748 13.9 68 3.6 0
09:56 748 13.9 68 3.1 0
09:57 748 14.1 67 5.4 0
09:58 748 14.1 67 5.4 0
09:59 748 14.1 66 5.4 0
10:00 748.1 14.1 66 4 0
10:01 748.1 14.1 67 3.6 0
10:02 748.1 14.1 67 4.5 0
10:03 748.1 14.1 68 4.9 0
10:04 748.1 14.2 67 5.4 0
10:05 748.1 14.3 66 4.5 0
10:06 748.1 14.3 66 3.1 0
10:07 748.1 14.4 67 2.2 0
10:08 748.1 14.5 66 2.7 0
10:09 748.1 14.5 66 2.7 0
10:10 748.1 14.6 66 1.8 0
10:11 748.1 14.6 66 4 0
10:12 748.1 14.6 66 2.7 0
10:13 748.1 14.6 65 3.6 0
10:14 748.1 14.6 65 5.4 0
10:15 748.3 14.5 64 3.6 0
10:16 748.3 14.6 65 4 0
10:17 748.3 14.5 65 6.3 0
10:18 748.3 14.4 64 4.5 0
10:19 748.3 14.4 65 2.7 0
10:20 748.3 14.4 66 3.6 0
10:21 748.3 14.5 66 5.4 0
10:22 748.3 14.4 65 6.7 0
10:23 748.3 14.3 65 5.4 0
10:24 748.3 14.4 65 4 0
10:25 748.3 14.4 65 5.8 0
10:26 748.3 14.4 64 4.9 0
10:27 748.3 14.5 65 4.5 0
10:28 748.3 14.6 65 2.7 0
10:29 748.3 14.6 65 4.5 0
10:30 748.3 14.7 64 3.6 0
10:31 748.3 14.7 65 4 0
10:32 748.3 14.7 65 2.2 0
10:33 748.3 14.7 65 5.4 0
10:34 748.3 14.7 65 5.8 0
10:35 748.3 14.7 65 4 0
10:36 748.3 14.7 65 4 0
10:37 748.3 14.7 64 5.4 0
10:38 748.3 14.7 64 8 0
10:39 748.3 14.7 64 6.7 0
10:40 748.3 14.6 65 5.4 0
10:41 748.3 14.7 65 5.4 0
10:42 748.3 14.6 64 6.3 0
10:43 748.3 14.6 66 5.4 0
10:44 748.3 14.5 65 6.3 0
10:45 748.5 14.5 65 5.4 0
10:46 748.5 14.5 65 6.3 0
10:47 748.5 14.4 65 4.5 0
10:48 748.5 14.5 66 4 0
10:49 748.5 14.5 65 4.5 0
10:50 748.5 14.5 65 5.4 0
10:51 748.5 14.5 65 4 0
10:52 748.5 14.5 65 5.8 0
10:53 748.5 14.4 65 5.4 0
10:54 748.5 14.4 66 5.4 0
10:55 748.5 14.5 66 3.6 0
10:56 748.5 14.6 66 3.6 0
10:57 748.5 14.6 66 2.7 0
10:58 748.5 14.7 66 3.1 0
10:59 748.5 14.7 65 4 0
11:00 748.6 14.7 65 3.1 0
11:01 748.6 14.7 65 3.6 0
11:02 748.6 14.8 65 4.5 0
11:03 748.6 14.7 64 2.7 0
11:04 748.6 14.7 65 3.6 0
11:05 748.6 14.7 65 4.9 0
11:06 748.6 14.7 65 6.3 0
11:07 748.6 14.7 65 5.4 0
11:08 748.6 14.7 65 4.9 0
11:09 748.6 14.7 66 5.8 0
11:10 748.6 14.6 65 5.4 0
11:11 748.6 14.6 65 7.6 0
11:12 748.6 14.6 65 4.9 0
11:13 748.6 14.7 65 4.9 0
11:14 748.6 14.7 66 3.6 0
11:15 748.6 14.8 66 5.4 0
11:16 748.6 14.7 65 6.3 0
11:17 748.6 14.7 65 4.5 0
11:18 748.6 14.7 65 4.5 0
11:19 748.6 14.7 65 5.4 0
11:20 748.6 14.6 64 6.7 0
11:21 748.6 14.6 65 3.6 0
11:22 748.6 14.7 66 3.6 0
11:23 748.6 14.7 65 4.5 0
11:24 748.6 14.7 65 3.1 0
11:25 748.6 14.7 66 4.5 0
11:26 748.6 14.7 65 5.8 0
11:27 748.6 14.6 65 6.7 0
11:28 748.6 14.6 65 6.3 0
11:29 748.6 14.5 65 5.8 0
11:30 748.9 14.4 65 5.8 0
11:31 748.9 14.4 65 5.4 0
11:32 748.9 14.4 65 4.5 0
11:33 748.9 14.4 65 5.4 0
11:34 748.9 14.4 64 5.4 0
11:35 748.9 14.5 66 4.9 0
11:36 748.9 14.5 65 3.6 0
11:37 748.9 14.6 65 2.2 0
11:38 748.9 14.6 66 2.2 0
11:39 748.9 14.7 65 4.5 0
11:40 748.9 14.7 65 4.5 0
11:41 748.9 14.7 65 2.2 0
11:42 748.9 14.7 65 4.5 0
11:43 748.9 14.7 65 2.2 0
11:44 748.9 14.7 65 6.3 0
11:45 748.9 14.7 64 4.9 0
11:46 748.9 14.6 65 5.4 0
11:47 748.9 14.5 66 3.6 0
11:48 748.9 14.5 66 4.5 0
11:49 748.9 14.5 65 5.4 0
11:50 748.9 14.5 65 4.9 0
11:51 748.9 14.4 65 4.5 0
11:52 748.9 14.5 66 6.3 0
11:53 748.9 14.5 65 5.4 0
11:54 748.9 14.5 65 5.8 0
11:55 748.9 14.5 66 3.6 0
11:56 748.9 14.6 66 2.7 0
11:57 748.9 14.7 66 1.8 0
11:58 748.9 14.7 65 2.7 0
11:59 748.9 14.7 66 1.8 0
12:00 749 14.7 66 3.1 0
12:01 749 14.7 65 3.6 0
12:02 749 14.7 65 3.6 0
12:03 749 14.7 65 7.2 0
12:04 749 14.6 65 5.8 0
12:05 749 14.6 65 6.7 0
12:06 749 14.5 65 5.8 0
12:07 749 14.5 65 5.4 0
12:08 749 14.5 65 6.3 0
12:09 749 14.4 66 5.4 0
12:10 749 14.4 66 3.6 0
12:11 749 14.5 67 3.6 0
12:12 749 14.6 66 4.9 0
12:13 749 14.6 66 4.9 0
12:14 749 14.6 66 3.6 0
12:15 749 14.7 66 1.8 0
12:16 749 14.7 66 3.6 0
12:17 749 14.8 65 3.6 0
12:18 749 14.9 65 4 0
12:19 749 14.9 65 4.9 0
12:20 749 15 65 3.1 0
12:21 749 15.1 65 2.7 0
12:22 749 15.1 65 4 0
12:23 749 15.1 64 4.5 0
12:24 749 15.1 65 4.5 0
12:25 749 15.1 65 3.1 0
12:26 749 15 65 3.6 0
12:27 749 15 65 4.9 0
12:28 749 15 65 4.5 0
12:29 749 15 65 4.5 0
12:30 749.3 14.9 65 6.3 0
12:31 749.3 14.9 64 6.3 0
12:32 749.3 14.8 63 5.4 0
12:33 749.3 14.8 64 5.4 0
12:34 749.3 14.8 64 4.5 0
12:35 749.3 14.8 65 3.6 0
12:36 749.3 14.8 64 5.8 0
12:37 749.3 14.8 64 6.3 0
12:38 749.3 14.8 64 7.2 0
12:39 749.3 14.8 64 6.7 0
12:40 749.3 14.8 64 7.2 0
12:41 749.3 14.8 64 6.3 0
12:42 749.3 14.8 65 4 0
12:43 749.3 14.9 65 6.3 0
12:44 749.3 14.9 64 7.2 0
12:45 749.4 14.9 63 7.6 0
12:46 749.4 15 63 5.8 0
12:47 749.4 15.1 64 4.5 0
12:48 749.4 15.1 63 4.9 0
12:49 749.4 15.2 63 3.6 0
12:50 749.4 15.3 64 3.6 0
12:51 749.4 15.4 64 4.9 0
12:52 749.4 15.4 63 6.7 0
12:53 749.4 15.3 63 7.2 0
12:54 749.4 15.2 62 6.3 0
12:55 749.4 15.2 63 5.4 0
12:56 749.4 15.2 64 4.5 0
12:57 749.4 15.2 63 5.4 0
12:58 749.4 15.2 63 5.8 0
12:59 749.4 15.2 63 4.5 0
13:00 749.4 15.3 62 6.3 0
13:01 749.4 15.2 62 4.5 0
13:02 749.4 15.2 62 5.4 0
13:03 749.4 15.2 62 5.8 0
13:04 749.4 15.2 63 5.8 0
13:05 749.4 15.1 62 5.8 0
13:06 749.4 15.1 63 5.4 0
13:07 749.4 15.2 63 5.8 0
13:08 749.4 15.2 63 6.3 0
13:09 749.4 15.2 63 5.4 0
13:10 749.4 15.2 63 4.5 0
13:11 749.4 15.2 63 6.3 0
13:12 749.4 15.2 62 7.6 0
13:13 749.4 15.2 63 6.3 0
13:14 749.4 15.1 64 4.5 0
13:15 749.5 15.1 64 4.9 0
13:16 749.5 15.1 65 4 0
13:17 749.5 15.1 64 6.3 0
13:18 749.5 15.1 64 5.8 0
13:19 749.5 15 64 4.9 0
13:20 749.5 15 64 4.9 0
13:21 749.5 15 64 6.3 0
13:22 749.5 15 63 6.7 0
13:23 749.5 15 64 6.3 0
13:24 749.5 15 64 6.3 0
13:25 749.5 15 64 6.7 0
13:26 749.5 15.1 64 7.2 0
13:27 749.5 15.1 63 6.7 0
13:28 749.5 15.2 64 5.4 0
13:29 749.5 15.2 62 5.4 0
13:30 749.6 15.2 61 4.9 0
13:31 749.6 15.3 61 5.4 0
13:32 749.6 15.4 60 7.2 0
13:33 749.6 15.4 60 7.2 0
13:34 749.6 15.4 60 8.5 0
13:35 749.6 15.3 59 7.2 0
13:36 749.6 15.2 60 7.2 0
13:37 749.6 15.2 60 8 0
13:38 749.6 15.2 59 6.7 0
13:39 749.6 15.2 60 7.6 0
13:40 749.6 15.2 60 4.5 0
13:41 749.6 15.2 60 7.2 0
13:42 749.6 15.2 61 6.3 0
13:43 749.6 15.2 60 5.8 0
13:44 749.6 15.2 60 6.3 0
13:45 749.8 15.2 60 6.3 0
13:46 749.8 15.2 60 5.4 0
13:47 749.8 15.2 61 4.5 0
13:48 749.8 15.2 60 4.5 0
13:49 749.8 15.2 61 4 0
13:50 749.8 15.2 60 4.9 0
13:51 749.8 15.1 60 6.7 0
13:52 749.8 15.1 61 5.4 0
13:53 749.8 15.1 61 4.9 0
13:54 749.8 15.1 61 3.6 0
13:55 749.8 15.1 62 3.6 0
13:56 749.8 15.1 62 4.9 0
13:57 749.8 15.1 61 5.8 0
13:58 749.8 15.1 62 5.8 0
13:59 749.8 15.1 62 5.4 0
14:00 749.8 15.1 62 4.5 0
14:01 749.8 15.1 63 2.2 0
14:02 749.8 15.1 62 4 0
14:03 749.8 15.1 62 3.6 0
14:04 749.8 15.1 62 4.9 0
14:05 749.8 15 62 5.8 0
14:06 749.8 15 62 5.8 0
14:07 749.8 14.9 62 5.4 0
14:08 749.8 14.9 63 4.5 0
14:09 749.8 14.8 62 6.7 0
14:10 749.8 14.8 62 6.3 0
14:11 749.8 14.8 62 8 0
14:12 749.8 14.8 62 7.2 0
14:13 749.8 14.8 61 6.7 0
14:14 749.8 14.8 61 6.3 0
14:15 750 14.8 61 5.8 0
14:16 750 14.8 61 5.8 0
14:17 750 14.8 61 5.8 0
14:18 750 14.8 61 4.9 0
14:19 750 14.9 62 4.9 0
14:20 750 14.9 62 5.8 0
14:21 750 14.9 61 5.4 0
14:22 750 14.9 62 5.4 0
14:23 750 14.9 62 5.4 0
14:24 750 15 61 4 0
14:25 750 15 62 4 0
14:26 750 15 62 5.4 0
14:27 750 15.1 62 4 0
14:28 750 15.1 61 4 0
14:29 750 15.1 61 4.9 0
14:30 750 15.1 61 4.5 0
14:31 750 15.1 61 5.8 0
14:32 750 15 60 4.5 0
14:33 750 15 60 3.6 0
14:34 750 15 60 5.8 0
14:35 750 15 60 4 0
14:36 750 15 60 6.3 0
14:37 750 15 60 3.6 0
14:38 750 15 60 5.4 0
14:39 750 15 60 6.3 0
14:40 750 15 60 5.8 0
14:41 750 15 60 5.4 0
14:42 750 15 60 4 0
14:43 750 15.1 60 2.7 0
14:44 750 15.2 61 2.2 0
14:45 750 15.2 60 4.9 0
14:46 750 15.4 60 7.6 0
14:47 750 15.4 59 4.5 0
14:48 750 15.5 59 4.5 0
14:49 750 15.6 59 5.4 0
14:50 750 15.6 59 5.4 0
14:51 750 15.6 59 6.7 0
14:52 750 15.5 58 5.8 0
14:53 750 15.4 59 5.4 0
14:54 750 15.4 59 4.5 0
14:55 750 15.3 59 4.9 0
14:56 750 15.3 60 2.2 0
14:57 750 15.3 60 1.8 0
14:58 750 15.3 60 2.7 0
14:59 750 15.3 60 4.5 0
15:00 750.1 15.4 60 2.7 0
15:01 750.1 15.4 59 4.5 0
15:02 750.1 15.4 60 2.7 0
15:03 750.1 15.5 59 3.6 0
15:04 750.1 15.5 59 3.6 0
15:05 750.1 15.5 59 2.7 0
15:06 750.1 15.5 59 3.1 0
15:07 750.1 15.5 60 1.3 0
15:08 750.1 15.5 60 2.2 0
15:09 750.1 15.5 59 4 0
15:10 750.1 15.4 59 3.1 0
15:11 750.1 15.4 59 3.6 0
15:12 750.1 15.3 60 3.1 0
15:13 750.1 15.3 60 3.1 0
15:14 750.1 15.4 59 4 0
15:15 750.1 15.5 59 3.6 0
15:16 750.1 15.5 59 4.5 0
15:17 750.1 15.5 59 5.8 0
15:18 750.1 15.5 59 5.8 0
15:19 750.1 15.5 59 5.4 0
15:20 750.1 15.4 58 5.8 0
15:21 750.1 15.4 58 5.8 0
15:22 750.1 15.3 58 6.7 0
15:23 750.1 15.2 59 6.3 0
15:24 750.1 15.2 59 5.8 0
15:25 750.1 15.2 59 3.6 0
15:26 750.1 15.2 58 5.8 0
15:27 750.1 15.2 59 5.4 0
15:28 750.1 15.2 59 4.9 0
15:29 750.1 15.2 60 4 0
15:30 750.1 15.2 60 4.5 0
15:31 750.1 15.2 59 4.9 0
15:32 750.1 15.2 60 5.4 0
15:33 750.1 15.2 59 6.3 0
15:34 750.1 15.2 59 5.4 0
15:35 750.1 15.2 60 4.9 0
15:36 750.1 15.2 60 4 0
15:37 750.1 15.2 60 3.6 0
15:38 750.1 15.3 60 4 0
15:39 750.1 15.3 60 3.6 0
15:40 750.1 15.3 60 5.4 0
15:41 750.1 15.4 60 4 0
15:42 750.1 15.4 60 3.6 0
15:43 750.1 15.5 60 4 0
15:44 750.1 15.5 59 3.6 0
15:45 750.1 15.6 59 4.9 0
15:46 750.1 15.5 59 4.9 0
15:47 750.1 15.5 60 3.6 0
15:48 750.1 15.4 60 2.7 0
15:49 750.1 15.4 60 5.4 0
15:50 750.1 15.3 60 6.3 0
15:51 750.1 15.3 60 5.4 0
15:52 750.1 15.3 59 3.6 0
15:53 750.1 15.3 60 4.5 0
15:54 750.1 15.3 60 5.4 0
15:55 750.1 15.3 60 4.9 0
15:56 750.1 15.2 60 4 0
15:57 750.1 15.2 60 4.9 0
15:58 750.1 15.2 61 4 0
15:59 750.1 15.2 61 3.1 0
16:00 750.2 15.2 61 2.7 0
16:01 750.2 15.2 61 2.7 0
16:02 750.2 15.2 61 2.2 0
16:03 750.2 15.2 61 2.7 0
16:04 750.2 15.2 62 1.3 0
16:05 750.2 15.2 62 1.3 0
16:06 750.2 15.2 62 2.2 0
16:07 750.2 15.2 62 2.2 0
16:08 750.2 15.2 63 2.2 0
16:09 750.2 15.2 62 2.2 0
16:10 750.2 15.2 62 3.1 0
16:11 750.2 15.2 62 1.8 0
16:12 750.2 15.3 62 2.7 0
16:13 750.2 15.3 62 3.6 0
16:14 750.2 15.3 61 3.1 0
16:15 750.2 15.3 62 1.8 0
16:16 750.2 15.3 62 2.2 0
16:17 750.2 15.3 61 3.1 0
16:18 750.2 15.2 61 4 0
16:19 750.2 15.2 61 3.1 0
16:20 750.2 15.2 61 3.1 0
16:21 750.2 15.3 62 2.7 0
16:22 750.2 15.2 58 4 0
16:23 750.2 15.2 62 3.6 0
16:24 750.2 15.2 62 2.2 0
16:25 750.2 15.2 62 1.8 0
16:26 750.2 15.2 62 2.2 0
16:27 750.2 15.2 63 4.5 0
16:28 750.2 15.2 61 5.4 0
16:29 750.2 15.2 62 3.1 0
16:30 750.3 15.2 62 2.7 0
16:31 750.3 15.2 62 1.8 0
16:32 750.3 15.2 63 1.8 0
16:33 750.3 15.2 63 4.5 0
16:34 750.3 15.2 62 4.9 0
16:35 750.3 15.2 62 4.9 0
16:36 750.3 15.2 62 4 0
16:37 750.3 15.2 61 4.9 0
16:38 750.3 15.2 62 3.6 0
16:39 750.3 15.2 62 4.5 0
16:40 750.3 15.1 62 6.3 0
16:41 750.3 15.1 62 4.9 0
16:42 750.3 15.1 63 3.6 0
16:43 750.3 15.1 63 3.1 0
16:44 750.3 15.1 63 3.6 0
16:45 750.3 15.1 63 2.7 0
16:46 750.3 15.1 63 3.6 0
16:47 750.3 15.1 63 4.9 0
16:48 750.3 15.1 63 4.5 0
16:49 750.3 15.1 63 4 0
16:50 750.3 15.1 63 4.9 0
16:51 750.3 15.2 63 3.6 0
16:52 750.3 15.2 62 3.1 0
16:53 750.3 15.2 62 4 0
16:54 750.3 15.2 62 3.6 0
16:55 750.3 15.3 62 4.9 0
16:56 750.3 15.3 62 4.5 0
16:57 750.3 15.4 62 3.6 0
16:58 750.3 15.4 62 5.4 0
16:59 750.3 15.4 60 3.6 0
17:00 750.3 15.5 61 5.4 0
17:01 750.3 15.5 61 5.4 0
17:02 750.3 15.5 59 5.4 0
17:03 750.3 15.5 59 3.6 0
17:04 750.3 15.6 59 6.7 0
17:05 750.3 15.6 59 6.3 0
17:06 750.3 15.6 57 6.7 0
17:07 750.3 15.6 56 7.2 0
17:08 750.3 15.6 55 5.8 0
17:09 750.3 15.6 56 5.8 0
17:10 750.3 15.6 56 5.8 0
17:11 750.3 15.6 56 4 0
17:12 750.3 15.6 56 6.3 0
17:13 750.3 15.6 56 5.4 0
17:14 750.3 15.6 56 5.8 0
17:15 750.4 15.6 56 5.4 0
17:16 750.4 15.6 57 5.4 0
17:17 750.4 15.6 56 4 0
17:18 750.4 15.6 56 4.5 0
17:19 750.4 15.6 55 5.4 0
17:20 750.4 15.6 56 3.6 0
17:21 750.4 15.6 56 3.1 0
17:22 750.4 15.6 57 3.6 0
17:23 750.4 15.6 57 2.7 0
17:24 750.4 15.6 56 4.5 0
17:25 750.4 15.6 56 4 0
17:26 750.4 15.6 57 5.4 0
17:27 750.4 15.5 56 5.4 0
17:28 750.4 15.5 57 4.9 0
17:29 750.4 15.5 57 4.9 0
17:30 750.5 15.5 57 4 0
17:31 750.5 15.5 57 4.5 0
17:32 750.5 15.5 57 4 0
17:33 750.5 15.5 56 4.9 0
17:34 750.5 15.5 57 4.9 0
17:35 750.5 15.5 56 4.9 0
17:36 750.5 15.5 57 4.9 0
17:37 750.5 15.5 56 4.9 0
17:38 750.5 15.5 56 5.4 0
17:39 750.5 15.5 56 3.6 0
17:40 750.5 15.5 56 4 0
17:41 750.5 15.4 56 2.7 0
17:42 750.5 15.4 57 4 0
17:43 750.5 15.4 56 3.1 0
17:44 750.5 15.4 56 4 0
17:45 750.5 15.4 56 5.4 0
17:46 750.5 15.4 56 4.5 0
17:47 750.5 15.3 57 4.5 0
17:48 750.5 15.3 57 3.6 0
17:49 750.5 15.3 58 4.5 0
17:50 750.5 15.3 58 3.6 0
17:51 750.5 15.3 58 4.5 0
17:52 750.5 15.3 58 3.1 0
17:53 750.5 15.2 57 4.9 0
17:54 750.5 15.2 57 4 0
17:55 750.5 15.2 57 4.5 0
17:56 750.5 15.2 57 4.5 0
17:57 750.5 15.2 57 5.8 0
17:58 750.5 15.2 57 4.9 0
17:59 750.5 15.2 56 3.6 0
18:00 750.5 15.2 56 3.6 0
18:01 750.5 15.2 57 3.6 0
18:02 750.5 15.2 57 3.6 0
18:03 750.5 15.2 57 4 0
18:04 750.5 15.2 57 3.1 0
18:05 750.5 15.1 57 3.1 0
18:06 750.5 15.1 57 4 0
18:07 750.5 15.1 57 4 0
18:08 750.5 15.1 57 4.5 0
18:09 750.5 15 57 4 0
18:10 750.5 15 57 2.7 0
18:11 750.5 15 57 2.2 0
18:12 750.5 15 57 2.7 0
18:13 750.5 15 58 2.2 0
18:14 750.5 14.9 58 2.7 0
18:15 750.5 14.9 57 2.7 0
18:16 750.5 14.9 58 2.7 0
18:17 750.5 14.9 58 2.7 0
18:18 750.5 14.8 58 3.1 0
18:19 750.5 14.8 57 4.5 0
18:20 750.5 14.8 57 4.5 0
18:21 750.5 14.8 57 2.7 0
18:22 750.5 14.8 58 3.1 0
18:23 750.5 14.7 58 3.1 0
18:24 750.5 14.7 58 2.7 0
18:25 750.5 14.7 58 2.7 0
18:26 750.5 14.7 58 3.1 0
18:27 750.5 14.7 58 2.7 0
18:28 750.5 14.7 59 1.8 0
18:29 750.5 14.6 59 1.8 0
18:30 750.6 14.6 59 2.2 0
18:31 750.6 14.5 60 2.2 0
18:32 750.6 14.5 59 1.3 0
18:33 750.6 14.4 59 1.8 0
18:34 750.6 14.4 60 1.3 0
18:35 750.6 14.3 60 1.3 0
18:36 750.6 14.3 60 .9 0
18:37 750.6 14.2 61 .4 0
18:38 750.6 14.2 60 .9 0
18:39 750.6 14.2 61 .9 0
18:40 750.6 14.1 61 .9 0
18:41 750.6 14.1 61 .9 0
18:42 750.6 14.1 61 .9 0
18:43 750.6 14.1 61 .9 0
18:44 750.6 14.1 62 .4 0
18:45 750.8 14.1 62 .9 0
18:46 750.8 13.9 62 .9 0
18:47 750.8 13.9 62 .4 0
18:48 750.8 13.9 63 1.3 0
18:49 750.8 13.9 62 1.8 0
18:50 750.8 13.9 63 1.3 0
18:51 750.8 13.9 63 .9 0
18:52 750.8 13.9 63 1.3 0
18:53 750.8 13.8 63 1.3 0
18:54 750.8 13.8 63 .9 0
18:55 750.8 13.8 63 .9 0
18:56 750.8 13.7 64 .9 0
18:57 750.8 13.7 64 .9 0
18:58 750.8 13.7 64 .9 0
18:59 750.8 13.7 64 .9 0
19:00 751 13.7 65 .4 0
19:01 751 13.6 65 .9 0
19:02 751 13.6 65 .9 0
19:03 751 13.5 66 .4 0
19:04 751 13.5 65 .9 0
19:05 751 13.5 66 .9 0
19:06 751 13.4 66 .4 0
19:07 751 13.4 66 1.3 0
19:08 751 13.4 66 .9 0
19:09 751 13.3 66 .9 0
19:10 751 13.3 67 .9 0
19:11 751 13.3 67 .4 0
19:12 751 13.2 67 .9 0
19:13 751 13.2 67 1.3 0
19:14 751 13.2 67 1.3 0
19:15 751 13.2 68 1.3 0
19:16 751 13.2 68 1.3 0
19:17 751 13.2 68 1.3 0
19:18 751 13.1 68 .9 0
19:19 751 13.1 68 .9 0
19:20 751 13.1 68 1.3 0
19:21 751 13 69 1.3 0
19:22 751 13 69 1.3 0
19:23 751 13 69 1.3 0
19:24 751 12.9 69 .9 0
19:25 751 12.9 69 .9 0
19:26 751 12.9 70 1.3 0
19:27 751 12.9 70 .9 0
19:28 751 12.8 70 .9 0
19:29 751 12.8 70 .9 0
19:30 751.1 12.8 70 .9 0
19:31 751.1 12.8 70 1.3 0
19:32 751.1 12.7 70 .9 0
19:33 751.1 12.7 70 1.3 0
19:34 751.1 12.7 71 .4 0
19:35 751.1 12.7 71 .9 0
19:36 751.1 12.7 71 .9 0
19:37 751.1 12.7 71 1.3 0
19:38 751.1 12.7 71 .9 0
19:39 751.1 12.7 71 .9 0
19:40 751.1 12.7 71 .4 0
19:41 751.1 12.7 71 1.3 0
19:42 751.1 12.7 71 .9 0
19:43 751.1 12.7 71 .9 0
19:44 751.1 12.7 71 .9 0
19:45 751.2 12.7 69 .9 0
19:46 751.2 12.7 71 1.3 0
19:47 751.2 12.7 71 .9 0
19:48 751.2 12.6 72 .9 0
19:49 751.2 12.6 72 1.8 0
19:50 751.2 12.6 72 .9 0
19:51 751.2 12.6 72 1.3 0
19:52 751.2 12.6 72 .4 0
19:53 751.2 12.6 72 1.3 0
19:54 751.2 12.6 72 1.3 0
19:55 751.2 12.6 72 1.3 0
19:56 751.2 12.6 72 1.8 0
19:57 751.2 12.6 72 1.3 0
19:58 751.2 12.5 73 1.3 0
19:59 751.2 12.5 73 1.3 0
20:00 751.3 12.5 73 .9 0
20:01 751.3 12.5 73 .9 0
20:02 751.3 12.5 73 1.3 0
20:03 751.3 12.4 73 1.3 0
20:04 751.3 12.4 74 .9 0
20:05 751.3 12.4 74 .4 0
20:06 751.3 12.4 74 .9 0
20:07 751.3 12.3 74 1.3 0
20:08 751.3 12.3 74 1.3 0
20:09 751.3 12.3 74 .9 0
20:10 751.3 12.3 75 .9 0
20:11 751.3 12.3 75 .9 0
20:12 751.3 12.2 75 .9 0
20:13 751.3 12.2 75 .9 0
20:14 751.3 12.2 75 .9 0
20:15 751.4 12.2 75 .9 0
20:16 751.4 12.2 75 .9 0
20:17 751.4 12.2 75 .9 0
20:18 751.4 12.2 75 .9 0
20:19 751.4 12.2 75 .9 0
20:20 751.4 12.2 75 .9 0
20:21 751.4 12.1 75 .9 0
20:22 751.4 12.1 75 1.3 0
20:23 751.4 12.1 75 1.3 0
20:24 751.4 12.1 75 1.3 0
20:25 751.4 12.1 75 1.8 0
20:26 751.4 12.1 75 1.3 0
20:27 751.4 12.1 75 1.3 0
20:28 751.4 12.1 75 .9 0
20:29 751.4 12.1 75 .9 0
20:30 751.4 12.1 75 1.3 0
20:31 751.4 12.1 75 .9 0
20:32 751.4 12.1 75 .9 0
20:33 751.4 12.1 75 .9 0
20:34 751.4 12.1 75 .9 0
20:35 751.4 12.1 75 .9 0
20:36 751.4 12.1 75 .9 0
20:37 751.4 12.1 75 .9 0
20:38 751.4 12.1 74 .9 0
20:39 751.4 12.1 74 .4 0
20:40 751.4 12.1 74 1.3 0
20:41 751.4 12.1 74 1.3 0
20:42 751.4 12.1 74 1.3 0
20:43 751.4 12.1 74 1.3 0
20:44 751.4 12.1 74 1.3 0
20:45 751.4 12.1 75 1.3 0
20:46 751.4 12.1 75 .9 0
20:47 751.4 12.1 75 1.3 0
20:48 751.4 12.1 75 1.3 0
20:49 751.4 12 75 .9 0
20:50 751.4 12 75 1.3 0
20:51 751.4 12 75 1.3 0
20:52 751.4 12 75 1.3 0
20:53 751.4 11.9 76 1.8 0
20:54 751.4 11.9 76 1.3 0
20:55 751.4 11.9 76 1.8 0
20:56 751.4 11.9 76 1.3 0
20:57 751.4 11.9 76 1.3 0
20:58 751.4 11.8 76 1.8 0
20:59 751.4 11.8 77 1.8 0
21:00 751.6 11.8 77 1.3 0
21:01 751.6 11.8 77 1.3 0
21:02 751.6 11.8 77 1.3 0
21:03 751.6 11.8 77 1.3 0
21:04 751.6 11.7 78 1.3 0
21:05 751.6 11.7 78 .9 0
21:06 751.6 11.7 78 1.3 0
21:07 751.6 11.7 78 .9 0
21:08 751.6 11.7 78 .9 0
21:09 751.6 11.6 78 1.3 0
21:10 751.6 11.6 78 .9 0
21:11 751.6 11.6 78 .9 0
21:12 751.6 11.6 78 .9 0
21:13 751.6 11.6 78 .9 0
21:14 751.6 11.6 78 1.3 0
21:15 751.7 11.6 78 .4 0
21:16 751.7 11.6 78 1.3 0
21:17 751.7 11.6 78 1.3 0
21:18 751.7 11.6 77 1.3 0
21:19 751.7 11.7 77 1.3 0
21:20 751.7 11.7 77 1.3 0
21:21 751.7 11.7 77 1.3 0
21:22 751.7 11.7 77 1.3 0
21:23 751.7 11.7 77 1.3 0
21:24 751.7 11.7 77 1.3 0
21:25 751.7 11.7 77 1.3 0
21:26 751.7 11.8 76 1.3 0
21:27 751.7 11.8 76 1.3 0
21:28 751.7 11.8 76 1.3 0
21:29 751.7 11.8 76 1.3 0
21:30 751.7 11.8 76 1.8 0
21:31 751.7 11.8 76 1.3 0
21:32 751.7 11.8 76 1.3 0
21:33 751.7 11.8 76 1.3 0
21:34 751.7 11.8 76 1.3 0
21:35 751.7 11.8 76 1.8 0
21:36 751.7 11.8 76 1.3 0
21:37 751.7 11.8 76 1.3 0
21:38 751.7 11.8 76 1.3 0
21:39 751.7 11.8 76 1.3 0
21:40 751.7 11.7 76 .9 0
21:41 751.7 11.7 76 1.3 0
21:42 751.7 11.7 76 1.3 0
21:43 751.7 11.7 76 .9 0
21:44 751.7 11.7 76 1.3 0
21:45 751.7 11.7 76 1.3 0
21:46 751.7 11.6 77 1.3 0
21:47 751.7 11.6 77 .9 0
21:48 751.7 11.6 77 1.3 0
21:49 751.7 11.6 77 .9 0
21:50 751.7 11.6 78 1.3 0
21:51 751.7 11.5 78 1.3 0
21:52 751.7 11.5 78 1.3 0
21:53 751.7 11.5 78 1.3 0
21:54 751.7 11.4 78 1.3 0
21:55 751.7 11.4 78 1.3 0
21:56 751.7 11.4 79 1.8 0
21:57 751.7 11.3 79 1.8 0
21:58 751.7 11.3 79 1.3 0
21:59 751.7 11.3 79 1.3 0
22:00 751.7 11.3 79 1.8 0
22:01 751.7 11.3 79 2.2 0
22:02 751.7 11.3 79 1.8 0
22:03 751.7 11.3 79 1.8 0
22:04 751.7 11.2 79 1.3 0
22:05 751.7 11.2 79 1.3 0
22:06 751.7 11.2 79 1.3 0
22:07 751.7 11.2 79 1.8 0
22:08 751.7 11.1 79 1.3 0
22:09 751.7 11.1 79 1.8 0
22:10 751.7 11.1 80 1.8 0
22:11 751.7 11.1 80 1.8 0
22:12 751.7 11 80 1.8 0
22:13 751.7 11 80 1.8 0
22:14 751.7 11 80 1.3 0
22:15 751.8 11 81 2.2 0
22:16 751.8 11 81 1.8 0
22:17 751.8 11 81 1.8 0
22:18 751.8 11 81 1.8 0
22:19 751.8 10.9 81 1.8 0
22:20 751.8 10.9 81 1.8 0
22:21 751.8 10.9 81 1.3 0
22:22 751.8 10.9 81 1.3 0
22:23 751.8 10.9 81 1.3 0
22:24 751.8 10.9 81 1.3 0
22:25 751.8 10.9 81 1.3 0
22:26 751.8 10.9 81 1.8 0
22:27 751.8 10.9 81 1.3 0
22:28 751.8 10.9 81 1.3 0
22:29 751.8 10.9 81 1.8 0
22:30 751.9 10.9 80 1.3 0
22:31 751.9 10.9 80 1.8 0
22:32 751.9 10.9 80 1.3 0
22:33 751.9 10.9 80 1.8 0
22:34 751.9 10.9 80 1.3 0
22:35 751.9 10.9 80 1.3 0
22:36 751.9 10.9 80 1.3 0
22:37 751.9 10.9 80 1.3 0
22:38 751.9 10.9 80 1.3 0
22:39 751.9 10.9 81 1.3 0
22:40 751.9 10.9 80 1.8 0
22:41 751.9 10.9 80 1.3 0
22:42 751.9 10.9 81 1.3 0
22:43 751.9 10.9 80 1.3 0
22:44 751.9 10.9 81 1.3 0
22:45 751.9 10.9 81 1.3 0
22:46 751.9 10.9 81 1.3 0
22:47 751.9 10.9 81 1.3 0
22:48 751.9 11 81 1.3 0
22:49 751.9 11 81 1.3 0
22:50 751.9 11 81 1.3 0
22:51 751.9 11 81 1.3 0
22:52 751.9 11 81 1.3 0
22:53 751.9 11 81 1.3 0
22:54 751.9 11 81 1.3 0
22:55 751.9 11 81 1.3 0
22:56 751.9 11 80 1.3 0
22:57 751.9 11 80 1.3 0
22:58 751.9 11 80 1.3 0
22:59 751.9 11 80 1.3 0
23:00 752 11 80 .9 0
23:01 752 11 80 .9 0
23:02 752 11 80 .9 0
23:03 752 11 80 .9 0
23:04 752 11 80 .9 0
23:05 752 11 80 .9 0
23:06 752 11 80 .9 0
23:07 752 11 80 .9 0
23:08 752 11 80 .4 0
23:09 752 11 80 .4 0
23:10 752 11 80 .4 0
23:11 752 11 80 .4 0
23:12 752 11 80 .9 0
23:13 752 11 80 .4 0
23:14 752 11 79 .4 0
23:15 752 11 79 .4 0
23:16 752 11 79 .4 0
23:17 752 11 79 .4 0
23:18 752 11.1 79 .4 0
23:19 752 11.1 79 .4 0
23:20 752 11.1 79 .4 0
23:21 752 11.1 79 .4 0
23:22 752 11.1 79 .4 0
23:23 752 11.1 79 .4 0
23:24 752 11.1 79 .9 0
23:25 752 11.1 79 .4 0
23:26 752 11.1 79 .4 0
23:27 752 11.1 79 .4 0
23:28 752 11.1 79 .9 0
23:29 752 11.1 79 .9 0
23:30 752.1 11.1 79 .9 0
23:31 752.1 11.1 80 .9 0
23:32 752.1 11.1 80 .9 0
23:33 752.1 11.1 80 .9 0
23:34 752.1 11 80 .9 0
23:35 752.1 11 80 .9 0
23:36 752.1 11 80 .9 0
23:37 752.1 11 80 .9 0
23:38 752.1 11 80 1.3 0
23:39 752.1 11 80 .9 0
23:40 752.1 11 80 .9 0
23:41 752.1 10.9 80 .9 0
23:42 752.1 10.9 80 .9 0
23:43 752.1 10.9 80 .9 0
23:44 752.1 10.9 80 .9 0
23:45 752.1 10.9 80 .9 0
23:46 752.1 10.9 80 .4 0
23:47 752.1 10.9 80 .9 0
23:48 752.1 10.9 80 .9 0
23:49 752.1 10.9 80 .9 0
23:50 752.1 10.9 80 .9 0
23:51 752.1 10.9 80 .9 0
23:52 752.1 10.9 80 .4 0
23:53 752.1 10.9 80 .4 0
23:54 752.1 10.9 80 .9 0
23:55 752.1 10.9 80 .9 0
23:56 752.1 10.9 80 .4 0
23:57 752.1 10.9 80 .4 0
23:58 752.1 10.9 80 .9 0
23:59 752.1 10.9 80 .9 0
