00:00 759.21 3.5 44 0 0
00:01 759.21 3.44 44 0 0
00:02 759.21 3.39 44 0 0
00:03 759.21 3.33 45 0 0
00:04 759.21 3.28 45 0 0
00:05 759.21 3.22 46 0 0
00:06 759.21 3.11 46 0 0
00:07 759.21 2.94 46 0 0
00:08 759.21 2.72 47 0 0
00:09 759.21 2.61 47 0 0
00:10 759.21 2.5 47 0 0
00:11 759.21 2.44 47 0 0
00:12 759.21 2.39 47 0 0
00:13 759.21 2.33 47 0 0
00:14 759.21 2.28 47 0 0
00:15 759.21 2.28 47 0 0
00:16 759.21 2.28 47 0 0
00:17 759.21 2.28 47 0 0
00:18 759.21 2.28 47 0 0
00:19 759.21 2.28 47 0 0
00:20 759.21 2.22 47 0 0
00:21 759.21 2.22 47 0 0
00:22 759.21 2.28 47 .89 0
00:23 759.21 2.33 47 .89 0
00:24 759.21 2.39 47 .89 0
00:25 759.21 2.56 47 .45 0
00:26 759.21 2.56 47 .89 0
00:27 759.21 2.56 47 .89 0
00:28 759.21 2.56 48 .89 0
00:29 759.21 2.56 47 .89 0
00:30 759.21 2.44 47 .89 0
00:31 759.21 2.39 48 .89 0
00:32 759.21 2.33 48 1.34 0
00:33 759.21 2.22 48 1.34 0
00:34 759.21 2.22 48 1.34 0
00:35 759.21 2.17 48 1.34 0
00:36 759.21 2.17 49 1.34 0
00:37 759.46 2.17 49 1.34 0
00:38 759.46 2.17 48 1.34 0
00:39 759.46 2.22 48 1.34 0
00:40 759.21 2.22 48 1.34 0
00:41 759.46 2.33 48 1.34 0
00:42 759.46 2.39 47 1.79 0
00:43 759.46 2.44 47 1.34 0
00:44 759.46 2.5 48 1.79 0
00:45 759.46 2.56 47 1.34 0
00:46 759.46 2.67 47 1.34 0
00:47 759.21 2.72 47 1.34 0
00:48 759.46 2.83 46 1.79 0
00:49 759.46 2.83 48 1.79 0
00:50 759.46 2.89 46 1.79 0
00:51 759.46 3 45 2.24 0
00:52 759.46 3.06 45 1.34 0
00:53 759.21 3.11 45 1.79 0
00:54 759.46 3.06 47 1.79 0
00:55 759.46 3.06 45 1.34 0
00:56 759.46 3.06 45 1.34 0
00:57 759.46 3.11 45 1.34 0
00:58 759.46 3.11 45 1.34 0
00:59 759.46 3.11 45 .89 0
01:00 759.46 3.17 44 1.34 0
01:01 759.46 3.17 45 1.34 0
01:02 759.46 3.17 44 1.34 0
01:03 759.46 3.11 45 1.34 0
01:04 759.46 3.06 45 1.79 0
01:05 759.46 3 45 1.34 0
01:06 759.46 2.94 45 1.34 0
01:07 759.46 2.89 45 1.34 0
01:08 759.46 2.83 45 1.34 0
01:09 759.46 2.78 45 1.79 0
01:10 759.46 2.78 45 1.34 0
01:11 759.46 2.78 45 1.34 0
01:12 759.46 2.89 45 1.34 0
01:13 759.46 2.94 45 1.34 0
01:14 759.46 3 44 .89 0
01:15 760.73 .5 50 .45 0
01:16 760.73 .5 50 .45 0
01:17 760.73 .56 51 .45 0
01:18 760.73 .67 50 .45 0
01:19 760.73 .67 52 .45 0
01:20 760.73 .72 54 .89 0
01:21 760.73 .72 54 .89 0
01:22 760.73 .83 53 .89 0
01:23 760.73 .83 52 .89 0
01:24 760.73 .83 53 0 0
01:25 760.73 .83 51 .45 0
01:26 760.73 .83 49 .89 0
01:27 760.73 .89 48 1.34 0
01:28 760.73 1 47 1.34 0
01:29 760.73 1.06 48 .89 0
01:30 760.73 1.17 45 .89 0
01:31 760.73 1.22 47 .89 0
01:32 760.73 1.33 47 .89 0
01:33 760.73 1.22 49 .89 0
01:34 760.73 1.06 50 1.34 0
01:35 760.73 .89 51 1.34 0
01:36 760.73 .67 54 1.79 0
01:37 760.73 .5 54 1.34 0
01:38 760.73 .33 55 1.34 0
01:39 760.73 .17 54 1.79 0
01:40 760.73 .11 54 1.34 0
01:41 760.73 0 54 1.79 0
01:42 760.73 0 51 1.79 0
01:43 760.73 0 50 1.79 0
01:44 760.73 .11 51 1.79 0
01:45 760.73 .33 47 1.79 0
01:46 760.73 .56 46 1.79 0
01:47 760.73 .89 45 1.79 0
01:48 760.73 1.17 43 1.79 0
01:49 760.73 1.33 44 1.79 0
01:50 760.73 1.39 43 1.34 0
01:51 760.73 1.56 41 1.79 0
01:52 760.73 1.67 41 1.79 0
01:53 760.73 1.67 43 1.79 0
01:54 760.73 1.72 41 2.24 0
01:55 760.73 1.72 41 1.34 0
01:56 760.73 1.72 42 1.79 0
01:57 760.73 1.83 40 1.34 0
01:58 760.73 1.89 41 1.79 0
01:59 760.73 1.83 41 1.79 0
02:00 760.73 1.72 41 1.34 0
02:01 760.73 1.72 41 1.79 0
02:02 760.73 1.67 41 1.79 0
02:03 760.73 1.56 42 1.79 0
02:04 760.73 1.56 42 1.34 0
02:05 760.73 1.5 43 1.34 0
02:06 760.73 1.39 45 1.34 0
02:07 760.73 1.33 45 1.34 0
02:08 760.73 1.17 46 1.34 0
02:09 760.73 1 46 .89 0
02:10 760.73 1 46 1.34 0
02:11 760.73 .89 48 .89 0
02:12 760.73 .72 48 .89 0
02:13 760.73 .67 47 .45 0
02:14 760.73 .56 49 .89 0
02:15 760.73 .44 49 0 0
02:16 760.73 .28 50 .89 0
02:17 760.73 .28 51 0 0
02:18 760.73 .17 53 0 0
02:19 760.73 .11 54 0 0
02:20 760.73 .11 55 0 0
02:21 760.73 0 56 0 0
02:22 760.73 0 57 0 0
02:23 760.73 0 57 0 0
02:24 760.73 .11 56 0 0
02:25 760.73 .11 57 0 0
02:26 760.73 .28 56 .45 0
02:27 760.73 .33 55 .45 0
02:28 760.98 .5 54 .89 0
02:29 760.98 .56 53 .89 0
02:30 760.98 .67 51 .89 0
02:31 760.98 .72 52 .89 0
02:32 760.98 .83 51 1.34 0
02:33 760.98 1 49 1.34 0
02:34 760.98 1.06 50 .89 0
02:35 760.98 1.06 50 1.34 0
02:36 760.98 1.17 48 1.34 0
02:37 760.98 1.22 47 1.79 0
02:38 760.98 1.33 46 1.34 0
02:39 760.98 1.39 46 1.79 0
02:40 760.98 1.39 46 1.79 0
02:41 760.98 1.39 45 1.34 0
02:42 760.98 1.39 45 1.34 0
02:43 761.24 1.39 45 1.34 0
02:44 761.24 1.39 46 1.79 0
02:45 761.24 1.39 46 1.79 0
02:46 761.24 1.33 48 1.34 0
02:47 761.24 1.17 49 1.79 0
02:48 761.24 1.17 48 1.34 0
02:49 761.24 1.06 49 1.79 0
02:50 761.24 1 49 .89 0
02:51 761.24 .89 50 1.34 0
02:52 761.24 .72 50 1.34 0
02:53 761.24 .67 49 1.79 0
02:54 761.24 .67 49 1.34 0
02:55 761.24 .56 48 1.79 0
02:56 761.24 .56 48 1.34 0
02:57 761.24 .56 48 1.34 0
02:58 761.24 .56 48 1.34 0
02:59 761.24 .5 48 1.34 0
03:00 761.24 .5 48 .89 0
03:01 761.24 .5 49 1.34 0
03:02 761.24 .44 49 1.34 0
03:03 761.24 .44 49 .89 0
03:04 761.24 .33 50 1.34 0
03:05 761.24 .28 50 .89 0
03:06 761.24 .17 52 1.34 0
03:07 761.24 .17 52 1.34 0
03:08 761.24 .11 52 .89 0
03:09 761.24 0 52 .89 0
03:10 761.24 0 53 1.34 0
03:11 761.24 -.06 53 .89 0
03:12 761.24 -.17 53 1.34 0
03:13 761.24 -.22 54 .89 0
03:14 761.24 -.22 54 1.34 0
03:15 761.24 -.33 54 1.34 0
03:16 761.24 -.33 54 1.34 0
03:17 761.24 -.33 54 1.34 0
03:18 761.24 -.33 54 1.34 0
03:19 761.24 -.33 54 1.34 0
03:20 761.24 -.39 55 1.34 0
03:21 761.24 -.39 55 .89 0
03:22 761.24 -.5 55 .89 0
03:23 761.24 -.56 56 0 0
03:24 761.24 -.56 56 0 0
03:25 761.24 -.67 58 0 0
03:26 761.24 -.72 58 0 0
03:27 761.24 -.72 58 .45 0
03:28 761.24 -.83 57 .45 0
03:29 761.24 -.83 55 0 0
03:30 761.24 -.83 55 0 0
03:31 761.24 -.83 54 0 0
03:32 761.24 -.83 54 0 0
03:33 761.24 -.72 54 0 0
03:34 761.24 -.72 54 0 0
03:35 761.24 -.72 55 0 0
03:36 761.24 -.72 55 0 0
03:37 761.24 -.72 56 0 0
03:38 761.24 -.72 56 0 0
03:39 761.24 -.72 56 0 0
03:40 761.24 -.72 54 0 0
03:41 761.24 -.72 54 0 0
03:42 761.24 -.72 54 0 0
03:43 761.24 -.72 54 0 0
03:44 761.24 -.67 54 0 0
03:45 761.24 -.67 54 0 0
03:46 761.24 -.72 54 0 0
03:47 761.24 -.72 54 0 0
03:48 761.24 -.72 54 0 0
03:49 761.24 -.72 54 0 0
03:50 761.24 -.72 54 0 0
03:51 761.24 -.72 53 0 0
03:52 761.24 -.72 53 0 0
03:53 761.24 -.72 54 0 0
03:54 761.24 -.72 54 0 0
03:55 761.24 -.72 54 0 0
03:56 761.24 -.72 54 0 0
03:57 761.24 -.72 53 0 0
03:58 761.24 -.72 53 0 0
03:59 761.24 -.72 53 0 0
04:00 761.24 -.72 53 0 0
04:01 761.24 -.72 53 0 0
04:02 761.24 -.72 53 0 0
04:03 761.24 -.72 53 0 0
04:04 761.24 -.72 53 0 0
04:05 761.24 -.72 53 0 0
04:06 761.24 -.72 53 0 0
04:07 761.24 -.83 56 0 0
04:08 761.24 -.89 58 0 0
04:09 761.24 -1 59 0 0
04:10 761.24 -1.06 58 0 0
04:11 761.24 -1.17 58 0 0
04:12 761.24 -1.22 57 0 0
04:13 761.24 -1.22 58 0 0
04:14 761.24 -1.33 60 0 0
04:15 761.24 -1.39 60 0 0
04:16 761.24 -1.44 60 0 0
04:17 761.24 -1.56 60 .89 0
04:18 761.24 -1.61 60 .89 0
04:19 761.24 -1.72 60 .89 0
04:20 761.24 -1.72 59 .89 0
04:21 761.24 -1.72 59 .89 0
04:22 761.24 -1.72 59 .89 0
04:23 761.24 -1.72 59 .89 0
04:24 761.24 -1.72 58 .89 0
04:25 761.24 -1.72 58 .45 0
04:26 761.24 -1.72 57 .89 0
04:27 761.24 -1.61 57 .45 0
04:28 761.24 -1.61 57 .45 0
04:29 761.24 -1.61 57 .45 0
04:30 761.24 -1.61 57 .45 0
04:31 761.24 -1.61 57 .89 0
04:32 761.24 -1.61 57 .45 0
04:33 761.24 -1.61 58 .89 0
04:34 761.24 -1.61 59 .89 0
04:35 761.24 -1.72 59 .89 0
04:36 761.24 -1.72 59 .89 0
04:37 761.24 -1.72 58 1.34 0
04:38 761.24 -1.72 58 .89 0
04:39 761.24 -1.72 58 .45 0
04:40 761.24 -1.72 58 .89 0
04:41 761.24 -1.72 58 .45 0
04:42 761.24 -1.72 58 0 0
04:43 761.24 -1.72 59 0 0
04:44 761.24 -1.61 60 0 0
04:45 761.24 -1.61 60 0 0
04:46 761.24 -1.61 60 0 0
04:47 761.24 -1.61 60 0 0
04:48 761.24 -1.61 61 0 0
04:49 761.24 -1.61 61 0 0
04:50 761.24 -1.61 62 0 0
04:51 761.24 -1.56 62 0 0
04:52 761.24 -1.56 62 0 0
04:53 761.24 -1.56 63 0 0
04:54 761.24 -1.56 63 0 0
04:55 761.24 -1.44 63 0 0
04:56 761.24 -1.44 63 0 0
04:57 761.24 -1.44 63 0 0
04:58 761.24 -1.44 63 0 0
04:59 761.24 -1.44 63 0 0
05:00 761.24 -1.44 64 0 0
05:01 761.24 -1.44 64 0 0
05:02 761.24 -1.39 64 0 0
05:03 761.24 -1.33 64 0 0
05:04 761.24 -1.33 64 0 0
05:05 761.24 -1.22 64 0 0
05:06 761.24 -1.22 64 0 0
05:07 761.24 -1.17 63 0 0
05:08 761.24 -1.17 63 0 0
05:09 761.24 -1.06 63 0 0
05:10 761.24 -1.06 62 0 0
05:11 761.24 -1.06 62 0 0
05:12 761.24 -1 61 0 0
05:13 761.24 -1 60 0 0
05:14 761.24 -.89 60 0 0
05:15 761.24 -.89 60 0 0
05:16 761.24 -.83 59 0 0
05:17 761.24 -.83 59 0 0
05:18 761.24 -.72 59 0 0
05:19 761.24 -.72 59 0 0
05:20 761.24 -.72 58 0 0
05:21 761.24 -.72 58 0 0
05:22 761.24 -.72 58 0 0
05:23 761.24 -.67 58 0 0
05:24 761.24 -.67 57 0 0
05:25 761.24 -.67 57 0 0
05:26 761.24 -.67 58 0 0
05:27 761.24 -.67 58 0 0
05:28 761.24 -.72 58 0 0
05:29 761.24 -.83 58 0 0
05:30 761.24 -.89 58 0 0
05:31 761.24 -.89 59 0 0
05:32 761.24 -1 59 0 0
05:33 761.24 -1.06 59 0 0
05:34 761.24 -1.06 59 0 0
05:35 761.24 -1.06 59 0 0
05:36 761.24 -1.06 58 0 0
05:37 761.24 -1.06 58 0 0
05:38 761.24 -1.06 58 0 0
05:39 761.24 -1 58 0 0
05:40 761.24 -1 58 0 0
05:41 761.24 -1 58 0 0
05:42 761.24 -.89 57 0 0
05:43 761.24 -.89 58 0 0
05:44 761.24 -.83 58 0 0
05:45 759.97 -.39 63 0 0
05:46 761.24 -.72 57 0 0
05:47 761.24 -.72 57 0 0
05:48 761.24 -.72 57 0 0
05:49 761.24 -.72 57 0 0
05:50 761.24 -.72 57 0 0
05:51 761.24 -.72 57 0 0
05:52 761.24 -.72 57 0 0
05:53 761.24 -.72 58 0 0
05:54 761.24 -.83 58 0 0
05:55 761.24 -.83 58 0 0
05:56 761.24 -.89 58 0 0
05:57 761.24 -.89 58 0 0
05:58 761.24 -1 59 0 0
05:59 761.24 -1 58 0 0
06:00 761.24 -1 59 0 0
06:01 761.24 -1.06 59 0 0
06:02 761.24 -1.06 59 0 0
06:03 761.24 -1.06 59 0 0
06:04 761.24 -1.06 59 0 0
06:05 761.24 -1.17 59 0 0
06:06 761.24 -1.17 60 0 0
06:07 761.24 -1.17 60 0 0
06:08 761.24 -1.22 60 0 0
06:09 761.24 -1.22 60 0 0
06:10 761.24 -1.33 60 0 0
06:11 761.24 -1.33 60 0 0
06:12 761.24 -1.33 60 0 0
06:13 761.24 -1.33 60 0 0
06:14 761.24 -1.33 60 0 0
06:15 761.24 -1.33 60 0 0
06:16 761.24 -1.33 60 0 0
06:17 761.24 -1.33 60 0 0
06:18 761.24 -1.33 59 0 0
06:19 761.24 -1.33 59 0 0
06:20 761.24 -1.22 59 0 0
06:21 761.24 -1.22 59 0 0
06:22 761.24 -1.17 59 0 0
06:23 761.24 -1.17 60 0 0
06:24 761.24 -1.06 59 0 0
06:25 761.24 -1.06 59 0 0
06:26 761.24 -1 59 0 0
06:27 761.24 -.89 59 0 0
06:28 761.49 -.89 59 0 0
06:29 761.49 -.83 59 0 0
06:30 761.49 -.72 60 0 0
06:31 761.49 -.72 60 0 0
06:32 761.49 -.67 60 0 0
06:33 761.49 -.67 59 0 0
06:34 761.49 -.67 59 0 0
06:35 761.49 -.56 59 0 0
06:36 761.49 -.56 59 0 0
06:37 761.49 -.5 58 0 0
06:38 761.49 -.5 58 0 0
06:39 761.49 -.5 58 0 0
06:40 761.49 -.5 58 0 0
06:41 761.49 -.56 58 0 0
06:42 761.49 -.67 59 0 0
06:43 761.49 -.67 59 0 0
06:44 761.49 -.72 59 0 0
06:45 761.49 -.72 59 0 0
06:46 761.49 -.83 60 0 0
06:47 761.49 -.83 60 0 0
06:48 761.49 -.83 60 .89 0
06:49 761.49 -.89 60 .89 0
06:50 761.49 -.89 61 .89 0
06:51 761.49 -1 61 .89 0
06:52 761.49 -1 62 1.34 0
06:53 761.49 -1 63 .89 0
06:54 761.49 -1 63 .89 0
06:55 761.49 -1 62 .89 0
06:56 761.49 -1 62 .89 0
06:57 761.49 -1 61 1.34 0
06:58 761.49 -.89 60 1.34 0
06:59 761.49 -.83 58 .89 0
07:00 761.49 -.72 58 1.34 0
07:01 761.49 -.67 57 1.34 0
07:02 761.49 -.67 56 1.34 0
07:03 761.49 -.56 57 .89 0
07:04 761.49 -.56 57 .89 0
07:05 761.49 -.56 57 .89 0
07:06 761.49 -.5 57 .45 0
07:07 761.49 -.5 58 .89 0
07:08 761.49 -.39 58 0 0
07:09 761.49 -.39 58 0 0
07:10 761.49 -.33 58 0 0
07:11 761.49 -.33 58 0 0
07:12 761.49 -.22 58 0 0
07:13 761.49 -.17 58 0 0
07:14 761.49 -.06 58 0 0
07:15 761.49 -.06 58 0 0
07:16 761.49 0 57 .45 0
07:17 761.49 .11 57 .89 0
07:18 761.49 .11 57 .89 0
07:19 761.49 .17 56 .45 0
07:20 761.49 .28 56 .45 0
07:21 761.49 .33 56 .45 0
07:22 761.49 .33 54 .45 0
07:23 761.49 .44 54 .45 0
07:24 761.49 .44 54 .45 0
07:25 761.49 .5 54 .89 0
07:26 761.49 .56 54 .45 0
07:27 761.49 .67 54 .45 0
07:28 761.49 .67 54 .45 0
07:29 761.49 .72 54 0 0
07:30 761.49 .83 54 0 0
07:31 761.49 .83 53 0 0
07:32 761.49 .89 54 0 0
07:33 761.49 1 53 0 0
07:34 761.49 1 53 0 0
07:35 761.49 1.06 54 0 0
07:36 761.49 1.06 54 0 0
07:37 761.49 1.06 54 .89 0
07:38 761.49 1.06 54 .45 0
07:39 761.49 1.06 54 .89 0
07:40 761.49 1.06 54 .45 0
07:41 761.49 1.06 54 .45 0
07:42 761.49 1.17 55 .89 0
07:43 761.75 1.22 54 .45 0
07:44 761.75 1.33 54 .89 0
07:45 761.75 1.5 54 .89 0
07:46 761.75 1.56 53 .89 0
07:47 761.75 1.67 52 .89 0
07:48 761.75 1.83 52 .89 0
07:49 761.75 1.89 52 1.34 0
07:50 761.75 1.89 52 .89 0
07:51 761.75 1.89 52 1.34 0
07:52 761.75 2 51 .89 0
07:53 761.75 2 51 .45 0
07:54 761.75 2 50 .45 0
07:55 761.75 2.06 50 0 0
07:56 761.75 2.06 50 .45 0
07:57 761.75 2.17 51 0 0
07:58 761.49 2.17 51 0 0
07:59 761.49 2.17 51 0 0
08:00 761.49 2.17 51 0 0
08:01 761.49 2.22 52 0 0
08:02 761.49 2.22 52 0 0
08:03 761.49 2.22 51 0 0
08:04 761.49 2.28 51 0 0
08:05 761.49 2.28 50 0 0
08:06 761.49 2.39 50 0 0
08:07 761.49 2.44 50 0 0
08:08 761.49 2.56 50 0 0
08:09 761.49 2.61 50 0 0
08:10 761.49 2.72 50 0 0
08:11 761.49 2.78 50 0 0
08:12 761.49 2.78 50 0 0
08:13 761.49 2.83 50 0 0
08:14 761.49 2.94 50 0 0
08:15 761.49 3 50 0 0
08:16 761.49 3.11 49 0 0
08:17 761.49 3.17 49 0 0
08:18 761.49 3.28 49 0 0
08:19 761.49 3.33 49 0 0
08:20 761.49 3.39 49 0 0
08:21 761.49 3.5 48 0 0
08:22 761.49 3.56 49 0 0
08:23 761.49 3.67 49 0 0
08:24 761.49 3.83 48 0 0
08:25 761.49 3.89 48 0 0
08:26 761.49 4 48 0 0
08:27 761.49 4.06 48 0 0
08:28 761.49 4.11 49 0 0
08:29 760.22 4.5 57 0 0
08:30 760.22 4.56 57 0 0
08:31 760.22 4.67 57 0 0
08:32 760.22 4.72 57 0 0
08:33 760.22 4.78 57 0 0
08:34 760.22 4.89 56 0 0
08:35 760.22 4.94 57 0 0
08:36 760.48 5.06 57 0 0
08:37 760.48 5.11 56 0 0
08:38 760.22 5.22 57 0 0
08:39 760.48 5.28 56 0 0
08:40 760.48 5.33 56 0 0
08:41 760.22 5.44 56 0 0
08:42 760.22 5.5 56 0 0
08:43 760.22 5.56 56 0 0
08:44 760.22 5.67 56 0 0
08:45 760.22 5.72 56 0 0
08:46 760.22 5.83 56 0 0
08:47 760.22 5.94 56 0 0
08:48 760.22 5.94 55 0 0
08:49 761.49 6.06 45 0 0
08:50 761.49 6.11 45 0 0
08:51 761.49 6.22 45 0 0
08:52 761.49 6.28 45 0 0
08:53 761.49 6.33 45 0 0
08:54 761.49 6.33 45 0 0
08:55 761.49 6.44 45 0 0
08:56 761.49 6.5 45 0 0
08:57 761.49 6.61 45 0 0
08:58 761.49 6.67 45 0 0
08:59 761.49 6.78 45 0 0
09:00 761.49 6.83 45 0 0
09:01 761.49 6.83 44 0 0
09:02 761.49 6.89 44 0 0
09:03 761.49 7 45 0 0
09:04 761.49 7.06 45 0 0
09:05 761.49 7.17 44 0 0
09:06 761.49 7.17 44 0 0
09:07 761.49 7.22 44 0 0
09:08 761.49 7.33 44 0 0
09:09 761.49 7.39 44 0 0
09:10 761.49 7.39 44 0 0
09:11 761.49 7.5 44 0 0
09:12 761.49 7.56 44 0 0
09:13 761.49 7.67 43 0 0
09:14 761.49 7.67 43 0 0
09:15 761.49 7.83 43 0 0
09:16 761.49 7.89 42 0 0
09:17 761.49 7.94 42 0 0
09:18 760.22 8.44 50 .45 0
09:19 760.22 8.44 50 .89 0
09:20 760.48 8.56 50 .45 0
09:21 760.48 8.61 50 .89 0
09:22 760.22 8.61 50 .45 0
09:23 760.48 8.72 50 .45 0
09:24 760.22 8.72 50 0 0
09:25 760.48 8.72 50 0 0
09:26 761.49 8.44 39 0 0
09:27 761.49 8.56 39 .89 0
09:28 761.75 8.61 39 0 0
09:29 761.75 8.61 39 0 0
09:30 761.75 8.61 39 0 0
09:31 761.75 8.72 39 0 0
09:32 761.75 8.72 39 0 0
09:33 761.75 8.72 39 0 0
09:34 761.75 8.72 39 .45 0
09:35 761.75 8.72 40 0 0
09:36 761.75 8.72 39 0 0
09:37 761.75 8.72 39 0 0
09:38 761.75 8.72 39 0 0
09:39 761.75 8.72 39 0 0
09:40 761.75 8.72 39 0 0
09:41 761.75 8.78 39 0 0
09:42 760.48 9.06 49 .89 0
09:43 760.48 9 48 1.79 0
09:44 760.48 9 49 .45 0
09:45 760.48 9 49 .89 0
09:46 760.48 9.06 48 .89 0
09:47 760.48 9.11 49 .45 0
09:48 761.75 9.11 38 0 0
09:49 761.75 9.22 38 0 0
09:50 761.75 9.28 38 0 0
09:51 761.75 9.39 38 0 0
09:52 761.75 9.56 38 0 0
09:53 761.75 9.61 37 0 0
09:54 761.75 9.72 37 0 0
09:55 760.48 9.83 48 .89 0
09:56 760.48 9.94 47 0 0
09:57 761.75 9.94 36 .45 0
09:58 761.75 9.94 36 0 0
09:59 761.75 10 36 0 0
10:00 760.48 10.33 46 0 0
10:01 760.48 10.33 46 0 0
10:02 760.22 10.33 46 .45 0
10:03 760.48 10.39 46 .89 0
10:04 760.48 10.44 46 .89 0
10:05 761.75 10.28 35 0 0
10:06 761.75 10.33 35 .45 0
10:07 761.75 10.44 35 .45 0
10:08 761.75 10.5 35 0 0
10:09 761.75 10.5 35 0 0
10:10 761.75 10.61 35 0 0
10:11 761.75 10.61 35 0 0
10:12 761.75 10.5 34 .45 0
10:13 761.75 10.44 34 .89 0
10:14 761.75 10.44 35 1.34 0
10:15 761.75 10.44 35 .89 0
10:16 761.75 10.33 34 .45 0
10:17 761.75 10.33 35 1.34 0
10:18 761.75 10.28 35 .45 0
10:19 761.75 10.28 34 0 0
10:20 761.75 10.28 34 0 0
10:21 761.75 10.33 34 0 0
10:22 761.75 10.33 35 1.34 0
10:23 761.75 10.44 35 .89 0
10:24 761.75 10.5 35 .89 0
10:25 761.75 10.61 34 1.34 0
10:26 761.75 10.61 33 1.79 0
10:27 761.75 10.61 33 1.34 0
10:28 761.75 10.5 34 .89 0
10:29 761.75 10.5 34 0 0
10:30 761.75 10.5 34 .45 0
10:31 761.75 10.5 34 .45 0
10:32 761.75 10.5 34 .45 0
10:33 761.75 10.61 34 .45 0
10:34 761.75 10.61 34 0 0
10:35 761.75 10.61 34 1.34 0
10:36 761.75 10.67 35 .89 0
10:37 761.75 10.78 34 .89 0
10:38 761.75 10.78 34 .89 0
10:39 761.75 10.83 34 1.34 0
10:40 761.75 10.83 34 .89 0
10:41 761.75 10.83 34 .45 0
10:42 761.75 10.78 34 .89 0
10:43 761.75 10.78 34 .89 0
10:44 761.75 10.78 34 .45 0
10:45 761.75 10.78 34 1.79 0
10:46 761.75 10.78 34 1.34 0
10:47 761.75 10.78 34 1.34 0
10:48 761.75 10.78 35 1.34 0
10:49 761.75 10.83 35 .89 0
10:50 761.75 10.94 34 1.79 0
10:51 761.75 10.94 31 1.79 0
10:52 761.75 10.94 34 1.34 0
10:53 761.75 11 34 0 0
10:54 761.75 11.11 34 .89 0
10:55 761.75 11.17 33 .89 0
10:56 761.75 11.28 33 .45 0
10:57 761.75 11.33 33 2.24 0
10:58 761.49 11.44 33 2.24 0
10:59 761.49 11.33 33 2.24 0
11:00 761.49 11.28 33 2.24 0
11:01 761.49 11.17 34 1.79 0
11:02 761.49 11.17 33 2.24 0
11:03 761.49 11.17 34 1.79 0
11:04 761.49 11.17 34 1.34 0
11:05 761.49 11.17 33 2.68 0
11:06 761.49 11.17 33 2.24 0
11:07 761.49 11.17 33 2.24 0
11:08 761.49 11.28 33 1.34 0
11:09 761.49 11.28 33 1.34 0
11:10 761.49 11.33 33 1.34 0
11:11 761.49 11.33 32 .89 0
11:12 761.49 11.5 32 .89 0
11:13 761.49 11.61 32 1.34 0
11:14 761.49 11.61 32 1.79 0
11:15 761.49 11.67 32 2.68 0
11:16 761.49 11.67 32 1.79 0
11:17 761.49 11.67 31 1.34 0
11:18 761.49 11.67 31 1.79 0
11:19 761.49 11.67 31 1.79 0
11:20 761.49 11.61 32 1.79 0
11:21 761.49 11.61 32 1.79 0
11:22 761.49 11.61 32 1.79 0
11:23 761.49 11.61 32 2.24 0
11:24 761.49 11.61 32 2.24 0
11:25 761.49 11.5 32 1.79 0
11:26 761.49 11.61 32 2.24 0
11:27 761.49 11.61 32 1.79 0
11:28 761.49 11.67 32 .45 0
11:29 761.49 11.78 32 1.79 0
11:30 761.49 11.83 32 2.68 0
11:31 761.49 11.83 32 2.68 0
11:32 761.49 11.83 32 3.13 0
11:33 761.49 11.78 32 1.79 0
11:34 761.49 11.78 33 2.68 0
11:35 761.49 11.78 33 1.79 0
11:36 761.49 11.78 33 1.34 0
11:37 761.49 11.78 33 2.24 0
11:38 761.49 11.78 33 2.24 0
11:39 761.49 11.78 33 3.13 0
11:40 761.49 11.67 33 2.24 0
11:41 761.49 11.67 33 3.13 0
11:42 761.49 11.67 34 2.68 0
11:43 761.49 11.67 33 2.24 0
11:44 761.49 11.67 34 1.79 0
11:45 761.49 11.67 34 1.79 0
11:46 761.49 11.67 34 1.79 0
11:47 761.49 11.78 34 2.68 0
11:48 761.49 11.78 33 .89 0
11:49 761.49 11.78 33 1.34 0
11:50 761.49 11.78 34 .45 0
11:51 761.49 11.83 34 2.24 0
11:52 761.49 11.83 34 1.79 0
11:53 761.49 11.89 34 1.79 0
11:54 761.49 12 34 2.68 0
11:55 761.49 12.06 34 .89 0
11:56 761.49 12.17 34 1.34 0
11:57 761.49 12.22 34 0 0
11:58 761.49 12.39 34 1.79 0
11:59 761.49 12.39 33 1.79 0
12:00 761.49 12.39 33 1.34 0
12:01 761.49 12.39 33 0 0
12:02 761.49 12.5 33 1.34 0
12:03 761.49 12.5 32 .89 0
12:04 761.49 12.5 32 .89 0
12:05 761.49 12.5 31 .89 0
12:06 761.49 12.39 32 2.24 0
12:07 761.49 12.5 32 1.79 0
12:08 761.49 12.5 32 1.34 0
12:09 761.49 12.56 32 .89 0
12:10 761.49 12.67 32 1.34 0
12:11 761.49 12.67 32 1.34 0
12:12 761.49 12.72 32 2.68 0
12:13 761.24 12.67 32 1.79 0
12:14 761.24 12.56 32 .45 0
12:15 761.24 12.56 33 0 0
12:16 761.24 12.67 33 0 0
12:17 761.24 12.72 32 .45 0
12:18 761.24 12.72 32 1.34 0
12:19 761.24 12.72 32 0 0
12:20 761.24 12.72 33 1.34 0
12:21 761.24 12.83 32 3.13 0
12:22 761.24 12.72 32 3.13 0
12:23 761.24 12.67 32 4.02 0
12:24 761.24 12.56 32 2.24 0
12:25 761.24 12.56 33 2.24 0
12:26 761.24 12.56 33 .89 0
12:27 761.24 12.56 33 0 0
12:28 761.24 12.56 33 1.34 0
12:29 761.24 12.67 33 .45 0
12:30 761.24 12.67 32 .45 0
12:31 761.24 12.72 33 2.68 0
12:32 761.24 12.67 32 1.79 0
12:33 761.24 12.56 33 2.24 0
12:34 761.24 12.5 33 1.79 0
12:35 761.24 12.5 33 .45 0
12:36 761.24 12.5 33 3.13 0
12:37 761.24 12.5 34 3.13 0
12:38 761.24 12.5 34 2.68 0
12:39 761.24 12.56 34 4.02 0
12:40 761.24 12.56 34 3.13 0
12:41 761.24 12.56 34 2.24 0
12:42 761.24 12.56 34 3.13 0
12:43 760.98 12.5 34 1.34 0
12:44 760.98 12.56 34 0 0
12:45 760.98 12.56 34 1.79 0
12:46 760.98 12.67 35 0 0
12:47 760.98 12.72 34 0 0
12:48 760.98 12.72 34 0 0
12:49 760.98 12.83 34 0 0
12:50 760.98 12.89 33 .45 0
12:51 760.98 13 33 2.24 0
12:52 760.98 13.06 33 0 0
12:53 760.98 13.17 33 .45 0
12:54 760.98 13.22 33 0 0
12:55 760.98 13.33 32 0 0
12:56 760.98 13.39 32 1.34 0
12:57 760.98 13.5 31 .45 0
12:58 760.98 13.56 32 0 0
12:59 760.98 13.56 31 .89 0
13:00 760.98 13.56 32 .45 0
13:01 760.98 13.56 32 2.24 0
13:02 760.98 13.39 33 2.24 0
13:03 760.98 13.39 33 3.13 0
13:04 760.98 13.33 33 2.68 0
13:05 760.98 13.33 33 1.34 0
13:06 760.98 13.22 34 1.34 0
13:07 760.98 13.22 33 2.68 0
13:08 760.98 13.22 34 3.13 0
13:09 760.98 13.22 34 4.92 0
13:10 760.98 13.17 34 4.92 0
13:11 760.98 13.06 34 3.13 0
13:12 760.98 13.06 34 1.79 0
13:13 760.98 13 35 .45 0
13:14 760.98 13.06 35 1.79 0
13:15 760.98 13.17 34 1.79 0
13:16 760.98 13.17 35 1.34 0
13:17 760.98 13.33 35 1.79 0
13:18 760.98 13.39 35 0 0
13:19 760.98 13.5 34 1.34 0
13:20 760.98 13.56 34 0 0
13:21 760.98 13.67 34 2.24 0
13:22 760.98 13.67 33 .45 0
13:23 760.98 13.67 34 .89 0
13:24 760.98 13.67 33 .89 0
13:25 760.98 13.67 32 4.47 0
13:26 760.98 13.5 33 2.68 0
13:27 760.98 13.39 33 2.24 0
13:28 760.73 13.33 33 0 0
13:29 760.73 13.33 33 1.79 0
13:30 760.73 13.33 33 2.68 0
13:31 760.73 13.33 33 .45 0
13:32 760.73 13.33 33 2.24 0
13:33 760.73 13.33 33 2.68 0
13:34 760.73 13.22 33 2.24 0
13:35 760.73 13.17 33 1.79 0
13:36 760.73 13.17 33 .45 0
13:37 760.73 13.17 33 0 0
13:38 760.73 13.17 33 0 0
13:39 760.73 13.22 33 .45 0
13:40 760.73 13.33 33 0 0
13:41 760.73 13.39 33 0 0
13:42 760.73 13.56 33 0 0
13:43 760.73 13.67 32 .45 0
13:44 760.73 13.78 32 1.34 0
13:45 760.73 13.78 32 1.79 0
13:46 760.73 13.72 31 3.13 0
13:47 760.73 13.67 31 3.58 0
13:48 760.73 13.56 32 1.79 0
13:49 760.73 13.56 33 2.24 0
13:50 760.73 13.5 32 3.58 0
13:51 760.73 13.5 32 2.24 0
13:52 760.73 13.5 33 2.68 0
13:53 760.73 13.39 32 4.02 0
13:54 760.73 13.33 31 3.13 0
13:55 760.73 13.33 31 .45 0
13:56 760.73 13.33 32 .45 0
13:57 760.73 13.33 32 1.79 0
13:58 760.73 13.39 32 .45 0
13:59 760.73 13.5 32 1.34 0
14:00 760.73 13.5 32 2.68 0
14:01 760.73 13.56 31 3.58 0
14:02 760.73 13.56 31 1.79 0
14:03 760.73 13.5 31 2.68 0
14:04 760.73 13.5 31 2.24 0
14:05 760.73 13.39 31 1.34 0
14:06 760.73 13.39 32 1.34 0
14:07 760.73 13.5 31 2.24 0
14:08 760.73 13.5 32 .89 0
14:09 760.73 13.5 31 2.24 0
14:10 760.73 13.5 32 3.13 0
14:11 760.73 13.5 31 3.13 0
14:12 760.73 13.5 31 1.34 0
14:13 760.73 13.5 31 1.34 0
14:14 760.73 13.5 32 2.68 0
14:15 760.73 13.5 31 1.34 0
14:16 760.73 13.56 32 2.68 0
14:17 760.73 13.56 31 .89 0
14:18 760.73 13.56 31 3.13 0
14:19 760.73 13.56 32 3.13 0
14:20 760.73 13.5 32 2.24 0
14:21 760.73 13.5 32 1.79 0
14:22 760.73 13.5 32 3.58 0
14:23 760.73 13.5 32 1.34 0
14:24 760.73 13.5 32 0 0
14:25 760.73 13.5 32 .45 0
14:26 760.73 13.56 32 0 0
14:27 760.73 13.56 32 2.24 0
14:28 760.48 13.67 32 1.79 0
14:29 760.48 13.67 31 2.24 0
14:30 760.48 13.67 31 2.24 0
14:31 760.48 13.67 31 2.24 0
14:32 760.48 13.67 31 1.79 0
14:33 760.48 13.72 30 .89 0
14:34 760.48 13.72 29 0 0
14:35 760.48 13.72 30 0 0
14:36 760.48 13.78 30 0 0
14:37 760.48 13.78 30 1.34 0
14:38 760.48 13.94 33 1.79 0
14:39 760.48 14.06 29 1.34 0
14:40 760.48 14.11 29 1.34 0
14:41 760.48 14.11 29 1.79 0
14:42 760.48 14.22 29 1.34 0
14:43 760.48 14.22 28 1.79 0
14:44 760.48 14.22 28 .45 0
14:45 760.48 14.22 28 2.24 0
14:46 760.48 14.28 28 1.79 0
14:47 760.48 14.28 28 .89 0
14:48 760.48 14.28 27 .89 0
14:49 760.48 14.28 27 0 0
14:50 760.48 14.28 27 .45 0
14:51 760.48 14.39 28 0 0
14:52 760.48 14.5 28 .89 0
14:53 760.48 14.56 28 1.34 0
14:54 760.48 14.56 27 1.79 0
14:55 760.48 14.67 27 .45 0
14:56 760.48 14.67 27 .89 0
14:57 760.48 14.56 28 .45 0
14:58 760.48 14.56 28 .89 0
14:59 760.48 14.5 28 .45 0
15:00 760.48 14.5 28 0 0
15:01 760.48 14.5 28 0 0
15:02 760.48 14.5 28 .89 0
15:03 760.48 14.5 28 1.34 0
15:04 760.48 14.5 28 2.24 0
15:05 760.48 14.5 28 2.68 0
15:06 760.48 14.5 29 3.13 0
15:07 760.48 14.5 28 2.68 0
15:08 760.48 14.28 28 2.24 0
15:09 760.48 14.28 29 1.79 0
15:10 760.48 14.28 29 3.13 0
15:11 760.48 14.22 29 2.24 0
15:12 760.48 14.11 29 3.13 0
15:13 760.22 14.11 30 1.34 0
15:14 760.22 14.11 30 .89 0
15:15 760.22 14.11 30 1.34 0
15:16 760.22 14.22 29 1.34 0
15:17 760.22 14.28 29 1.34 0
15:18 760.22 14.39 28 .45 0
15:19 760.22 14.39 28 0 0
15:20 760.22 14.5 28 0 0
15:21 760.22 14.56 28 0 0
15:22 760.22 14.67 28 0 0
15:23 760.22 14.72 27 0 0
15:24 760.22 14.89 27 0 0
15:25 760.22 15 27 1.79 0
15:26 760.22 15 27 2.24 0
15:27 760.22 14.89 27 1.34 0
15:28 760.22 14.72 28 3.13 0
15:29 760.22 14.56 28 .89 0
15:30 760.22 14.5 29 .45 0
15:31 760.22 14.39 29 .45 0
15:32 760.22 14.39 29 0 0
15:33 760.22 14.39 29 0 0
15:34 760.22 14.39 29 1.34 0
15:35 760.22 14.39 31 1.79 0
15:36 760.22 14.28 29 1.79 0
15:37 760.22 14.28 30 2.24 0
15:38 760.22 14.28 29 2.24 0
15:39 760.22 14.39 30 1.79 0
15:40 760.22 14.39 30 4.02 0
15:41 760.22 14.5 30 2.68 0
15:42 760.22 14.5 30 1.79 0
15:43 759.97 14.5 30 3.13 0
15:44 759.97 14.39 30 2.24 0
15:45 759.97 14.39 30 2.68 0
15:46 759.97 14.39 30 2.68 0
15:47 759.97 14.39 29 3.13 0
15:48 759.97 14.28 30 .89 0
15:49 759.97 14.22 30 0 0
15:50 759.97 14.22 30 .89 0
15:51 759.97 14.28 30 3.13 0
15:52 759.97 14.28 30 1.34 0
15:53 759.97 14.28 30 2.24 0
15:54 759.97 14.28 30 1.34 0
15:55 759.97 14.39 30 2.68 0
15:56 759.97 14.39 30 3.13 0
15:57 759.97 14.28 30 3.13 0
15:58 759.97 14.28 30 2.68 0
15:59 759.97 14.28 30 2.24 0
16:00 759.97 14.22 30 0 0
16:01 759.97 14.28 30 2.24 0
16:02 759.97 14.39 30 1.79 0
16:03 759.97 14.5 29 5.36 0
16:04 759.97 14.56 29 4.47 0
16:05 759.97 14.5 29 4.47 0
16:06 759.97 14.5 29 2.68 0
16:07 759.97 14.5 29 1.79 0
16:08 759.97 14.56 29 1.79 0
16:09 759.97 14.56 29 1.34 0
16:10 759.97 14.56 29 1.34 0
16:11 759.97 14.67 29 .45 0
16:12 759.97 14.83 29 2.24 0
16:13 759.71 14.89 28 1.79 0
16:14 759.71 15 27 2.24 0
16:15 759.71 15 27 3.13 0
16:16 759.71 14.89 27 2.24 0
16:17 759.71 14.89 27 1.79 0
16:18 759.71 14.83 28 2.24 0
16:19 759.71 14.72 28 1.79 0
16:20 759.71 14.72 28 1.79 0
16:21 759.71 14.72 28 4.02 0
16:22 759.71 14.67 29 3.13 0
16:23 759.71 14.67 28 3.13 0
16:24 759.71 14.67 28 1.34 0
16:25 759.71 14.56 27 1.34 0
16:26 759.71 14.56 27 .45 0
16:27 759.71 14.67 27 0 0
16:28 759.71 14.67 27 0 0
16:29 759.71 14.72 27 .45 0
16:30 759.71 14.83 28 .45 0
16:31 759.71 14.83 28 .89 0
16:32 759.71 14.83 28 .89 0
16:33 759.71 14.83 28 0 0
16:34 759.71 14.89 28 1.79 0
16:35 759.71 14.89 28 2.68 0
16:36 759.71 14.83 25 .89 0
16:37 759.71 14.72 28 3.13 0
16:38 759.71 14.72 28 2.24 0
16:39 759.71 14.72 28 2.68 0
16:40 759.71 14.67 28 2.68 0
16:41 759.71 14.56 28 1.79 0
16:42 759.71 14.56 27 3.58 0
16:43 759.71 14.56 27 2.24 0
16:44 759.71 14.56 28 3.13 0
16:45 759.71 14.56 27 3.13 0
16:46 759.71 14.56 28 1.79 0
16:47 759.71 14.5 28 1.34 0
16:48 759.71 14.5 28 1.79 0
16:49 759.71 14.56 28 .89 0
16:50 759.71 14.56 28 .45 0
16:51 759.71 14.67 28 .45 0
16:52 759.71 14.72 28 .45 0
16:53 759.71 14.72 28 2.24 0
16:54 759.71 14.72 27 .45 0
16:55 759.71 14.72 27 0 0
16:56 759.71 14.72 27 0 0
16:57 759.71 14.72 27 2.68 0
16:58 759.46 14.72 27 1.34 0
16:59 759.46 14.67 27 3.13 0
17:00 759.46 14.67 27 .89 0
17:01 759.46 14.67 28 .45 0
17:02 759.46 14.67 28 .89 0
17:03 759.46 14.67 28 2.24 0
17:04 759.46 14.67 28 1.79 0
17:05 759.46 14.67 28 1.34 0
17:06 759.46 14.67 28 .89 0
17:07 759.46 14.67 28 .89 0
17:08 759.46 14.67 28 2.24 0
17:09 759.46 14.56 28 2.68 0
17:10 759.46 14.56 28 1.34 0
17:11 759.46 14.56 28 2.24 0
17:12 759.46 14.56 28 1.34 0
17:13 759.21 14.56 28 2.68 0
17:14 759.21 14.56 28 1.79 0
17:15 759.21 14.56 28 .45 0
17:16 759.21 14.56 28 .45 0
17:17 759.21 14.56 27 1.34 0
17:18 759.21 14.56 27 0 0
17:19 759.21 14.67 28 0 0
17:20 759.21 14.67 28 1.79 0
17:21 759.21 14.72 28 1.79 0
17:22 759.21 14.72 28 .45 0
17:23 759.21 14.72 28 1.79 0
17:24 759.21 14.72 28 1.34 0
17:25 759.21 14.72 28 1.34 0
17:26 759.21 14.72 28 1.34 0
17:27 759.21 14.72 27 .89 0
17:28 759.21 14.72 28 2.68 0
17:29 759.21 14.72 28 1.79 0
17:30 759.21 14.67 28 1.79 0
17:31 759.21 14.67 28 .89 0
17:32 759.21 14.67 28 1.79 0
17:33 759.21 14.67 28 1.34 0
17:34 759.21 14.67 28 2.68 0
17:35 759.21 14.67 27 .89 0
17:36 759.21 14.67 27 1.79 0
17:37 759.21 14.67 27 2.68 0
17:38 759.21 14.67 27 1.79 0
17:39 759.21 14.72 27 0 0
17:40 759.21 14.72 27 1.34 0
17:41 759.21 14.72 27 1.34 0
17:42 759.21 14.72 27 1.34 0
17:43 759.21 14.72 27 .89 0
17:44 759.21 14.72 27 2.24 0
17:45 759.21 14.72 26 .89 0
17:46 759.21 14.72 26 1.79 0
17:47 759.21 14.72 27 2.68 0
17:48 759.21 14.72 25 1.34 0
17:49 759.21 14.72 26 .45 0
17:50 759.21 14.72 26 .45 0
17:51 759.21 14.67 26 1.34 0
17:52 759.21 14.67 26 2.24 0
17:53 759.21 14.67 26 .89 0
17:54 759.21 14.67 26 1.79 0
17:55 759.21 14.67 26 1.34 0
17:56 759.21 14.56 26 1.34 0
17:57 759.21 14.56 25 1.34 0
17:58 758.95 14.5 26 .89 0
17:59 758.95 14.5 26 .89 0
18:00 758.95 14.39 26 .45 0
18:01 758.95 14.39 25 2.24 0
18:02 758.95 14.28 25 2.24 0
18:03 758.95 14.28 25 2.68 0
18:04 758.95 14.22 25 .89 0
18:05 758.95 14.22 25 1.34 0
18:06 758.95 14.22 25 1.34 0
18:07 758.95 14.11 25 1.79 0
18:08 758.95 14.11 25 1.34 0
18:09 758.95 14.06 25 1.34 0
18:10 758.95 14.06 25 1.34 0
18:11 758.95 14.06 25 1.79 0
18:12 758.95 13.94 24 1.79 0
18:13 758.95 13.94 24 .89 0
18:14 758.95 13.94 25 1.34 0
18:15 758.95 13.89 25 1.79 0
18:16 758.95 13.89 25 1.79 0
18:17 758.95 13.89 25 .89 0
18:18 758.95 13.78 25 .45 0
18:19 758.95 13.78 25 1.34 0
18:20 758.95 13.72 25 0 0
18:21 758.95 13.72 25 1.34 0
18:22 758.95 13.72 25 1.79 0
18:23 758.95 13.67 24 .89 0
18:24 758.95 13.67 25 1.34 0
18:25 758.95 13.56 25 1.34 0
18:26 758.95 13.56 25 .89 0
18:27 758.95 13.56 25 .89 0
18:28 758.95 13.5 25 .89 0
18:29 758.95 13.5 25 1.34 0
18:30 758.95 13.39 25 .45 0
18:31 758.95 13.39 26 .45 0
18:32 758.95 13.33 25 .45 0
18:33 758.95 13.33 26 .89 0
18:34 758.95 13.22 26 .89 0
18:35 758.95 13.17 27 .45 0
18:36 758.95 13.06 28 .45 0
18:37 758.95 13 28 0 0
18:38 758.95 12.83 29 0 0
18:39 758.95 12.72 29 0 0
18:40 758.95 12.56 30 0 0
18:41 758.95 12.5 30 0 0
18:42 758.95 12.39 30 0 0
18:43 758.95 12.33 30 0 0
18:44 758.95 12.17 31 0 0
18:45 758.95 12.17 31 0 0
18:46 758.95 12.06 31 0 0
18:47 758.95 12 32 0 0
18:48 758.95 11.89 31 0 0
18:49 758.95 11.83 31 0 0
18:50 758.95 11.83 31 0 0
18:51 758.95 11.78 31 .45 0
18:52 758.95 11.67 31 1.34 0
18:53 758.95 11.67 31 .89 0
18:54 758.95 11.67 32 1.34 0
18:55 758.95 11.61 32 .45 0
18:56 758.95 11.61 33 .89 0
18:57 758.95 11.5 33 1.34 0
18:58 758.95 11.5 33 1.34 0
18:59 758.95 11.44 34 .89 0
19:00 758.95 11.33 33 .89 0
19:01 758.95 11.28 33 1.34 0
19:02 758.95 11.17 33 .89 0
19:03 758.95 11.11 35 .89 0
19:04 758.95 11 35 .45 0
19:05 758.95 10.94 35 .89 0
19:06 758.95 10.83 36 .89 0
19:07 758.95 10.67 36 .89 0
19:08 758.95 10.61 35 .89 0
19:09 758.95 10.5 34 1.34 0
19:10 758.95 10.44 35 .89 0
19:11 758.95 10.33 35 .89 0
19:12 758.95 10.33 35 .89 0
19:13 758.95 10.28 36 .45 0
19:14 758.95 10.17 38 .45 0
19:15 758.95 10.11 39 .45 0
19:16 758.95 10 39 .89 0
19:17 758.95 9.94 35 .45 0
19:18 758.95 9.83 35 .45 0
19:19 758.95 9.83 35 .89 0
19:20 758.95 9.78 35 .89 0
19:21 758.95 9.78 36 .89 0
19:22 758.95 9.78 36 .89 0
19:23 758.95 9.72 37 .45 0
19:24 758.95 9.72 37 .89 0
19:25 758.95 9.72 37 .89 0
19:26 758.95 9.72 35 .89 0
19:27 758.95 9.72 35 .89 0
19:28 758.95 9.72 36 .89 0
19:29 758.95 9.72 39 .45 0
19:30 758.95 9.61 39 .45 0
19:31 758.95 9.56 40 0 0
19:32 758.95 9.44 40 0 0
19:33 758.95 9.39 40 0 0
19:34 758.95 9.28 39 0 0
19:35 758.95 9.28 39 0 0
19:36 758.95 9.22 39 0 0
19:37 758.95 9.22 38 0 0
19:38 758.95 9.22 37 0 0
19:39 758.95 9.22 37 0 0
19:40 758.95 9.22 37 0 0
19:41 758.95 9.22 37 .89 0
19:42 758.95 9.22 38 .89 0
19:43 758.7 9.11 39 .89 0
19:44 758.7 9.11 40 .89 0
19:45 758.7 9.06 40 .89 0
19:46 758.7 8.94 39 .89 0
19:47 758.7 8.89 40 .89 0
19:48 758.7 8.78 40 .89 0
19:49 758.7 8.72 40 1.34 0
19:50 758.7 8.61 40 .89 0
19:51 758.7 8.56 40 .89 0
19:52 758.7 8.44 41 1.34 0
19:53 758.7 8.44 42 .89 0
19:54 758.7 8.39 42 .89 0
19:55 758.7 8.28 41 .89 0
19:56 758.7 8.28 40 .89 0
19:57 758.7 8.28 40 .89 0
19:58 758.7 8.39 37 .45 0
19:59 758.7 8.44 37 .45 0
20:00 758.7 8.44 38 .45 0
20:01 758.7 8.56 38 .45 0
20:02 758.7 8.56 38 0 0
20:03 758.7 8.56 39 0 0
20:04 758.7 8.44 39 0 0
20:05 758.7 8.44 39 0 0
20:06 758.7 8.39 39 0 0
20:07 758.7 8.39 39 0 0
20:08 758.7 8.39 40 0 0
20:09 758.7 8.39 45 0 0
20:10 758.7 8.39 46 0 0
20:11 758.7 8.28 46 0 0
20:12 758.7 8.28 46 0 0
20:13 758.7 8.28 46 0 0
20:14 758.7 8.22 46 0 0
20:15 758.7 8.22 46 0 0
20:16 758.7 8.22 46 0 0
20:17 758.7 8.11 47 0 0
20:18 758.7 8.11 47 0 0
20:19 758.7 8.06 47 0 0
20:20 758.7 8.06 48 0 0
20:21 758.7 8.06 48 0 0
20:22 758.7 8.06 48 0 0
20:23 758.7 7.94 48 0 0
20:24 758.7 7.94 47 0 0
20:25 758.7 7.94 47 0 0
20:26 758.7 7.94 46 0 0
20:27 758.7 7.94 46 0 0
20:28 758.7 7.89 46 0 0
20:29 758.7 7.89 45 0 0
20:30 758.7 7.89 45 0 0
20:31 758.7 7.89 45 0 0
20:32 758.7 7.89 45 0 0
20:33 758.7 7.83 44 0 0
20:34 758.7 7.83 45 0 0
20:35 758.7 7.83 46 0 0
20:36 758.7 7.72 46 0 0
20:37 758.7 7.72 46 0 0
20:38 758.7 7.72 46 0 0
20:39 758.7 7.67 46 0 0
20:40 758.7 7.67 46 0 0
20:41 758.7 7.67 45 0 0
20:42 758.7 7.67 45 0 0
20:43 758.44 7.67 46 0 0
20:44 758.44 7.67 46 0 0
20:45 758.44 7.67 46 0 0
20:46 758.44 7.56 47 0 0
20:47 758.44 7.56 47 0 0
20:48 758.44 7.56 47 0 0
20:49 758.44 7.56 47 0 0
20:50 758.44 7.5 47 0 0
20:51 758.44 7.5 47 0 0
20:52 758.44 7.5 47 0 0
20:53 758.44 7.39 47 0 0
20:54 758.44 7.39 46 0 0
20:55 758.44 7.33 46 0 0
20:56 758.44 7.33 46 0 0
20:57 758.44 7.33 46 0 0
20:58 758.44 7.33 46 0 0
20:59 758.44 7.22 46 0 0
21:00 758.44 7.22 45 0 0
21:01 758.44 7.17 45 0 0
21:02 758.44 7.06 46 0 0
21:03 758.44 7 47 0 0
21:04 758.44 7 47 0 0
21:05 758.44 6.89 48 0 0
21:06 758.44 6.83 47 0 0
21:07 758.44 6.78 48 0 0
21:08 758.44 6.67 48 0 0
21:09 758.44 6.67 47 0 0
21:10 758.44 6.61 48 0 0
21:11 758.44 6.61 49 0 0
21:12 758.44 6.5 49 0 0
21:13 758.44 6.44 49 0 0
21:14 758.44 6.33 49 0 0
21:15 758.44 6.33 49 0 0
21:16 758.44 6.28 47 0 0
21:17 758.44 6.28 47 0 0
21:18 758.44 6.28 46 0 0
21:19 758.44 6.28 47 0 0
21:20 758.44 6.22 47 0 0
21:21 758.44 6.22 46 0 0
21:22 758.44 6.22 46 0 0
21:23 758.44 6.11 46 0 0
21:24 758.44 6.11 47 0 0
21:25 758.44 6.06 48 0 0
21:26 758.44 5.94 47 0 0
21:27 758.44 5.89 47 0 0
21:28 758.44 5.78 47 0 0
21:29 758.44 5.72 47 0 0
21:30 758.44 5.72 46 0 0
21:31 758.44 5.72 46 0 0
21:32 758.44 5.72 46 0 0
21:33 758.44 5.72 47 0 0
21:34 758.44 5.72 48 0 0
21:35 758.44 5.72 48 0 0
21:36 758.44 5.72 48 0 0
21:37 758.44 5.78 49 0 0
21:38 758.44 5.78 49 0 0
21:39 758.44 5.78 49 0 0
21:40 758.44 5.78 50 0 0
21:41 758.44 5.78 50 0 0
21:42 758.44 5.78 49 0 0
21:43 758.19 5.78 47 0 0
21:44 758.19 5.78 47 0 0
21:45 758.19 5.78 47 0 0
21:46 758.19 5.78 47 0 0
21:47 758.19 5.78 47 0 0
21:48 758.19 5.78 48 0 0
21:49 758.19 5.78 48 0 0
21:50 758.19 5.78 49 0 0
21:51 758.19 5.78 50 0 0
21:52 758.19 5.78 50 0 0
21:53 758.19 5.78 50 0 0
21:54 758.19 5.78 50 0 0
21:55 758.19 5.78 50 0 0
21:56 758.19 5.78 49 0 0
21:57 758.19 5.78 49 0 0
21:58 758.19 5.78 49 0 0
21:59 758.19 5.78 49 0 0
22:00 758.19 5.78 49 0 0
22:01 758.19 5.78 50 0 0
22:02 758.19 5.78 50 0 0
22:03 758.19 5.78 50 0 0
22:04 758.19 5.78 50 0 0
22:05 758.19 5.78 50 0 0
22:06 758.19 5.78 49 0 0
22:07 758.19 5.78 49 0 0
22:08 758.19 5.78 49 0 0
22:09 758.19 5.78 49 0 0
22:10 758.19 5.78 49 0 0
22:11 758.19 5.78 50 0 0
22:12 758.19 5.78 50 0 0
22:13 758.19 5.78 50 0 0
22:14 758.19 5.78 50 0 0
22:15 758.19 5.78 50 0 0
22:16 758.19 5.89 50 0 0
22:17 758.19 5.89 50 0 0
22:18 758.19 5.89 50 0 0
22:19 758.19 5.89 50 0 0
22:20 758.19 5.78 50 0 0
22:21 758.19 5.78 50 0 0
22:22 758.19 5.78 50 0 0
22:23 758.19 5.72 50 0 0
22:24 758.19 5.67 51 0 0
22:25 758.19 5.56 51 0 0
22:26 758.19 5.5 51 0 0
22:27 758.19 5.39 52 0 0
22:28 758.19 5.33 53 0 0
22:29 758.19 5.22 54 0 0
22:30 758.19 5.17 52 0 0
22:31 758.19 5.11 52 0 0
22:32 758.19 5.11 51 0 0
22:33 758.19 5 50 0 0
22:34 758.19 5 50 0 0
22:35 758.19 4.94 50 0 0
22:36 758.19 4.94 51 0 0
22:37 758.19 4.83 51 0 0
22:38 758.19 4.78 51 0 0
22:39 758.19 4.67 51 0 0
22:40 758.19 4.67 52 0 0
22:41 758.19 4.61 52 0 0
22:42 758.19 4.56 53 0 0
22:43 758.19 4.56 52 0 0
22:44 758.19 4.56 52 0 0
22:45 758.19 4.44 52 0 0
22:46 758.19 4.44 52 0 0
22:47 758.19 4.39 52 0 0
22:48 758.19 4.39 52 0 0
22:49 758.19 4.39 52 0 0
22:50 758.19 4.39 53 0 0
22:51 758.19 4.39 53 0 0
22:52 758.19 4.44 53 0 0
22:53 758.19 4.44 54 0 0
22:54 758.19 4.44 53 0 0
22:55 758.19 4.56 54 0 0
22:56 758.19 4.56 53 0 0
22:57 758.19 4.56 53 0 0
22:58 758.19 4.61 53 0 0
22:59 758.19 4.61 54 0 0
23:00 758.19 4.56 54 0 0
23:01 758.19 4.56 55 0 0
23:02 758.19 4.56 56 0 0
23:03 758.19 4.44 56 0 0
23:04 758.19 4.39 56 0 0
23:05 758.19 4.39 56 0 0
23:06 758.19 4.39 56 0 0
23:07 758.19 4.39 56 0 0
23:08 758.19 4.28 56 0 0
23:09 758.19 4.28 57 0 0
23:10 758.19 4.28 57 0 0
23:11 758.19 4.28 57 0 0
23:12 758.19 4.28 57 0 0
23:13 758.19 4.28 57 0 0
23:14 758.19 4.22 57 0 0
23:15 758.19 4.22 57 0 0
23:16 758.19 4.22 57 0 0
23:17 758.19 4.22 58 0 0
23:18 758.19 4.22 58 0 0
23:19 758.19 4.22 58 0 0
23:20 758.19 4.22 58 0 0
23:21 758.19 4.11 57 0 0
23:22 758.19 4.11 57 0 0
23:23 758.19 4.11 57 0 0
23:24 758.19 4.11 56 0 0
23:25 758.19 4.11 57 0 0
23:26 758.19 4.11 57 0 0
23:27 758.19 4.11 57 0 0
23:28 757.94 4.11 57 0 0
23:29 757.94 4.11 57 0 0
23:30 757.94 4.11 56 0 0
23:31 757.94 4.11 56 0 0
23:32 757.94 4.11 55 0 0
23:33 757.94 4.11 55 0 0
23:34 757.94 4.11 57 0 0
23:35 757.94 4.06 56 0 0
23:36 757.94 4.06 56 0 0
23:37 757.94 4.06 55 0 0
23:38 757.94 4.06 55 0 0
23:39 757.94 4 57 0 0
23:40 757.94 4 56 0 0
23:41 757.94 4 55 0 0
23:42 757.94 4 55 0 0
23:43 757.94 4 55 0 0
23:44 757.94 4 55 0 0
23:45 757.94 4 54 0 0
23:46 757.94 4 54 0 0
23:47 757.94 4 54 0 0
23:48 757.94 4 54 0 0
23:49 757.94 4 54 0 0
23:50 757.94 4 54 0 0
23:51 757.94 4 55 0 0
23:52 757.94 3.89 56 0 0
23:53 757.94 3.83 57 0 0
23:54 757.94 3.72 57 0 0
23:55 757.94 3.67 58 0 0
23:56 757.94 3.56 59 0 0
23:57 757.94 3.56 58 0 0
23:58 757.94 3.39 60 0 0
23:59 757.94 3.33 60 0 0
