00:00 747.52 4.39 88 2.68 0
00:01 747.78 4.39 88 2.68 0
00:02 747.52 4.39 88 1.79 0
00:03 747.52 4.33 88 2.68 0
00:04 747.52 4.33 88 3.13 0
00:05 747.52 4.33 88 3.58 0
00:06 747.52 4.39 88 5.81 0
00:07 747.52 4.39 88 2.68 0
00:08 747.52 4.39 88 4.02 0
00:09 747.52 4.39 88 4.92 0
00:10 747.52 4.39 88 1.34 0
00:11 747.52 4.39 88 2.24 0
00:12 747.52 4.39 88 3.58 0
00:13 747.52 4.39 88 3.58 0
00:14 747.52 4.39 88 1.34 0
00:15 747.52 4.39 88 3.13 0
00:16 747.52 4.39 88 4.47 0
00:17 747.52 4.39 88 4.92 0
00:18 747.52 4.39 89 2.68 0
00:19 747.52 4.39 89 3.13 0
00:20 747.52 4.39 89 2.24 0
00:21 747.52 4.39 89 2.24 0
00:22 747.52 4.39 89 3.58 0
00:23 747.52 4.39 89 3.13 0
00:24 747.52 4.33 89 4.92 0
00:25 747.52 4.39 89 6.71 0
00:26 747.52 4.39 89 2.68 0
00:27 747.52 4.39 89 3.13 0
00:28 747.52 4.39 89 2.24 0
00:29 747.52 4.39 89 2.68 0
00:30 747.52 4.39 89 .45 0
00:31 747.52 4.39 89 1.79 0
00:32 747.52 4.44 89 1.79 0
00:33 747.52 4.39 89 2.24 0
00:34 747.27 4.44 89 1.34 0
00:35 747.52 4.39 89 2.24 0
00:36 747.52 4.44 89 2.68 0
00:37 747.27 4.44 89 4.92 0
00:38 747.27 4.44 90 4.02 0
00:39 747.27 4.44 89 3.58 0
00:40 747.27 4.44 89 2.68 0
00:41 747.52 4.5 89 2.68 0
00:42 747.27 4.44 89 3.13 0
00:43 747.27 4.44 89 4.47 0
00:44 747.27 4.5 89 3.58 0
00:45 747.27 4.5 89 2.68 0
00:46 747.27 4.5 89 3.13 0
00:47 747.27 4.5 89 2.24 0
00:48 747.52 4.56 90 2.24 0
00:49 747.52 4.56 90 2.68 0
00:50 747.27 4.56 90 2.68 0
00:51 747.27 4.61 90 4.47 0
00:52 747.27 4.56 90 1.79 0
00:53 747.27 4.61 90 2.24 0
00:54 747.27 4.61 90 2.24 0
00:55 747.27 4.67 90 2.24 0
00:56 747.27 4.61 90 3.13 0
00:57 747.27 4.67 90 1.79 0
00:58 747.27 4.61 90 2.68 0
00:59 747.27 4.67 90 2.68 0
01:00 747.52 4.67 90 4.02 0
01:01 747.27 4.67 90 3.58 0
01:02 747.27 4.67 90 2.24 0
01:03 747.27 4.72 90 3.58 0
01:04 747.27 4.72 90 4.02 0
01:05 747.27 4.72 90 4.47 0
01:06 747.27 4.78 90 2.68 0
01:07 747.27 4.72 90 1.79 0
01:08 747.27 4.72 90 4.02 0
01:09 747.27 4.78 90 2.24 0
01:10 747.27 4.78 89 4.47 0
01:11 747.27 4.78 90 3.58 0
01:12 747.27 4.78 90 3.13 0
01:13 747.27 4.78 90 4.02 0
01:14 747.27 4.78 90 3.13 0
01:15 747.27 4.78 90 2.68 0
01:16 747.27 4.78 90 4.02 0
01:17 747.27 4.78 90 4.47 0
01:18 747.27 4.83 90 2.68 0
01:19 747.01 4.83 90 4.47 0
01:20 747.27 4.89 90 2.68 0
01:21 747.01 4.83 90 2.68 0
01:22 747.27 4.89 90 1.34 0
01:23 747.01 4.89 90 2.24 0
01:24 747.01 4.89 90 2.24 0
01:25 747.27 4.89 90 4.47 0
01:26 747.01 4.94 90 3.58 0
01:27 747.01 4.94 90 2.24 0
01:28 747.01 4.94 90 3.58 0
01:29 747.01 4.94 90 2.24 0
01:30 747.01 5 90 2.24 0
01:31 747.01 5 90 3.13 0
01:32 747.01 4.94 90 2.24 0
01:33 747.01 5.06 90 2.68 0
01:34 747.01 5.06 90 2.24 0
01:35 747.01 5 90 2.68 0
01:36 747.01 5.06 90 2.24 0
01:37 747.01 5.06 90 2.68 0
01:38 747.01 5.11 90 2.24 0
01:39 747.01 5.06 90 2.24 0
01:40 747.01 5.11 90 4.47 0
01:41 747.01 5.11 90 3.58 0
01:42 747.01 5.11 90 4.02 0
01:43 747.01 5.17 90 4.92 0
01:44 747.01 5.17 90 4.47 0
01:45 747.01 5.17 90 1.79 0
01:46 747.01 5.22 90 4.47 0
01:47 747.01 5.22 90 3.58 0
01:48 747.01 5.22 90 1.79 0
01:49 747.01 5.28 90 2.68 0
01:50 747.01 5.33 90 2.24 0
01:51 747.01 5.28 90 3.58 0
01:52 747.01 5.28 90 4.02 0
01:53 747.01 5.33 90 3.13 0
01:54 747.01 5.33 90 1.34 0
01:55 747.01 5.33 90 2.68 0
01:56 747.01 5.33 90 1.79 0
01:57 747.01 5.39 90 3.13 0
01:58 747.01 5.33 90 3.58 0
01:59 747.01 5.39 90 5.36 0
02:00 747.01 5.39 90 2.68 0
02:01 747.01 5.39 90 4.92 0
02:02 747.01 5.44 90 4.92 0
02:03 747.01 5.44 90 2.68 0
02:04 747.01 5.44 90 2.24 0
02:05 747.01 5.44 90 3.13 0
02:06 747.01 5.44 90 3.58 0
02:07 747.01 5.5 91 1.34 0
02:08 747.01 5.5 91 3.13 0
02:09 747.01 5.5 91 1.79 0
02:10 747.01 5.5 91 .89 0
02:11 747.01 5.56 91 2.68 0
02:12 747.01 5.5 91 4.02 0
02:13 747.01 5.56 91 4.02 0
02:14 747.01 5.56 91 4.92 0
02:15 747.01 5.61 91 3.58 0
02:16 747.01 5.61 91 4.47 0
02:17 747.01 5.56 91 5.36 0
02:18 747.01 5.61 91 2.24 0
02:19 747.01 5.61 91 3.58 0
02:20 747.01 5.67 91 1.34 0
02:21 747.01 5.67 91 1.79 0
02:22 747.01 5.61 91 2.24 0
02:23 747.01 5.67 91 3.58 0
02:24 747.01 5.67 91 .89 0
02:25 747.01 5.67 91 2.24 0
02:26 747.01 5.72 91 3.13 0
02:27 747.01 5.72 91 .89 0
02:28 747.01 5.72 91 1.79 0
02:29 747.01 5.72 91 2.68 0
02:30 747.01 5.72 91 3.58 0
02:31 747.01 5.78 91 1.34 0
02:32 747.01 5.78 91 1.34 0
02:33 747.01 5.78 91 2.68 0
02:34 747.01 5.78 91 2.68 0
02:35 747.01 5.78 91 1.34 0
02:36 747.01 5.83 91 3.13 0
02:37 747.01 5.83 91 3.58 0
02:38 746.76 5.83 91 3.58 0
02:39 747.01 5.83 91 2.68 0
02:40 747.01 5.89 91 3.58 0
02:41 747.01 5.89 91 2.68 0
02:42 747.01 5.94 91 .89 0
02:43 747.01 5.94 91 3.13 0
02:44 747.01 5.94 91 3.13 0
02:45 747.01 6 91 1.79 0
02:46 747.01 5.94 91 4.02 0
02:47 747.01 6 91 4.02 0
02:48 747.01 6.06 91 3.13 0
02:49 746.76 6 91 3.13 0
02:50 746.76 6.06 91 1.79 0
02:51 747.01 6.11 91 4.02 0
02:52 747.01 6.11 91 3.13 0
02:53 747.01 6.11 91 1.79 0
02:54 746.76 6.17 91 2.24 0
02:55 747.01 6.17 91 4.47 0
02:56 747.01 6.17 91 2.68 0
02:57 746.76 6.22 91 3.58 0
02:58 747.01 6.22 91 3.58 0
02:59 747.01 6.22 91 3.13 0
03:00 747.01 6.22 91 2.68 0
03:01 746.76 6.28 91 1.79 0
03:02 746.76 6.28 91 1.34 0
03:03 747.01 6.28 91 1.79 0
03:04 746.76 6.28 91 1.34 0
03:05 746.76 6.28 91 3.58 0
03:06 747.01 6.28 91 4.02 0
03:07 746.76 6.33 91 1.79 0
03:08 746.76 6.39 91 3.58 0
03:09 746.76 6.39 91 4.02 0
03:10 746.76 6.39 91 3.13 0
03:11 747.01 6.44 91 3.58 0
03:12 747.01 6.44 91 2.68 0
03:13 746.76 6.44 91 3.13 0
03:14 746.76 6.44 91 3.13 0
03:15 746.76 6.5 91 3.13 0
03:16 746.76 6.5 91 4.47 0
03:17 746.76 6.5 91 5.81 0
03:18 746.76 6.5 91 3.58 0
03:19 747.01 6.56 91 4.02 0
03:20 747.01 6.56 91 4.92 0
03:21 747.01 6.5 91 2.68 0
03:22 747.01 6.56 91 4.47 0
03:23 746.76 6.56 91 5.81 0
03:24 747.01 6.56 91 3.13 0
03:25 746.76 6.56 91 4.02 0
03:26 747.01 6.56 91 3.13 0
03:27 746.76 6.56 91 2.24 0
03:28 746.76 6.56 91 4.02 0
03:29 746.76 6.56 91 1.34 0
03:30 746.76 6.56 91 1.79 0
03:31 746.76 6.61 91 2.68 0
03:32 746.76 6.61 91 1.79 0
03:33 747.01 6.56 91 4.47 0
03:34 747.01 6.56 91 5.36 0
03:35 747.01 6.61 91 4.02 0
03:36 747.01 6.61 91 1.79 0
03:37 747.01 6.61 92 .45 0
03:38 747.01 6.67 91 3.58 0
03:39 747.01 6.61 92 4.47 0
03:40 747.01 6.67 92 2.24 0
03:41 747.01 6.67 92 4.02 0
03:42 747.01 6.67 92 4.02 0
03:43 747.01 6.67 92 4.47 0
03:44 747.01 6.67 92 3.13 0
03:45 747.01 6.72 92 4.47 0
03:46 746.76 6.67 92 1.34 0
03:47 746.76 6.72 92 2.24 0
03:48 746.76 6.72 92 4.02 0
03:49 746.76 6.72 92 6.26 0
03:50 746.76 6.72 92 5.36 0
03:51 746.76 6.78 92 4.02 0
03:52 746.76 6.78 92 4.02 0
03:53 746.76 6.78 92 .89 0
03:54 746.76 6.78 92 1.79 0
03:55 746.76 6.78 92 2.24 0
03:56 747.01 6.78 92 3.58 0
03:57 747.01 6.78 92 4.02 0
03:58 746.76 6.78 92 2.68 0
03:59 746.76 6.78 92 3.58 0
04:00 746.76 6.78 92 4.47 0
04:01 746.76 6.83 92 1.34 0
04:02 747.01 6.78 92 2.68 0
04:03 747.01 6.78 92 5.36 0
04:04 746.76 6.83 92 2.24 0
04:05 747.01 6.83 92 4.92 0
04:06 746.76 6.83 92 2.24 0
04:07 746.76 6.83 92 3.58 0
04:08 747.01 6.83 92 2.68 0
04:09 747.01 6.89 92 2.68 0
04:10 746.76 6.83 92 3.13 0
04:11 747.01 6.89 92 4.02 0
04:12 747.01 6.83 92 1.79 0
04:13 747.01 6.89 92 4.47 0
04:14 747.01 6.89 92 4.02 0
04:15 747.01 6.89 92 2.24 0
04:16 747.01 6.89 92 2.68 0
04:17 747.01 6.89 92 1.34 0
04:18 747.01 6.89 92 4.02 0
04:19 747.01 6.89 92 2.68 0
04:20 747.01 6.94 92 3.58 0
04:21 747.01 6.94 92 3.58 0
04:22 747.01 6.94 92 4.02 0
04:23 747.01 6.94 92 1.79 0
04:24 747.01 6.94 92 1.34 0
04:25 747.01 6.94 92 1.79 0
04:26 747.01 7 92 3.58 0
04:27 747.01 7 92 4.02 0
04:28 747.01 7 92 3.13 0
04:29 747.01 7.06 92 1.34 0
04:30 747.01 7.06 92 1.79 0
04:31 747.01 7.06 92 3.13 0
04:32 747.01 7.06 91 2.68 0
04:33 747.01 7.06 91 3.58 0
04:34 747.01 7.06 91 1.79 0
04:35 747.01 7.11 91 .89 0
04:36 747.01 7.11 92 2.24 0
04:37 747.01 7.11 92 .89 0
04:38 747.01 7.11 91 .45 0
04:39 747.01 7.11 92 .89 0
04:40 747.01 7.11 92 2.24 0
04:41 747.01 7.11 92 3.58 0
04:42 747.01 7.17 91 1.34 0
04:43 747.01 7.17 91 1.79 0
04:44 747.01 7.17 91 3.58 0
04:45 747.01 7.17 91 1.34 0
04:46 747.01 7.17 92 4.47 0
04:47 747.01 7.22 92 .89 0
04:48 747.01 7.22 92 4.02 0
04:49 747.01 7.22 92 .89 0
04:50 747.01 7.22 92 1.34 0
04:51 747.01 7.28 92 1.79 0
04:52 747.01 7.22 92 .89 0
04:53 747.01 7.28 92 1.34 0
04:54 747.01 7.28 92 1.79 0
04:55 747.01 7.28 92 1.79 0
04:56 747.01 7.28 92 3.13 0
04:57 747.01 7.28 92 4.92 0
04:58 747.01 7.28 92 1.34 0
04:59 747.01 7.33 92 4.02 0
05:00 747.01 7.33 92 3.13 0
05:01 747.01 7.39 92 1.79 0
05:02 747.01 7.33 92 1.34 0
05:03 747.01 7.33 92 .89 0
05:04 747.01 7.39 92 3.13 0
05:05 747.01 7.39 92 .89 0
05:06 747.01 7.39 92 4.02 0
05:07 747.01 7.39 92 3.58 0
05:08 747.01 7.44 92 1.34 0
05:09 747.01 7.44 92 3.58 0
05:10 747.01 7.44 92 3.13 0
05:11 747.01 7.39 92 2.24 0
05:12 747.01 7.44 92 1.79 0
05:13 747.01 7.44 92 1.79 0
05:14 747.01 7.44 92 2.24 0
05:15 747.01 7.44 92 1.79 0
05:16 747.01 7.44 92 3.58 0
05:17 747.01 7.5 92 3.13 0
05:18 747.01 7.5 92 2.68 0
05:19 747.01 7.5 92 4.92 0
05:20 747.01 7.5 92 .45 0
05:21 747.01 7.56 92 2.24 0
05:22 747.01 7.56 92 3.13 0
05:23 747.01 7.56 92 3.13 0
05:24 747.01 7.56 92 3.13 0
05:25 747.01 7.56 92 3.13 0
05:26 747.01 7.56 92 3.58 0
05:27 747.01 7.56 92 4.47 0
05:28 747.01 7.61 92 3.13 0
05:29 747.01 7.61 92 3.58 0
05:30 747.01 7.61 92 .89 0
05:31 747.01 7.61 92 4.47 0
05:32 747.01 7.67 92 2.68 0
05:33 747.01 7.67 92 2.68 0
05:34 747.01 7.67 92 1.79 0
05:35 747.01 7.67 92 3.13 0
05:36 747.01 7.72 92 1.34 0
05:37 747.01 7.72 92 4.47 0
05:38 747.01 7.72 92 1.79 0
05:39 747.01 7.72 92 1.34 0
05:40 747.01 7.72 92 3.13 0
05:41 747.01 7.72 92 4.92 0
05:42 747.01 7.78 92 1.79 0
05:43 747.01 7.78 92 1.79 0
05:44 747.01 7.78 92 5.81 0
05:45 747.01 7.78 92 4.47 0
05:46 747.01 7.83 92 3.13 0
05:47 747.01 7.83 92 2.68 0
05:48 747.01 7.83 92 2.24 0
05:49 747.01 7.83 92 1.79 0
05:50 747.01 7.89 92 3.13 0
05:51 747.01 7.89 92 4.02 0
05:52 747.01 7.83 92 2.24 0
05:53 747.01 7.89 92 .89 0
05:54 747.01 7.89 92 3.13 0
05:55 747.01 7.89 92 1.34 0
05:56 747.01 7.89 92 3.13 0
05:57 747.01 7.89 92 1.79 0
05:58 747.01 7.89 92 1.79 0
05:59 747.01 7.94 92 3.13 0
06:00 747.01 7.94 92 4.02 0
06:01 747.01 8 92 3.13 0
06:02 747.01 8 92 1.79 0
06:03 747.01 8 92 1.34 0
06:04 747.01 8 92 2.68 0
06:05 747.27 8.06 92 2.24 0
06:06 747.01 8 92 2.68 0
06:07 747.27 8.06 92 1.34 0
06:08 747.27 8.06 92 1.79 0
06:09 747.27 8.06 92 3.13 0
06:10 747.01 8.06 92 3.58 0
06:11 747.27 8.06 92 1.34 0
06:12 747.27 8.06 92 2.68 0
06:13 747.01 8.06 92 1.79 0
06:14 747.27 8.06 92 3.13 0
06:15 747.01 8.11 92 1.34 0
06:16 747.01 8.11 92 3.58 0
06:17 747.01 8.11 92 3.13 0
06:18 747.01 8.17 92 4.92 0
06:19 747.01 8.11 92 1.34 0
06:20 747.01 8.17 92 1.79 0
06:21 747.01 8.17 92 2.24 0
06:22 747.01 8.17 92 3.58 0
06:23 747.01 8.22 92 2.24 0
06:24 747.01 8.22 92 3.13 0
06:25 747.01 8.22 92 0 0
06:26 747.01 8.17 92 3.58 0
06:27 747.01 8.22 92 1.34 0
06:28 747.01 8.22 92 .89 0
06:29 747.01 8.22 92 1.79 0
06:30 747.01 8.28 92 3.13 0
06:31 747.01 8.28 92 1.34 0
06:32 747.01 8.33 92 1.79 0
06:33 747.01 8.28 92 2.24 0
06:34 747.01 8.28 92 1.79 0
06:35 747.01 8.28 92 3.58 0
06:36 747.27 8.33 92 3.13 0
06:37 747.01 8.28 92 .89 0
06:38 747.01 8.33 92 1.79 0
06:39 747.27 8.33 92 4.02 0
06:40 747.27 8.39 92 3.58 0
06:41 747.27 8.33 92 4.92 0
06:42 747.27 8.33 92 2.24 0
06:43 747.27 8.39 92 2.24 0
06:44 747.27 8.39 92 2.24 0
06:45 747.27 8.44 92 1.79 0
06:46 747.27 8.44 92 1.79 0
06:47 747.27 8.44 92 2.68 0
06:48 747.27 8.44 92 1.79 0
06:49 747.27 8.44 92 2.68 0
06:50 747.27 8.44 92 .89 0
06:51 747.27 8.44 92 3.13 0
06:52 747.27 8.44 92 2.68 0
06:53 747.27 8.44 92 1.34 0
06:54 747.27 8.44 92 1.34 0
06:55 747.27 8.44 92 3.58 0
06:56 747.27 8.5 92 3.58 0
06:57 747.27 8.5 92 3.58 0
06:58 747.27 8.5 92 .89 0
06:59 747.27 8.5 92 3.13 0
07:00 747.27 8.5 92 .89 0
07:01 747.27 8.5 92 1.79 0
07:02 747.27 8.56 92 1.79 0
07:03 747.27 8.56 92 1.79 0
07:04 747.27 8.61 92 1.34 0
07:05 747.27 8.56 92 2.68 0
07:06 747.27 8.56 92 4.02 0
07:07 747.27 8.56 92 1.79 0
07:08 747.27 8.61 92 1.34 0
07:09 747.27 8.61 92 4.47 0
07:10 747.27 8.61 92 3.13 0
07:11 747.27 8.67 92 3.13 0
07:12 747.27 8.67 92 2.68 0
07:13 747.27 8.67 92 4.02 0
07:14 747.27 8.67 92 4.47 0
07:15 747.27 8.72 92 3.13 0
07:16 747.27 8.72 92 3.58 0
07:17 747.27 8.72 92 .89 0
07:18 747.27 8.72 92 2.68 0
07:19 747.27 8.72 92 2.24 0
07:20 747.27 8.78 92 1.79 0
07:21 747.27 8.78 92 3.13 0
07:22 747.27 8.78 92 2.68 0
07:23 747.27 8.78 92 3.58 0
07:24 747.27 8.78 92 2.68 0
07:25 747.27 8.83 92 1.34 0
07:26 747.27 8.83 92 4.92 0
07:27 747.52 8.83 91 1.79 0
07:28 747.27 8.89 91 2.24 0
07:29 747.27 8.89 91 2.24 0
07:30 747.52 8.89 91 2.68 0
07:31 747.27 8.89 91 3.58 0
07:32 747.27 8.89 91 4.02 0
07:33 747.27 8.94 91 .89 0
07:34 747.52 8.94 91 4.02 0
07:35 747.27 8.94 91 2.24 0
07:36 747.52 9 91 3.13 0
07:37 747.52 9 91 2.24 0
07:38 747.52 8.94 91 3.13 0
07:39 747.52 8.94 91 1.79 0
07:40 747.52 9 91 .45 0
07:41 747.52 9 91 1.34 0
07:42 747.52 9 91 3.13 0
07:43 747.52 9 91 1.34 0
07:44 747.52 9.06 91 2.68 0
07:45 747.52 9 91 1.34 0
07:46 747.52 9.06 91 1.34 0
07:47 747.52 9.06 91 3.13 0
07:48 747.52 9.11 91 1.79 0
07:49 747.52 9.11 91 4.47 0
07:50 747.52 9.11 91 1.79 0
07:51 747.52 9.17 91 3.58 0
07:52 747.52 9.17 91 5.36 0
07:53 747.52 9.17 91 4.02 0
07:54 747.52 9.17 91 2.68 0
07:55 747.52 9.22 91 3.13 0
07:56 747.52 9.17 91 2.68 0
07:57 747.52 9.22 91 1.79 0
07:58 747.52 9.22 91 4.02 0
07:59 747.52 9.28 91 4.47 0
08:00 747.52 9.28 91 4.02 0
08:01 747.52 9.28 91 1.79 0
08:02 747.52 9.33 91 1.34 0
08:03 747.52 9.33 91 3.13 0
08:04 747.52 9.33 91 1.79 0
08:05 747.52 9.33 91 2.24 0
08:06 747.52 9.33 91 .89 0
08:07 747.52 9.33 91 2.68 0
08:08 747.52 9.39 91 .89 0
08:09 747.52 9.33 91 1.34 0
08:10 747.52 9.39 91 1.79 0
08:11 747.52 9.39 91 1.79 0
08:12 747.52 9.33 91 2.68 0
08:13 747.52 9.39 91 1.34 0
08:14 747.52 9.39 91 3.13 0
08:15 747.52 9.44 90 1.34 0
08:16 747.52 9.44 90 3.13 0
08:17 747.52 9.44 90 3.13 0
08:18 747.52 9.5 90 1.34 0
08:19 747.52 9.5 90 2.68 0
08:20 747.52 9.56 91 1.34 0
08:21 747.52 9.5 91 1.34 0
08:22 747.52 9.56 91 3.13 0
08:23 747.52 9.56 90 1.34 0
08:24 747.52 9.56 90 3.58 0
08:25 747.52 9.61 90 1.79 0
08:26 747.52 9.61 90 3.13 0
08:27 747.52 9.61 90 3.13 0
08:28 747.52 9.61 90 4.02 0
08:29 747.52 9.67 90 2.24 0
08:30 747.52 9.67 90 4.47 0
08:31 747.52 9.67 90 1.34 0
08:32 747.52 9.67 90 1.79 0
08:33 747.52 9.72 90 .89 0
08:34 747.52 9.72 90 2.24 0
08:35 747.52 9.78 90 3.58 0
08:36 747.52 9.78 90 1.79 0
08:37 747.52 9.83 90 3.58 0
08:38 747.52 9.83 89 2.68 0
08:39 747.52 9.89 89 .89 0
08:40 747.52 9.89 89 2.24 0
08:41 747.52 9.94 89 1.79 0
08:42 747.52 10 89 4.92 0
08:43 747.52 10 89 1.79 0
08:44 747.52 10.06 89 1.34 0
08:45 747.52 10.06 89 1.79 0
08:46 747.52 10.06 89 1.79 0
08:47 747.52 10.11 89 2.68 0
08:48 747.52 10.17 89 3.13 0
08:49 747.52 10.22 88 3.58 0
08:50 747.52 10.28 88 2.68 0
08:51 747.52 10.28 88 4.02 0
08:52 747.52 10.28 88 3.58 0
08:53 747.52 10.33 88 4.02 0
08:54 747.52 10.33 88 2.24 0
08:55 747.52 10.33 88 4.02 0
08:56 747.52 10.33 87 5.36 0
08:57 747.52 10.39 87 5.81 0
08:58 747.52 10.33 87 4.47 0
08:59 747.52 10.39 87 5.36 0
09:00 747.52 10.39 87 4.47 0
09:01 747.52 10.39 87 1.34 0
09:02 747.52 10.44 88 1.79 0
09:03 747.52 10.44 88 4.02 0
09:04 747.52 10.5 88 3.13 0
09:05 747.52 10.5 87 .89 0
09:06 747.52 10.5 87 .45 0
09:07 747.52 10.56 87 3.58 0
09:08 747.52 10.5 87 1.79 0
09:09 747.52 10.5 87 .45 0
09:10 747.52 10.5 87 1.34 0
09:11 747.52 10.56 87 4.47 0
09:12 747.78 10.56 87 1.34 0
09:13 747.52 10.56 87 4.02 0
09:14 747.52 10.61 87 1.34 0
09:15 747.52 10.61 87 .89 0
09:16 747.52 10.61 87 3.58 0
09:17 747.78 10.67 87 4.47 0
09:18 747.52 10.61 87 2.68 0
09:19 747.52 10.61 87 2.24 0
09:20 747.52 10.61 87 3.58 0
09:21 747.78 10.61 87 1.34 0
09:22 747.78 10.61 87 3.13 0
09:23 747.52 10.61 87 4.02 0
09:24 747.78 10.61 86 4.47 0
09:25 747.52 10.61 86 1.79 0
09:26 747.78 10.61 87 4.92 0
09:27 747.78 10.61 87 1.79 0
09:28 747.78 10.61 87 5.81 0
09:29 747.78 10.56 86 2.68 0
09:30 747.78 10.56 86 2.68 0
09:31 747.78 10.61 86 1.79 0
09:32 747.78 10.56 86 4.92 0
09:33 747.78 10.56 86 1.34 0
09:34 747.78 10.56 86 4.02 0
09:35 747.78 10.5 86 2.24 0
09:36 747.78 10.56 86 3.13 0
09:37 747.78 10.56 86 .89 0
09:38 747.78 10.56 86 2.68 0
09:39 747.78 10.56 87 .89 0
09:40 747.78 10.56 87 1.79 0
09:41 747.78 10.56 87 4.02 0
09:42 747.78 10.56 86 4.02 0
09:43 747.78 10.56 86 2.68 0
09:44 747.78 10.56 86 .89 0
09:45 747.52 10.61 87 2.24 0
09:46 747.78 10.61 86 2.24 0
09:47 747.52 10.61 86 1.79 0
09:48 747.78 10.67 86 4.47 0
09:49 747.78 10.72 86 2.24 0
09:50 747.52 10.78 86 1.79 0
09:51 747.52 10.78 86 2.68 0
09:52 747.52 10.78 86 4.47 0
09:53 747.52 10.83 86 1.34 0
09:54 747.52 10.83 86 3.58 0
09:55 747.52 10.89 86 .89 0
09:56 747.52 10.89 86 4.02 0
09:57 747.52 10.94 85 1.34 0
09:58 747.52 10.94 85 4.02 0
09:59 747.52 11 85 3.58 0
10:00 747.52 11.06 85 3.58 0
10:01 747.52 11.11 85 5.81 0
10:02 747.52 11.22 84 5.81 0
10:03 747.78 11.28 84 4.47 0
10:04 747.78 11.33 84 4.47 0
10:05 747.52 11.33 84 4.47 0
10:06 747.78 11.33 84 5.36 0
10:07 747.78 11.33 84 6.26 0
10:08 747.78 11.33 83 2.68 0
10:09 747.78 11.28 84 3.58 0
10:10 747.52 11.28 83 4.02 0
10:11 747.78 11.28 83 2.68 0
10:12 747.52 11.28 84 4.02 0
10:13 747.52 11.28 84 4.92 0
10:14 747.52 11.28 84 3.13 0
10:15 747.52 11.22 84 1.79 0
10:16 747.52 11.28 84 4.47 0
10:17 747.52 11.28 84 5.81 0
10:18 747.52 11.28 83 4.02 0
10:19 747.78 11.22 83 3.13 0
10:20 747.52 11.22 84 3.58 0
10:21 747.78 11.22 84 2.68 0
10:22 747.52 11.22 84 1.34 0
10:23 747.78 11.22 83 3.58 0
10:24 747.52 11.22 83 4.47 0
10:25 747.52 11.22 83 4.02 0
10:26 747.52 11.22 83 3.58 0
10:27 747.52 11.22 83 4.02 0
10:28 747.52 11.22 83 1.79 0
10:29 747.52 11.28 83 4.92 0
10:30 747.52 11.28 83 4.47 0
10:31 747.52 11.33 83 2.24 0
10:32 747.52 11.33 83 1.79 0
10:33 747.52 11.39 83 5.81 0
10:34 747.52 11.39 82 2.24 0
10:35 747.52 11.39 82 4.47 0
10:36 747.52 11.39 82 3.13 0
10:37 747.52 11.39 82 4.02 0
10:38 747.52 11.44 83 3.13 0
10:39 747.52 11.44 83 5.81 0
10:40 747.52 11.5 82 4.02 0
10:41 747.52 11.56 82 3.58 0
10:42 747.52 11.61 82 2.68 0
10:43 747.52 11.61 82 4.02 0
10:44 747.52 11.67 82 3.13 0
10:45 747.52 11.72 82 4.92 0
10:46 747.78 11.72 82 4.47 0
10:47 747.52 11.72 82 2.24 0
10:48 747.78 11.78 82 3.13 0
10:49 747.78 11.78 82 3.13 0
10:50 747.78 11.78 82 4.02 0
10:51 747.78 11.83 82 5.36 0
10:52 747.78 11.78 82 6.26 0
10:53 747.78 11.83 81 6.71 0
10:54 747.78 11.83 81 4.02 0
10:55 747.78 11.83 81 5.36 0
10:56 747.78 11.78 81 4.02 0
10:57 747.52 11.78 81 4.02 0
10:58 747.52 11.83 81 3.58 0
10:59 747.52 11.89 81 4.47 0
11:00 747.78 11.89 81 3.13 0
11:01 747.78 11.89 81 3.13 0
11:02 747.52 11.94 81 4.02 0
11:03 747.78 12 81 3.13 0
11:04 747.52 12 81 4.02 0
11:05 747.78 12 81 2.68 0
11:06 747.78 12 81 3.13 0
11:07 747.78 12.06 81 4.47 0
11:08 747.78 12 81 2.68 0
11:09 747.78 12 81 3.13 0
11:10 747.78 12 81 2.24 0
11:11 747.78 12 80 4.47 0
11:12 747.78 12 80 4.02 0
11:13 747.78 12 80 5.36 0
11:14 747.78 12 80 5.81 0
11:15 747.78 12.06 80 5.81 0
11:16 747.78 12.06 80 5.36 0
11:17 747.78 12.06 80 5.36 0
11:18 747.78 12.06 79 5.81 0
11:19 747.78 12.11 80 2.24 0
11:20 747.78 12.17 80 3.13 0
11:21 747.78 12.28 80 1.34 0
11:22 747.52 12.28 80 1.34 0
11:23 747.78 12.39 81 3.13 0
11:24 747.52 12.44 80 2.24 0
11:25 747.52 12.5 80 4.02 0
11:26 747.52 12.56 79 4.47 0
11:27 747.52 12.67 79 2.24 0
11:28 747.52 12.72 79 1.79 0
11:29 747.52 12.78 78 4.92 0
11:30 747.52 12.83 78 4.47 0
11:31 747.52 12.83 78 5.81 0
11:32 747.52 12.78 78 3.13 0
11:33 747.52 12.78 78 3.13 0
11:34 747.52 12.83 78 2.68 0
11:35 747.52 12.89 78 3.58 0
11:36 747.52 12.94 77 2.68 0
11:37 747.52 13 78 5.36 0
11:38 747.52 13.06 78 4.47 0
11:39 747.52 13.06 77 3.58 0
11:40 747.52 13.06 77 3.58 0
11:41 747.52 13 77 4.47 0
11:42 747.52 12.89 77 3.58 0
11:43 747.52 12.83 77 2.68 0
11:44 747.52 12.83 78 5.36 0
11:45 747.52 12.78 78 4.92 0
11:46 747.52 12.72 78 4.02 0
11:47 747.52 12.67 78 4.92 0
11:48 747.52 12.67 78 4.02 0
11:49 747.52 12.61 78 4.02 0
11:50 747.52 12.61 78 4.02 0
11:51 747.52 12.56 78 4.02 0
11:52 747.52 12.56 78 4.02 0
11:53 747.52 12.5 78 3.58 0
11:54 747.52 12.56 78 3.58 0
11:55 747.52 12.5 78 3.58 0
11:56 747.52 12.44 78 5.36 0
11:57 747.52 12.44 78 2.68 0
11:58 747.52 12.44 78 3.58 0
11:59 747.52 12.44 78 3.58 0
12:00 747.52 12.44 79 1.34 0
12:01 747.52 12.44 79 1.79 0
12:02 747.52 12.5 79 2.68 0
12:03 747.52 12.5 79 4.47 0
12:04 747.52 12.44 79 4.92 0
12:05 747.52 12.44 79 3.58 0
12:06 747.52 12.44 79 2.24 0
12:07 747.52 12.39 79 2.68 0
12:08 747.52 12.39 79 3.58 0
12:09 747.52 12.33 79 4.92 0
12:10 747.52 12.39 79 3.58 0
12:11 747.78 12.33 80 1.34 0
12:12 747.52 12.33 80 1.79 0
12:13 747.52 12.39 80 4.02 0
12:14 747.52 12.33 80 .89 0
12:15 747.52 12.39 80 1.79 0
12:16 747.52 12.39 80 3.13 0
12:17 747.52 12.39 80 3.13 0
12:18 747.52 12.44 80 3.58 0
12:19 747.52 12.44 79 3.58 0
12:20 747.52 12.44 80 3.13 0
12:21 747.52 12.44 80 2.24 0
12:22 747.52 12.44 80 5.81 0
12:23 747.27 12.44 80 4.02 0
12:24 747.27 12.44 80 4.92 0
12:25 747.52 12.44 80 2.24 0
12:26 747.27 12.44 80 2.68 0
12:27 747.27 12.44 80 2.68 0
12:28 747.27 12.44 80 3.58 0
12:29 747.27 12.44 80 3.13 0
12:30 747.52 12.44 80 3.58 0
12:31 747.52 12.39 80 1.79 0
12:32 747.52 12.39 80 2.24 0
12:33 747.52 12.39 80 3.13 0
12:34 747.52 12.33 80 4.47 0
12:35 747.52 12.33 80 2.24 0
12:36 747.52 12.33 80 2.68 0
12:37 747.52 12.33 80 4.02 0
12:38 747.52 12.33 80 2.24 0
12:39 747.52 12.28 81 1.79 0
12:40 747.52 12.28 81 3.58 0
12:41 747.27 12.28 81 2.24 0
12:42 747.52 12.28 81 2.24 0
12:43 747.27 12.28 81 2.68 0
12:44 747.27 12.28 81 1.79 0
12:45 747.52 12.22 81 3.58 0
12:46 747.27 12.28 81 2.24 0
12:47 747.27 12.22 81 2.24 0
12:48 747.27 12.22 81 1.79 0
12:49 747.27 12.22 82 1.79 0
12:50 747.27 12.17 82 3.13 0
12:51 747.27 12.17 82 1.34 0
12:52 747.27 12.17 82 3.58 0
12:53 747.27 12.17 82 2.24 0
12:54 747.27 12.17 82 3.58 0
12:55 747.27 12.17 82 3.13 0
12:56 747.27 12.22 82 2.68 0
12:57 747.27 12.22 82 2.68 0
12:58 747.27 12.17 82 2.68 0
12:59 747.27 12.17 82 1.79 0
13:00 747.27 12.17 82 2.68 0
13:01 747.27 12.22 83 1.79 0
13:02 747.27 12.17 83 3.13 0
13:03 747.27 12.17 83 2.24 0
13:04 747.27 12.17 83 4.02 0
13:05 747.27 12.17 83 2.24 0
13:06 747.27 12.17 83 2.68 0
13:07 747.27 12.22 83 2.24 0
13:08 747.27 12.17 83 4.02 0
13:09 747.27 12.22 83 3.58 0
13:10 747.27 12.22 83 1.34 0
13:11 747.27 12.22 83 2.24 0
13:12 747.27 12.22 83 2.24 0
13:13 747.27 12.22 84 2.24 0
13:14 747.27 12.17 84 2.68 0
13:15 747.27 12.11 84 3.58 0
13:16 747.27 12.11 84 2.24 0
13:17 747.27 12.06 84 1.34 0
13:18 747.27 12.06 85 2.68 0
13:19 747.27 12.06 85 3.13 0
13:20 747.01 12 85 4.02 0
13:21 747.01 12 85 1.79 0
13:22 747.27 11.94 85 2.24 0
13:23 747.27 11.94 85 2.24 0
13:24 747.01 11.89 86 4.02 0
13:25 747.27 11.89 85 4.02 0
13:26 747.27 11.89 86 3.13 0
13:27 747.27 11.83 86 3.13 0
13:28 747.27 11.89 86 4.02 0
13:29 747.27 11.89 86 1.79 0
13:30 747.01 11.89 86 2.68 0
13:31 747.01 11.89 86 2.24 0
13:32 747.01 11.89 86 2.24 0
13:33 747.01 11.89 86 3.13 0
13:34 747.01 11.89 86 3.58 0
13:35 747.01 11.89 86 2.68 0
13:36 747.01 11.89 86 1.79 0
13:37 747.01 11.89 86 4.47 0
13:38 747.01 11.89 86 2.24 0
13:39 747.01 11.94 86 4.92 0
13:40 747.01 11.94 85 2.24 0
13:41 747.01 11.94 85 2.68 0
13:42 747.01 11.94 85 1.79 0
13:43 747.01 12 85 4.02 0
13:44 747.01 12 85 2.68 0
13:45 747.01 12 85 2.68 0
13:46 747.01 12.06 85 3.58 0
13:47 747.01 12.06 85 4.47 0
13:48 747.01 12.06 84 5.36 0
13:49 747.01 12.06 84 2.68 0
13:50 747.01 12.11 84 3.13 0
13:51 747.01 12.11 84 4.92 0
13:52 747.01 12.17 84 5.36 0
13:53 747.01 12.17 84 1.79 0
13:54 747.01 12.22 84 4.02 0
13:55 747.01 12.22 83 2.24 0
13:56 747.01 12.22 83 3.58 0
13:57 747.01 12.22 83 4.92 0
13:58 747.01 12.22 83 3.13 0
13:59 747.01 12.22 83 2.68 0
14:00 747.01 12.22 83 3.58 0
14:01 747.01 12.28 83 4.02 0
14:02 747.01 12.22 83 3.13 0
14:03 747.01 12.28 83 1.34 0
14:04 747.01 12.22 83 4.02 0
14:05 747.01 12.22 83 1.34 0
14:06 747.01 12.22 83 2.68 0
14:07 747.01 12.22 83 4.02 0
14:08 747.01 12.22 84 2.68 0
14:09 747.01 12.17 84 2.68 0
14:10 747.01 12.22 84 2.24 0
14:11 747.01 12.17 84 4.92 0
14:12 747.01 12.17 84 4.47 0
14:13 747.27 12.11 84 1.79 0
14:14 747.01 12.17 84 5.81 0
14:15 747.01 12.17 84 4.47 0
14:16 747.01 12.17 84 2.68 0
14:17 747.01 12.11 84 2.68 0
14:18 747.01 12.17 84 2.68 0
14:19 747.01 12.11 84 4.47 0
14:20 747.01 12.11 84 3.13 0
14:21 747.01 12.17 84 4.02 0
14:22 747.01 12.11 84 4.02 0
14:23 747.01 12.11 84 3.13 0
14:24 747.01 12.17 84 5.36 0
14:25 747.01 12.17 84 3.13 0
14:26 747.01 12.17 84 2.24 0
14:27 747.01 12.22 84 3.13 0
14:28 747.01 12.22 84 6.26 0
14:29 747.01 12.28 84 4.47 0
14:30 747.01 12.28 84 4.47 0
14:31 747.01 12.28 84 4.92 0
14:32 747.01 12.28 84 5.81 0
14:33 747.01 12.28 84 3.13 0
14:34 747.01 12.33 84 3.58 0
14:35 747.01 12.33 84 7.15 0
14:36 747.01 12.39 84 6.26 0
14:37 747.01 12.33 84 2.68 0
14:38 747.01 12.39 84 4.47 0
14:39 747.01 12.39 84 3.13 0
14:40 747.01 12.44 84 4.02 0
14:41 747.01 12.44 84 6.71 0
14:42 747.01 12.44 84 4.92 0
14:43 747.01 12.44 84 4.92 0
14:44 747.01 12.44 84 4.47 0
14:45 747.01 12.44 84 4.92 0
14:46 747.01 12.5 84 6.71 0
14:47 747.01 12.5 84 4.02 0
14:48 747.01 12.56 84 6.26 0
14:49 747.01 12.56 83 6.71 0
14:50 747.01 12.56 84 4.02 0
14:51 747.01 12.56 84 6.71 0
14:52 747.01 12.56 84 4.02 0
14:53 747.01 12.61 84 1.79 0
14:54 747.01 12.56 84 4.02 0
14:55 747.01 12.56 84 3.13 0
14:56 747.01 12.56 84 2.68 0
14:57 747.01 12.56 84 2.68 0
14:58 747.01 12.56 84 .89 0
14:59 747.01 12.56 84 2.68 0
15:00 747.01 12.56 84 3.58 0
15:01 747.01 12.56 84 5.81 0
15:02 747.01 12.56 84 6.71 0
15:03 747.01 12.56 84 4.02 0
15:04 747.01 12.56 84 5.81 0
15:05 747.01 12.56 84 5.36 0
15:06 747.01 12.56 84 5.36 0
15:07 747.01 12.56 84 3.13 0
15:08 747.01 12.56 84 1.79 0
15:09 747.01 12.56 84 2.24 0
15:10 747.01 12.56 84 4.47 0
15:11 747.01 12.56 84 5.81 0
15:12 747.01 12.56 84 4.47 0
15:13 747.01 12.56 84 5.36 0
15:14 747.01 12.61 83 5.81 0
15:15 747.01 12.61 83 3.13 0
15:16 747.01 12.61 83 4.02 0
15:17 747.01 12.61 83 7.15 0
15:18 747.01 12.61 83 4.47 0
15:19 747.01 12.61 83 7.15 0
15:20 747.01 12.67 83 3.58 0
15:21 747.01 12.67 83 4.92 0
15:22 747.01 12.67 83 3.58 0
15:23 747.01 12.67 83 1.79 0
15:24 747.01 12.67 83 2.68 0
15:25 747.01 12.67 83 4.92 0
15:26 747.01 12.67 83 4.47 0
15:27 747.01 12.67 83 4.47 0
15:28 747.01 12.67 83 2.68 0
15:29 747.01 12.67 83 3.58 0
15:30 747.01 12.67 83 3.58 0
15:31 747.01 12.67 83 4.92 0
15:32 747.01 12.72 83 3.58 0
15:33 747.01 12.72 83 .89 0
15:34 747.01 12.72 83 6.26 0
15:35 747.01 12.72 83 4.47 0
15:36 747.01 12.72 83 3.13 0
15:37 747.01 12.72 83 2.68 0
15:38 747.01 12.72 83 4.92 0
15:39 747.01 12.72 83 4.02 0
15:40 747.01 12.72 83 4.47 0
15:41 747.01 12.78 83 4.47 0
15:42 747.01 12.78 83 1.34 0
15:43 747.01 12.78 83 4.92 0
15:44 747.01 12.78 83 4.02 0
15:45 747.01 12.78 83 1.79 0
15:46 747.01 12.78 83 4.92 0
15:47 747.01 12.78 83 5.36 0
15:48 747.01 12.78 83 5.81 0
15:49 747.01 12.78 82 4.02 0
15:50 747.01 12.78 82 2.68 0
15:51 747.01 12.78 82 4.47 0
15:52 747.01 12.78 82 4.47 0
15:53 747.01 12.83 83 3.13 0
15:54 747.01 12.78 83 1.34 0
15:55 747.01 12.78 83 5.36 0
15:56 747.01 12.78 83 2.24 0
15:57 747.01 12.78 83 4.92 0
15:58 747.01 12.78 83 4.47 0
15:59 747.01 12.78 83 4.92 0
16:00 747.01 12.78 83 1.79 0
16:01 747.01 12.78 83 3.58 0
16:02 747.01 12.78 83 2.24 0
16:03 747.01 12.78 83 4.92 0
16:04 747.01 12.78 83 3.58 0
16:05 747.01 12.72 83 1.79 0
16:06 747.01 12.72 83 5.81 0
16:07 747.01 12.72 83 3.58 0
16:08 747.01 12.72 83 3.13 0
16:09 747.01 12.72 84 4.02 0
16:10 747.01 12.67 83 3.13 0
16:11 747.01 12.67 84 4.47 0
16:12 747.01 12.67 84 4.47 0
16:13 747.01 12.67 84 1.79 0
16:14 747.01 12.61 84 1.79 0
16:15 747.01 12.61 84 1.79 0
16:16 747.01 12.61 84 2.68 0
16:17 747.01 12.61 84 1.79 0
16:18 747.01 12.61 84 4.02 0
16:19 747.01 12.56 84 2.24 0
16:20 746.76 12.56 84 4.47 0
16:21 747.01 12.56 84 2.68 0
16:22 747.01 12.56 84 4.02 0
16:23 747.01 12.56 84 1.34 0
16:24 747.01 12.56 84 1.79 0
16:25 747.01 12.56 84 3.58 0
16:26 747.01 12.56 84 3.13 0
16:27 747.01 12.61 84 4.02 0
16:28 747.01 12.56 84 4.47 0
16:29 747.01 12.56 84 2.68 0
16:30 746.76 12.56 84 4.02 0
16:31 747.01 12.56 84 3.58 0
16:32 747.01 12.56 84 3.13 0
16:33 747.01 12.61 84 3.58 0
16:34 747.01 12.61 84 1.79 0
16:35 746.76 12.56 84 3.58 0
16:36 746.76 12.61 84 3.58 0
16:37 746.76 12.56 84 1.79 0
16:38 747.01 12.56 84 1.79 0
16:39 746.76 12.61 84 1.79 0
16:40 746.76 12.61 84 1.34 0
16:41 746.76 12.61 84 1.79 0
16:42 746.76 12.61 84 2.68 0
16:43 746.76 12.61 84 1.79 0
16:44 746.76 12.61 84 4.92 0
16:45 746.76 12.61 84 3.13 0
16:46 746.76 12.61 84 1.79 0
16:47 746.76 12.61 84 2.68 0
16:48 746.76 12.61 84 3.58 0
16:49 746.76 12.61 84 2.24 0
16:50 746.76 12.61 84 2.24 0
16:51 746.76 12.67 84 3.13 0
16:52 746.76 12.67 84 2.24 0
16:53 746.76 12.67 83 1.79 0
16:54 746.76 12.67 83 3.13 0
16:55 746.76 12.67 83 4.02 0
16:56 746.76 12.67 83 2.24 0
16:57 746.76 12.67 83 4.92 0
16:58 746.76 12.72 83 4.92 0
16:59 746.76 12.72 83 2.24 0
17:00 746.76 12.72 83 2.24 0
17:01 746.76 12.72 83 3.13 0
17:02 746.76 12.78 83 4.92 0
17:03 746.76 12.78 83 2.24 0
17:04 746.76 12.78 83 1.79 0
17:05 746.51 12.78 83 3.58 0
17:06 746.76 12.78 83 1.79 0
17:07 746.76 12.78 83 2.24 0
17:08 746.76 12.78 83 1.79 0
17:09 746.76 12.78 83 2.68 0
17:10 746.76 12.78 83 1.34 0
17:11 746.76 12.78 83 1.79 0
17:12 746.76 12.78 83 2.24 0
17:13 746.76 12.78 83 4.47 0
17:14 746.76 12.78 83 5.81 0
17:15 746.76 12.78 83 1.79 0
17:16 746.76 12.78 83 1.79 0
17:17 746.76 12.78 83 3.13 0
17:18 746.76 12.78 83 1.34 0
17:19 746.51 12.78 83 1.79 0
17:20 746.51 12.78 83 3.13 0
17:21 746.51 12.78 83 1.34 0
17:22 746.51 12.78 83 2.24 0
17:23 746.51 12.78 83 3.58 0
17:24 746.51 12.78 83 3.13 0
17:25 746.51 12.78 83 4.02 0
17:26 746.51 12.78 83 4.92 0
17:27 746.51 12.78 83 4.02 0
17:28 746.51 12.78 83 2.24 0
17:29 746.51 12.78 83 2.68 0
17:30 746.51 12.78 83 2.68 0
17:31 746.51 12.78 83 4.02 0
17:32 746.51 12.78 83 3.13 0
17:33 746.51 12.72 83 3.58 0
17:34 746.51 12.78 83 4.02 0
17:35 746.51 12.72 83 3.58 0
17:36 746.51 12.72 83 2.24 0
17:37 746.51 12.72 83 3.13 0
17:38 746.51 12.72 83 4.02 0
17:39 746.51 12.72 83 1.79 0
17:40 746.51 12.72 83 3.58 0
17:41 746.51 12.72 83 4.47 0
17:42 746.51 12.72 83 2.24 0
17:43 746.51 12.72 83 1.79 0
17:44 746.51 12.72 83 2.24 0
17:45 746.51 12.72 83 4.02 0
17:46 746.51 12.72 83 4.02 0
17:47 746.51 12.72 83 2.24 0
17:48 746.51 12.72 83 3.13 0
17:49 746.51 12.78 82 3.13 0
17:50 746.51 12.78 82 1.79 0
17:51 746.51 12.72 82 3.13 0
17:52 746.51 12.72 82 1.34 0
17:53 746.51 12.72 82 1.34 0
17:54 746.51 12.72 82 1.34 0
17:55 746.51 12.72 82 2.24 0
17:56 746.51 12.72 82 2.24 0
17:57 746.51 12.72 82 2.24 0
17:58 746.51 12.72 82 1.34 0
17:59 746.51 12.72 82 1.34 0
18:00 746.51 12.72 82 1.79 0
18:01 746.51 12.67 82 1.79 0
18:02 746.51 12.67 82 2.24 0
18:03 746.51 12.67 82 3.13 0
18:04 746.51 12.72 82 2.68 0
18:05 746.51 12.67 82 4.02 0
18:06 746.51 12.72 82 2.24 0
18:07 746.51 12.72 82 2.68 0
18:08 746.51 12.72 82 1.79 0
18:09 746.51 12.67 82 2.24 0
18:10 746.51 12.67 82 1.79 0
18:11 746.51 12.67 82 3.58 0
18:12 746.51 12.67 82 2.24 0
18:13 746.51 12.67 82 4.02 0
18:14 746.51 12.67 82 .89 0
18:15 746.51 12.67 82 1.34 0
18:16 746.51 12.67 82 3.58 0
18:17 746.51 12.67 82 4.02 0
18:18 746.51 12.67 82 1.34 0
18:19 746.51 12.67 82 2.68 0
18:20 746.51 12.67 82 1.79 0
18:21 746.51 12.67 82 3.13 0
18:22 746.51 12.67 82 2.24 0
18:23 746.76 12.67 83 4.02 0
18:24 746.51 12.67 83 2.68 0
18:25 746.51 12.67 83 4.02 0
18:26 746.51 12.67 83 1.79 0
18:27 746.51 12.67 83 2.68 0
18:28 746.51 12.67 83 1.79 0
18:29 746.51 12.61 83 4.47 0
18:30 746.51 12.67 83 3.13 0
18:31 746.76 12.67 83 6.26 0
18:32 746.51 12.67 83 4.02 0
18:33 746.76 12.67 83 5.36 0
18:34 746.76 12.72 83 4.47 0
18:35 746.51 12.67 83 4.02 0
18:36 746.51 12.72 83 4.92 0
18:37 746.51 12.67 83 4.92 0
18:38 746.76 12.72 83 5.36 0
18:39 746.51 12.72 83 4.92 0
18:40 746.51 12.72 83 3.58 0
18:41 746.51 12.67 83 2.24 0
18:42 746.51 12.67 83 2.24 0
18:43 746.76 12.67 83 2.24 0
18:44 746.76 12.67 83 3.13 0
18:45 746.76 12.67 83 4.47 0
18:46 746.51 12.67 83 4.92 0
18:47 746.76 12.67 83 4.47 0
18:48 746.51 12.67 83 4.02 0
18:49 746.51 12.67 83 2.68 0
18:50 746.76 12.67 83 3.13 0
18:51 746.51 12.67 83 4.92 0
18:52 746.76 12.67 83 5.36 0
18:53 746.76 12.61 83 3.13 0
18:54 746.51 12.67 83 4.92 0
18:55 746.76 12.67 83 2.68 0
18:56 746.76 12.67 83 3.58 0
18:57 746.51 12.61 83 4.47 0
18:58 746.76 12.61 83 2.24 0
18:59 746.76 12.56 83 3.58 0
19:00 746.51 12.56 83 4.47 0
19:01 746.76 12.56 83 4.47 0
19:02 746.51 12.5 83 4.47 0
19:03 746.51 12.56 83 4.92 0
19:04 746.76 12.56 83 2.68 0
19:05 746.51 12.56 83 4.47 0
19:06 746.51 12.56 83 5.36 0
19:07 746.51 12.5 83 4.47 0
19:08 746.51 12.56 83 4.47 0
19:09 746.51 12.56 83 4.02 0
19:10 746.51 12.56 83 3.13 0
19:11 746.51 12.5 83 7.15 0
19:12 746.51 12.5 83 5.36 0
19:13 746.51 12.56 83 3.58 0
19:14 746.51 12.56 83 6.26 0
19:15 746.51 12.56 83 4.92 0
19:16 746.51 12.56 83 4.92 0
19:17 746.51 12.56 83 5.81 0
19:18 746.51 12.56 83 6.26 0
19:19 746.51 12.56 83 5.36 0
19:20 746.51 12.56 83 4.92 0
19:21 746.51 12.61 83 2.68 0
19:22 746.51 12.61 83 3.58 0
19:23 746.51 12.56 83 5.81 0
19:24 746.51 12.61 83 5.36 0
19:25 746.51 12.61 83 4.02 0
19:26 746.51 12.56 83 1.34 0
19:27 746.51 12.56 83 4.02 0
19:28 746.51 12.56 83 2.68 0
19:29 746.51 12.56 83 3.13 0
19:30 746.51 12.5 83 4.92 0
19:31 746.51 12.5 83 4.92 0
19:32 746.51 12.5 83 3.58 0
19:33 746.51 12.56 83 3.58 0
19:34 746.51 12.5 83 3.13 0
19:35 746.51 12.5 83 3.58 0
19:36 746.51 12.44 83 6.26 0
19:37 746.51 12.44 83 4.47 0
19:38 746.51 12.44 83 2.68 0
19:39 746.51 12.44 83 6.26 0
19:40 746.51 12.39 84 1.79 0
19:41 746.51 12.44 84 3.13 0
19:42 746.51 12.39 83 5.81 0
19:43 746.51 12.39 83 5.36 0
19:44 746.51 12.39 83 4.92 0
19:45 746.51 12.39 83 4.92 0
19:46 746.51 12.39 84 2.24 0
19:47 746.51 12.39 83 4.92 0
19:48 746.51 12.39 83 4.92 0
19:49 746.51 12.39 83 4.92 0
19:50 746.51 12.44 83 4.02 0
19:51 746.51 12.39 83 6.71 0
19:52 746.51 12.44 83 3.13 0
19:53 746.51 12.39 83 3.13 0
19:54 746.51 12.39 83 3.58 0
19:55 746.51 12.39 83 4.47 0
19:56 746.51 12.39 83 5.81 0
19:57 746.51 12.33 83 2.24 0
19:58 746.51 12.33 83 4.47 0
19:59 746.51 12.33 83 4.02 0
20:00 746.51 12.33 83 6.26 0
20:01 746.51 12.33 83 4.92 0
20:02 746.51 12.33 83 5.36 0
20:03 746.51 12.28 83 2.68 0
20:04 746.51 12.33 83 2.68 0
20:05 746.51 12.28 83 3.13 0
20:06 746.51 12.28 83 6.26 0
20:07 746.51 12.28 83 2.24 0
20:08 746.51 12.28 83 4.92 0
20:09 746.51 12.28 83 1.79 0
20:10 746.51 12.28 83 1.79 0
20:11 746.51 12.28 83 5.36 0
20:12 746.51 12.28 83 3.58 0
20:13 746.51 12.22 83 3.13 0
20:14 746.51 12.22 83 4.92 0
20:15 746.51 12.22 83 4.02 0
20:16 746.51 12.22 83 4.92 0
20:17 746.51 12.28 83 4.92 0
20:18 746.76 12.28 83 4.92 0
20:19 746.76 12.28 83 4.47 0
20:20 746.51 12.28 83 .89 0
20:21 746.51 12.28 83 4.02 0
20:22 746.51 12.22 83 4.47 0
20:23 746.76 12.22 83 3.13 0
20:24 746.51 12.28 83 3.58 0
20:25 746.51 12.28 83 1.34 0
20:26 746.76 12.22 83 2.24 0
20:27 746.51 12.22 83 2.68 0
20:28 746.76 12.17 83 1.79 0
20:29 746.76 12.17 83 4.02 0
20:30 746.76 12.17 83 2.24 0
20:31 746.76 12.11 83 .89 0
20:32 746.76 12.11 83 3.58 0
20:33 746.51 12.06 83 4.02 0
20:34 746.51 12.11 84 3.58 0
20:35 746.76 12.11 84 2.24 0
20:36 746.76 12.06 84 4.02 0
20:37 746.76 12.06 83 3.58 0
20:38 746.51 12.11 83 4.02 0
20:39 746.51 12.11 83 5.81 0
20:40 746.76 12.11 83 2.24 0
20:41 746.51 12.06 83 3.13 0
20:42 746.76 12.06 83 5.36 0
20:43 746.76 12.11 83 4.47 0
20:44 746.76 12.11 83 4.02 0
20:45 746.76 12.11 83 4.92 0
20:46 746.76 12.11 83 2.68 0
20:47 746.76 12.11 83 3.58 0
20:48 746.76 12.17 83 2.68 0
20:49 746.76 12.11 83 2.68 0
20:50 746.51 12.11 83 4.02 0
20:51 746.76 12.11 83 3.58 0
20:52 746.76 12.11 83 3.58 0
20:53 746.76 12.06 83 1.79 0
20:54 746.51 12.06 83 3.58 0
20:55 746.76 12.11 82 4.47 0
20:56 746.51 12.11 83 4.92 0
20:57 746.76 12.11 82 4.92 0
20:58 746.76 12.11 82 2.24 0
20:59 746.76 12.06 82 4.02 0
21:00 746.76 12.06 82 2.24 0
21:01 746.76 12.11 82 .89 0
21:02 746.76 12.06 82 3.58 0
21:03 746.76 12.06 82 4.92 0
21:04 746.76 12.06 82 4.47 0
21:05 746.76 12.11 82 2.68 0
21:06 746.76 12.11 82 3.13 0
21:07 746.76 12.11 82 4.02 0
21:08 746.51 12.11 81 4.02 0
21:09 746.51 12.11 82 3.13 0
21:10 746.51 12.17 81 4.02 0
21:11 746.76 12.17 81 2.68 0
21:12 746.51 12.17 81 3.13 0
21:13 746.76 12.17 81 4.92 0
21:14 746.51 12.17 81 3.13 0
21:15 746.51 12.17 81 4.02 0
21:16 746.51 12.17 81 3.58 0
21:17 746.51 12.17 81 1.79 0
21:18 746.51 12.17 81 1.79 0
21:19 746.51 12.11 81 3.13 0
21:20 746.51 12.11 81 1.79 0
21:21 746.51 12.06 81 2.68 0
21:22 746.76 12.06 81 2.68 0
21:23 746.76 12.06 81 1.34 0
21:24 746.76 12.06 81 6.26 0
21:25 746.76 12.11 81 1.79 0
21:26 746.76 12.17 81 6.71 0
21:27 746.76 12.17 80 4.02 0
21:28 746.76 12.17 80 4.92 0
21:29 746.76 12.22 80 1.79 0
21:30 746.76 12.17 80 4.47 0
21:31 746.51 12.22 80 4.02 0
21:32 746.51 12.22 80 1.79 0
21:33 746.51 12.22 80 3.58 0
21:34 746.51 12.17 80 4.92 0
21:35 746.51 12.22 80 2.68 0
21:36 746.51 12.17 80 2.68 0
21:37 746.51 12.17 80 1.34 0
21:38 746.51 12.17 80 1.34 0
21:39 746.51 12.17 80 5.81 0
21:40 746.51 12.17 80 4.47 0
21:41 746.51 12.17 80 2.24 0
21:42 746.51 12.22 80 1.79 0
21:43 746.51 12.22 80 1.34 0
21:44 746.51 12.17 80 2.68 0
21:45 746.51 12.17 80 3.58 0
21:46 746.51 12.17 80 3.13 0
21:47 746.51 12.17 80 4.47 0
21:48 746.51 12.22 80 3.58 0
21:49 746.51 12.17 80 2.68 0
21:50 746.51 12.17 80 4.02 0
21:51 746.51 12.17 80 5.36 0
21:52 746.51 12.17 80 3.13 0
21:53 746.51 12.17 79 4.47 0
21:54 746.51 12.11 79 4.47 0
21:55 746.51 12.11 79 5.81 0
21:56 746.51 12.17 79 4.02 0
21:57 746.51 12.17 79 4.02 0
21:58 746.51 12.17 79 3.13 0
21:59 746.51 12.11 79 3.13 0
22:00 746.51 12.11 79 5.36 0
22:01 746.51 12.11 79 4.92 0
22:02 746.51 12.11 79 2.68 0
22:03 746.51 12.11 79 4.02 0
22:04 746.51 12.11 79 3.58 0
22:05 746.51 12.11 79 1.79 0
22:06 746.51 12.06 79 2.24 0
22:07 746.51 12.06 79 4.47 0
22:08 746.51 12.06 79 6.26 0
22:09 746.51 12.06 79 3.58 0
22:10 746.51 12.06 79 6.26 0
22:11 746.51 12.06 79 4.02 0
22:12 746.51 12.06 79 3.13 0
22:13 746.51 12.06 79 4.02 0
22:14 746.51 12.06 79 2.24 0
22:15 746.51 12.06 79 2.24 0
22:16 746.25 12.06 79 7.15 0
22:17 746.51 12.06 78 4.92 0
22:18 746.51 12.06 78 3.58 0
22:19 746.51 12.06 78 2.68 0
22:20 746.25 12.11 78 8.05 0
22:21 746.51 12.11 78 4.47 0
22:22 746.25 12.11 78 3.13 0
22:23 746.51 12.11 78 4.02 0
22:24 746.25 12.17 78 4.02 0
22:25 746.25 12.11 78 5.36 0
22:26 746.25 12.17 78 4.02 0
22:27 746.25 12.17 77 3.13 0
22:28 746.25 12.17 77 5.81 0
22:29 746.25 12.17 77 4.02 0
22:30 746.25 12.22 77 4.02 0
22:31 746.25 12.22 77 4.47 0
22:32 746.25 12.22 77 4.47 0
22:33 746.25 12.22 77 4.47 0
22:34 746.25 12.22 77 4.47 0
22:35 746.25 12.22 77 5.81 0
22:36 746.25 12.22 77 4.47 0
22:37 746.25 12.28 77 2.24 0
22:38 746.25 12.22 77 6.26 0
22:39 746.25 12.28 77 3.58 0
22:40 746.25 12.22 77 4.02 0
22:41 746.25 12.22 77 7.15 0
22:42 746.25 12.22 77 3.13 0
22:43 746.25 12.28 77 5.36 0
22:44 746.25 12.28 77 3.58 0
22:45 746.25 12.28 77 2.24 0
22:46 746.25 12.28 77 7.15 0
22:47 746.25 12.28 76 5.81 0
22:48 746.25 12.28 76 5.36 0
22:49 746.25 12.28 76 4.47 0
22:50 746.25 12.28 76 3.58 0
22:51 746.25 12.28 76 5.81 0
22:52 746.25 12.28 76 2.68 0
22:53 746.25 12.28 76 4.02 0
22:54 746.25 12.28 76 4.47 0
22:55 746.25 12.28 76 6.26 0
22:56 746.25 12.28 76 4.92 0
22:57 746.25 12.28 76 3.58 0
22:58 746.25 12.28 75 8.94 0
22:59 746.25 12.33 75 4.47 0
23:00 746.25 12.33 75 2.68 0
23:01 746.25 12.33 75 7.15 0
23:02 746.25 12.33 75 5.36 0
23:03 746 12.39 75 2.68 0
23:04 746 12.33 75 6.71 0
23:05 746 12.33 75 4.47 0
23:06 746.25 12.33 75 4.02 0
23:07 746 12.28 75 6.26 0
23:08 746 12.28 75 5.36 0
23:09 746 12.28 74 3.58 0
23:10 746.25 12.28 75 5.81 0
23:11 746.25 12.28 74 4.02 0
23:12 746 12.28 75 4.47 0
23:13 746 12.28 75 7.6 0
23:14 746 12.28 74 4.92 0
23:15 746 12.28 75 4.02 0
23:16 746.25 12.28 74 7.15 0
23:17 746 12.28 74 4.92 0
23:18 746 12.28 74 4.47 0
23:19 746 12.28 74 5.81 0
23:20 746 12.28 74 4.92 0
23:21 746 12.22 74 4.02 0
23:22 746 12.22 74 5.36 0
23:23 746 12.17 74 3.58 0
23:24 746 12.17 74 3.58 0
23:25 746 12.17 74 4.92 0
23:26 746 12.17 74 6.71 0
23:27 746.25 12.17 74 4.02 0
23:28 746 12.11 74 4.92 0
23:29 746 12.11 74 3.58 0
23:30 746 12.11 74 5.36 0
23:31 746 12.06 74 6.71 0
23:32 746 12.06 74 7.6 0
23:33 746 12.06 74 3.58 0
23:34 746 12.06 74 4.02 0
23:35 746 12.11 74 2.68 0
23:36 746 12.06 74 3.58 0
23:37 746 12.06 74 5.81 0
23:38 746 12 74 5.36 0
23:39 746 12 74 6.26 0
23:40 746 12 74 5.36 0
23:41 746 12 74 3.13 0
23:42 746 11.94 74 4.02 0
23:43 746 12 74 3.58 0
23:44 746 11.94 74 6.26 0
23:45 746 12 74 5.36 0
23:46 746 12 74 7.15 0
23:47 746 11.94 74 4.02 0
23:48 746 11.94 74 6.71 0
23:49 746 11.94 74 5.36 0
23:50 746 12 74 5.36 0
23:51 746 12 74 5.36 0
23:52 746 12 74 5.36 0
23:53 746 12 74 3.13 0
23:54 746 12 74 4.02 0
23:55 746 12 74 4.47 0
23:56 745.74 11.94 74 5.36 0
23:57 745.74 11.94 74 5.81 0
23:58 745.74 11.94 74 3.13 0
23:59 746 11.94 74 4.47 0
