00:00 743.71 19.56 67 2.24 0
00:01 743.71 19.5 67 2.68 0
00:02 743.71 19.5 67 2.68 0
00:03 743.71 19.5 67 1.34 0
00:04 743.71 19.5 67 2.68 0
00:05 743.71 19.5 67 1.79 0
00:06 743.46 19.5 67 .89 0
00:07 743.46 19.44 68 2.24 0
00:08 743.71 19.44 68 1.79 0
00:09 743.71 19.44 68 2.24 0
00:10 743.71 19.44 68 .45 0
00:11 743.71 19.44 68 2.24 0
00:12 743.71 19.39 68 2.68 0
00:13 743.71 19.44 68 .89 0
00:14 743.71 19.39 68 1.79 0
00:15 743.71 19.44 68 2.24 0
00:16 743.71 19.44 68 .89 0
00:17 743.46 19.39 68 1.34 0
00:18 743.71 19.39 68 1.79 0
00:19 743.46 19.39 68 2.68 0
00:20 743.46 19.39 68 3.13 0
00:21 743.71 19.39 68 1.79 0
00:22 743.71 19.39 68 1.34 0
00:23 743.46 19.39 68 1.79 0
00:24 743.71 19.39 68 1.79 0
00:25 743.46 19.39 68 .89 0
00:26 743.46 19.39 68 1.79 0
00:27 743.46 19.39 68 1.34 0
00:28 743.46 19.39 68 .89 0
00:29 743.71 19.39 68 1.79 0
00:30 743.71 19.33 68 1.34 0
00:31 743.46 19.33 68 1.34 0
00:32 743.46 19.33 68 .89 0
00:33 743.71 19.33 68 1.79 0
00:34 743.71 19.28 68 2.24 0
00:35 743.71 19.28 68 .89 0
00:36 743.71 19.28 68 1.34 0
00:37 743.71 19.28 69 1.34 0
00:38 743.71 19.28 69 5.36 0
00:39 743.97 19.17 69 4.92 0
00:40 743.97 19.06 70 3.58 0
00:41 743.97 18.94 70 4.47 0
00:42 743.97 18.83 70 4.92 0
00:43 743.97 18.83 70 2.24 0
00:44 743.71 18.89 70 .89 0
00:45 743.71 18.94 70 1.79 0
00:46 743.71 18.94 70 .89 0
00:47 743.71 18.94 70 .45 0
00:48 743.71 19 70 1.34 0
00:49 743.71 19 70 3.58 0
00:50 743.97 19 70 2.68 0
00:51 743.97 18.89 70 1.79 0
00:52 743.97 18.83 70 1.79 0
00:53 743.97 18.83 70 2.24 0
00:54 743.71 18.83 70 .45 0
00:55 743.71 18.83 70 0 0
00:56 743.71 18.83 70 0 0
00:57 743.71 18.83 70 0 0
00:58 743.71 18.83 70 0 0
00:59 743.71 18.83 70 0 0
01:00 743.71 18.83 70 0 0
01:01 743.71 18.78 70 .89 0
01:02 743.71 18.78 71 .45 0
01:03 743.97 18.78 71 .89 0
01:04 743.71 18.72 71 .45 0
01:05 743.97 18.78 71 .45 0
01:06 743.97 18.72 71 0 0
01:07 743.97 18.72 71 0 0
01:08 743.97 18.67 71 0 0
01:09 743.97 18.67 71 .45 0
01:10 743.71 18.61 71 .45 0
01:11 743.71 18.61 71 0 0
01:12 743.97 18.56 71 0 0
01:13 743.71 18.5 72 1.34 0
01:14 743.71 18.39 72 .89 0
01:15 743.97 18.28 72 .89 0
01:16 743.97 18.17 72 .89 0
01:17 743.71 18.06 73 .89 0
01:18 743.71 18 73 1.79 0
01:19 743.71 17.89 74 1.79 0
01:20 743.71 17.83 73 .89 0
01:21 743.71 17.83 74 1.34 0
01:22 743.71 17.83 74 1.34 0
01:23 743.71 17.78 74 1.34 0
01:24 743.71 17.72 74 3.13 0
01:25 743.71 17.67 74 1.79 0
01:26 743.71 17.67 74 2.24 0
01:27 743.71 17.67 74 2.24 0
01:28 743.71 17.67 74 1.79 0
01:29 743.71 17.67 73 1.34 0
01:30 743.71 17.72 73 1.34 0
01:31 743.71 17.72 73 2.24 0
01:32 743.71 17.72 73 3.13 0
01:33 743.71 17.72 73 1.79 0
01:34 743.71 17.72 73 1.79 0
01:35 743.71 17.72 73 2.24 0
01:36 743.71 17.72 73 1.79 0
01:37 743.71 17.72 73 1.79 0
01:38 743.71 17.72 73 2.68 0
01:39 743.71 17.72 73 1.79 0
01:40 743.71 17.78 73 1.79 0
01:41 743.71 17.83 73 1.34 0
01:42 743.71 17.72 73 1.34 0
01:43 743.71 17.72 73 1.79 0
01:44 743.71 17.78 73 .89 0
01:45 743.71 17.78 73 1.79 0
01:46 743.71 17.72 73 2.24 0
01:47 743.71 17.72 73 2.24 0
01:48 743.71 17.72 73 .89 0
01:49 743.71 17.72 73 1.79 0
01:50 743.71 17.72 73 2.24 0
01:51 743.71 17.72 72 1.79 0
01:52 743.71 17.72 73 1.79 0
01:53 743.71 17.67 73 2.24 0
01:54 743.71 17.61 73 1.79 0
01:55 743.71 17.61 73 1.34 0
01:56 743.71 17.61 73 1.79 0
01:57 743.71 17.61 73 2.68 0
01:58 743.71 17.56 73 1.79 0
01:59 743.71 17.56 73 1.34 0
02:00 743.71 17.5 73 1.79 0
02:01 743.71 17.5 73 2.68 0
02:02 743.71 17.44 73 1.34 0
02:03 743.71 17.44 73 .89 0
02:04 743.71 17.39 73 1.34 0
02:05 743.71 17.33 73 2.24 0
02:06 743.71 17.33 73 .45 0
02:07 743.71 17.33 73 1.79 0
02:08 743.71 17.28 73 1.79 0
02:09 743.71 17.28 73 1.34 0
02:10 743.71 17.22 73 1.79 0
02:11 743.71 17.22 73 2.24 0
02:12 743.46 17.17 74 1.34 0
02:13 743.71 17.17 74 1.34 0
02:14 743.71 17.11 74 1.34 0
02:15 743.71 17.06 74 3.58 0
02:16 743.46 17.06 74 4.02 0
02:17 743.46 17.06 74 3.58 0
02:18 743.71 17.06 74 1.34 0
02:19 743.46 17 74 3.13 0
02:20 743.71 17 74 3.13 0
02:21 743.71 17 74 1.79 0
02:22 743.71 16.94 74 3.13 0
02:23 743.71 16.94 74 .89 0
02:24 743.71 16.89 74 1.79 0
02:25 743.46 16.89 74 2.68 0
02:26 743.71 16.83 74 3.13 0
02:27 743.71 16.83 75 1.79 0
02:28 743.46 16.78 75 3.13 0
02:29 743.46 16.78 75 1.79 0
02:30 743.46 16.72 75 1.34 0
02:31 743.46 16.67 75 4.47 0
02:32 743.46 16.67 75 3.58 0
02:33 743.46 16.61 75 4.02 0
02:34 743.46 16.61 75 3.58 0
02:35 743.46 16.56 75 3.58 0
02:36 743.46 16.56 75 1.79 0
02:37 743.46 16.5 75 1.79 0
02:38 743.46 16.5 75 4.47 0
02:39 743.46 16.44 75 3.58 0
02:40 743.46 16.44 75 4.47 0
02:41 743.46 16.44 75 3.58 0
02:42 743.46 16.39 75 3.13 0
02:43 743.46 16.39 75 1.79 0
02:44 743.46 16.33 75 1.79 0
02:45 743.46 16.33 75 5.36 0
02:46 743.46 16.28 75 2.24 0
02:47 743.46 16.28 76 1.34 0
02:48 743.46 16.28 76 4.02 0
02:49 743.46 16.22 76 2.68 0
02:50 743.46 16.17 76 2.68 0
02:51 743.46 16.17 76 1.34 0
02:52 743.46 16.11 76 3.13 0
02:53 743.46 16.11 76 2.68 0
02:54 743.2 16.11 76 2.68 0
02:55 743.46 16.06 76 2.68 0
02:56 743.2 16.06 76 3.13 0
02:57 743.46 16.06 76 1.34 0
02:58 743.2 16 76 2.24 0
02:59 743.2 16 76 2.68 0
03:00 743.2 16 76 1.79 0
03:01 743.2 16 76 1.79 0
03:02 743.2 16 76 1.79 0
03:03 743.2 16 76 2.68 0
03:04 743.2 15.94 76 1.34 0
03:05 743.2 15.94 76 1.34 0
03:06 743.2 15.94 76 1.79 0
03:07 743.2 15.94 76 1.79 0
03:08 743.2 15.89 76 1.79 0
03:09 743.2 15.89 76 2.68 0
03:10 743.2 15.89 76 1.79 0
03:11 743.2 15.83 76 3.13 0
03:12 743.2 15.83 76 1.79 0
03:13 743.2 15.83 76 1.79 0
03:14 743.2 15.83 76 1.34 0
03:15 743.2 15.78 77 2.24 0
03:16 743.2 15.78 76 1.79 0
03:17 743.2 15.72 76 1.79 0
03:18 743.2 15.72 76 2.68 0
03:19 743.2 15.72 76 2.24 0
03:20 743.2 15.72 77 .89 0
03:21 743.2 15.67 77 1.34 0
03:22 743.2 15.67 77 1.79 0
03:23 743.2 15.61 77 1.79 0
03:24 743.2 15.67 77 .89 0
03:25 743.2 15.61 77 2.68 0
03:26 743.2 15.61 77 1.79 0
03:27 743.2 15.56 77 1.79 0
03:28 743.2 15.56 77 .89 0
03:29 743.2 15.56 77 1.79 0
03:30 743.2 15.56 77 3.13 0
03:31 743.2 15.56 77 1.79 0
03:32 743.2 15.56 77 1.34 0
03:33 743.2 15.56 77 1.79 0
03:34 743.2 15.56 77 1.79 0
03:35 743.2 15.56 77 1.34 0
03:36 743.2 15.5 77 2.68 0
03:37 743.2 15.5 77 1.79 0
03:38 743.2 15.44 77 1.34 0
03:39 743.2 15.44 77 2.68 0
03:40 743.2 15.44 77 1.79 0
03:41 743.2 15.39 77 1.79 0
03:42 743.2 15.39 77 1.79 0
03:43 743.2 15.33 77 1.79 0
03:44 743.2 15.33 77 1.79 0
03:45 743.2 15.33 77 1.79 0
03:46 743.2 15.28 78 1.34 0
03:47 743.2 15.33 78 2.68 0
03:48 743.2 15.28 78 1.79 0
03:49 743.2 15.28 78 1.79 0
03:50 743.2 15.22 78 1.79 0
03:51 743.2 15.22 78 1.79 0
03:52 743.2 15.22 78 1.34 0
03:53 743.2 15.22 78 1.79 0
03:54 743.2 15.22 78 1.34 0
03:55 743.2 15.17 78 1.79 0
03:56 743.2 15.17 78 1.79 0
03:57 743.2 15.17 78 1.34 0
03:58 743.2 15.17 78 1.79 0
03:59 743.2 15.17 78 1.79 0
04:00 743.2 15.17 78 1.34 0
04:01 743.2 15.17 79 1.79 0
04:02 743.2 15.11 79 1.79 0
04:03 743.2 15.11 79 1.79 0
04:04 743.2 15.06 79 1.79 0
04:05 743.2 15.06 79 2.68 0
04:06 743.2 15.06 79 3.13 0
04:07 742.95 15.06 79 1.34 0
04:08 742.95 15.06 79 3.13 0
04:09 742.95 15.06 79 1.79 0
04:10 742.95 15 79 1.79 0
04:11 742.95 15 79 1.34 0
04:12 742.95 15 79 2.24 0
04:13 743.2 15 79 2.68 0
04:14 742.95 15 80 1.79 0
04:15 742.95 15 80 1.34 0
04:16 742.95 15 80 2.68 0
04:17 742.95 15 80 1.79 0
04:18 742.95 14.94 80 1.34 0
04:19 742.95 14.94 80 1.34 0
04:20 742.95 14.94 80 1.79 0
04:21 742.95 14.94 80 1.79 0
04:22 742.95 14.94 80 1.79 0
04:23 742.95 14.89 80 1.79 0
04:24 742.95 14.89 80 1.79 0
04:25 742.95 14.89 80 1.79 0
04:26 742.95 14.89 80 1.79 0
04:27 742.95 14.89 80 1.79 0
04:28 742.95 14.89 80 2.68 0
04:29 742.95 14.83 80 1.34 0
04:30 742.95 14.83 81 1.79 0
04:31 742.95 14.83 81 1.79 0
04:32 742.95 14.83 81 2.24 0
04:33 742.95 14.78 81 1.34 0
04:34 742.95 14.83 81 1.79 0
04:35 742.95 14.83 81 1.79 0
04:36 742.95 14.78 81 1.34 0
04:37 742.95 14.78 81 3.13 0
04:38 742.95 14.78 81 2.68 0
04:39 742.95 14.83 81 2.68 0
04:40 742.95 14.78 81 1.79 0
04:41 742.95 14.78 81 2.24 0
04:42 742.95 14.83 81 1.79 0
04:43 742.95 14.83 81 3.13 0
04:44 742.95 14.83 81 1.79 0
04:45 742.95 14.83 81 3.13 0
04:46 742.95 14.83 81 2.24 0
04:47 742.95 14.83 81 3.13 0
04:48 742.95 14.83 81 2.68 0
04:49 742.95 14.89 81 .89 0
04:50 742.95 14.83 82 1.79 0
04:51 742.95 14.89 82 1.79 0
04:52 742.95 14.89 82 3.13 0
04:53 742.95 14.89 82 2.68 0
04:54 742.95 14.89 82 3.13 0
04:55 742.95 14.89 82 2.68 0
04:56 742.95 14.89 82 1.79 0
04:57 742.95 14.89 82 1.34 0
04:58 742.95 14.89 82 2.24 0
04:59 742.95 14.94 82 2.68 0
05:00 742.95 14.94 82 1.34 0
05:01 742.95 14.94 82 1.79 0
05:02 742.95 15 82 2.24 0
05:03 742.95 15 82 1.79 0
05:04 742.95 15.06 82 3.58 0
05:05 742.95 15.06 82 1.79 0
05:06 742.95 15.11 81 1.34 0
05:07 742.95 15.11 82 3.13 0
05:08 742.95 15.11 81 1.79 0
05:09 742.95 15.17 81 1.79 0
05:10 742.95 15.17 81 3.13 0
05:11 742.95 15.22 81 2.24 0
05:12 742.95 15.22 81 3.13 0
05:13 742.95 15.22 81 4.02 0
05:14 742.95 15.22 81 3.58 0
05:15 742.95 15.28 81 3.58 0
05:16 742.95 15.33 81 1.79 0
05:17 742.95 15.28 81 2.68 0
05:18 742.95 15.33 81 3.13 0
05:19 742.95 15.33 81 2.24 0
05:20 742.95 15.39 80 4.02 0
05:21 742.95 15.39 80 1.34 0
05:22 742.95 15.44 80 1.79 0
05:23 742.95 15.44 80 1.34 0
05:24 742.95 15.5 80 2.24 0
05:25 742.95 15.5 80 3.13 0
05:26 742.95 15.56 80 1.79 0
05:27 742.95 15.56 80 1.34 0
05:28 742.95 15.56 80 3.13 0
05:29 742.95 15.61 80 1.79 0
05:30 742.95 15.61 79 2.24 0
05:31 742.95 15.61 79 1.79 0
05:32 742.95 15.67 79 3.13 0
05:33 742.95 15.72 79 2.68 0
05:34 742.95 15.72 79 2.24 0
05:35 742.95 15.78 79 1.79 0
05:36 742.95 15.78 79 2.24 0
05:37 742.95 15.78 79 3.13 0
05:38 742.95 15.78 79 3.13 0
05:39 742.95 15.83 79 3.58 0
05:40 742.95 15.83 79 4.02 0
05:41 742.95 15.83 79 2.24 0
05:42 742.95 15.89 79 1.79 0
05:43 742.95 15.89 78 2.24 0
05:44 742.95 15.94 78 2.68 0
05:45 742.95 15.94 78 1.34 0
05:46 742.95 16 78 1.79 0
05:47 742.95 16 78 3.13 0
05:48 742.95 16.06 78 3.13 0
05:49 742.95 16.06 78 3.13 0
05:50 742.95 16.11 78 2.24 0
05:51 742.95 16.11 78 1.79 0
05:52 742.95 16.11 78 1.34 0
05:53 742.95 16.17 77 3.13 0
05:54 742.95 16.17 77 3.58 0
05:55 742.95 16.22 77 3.58 0
05:56 742.95 16.22 77 3.58 0
05:57 742.95 16.22 77 2.24 0
05:58 742.7 16.22 77 2.68 0
05:59 742.95 16.28 77 3.58 0
06:00 742.95 16.28 77 3.58 0
06:01 742.7 16.28 77 1.79 0
06:02 742.95 16.33 77 2.24 0
06:03 742.95 16.39 77 2.24 0
06:04 742.95 16.39 77 1.79 0
06:05 742.95 16.44 77 1.79 0
06:06 742.95 16.44 77 1.34 0
06:07 742.7 16.5 77 .45 0
06:08 742.7 16.56 77 .89 0
06:09 742.95 16.61 77 1.79 0
06:10 742.7 16.67 76 4.02 0
06:11 742.7 16.67 76 2.68 0
06:12 742.7 16.67 76 2.68 0
06:13 742.7 16.67 76 2.24 0
06:14 742.7 16.67 76 3.13 0
06:15 742.95 16.67 76 2.24 0
06:16 742.7 16.67 76 3.13 0
06:17 742.7 16.67 76 3.13 0
06:18 742.7 16.72 76 2.24 0
06:19 742.7 16.72 76 1.79 0
06:20 742.7 16.72 76 3.58 0
06:21 742.7 16.67 76 1.79 0
06:22 742.7 16.72 76 1.79 0
06:23 742.7 16.72 76 .89 0
06:24 742.7 16.78 76 2.24 0
06:25 742.7 16.78 76 1.79 0
06:26 742.7 16.72 76 .45 0
06:27 742.7 16.78 76 1.79 0
06:28 742.7 16.78 76 .89 0
06:29 742.7 16.78 76 1.79 0
06:30 742.7 16.78 76 2.24 0
06:31 742.7 16.78 76 1.79 0
06:32 742.7 16.78 76 1.79 0
06:33 742.7 16.83 76 3.58 0
06:34 742.7 16.83 76 1.34 0
06:35 742.7 16.83 76 2.24 0
06:36 742.7 16.83 76 4.02 0
06:37 742.7 16.89 76 1.34 0
06:38 742.7 16.89 76 1.79 0
06:39 742.7 16.94 76 .89 0
06:40 742.7 16.94 76 1.34 0
06:41 742.7 17 76 1.79 0
06:42 742.7 17 76 1.79 0
06:43 742.7 17.06 75 .89 0
06:44 742.44 17.11 75 1.34 0
06:45 742.44 17.11 75 1.79 0
06:46 742.44 17.17 75 .89 0
06:47 742.44 17.17 75 1.79 0
06:48 742.44 17.22 75 1.34 0
06:49 742.44 17.28 75 .89 0
06:50 742.44 17.33 75 .89 0
06:51 742.44 17.39 75 1.34 0
06:52 742.44 17.44 75 1.34 0
06:53 742.44 17.5 75 .45 0
06:54 742.44 17.5 75 .89 0
06:55 742.7 17.56 75 .89 0
06:56 742.7 17.61 74 .89 0
06:57 742.7 17.67 74 2.24 0
06:58 742.7 17.72 74 1.34 0
06:59 742.7 17.72 74 .89 0
07:00 742.7 17.72 74 1.34 0
07:01 742.7 17.72 74 1.34 0
07:02 742.44 17.72 74 2.24 0
07:03 742.44 17.72 74 1.34 0
07:04 742.44 17.72 74 2.24 0
07:05 742.44 17.67 74 2.24 0
07:06 742.44 17.67 74 .89 0
07:07 742.7 17.72 74 .89 0
07:08 742.44 17.78 74 2.24 0
07:09 742.44 17.78 74 3.13 0
07:10 742.44 17.78 73 1.34 0
07:11 742.44 17.78 74 3.13 0
07:12 742.44 17.83 73 2.68 0
07:13 742.44 17.83 74 3.58 0
07:14 742.44 17.89 74 1.34 0
07:15 742.44 17.89 74 3.13 0
07:16 742.44 17.94 74 1.34 0
07:17 742.44 17.94 73 1.79 0
07:18 742.44 18 73 3.13 0
07:19 742.44 18.06 73 2.68 0
07:20 742.44 18.11 73 .89 0
07:21 742.44 18.11 73 1.34 0
07:22 742.44 18.17 73 1.79 0
07:23 742.44 18.22 72 1.34 0
07:24 742.44 18.28 72 2.24 0
07:25 742.44 18.28 72 1.79 0
07:26 742.44 18.28 72 2.24 0
07:27 742.44 18.33 72 1.79 0
07:28 742.44 18.39 72 2.68 0
07:29 742.44 18.39 71 1.79 0
07:30 742.44 18.44 71 .89 0
07:31 742.44 18.44 72 .45 0
07:32 742.44 18.5 72 1.79 0
07:33 742.44 18.56 71 4.02 0
07:34 742.44 18.56 71 1.79 0
07:35 742.44 18.61 72 1.34 0
07:36 742.44 18.67 72 2.68 0
07:37 742.44 18.67 71 3.13 0
07:38 742.44 18.61 71 2.24 0
07:39 742.44 18.61 71 1.79 0
07:40 742.44 18.61 71 1.34 0
07:41 742.44 18.61 72 2.68 0
07:42 742.44 18.61 71 2.68 0
07:43 742.44 18.61 71 2.68 0
07:44 742.44 18.61 71 2.68 0
07:45 742.44 18.67 71 3.58 0
07:46 742.44 18.67 71 2.24 0
07:47 742.44 18.67 71 2.68 0
07:48 742.44 18.72 71 2.68 0
07:49 742.44 18.78 71 4.47 0
07:50 742.44 18.78 70 4.47 0
07:51 742.44 18.78 71 2.24 0
07:52 742.44 18.78 71 2.24 0
07:53 742.44 18.83 71 2.68 0
07:54 742.44 18.89 70 .89 0
07:55 742.44 18.94 70 1.79 0
07:56 742.44 19 70 1.79 0
07:57 742.44 19 70 1.34 0
07:58 742.44 19.06 71 .89 0
07:59 742.44 19.11 71 .45 0
08:00 742.44 19.22 71 4.02 0
08:01 742.44 19.28 70 1.79 0
08:02 742.44 19.33 70 2.24 0
08:03 742.44 19.33 70 1.79 0
08:04 742.44 19.33 69 2.68 0
08:05 742.44 19.28 69 3.58 0
08:06 742.44 19.33 69 1.79 0
08:07 742.44 19.28 69 .89 0
08:08 742.19 19.28 70 2.24 0
08:09 742.19 19.33 70 1.34 0
08:10 742.44 19.39 69 1.34 0
08:11 742.19 19.5 69 1.34 0
08:12 742.44 19.56 69 2.24 0
08:13 742.19 19.61 68 2.68 0
08:14 742.19 19.67 68 1.79 0
08:15 742.19 19.67 68 3.13 0
08:16 742.19 19.72 68 1.79 0
08:17 742.19 19.78 68 .89 0
08:18 742.19 19.78 68 2.24 0
08:19 742.19 19.78 67 2.24 0
08:20 742.19 19.83 68 3.13 0
08:21 742.19 19.83 68 3.13 0
08:22 742.19 19.83 68 3.13 0
08:23 742.19 19.83 67 3.13 0
08:24 742.19 19.78 67 2.24 0
08:25 742.19 19.78 68 1.79 0
08:26 742.19 19.78 68 3.13 0
08:27 742.19 19.78 68 2.24 0
08:28 742.19 19.83 68 2.68 0
08:29 742.19 19.89 68 1.79 0
08:30 742.19 19.89 67 2.68 0
08:31 742.19 19.94 67 2.24 0
08:32 742.19 19.94 68 1.79 0
08:33 742.19 20.06 68 .89 0
08:34 742.19 20.11 67 1.79 0
08:35 742.19 20.11 67 2.24 0
08:36 742.19 20.17 67 1.34 0
08:37 742.19 20.22 67 3.13 0
08:38 742.19 20.17 66 1.79 0
08:39 742.19 20.22 66 2.24 0
08:40 742.19 20.22 66 2.24 0
08:41 742.19 20.22 66 3.13 0
08:42 742.19 20.17 66 3.13 0
08:43 742.19 20.17 66 3.13 0
08:44 742.19 20.11 66 4.02 0
08:45 742.19 20.17 67 1.79 0
08:46 742.19 20.22 66 3.58 0
08:47 742.19 20.22 66 2.68 0
08:48 742.19 20.28 66 .89 0
08:49 742.19 20.28 66 .89 0
08:50 742.19 20.39 66 1.34 0
08:51 742.19 20.44 66 2.24 0
08:52 742.19 20.44 66 1.79 0
08:53 742.19 20.44 66 1.79 0
08:54 742.19 20.5 66 1.79 0
08:55 742.19 20.56 66 2.68 0
08:56 742.19 20.5 66 2.68 0
08:57 742.19 20.56 66 2.68 0
08:58 742.19 20.56 66 2.68 0
08:59 742.19 20.61 66 3.13 0
09:00 742.19 20.61 66 2.68 0
09:01 742.19 20.61 65 3.13 0
09:02 742.19 20.61 65 1.34 0
09:03 742.19 20.61 66 1.34 0
09:04 742.19 20.61 65 1.34 0
09:05 742.19 20.67 66 1.79 0
09:06 742.19 20.78 65 2.24 0
09:07 742.19 20.89 65 2.68 0
09:08 742.19 20.94 64 .45 0
09:09 742.19 21 65 1.34 0
09:10 742.19 21.06 64 1.34 0
09:11 742.19 21.11 64 1.34 0
09:12 742.19 21.17 64 2.24 0
09:13 742.19 21.17 64 1.34 0
09:14 742.19 21.17 64 .45 0
09:15 742.19 21.22 64 2.68 0
09:16 742.19 21.28 64 3.13 0
09:17 742.19 21.33 63 3.13 0
09:18 742.19 21.33 63 2.68 0
09:19 742.19 21.39 63 2.68 0
09:20 742.19 21.44 64 2.24 0
09:21 742.19 21.5 64 1.79 0
09:22 742.19 21.56 64 1.79 0
09:23 742.19 21.61 63 1.79 0
09:24 742.19 21.61 63 1.79 0
09:25 742.19 21.67 63 .45 0
09:26 742.19 21.72 62 4.02 0
09:27 742.19 21.78 62 3.58 0
09:28 742.19 21.83 62 2.68 0
09:29 742.19 21.89 61 .89 0
09:30 742.19 21.89 62 2.24 0
09:31 742.19 21.94 62 2.68 0
09:32 742.19 22 61 .89 0
09:33 742.19 22.06 61 3.58 0
09:34 742.19 22.06 60 3.58 0
09:35 742.19 22.06 60 3.58 0
09:36 742.19 22.06 60 1.79 0
09:37 742.19 22.06 60 2.24 0
09:38 742.19 22 61 2.24 0
09:39 742.19 22 61 1.34 0
09:40 742.19 22.06 61 1.34 0
09:41 742.19 22.06 61 2.68 0
09:42 742.19 22.17 60 1.79 0
09:43 742.19 22.17 60 1.79 0
09:44 742.19 22.17 60 2.24 0
09:45 742.19 22.17 61 1.34 0
09:46 742.19 22.17 61 1.79 0
09:47 742.19 22.17 60 2.68 0
09:48 742.19 22.28 60 1.34 0
09:49 742.19 22.28 61 1.34 0
09:50 742.19 22.39 60 2.24 0
09:51 741.93 22.44 60 2.24 0
09:52 742.19 22.5 60 1.34 0
09:53 742.19 22.56 59 2.24 0
09:54 742.19 22.61 59 2.24 0
09:55 742.19 22.67 59 1.79 0
09:56 742.19 22.72 59 1.34 0
09:57 741.93 22.72 59 2.68 0
09:58 742.19 22.67 59 3.13 0
09:59 741.93 22.61 59 2.68 0
10:00 741.93 22.61 60 1.79 0
10:01 741.93 22.67 59 .45 0
10:02 741.93 22.78 58 2.68 0
10:03 741.93 22.78 59 1.79 0
10:04 741.93 22.83 58 1.34 0
10:05 741.93 22.83 58 1.34 0
10:06 741.93 22.89 58 .89 0
10:07 741.93 22.89 58 3.58 0
10:08 741.93 22.94 57 3.58 0
10:09 741.93 22.94 57 4.47 0
10:10 741.93 22.94 56 3.13 0
10:11 741.93 22.89 56 3.13 0
10:12 741.93 22.83 59 2.24 0
10:13 741.93 22.89 60 3.13 0
10:14 741.93 22.83 60 2.24 0
10:15 741.93 22.83 60 1.34 0
10:16 741.93 22.83 60 2.24 0
10:17 741.93 22.89 61 3.13 0
10:18 741.93 22.83 60 3.13 0
10:19 741.93 22.89 60 3.13 0
10:20 741.93 22.94 60 3.13 0
10:21 741.93 23 60 2.68 0
10:22 741.93 23 60 2.24 0
10:23 741.93 23.06 60 1.79 0
10:24 741.93 23.11 61 .89 0
10:25 741.93 23.22 61 1.79 0
10:26 741.93 23.28 61 3.13 0
10:27 741.93 23.39 60 2.24 0
10:28 741.93 23.5 60 2.24 0
10:29 741.93 23.5 58 2.68 0
10:30 741.93 23.56 58 3.13 0
10:31 741.93 23.56 59 1.34 0
10:32 741.93 23.61 58 4.02 0
10:33 741.93 23.61 58 3.58 0
10:34 741.93 23.61 58 2.68 0
10:35 741.93 23.61 59 4.47 0
10:36 741.93 23.67 59 3.13 0
10:37 741.93 23.67 58 3.13 0
10:38 741.93 23.67 58 2.68 0
10:39 741.93 23.67 58 1.34 0
10:40 741.93 23.67 59 3.13 0
10:41 741.93 23.72 58 5.36 0
10:42 741.93 23.72 57 3.13 0
10:43 741.93 23.78 58 3.58 0
10:44 741.93 23.72 57 3.13 0
10:45 741.93 23.78 58 2.68 0
10:46 741.93 23.78 57 2.68 0
10:47 741.93 23.78 56 2.24 0
10:48 741.93 23.78 56 3.58 0
10:49 741.93 23.83 57 2.68 0
10:50 741.93 23.94 56 3.58 0
10:51 741.93 23.94 56 3.13 0
10:52 741.93 24 56 2.68 0
10:53 741.93 24 55 4.47 0
10:54 741.93 23.94 54 4.02 0
10:55 741.93 23.89 53 4.47 0
10:56 741.93 23.83 54 4.02 0
10:57 741.93 23.72 54 1.79 0
10:58 741.93 23.67 54 .89 0
10:59 741.93 23.67 55 1.79 0
11:00 741.93 23.67 55 4.92 0
11:01 741.93 23.67 54 3.58 0
11:02 741.93 23.61 54 4.47 0
11:03 741.93 23.56 54 4.47 0
11:04 741.93 23.56 54 1.79 0
11:05 741.93 23.5 54 3.13 0
11:06 741.93 23.5 54 3.13 0
11:07 741.93 23.44 54 2.68 0
11:08 741.93 23.44 55 3.58 0
11:09 741.93 23.5 55 3.13 0
11:10 741.93 23.56 55 3.58 0
11:11 741.93 23.56 55 1.79 0
11:12 741.93 23.67 56 3.13 0
11:13 741.93 23.72 56 2.24 0
11:14 741.93 23.78 57 3.58 0
11:15 741.93 23.83 55 1.79 0
11:16 741.93 23.89 56 2.24 0
11:17 741.93 23.94 55 3.13 0
11:18 741.93 23.94 55 4.02 0
11:19 741.93 23.94 55 4.47 0
11:20 741.93 24 53 4.92 0
11:21 741.93 23.94 53 2.24 0
11:22 741.93 23.94 54 1.79 0
11:23 741.93 24 54 2.68 0
11:24 741.93 24.06 54 3.13 0
11:25 741.93 24.06 54 1.79 0
11:26 741.68 24.17 55 3.13 0
11:27 741.93 24.17 53 1.79 0
11:28 741.68 24.17 53 1.34 0
11:29 741.93 24.22 53 1.79 0
11:30 741.68 24.33 54 2.68 0
11:31 741.93 24.39 53 4.02 0
11:32 741.68 24.39 52 4.02 0
11:33 741.68 24.33 53 4.47 0
11:34 741.68 24.39 53 4.92 0
11:35 741.68 24.39 53 2.24 0
11:36 741.68 24.44 52 4.02 0
11:37 741.68 24.5 52 4.92 0
11:38 741.68 24.56 51 4.02 0
11:39 741.68 24.5 51 2.24 0
11:40 741.68 24.44 52 1.79 0
11:41 741.68 24.44 52 3.13 0
11:42 741.68 24.44 53 2.24 0
11:43 741.68 24.56 53 2.68 0
11:44 741.68 24.61 53 2.24 0
11:45 741.68 24.67 53 3.13 0
11:46 741.68 24.72 52 1.34 0
11:47 741.68 24.78 52 .89 0
11:48 741.68 24.83 52 3.13 0
11:49 741.43 24.89 52 3.13 0
11:50 741.43 24.94 51 2.68 0
11:51 741.43 25 51 4.47 0
11:52 741.43 25.06 50 4.02 0
11:53 741.43 25.06 49 3.58 0
11:54 741.43 25.06 49 2.24 0
11:55 741.43 25.06 49 2.68 0
11:56 741.43 25.11 49 1.34 0
11:57 741.43 25.17 50 1.34 0
11:58 741.43 25.17 48 2.24 0
11:59 741.43 25.28 49 3.58 0
12:00 741.43 25.28 49 4.47 0
12:01 741.43 25.17 49 4.47 0
12:02 741.43 25.17 49 4.47 0
12:03 741.43 25.11 49 4.92 0
12:04 741.43 25.06 49 4.92 0
12:05 741.43 25.06 48 4.47 0
12:06 741.43 25 48 3.13 0
12:07 741.43 25 47 3.13 0
12:08 741.43 25.06 48 4.92 0
12:09 741.43 25.11 47 4.92 0
12:10 741.43 25.17 47 4.02 0
12:11 741.43 25.22 48 3.13 0
12:12 741.17 25.22 48 2.24 0
12:13 741.17 25.22 48 3.58 0
12:14 741.43 25.22 48 2.24 0
12:15 741.17 25.28 47 1.79 0
12:16 741.43 25.28 47 .89 0
12:17 741.43 25.28 47 1.79 0
12:18 741.17 25.33 47 2.24 0
12:19 741.17 25.33 47 4.92 0
12:20 741.17 25.33 48 4.02 0
12:21 741.17 25.33 49 2.24 0
12:22 741.17 25.33 48 3.58 0
12:23 741.17 25.28 49 1.79 0
12:24 741.17 25.17 48 3.13 0
12:25 741.17 25.11 48 .89 0
12:26 741.17 25.11 47 2.24 0
12:27 741.17 25.11 48 1.79 0
12:28 741.17 25.17 48 2.24 0
12:29 741.17 25.17 48 2.68 0
12:30 741.17 25.17 48 3.13 0
12:31 741.17 25.11 47 3.58 0
12:32 741.17 25.06 48 4.02 0
12:33 741.17 24.94 48 4.92 0
12:34 741.17 24.83 49 3.13 0
12:35 741.17 24.72 49 2.68 0
12:36 741.17 24.61 50 2.68 0
12:37 741.17 24.56 50 2.24 0
12:38 741.17 24.5 50 3.13 0
12:39 741.17 24.44 51 4.92 0
12:40 741.17 24.33 52 4.02 0
12:41 741.17 24.22 53 5.81 0
12:42 741.17 23.94 53 3.58 0
12:43 741.17 23.78 54 4.02 0
12:44 741.17 23.61 55 3.58 0
12:45 741.17 23.44 55 3.58 0
12:46 741.17 23.28 55 1.79 0
12:47 741.17 23.17 57 3.13 0
12:48 741.17 23 58 4.02 0
12:49 741.43 22.83 59 3.13 0
12:50 741.43 22.72 60 4.47 0
12:51 741.43 22.5 62 5.81 0
12:52 741.43 22.28 63 8.49 0
12:53 741.43 21.94 63 3.58 5.84
12:54 741.43 21.72 64 9.83 5.84
12:55 741.43 21.39 59 5.36 21.84
12:56 741.43 21.06 56 4.47 16.76
12:57 741.43 20.78 60 4.47 16.76
12:58 741.43 20.5 59 3.13 18.54
12:59 741.17 20.22 58 9.39 28.96
13:00 741.43 19.89 62 5.36 44.2
13:01 741.17 19.72 62 1.79 41.15
13:02 741.17 19.72 58 1.79 21.08
13:03 741.17 19.89 57 .89 12.95
13:04 741.17 20 62 1.79 10.92
13:05 741.17 20.06 61 1.34 6.35
13:06 740.92 20.06 58 .89 4.57
13:07 740.92 20.11 61 1.34 3.56
13:08 740.92 20.17 57 .89 2.79
13:09 740.92 20.22 61 1.34 2.29
13:10 740.92 20.17 61 .89 2.03
13:11 740.92 20.22 61 .45 1.78
13:12 740.92 20.22 62 .45 1.52
13:13 740.92 20.22 62 0 1.52
13:14 740.92 20.22 64 0 1.52
13:15 740.92 20.28 71 .45 1.52
13:16 740.92 20.22 72 1.34 1.52
13:17 740.92 20.06 73 .45 1.52
13:18 740.92 20 73 0 1.52
13:19 740.92 19.94 74 0 1.52
13:20 740.92 19.94 75 0 1.52
13:21 740.92 20 74 .45 1.52
13:22 740.92 20 74 1.34 1.52
13:23 740.92 20.06 74 1.34 1.27
13:24 740.92 20.11 74 .89 1.27
13:25 740.92 20.22 74 1.34 1.27
13:26 740.92 20.33 74 1.34 1.02
13:27 740.92 20.44 75 1.79 1.02
13:28 740.92 20.61 75 1.79 1.02
13:29 740.92 20.78 76 3.13 1.02
13:30 740.92 21 74 2.68 0
13:31 741.17 21.11 72 8.94 0
13:32 740.92 21.06 71 6.26 0
13:33 740.92 20.94 62 6.26 0
13:34 740.92 20.78 61 4.47 0
13:35 741.17 20.67 62 4.02 0
13:36 741.17 20.56 62 3.58 0
13:37 740.92 20.5 62 .89 0
13:38 741.17 20.44 63 3.58 0
13:39 741.17 20.39 63 2.24 0
13:40 740.92 20.39 64 .45 0
13:41 741.17 20.33 66 1.34 0
13:42 740.92 20.33 65 .89 0
13:43 740.92 20.33 65 2.24 0
13:44 741.17 20.28 66 1.79 0
13:45 741.17 20.28 64 2.68 0
13:46 741.17 20.22 64 4.02 0
13:47 740.92 20.22 65 2.24 0
13:48 740.92 20.22 67 4.02 0
13:49 740.92 20.28 65 3.58 0
13:50 740.92 20.33 65 3.58 0
13:51 740.92 20.39 66 2.24 0
13:52 740.92 20.44 68 4.02 0
13:53 740.92 20.56 66 4.02 0
13:54 740.92 20.56 65 2.68 0
13:55 740.92 20.61 63 2.24 0
13:56 740.92 20.56 65 4.92 0
13:57 740.66 20.56 61 4.02 0
13:58 740.66 20.61 63 4.47 0
13:59 740.66 20.61 62 3.13 0
14:00 740.66 20.56 63 3.58 0
14:01 740.66 20.56 63 2.24 0
14:02 740.66 20.56 63 2.68 0
14:03 740.66 20.5 64 1.79 0
14:04 740.66 20.5 64 4.02 0
14:05 740.66 20.44 62 3.58 0
14:06 740.66 20.44 63 2.68 0
14:07 740.41 20.44 62 2.68 0
14:08 740.66 20.44 63 4.02 0
14:09 740.66 20.44 63 3.58 0
14:10 740.66 20.44 62 3.58 0
14:11 740.66 20.39 60 2.68 0
14:12 740.66 20.44 61 3.58 0
14:13 740.66 20.44 60 2.24 0
14:14 740.66 20.44 61 1.79 0
14:15 740.66 20.44 59 1.79 0
14:16 740.66 20.44 60 1.79 0
14:17 740.66 20.44 61 2.24 0
14:18 740.66 20.44 61 2.24 0
14:19 740.66 20.44 61 2.24 0
14:20 740.41 20.39 61 1.79 0
14:21 740.66 20.33 64 1.79 0
14:22 740.41 20.22 63 2.24 0
14:23 740.41 20.11 65 1.34 0
14:24 740.41 20 67 1.79 0
14:25 740.41 19.89 69 2.24 0
14:26 740.41 19.72 71 1.34 0
14:27 740.41 19.5 72 1.79 0
14:28 740.41 19.28 73 2.24 4.06
14:29 740.41 19.11 73 2.24 4.06
14:30 740.41 18.78 74 3.13 10.41
14:31 740.41 18.56 76 3.58 11.68
14:32 740.41 18.28 76 3.58 11.18
14:33 740.41 18.06 77 4.47 7.11
14:34 740.41 17.89 77 3.58 7.11
14:35 740.41 17.83 76 3.58 7.11
14:36 740.41 17.72 76 2.68 4.83
14:37 740.41 17.72 77 .45 4.32
14:38 740.66 17.72 78 4.47 4.32
14:39 740.66 17.72 78 4.02 4.32
14:40 740.66 17.89 75 4.02 4.06
14:41 740.66 17.94 75 3.58 3.3
14:42 740.66 18.06 75 5.81 2.79
14:43 740.66 18.17 73 6.26 2.29
14:44 740.66 18.33 73 5.81 2.03
14:45 740.66 18.44 71 6.26 1.78
14:46 740.66 18.61 71 2.24 1.78
14:47 740.41 18.78 66 3.58 1.78
14:48 740.41 19 67 2.24 1.78
14:49 740.41 19 67 4.47 1.78
14:50 740.41 19 67 4.02 1.78
14:51 740.41 18.89 69 3.58 1.78
14:52 740.41 18.83 69 2.24 1.78
14:53 740.41 18.78 69 2.24 1.78
14:54 740.41 18.67 71 3.13 1.78
14:55 740.41 18.56 71 3.13 1.52
14:56 740.16 18.44 72 2.24 1.52
14:57 740.16 18.39 72 1.79 1.27
14:58 740.41 18.33 74 3.13 1.27
14:59 740.41 18.28 73 2.68 1.02
15:00 740.41 18.28 73 3.13 1.02
15:01 740.16 18.28 73 2.24 1.02
15:02 740.41 18.28 71 3.58 1.02
15:03 740.16 18.33 71 2.68 0
15:04 740.41 18.33 73 1.79 0
15:05 740.41 18.39 73 2.68 0
15:06 740.16 18.44 73 1.79 0
15:07 740.16 18.44 73 .89 0
15:08 740.16 18.44 74 .89 0
15:09 740.16 18.44 74 .89 0
15:10 740.16 18.44 73 .45 0
15:11 740.41 18.44 74 .89 0
15:12 740.16 18.5 75 .89 0
15:13 740.41 18.5 77 .89 0
15:14 740.41 18.5 77 .45 0
15:15 740.41 18.5 78 .89 0
15:16 740.41 18.5 78 .89 0
15:17 740.16 18.44 76 .89 0
15:18 740.41 18.39 75 .89 0
15:19 740.16 18.44 76 .89 0
15:20 740.41 18.44 78 .45 0
15:21 740.41 18.5 79 .89 0
15:22 740.41 18.5 80 .89 0
15:23 740.41 18.44 78 .89 0
15:24 740.41 18.39 78 1.34 0
15:25 740.41 18.39 78 1.34 0
15:26 740.41 18.33 78 1.34 0
15:27 740.41 18.28 78 1.79 0
15:28 740.41 18.28 80 1.34 0
15:29 740.41 18.28 77 1.34 0
15:30 740.41 18.28 79 2.24 0
15:31 740.41 18.28 78 1.34 0
15:32 740.66 18.33 79 1.34 0
15:33 740.66 18.39 80 1.79 0
15:34 740.66 18.44 79 2.24 0
15:35 740.66 18.44 77 2.24 0
15:36 740.66 18.44 77 3.58 0
15:37 740.66 18.44 77 4.02 0
15:38 740.66 18.39 77 2.68 0
15:39 740.66 18.44 77 3.58 0
15:40 740.66 18.44 75 4.47 0
15:41 740.66 18.44 76 4.02 0
15:42 740.66 18.44 76 4.02 0
15:43 740.66 18.44 76 2.24 0
15:44 740.66 18.44 76 2.68 0
15:45 740.66 18.39 75 4.47 0
15:46 740.66 18.39 76 3.58 0
15:47 740.66 18.39 76 2.68 0
15:48 740.66 18.39 76 2.68 0
15:49 740.66 18.39 77 2.24 0
15:50 740.66 18.33 77 2.24 0
15:51 740.66 18.33 77 2.24 0
15:52 740.66 18.28 77 2.68 0
15:53 740.66 18.33 78 3.13 0
15:54 740.41 18.33 78 4.02 0
15:55 740.66 18.33 78 4.02 0
15:56 740.66 18.28 78 4.02 0
15:57 740.66 18.28 78 4.02 0
15:58 740.41 18.28 79 4.02 0
15:59 740.41 18.28 78 2.24 0
16:00 740.41 18.28 79 1.79 0
16:01 740.41 18.33 79 3.58 0
16:02 740.41 18.33 79 2.68 0
16:03 740.41 18.39 79 1.79 0
16:04 740.41 18.39 80 1.79 0
16:05 740.41 18.39 79 2.24 0
16:06 740.41 18.39 80 2.24 0
16:07 740.41 18.44 80 2.68 0
16:08 740.41 18.44 80 2.24 0
16:09 740.41 18.44 80 3.13 0
16:10 740.41 18.5 80 1.34 0
16:11 740.41 18.5 80 2.68 0
16:12 740.41 18.56 80 3.13 0
16:13 740.41 18.56 80 1.34 0
16:14 740.41 18.56 80 3.58 0
16:15 740.41 18.56 80 3.58 0
16:16 740.41 18.61 80 3.58 0
16:17 740.41 18.61 80 3.13 0
16:18 740.41 18.61 80 3.58 0
16:19 740.41 18.61 80 2.68 0
16:20 740.41 18.61 80 2.24 0
16:21 740.41 18.61 80 3.58 0
16:22 740.41 18.61 80 4.02 0
16:23 740.41 18.61 80 2.24 0
16:24 740.66 18.56 80 1.34 0
16:25 740.66 18.56 81 3.58 0
16:26 740.66 18.5 80 1.79 0
16:27 740.66 18.5 81 2.68 0
16:28 740.66 18.44 81 2.68 0
16:29 740.66 18.39 81 1.79 0
16:30 740.66 18.33 82 4.02 0
16:31 740.66 18.28 82 4.02 0
16:32 740.66 18.22 82 2.24 0
16:33 740.66 18.17 82 4.02 0
16:34 740.66 18.17 82 2.24 0
16:35 740.66 18.11 83 4.92 0
16:36 740.66 18.06 83 3.58 0
16:37 740.66 18 83 1.79 0
16:38 740.66 17.94 83 2.24 0
16:39 740.92 17.89 84 3.58 0
16:40 740.92 17.89 84 4.02 0
16:41 740.92 17.83 84 2.68 10.67
16:42 740.92 17.78 84 1.34 12.45
16:43 740.92 17.78 84 .45 10.16
16:44 740.92 17.72 85 .89 9.14
16:45 740.92 17.67 85 1.34 8.89
16:46 740.92 17.61 85 2.24 5.59
16:47 740.92 17.56 85 2.24 4.06
16:48 740.92 17.5 85 3.58 3.3
16:49 740.92 17.44 85 4.02 2.54
16:50 740.92 17.44 85 5.36 2.29
16:51 740.66 17.33 85 5.36 2.03
16:52 740.66 17.33 85 4.92 1.78
16:53 740.66 17.33 86 6.26 1.52
16:54 740.66 17.28 86 7.15 1.52
16:55 740.66 17.28 85 5.81 1.27
16:56 740.66 17.28 86 4.47 1.27
16:57 740.66 17.28 85 8.49 1.02
16:58 740.66 17.28 85 4.47 1.02
16:59 740.66 17.28 85 5.36 1.02
17:00 740.66 17.28 85 6.71 1.02
17:01 740.66 17.28 85 5.36 0
17:02 740.66 17.28 85 4.92 0
17:03 740.66 17.28 85 5.36 0
17:04 740.66 17.28 85 5.81 0
17:05 740.66 17.28 84 6.26 0
17:06 740.66 17.28 84 4.47 0
17:07 740.66 17.28 84 4.92 0
17:08 740.66 17.28 84 4.92 0
17:09 740.66 17.28 84 5.36 0
17:10 740.66 17.22 84 4.02 0
17:11 740.66 17.22 83 4.47 0
17:12 740.66 17.22 83 3.58 0
17:13 740.66 17.17 84 3.58 0
17:14 740.66 17.17 84 1.79 0
17:15 740.92 17.17 84 3.13 0
17:16 740.92 17.11 84 .89 0
17:17 740.92 17.11 84 .89 0
17:18 740.92 17.06 84 .45 0
17:19 740.92 17.11 85 .89 0
17:20 740.92 17.06 85 1.34 0
17:21 740.92 17 85 .89 0
17:22 740.92 17 85 1.34 5.33
17:23 741.17 17 85 .45 42.67
17:24 741.17 16.94 85 .45 34.8
17:25 741.17 16.94 85 1.34 34.54
17:26 741.17 16.94 85 2.68 47.75
17:27 740.92 16.89 85 1.34 39.12
17:28 740.92 16.78 86 .89 33.53
17:29 741.17 16.78 86 .45 32
17:30 741.17 16.72 86 .45 65.02
17:31 741.17 16.67 86 1.34 51.56
17:32 741.17 16.61 87 1.34 57.66
17:33 741.17 16.61 87 1.34 62.74
17:34 741.17 16.56 87 2.68 64.01
17:35 741.43 16.44 88 3.13 58.67
17:36 741.17 16.44 88 4.02 37.59
17:37 741.43 16.33 88 4.02 84.07
17:38 741.17 16.28 88 3.58 81.28
17:39 741.17 16.22 89 4.02 80.26
17:40 741.17 16.17 88 4.47 102.36
17:41 741.17 16.11 88 5.36 65.79
17:42 741.17 16 88 6.71 117.09
17:43 741.17 15.94 88 8.49 128.27
17:44 741.17 15.83 87 7.15 143.51
17:45 740.92 15.78 87 6.71 70.36
17:46 740.92 15.78 87 4.92 82.3
17:47 740.92 15.78 87 5.81 58.93
17:48 740.92 15.72 88 8.05 57.4
17:49 740.92 15.67 87 8.49 59.94
17:50 740.92 15.67 87 5.36 36.58
17:51 740.66 15.61 87 6.71 37.85
17:52 740.66 15.61 87 6.26 34.54
17:53 740.66 15.61 88 6.26 30.23
17:54 740.66 15.56 88 7.15 20.83
17:55 740.66 15.56 88 5.36 23.11
17:56 740.66 15.56 89 4.47 17.53
17:57 740.66 15.56 89 3.58 16
17:58 740.66 15.56 89 3.58 14.48
17:59 740.66 15.56 89 2.24 11.18
18:00 740.66 15.56 89 4.02 11.18
18:01 740.66 15.5 89 4.02 9.91
18:02 740.92 15.5 89 4.02 10.16
18:03 740.92 15.44 90 2.68 10.16
18:04 740.92 15.44 90 4.47 8.13
18:05 740.92 15.44 90 3.13 8.13
18:06 740.92 15.44 89 1.34 10.41
18:07 740.92 15.44 89 2.24 29.72
18:08 740.92 15.39 89 2.24 37.85
18:09 740.92 15.39 90 2.68 31.5
18:10 740.92 15.39 90 4.02 19.05
18:11 740.92 15.39 90 3.58 17.02
18:12 740.66 15.39 90 3.58 14.22
18:13 740.66 15.39 90 4.92 10.92
18:14 740.66 15.39 90 4.47 10.16
18:15 740.66 15.39 90 4.47 6.1
18:16 740.66 15.39 90 3.58 4.32
18:17 740.66 15.39 90 3.58 3.56
18:18 740.66 15.39 90 2.68 3.56
18:19 740.66 15.39 90 4.92 3.56
18:20 740.66 15.39 90 4.47 3.56
18:21 740.66 15.39 91 2.24 3.81
18:22 740.66 15.44 91 2.68 3.81
18:23 740.66 15.44 91 4.02 3.81
18:24 740.66 15.44 91 4.47 3.81
18:25 740.66 15.39 91 4.47 3.56
18:26 740.41 15.44 91 4.02 3.56
18:27 740.41 15.44 91 4.02 3.56
18:28 740.41 15.44 90 4.47 3.56
18:29 740.41 15.44 90 4.02 4.32
18:30 740.41 15.39 90 2.24 4.32
18:31 740.41 15.44 90 2.24 4.32
18:32 740.41 15.39 90 2.24 4.32
18:33 740.41 15.39 90 1.79 3.81
18:34 740.41 15.39 90 2.68 3.81
18:35 740.41 15.39 90 2.24 3.81
18:36 740.41 15.39 90 2.24 3.81
18:37 740.41 15.33 90 1.79 3.56
18:38 740.41 15.39 90 2.24 3.56
18:39 740.41 15.39 90 1.79 3.56
18:40 740.41 15.39 90 1.79 3.56
18:41 740.41 15.33 90 2.68 4.06
18:42 740.41 15.33 90 1.79 4.06
18:43 740.41 15.33 90 2.68 4.06
18:44 740.41 15.33 90 2.68 5.08
18:45 740.16 15.28 90 2.68 5.08
18:46 740.41 15.33 90 2.24 5.08
18:47 740.16 15.28 91 5.36 5.33
18:48 740.16 15.28 91 2.68 5.33
18:49 740.16 15.28 90 1.79 5.33
18:50 740.16 15.22 91 2.24 5.84
18:51 740.16 15.22 91 2.24 5.84
18:52 740.16 15.22 91 4.02 6.1
18:53 740.16 15.22 91 2.24 6.1
18:54 740.16 15.22 91 2.24 6.1
18:55 740.16 15.22 91 4.92 4.83
18:56 740.16 15.17 91 2.68 4.83
18:57 740.16 15.17 91 4.47 4.83
18:58 740.16 15.17 91 3.13 4.83
18:59 740.16 15.17 91 2.68 4.83
19:00 740.16 15.17 91 1.79 4.83
19:01 740.16 15.11 91 2.68 5.33
19:02 740.16 15.17 91 1.79 5.33
19:03 740.16 15.17 91 4.47 5.33
19:04 740.16 15.11 91 2.24 6.86
19:05 740.16 15.11 91 3.13 6.86
19:06 740.16 15.11 91 3.58 5.33
19:07 740.16 15.11 91 2.68 5.08
19:08 740.16 15.11 91 3.58 5.08
19:09 740.16 15.11 91 4.02 5.08
19:10 740.16 15.11 91 2.68 5.08
19:11 740.16 15.11 91 3.58 5.08
19:12 740.16 15.11 91 1.79 5.08
19:13 740.16 15.11 91 3.58 3.81
19:14 740.16 15.11 91 3.58 3.56
19:15 740.16 15.11 91 4.02 3.56
19:16 740.16 15.11 91 3.58 3.56
19:17 740.16 15.11 91 2.68 3.56
19:18 739.9 15.11 91 2.24 3.56
19:19 739.9 15.11 90 2.68 3.56
19:20 740.16 15.11 90 1.79 3.56
19:21 740.16 15.11 90 1.79 3.56
19:22 739.9 15.06 90 3.13 3.56
19:23 739.9 15.11 90 2.68 3.05
19:24 739.9 15.06 90 2.24 3.05
19:25 739.9 15.06 90 3.13 3.05
19:26 739.9 15.06 90 3.13 3.05
19:27 739.9 15.06 90 4.02 3.81
19:28 739.9 15.06 90 2.68 3.81
19:29 739.9 15.06 90 4.92 3.81
19:30 739.9 15.06 90 2.24 3.81
19:31 739.9 15.06 90 1.79 3.81
19:32 739.9 15.06 90 4.02 3.05
19:33 739.9 15.06 90 1.34 2.54
19:34 739.9 15.06 90 3.13 2.03
19:35 739.9 15.06 90 1.34 1.78
19:36 739.9 15.06 90 .89 1.78
19:37 739.9 15.06 90 1.79 1.52
19:38 739.9 15.06 90 1.34 1.27
19:39 739.9 15.06 91 2.24 1.27
19:40 739.9 15.06 91 1.79 1.27
19:41 739.9 15.06 91 2.68 1.27
19:42 739.9 15.06 91 2.68 1.27
19:43 739.9 15.06 91 2.24 1.27
19:44 739.9 15.06 91 1.79 1.27
19:45 739.9 15.06 91 1.79 1.27
19:46 739.9 15.06 91 3.58 1.27
19:47 739.9 15.06 91 2.68 1.27
19:48 739.9 15 91 2.68 1.27
19:49 739.9 15.06 91 1.79 1.27
19:50 739.9 15 91 2.68 1.27
19:51 739.9 15.06 91 2.24 1.27
19:52 739.9 15 91 2.24 1.27
19:53 739.9 15 91 2.24 1.02
19:54 739.9 15 91 2.68 1.02
19:55 739.9 15 91 2.24 1.02
19:56 739.9 15 91 3.13 1.02
19:57 739.65 15 91 3.58 0
19:58 739.65 15 91 3.13 0
19:59 739.65 15 91 2.24 0
20:00 739.65 15 91 2.24 0
20:01 739.65 15 91 1.79 0
20:02 739.65 15 92 2.24 0
20:03 739.65 15 92 2.24 0
20:04 739.65 15 92 1.34 0
20:05 739.65 15.06 92 2.68 0
20:06 739.65 15.06 92 2.68 0
20:07 739.65 15.06 92 3.13 0
20:08 739.65 15.06 92 1.79 0
20:09 739.65 15.06 92 3.13 0
20:10 739.65 15.06 92 2.24 0
20:11 739.65 15.06 92 1.34 0
20:12 739.65 15.06 92 3.58 0
20:13 739.39 15.06 92 1.34 0
20:14 739.65 15.06 92 2.68 0
20:15 739.39 15.06 92 1.34 0
20:16 739.39 15.06 92 2.24 0
20:17 739.39 15.06 92 2.24 0
20:18 739.39 15 92 3.58 0
20:19 739.39 15 92 2.24 0
20:20 739.39 15.06 92 4.02 0
20:21 739.39 15.06 92 2.24 0
20:22 739.39 15.06 92 3.13 0
20:23 739.39 15.06 92 4.92 0
20:24 739.39 15.06 92 .89 0
20:25 739.39 15.06 91 2.24 0
20:26 739.39 15.06 91 1.79 0
20:27 739.39 15.06 91 2.68 0
20:28 739.39 15.06 91 2.24 0
20:29 739.39 15.06 91 4.02 0
20:30 739.39 15.06 91 1.79 0
20:31 739.39 15.06 91 1.34 0
20:32 739.39 15.11 90 3.13 0
20:33 739.39 15.11 90 1.79 0
20:34 739.39 15.11 90 3.13 0
20:35 739.39 15.11 90 1.79 0
20:36 739.39 15.11 90 1.79 0
20:37 739.39 15.11 90 3.13 0
20:38 739.39 15.11 90 3.13 0
20:39 739.39 15.11 90 2.24 0
20:40 739.39 15.11 90 2.24 0
20:41 739.39 15.11 90 1.79 0
20:42 739.39 15.11 90 1.34 0
20:43 739.39 15.06 90 2.68 0
20:44 739.39 15.11 90 3.58 0
20:45 739.39 15.06 90 1.34 0
20:46 739.39 15.06 90 2.24 0
20:47 739.39 15.06 90 .89 0
20:48 739.39 15.06 90 1.34 0
20:49 739.39 15.06 90 1.79 0
20:50 739.39 15 90 2.68 0
20:51 739.39 15 90 1.79 0
20:52 739.39 15 90 1.34 0
20:53 739.39 15 90 2.24 0
20:54 739.39 15 90 .89 0
20:55 739.39 15 90 2.24 0
20:56 739.39 15 90 1.34 0
20:57 739.39 15 90 1.79 0
20:58 739.39 15 90 2.24 0
20:59 739.39 15 90 2.24 0
21:00 739.39 15 90 2.68 0
21:01 739.39 15 90 2.24 0
21:02 739.39 15 90 4.47 0
21:03 739.39 14.94 90 .89 0
21:04 739.39 14.94 90 1.34 0
21:05 739.39 15 90 1.79 0
21:06 739.39 14.94 90 1.79 0
21:07 739.39 14.94 90 2.24 0
21:08 739.39 14.94 90 1.79 0
21:09 739.39 14.94 90 3.58 0
21:10 739.39 14.94 90 1.79 0
21:11 739.14 14.94 90 2.68 0
21:12 739.39 14.89 90 2.24 0
21:13 739.14 14.89 90 .89 0
21:14 739.14 14.89 90 3.13 0
21:15 739.14 14.89 90 .89 0
21:16 739.14 14.83 90 2.24 0
21:17 739.14 14.83 90 1.34 0
21:18 739.14 14.83 90 1.34 0
21:19 739.14 14.83 90 1.34 0
21:20 739.14 14.83 90 1.79 0
21:21 739.14 14.89 90 1.79 0
21:22 739.14 14.83 90 1.34 0
21:23 739.14 14.83 90 .89 0
21:24 739.14 14.78 90 .89 0
21:25 739.14 14.83 90 1.79 0
21:26 739.14 14.83 90 .89 0
21:27 739.14 14.78 90 1.34 0
21:28 739.14 14.78 90 2.68 0
21:29 739.14 14.78 90 1.79 0
21:30 739.14 14.78 91 1.79 0
21:31 739.14 14.78 91 1.79 0
21:32 739.14 14.78 91 .89 0
21:33 739.14 14.78 91 1.79 0
21:34 739.14 14.78 91 1.79 0
21:35 739.14 14.78 91 2.24 0
21:36 739.14 14.72 91 1.79 0
21:37 739.14 14.72 91 2.68 0
21:38 739.14 14.72 91 3.13 0
21:39 739.14 14.72 90 1.79 0
21:40 739.14 14.78 90 2.68 0
21:41 739.14 14.78 90 1.34 0
21:42 739.14 14.78 90 2.24 0
21:43 739.14 14.78 90 1.79 0
21:44 739.14 14.72 90 2.68 0
21:45 739.14 14.72 90 2.24 0
21:46 739.14 14.78 91 1.34 0
21:47 739.14 14.78 91 .89 0
21:48 739.14 14.72 91 1.79 0
21:49 739.14 14.72 91 1.34 0
21:50 739.14 14.72 91 1.79 0
21:51 739.14 14.78 91 2.68 0
21:52 739.14 14.72 91 1.34 0
21:53 739.14 14.72 91 1.34 0
21:54 739.14 14.78 91 2.24 0
21:55 739.14 14.78 91 .89 0
21:56 739.14 14.72 91 1.79 0
21:57 739.14 14.78 91 .89 0
21:58 739.14 14.72 91 .89 0
21:59 739.14 14.72 91 1.34 0
22:00 739.14 14.72 91 1.79 0
22:01 739.14 14.72 91 1.79 0
22:02 739.14 14.78 91 1.34 0
22:03 739.14 14.78 91 1.79 0
22:04 739.14 14.78 91 2.24 0
22:05 739.14 14.78 91 1.79 0
22:06 739.14 14.78 91 3.13 0
22:07 739.14 14.78 91 2.68 0
22:08 739.14 14.78 91 1.79 0
22:09 739.14 14.78 91 1.34 0
22:10 739.14 14.78 91 3.58 0
22:11 739.14 14.83 91 1.79 0
22:12 739.14 14.78 91 1.79 0
22:13 739.14 14.78 91 1.34 0
22:14 739.14 14.83 91 1.34 0
22:15 739.14 14.78 91 .89 0
22:16 739.14 14.83 91 1.79 0
22:17 739.14 14.83 91 3.13 0
22:18 739.14 14.83 91 1.79 0
22:19 739.14 14.83 91 1.34 0
22:20 739.14 14.83 91 .89 0
22:21 739.14 14.83 91 1.79 0
22:22 739.14 14.78 91 .45 0
22:23 739.14 14.78 91 1.34 0
22:24 739.14 14.78 91 1.34 0
22:25 739.14 14.83 91 1.79 0
22:26 739.14 14.78 91 1.79 0
22:27 739.14 14.78 91 1.34 0
22:28 739.14 14.78 91 1.79 0
22:29 739.14 14.83 91 .89 0
22:30 739.14 14.78 91 1.34 0
22:31 739.14 14.78 91 1.79 0
22:32 739.14 14.83 91 .89 0
22:33 739.14 14.83 91 .89 0
22:34 739.14 14.83 92 1.34 0
22:35 739.14 14.83 91 1.79 0
22:36 739.14 14.78 91 1.34 0
22:37 739.14 14.83 91 1.79 0
22:38 739.14 14.78 91 1.34 0
22:39 739.14 14.78 91 1.34 0
22:40 739.14 14.78 91 1.34 0
22:41 739.14 14.78 91 .89 0
22:42 739.14 14.78 91 1.79 0
22:43 739.14 14.78 91 1.34 0
22:44 739.14 14.78 91 1.79 0
22:45 739.14 14.78 91 1.34 0
22:46 739.14 14.78 91 1.34 0
22:47 739.14 14.78 91 .45 0
22:48 739.14 14.78 91 1.79 0
22:49 739.14 14.78 91 .89 0
22:50 739.14 14.78 91 .45 0
22:51 739.14 14.78 91 .45 0
22:52 739.14 14.78 91 .89 0
22:53 739.14 14.78 91 .89 0
22:54 739.14 14.78 92 .89 0
22:55 739.14 14.78 92 .45 0
22:56 739.14 14.72 92 .89 0
22:57 739.14 14.78 92 .89 0
22:58 739.14 14.78 92 .89 0
22:59 739.14 14.78 92 .89 0
23:00 739.14 14.78 92 .45 0
23:01 739.14 14.78 92 .45 0
23:02 739.14 14.72 92 0 0
23:03 739.14 14.72 92 .89 0
23:04 739.14 14.72 92 .45 0
23:05 739.14 14.72 92 .45 0
23:06 739.14 14.72 92 .89 0
23:07 739.14 14.72 92 1.34 0
23:08 739.14 14.72 92 1.34 0
23:09 739.14 14.72 92 .89 0
23:10 739.14 14.72 92 .89 0
23:11 739.14 14.72 92 .89 0
23:12 739.14 14.72 92 .89 0
23:13 739.14 14.72 92 .89 0
23:14 739.14 14.72 92 .89 0
23:15 739.14 14.72 92 .89 0
23:16 739.14 14.72 92 .89 0
23:17 739.14 14.72 92 1.34 0
23:18 739.14 14.72 92 .89 0
23:19 739.14 14.67 92 .89 0
23:20 739.14 14.67 92 .45 0
23:21 739.14 14.67 92 .89 0
23:22 739.14 14.67 92 .89 0
23:23 739.14 14.67 92 .45 0
23:24 739.14 14.61 92 .89 0
23:25 739.14 14.61 92 .45 0
23:26 739.14 14.61 92 .45 0
23:27 739.14 14.61 92 .45 0
23:28 739.14 14.61 92 .89 0
23:29 739.14 14.61 92 .45 0
23:30 739.14 14.61 92 .89 0
23:31 739.14 14.56 92 .45 0
23:32 739.14 14.56 92 .89 0
23:33 739.14 14.56 92 .89 0
23:34 739.14 14.56 92 .89 0
23:35 739.14 14.56 92 .89 0
23:36 738.89 14.56 92 .45 0
23:37 738.89 14.56 92 .45 0
23:38 738.89 14.5 92 .45 0
23:39 738.89 14.5 92 1.34 0
23:40 738.89 14.56 92 1.79 0
23:41 738.89 14.5 93 1.34 0
23:42 738.89 14.5 93 1.79 0
23:43 738.89 14.5 93 1.79 0
23:44 738.89 14.44 93 .89 0
23:45 738.89 14.5 93 1.34 0
23:46 738.89 14.44 93 .89 0
23:47 738.89 14.44 93 .45 0
23:48 738.89 14.44 93 .45 0
23:49 738.89 14.44 93 .45 0
23:50 738.89 14.44 93 .89 0
23:51 738.89 14.44 93 .45 0
23:52 738.89 14.44 93 .89 0
23:53 738.89 14.44 93 .45 0
23:54 738.89 14.44 93 .45 0
23:55 738.89 14.44 93 1.79 0
23:56 738.89 14.44 93 1.34 0
23:57 738.89 14.44 93 1.34 0
23:58 738.89 14.39 93 1.79 0
23:59 738.89 14.39 93 1.79 0
