00:00 746.51 -2.22 80 1.79 0
00:01 746.51 -2.22 80 2.24 0
00:02 746.51 -2.28 80 2.24 0
00:03 746.51 -2.22 80 2.68 0
00:04 746.51 -2.28 80 1.79 0
00:05 746.51 -2.28 80 3.58 0
00:06 746.51 -2.22 79 2.24 0
00:07 746.51 -2.28 79 1.79 0
00:08 746.51 -2.22 79 3.13 0
00:09 746.51 -2.22 79 2.24 0
00:10 746.51 -2.22 79 1.79 0
00:11 746.51 -2.28 79 2.24 0
00:12 746.51 -2.28 79 2.24 0
00:13 746.51 -2.33 79 2.24 0
00:14 746.51 -2.28 79 2.24 0
00:15 746.51 -2.33 79 3.58 0
00:16 746.51 -2.28 79 2.68 0
00:17 746.51 -2.28 78 3.58 0
00:18 746.51 -2.33 78 2.24 0
00:19 746.51 -2.33 78 1.79 0
00:20 746.51 -2.33 78 3.58 0
00:21 746.51 -2.33 78 2.24 0
00:22 746.51 -2.33 78 1.79 0
00:23 746.51 -2.33 78 1.79 0
00:24 746.51 -2.33 78 2.68 0
00:25 746.51 -2.39 78 2.68 0
00:26 746.51 -2.33 78 4.02 0
00:27 746.51 -2.39 78 3.13 0
00:28 746.51 -2.39 78 3.58 0
00:29 746.51 -2.39 78 3.58 0
00:30 746.51 -2.39 77 3.58 0
00:31 746.51 -2.39 77 2.68 0
00:32 746.51 -2.44 77 2.68 0
00:33 746.51 -2.39 77 3.58 0
00:34 746.51 -2.44 77 3.58 0
00:35 746.51 -2.44 77 1.79 0
00:36 746.51 -2.44 77 1.79 0
00:37 746.51 -2.44 77 2.24 0
00:38 746.51 -2.44 77 2.68 0
00:39 746.51 -2.44 76 1.79 0
00:40 746.51 -2.5 76 4.02 0
00:41 746.51 -2.44 76 4.47 0
00:42 746.51 -2.44 75 2.68 0
00:43 746.51 -2.44 75 2.68 0
00:44 746.51 -2.44 76 3.13 0
00:45 746.51 -2.5 76 2.24 0
00:46 746.51 -2.56 76 1.79 0
00:47 746.51 -2.56 76 2.24 0
00:48 746.51 -2.56 76 1.79 0
00:49 746.51 -2.61 76 1.79 0
00:50 746.51 -2.61 76 2.24 0
00:51 746.51 -2.61 76 2.24 0
00:52 746.51 -2.67 76 2.24 0
00:53 746.51 -2.67 76 2.24 0
00:54 746.51 -2.67 76 1.34 0
00:55 746.51 -2.72 76 2.68 0
00:56 746.51 -2.72 76 2.24 0
00:57 746.51 -2.72 76 1.79 0
00:58 746.51 -2.72 76 1.34 0
00:59 746.51 -2.72 76 1.79 0
01:00 746.51 -2.78 76 1.34 0
01:01 746.51 -2.78 76 1.34 0
01:02 746.51 -2.78 76 2.68 0
01:03 746.51 -2.83 76 2.68 0
01:04 746.51 -2.83 76 2.24 0
01:05 746.51 -2.83 76 2.24 0
01:06 746.51 -2.83 76 1.79 0
01:07 746.51 -2.83 76 2.24 0
01:08 746.51 -2.83 76 2.24 0
01:09 746.51 -2.89 76 1.79 0
01:10 746.51 -2.94 76 1.79 0
01:11 746.51 -2.94 76 1.34 0
01:12 746.51 -2.94 76 1.34 0
01:13 746.51 -2.94 76 1.79 0
01:14 746.51 -3 76 1.79 0
01:15 746.76 -3.06 76 1.79 0
01:16 746.51 -3.06 76 2.24 0
01:17 746.76 -3.06 76 1.34 0
01:18 746.51 -3.11 76 1.79 0
01:19 746.51 -3.11 76 1.79 0
01:20 746.51 -3.17 76 1.79 0
01:21 746.76 -3.11 75 1.79 0
01:22 746.76 -3.17 76 3.13 0
01:23 746.76 -3.17 75 3.13 0
01:24 746.76 -3.17 75 1.79 0
01:25 746.76 -3.17 75 1.79 0
01:26 746.76 -3.17 75 1.79 0
01:27 746.76 -3.22 75 1.34 0
01:28 746.76 -3.22 75 2.24 0
01:29 746.76 -3.28 75 1.34 0
01:30 746.76 -3.28 75 1.79 0
01:31 746.76 -3.28 76 1.34 0
01:32 746.76 -3.33 76 2.24 0
01:33 746.76 -3.33 76 1.79 0
01:34 746.76 -3.33 75 1.79 0
01:35 746.76 -3.33 75 1.79 0
01:36 746.76 -3.33 76 2.24 0
01:37 746.76 -3.33 76 1.34 0
01:38 746.76 -3.33 76 1.34 0
01:39 746.76 -3.39 76 1.34 0
01:40 746.76 -3.44 75 1.34 0
01:41 746.76 -3.44 75 1.34 0
01:42 746.76 -3.44 76 2.24 0
01:43 746.76 -3.44 75 1.79 0
01:44 746.76 -3.5 75 1.34 0
01:45 746.76 -3.5 75 1.34 0
01:46 746.76 -3.56 75 1.34 0
01:47 746.76 -3.56 75 .89 0
01:48 746.76 -3.56 76 .89 0
01:49 746.76 -3.56 76 .89 0
01:50 746.76 -3.56 76 1.79 0
01:51 746.76 -3.61 76 .89 0
01:52 746.76 -3.61 76 .89 0
01:53 746.76 -3.61 76 .89 0
01:54 746.76 -3.67 76 .89 0
01:55 746.76 -3.67 76 1.34 0
01:56 746.76 -3.67 76 .89 0
01:57 746.76 -3.72 75 .89 0
01:58 746.76 -3.72 75 1.34 0
01:59 746.76 -3.72 75 1.34 0
02:00 746.76 -3.72 75 .89 0
02:01 746.76 -3.78 75 1.34 0
02:02 746.76 -3.78 75 1.34 0
02:03 746.76 -3.78 75 1.34 0
02:04 746.76 -3.78 75 .89 0
02:05 746.76 -3.83 75 1.34 0
02:06 746.76 -3.83 75 1.34 0
02:07 746.76 -3.83 75 1.34 0
02:08 746.76 -3.83 75 1.34 0
02:09 746.76 -3.89 75 .89 0
02:10 746.76 -3.89 76 1.34 0
02:11 746.76 -3.89 76 1.34 0
02:12 746.76 -3.94 76 1.79 0
02:13 746.76 -3.89 76 1.34 0
02:14 746.76 -3.94 76 1.79 0
02:15 746.76 -3.94 76 1.34 0
02:16 746.76 -3.94 76 1.34 0
02:17 747.01 -3.94 76 1.34 0
02:18 746.76 -4 76 1.34 0
02:19 746.76 -4 76 1.34 0
02:20 746.76 -4.06 76 1.79 0
02:21 746.76 -4.06 76 1.79 0
02:22 746.76 -4.06 76 1.34 0
02:23 746.76 -4.06 76 1.79 0
02:24 746.76 -4.11 76 1.34 0
02:25 747.01 -4.06 76 1.34 0
02:26 746.76 -4.11 76 1.34 0
02:27 747.01 -4.11 76 1.34 0
02:28 746.76 -4.11 78 1.34 0
02:29 747.01 -4.11 78 1.34 0
02:30 747.01 -4.11 78 1.34 0
02:31 746.76 -4.11 77 .89 0
02:32 746.76 -4.11 77 .89 0
02:33 747.01 -4.17 77 .89 0
02:34 747.01 -4.17 77 1.34 0
02:35 747.01 -4.17 77 1.34 0
02:36 747.01 -4.17 77 1.34 0
02:37 747.01 -4.17 77 1.34 0
02:38 747.01 -4.17 77 .45 0
02:39 747.01 -4.22 78 .89 0
02:40 747.01 -4.22 77 .89 0
02:41 747.01 -4.22 77 1.34 0
02:42 747.01 -4.28 78 1.34 0
02:43 747.01 -4.28 78 .89 0
02:44 747.01 -4.28 78 .89 0
02:45 747.01 -4.28 78 .89 0
02:46 747.01 -4.33 78 .89 0
02:47 747.01 -4.33 78 .45 0
02:48 747.01 -4.33 78 .89 0
02:49 747.01 -4.33 78 .89 0
02:50 747.01 -4.39 78 .45 0
02:51 747.01 -4.39 78 .89 0
02:52 747.01 -4.44 78 .89 0
02:53 747.01 -4.44 78 .89 0
02:54 747.01 -4.44 78 .89 0
02:55 747.01 -4.5 78 .89 0
02:56 747.01 -4.5 78 .89 0
02:57 747.01 -4.56 78 1.79 0
02:58 747.01 -4.61 78 .89 0
02:59 747.01 -4.61 78 .89 0
03:00 747.01 -4.67 79 .89 0
03:01 747.01 -4.67 78 .89 0
03:02 747.01 -4.72 79 .89 0
03:03 747.01 -4.72 79 1.34 0
03:04 747.01 -4.78 79 .89 0
03:05 747.01 -4.78 79 .45 0
03:06 747.01 -4.78 79 .89 0
03:07 747.01 -4.83 79 .45 0
03:08 747.01 -4.83 79 .45 0
03:09 747.01 -4.83 79 .45 0
03:10 747.01 -4.83 79 .45 0
03:11 747.01 -4.83 79 .89 0
03:12 747.01 -4.89 79 1.34 0
03:13 747.01 -4.89 79 .89 0
03:14 747.01 -4.89 80 .89 0
03:15 747.01 -4.94 80 .89 0
03:16 747.01 -4.94 79 1.34 0
03:17 747.01 -5 79 .89 0
03:18 747.01 -5.06 80 .45 0
03:19 747.01 -5.06 80 .89 0
03:20 747.01 -5.11 80 .89 0
03:21 747.01 -5.11 80 .89 0
03:22 747.01 -5.11 80 .89 0
03:23 747.01 -5.17 80 .89 0
03:24 747.01 -5.17 80 .89 0
03:25 747.01 -5.17 81 .89 0
03:26 747.01 -5.22 81 1.34 0
03:27 747.01 -5.22 81 1.34 0
03:28 747.01 -5.22 81 1.34 0
03:29 747.01 -5.22 81 .89 0
03:30 747.01 -5.28 81 1.34 0
03:31 747.01 -5.28 81 .89 0
03:32 747.01 -5.33 81 .89 0
03:33 747.01 -5.33 81 .89 0
03:34 747.01 -5.33 81 .89 0
03:35 747.01 -5.39 82 .45 0
03:36 747.01 -5.39 81 .89 0
03:37 747.01 -5.39 82 1.34 0
03:38 747.01 -5.39 82 .89 0
03:39 747.01 -5.39 82 .45 0
03:40 747.01 -5.44 82 .89 0
03:41 747.01 -5.44 82 .89 0
03:42 747.01 -5.44 82 .89 0
03:43 747.01 -5.5 82 .89 0
03:44 747.01 -5.5 82 .89 0
03:45 747.01 -5.5 82 .89 0
03:46 747.01 -5.5 83 .45 0
03:47 747.01 -5.56 82 .89 0
03:48 747.01 -5.56 83 .45 0
03:49 746.76 -5.56 83 .89 0
03:50 747.01 -5.56 83 .45 0
03:51 747.01 -5.61 83 .89 0
03:52 747.01 -5.61 83 1.34 0
03:53 747.01 -5.61 83 1.34 0
03:54 747.01 -5.61 83 1.34 0
03:55 747.01 -5.67 83 1.34 0
03:56 746.76 -5.67 83 1.34 0
03:57 747.01 -5.67 83 1.34 0
03:58 746.76 -5.67 83 1.79 0
03:59 747.01 -5.67 83 1.34 0
04:00 746.76 -5.67 83 .89 0
04:01 747.01 -5.67 83 1.34 0
04:02 747.01 -5.67 84 1.34 0
04:03 747.01 -5.67 84 .45 0
04:04 747.01 -5.67 84 1.34 0
04:05 747.01 -5.72 84 1.34 0
04:06 747.01 -5.72 84 1.34 0
04:07 747.01 -5.78 84 .45 0
04:08 747.01 -5.72 84 .45 0
04:09 747.01 -5.78 84 .89 0
04:10 747.01 -5.78 84 1.34 0
04:11 747.01 -5.78 84 .89 0
04:12 746.76 -5.78 84 1.34 0
04:13 747.01 -5.78 84 1.79 0
04:14 747.01 -5.78 84 1.79 0
04:15 747.01 -5.83 84 1.79 0
04:16 747.01 -5.83 84 1.79 0
04:17 747.01 -5.83 84 1.34 0
04:18 747.01 -5.83 84 2.24 0
04:19 747.01 -5.83 84 1.34 0
04:20 747.01 -5.89 84 2.24 0
04:21 747.01 -5.89 84 2.24 0
04:22 747.01 -5.89 84 2.24 0
04:23 747.01 -5.89 84 1.79 0
04:24 747.01 -5.94 84 1.79 0
04:25 747.01 -5.94 84 1.34 0
04:26 746.76 -5.94 84 1.34 0
04:27 747.01 -5.94 84 1.79 0
04:28 747.01 -6 84 1.79 0
04:29 747.01 -5.94 84 2.24 0
04:30 746.76 -6 84 1.79 0
04:31 747.01 -5.94 84 1.79 0
04:32 747.01 -6 84 1.79 0
04:33 747.01 -6 84 1.79 0
04:34 747.01 -6 84 1.34 0
04:35 747.01 -6 84 1.79 0
04:36 747.01 -6 83 1.34 0
04:37 747.01 -6 83 1.34 0
04:38 747.01 -6.06 83 1.34 0
04:39 747.01 -6.06 83 1.79 0
04:40 747.01 -6 83 1.34 0
04:41 747.01 -6.06 83 1.79 0
04:42 747.01 -6.06 83 1.34 0
04:43 747.01 -6.06 83 1.79 0
04:44 747.01 -6.06 83 1.79 0
04:45 747.01 -6.06 83 1.79 0
04:46 747.01 -6.06 83 1.34 0
04:47 747.01 -6.06 83 1.79 0
04:48 747.01 -6.11 83 1.34 0
04:49 747.01 -6.06 83 1.34 0
04:50 747.01 -6.11 83 1.34 0
04:51 747.01 -6.11 83 .89 0
04:52 747.01 -6.11 83 1.34 0
04:53 747.01 -6.11 83 1.34 0
04:54 747.01 -6.11 83 1.34 0
04:55 747.01 -6.17 83 1.34 0
04:56 747.01 -6.17 83 1.79 0
04:57 747.01 -6.17 83 .89 0
04:58 747.01 -6.22 83 1.34 0
04:59 747.01 -6.22 83 1.34 0
05:00 747.01 -6.28 83 1.34 0
05:01 747.01 -6.28 83 1.34 0
05:02 747.01 -6.28 83 1.79 0
05:03 747.01 -6.28 83 .89 0
05:04 747.01 -6.28 83 .89 0
05:05 747.01 -6.33 83 1.34 0
05:06 747.01 -6.33 83 .89 0
05:07 747.01 -6.39 83 1.34 0
05:08 747.01 -6.39 83 1.34 0
05:09 747.01 -6.39 84 1.34 0
05:10 747.01 -6.39 84 1.34 0
05:11 747.01 -6.39 84 1.34 0
05:12 747.01 -6.44 84 1.34 0
05:13 747.01 -6.44 84 .89 0
05:14 747.01 -6.44 84 .89 0
05:15 747.01 -6.44 84 1.34 0
05:16 747.01 -6.5 84 .89 0
05:17 747.01 -6.5 84 .89 0
05:18 747.01 -6.5 84 1.34 0
05:19 747.01 -6.56 84 .89 0
05:20 747.01 -6.56 84 .89 0
05:21 747.01 -6.56 84 .89 0
05:22 747.01 -6.61 84 1.34 0
05:23 747.01 -6.61 84 1.34 0
05:24 747.01 -6.61 84 .89 0
05:25 747.01 -6.61 84 .89 0
05:26 747.01 -6.61 84 1.34 0
05:27 747.01 -6.61 84 1.34 0
05:28 747.01 -6.61 84 .89 0
05:29 747.01 -6.61 84 1.34 0
05:30 747.01 -6.67 84 1.34 0
05:31 747.01 -6.67 84 .89 0
05:32 747.27 -6.67 84 1.34 0
05:33 747.01 -6.67 84 .89 0
05:34 747.01 -6.72 84 .89 0
05:35 747.01 -6.72 84 .89 0
05:36 747.27 -6.72 84 .89 0
05:37 747.27 -6.72 84 .89 0
05:38 747.27 -6.78 84 .89 0
05:39 747.27 -6.83 84 .89 0
05:40 747.01 -6.89 84 .89 0
05:41 747.27 -6.94 84 1.34 0
05:42 747.27 -7 84 .89 0
05:43 747.27 -7.11 84 1.34 0
05:44 747.27 -7.17 84 1.34 0
05:45 747.27 -7.22 84 .89 0
05:46 747.27 -7.28 84 .89 0
05:47 747.27 -7.28 84 1.34 0
05:48 747.27 -7.33 84 1.34 0
05:49 747.27 -7.33 85 .89 0
05:50 747.27 -7.33 85 1.34 0
05:51 747.27 -7.33 85 .89 0
05:52 747.27 -7.33 85 .89 0
05:53 747.27 -7.39 85 1.34 0
05:54 747.27 -7.33 85 1.34 0
05:55 747.27 -7.44 86 .89 0
05:56 747.27 -7.44 85 1.34 0
05:57 747.27 -7.56 85 1.34 0
05:58 747.27 -7.56 85 1.34 0
05:59 747.27 -7.61 85 1.34 0
06:00 747.27 -7.67 85 .89 0
06:01 747.27 -7.72 85 .89 0
06:02 747.27 -7.72 85 1.34 0
06:03 747.27 -7.72 86 .89 0
06:04 747.27 -7.72 86 .89 0
06:05 747.27 -7.72 86 .89 0
06:06 747.27 -7.67 86 .89 0
06:07 747.27 -7.67 86 .89 0
06:08 747.27 -7.61 86 .89 0
06:09 747.27 -7.67 86 .45 0
06:10 747.27 -7.61 86 .45 0
06:11 747.27 -7.67 86 .89 0
06:12 747.27 -7.61 86 .89 0
06:13 747.27 -7.67 86 .89 0
06:14 747.27 -7.61 86 .89 0
06:15 747.27 -7.67 86 .89 0
06:16 747.27 -7.67 86 .89 0
06:17 747.27 -7.67 86 1.34 0
06:18 747.27 -7.67 86 1.34 0
06:19 747.27 -7.67 86 .89 0
06:20 747.27 -7.67 87 .45 0
06:21 747.27 -7.72 87 1.34 0
06:22 747.27 -7.72 87 .89 0
06:23 747.27 -7.72 86 1.34 0
06:24 747.27 -7.78 86 1.34 0
06:25 747.27 -7.78 87 .89 0
06:26 747.27 -7.83 87 1.34 0
06:27 747.27 -7.83 86 .89 0
06:28 747.27 -7.83 87 1.34 0
06:29 747.27 -7.89 86 1.34 0
06:30 747.27 -7.94 86 1.34 0
06:31 747.27 -7.94 86 1.34 0
06:32 747.27 -8.06 86 1.34 0
06:33 747.27 -8.06 86 1.34 0
06:34 747.27 -8.11 86 .89 0
06:35 747.27 -8.17 86 1.34 0
06:36 747.27 -8.17 86 1.34 0
06:37 747.27 -8.17 87 1.34 0
06:38 747.27 -8.17 87 1.34 0
06:39 747.27 -8.17 87 1.34 0
06:40 747.27 -8.17 87 1.34 0
06:41 747.27 -8.11 87 1.34 0
06:42 747.27 -8.11 87 1.34 0
06:43 747.27 -8.06 87 .89 0
06:44 747.27 -8.06 87 .89 0
06:45 747.27 -8.06 87 .89 0
06:46 747.27 -8.06 87 .89 0
06:47 747.27 -8.06 87 .89 0
06:48 747.27 -8.06 87 .89 0
06:49 747.27 -8.06 87 .89 0
06:50 747.27 -8.06 87 .45 0
06:51 747.27 -8 87 .89 0
06:52 747.27 -8 87 .89 0
06:53 747.27 -8 87 .89 0
06:54 747.27 -7.94 87 .89 0
06:55 747.27 -8 87 .89 0
06:56 747.27 -7.94 87 .89 0
06:57 747.27 -7.94 87 .89 0
06:58 747.27 -7.89 87 .89 0
06:59 747.27 -7.89 87 .89 0
07:00 747.27 -7.89 87 .89 0
07:01 747.27 -7.83 87 .89 0
07:02 747.27 -7.83 87 .89 0
07:03 747.27 -7.83 87 .89 0
07:04 747.27 -7.83 87 .45 0
07:05 747.27 -7.83 87 .89 0
07:06 747.27 -7.83 87 .89 0
07:07 747.27 -7.83 87 1.34 0
07:08 747.27 -7.83 87 .89 0
07:09 747.27 -7.78 87 1.34 0
07:10 747.27 -7.78 87 1.34 0
07:11 747.27 -7.78 87 .89 0
07:12 747.27 -7.78 87 1.34 0
07:13 747.27 -7.78 87 .89 0
07:14 747.27 -7.78 87 .89 0
07:15 747.27 -7.78 87 1.34 0
07:16 747.27 -7.72 87 1.34 0
07:17 747.52 -7.78 87 1.34 0
07:18 747.27 -7.72 87 .89 0
07:19 747.27 -7.72 87 .89 0
07:20 747.27 -7.72 87 .89 0
07:21 747.27 -7.67 87 .89 0
07:22 747.52 -7.67 87 1.34 0
07:23 747.27 -7.67 87 1.34 0
07:24 747.27 -7.67 87 1.34 0
07:25 747.27 -7.61 87 1.34 0
07:26 747.27 -7.61 87 1.34 0
07:27 747.27 -7.61 87 1.34 0
07:28 747.52 -7.61 87 .89 0
07:29 747.27 -7.56 87 .89 0
07:30 747.52 -7.56 87 1.34 0
07:31 747.27 -7.56 87 .89 0
07:32 747.27 -7.56 87 1.79 0
07:33 747.52 -7.5 87 1.34 0
07:34 747.52 -7.5 87 1.79 0
07:35 747.27 -7.44 87 2.24 0
07:36 747.52 -7.44 87 .89 0
07:37 747.52 -7.44 87 1.34 0
07:38 747.52 -7.39 87 1.34 0
07:39 747.52 -7.39 86 .89 0
07:40 747.27 -7.33 86 2.24 0
07:41 747.52 -7.33 86 1.79 0
07:42 747.52 -7.28 86 1.34 0
07:43 747.52 -7.28 86 1.34 0
07:44 747.52 -7.22 86 1.34 0
07:45 747.52 -7.22 86 .89 0
07:46 747.52 -7.17 86 .89 0
07:47 747.52 -7.17 86 .89 0
07:48 747.52 -7.11 86 2.24 0
07:49 747.52 -7.11 86 1.34 0
07:50 747.52 -7.06 86 2.68 0
07:51 747.52 -7 86 2.24 0
07:52 747.52 -7 86 1.34 0
07:53 747.52 -6.94 85 4.02 0
07:54 747.52 -6.94 85 1.79 0
07:55 747.52 -6.89 85 2.24 0
07:56 747.52 -6.89 85 2.68 0
07:57 747.52 -6.83 85 1.34 0
07:58 747.52 -6.83 85 2.24 0
07:59 747.52 -6.78 85 1.79 0
08:00 747.52 -6.78 85 1.79 0
08:01 747.52 -6.72 85 1.79 0
08:02 747.52 -6.72 84 1.34 0
08:03 747.52 -6.67 84 1.79 0
08:04 747.52 -6.61 84 .89 0
08:05 747.52 -6.61 84 2.24 0
08:06 747.52 -6.56 84 2.24 0
08:07 747.52 -6.56 84 1.79 0
08:08 747.52 -6.5 84 .89 0
08:09 747.52 -6.5 84 1.79 0
08:10 747.52 -6.44 84 2.68 0
08:11 747.52 -6.39 84 2.24 0
08:12 747.52 -6.39 84 2.24 0
08:13 747.52 -6.33 83 1.34 0
08:14 747.52 -6.33 83 2.24 0
08:15 747.52 -6.28 83 1.79 0
08:16 747.52 -6.28 83 1.79 0
08:17 747.52 -6.22 83 1.79 0
08:18 747.52 -6.22 83 2.24 0
08:19 747.52 -6.22 83 1.79 0
08:20 747.52 -6.17 83 1.79 0
08:21 747.52 -6.17 83 2.24 0
08:22 747.52 -6.11 83 3.58 0
08:23 747.52 -6.11 83 2.24 0
08:24 747.52 -6.06 82 2.68 0
08:25 747.52 -6 82 2.24 0
08:26 747.52 -6.06 82 1.79 0
08:27 747.52 -6 82 2.24 0
08:28 747.52 -5.94 82 1.79 0
08:29 747.52 -5.94 82 2.68 0
08:30 747.52 -5.94 82 4.02 0
08:31 747.52 -5.89 82 3.58 0
08:32 747.52 -5.89 82 2.24 0
08:33 747.52 -5.83 82 4.02 0
08:34 747.52 -5.83 82 2.24 0
08:35 747.52 -5.78 81 3.58 0
08:36 747.52 -5.78 81 1.79 0
08:37 747.52 -5.72 81 1.34 0
08:38 747.52 -5.72 81 2.68 0
08:39 747.52 -5.67 81 3.58 0
08:40 747.52 -5.67 81 3.58 0
08:41 747.52 -5.67 81 1.79 0
08:42 747.52 -5.61 81 2.68 0
08:43 747.52 -5.61 81 4.02 0
08:44 747.52 -5.61 80 3.58 0
08:45 747.52 -5.56 80 1.79 0
08:46 747.52 -5.56 80 2.24 0
08:47 747.52 -5.56 80 2.68 0
08:48 747.52 -5.5 80 3.58 0
08:49 747.52 -5.44 80 4.92 0
08:50 747.52 -5.44 80 4.02 0
08:51 747.52 -5.39 79 3.58 0
08:52 747.52 -5.39 79 3.58 0
08:53 747.52 -5.39 79 4.02 0
08:54 747.52 -5.33 79 4.02 0
08:55 747.52 -5.33 79 4.47 0
08:56 747.52 -5.28 79 3.58 0
08:57 747.52 -5.22 78 4.92 0
08:58 747.52 -5.22 78 2.68 0
08:59 747.52 -5.17 78 2.68 0
09:00 747.52 -5.11 78 2.24 0
09:01 747.27 -5.06 78 2.24 0
09:02 747.52 -5 78 3.58 0
09:03 747.52 -5 77 3.58 0
09:04 747.52 -4.94 77 4.02 0
09:05 747.27 -4.94 76 3.58 0
09:06 747.27 -4.94 76 2.24 0
09:07 747.27 -4.89 76 2.24 0
09:08 747.27 -4.83 76 2.68 0
09:09 747.52 -4.83 76 4.47 0
09:10 747.52 -4.78 76 2.24 0
09:11 747.52 -4.72 75 3.58 0
09:12 747.52 -4.67 75 2.68 0
09:13 747.52 -4.67 75 2.24 0
09:14 747.52 -4.67 74 2.68 0
09:15 747.27 -4.67 74 2.68 0
09:16 747.52 -4.67 74 3.58 0
09:17 747.27 -4.56 74 2.24 0
09:18 747.52 -4.56 74 2.24 0
09:19 747.52 -4.5 73 3.58 0
09:20 747.52 -4.5 73 4.47 0
09:21 747.52 -4.44 73 2.68 0
09:22 747.52 -4.44 72 2.68 0
09:23 747.52 -4.44 73 3.58 0
09:24 747.52 -4.39 73 1.34 0
09:25 747.27 -4.33 73 4.02 0
09:26 747.52 -4.28 72 1.34 0
09:27 747.52 -4.22 72 4.47 0
09:28 747.27 -4.22 72 3.58 0
09:29 747.52 -4.17 71 4.92 0
09:30 747.27 -4.17 71 4.92 0
09:31 747.27 -4.17 71 3.58 0
09:32 747.27 -4.11 71 5.36 0
09:33 747.27 -4.11 70 4.47 0
09:34 747.27 -4.11 70 4.47 0
09:35 747.27 -4.11 70 4.47 0
09:36 747.52 -4.11 70 4.02 0
09:37 747.52 -4.11 70 4.47 0
09:38 747.27 -4.06 70 5.36 0
09:39 747.27 -4 70 6.26 0
09:40 747.27 -4 69 4.47 0
09:41 747.52 -4.06 68 4.02 0
09:42 747.27 -4.06 68 1.79 0
09:43 747.27 -4 69 2.24 0
09:44 747.27 -3.94 69 5.36 0
09:45 747.27 -4 69 4.47 0
09:46 747.27 -4.06 68 1.34 0
09:47 747.27 -4 68 1.34 0
09:48 747.27 -4 69 2.68 0
09:49 747.27 -3.89 69 3.58 0
09:50 747.27 -3.83 69 4.92 0
09:51 747.27 -3.83 68 4.02 0
09:52 747.27 -3.83 67 3.58 0
09:53 747.27 -3.83 67 4.02 0
09:54 747.27 -3.78 67 3.58 0
09:55 747.52 -3.78 68 6.71 0
09:56 747.27 -3.72 67 4.02 0
09:57 747.27 -3.78 67 4.92 0
09:58 747.27 -3.78 66 4.47 0
09:59 747.27 -3.78 67 2.68 0
10:00 747.27 -3.72 67 2.68 0
10:01 747.27 -3.72 67 1.34 0
10:02 747.27 -3.67 67 2.24 0
10:03 747.27 -3.61 67 5.36 0
10:04 747.27 -3.61 65 4.02 0
10:05 747.27 -3.61 65 1.34 0
10:06 747.27 -3.61 65 1.79 0
10:07 747.27 -3.56 65 5.36 0
10:08 747.27 -3.61 65 4.02 0
10:09 747.27 -3.61 65 2.24 0
10:10 747.27 -3.61 65 3.58 0
10:11 747.27 -3.61 65 3.58 0
10:12 747.27 -3.61 66 1.34 0
10:13 747.27 -3.56 65 2.24 0
10:14 747.27 -3.5 65 1.34 0
10:15 747.27 -3.44 65 4.92 0
10:16 747.27 -3.44 64 4.47 0
10:17 747.27 -3.39 64 3.58 0
10:18 747.27 -3.39 64 3.58 0
10:19 747.27 -3.33 63 3.58 0
10:20 747.27 -3.28 64 3.58 0
10:21 747.01 -3.22 63 4.47 0
10:22 747.27 -3.33 63 2.24 0
10:23 747.27 -3.33 63 6.26 0
10:24 747.27 -3.39 63 4.02 0
10:25 747.27 -3.39 62 5.36 0
10:26 747.27 -3.44 63 4.47 0
10:27 747.27 -3.5 63 5.36 0
10:28 747.27 -3.5 62 4.02 0
10:29 747.27 -3.5 62 .89 0
10:30 747.27 -3.44 63 4.47 0
10:31 747.27 -3.44 62 3.58 0
10:32 747.27 -3.39 62 7.15 0
10:33 747.01 -3.39 65 5.81 0
10:34 747.27 -3.33 64 5.36 0
10:35 747.01 -3.33 64 4.92 0
10:36 747.01 -3.33 64 5.81 0
10:37 747.01 -3.39 64 4.92 0
10:38 747.27 -3.33 65 5.36 0
10:39 747.27 -3.39 66 4.92 0
10:40 747.01 -3.39 65 2.24 0
10:41 747.01 -3.39 66 3.58 0
10:42 747.27 -3.33 65 6.71 0
10:43 747.01 -3.33 65 4.47 0
10:44 747.01 -3.28 64 3.58 0
10:45 747.01 -3.22 65 4.02 0
10:46 747.01 -3.22 65 5.36 0
10:47 747.01 -3.17 64 4.02 0
10:48 747.01 -3.17 64 4.47 0
10:49 747.01 -3.17 64 8.05 0
10:50 747.01 -3.17 64 4.47 0
10:51 747.01 -3.17 64 4.92 0
10:52 747.01 -3.11 64 6.26 0
10:53 747.01 -3.11 64 5.81 0
10:54 747.01 -3.11 63 7.6 0
10:55 747.01 -3.17 63 4.02 0
10:56 747.01 -3.17 62 5.81 0
10:57 747.01 -3.11 63 5.81 0
10:58 747.01 -3.06 62 5.36 0
10:59 747.01 -3.06 62 5.81 0
11:00 747.01 -3.06 63 6.71 0
11:01 747.01 -3.11 62 3.58 0
11:02 747.01 -3.11 63 4.47 0
11:03 747.01 -3.11 63 5.81 0
11:04 747.01 -3.17 63 5.36 0
11:05 747.01 -3.17 63 4.02 0
11:06 747.01 -3.17 63 2.68 0
11:07 747.01 -3.17 64 4.02 0
11:08 747.01 -3.11 64 5.36 0
11:09 747.01 -3 64 5.36 0
11:10 747.01 -3 63 4.02 0
11:11 747.01 -3 63 4.47 0
11:12 747.01 -2.94 63 2.68 0
11:13 747.01 -2.94 63 2.24 0
11:14 747.01 -2.89 63 6.71 0
11:15 747.01 -2.83 63 5.81 0
11:16 747.01 -2.83 62 5.81 0
11:17 747.01 -2.83 62 4.92 0
11:18 747.01 -2.83 62 4.92 0
11:19 747.01 -2.78 62 3.13 0
11:20 746.76 -2.78 62 4.02 0
11:21 747.01 -2.72 62 5.81 0
11:22 746.76 -2.72 62 5.81 0
11:23 747.01 -2.67 62 6.26 0
11:24 746.76 -2.72 61 4.47 0
11:25 746.76 -2.72 61 4.02 0
11:26 747.01 -2.78 61 4.92 0
11:27 746.76 -2.78 61 8.05 0
11:28 746.76 -2.78 61 5.36 0
11:29 747.01 -2.78 62 8.05 0
11:30 747.01 -2.83 61 5.36 0
11:31 746.76 -2.83 61 3.58 0
11:32 746.76 -2.83 61 6.26 0
11:33 746.76 -2.78 61 6.26 0
11:34 746.76 -2.72 61 4.47 0
11:35 746.76 -2.67 61 5.81 0
11:36 746.76 -2.61 61 4.92 0
11:37 747.01 -2.56 61 8.94 0
11:38 746.76 -2.61 60 8.49 0
11:39 746.76 -2.67 60 4.02 0
11:40 746.76 -2.67 61 3.13 0
11:41 746.76 -2.67 61 3.58 0
11:42 747.01 -2.61 61 2.24 0
11:43 746.76 -2.56 62 4.47 0
11:44 747.01 -2.56 62 1.34 0
11:45 746.76 -2.5 63 5.36 0
11:46 746.76 -2.44 63 3.58 0
11:47 746.76 -2.5 63 3.13 0
11:48 746.76 -2.5 64 4.02 0
11:49 746.76 -2.39 65 2.68 0
11:50 746.76 -2.39 64 4.02 0
11:51 746.76 -2.33 64 3.58 0
11:52 746.76 -2.33 63 3.58 0
11:53 746.76 -2.33 63 2.68 0
11:54 746.76 -2.28 63 3.58 0
11:55 746.76 -2.28 63 2.68 0
11:56 746.76 -2.22 63 1.79 0
11:57 746.76 -2.17 63 2.24 0
11:58 746.76 -2.22 61 5.36 0
11:59 746.76 -2.28 61 4.92 0
12:00 746.76 -2.28 61 1.34 0
12:01 746.76 -2.22 62 .89 0
12:02 746.76 -2.17 62 1.79 0
12:03 746.76 -2.06 61 3.13 0
12:04 746.76 -2 61 1.79 0
12:05 746.76 -1.94 61 4.47 0
12:06 746.76 -1.94 60 4.47 0
12:07 746.76 -1.94 60 4.47 0
12:08 746.76 -1.94 59 4.02 0
12:09 746.76 -2 59 7.6 0
12:10 746.76 -2.06 58 4.92 0
12:11 746.76 -2.17 58 4.47 0
12:12 746.76 -2.22 58 5.81 0
12:13 746.76 -2.33 58 4.02 0
12:14 746.76 -2.33 59 4.47 0
12:15 746.76 -2.33 58 4.02 0
12:16 746.76 -2.33 58 4.47 0
12:17 746.76 -2.33 58 4.47 0
12:18 746.76 -2.28 58 4.92 0
12:19 746.76 -2.22 58 3.58 0
12:20 746.51 -2.11 58 4.02 0
12:21 746.51 -2.11 58 8.05 0
12:22 746.51 -2.22 56 4.02 0
12:23 746.51 -2.28 56 4.02 0
12:24 746.51 -2.28 57 4.92 0
12:25 746.51 -2.17 57 4.92 0
12:26 746.51 -2.17 56 7.6 0
12:27 746.51 -2.17 56 5.36 0
12:28 746.51 -2.11 56 3.58 0
12:29 746.51 -2.06 56 5.81 0
12:30 746.51 -2.06 56 1.79 0
12:31 746.51 -2.06 56 5.36 0
12:32 746.51 -2.06 56 5.81 0
12:33 746.51 -2.06 56 3.58 0
12:34 746.51 -2.06 56 8.49 0
12:35 746.51 -2.11 55 5.81 0
12:36 746.51 -2.11 56 6.71 0
12:37 746.51 -2.17 56 6.71 0
12:38 746.51 -2.17 56 3.58 0
12:39 746.51 -2.17 56 5.81 0
12:40 746.51 -2.17 57 2.68 0
12:41 746.51 -2.11 56 6.71 0
12:42 746.51 -2.11 56 4.47 0
12:43 746.51 -2.11 56 6.71 0
12:44 746.51 -2.06 56 3.58 0
12:45 746.51 -2 56 4.02 0
12:46 746.51 -2.06 56 6.26 0
12:47 746.51 -2 56 5.36 0
12:48 746.51 -1.94 57 2.24 0
12:49 746.51 -1.94 57 3.58 0
12:50 746.51 -1.94 57 4.02 0
12:51 746.51 -1.83 58 3.58 0
12:52 746.51 -1.78 57 5.36 0
12:53 746.51 -1.72 57 3.58 0
12:54 746.51 -1.72 57 4.92 0
12:55 746.51 -1.67 56 4.02 0
12:56 746.51 -1.72 56 6.26 0
12:57 746.51 -1.83 55 5.81 0
12:58 746.51 -1.94 56 1.79 0
12:59 746.51 -2 56 3.58 0
13:00 746.51 -2 56 5.81 0
13:01 746.51 -1.89 58 4.47 0
13:02 746.51 -1.89 57 5.36 0
13:03 746.51 -1.94 56 2.24 0
13:04 746.51 -1.94 56 3.13 0
13:05 746.51 -1.94 57 1.79 0
13:06 746.51 -1.89 58 7.15 0
13:07 746.51 -1.94 56 4.47 0
13:08 746.51 -1.94 56 4.02 0
13:09 746.51 -1.89 56 5.81 0
13:10 746.51 -1.83 56 3.13 0
13:11 746.51 -1.89 56 4.02 0
13:12 746.51 -1.89 56 6.71 0
13:13 746.51 -2 55 4.02 0
13:14 746.51 -2 56 3.58 0
13:15 746.51 -1.94 56 5.36 0
13:16 746.51 -1.89 56 3.13 0
13:17 746.51 -1.83 56 2.24 0
13:18 746.51 -1.78 56 7.6 0
13:19 746.51 -1.72 56 5.36 0
13:20 746.51 -1.67 57 3.58 0
13:21 746.51 -1.67 56 4.92 0
13:22 746.25 -1.61 56 3.58 0
13:23 746.51 -1.67 56 2.24 0
13:24 746.51 -1.67 56 5.36 0
13:25 746.51 -1.72 56 4.92 0
13:26 746.25 -1.78 56 6.71 0
13:27 746.25 -1.78 56 4.02 0
13:28 746.25 -1.72 57 4.47 0
13:29 746.25 -1.67 57 4.92 0
13:30 746.25 -1.61 57 4.92 0
13:31 746.25 -1.56 56 2.68 0
13:32 746.25 -1.61 56 4.47 0
13:33 746.25 -1.67 56 4.47 0
13:34 746.25 -1.67 56 2.68 0
13:35 746.25 -1.72 56 1.79 0
13:36 746.25 -1.67 56 3.58 0
13:37 746.25 -1.67 56 5.36 0
13:38 746.25 -1.61 57 7.6 0
13:39 746.25 -1.67 56 6.71 0
13:40 746.25 -1.67 56 5.81 0
13:41 746.25 -1.72 56 6.71 0
13:42 746.25 -1.78 56 4.47 0
13:43 746.25 -1.78 55 4.47 0
13:44 746.25 -1.83 56 6.26 0
13:45 746.25 -1.83 56 5.81 0
13:46 746.25 -1.72 57 5.36 0
13:47 746.25 -1.67 57 5.36 0
13:48 746.25 -1.67 57 5.36 0
13:49 746.25 -1.61 57 5.36 0
13:50 746.25 -1.56 57 2.68 0
13:51 746.25 -1.56 57 3.58 0
13:52 746.25 -1.5 57 4.92 0
13:53 746 -1.5 57 2.68 0
13:54 746.25 -1.56 57 4.02 0
13:55 746.25 -1.56 57 4.47 0
13:56 746 -1.61 57 3.58 0
13:57 746 -1.61 57 1.34 0
13:58 746 -1.61 57 3.58 0
13:59 746 -1.61 57 2.68 0
14:00 746 -1.61 56 3.58 0
14:01 746 -1.56 57 1.34 0
14:02 746 -1.5 57 2.24 0
14:03 746 -1.44 57 2.24 0
14:04 746 -1.44 56 1.79 0
14:05 746 -1.44 56 1.34 0
14:06 746 -1.44 56 .89 0
14:07 746 -1.44 56 5.36 0
14:08 746 -1.44 56 6.26 0
14:09 746 -1.39 56 5.36 0
14:10 746 -1.33 56 4.02 0
14:11 746 -1.28 56 3.13 0
14:12 746 -1.22 56 2.24 0
14:13 746 -1.11 57 2.24 0
14:14 746 -1.06 56 6.26 0
14:15 746 -.94 56 2.68 0
14:16 746 -.94 56 4.92 0
14:17 745.74 -1 55 5.36 0
14:18 746 -1.06 55 2.68 0
14:19 746 -1.11 55 4.47 0
14:20 746 -1.17 55 1.79 0
14:21 745.74 -1.22 55 4.02 0
14:22 745.74 -1.22 56 1.34 0
14:23 745.74 -1.17 56 3.58 0
14:24 745.74 -1.17 56 4.02 0
14:25 745.74 -1.11 56 1.79 0
14:26 745.74 -1.11 56 1.79 0
14:27 745.74 -1.06 56 4.02 0
14:28 745.74 -1 56 3.58 0
14:29 745.74 -.94 56 1.79 0
14:30 745.74 -.83 55 3.13 0
14:31 745.74 -.78 55 1.79 0
14:32 745.74 -.72 55 .89 0
14:33 745.74 -.56 57 1.79 0
14:34 745.74 -.5 56 .89 0
14:35 745.74 -.44 56 1.34 0
14:36 745.74 -.39 56 1.79 0
14:37 745.74 -.39 55 1.79 0
14:38 745.74 -.39 55 1.79 0
14:39 745.74 -.39 56 4.47 0
14:40 745.74 -.44 54 3.58 0
14:41 745.74 -.44 55 4.47 0
14:42 745.74 -.5 55 3.58 0
14:43 745.74 -.56 55 4.02 0
14:44 745.74 -.61 55 5.36 0
14:45 745.74 -.67 54 2.68 0
14:46 745.74 -.72 55 2.24 0
14:47 745.74 -.67 55 4.02 0
14:48 745.49 -.61 55 4.92 0
14:49 745.74 -.61 55 3.58 0
14:50 745.49 -.56 55 3.13 0
14:51 745.49 -.5 56 4.02 0
14:52 745.49 -.39 56 3.58 0
14:53 745.49 -.39 54 1.79 0
14:54 745.49 -.39 54 4.92 0
14:55 745.49 -.44 54 4.47 0
14:56 745.49 -.44 54 2.68 0
14:57 745.49 -.39 56 3.13 0
14:58 745.49 -.33 55 3.58 0
14:59 745.49 -.33 55 5.36 0
15:00 745.49 -.44 54 3.58 0
15:01 745.49 -.39 54 4.92 0
15:02 745.49 -.39 54 4.92 0
15:03 745.49 -.5 53 6.26 0
15:04 745.49 -.5 54 4.47 0
15:05 745.49 -.56 54 4.02 0
15:06 745.49 -.56 53 1.34 0
15:07 745.49 -.56 54 4.02 0
15:08 745.24 -.56 53 4.92 0
15:09 745.24 -.61 53 4.02 0
15:10 745.24 -.67 53 4.92 0
15:11 745.24 -.61 53 2.68 0
15:12 745.24 -.56 54 4.47 0
15:13 745.24 -.44 55 4.92 0
15:14 745.24 -.39 54 5.81 0
15:15 745.24 -.39 53 3.58 0
15:16 745.24 -.39 53 4.02 0
15:17 745.24 -.39 53 4.02 0
15:18 745.24 -.39 53 2.24 0
15:19 745.24 -.33 54 3.58 0
15:20 745.24 -.28 53 2.24 0
15:21 745.24 -.28 53 3.58 0
15:22 745.24 -.28 53 4.02 0
15:23 745.24 -.33 52 4.92 0
15:24 745.24 -.33 53 2.24 0
15:25 745.24 -.33 53 1.79 0
15:26 745.24 -.33 53 3.58 0
15:27 745.24 -.22 54 3.58 0
15:28 745.24 -.22 53 4.92 0
15:29 745.24 -.17 53 2.24 0
15:30 745.24 -.17 52 4.47 0
15:31 745.24 -.11 53 2.68 0
15:32 745.24 -.17 52 5.36 0
15:33 745.24 -.22 53 4.92 0
15:34 745.24 -.28 52 4.92 0
15:35 745.24 -.39 52 3.13 0
15:36 745.24 -.44 53 1.79 0
15:37 745.24 -.44 54 3.58 0
15:38 745.24 -.44 54 3.13 0
15:39 745.24 -.5 54 3.58 0
15:40 745.24 -.56 54 3.13 0
15:41 745.24 -.56 54 1.79 0
15:42 745.24 -.44 55 4.92 0
15:43 745.24 -.39 54 2.68 0
15:44 744.98 -.33 55 .89 0
15:45 744.98 -.22 54 4.02 0
15:46 744.98 -.22 54 1.79 0
15:47 744.98 -.28 53 3.13 0
15:48 744.98 -.28 54 4.02 0
15:49 744.98 -.28 54 4.47 0
15:50 744.98 -.33 54 4.02 0
15:51 744.98 -.39 54 2.24 0
15:52 744.98 -.44 54 4.02 0
15:53 744.98 -.5 54 2.68 0
15:54 744.98 -.56 54 3.58 0
15:55 744.98 -.56 55 2.68 0
15:56 744.98 -.56 54 2.24 0
15:57 744.98 -.56 54 1.79 0
15:58 744.98 -.61 55 1.34 0
15:59 744.98 -.56 55 1.79 0
16:00 744.98 -.44 56 1.79 0
16:01 744.98 -.33 55 2.24 0
16:02 744.98 -.28 55 2.24 0
16:03 744.98 -.22 55 2.68 0
16:04 744.98 -.17 54 2.68 0
16:05 744.98 -.22 54 2.24 0
16:06 744.73 -.22 54 2.24 0
16:07 744.73 -.22 54 .89 0
16:08 744.98 -.22 54 1.79 0
16:09 744.73 -.17 54 0 0
16:10 744.73 -.11 55 1.34 0
16:11 744.73 .06 55 1.34 0
16:12 744.73 .17 54 1.34 0
16:13 744.73 .22 53 2.24 0
16:14 744.73 .22 53 1.79 0
16:15 744.73 .22 54 2.24 0
16:16 744.73 .17 53 1.79 0
16:17 744.73 .06 53 1.34 0
16:18 744.73 0 53 .45 0
16:19 744.73 -.06 54 .89 0
16:20 744.73 -.06 53 .89 0
16:21 744.73 -.11 53 .89 0
16:22 744.73 -.11 54 .89 0
16:23 744.73 -.11 53 .89 0
16:24 744.73 -.06 55 .89 0
16:25 744.73 .06 55 2.68 0
16:26 744.73 .17 54 3.58 0
16:27 744.73 .17 52 3.13 0
16:28 744.73 .06 52 1.79 0
16:29 744.73 .06 53 1.79 0
16:30 744.73 .06 52 2.24 0
16:31 744.73 0 53 .45 0
16:32 744.47 -.06 53 1.34 0
16:33 744.73 0 53 4.92 0
16:34 744.73 0 53 1.79 0
16:35 744.73 0 52 4.47 0
16:36 744.73 0 53 4.92 0
16:37 744.73 .06 52 4.92 0
16:38 744.73 .06 52 1.79 0
16:39 744.73 .06 52 1.79 0
16:40 744.73 .06 52 3.13 0
16:41 744.73 .17 53 1.79 0
16:42 744.73 .11 52 4.02 0
16:43 744.73 .06 52 4.92 0
16:44 744.47 .06 53 3.58 0
16:45 744.47 .17 53 2.24 0
16:46 744.47 .17 54 2.24 0
16:47 744.47 .22 53 1.34 0
16:48 744.47 .22 53 4.02 0
16:49 744.47 .28 53 4.92 0
16:50 744.47 .33 53 5.36 0
16:51 744.47 .33 53 3.58 0
16:52 744.47 .28 53 6.71 0
16:53 744.47 .22 52 3.13 0
16:54 744.47 .22 53 4.02 0
16:55 744.47 .17 53 6.26 0
16:56 744.47 .11 53 5.81 0
16:57 744.47 .06 53 4.02 0
16:58 744.47 0 54 3.58 0
16:59 744.47 .06 54 1.34 0
17:00 744.47 .06 55 1.79 0
17:01 744.47 .06 55 1.79 0
17:02 744.47 .06 55 3.58 0
17:03 744.47 -.06 55 2.68 0
17:04 744.47 -.11 54 1.79 0
17:05 744.47 -.17 55 3.58 0
17:06 744.47 -.22 55 1.79 0
17:07 744.47 -.22 55 1.34 0
17:08 744.47 -.28 56 3.13 0
17:09 744.47 -.28 56 1.79 0
17:10 744.47 -.33 56 1.34 0
17:11 744.47 -.28 56 2.68 0
17:12 744.47 -.28 56 3.13 0
17:13 744.47 -.33 55 4.92 0
17:14 744.22 -.39 55 2.24 0
17:15 744.22 -.39 56 1.79 0
17:16 744.22 -.44 56 .89 0
17:17 744.22 -.44 57 1.34 0
17:18 744.22 -.39 57 4.02 0
17:19 744.22 -.39 56 3.58 0
17:20 744.22 -.44 56 4.02 0
17:21 744.22 -.44 56 3.13 0
17:22 744.22 -.44 56 1.34 0
17:23 744.22 -.44 56 4.02 0
17:24 744.22 -.5 56 4.02 0
17:25 744.22 -.5 56 .89 0
17:26 744.22 -.5 57 3.13 0
17:27 744.22 -.5 57 1.79 0
17:28 744.22 -.5 57 4.02 0
17:29 744.22 -.56 56 4.92 0
17:30 744.22 -.56 56 1.79 0
17:31 744.22 -.56 56 4.47 0
17:32 744.22 -.56 56 2.24 0
17:33 744.22 -.56 56 3.58 0
17:34 744.22 -.56 56 1.79 0
17:35 744.22 -.56 56 3.58 0
17:36 744.22 -.56 57 2.24 0
17:37 744.22 -.56 56 2.24 0
17:38 743.97 -.5 57 1.79 0
17:39 744.22 -.56 57 1.79 0
17:40 743.97 -.56 57 1.79 0
17:41 743.97 -.5 58 4.47 0
17:42 744.22 -.56 57 4.47 0
17:43 743.97 -.56 57 2.24 0
17:44 743.97 -.56 57 5.36 0
17:45 743.97 -.56 57 1.34 0
17:46 743.97 -.56 56 4.92 0
17:47 743.97 -.56 56 2.68 0
17:48 743.97 -.56 57 3.58 0
17:49 743.97 -.56 57 5.36 0
17:50 743.97 -.61 56 4.47 0
17:51 743.97 -.61 56 3.13 0
17:52 743.97 -.61 56 3.58 0
17:53 743.97 -.61 57 3.58 0
17:54 743.97 -.61 57 6.26 0
17:55 743.97 -.61 56 4.47 0
17:56 743.97 -.67 56 3.13 0
17:57 743.97 -.67 56 4.47 0
17:58 743.97 -.67 56 1.34 0
17:59 743.97 -.67 56 1.79 0
18:00 743.97 -.72 56 5.36 0
18:01 743.97 -.72 56 2.24 0
18:02 743.97 -.78 56 2.24 0
18:03 743.97 -.78 56 3.58 0
18:04 743.71 -.83 56 4.02 0
18:05 743.97 -.83 56 4.02 0
18:06 743.71 -.83 56 4.02 0
18:07 743.97 -.83 56 2.24 0
18:08 743.71 -.89 56 3.58 0
18:09 743.71 -.89 56 4.92 0
18:10 743.97 -.89 57 1.79 0
18:11 743.71 -.94 57 4.47 0
18:12 743.71 -.94 57 3.13 0
18:13 743.71 -.94 57 2.68 0
18:14 743.71 -.94 57 2.68 0
18:15 743.71 -.94 57 3.13 0
18:16 743.71 -1 58 2.24 0
18:17 743.71 -1 58 1.34 0
18:18 743.71 -1 58 1.79 0
18:19 743.71 -1.06 58 2.24 0
18:20 743.71 -1.06 58 3.58 0
18:21 743.71 -1.06 58 2.24 0
18:22 743.71 -1.11 58 3.13 0
18:23 743.71 -1.11 58 4.02 0
18:24 743.71 -1.11 58 2.68 0
18:25 743.71 -1.11 58 2.24 0
18:26 743.71 -1.11 58 4.47 0
18:27 743.71 -1.17 58 2.24 0
18:28 743.71 -1.17 58 1.79 0
18:29 743.71 -1.17 59 4.02 0
18:30 743.71 -1.22 59 3.58 0
18:31 743.71 -1.28 59 3.58 0
18:32 743.71 -1.28 59 2.68 0
18:33 743.71 -1.28 59 2.68 0
18:34 743.71 -1.28 59 1.79 0
18:35 743.71 -1.33 59 1.34 0
18:36 743.71 -1.33 59 1.79 0
18:37 743.71 -1.39 59 2.24 0
18:38 743.71 -1.39 59 1.79 0
18:39 743.71 -1.39 60 1.34 0
18:40 743.71 -1.44 60 3.58 0
18:41 743.46 -1.44 60 2.24 0
18:42 743.71 -1.44 60 .89 0
18:43 743.46 -1.44 60 1.34 0
18:44 743.46 -1.44 60 3.13 0
18:45 743.46 -1.5 60 1.79 0
18:46 743.46 -1.5 60 2.24 0
18:47 743.46 -1.56 60 1.79 0
18:48 743.46 -1.56 60 2.24 0
18:49 743.46 -1.5 60 2.24 0
18:50 743.46 -1.5 60 1.79 0
18:51 743.46 -1.56 60 1.79 0
18:52 743.46 -1.56 60 1.34 0
18:53 743.46 -1.56 61 1.34 0
18:54 743.46 -1.61 61 .89 0
18:55 743.46 -1.61 61 1.79 0
18:56 743.46 -1.61 61 1.34 0
18:57 743.46 -1.67 61 1.79 0
18:58 743.46 -1.72 61 .89 0
18:59 743.46 -1.72 61 1.34 0
19:00 743.46 -1.72 61 2.24 0
19:01 743.46 -1.67 61 1.79 0
19:02 743.46 -1.72 61 .89 0
19:03 743.46 -1.67 61 1.34 0
19:04 743.46 -1.72 61 1.34 0
19:05 743.46 -1.72 61 1.34 0
19:06 743.46 -1.72 61 .89 0
19:07 743.46 -1.72 61 .89 0
19:08 743.46 -1.72 62 .89 0
19:09 743.2 -1.72 62 1.34 0
19:10 743.46 -1.72 61 1.79 0
19:11 743.46 -1.78 61 1.79 0
19:12 743.2 -1.78 61 1.34 0
19:13 743.2 -1.72 61 .89 0
19:14 743.2 -1.72 62 1.79 0
19:15 743.2 -1.72 61 1.34 0
19:16 743.2 -1.72 62 .89 0
19:17 743.2 -1.72 62 .89 0
19:18 743.2 -1.72 62 1.34 0
19:19 743.2 -1.72 62 .45 0
19:20 743.2 -1.72 62 .45 0
19:21 743.2 -1.72 62 .89 0
19:22 743.2 -1.72 62 .89 0
19:23 743.2 -1.67 62 .45 0
19:24 743.2 -1.67 63 .89 0
19:25 743.2 -1.67 63 1.34 0
19:26 743.2 -1.67 63 .89 0
19:27 743.2 -1.61 63 .89 0
19:28 743.2 -1.67 63 1.34 0
19:29 742.95 -1.61 62 1.34 0
19:30 743.2 -1.61 62 .89 0
19:31 742.95 -1.61 62 .45 0
19:32 743.2 -1.61 63 .89 0
19:33 742.95 -1.61 63 0 0
19:34 742.95 -1.67 63 .45 0
19:35 742.95 -1.67 63 .45 0
19:36 742.95 -1.67 63 0 0
19:37 742.95 -1.67 63 .45 0
19:38 742.95 -1.67 63 .89 0
19:39 742.95 -1.72 63 1.34 0
19:40 742.95 -1.72 63 .89 0
19:41 742.95 -1.72 63 1.34 0
19:42 742.95 -1.72 63 1.34 0
19:43 742.95 -1.67 64 1.34 0
19:44 742.95 -1.67 64 1.34 0
19:45 742.95 -1.67 64 1.79 0
19:46 742.95 -1.67 64 1.34 0
19:47 742.95 -1.67 63 .89 0
19:48 742.95 -1.61 64 .89 0
19:49 742.95 -1.61 64 1.34 0
19:50 742.95 -1.67 64 .89 0
19:51 742.95 -1.61 64 .89 0
19:52 742.95 -1.67 64 .89 0
19:53 742.95 -1.67 64 .89 0
19:54 742.95 -1.72 64 .89 0
19:55 742.95 -1.72 64 .89 0
19:56 742.95 -1.78 64 .45 0
19:57 742.95 -1.83 65 .89 0
19:58 742.95 -1.89 65 .89 0
19:59 742.95 -1.89 65 .89 0
20:00 742.95 -1.94 65 .89 0
20:01 742.95 -1.94 65 .89 0
20:02 742.95 -1.94 65 1.79 0
20:03 742.95 -1.94 65 1.34 0
20:04 742.95 -2 65 .45 0
20:05 742.95 -1.94 65 1.34 0
20:06 742.95 -1.94 65 1.34 0
20:07 742.95 -2 65 .45 0
20:08 742.95 -1.94 65 .89 0
20:09 742.95 -2 65 .89 0
20:10 742.95 -1.94 65 1.34 0
20:11 742.95 -1.94 65 .89 0
20:12 742.95 -1.94 65 .45 0
20:13 742.95 -1.94 65 .89 0
20:14 742.7 -1.94 65 .45 0
20:15 742.95 -2 65 .89 0
20:16 742.95 -2 65 .45 0
20:17 742.7 -2.06 65 .45 0
20:18 742.7 -2.11 65 .45 0
20:19 742.7 -2.17 66 0 0
20:20 742.7 -2.17 66 .45 0
20:21 742.7 -2.17 66 .45 0
20:22 742.7 -2.17 66 .45 0
20:23 742.7 -2.17 66 .89 0
20:24 742.7 -2.17 66 1.34 0
20:25 742.7 -2.17 66 .89 0
20:26 742.7 -2.11 66 .45 0
20:27 742.7 -2.17 66 1.34 0
20:28 742.7 -2.11 66 .89 0
20:29 742.7 -2.06 66 1.34 0
20:30 742.7 -2.11 66 .89 0
20:31 742.7 -2.06 66 .89 0
20:32 742.7 -2.06 66 1.34 0
20:33 742.7 -2 66 1.34 0
20:34 742.7 -2 66 .89 0
20:35 742.7 -2 66 .89 0
20:36 742.7 -2 66 1.34 0
20:37 742.7 -2 66 .45 0
20:38 742.7 -2 66 1.34 0
20:39 742.7 -2 66 .89 0
20:40 742.7 -2 66 .45 0
20:41 742.7 -2.06 66 2.68 0
20:42 742.44 -2.11 66 .89 0
20:43 742.7 -2.11 66 1.34 0
20:44 742.7 -2.17 66 1.34 0
20:45 742.7 -2.28 66 .89 0
20:46 742.44 -2.33 66 1.34 0
20:47 742.44 -2.33 66 .89 0
20:48 742.44 -2.33 67 .89 0
20:49 742.44 -2.33 67 1.34 0
20:50 742.44 -2.39 67 1.79 0
20:51 742.44 -2.39 66 1.34 0
20:52 742.44 -2.39 66 .89 0
20:53 742.44 -2.44 66 .89 0
20:54 742.44 -2.44 67 .89 0
20:55 742.44 -2.44 67 1.34 0
20:56 742.44 -2.44 67 .89 0
20:57 742.44 -2.44 67 1.34 0
20:58 742.44 -2.44 67 1.79 0
20:59 742.44 -2.39 67 1.34 0
21:00 742.44 -2.39 68 1.34 0
21:01 742.44 -2.33 68 .89 0
21:02 742.44 -2.33 68 .89 0
21:03 742.44 -2.28 68 1.34 0
21:04 742.44 -2.28 68 .45 0
21:05 742.44 -2.28 68 .89 0
21:06 742.44 -2.28 67 .89 0
21:07 742.44 -2.22 68 1.34 0
21:08 742.44 -2.17 68 1.79 0
21:09 742.44 -2.17 67 1.34 0
21:10 742.44 -2.17 68 .89 0
21:11 742.44 -2.11 67 .89 0
21:12 742.44 -2.11 68 .89 0
21:13 742.44 -2.11 68 1.79 0
21:14 742.44 -2.06 68 2.68 0
21:15 742.44 -2.06 68 1.79 0
21:16 742.44 -2.06 67 1.34 0
21:17 742.44 -2 68 1.34 0
21:18 742.44 -2.06 68 1.34 0
21:19 742.44 -2 68 .89 0
21:20 742.44 -2 68 1.34 0
21:21 742.19 -2 67 .89 0
21:22 742.19 -2 68 .89 0
21:23 742.19 -2 68 1.34 0
21:24 742.19 -2 68 1.79 0
21:25 742.19 -1.94 68 1.79 0
21:26 742.19 -2 68 1.34 0
21:27 742.19 -1.94 68 .89 0
21:28 742.19 -1.94 68 .45 0
21:29 742.19 -1.94 68 .89 0
21:30 742.19 -1.94 68 1.34 0
21:31 742.19 -1.94 68 1.34 0
21:32 742.19 -1.94 68 1.34 0
21:33 742.19 -1.94 68 .45 0
21:34 742.19 -1.94 68 .89 0
21:35 742.19 -2 68 .89 0
21:36 742.19 -2 68 .45 0
21:37 742.19 -2 68 0 0
21:38 742.19 -2.06 68 .45 0
21:39 742.19 -2.06 68 1.34 0
21:40 742.19 -2.11 68 1.79 0
21:41 742.19 -2.17 68 1.34 0
21:42 742.19 -2.28 68 .89 0
21:43 742.19 -2.28 68 .89 0
21:44 742.19 -2.33 68 .45 0
21:45 742.19 -2.33 69 .45 0
21:46 742.19 -2.33 69 .45 0
21:47 741.93 -2.39 69 .45 0
21:48 741.93 -2.39 69 .89 0
21:49 741.93 -2.44 69 1.34 0
21:50 742.19 -2.44 69 1.34 0
21:51 741.93 -2.44 69 1.34 0
21:52 741.93 -2.44 69 1.34 0
21:53 741.93 -2.44 69 .89 0
21:54 742.19 -2.44 69 1.79 0
21:55 741.93 -2.44 69 2.24 0
21:56 741.93 -2.39 70 1.34 0
21:57 741.93 -2.33 70 1.79 0
21:58 741.93 -2.33 70 1.34 0
21:59 741.93 -2.33 70 1.34 0
22:00 741.93 -2.28 70 1.79 0
22:01 741.93 -2.22 70 3.58 0
22:02 741.93 -2.28 70 2.24 0
22:03 741.93 -2.22 71 2.68 0
22:04 741.93 -2.22 71 2.68 0
22:05 741.93 -2.22 71 2.24 0
22:06 741.93 -2.22 71 .89 0
22:07 741.93 -2.28 71 .89 0
22:08 741.93 -2.28 71 2.68 0
22:09 741.93 -2.28 71 1.34 0
22:10 741.93 -2.28 71 3.58 0
22:11 741.93 -2.28 71 2.24 0
22:12 741.93 -2.22 71 4.02 0
22:13 741.93 -2.28 72 4.02 0
22:14 741.93 -2.22 72 3.13 0
22:15 741.93 -2.22 72 1.79 0
22:16 741.93 -2.22 72 .89 0
22:17 741.93 -2.22 72 1.34 0
22:18 741.93 -2.22 72 1.34 0
22:19 741.93 -2.22 73 1.34 0
22:20 741.93 -2.22 73 3.58 0
22:21 741.93 -2.28 73 2.24 0
22:22 741.93 -2.28 73 1.79 0
22:23 741.93 -2.28 73 1.79 0
22:24 741.68 -2.28 73 1.79 0
22:25 741.93 -2.33 73 1.34 0
22:26 741.93 -2.33 73 1.34 0
22:27 741.68 -2.33 73 2.24 0
22:28 741.93 -2.33 74 2.24 0
22:29 741.93 -2.39 74 3.58 0
22:30 741.93 -2.5 75 4.02 0
22:31 741.93 -2.56 75 6.26 0
22:32 741.93 -2.61 77 4.02 0
22:33 741.93 -2.67 77 3.58 0
22:34 741.93 -2.72 77 1.34 0
22:35 741.93 -2.78 77 3.58 0
22:36 741.93 -2.78 78 4.47 0
22:37 741.93 -2.83 78 .89 0
22:38 741.93 -2.83 78 3.58 0
22:39 741.93 -2.83 78 3.58 0
22:40 741.93 -2.89 78 3.58 0
22:41 741.93 -2.94 78 3.58 0
22:42 741.93 -2.94 78 1.79 0
22:43 741.93 -2.94 78 4.02 0
22:44 741.93 -3 79 2.68 0
22:45 741.93 -3 79 3.58 0
22:46 741.93 -3 79 3.58 0
22:47 741.93 -3.06 80 3.58 0
22:48 741.93 -3.11 80 4.02 0
22:49 741.93 -3.11 80 1.79 0
22:50 741.93 -3.17 80 4.92 0
22:51 741.93 -3.17 81 3.58 0
22:52 741.93 -3.17 81 1.79 0
22:53 741.93 -3.17 81 2.24 0
22:54 741.93 -3.17 81 4.02 0
22:55 741.68 -3.22 81 6.26 0
22:56 741.68 -3.22 82 2.24 0
22:57 741.68 -3.28 82 4.92 0
22:58 741.68 -3.28 83 4.47 0
22:59 741.68 -3.28 83 1.79 0
23:00 741.68 -3.28 83 2.24 0
23:01 741.68 -3.28 83 3.13 0
23:02 741.68 -3.28 83 3.58 0
23:03 741.68 -3.28 83 2.24 0
23:04 741.68 -3.22 83 3.58 0
23:05 741.68 -3.28 83 2.68 0
23:06 741.68 -3.28 83 4.02 0
23:07 741.68 -3.28 83 3.13 0
23:08 741.68 -3.28 83 1.79 0
23:09 741.68 -3.28 83 3.58 0
23:10 741.68 -3.22 83 4.02 0
23:11 741.68 -3.28 83 1.34 0
23:12 741.68 -3.28 83 1.79 0
23:13 741.68 -3.28 83 1.79 0
23:14 741.68 -3.22 82 5.81 0
23:15 741.68 -3.22 82 3.13 0
23:16 741.68 -3.28 82 2.24 0
23:17 741.68 -3.22 82 2.24 0
23:18 741.68 -3.22 82 2.24 0
23:19 741.68 -3.22 82 2.24 0
23:20 741.68 -3.22 82 1.79 0
23:21 741.68 -3.28 82 2.24 0
23:22 741.68 -3.28 82 2.68 0
23:23 741.68 -3.22 82 1.79 0
23:24 741.68 -3.22 82 3.58 0
23:25 741.68 -3.22 82 2.24 0
23:26 741.68 -3.22 82 3.13 0
23:27 741.68 -3.22 82 1.79 0
23:28 741.68 -3.22 82 .45 0
23:29 741.68 -3.28 82 2.24 0
23:30 741.68 -3.22 82 1.34 0
23:31 741.68 -3.22 82 3.13 0
23:32 741.68 -3.28 82 .45 0
23:33 741.68 -3.22 82 1.79 0
23:34 741.68 -3.22 82 1.34 0
23:35 741.68 -3.28 82 .89 0
23:36 741.43 -3.28 82 2.24 0
23:37 741.68 -3.28 82 .89 0
23:38 741.43 -3.28 82 1.79 0
23:39 741.68 -3.28 82 2.68 0
23:40 741.68 -3.28 82 2.24 0
23:41 741.68 -3.22 82 2.24 0
23:42 741.43 -3.28 82 2.24 0
23:43 741.68 -3.28 82 .45 0
23:44 741.43 -3.28 82 1.79 0
23:45 741.68 -3.28 82 1.34 0
23:46 741.43 -3.28 82 1.34 0
23:47 741.43 -3.28 82 1.34 0
23:48 741.43 -3.28 83 1.79 0
23:49 741.43 -3.33 82 2.24 0
23:50 741.43 -3.33 82 1.34 0
23:51 741.43 -3.28 82 1.34 0
23:52 741.43 -3.33 82 2.24 0
23:53 741.43 -3.33 82 3.13 0
23:54 741.43 -3.33 82 1.79 0
23:55 741.43 -3.33 82 3.58 0
23:56 741.43 -3.33 82 1.34 0
23:57 741.43 -3.33 82 .89 0
23:58 741.43 -3.39 82 1.34 0
23:59 741.43 -3.39 82 1.34 0
