00:00 752.35 5.56 68 .89 0
00:01 752.35 5.56 68 1.79 0
00:02 752.35 5.5 68 .89 0
00:03 752.35 5.5 68 .89 0
00:04 752.35 5.5 68 .45 0
00:05 752.35 5.5 68 .89 0
00:06 752.35 5.5 69 1.79 0
00:07 752.35 5.44 69 .89 0
00:08 752.6 5.44 69 .89 0
00:09 752.35 5.44 69 1.79 0
00:10 752.6 5.44 69 .89 0
00:11 752.35 5.39 69 1.79 0
00:12 752.6 5.39 69 .89 0
00:13 752.6 5.39 69 .89 0
00:14 752.6 5.33 70 .89 0
00:15 752.6 5.33 70 1.79 0
00:16 752.6 5.33 70 1.79 0
00:17 752.6 5.28 70 1.79 0
00:18 752.6 5.28 70 .89 0
00:19 752.6 5.28 70 1.79 0
00:20 752.6 5.28 70 .89 0
00:21 752.6 5.28 70 1.79 0
00:22 752.6 5.28 70 .89 0
00:23 752.6 5.22 70 .89 0
00:24 752.6 5.28 70 .89 0
00:25 752.6 5.28 70 1.79 0
00:26 752.6 5.28 70 .89 0
00:27 752.6 5.28 70 .45 0
00:28 752.6 5.33 70 .45 0
00:29 752.6 5.33 70 1.79 0
00:30 752.6 5.33 70 .89 0
00:31 752.6 5.33 70 .45 0
00:32 752.6 5.33 70 .89 0
00:33 752.6 5.33 71 1.79 0
00:34 752.6 5.33 71 .89 0
00:35 752.6 5.33 71 .89 0
00:36 752.6 5.33 71 1.79 0
00:37 752.6 5.33 71 .89 0
00:38 752.6 5.33 71 1.79 0
00:39 752.6 5.33 71 2.24 0
00:40 752.6 5.33 71 .89 0
00:41 752.6 5.33 71 .89 0
00:42 752.6 5.33 71 1.79 0
00:43 752.6 5.33 71 1.79 0
00:44 752.6 5.39 71 .89 0
00:45 752.6 5.39 71 .89 0
00:46 752.6 5.39 71 .89 0
00:47 752.6 5.39 71 1.79 0
00:48 752.6 5.39 71 .89 0
00:49 752.6 5.39 71 .89 0
00:50 752.6 5.39 71 1.79 0
00:51 752.6 5.39 71 .89 0
00:52 752.6 5.39 71 .45 0
00:53 752.6 5.39 71 .89 0
00:54 752.6 5.39 70 1.79 0
00:55 752.6 5.39 70 .89 0
00:56 752.6 5.39 71 .89 0
00:57 752.6 5.39 71 .89 0
00:58 752.6 5.39 70 .89 0
00:59 752.6 5.39 70 .89 0
01:00 752.6 5.33 70 .89 0
01:01 752.6 5.39 70 .89 0
01:02 752.6 5.39 70 .89 0
01:03 752.6 5.39 70 1.79 0
01:04 752.6 5.39 70 1.79 0
01:05 752.6 5.39 70 1.79 0
01:06 752.6 5.44 70 .89 0
01:07 752.6 5.44 70 1.79 0
01:08 752.6 5.44 70 1.79 0
01:09 752.6 5.44 70 .89 0
01:10 752.86 5.5 70 1.79 0
01:11 752.86 5.5 70 .89 0
01:12 752.86 5.5 70 1.34 0
01:13 752.86 5.5 70 .89 0
01:14 752.86 5.5 70 .89 0
01:15 752.86 5.5 70 .89 0
01:16 752.86 5.5 70 .89 0
01:17 752.86 5.5 71 .89 0
01:18 752.86 5.44 71 .45 0
01:19 752.86 5.44 71 .45 0
01:20 752.86 5.44 71 .89 0
01:21 752.86 5.39 71 .89 0
01:22 752.86 5.33 71 .89 0
01:23 752.86 5.33 71 .45 0
01:24 752.86 5.33 71 1.34 0
01:25 752.86 5.33 71 .45 0
01:26 752.86 5.28 71 .89 0
01:27 752.86 5.28 71 .89 0
01:28 752.86 5.33 71 .89 0
01:29 752.86 5.28 71 .89 0
01:30 752.86 5.28 71 .89 0
01:31 752.86 5.28 71 .89 0
01:32 752.86 5.28 71 .89 0
01:33 752.86 5.28 71 1.34 0
01:34 752.86 5.28 71 1.79 0
01:35 752.86 5.28 71 .89 0
01:36 752.86 5.28 71 .89 0
01:37 752.86 5.28 71 .89 0
01:38 752.86 5.28 71 .89 0
01:39 752.86 5.28 71 .45 0
01:40 752.86 5.33 71 .45 0
01:41 752.86 5.33 71 .89 0
01:42 752.86 5.33 71 1.34 0
01:43 752.86 5.33 71 1.34 0
01:44 752.86 5.39 70 1.34 0
01:45 752.86 5.39 71 .45 0
01:46 752.86 5.39 71 1.34 0
01:47 752.86 5.44 71 .89 0
01:48 752.86 5.44 70 1.34 0
01:49 752.86 5.5 70 .89 0
01:50 752.86 5.5 70 .89 0
01:51 752.86 5.56 70 1.34 0
01:52 752.86 5.5 70 .89 0
01:53 752.86 5.5 70 1.34 0
01:54 752.86 5.5 70 1.34 0
01:55 752.86 5.5 70 1.34 0
01:56 752.86 5.5 71 1.79 0
01:57 752.86 5.5 71 1.79 0
01:58 752.86 5.5 70 .45 0
01:59 752.86 5.5 71 .89 0
02:00 752.86 5.5 71 .89 0
02:01 752.86 5.44 71 2.68 0
02:02 752.86 5.5 70 .89 0
02:03 752.86 5.5 71 1.79 0
02:04 752.86 5.5 70 1.34 0
02:05 752.86 5.5 70 1.34 0
02:06 752.86 5.56 70 .89 0
02:07 752.86 5.5 70 1.34 0
02:08 752.86 5.56 70 .89 0
02:09 752.86 5.5 70 .89 0
02:10 752.86 5.44 70 .89 0
02:11 752.86 5.44 70 .89 0
02:12 752.86 5.39 71 1.34 0
02:13 752.86 5.39 71 1.34 0
02:14 752.86 5.33 70 .89 0
02:15 752.86 5.33 70 .89 0
02:16 752.86 5.28 71 1.34 0
02:17 752.6 5.28 71 1.34 0
02:18 752.86 5.22 71 1.79 0
02:19 752.86 5.22 71 1.34 0
02:20 752.86 5.22 71 1.34 0
02:21 752.86 5.17 71 .89 0
02:22 752.86 5.17 71 1.34 0
02:23 752.86 5.11 71 1.34 0
02:24 752.86 5.06 71 1.34 0
02:25 752.86 5.06 71 .89 0
02:26 752.86 5.06 71 1.79 0
02:27 752.86 5 71 .89 0
02:28 752.86 5 72 .89 0
02:29 752.86 4.94 72 .89 0
02:30 752.86 4.94 72 1.34 0
02:31 752.86 4.94 72 .89 0
02:32 752.86 4.94 72 .89 0
02:33 752.86 4.89 72 1.34 0
02:34 752.86 4.89 72 1.34 0
02:35 752.86 4.89 72 .89 0
02:36 752.86 4.83 72 1.34 0
02:37 752.86 4.83 72 1.34 0
02:38 752.86 4.83 72 .89 0
02:39 752.86 4.78 72 .89 0
02:40 752.6 4.78 72 .45 0
02:41 752.86 4.72 72 .89 0
02:42 752.86 4.72 72 .89 0
02:43 752.86 4.67 72 .89 0
02:44 752.86 4.67 72 1.34 0
02:45 752.86 4.61 72 1.34 0
02:46 752.6 4.61 72 1.79 0
02:47 752.6 4.61 72 .89 0
02:48 752.6 4.61 72 .89 0
02:49 752.86 4.56 72 .89 0
02:50 752.86 4.56 73 .89 0
02:51 752.86 4.56 73 .89 0
02:52 752.86 4.5 73 .89 0
02:53 752.86 4.5 73 .89 0
02:54 752.86 4.5 73 .45 0
02:55 752.86 4.5 73 .89 0
02:56 752.86 4.44 73 .89 0
02:57 752.86 4.44 73 .89 0
02:58 752.86 4.39 73 1.34 0
02:59 752.86 4.33 73 .45 0
03:00 752.86 4.33 73 .89 0
03:01 752.86 4.33 73 .89 0
03:02 752.86 4.28 73 .45 0
03:03 752.86 4.28 73 1.34 0
03:04 752.86 4.28 74 .89 0
03:05 752.86 4.28 74 .89 0
03:06 752.86 4.28 74 0 0
03:07 752.86 4.28 74 .45 0
03:08 752.86 4.22 74 .45 0
03:09 752.86 4.28 74 .45 0
03:10 752.86 4.28 74 .89 0
03:11 752.86 4.28 74 .45 0
03:12 752.86 4.28 74 .89 0
03:13 752.86 4.28 74 .89 0
03:14 752.86 4.22 74 .45 0
03:15 752.86 4.28 74 .89 0
03:16 752.86 4.28 74 1.34 0
03:17 752.86 4.22 74 .89 0
03:18 752.86 4.28 74 .89 0
03:19 752.86 4.28 74 .89 0
03:20 752.86 4.22 74 .45 0
03:21 752.86 4.28 74 .45 0
03:22 752.86 4.22 74 .45 0
03:23 752.86 4.22 74 1.34 0
03:24 752.86 4.22 74 .89 0
03:25 752.86 4.22 74 1.34 0
03:26 752.86 4.28 74 .89 0
03:27 752.86 4.28 74 .45 0
03:28 752.86 4.28 74 .89 0
03:29 752.86 4.28 74 1.34 0
03:30 752.86 4.28 74 1.79 0
03:31 752.86 4.33 74 1.34 0
03:32 752.86 4.33 74 1.79 0
03:33 752.86 4.33 74 1.34 0
03:34 752.86 4.39 74 .89 0
03:35 752.86 4.33 74 .89 0
03:36 752.86 4.39 74 .89 0
03:37 752.86 4.33 74 .89 0
03:38 752.86 4.39 74 .89 0
03:39 752.86 4.33 74 .89 0
03:40 752.86 4.33 74 1.34 0
03:41 752.86 4.33 74 .89 0
03:42 752.86 4.33 74 1.34 0
03:43 752.86 4.33 74 .45 0
03:44 752.86 4.33 74 1.34 0
03:45 752.86 4.33 74 1.34 0
03:46 752.86 4.33 74 1.34 0
03:47 752.86 4.33 74 .89 0
03:48 752.86 4.33 74 .89 0
03:49 752.86 4.33 74 1.79 0
03:50 752.86 4.33 74 1.34 0
03:51 752.86 4.33 74 1.34 0
03:52 752.86 4.39 74 1.79 0
03:53 752.86 4.33 74 .89 0
03:54 752.86 4.39 74 .89 0
03:55 752.86 4.33 74 .89 0
03:56 752.86 4.39 74 1.34 0
03:57 752.86 4.39 74 1.34 0
03:58 752.86 4.39 74 .45 0
03:59 752.86 4.39 74 1.79 0
04:00 752.86 4.44 74 .89 0
04:01 752.86 4.39 74 .89 0
04:02 752.86 4.44 74 .45 0
04:03 752.86 4.44 74 .89 0
04:04 752.86 4.39 74 .89 0
04:05 752.86 4.44 74 .89 0
04:06 752.86 4.44 74 .89 0
04:07 752.86 4.39 74 .45 0
04:08 752.86 4.44 74 .89 0
04:09 752.86 4.44 74 .89 0
04:10 752.86 4.39 74 2.24 0
04:11 752.86 4.39 74 1.79 0
04:12 752.86 4.39 74 1.34 0
04:13 752.86 4.39 74 1.34 0
04:14 752.86 4.39 74 1.79 0
04:15 752.86 4.39 74 1.34 0
04:16 752.86 4.33 74 .89 0
04:17 752.86 4.39 74 2.68 0
04:18 752.86 4.39 74 1.79 0
04:19 752.86 4.44 74 1.34 0
04:20 752.86 4.44 74 .89 0
04:21 752.86 4.44 74 1.34 0
04:22 752.86 4.44 74 .89 0
04:23 752.86 4.44 74 1.34 0
04:24 752.86 4.44 74 .89 0
04:25 752.86 4.5 74 .45 0
04:26 752.86 4.5 74 .89 0
04:27 752.86 4.5 74 2.68 0
04:28 752.86 4.44 74 1.34 0
04:29 752.86 4.44 74 1.34 0
04:30 752.86 4.5 74 .89 0
04:31 752.86 4.5 74 .89 0
04:32 752.86 4.5 74 .89 0
04:33 752.86 4.5 74 1.79 0
04:34 752.86 4.44 74 1.34 0
04:35 752.86 4.44 74 1.34 0
04:36 753.11 4.44 74 .89 0
04:37 753.11 4.44 74 .45 0
04:38 753.11 4.44 74 .89 0
04:39 752.86 4.44 75 1.34 0
04:40 753.11 4.44 75 .89 0
04:41 752.86 4.44 75 1.34 0
04:42 753.11 4.44 75 1.34 0
04:43 752.86 4.44 75 1.34 0
04:44 753.11 4.44 75 1.34 0
04:45 753.11 4.44 75 .89 0
04:46 753.11 4.44 75 1.34 0
04:47 753.11 4.44 75 1.34 0
04:48 753.11 4.44 75 .89 0
04:49 753.11 4.5 75 1.34 0
04:50 752.86 4.44 75 1.34 0
04:51 752.86 4.44 75 1.79 0
04:52 753.11 4.44 75 1.34 0
04:53 753.11 4.44 75 1.34 0
04:54 753.11 4.5 75 .89 0
04:55 753.11 4.44 75 .89 0
04:56 753.11 4.44 75 1.34 0
04:57 753.11 4.44 75 .45 0
04:58 753.11 4.44 75 .45 0
04:59 753.11 4.44 75 1.34 0
05:00 753.11 4.44 75 .89 0
05:01 753.11 4.44 75 .89 0
05:02 753.11 4.44 75 .45 0
05:03 753.11 4.44 75 1.34 0
05:04 753.11 4.44 75 .89 0
05:05 753.11 4.44 75 .89 0
05:06 753.11 4.5 75 1.34 0
05:07 753.11 4.44 75 1.34 0
05:08 753.11 4.5 75 .89 0
05:09 753.11 4.5 75 .89 0
05:10 753.11 4.5 75 .89 0
05:11 753.11 4.5 75 1.79 0
05:12 753.11 4.5 75 1.34 0
05:13 753.11 4.5 75 1.34 0
05:14 753.11 4.5 75 1.79 0
05:15 753.11 4.5 75 .89 0
05:16 753.11 4.5 75 1.79 0
05:17 753.11 4.5 75 .89 0
05:18 753.11 4.5 75 1.34 0
05:19 753.11 4.5 75 .89 0
05:20 753.11 4.5 75 .89 0
05:21 753.11 4.5 75 .89 0
05:22 753.11 4.5 75 .89 0
05:23 753.11 4.5 75 .89 0
05:24 753.11 4.5 75 .89 0
05:25 753.11 4.5 75 1.79 0
05:26 753.11 4.5 75 1.34 0
05:27 753.36 4.5 75 .45 0
05:28 753.36 4.5 75 1.34 0
05:29 753.36 4.5 75 1.34 0
05:30 753.36 4.5 75 .89 0
05:31 753.36 4.5 75 .89 0
05:32 753.11 4.5 75 .89 0
05:33 753.36 4.5 75 .89 0
05:34 753.36 4.5 75 .45 0
05:35 753.36 4.5 75 1.34 0
05:36 753.36 4.5 75 .89 0
05:37 753.36 4.5 75 2.68 0
05:38 753.36 4.5 75 1.34 0
05:39 753.36 4.5 75 1.79 0
05:40 753.36 4.5 75 1.34 0
05:41 753.11 4.5 75 1.34 0
05:42 753.36 4.5 75 .45 0
05:43 753.36 4.5 75 .89 0
05:44 753.36 4.5 75 1.34 0
05:45 753.36 4.5 75 1.34 0
05:46 753.36 4.5 75 2.24 0
05:47 753.36 4.5 75 1.79 0
05:48 753.11 4.5 75 1.79 0
05:49 753.11 4.5 75 .45 0
05:50 753.11 4.5 75 1.34 0
05:51 753.11 4.5 75 1.34 0
05:52 753.11 4.5 75 2.68 0
05:53 753.11 4.5 75 .89 0
05:54 753.11 4.5 75 1.79 0
05:55 753.11 4.5 75 1.79 0
05:56 753.11 4.5 75 2.68 0
05:57 753.11 4.5 75 2.68 0
05:58 753.11 4.5 75 .45 0
05:59 753.11 4.5 75 2.68 0
06:00 753.11 4.5 75 1.79 0
06:01 753.11 4.5 75 1.79 0
06:02 753.36 4.5 75 .89 0
06:03 753.36 4.5 75 1.34 0
06:04 753.36 4.5 75 1.34 0
06:05 753.36 4.56 75 1.34 0
06:06 753.11 4.56 75 1.34 0
06:07 753.11 4.56 75 .89 0
06:08 753.11 4.56 75 .89 0
06:09 753.11 4.56 75 1.79 0
06:10 753.11 4.61 75 2.24 0
06:11 753.11 4.61 75 3.58 0
06:12 753.11 4.61 75 1.34 0
06:13 753.11 4.61 75 1.34 0
06:14 753.11 4.67 75 1.79 0
06:15 753.11 4.67 75 1.34 0
06:16 753.36 4.67 75 1.79 0
06:17 753.36 4.67 75 1.79 0
06:18 753.36 4.67 75 .89 0
06:19 753.36 4.67 75 1.79 0
06:20 753.36 4.67 75 1.79 0
06:21 753.36 4.72 75 1.34 0
06:22 753.36 4.67 75 1.79 0
06:23 753.36 4.72 75 2.68 0
06:24 753.36 4.72 75 1.34 0
06:25 753.36 4.78 75 1.79 0
06:26 753.36 4.72 75 2.68 0
06:27 753.11 4.78 75 1.79 0
06:28 753.11 4.78 75 1.34 0
06:29 753.11 4.78 75 3.58 0
06:30 753.36 4.78 75 1.34 0
06:31 753.36 4.78 75 .89 0
06:32 753.36 4.78 75 2.68 0
06:33 753.11 4.83 75 3.13 0
06:34 753.36 4.83 75 1.79 0
06:35 753.36 4.83 75 1.34 0
06:36 753.36 4.83 75 1.34 0
06:37 753.36 4.89 75 1.34 0
06:38 753.36 4.89 75 2.24 0
06:39 753.36 4.89 75 1.34 0
06:40 753.36 4.89 75 1.34 0
06:41 753.36 4.94 75 .89 0
06:42 753.36 4.94 75 3.13 0
06:43 753.36 4.94 75 .89 0
06:44 753.11 4.94 75 2.68 0
06:45 753.11 5 75 1.79 0
06:46 753.11 5 75 1.79 0
06:47 753.11 5.06 75 1.34 0
06:48 753.11 5.06 75 2.68 0
06:49 753.11 5.06 75 1.34 0
06:50 753.11 5.06 75 3.13 0
06:51 753.36 5.06 75 1.34 0
06:52 753.36 5.11 75 3.13 0
06:53 753.36 5.11 75 1.79 0
06:54 753.36 5.22 75 1.79 0
06:55 753.36 5.22 74 1.34 0
06:56 753.36 5.22 74 2.68 0
06:57 753.36 5.28 74 1.79 0
06:58 753.36 5.33 74 1.34 0
06:59 753.36 5.33 74 1.79 0
07:00 753.36 5.33 74 3.13 0
07:01 753.36 5.39 74 3.13 0
07:02 753.36 5.39 74 3.13 0
07:03 753.36 5.44 74 4.47 0
07:04 753.36 5.5 74 3.13 0
07:05 753.36 5.56 74 2.68 0
07:06 753.36 5.56 74 4.47 0
07:07 753.36 5.61 74 1.79 0
07:08 753.36 5.67 73 1.34 0
07:09 753.36 5.72 73 2.24 0
07:10 753.36 5.72 73 1.79 0
07:11 753.36 5.78 73 .89 0
07:12 753.36 5.78 73 1.79 0
07:13 753.62 5.78 73 2.68 0
07:14 753.36 5.83 73 3.13 0
07:15 753.36 5.89 73 1.34 0
07:16 753.36 5.89 73 3.58 0
07:17 753.36 5.89 73 1.34 0
07:18 753.36 5.89 73 2.24 0
07:19 753.36 5.94 73 .89 0
07:20 753.36 5.94 73 3.13 0
07:21 753.36 5.94 73 1.34 0
07:22 753.36 5.94 73 1.34 0
07:23 753.36 6 73 1.34 0
07:24 753.36 6 73 1.34 0
07:25 753.36 6.06 73 1.79 0
07:26 753.36 6.06 73 .89 0
07:27 753.36 6.11 73 1.34 0
07:28 753.36 6.11 73 1.34 0
07:29 753.36 6.11 73 3.13 0
07:30 753.11 6.17 73 1.79 0
07:31 753.11 6.17 73 2.68 0
07:32 753.11 6.22 73 3.13 0
07:33 753.11 6.28 73 2.24 0
07:34 753.11 6.28 72 2.68 0
07:35 753.11 6.28 72 1.34 0
07:36 753.11 6.28 72 1.79 0
07:37 753.11 6.28 72 3.13 0
07:38 753.11 6.33 73 1.34 0
07:39 753.11 6.33 73 2.24 0
07:40 753.11 6.33 73 1.79 0
07:41 753.11 6.28 73 2.68 0
07:42 753.11 6.33 73 1.79 0
07:43 753.11 6.33 73 1.34 0
07:44 752.86 6.33 73 2.24 0
07:45 752.86 6.39 73 3.13 0
07:46 752.86 6.39 73 4.02 0
07:47 752.86 6.39 73 3.13 0
07:48 752.86 6.44 73 3.13 0
07:49 752.86 6.44 73 1.79 0
07:50 752.86 6.5 73 1.79 0
07:51 752.86 6.5 72 1.79 0
07:52 752.86 6.5 72 1.79 0
07:53 752.86 6.56 73 2.68 0
07:54 752.86 6.56 73 1.34 0
07:55 752.86 6.56 73 1.34 0
07:56 752.86 6.56 73 1.34 0
07:57 752.86 6.61 73 1.79 0
07:58 752.86 6.61 73 3.13 0
07:59 752.86 6.67 73 3.58 0
08:00 752.86 6.67 73 3.58 0
08:01 752.86 6.67 72 1.79 0
08:02 752.86 6.67 73 2.24 0
08:03 752.86 6.72 72 1.79 0
08:04 752.86 6.78 72 .89 0
08:05 752.86 6.78 72 1.79 0
08:06 752.86 6.78 72 1.34 0
08:07 752.86 6.83 73 4.02 0
08:08 752.86 6.83 72 1.34 0
08:09 752.86 6.83 72 1.79 0
08:10 752.86 6.89 72 1.79 0
08:11 752.86 6.94 73 1.34 0
08:12 752.86 6.94 72 .89 0
08:13 752.86 6.94 73 1.34 0
08:14 752.86 6.94 72 1.79 0
08:15 752.86 6.94 72 3.13 0
08:16 752.86 7 72 .89 0
08:17 752.86 7 72 1.79 0
08:18 752.86 7.06 72 3.13 0
08:19 752.86 7.06 72 1.34 0
08:20 752.86 7.06 72 .45 0
08:21 752.86 7.06 73 2.68 0
08:22 752.86 7.06 73 2.68 0
08:23 752.86 7.06 73 2.68 0
08:24 752.86 7.06 73 1.34 0
08:25 752.86 7.06 73 1.34 0
08:26 752.86 7.06 73 .45 0
08:27 752.86 7.06 73 1.79 0
08:28 752.86 7.06 73 1.34 0
08:29 752.86 7.06 73 1.34 0
08:30 752.86 7.06 73 .89 0
08:31 752.86 7.06 73 1.34 0
08:32 752.86 7.06 73 1.79 0
08:33 752.86 7.06 73 1.34 0
08:34 752.86 7.06 73 2.24 0
08:35 752.86 7.06 73 3.13 0
08:36 752.86 7.11 73 .89 0
08:37 752.86 7.11 73 .89 0
08:38 752.86 7.11 73 1.34 0
08:39 752.86 7.11 73 1.79 0
08:40 752.86 7.11 73 1.34 0
08:41 752.86 7.11 73 2.24 0
08:42 752.86 7.06 73 1.34 0
08:43 752.86 7.11 73 3.58 0
08:44 752.6 7.11 73 1.79 0
08:45 752.6 7.06 73 2.24 0
08:46 752.6 7.11 73 2.24 0
08:47 752.6 7.06 73 2.24 0
08:48 752.6 7.06 73 1.79 0
08:49 752.6 7.06 73 2.24 0
08:50 752.6 7.06 73 1.34 0
08:51 752.6 7.06 73 2.24 0
08:52 752.6 7.06 73 1.34 0
08:53 752.6 7.06 73 0 0
08:54 752.6 7.06 73 1.34 0
08:55 752.6 7.06 73 .89 0
08:56 752.6 7.06 73 .89 0
08:57 752.6 7.11 73 .89 0
08:58 752.6 7.11 73 2.24 0
08:59 752.6 7.11 73 2.68 0
09:00 752.6 7.17 73 .89 0
09:01 752.6 7.22 73 1.34 0
09:02 752.6 7.22 73 1.34 0
09:03 752.6 7.28 73 1.79 0
09:04 752.6 7.28 73 .45 0
09:05 752.6 7.28 73 2.24 0
09:06 752.6 7.33 72 .89 0
09:07 752.6 7.39 72 1.34 0
09:08 752.6 7.44 72 1.34 0
09:09 752.6 7.5 72 .89 0
09:10 752.6 7.5 73 1.79 0
09:11 752.6 7.56 72 2.24 0
09:12 752.6 7.56 72 1.79 0
09:13 752.6 7.61 72 4.02 0
09:14 752.35 7.67 72 1.34 0
09:15 752.6 7.67 72 1.79 0
09:16 752.35 7.72 72 .89 0
09:17 752.35 7.72 72 4.47 0
09:18 752.35 7.72 72 3.58 0
09:19 752.35 7.72 72 1.79 0
09:20 752.35 7.78 72 3.13 0
09:21 752.35 7.78 72 1.34 0
09:22 752.35 7.78 72 .89 0
09:23 752.35 7.83 72 1.79 0
09:24 752.35 7.83 72 2.24 0
09:25 752.35 7.83 72 1.34 0
09:26 752.35 7.89 72 2.24 0
09:27 752.35 7.89 72 3.13 0
09:28 752.35 7.94 72 2.68 0
09:29 752.35 7.94 72 3.13 0
09:30 752.35 8 71 2.68 0
09:31 752.35 8.06 71 1.79 0
09:32 752.35 8.17 71 4.47 0
09:33 752.35 8.22 71 2.68 0
09:34 752.35 8.28 71 3.13 0
09:35 752.35 8.33 71 3.13 0
09:36 752.09 8.44 71 4.02 0
09:37 752.35 8.56 71 1.34 0
09:38 752.35 8.61 70 2.24 0
09:39 752.35 8.72 70 1.79 0
09:40 752.09 8.83 70 4.92 0
09:41 752.09 8.89 70 1.79 0
09:42 752.09 9 69 4.47 0
09:43 752.09 9.06 69 4.47 0
09:44 752.09 9.17 68 4.02 0
09:45 752.09 9.22 68 1.79 0
09:46 752.09 9.33 69 1.79 0
09:47 752.09 9.44 69 2.24 0
09:48 752.09 9.5 68 1.34 0
09:49 752.09 9.67 67 6.71 0
09:50 752.09 9.67 66 4.92 0
09:51 752.09 9.72 66 2.68 0
09:52 752.09 9.78 66 6.71 0
09:53 752.09 9.83 66 4.47 0
09:54 752.09 9.83 66 4.02 0
09:55 752.09 9.83 65 2.68 0
09:56 752.09 9.83 66 2.68 0
09:57 752.09 9.89 66 2.24 0
09:58 752.09 9.89 65 1.34 0
09:59 752.09 9.89 66 2.68 0
10:00 752.09 9.94 65 4.02 0
10:01 752.09 10 65 2.68 0
10:02 752.09 10 65 2.68 0
10:03 752.09 10.06 64 3.58 0
10:04 752.09 10.06 64 4.92 0
10:05 752.09 10.17 64 4.47 0
10:06 752.09 10.17 63 2.24 0
10:07 752.09 10.22 63 4.02 0
10:08 752.09 10.28 63 4.02 0
10:09 752.09 10.33 62 4.47 0
10:10 752.09 10.39 62 4.47 0
10:11 751.84 10.39 62 4.02 0
10:12 751.84 10.5 62 3.58 0
10:13 751.84 10.56 62 4.47 0
10:14 751.84 10.56 62 3.58 0
10:15 751.84 10.61 62 4.47 0
10:16 751.84 10.61 61 4.92 0
10:17 751.84 10.61 60 5.36 0
10:18 751.84 10.61 61 4.47 0
10:19 751.84 10.67 61 2.68 0
10:20 751.84 10.67 61 8.05 0
10:21 751.84 10.72 60 5.36 0
10:22 751.84 10.72 60 4.02 0
10:23 751.84 10.72 61 4.92 0
10:24 751.84 10.72 60 6.26 0
10:25 751.84 10.67 60 4.47 0
10:26 751.84 10.61 60 6.71 0
10:27 751.84 10.61 61 4.92 0
10:28 751.84 10.61 61 3.13 0
10:29 751.59 10.67 61 2.24 0
10:30 751.59 10.67 61 .89 0
10:31 751.59 10.72 61 4.02 0
10:32 751.59 10.72 61 4.02 0
10:33 751.59 10.67 61 5.36 0
10:34 751.59 10.67 61 4.47 0
10:35 751.59 10.67 61 4.02 0
10:36 751.59 10.67 60 8.05 0
10:37 751.59 10.67 61 4.47 0
10:38 751.59 10.67 61 4.02 0
10:39 751.59 10.72 61 7.6 0
10:40 751.59 10.78 60 3.58 0
10:41 751.59 10.78 60 3.13 0
10:42 751.59 10.83 60 4.92 0
10:43 751.59 10.83 61 1.79 0
10:44 751.59 10.83 61 3.58 0
10:45 751.59 10.89 60 5.81 0
10:46 751.59 10.94 60 1.34 0
10:47 751.59 10.94 60 7.15 0
10:48 751.59 10.89 60 3.13 0
10:49 751.59 11 60 4.02 0
10:50 751.59 11 60 5.36 0
10:51 751.59 11 59 4.92 0
10:52 751.59 11 59 6.26 0
10:53 751.33 11 59 5.36 0
10:54 751.33 11 59 5.36 0
10:55 751.33 11.06 60 3.58 0
10:56 751.33 11.06 60 2.24 0
10:57 751.33 11.06 60 3.13 0
10:58 751.33 11.11 60 1.79 0
10:59 751.33 11.17 60 5.36 0
11:00 751.33 11.17 59 4.92 0
11:01 751.33 11.17 60 3.13 0
11:02 751.33 11.22 59 5.81 0
11:03 751.33 11.22 59 4.02 0
11:04 751.33 11.17 59 1.79 0
11:05 751.33 11.22 59 7.6 0
11:06 751.33 11.22 58 6.71 0
11:07 751.08 11.22 58 4.92 0
11:08 751.08 11.22 58 7.15 0
11:09 751.08 11.22 58 5.81 0
11:10 751.08 11.22 59 3.13 0
11:11 751.08 11.28 59 5.36 0
11:12 751.08 11.28 59 4.47 0
11:13 751.08 11.28 59 1.34 0
11:14 751.08 11.33 59 3.58 0
11:15 751.08 11.39 58 8.94 0
11:16 751.08 11.39 58 5.81 0
11:17 751.08 11.39 58 1.79 0
11:18 751.08 11.44 58 3.58 0
11:19 751.08 11.44 58 3.13 0
11:20 751.08 11.5 58 7.15 0
11:21 751.08 11.5 58 1.79 0
11:22 750.82 11.56 58 4.02 0
11:23 750.82 11.61 58 4.47 0
11:24 750.82 11.67 57 2.24 0
11:25 750.82 11.72 58 4.47 0
11:26 750.82 11.78 57 6.26 0
11:27 750.82 11.83 57 4.92 0
11:28 750.82 11.89 57 4.92 0
11:29 750.82 11.94 57 3.13 0
11:30 750.82 12 56 6.26 0
11:31 750.82 11.94 56 8.94 0
11:32 750.82 11.89 56 2.68 0
11:33 750.57 11.89 56 8.94 0
11:34 750.82 11.83 56 3.13 0
11:35 750.82 11.89 57 7.6 0
11:36 750.57 11.94 56 5.81 0
11:37 750.57 11.94 57 4.92 0
11:38 750.57 12.06 56 3.13 0
11:39 750.57 12.11 56 7.6 0
11:40 750.57 12.17 56 8.49 0
11:41 750.57 12.17 56 2.68 0
11:42 750.57 12.17 55 8.94 0
11:43 750.57 12.11 56 4.92 0
11:44 750.57 12.11 56 10.28 0
11:45 750.57 12.11 56 2.24 0
11:46 750.57 12.11 55 4.92 0
11:47 750.57 12.11 56 5.36 0
11:48 750.57 12.11 56 3.58 0
11:49 750.57 12.11 56 6.26 0
11:50 750.57 12.17 56 8.49 0
11:51 750.57 12.17 56 5.36 0
11:52 750.57 12.22 56 6.26 0
11:53 750.57 12.28 56 4.92 0
11:54 750.57 12.39 56 4.47 0
11:55 750.57 12.5 57 5.36 0
11:56 750.32 12.67 56 5.81 0
11:57 750.32 12.78 56 6.71 0
11:58 750.32 12.78 55 5.81 0
11:59 750.32 12.83 55 3.58 0
12:00 750.32 12.83 55 6.26 0
12:01 750.32 12.89 55 3.58 0
12:02 750.32 12.94 55 3.13 0
12:03 750.32 13.06 55 4.92 0
12:04 750.32 13.06 54 5.36 0
12:05 750.32 13.11 54 6.26 0
12:06 750.32 13.17 54 4.92 0
12:07 750.32 13.28 54 6.71 0
12:08 750.32 13.33 54 4.47 0
12:09 750.32 13.39 54 3.13 0
12:10 750.32 13.56 54 4.47 0
12:11 750.32 13.67 54 5.81 0
12:12 750.32 13.78 54 8.05 0
12:13 750.32 13.78 52 6.26 0
12:14 750.32 13.78 53 5.81 0
12:15 750.32 13.72 51 8.94 0
12:16 750.06 13.72 51 9.83 0
12:17 750.32 13.67 51 8.05 0
12:18 750.32 13.72 52 6.71 0
12:19 750.32 13.78 52 4.47 0
12:20 750.32 13.83 52 7.15 0
12:21 750.06 13.94 52 5.81 0
12:22 750.06 14.06 52 4.02 0
12:23 750.06 14.11 52 6.26 0
12:24 750.06 14.22 52 4.02 0
12:25 750.06 14.33 51 7.15 0
12:26 750.06 14.28 50 4.92 0
12:27 750.06 14.28 50 6.71 0
12:28 750.06 14.22 50 5.81 0
12:29 750.06 14.22 50 6.71 0
12:30 750.06 14.22 50 8.49 0
12:31 750.06 14.17 50 12.07 0
12:32 750.06 14.06 50 9.83 0
12:33 749.81 14.06 50 6.26 0
12:34 750.06 14.11 51 8.49 0
12:35 750.06 14.22 51 2.68 0
12:36 749.81 14.39 51 4.02 0
12:37 749.81 14.5 51 5.81 0
12:38 749.81 14.56 51 5.81 0
12:39 749.81 14.67 51 2.68 0
12:40 749.81 14.78 51 2.24 0
12:41 749.81 14.83 51 3.13 0
12:42 749.81 14.94 51 5.36 0
12:43 749.81 14.94 50 6.71 0
12:44 749.81 14.94 50 5.81 0
12:45 749.81 14.94 49 6.71 0
12:46 749.81 14.89 49 6.26 0
12:47 749.81 14.83 49 8.05 0
12:48 749.81 14.78 49 10.73 0
12:49 749.55 14.67 49 8.94 0
12:50 749.55 14.56 49 5.81 0
12:51 749.55 14.61 49 8.94 0
12:52 749.55 14.72 50 10.28 0
12:53 749.55 14.78 49 6.26 0
12:54 749.81 14.78 49 4.92 0
12:55 749.55 14.83 49 6.71 0
12:56 749.55 14.78 49 6.71 0
12:57 749.55 14.72 49 5.36 0
12:58 749.55 14.67 49 8.05 0
12:59 749.55 14.67 49 4.47 0
13:00 749.55 14.72 50 4.47 0
13:01 749.55 14.78 50 5.36 0
13:02 749.55 14.78 50 5.81 0
13:03 749.55 14.89 49 6.71 0
13:04 749.55 14.83 49 7.15 0
13:05 749.55 14.83 49 6.26 0
13:06 749.3 15 50 1.79 0
13:07 749.3 15.06 50 5.36 0
13:08 749.3 15.06 50 8.94 0
13:09 749.3 15.22 50 4.02 0
13:10 749.3 15.33 50 3.58 0
13:11 749.3 15.5 50 4.47 0
13:12 749.3 15.56 49 8.05 0
13:13 749.3 15.56 49 7.15 0
13:14 749.3 15.5 48 7.6 0
13:15 749.3 15.39 48 4.02 0
13:16 749.3 15.33 48 6.26 0
13:17 749.3 15.22 48 11.18 0
13:18 749.3 15.22 48 7.15 0
13:19 749.3 15.22 49 5.81 0
13:20 749.3 15.28 49 8.49 0
13:21 749.3 15.33 48 4.02 0
13:22 749.3 15.39 48 1.34 0
13:23 749.3 15.5 49 4.47 0
13:24 749.3 15.61 48 5.36 0
13:25 749.3 15.56 48 4.02 0
13:26 749.3 15.56 48 7.15 0
13:27 749.3 15.56 48 4.02 0
13:28 749.3 15.44 48 8.94 0
13:29 749.3 15.39 49 4.92 0
13:30 749.3 15.33 49 4.02 0
13:31 749.3 15.39 49 4.02 0
13:32 749.3 15.33 49 6.26 0
13:33 749.3 15.28 48 6.71 0
13:34 749.05 15.22 49 6.71 0
13:35 749.05 15.22 49 11.18 0
13:36 749.05 15.17 49 10.28 0
13:37 749.05 15.17 49 6.71 0
13:38 749.05 15.22 49 7.6 0
13:39 749.05 15.28 49 2.24 0
13:40 749.05 15.33 49 4.02 0
13:41 749.05 15.39 50 5.36 0
13:42 749.05 15.44 49 4.02 0
13:43 749.05 15.44 49 7.6 0
13:44 749.05 15.39 49 7.15 0
13:45 749.05 15.33 49 5.81 0
13:46 749.05 15.39 49 3.58 0
13:47 749.05 15.39 50 8.94 0
13:48 749.05 15.39 49 8.49 0
13:49 749.05 15.39 49 10.73 0
13:50 749.05 15.39 49 8.49 0
13:51 749.05 15.44 49 4.47 0
13:52 748.79 15.5 49 8.05 0
13:53 749.05 15.5 49 3.58 0
13:54 749.05 15.56 49 12.07 0
13:55 748.79 15.5 49 5.81 0
13:56 748.79 15.44 49 5.81 0
13:57 749.05 15.44 49 5.36 0
13:58 749.05 15.5 49 8.05 0
13:59 748.79 15.61 49 6.71 0
14:00 748.79 15.67 49 4.47 0
14:01 748.79 15.72 49 6.26 0
14:02 748.79 15.78 48 4.92 0
14:03 748.79 15.78 49 4.92 0
14:04 748.79 15.83 49 1.34 0
14:05 748.79 15.89 49 4.02 0
14:06 748.79 15.94 49 6.26 0
14:07 748.79 15.94 48 2.24 0
14:08 748.79 16 48 5.36 0
14:09 748.79 16 47 7.15 0
14:10 748.79 16 47 5.81 0
14:11 748.79 16 47 3.13 0
14:12 748.79 16.06 46 4.92 0
14:13 748.79 16.06 47 4.47 0
14:14 748.79 16.06 46 5.81 0
14:15 748.79 16 47 6.26 0
14:16 748.79 16 47 4.47 0
14:17 748.79 16.06 47 4.02 0
14:18 748.79 16 47 3.58 0
14:19 748.79 16.06 47 3.58 0
14:20 748.79 16.06 47 5.81 0
14:21 748.79 16.06 47 4.92 0
14:22 748.79 16.11 47 5.81 0
14:23 748.79 16.17 47 8.49 0
14:24 748.79 16.11 46 5.36 0
14:25 748.54 16.11 46 4.02 0
14:26 748.54 16.11 47 3.58 0
14:27 748.54 16.17 47 4.02 0
14:28 748.54 16.22 47 5.81 0
14:29 748.54 16.22 47 7.15 0
14:30 748.54 16.22 47 4.47 0
14:31 748.54 16.28 46 7.6 0
14:32 748.54 16.28 46 12.07 0
14:33 748.28 16.33 46 4.47 0
14:34 748.28 16.33 46 6.71 0
14:35 748.28 16.39 46 6.71 0
14:36 748.28 16.33 46 7.6 0
14:37 748.28 16.33 46 8.05 0
14:38 748.28 16.39 46 8.94 0
14:39 748.28 16.33 46 5.81 0
14:40 748.28 16.33 46 6.26 0
14:41 748.54 16.39 46 10.73 0
14:42 748.54 16.33 47 11.62 0
14:43 748.28 16.28 47 5.36 0
14:44 748.28 16.17 47 8.94 0
14:45 748.28 16.17 47 7.15 0
14:46 748.28 16.11 47 2.68 0
14:47 748.28 16.11 47 3.58 0
14:48 748.03 16.11 47 4.92 0
14:49 748.03 16.11 47 5.36 0
14:50 748.28 16.11 47 3.58 0
14:51 748.03 16.11 47 5.81 0
14:52 748.03 16.06 47 4.47 0
14:53 748.03 16.06 47 3.58 0
14:54 748.03 16.06 47 3.13 0
14:55 748.03 16.06 47 4.02 0
14:56 748.03 16.11 47 3.58 0
14:57 748.28 16.11 47 4.47 0
14:58 748.28 16.17 47 3.58 0
14:59 748.03 16.17 47 8.05 0
15:00 748.03 16.17 47 5.81 0
15:01 748.28 16.22 47 6.71 0
15:02 748.03 16.28 47 6.71 0
15:03 748.28 16.28 47 5.36 0
15:04 748.03 16.33 47 12.52 0
15:05 748.03 16.28 46 4.02 0
15:06 748.03 16.28 47 6.26 0
15:07 748.03 16.28 47 7.15 0
15:08 748.03 16.28 47 9.39 0
15:09 748.03 16.17 47 7.15 0
15:10 748.03 16.17 47 3.58 0
15:11 748.03 16.17 47 6.26 0
15:12 748.03 16.17 47 6.26 0
15:13 748.03 16.17 47 6.71 0
15:14 748.03 16.11 47 5.36 0
15:15 747.78 16.06 47 4.92 0
15:16 748.03 16.11 47 6.71 0
15:17 747.78 16.11 48 1.34 0
15:18 747.78 16.11 47 8.94 0
15:19 747.78 16.11 47 3.58 0
15:20 747.78 16.11 48 9.83 0
15:21 747.78 16.06 47 5.36 0
15:22 747.78 16 48 8.94 0
15:23 747.78 16 48 11.18 0
15:24 747.78 16 48 8.49 0
15:25 747.78 16.11 48 3.13 0
15:26 747.78 16.17 48 4.47 0
15:27 747.78 16.28 48 6.26 0
15:28 747.78 16.33 48 2.68 0
15:29 747.78 16.44 48 12.96 0
15:30 747.52 16.5 48 4.92 0
15:31 747.78 16.5 48 5.36 0
15:32 747.78 16.44 47 6.71 0
15:33 747.52 16.39 48 8.05 0
15:34 747.78 16.44 48 7.6 0
15:35 747.78 16.44 48 5.36 0
15:36 747.52 16.44 48 11.62 0
15:37 747.52 16.39 48 8.49 0
15:38 747.52 16.33 48 9.83 0
15:39 747.52 16.28 48 9.39 0
15:40 747.52 16.28 48 8.05 0
15:41 747.52 16.28 49 4.47 0
15:42 747.78 16.33 49 6.71 0
15:43 747.78 16.44 49 3.13 0
15:44 747.78 16.44 49 4.47 0
15:45 747.78 16.5 48 4.02 0
15:46 747.78 16.56 48 4.92 0
15:47 747.78 16.56 48 4.92 0
15:48 747.78 16.61 48 6.26 0
15:49 747.78 16.67 48 4.47 0
15:50 747.78 16.61 48 8.05 0
15:51 747.78 16.61 48 4.02 0
15:52 747.78 16.56 48 4.02 0
15:53 747.78 16.56 48 8.49 0
15:54 747.78 16.5 48 12.07 0
15:55 747.78 16.44 48 4.02 0
15:56 747.78 16.33 48 5.81 0
15:57 747.78 16.28 48 4.47 0
15:58 747.78 16.22 48 8.49 0
15:59 747.78 16.22 49 6.71 0
16:00 747.78 16.22 49 4.47 0
16:01 747.78 16.22 49 6.71 0
16:02 747.78 16.17 49 7.6 0
16:03 747.78 16.11 49 6.71 0
16:04 747.78 16.11 49 8.49 0
16:05 747.78 16.11 49 5.81 0
16:06 747.78 16.11 49 6.26 0
16:07 747.52 16.17 49 7.6 0
16:08 747.52 16.17 49 7.6 0
16:09 747.52 16.28 49 9.39 0
16:10 747.52 16.28 49 5.81 0
16:11 747.52 16.28 49 5.81 0
16:12 747.52 16.28 49 6.26 0
16:13 747.52 16.28 49 5.81 0
16:14 747.52 16.28 49 4.47 0
16:15 747.52 16.28 49 8.94 0
16:16 747.52 16.28 49 8.49 0
16:17 747.52 16.28 49 9.39 0
16:18 747.52 16.28 49 4.47 0
16:19 747.52 16.28 49 8.05 0
16:20 747.52 16.28 49 7.15 0
16:21 747.52 16.28 49 4.02 0
16:22 747.52 16.39 49 11.18 0
16:23 747.52 16.33 49 5.81 0
16:24 747.52 16.39 49 5.36 0
16:25 747.52 16.39 49 10.73 0
16:26 747.52 16.44 49 5.36 0
16:27 747.52 16.44 49 7.6 0
16:28 747.52 16.44 49 8.94 0
16:29 747.27 16.44 49 6.71 0
16:30 747.27 16.5 49 5.36 0
16:31 747.27 16.5 49 6.26 0
16:32 747.27 16.5 49 4.47 0
16:33 747.27 16.56 50 3.58 0
16:34 747.27 16.61 50 8.49 0
16:35 747.27 16.61 49 6.71 0
16:36 747.27 16.61 49 6.71 0
16:37 747.27 16.67 50 4.47 0
16:38 747.27 16.72 50 3.13 0
16:39 747.27 16.72 50 3.58 0
16:40 747.27 16.78 50 7.15 0
16:41 747.27 16.78 49 8.05 0
16:42 747.27 16.83 49 5.36 0
16:43 747.27 16.83 49 6.26 0
16:44 747.27 16.83 49 1.79 0
16:45 747.01 16.83 49 4.92 0
16:46 747.27 16.83 49 4.02 0
16:47 747.01 16.83 49 6.26 0
16:48 747.01 16.83 49 6.26 0
16:49 747.01 16.83 49 11.62 0
16:50 747.01 16.83 49 5.36 0
16:51 747.01 16.83 50 1.34 0
16:52 747.01 16.89 50 4.92 0
16:53 747.01 16.89 50 7.6 0
16:54 747.01 16.94 50 8.49 0
16:55 747.01 16.94 49 6.71 0
16:56 747.01 17 50 4.47 0
16:57 747.01 17 50 5.81 0
16:58 747.01 17.06 50 4.02 0
16:59 747.01 17.11 50 7.15 0
17:00 747.01 17.17 50 6.71 0
17:01 747.01 17.17 50 4.92 0
17:02 747.01 17.22 50 3.13 0
17:03 747.01 17.28 50 4.92 0
17:04 747.01 17.33 50 3.58 0
17:05 747.01 17.33 50 5.81 0
17:06 747.01 17.39 50 4.92 0
17:07 747.01 17.39 50 12.07 0
17:08 747.01 17.39 50 3.58 0
17:09 747.01 17.33 50 3.58 0
17:10 747.01 17.33 50 5.81 0
17:11 747.01 17.33 50 4.47 0
17:12 747.01 17.33 50 4.92 0
17:13 747.01 17.28 50 4.47 0
17:14 747.01 17.28 50 3.58 0
17:15 747.01 17.28 50 7.6 0
17:16 747.01 17.22 50 5.36 0
17:17 747.01 17.17 50 4.02 0
17:18 747.01 17.17 50 5.36 0
17:19 747.01 17.11 50 4.47 0
17:20 747.01 17.11 51 8.05 0
17:21 747.01 17.06 51 7.15 0
17:22 747.01 17 51 11.62 0
17:23 747.01 17 51 5.81 0
17:24 747.01 16.94 51 5.36 0
17:25 747.01 16.94 51 1.79 0
17:26 747.01 16.94 51 6.26 0
17:27 747.01 16.94 51 4.92 0
17:28 747.01 16.94 51 5.36 0
17:29 747.01 17 51 8.05 0
17:30 746.76 17 51 4.02 0
17:31 746.76 17 52 3.58 0
17:32 747.01 17 52 6.71 0
17:33 746.76 16.94 52 4.92 0
17:34 746.76 16.94 52 4.02 0
17:35 746.76 17 52 3.58 0
17:36 746.76 16.94 52 7.15 0
17:37 746.76 17 52 3.58 0
17:38 746.76 16.94 52 6.26 0
17:39 746.76 17 52 4.47 0
17:40 746.76 17 52 3.13 0
17:41 746.76 17.06 52 4.02 0
17:42 746.76 17.06 52 8.05 0
17:43 746.76 17.06 52 5.36 0
17:44 746.76 17.06 52 .89 0
17:45 746.76 17.11 52 8.94 0
17:46 746.76 17.06 52 4.47 0
17:47 746.76 17.06 52 4.47 0
17:48 746.76 17.06 52 5.36 0
17:49 746.76 17.06 52 4.02 0
17:50 746.76 17.06 53 6.71 0
17:51 746.76 17.06 52 8.94 0
17:52 746.76 17 53 5.36 0
17:53 746.76 17 52 5.36 0
17:54 746.76 16.94 52 2.68 0
17:55 746.76 16.94 53 4.02 0
17:56 746.51 16.94 53 8.49 0
17:57 746.51 16.89 53 7.6 0
17:58 746.76 16.89 53 7.6 0
17:59 746.76 16.89 53 8.05 0
18:00 746.76 16.83 53 7.15 0
18:01 746.76 16.83 53 3.13 0
18:02 746.76 16.83 53 5.36 0
18:03 746.51 16.83 53 8.05 0
18:04 746.51 16.78 53 3.58 0
18:05 746.51 16.78 54 7.6 0
18:06 746.51 16.72 54 7.15 0
18:07 746.51 16.72 54 6.26 0
18:08 746.51 16.67 54 12.07 0
18:09 746.51 16.67 54 6.26 0
18:10 746.51 16.61 54 4.92 0
18:11 746.51 16.61 54 8.05 0
18:12 746.51 16.56 54 4.92 0
18:13 746.51 16.61 54 5.36 0
18:14 746.51 16.56 54 5.36 0
18:15 746.51 16.56 54 6.71 0
18:16 746.51 16.56 54 8.94 0
18:17 746.51 16.5 54 4.02 0
18:18 746.51 16.44 55 5.36 0
18:19 746.51 16.5 55 6.26 0
18:20 746.51 16.44 55 5.36 0
18:21 746.51 16.44 55 4.92 0
18:22 746.51 16.44 55 4.92 0
18:23 746.51 16.44 55 6.26 0
18:24 746.51 16.39 55 7.15 0
18:25 746.51 16.39 56 3.58 0
18:26 746.51 16.33 55 4.92 0
18:27 746.51 16.33 56 3.58 0
18:28 746.51 16.33 56 6.71 0
18:29 746.51 16.33 56 4.47 0
18:30 746.51 16.33 56 9.39 0
18:31 746.51 16.28 56 9.39 0
18:32 746.51 16.28 56 7.15 0
18:33 746.25 16.28 56 9.83 0
18:34 746.25 16.28 56 6.26 0
18:35 746.25 16.28 56 6.71 0
18:36 746.25 16.22 56 4.47 0
18:37 746.25 16.22 56 7.6 0
18:38 746.25 16.22 56 5.81 0
18:39 746.25 16.17 56 5.36 0
18:40 746.25 16.17 56 7.15 0
18:41 746.25 16.17 57 4.47 0
18:42 746.25 16.17 57 4.47 0
18:43 746.25 16.17 57 5.36 0
18:44 746.25 16.11 57 3.58 0
18:45 746.25 16.11 57 4.92 0
18:46 746.25 16.11 57 4.92 0
18:47 746.25 16.11 57 4.02 0
18:48 746.25 16.06 57 8.49 0
18:49 746.25 16.06 57 7.15 0
18:50 746.25 16.06 57 4.47 0
18:51 746.25 16.06 58 3.58 0
18:52 746.25 16 58 2.24 0
18:53 746.51 16 58 3.58 0
18:54 746.25 16 58 3.58 0
18:55 746.25 15.94 58 1.79 0
18:56 746.51 15.94 58 7.15 0
18:57 746.25 15.94 58 4.47 0
18:58 746.25 15.89 58 4.92 0
18:59 746.25 15.89 58 5.36 0
19:00 746.25 15.83 58 3.58 0
19:01 746.25 15.83 58 4.92 0
19:02 746.25 15.83 58 4.02 0
19:03 746.25 15.83 58 4.92 0
19:04 746.25 15.83 59 3.13 0
19:05 746.25 15.78 59 4.47 0
19:06 746.25 15.72 59 4.47 0
19:07 746.25 15.78 59 3.13 0
19:08 746.25 15.72 59 4.47 0
19:09 746.25 15.72 59 6.26 0
19:10 746.25 15.72 59 4.92 0
19:11 746.25 15.67 59 4.02 0
19:12 746.25 15.67 59 5.81 0
19:13 746.25 15.67 59 5.81 0
19:14 746.25 15.67 59 3.13 0
19:15 746.25 15.61 59 4.02 0
19:16 746.25 15.56 60 3.58 0
19:17 746.25 15.56 60 3.13 0
19:18 746.25 15.56 60 2.24 0
19:19 746.25 15.5 60 1.79 0
19:20 746.25 15.5 60 4.47 0
19:21 746.25 15.5 60 7.15 0
19:22 746.25 15.44 60 4.92 0
19:23 746.25 15.39 60 4.47 0
19:24 746.25 15.44 60 5.81 0
19:25 746.25 15.39 60 3.13 0
19:26 746.25 15.39 60 3.13 0
19:27 746.25 15.33 60 4.92 0
19:28 746.25 15.33 60 4.92 0
19:29 746.25 15.33 60 4.47 0
19:30 746.25 15.28 60 8.94 0
19:31 746.25 15.28 61 4.47 0
19:32 746.25 15.28 61 1.79 0
19:33 746.25 15.22 61 1.79 0
19:34 746.25 15.22 61 3.13 0
19:35 746.25 15.17 61 4.02 0
19:36 746.25 15.17 61 5.36 0
19:37 746.25 15.11 61 4.92 0
19:38 746.25 15.11 61 6.71 0
19:39 746.25 15.11 61 8.49 0
19:40 746.25 15.11 61 5.36 0
19:41 746.25 15.11 61 5.36 0
19:42 746.25 15.06 61 5.36 0
19:43 746.25 15.06 61 7.15 0
19:44 746.25 15 61 4.02 0
19:45 746.25 15 61 6.71 0
19:46 746.25 15 61 4.47 0
19:47 746.25 15 62 5.36 0
19:48 746.25 14.94 62 5.36 0
19:49 746.51 14.89 62 4.47 0
19:50 746.25 14.89 62 4.47 0
19:51 746.25 14.83 62 3.58 0
19:52 746.51 14.83 62 4.47 0
19:53 746.51 14.78 62 3.58 0
19:54 746.51 14.78 62 8.05 0
19:55 746.25 14.78 62 5.36 0
19:56 746.25 14.78 62 3.13 0
19:57 746.25 14.78 62 4.47 0
19:58 746.25 14.72 62 3.58 0
19:59 746.25 14.72 62 4.02 0
20:00 746.25 14.67 62 3.58 0
20:01 746.25 14.67 62 3.58 0
20:02 746.25 14.67 62 4.02 0
20:03 746.25 14.61 62 4.02 0
20:04 746.25 14.67 63 4.92 0
20:05 746.25 14.61 63 4.02 0
20:06 746.25 14.61 63 7.6 0
20:07 746.25 14.61 63 4.92 0
20:08 746.25 14.56 63 4.02 0
20:09 746.25 14.56 63 2.68 0
20:10 746.51 14.56 63 4.02 0
20:11 746.25 14.56 63 6.26 0
20:12 746.25 14.56 63 6.26 0
20:13 746.25 14.56 63 6.26 0
20:14 746.25 14.56 63 3.58 0
20:15 746.25 14.56 63 2.68 0
20:16 746.25 14.5 63 7.15 0
20:17 746.25 14.5 63 4.92 0
20:18 746.25 14.5 63 4.47 0
20:19 746.25 14.5 63 4.47 0
20:20 746.25 14.5 63 5.81 0
20:21 746.51 14.44 63 4.47 0
20:22 746.25 14.44 63 4.92 0
20:23 746.25 14.44 63 3.58 0
20:24 746.25 14.44 63 4.47 0
20:25 746.25 14.44 63 3.58 0
20:26 746.25 14.44 64 1.79 0
20:27 746.25 14.39 64 3.58 0
20:28 746.25 14.39 64 2.24 0
20:29 746.25 14.33 64 1.34 0
20:30 746.25 14.33 64 5.36 0
20:31 746.25 14.33 64 4.02 0
20:32 746.25 14.28 64 3.58 0
20:33 746.25 14.28 64 4.02 0
20:34 746.25 14.28 64 4.92 0
20:35 746.25 14.28 64 4.47 0
20:36 746.25 14.22 64 5.36 0
20:37 746.25 14.22 64 4.02 0
20:38 746.25 14.22 64 2.68 0
20:39 746.25 14.22 64 4.92 0
20:40 746.25 14.22 64 8.05 0
20:41 746.25 14.22 64 1.34 0
20:42 746.25 14.17 64 4.92 0
20:43 746.25 14.17 64 3.58 0
20:44 746.25 14.17 65 3.13 0
20:45 746.25 14.17 65 4.47 0
20:46 746.25 14.17 65 3.58 0
20:47 746.25 14.11 65 4.47 0
20:48 746.25 14.11 65 2.24 0
20:49 746.25 14.11 65 4.47 0
20:50 746.51 14.11 65 4.02 0
20:51 746.76 14.11 65 2.68 0
20:52 747.01 14.11 65 5.36 0
20:53 747.52 14.17 65 6.71 0
20:54 748.03 14.22 65 7.15 0
20:55 748.03 14.22 65 6.26 0
20:56 748.03 14.28 65 4.47 0
20:57 748.03 14.33 65 0 0
20:58 747.78 14.33 65 1.79 0
20:59 747.27 14.33 65 2.24 0
21:00 747.01 14.28 65 .89 0
21:01 747.01 14.28 65 1.79 0
21:02 747.52 14.22 65 4.47 0
21:03 747.78 14.28 65 2.24 0
21:04 748.03 14.28 65 4.02 0
21:05 748.03 14.28 65 2.24 0
21:06 747.78 14.28 65 .89 0
21:07 747.52 14.28 65 .89 0
21:08 747.52 14.28 65 1.79 0
21:09 747.52 14.28 65 4.02 0
21:10 747.52 14.28 65 2.24 0
21:11 747.78 14.28 65 1.79 0
21:12 747.78 14.28 65 3.58 0
21:13 747.78 14.28 65 2.68 0
21:14 747.52 14.28 65 2.68 0
21:15 747.78 14.28 65 3.58 0
21:16 747.52 14.28 65 3.58 0
21:17 747.78 14.28 65 4.02 0
21:18 747.78 14.28 65 2.68 0
21:19 747.52 14.28 65 3.58 0
21:20 747.52 14.28 65 1.34 0
21:21 747.52 14.22 65 1.34 0
21:22 747.52 14.22 65 1.34 0
21:23 747.52 14.22 65 1.79 0
21:24 747.52 14.17 65 2.24 0
21:25 747.52 14.17 66 4.02 0
21:26 747.52 14.11 66 2.24 0
21:27 747.52 14.11 66 2.68 0
21:28 747.27 14.06 66 1.34 0
21:29 747.27 14.06 66 1.79 0
21:30 747.27 14 66 2.68 0
21:31 747.27 14 66 2.68 0
21:32 747.27 14 66 1.79 0
21:33 747.27 13.94 66 2.68 0
21:34 747.27 13.94 66 1.79 0
21:35 747.27 13.89 66 1.34 0
21:36 747.27 13.89 66 1.34 0
21:37 747.27 13.83 66 3.13 0
21:38 747.27 13.83 67 2.68 0
21:39 747.27 13.83 67 1.34 0
21:40 747.27 13.78 67 1.79 0
21:41 747.27 13.78 67 3.13 0
21:42 747.27 13.78 67 2.68 0
21:43 747.27 13.78 67 3.13 0
21:44 747.27 13.72 67 1.79 0
21:45 747.27 13.72 67 3.13 0
21:46 747.27 13.72 67 2.68 0
21:47 747.27 13.72 67 1.34 0
21:48 747.27 13.67 67 1.79 0
21:49 747.27 13.67 67 .89 0
21:50 747.27 13.67 67 1.34 0
21:51 747.27 13.61 67 2.24 0
21:52 747.27 13.61 67 1.79 0
21:53 747.27 13.56 68 1.79 0
21:54 747.27 13.56 68 1.79 0
21:55 747.27 13.56 68 2.68 0
21:56 747.01 13.5 68 1.79 0
21:57 747.27 13.5 68 3.13 0
21:58 747.27 13.5 68 3.13 0
21:59 747.27 13.5 68 3.58 0
22:00 747.01 13.5 68 2.68 0
22:01 747.01 13.5 68 5.36 0
22:02 747.01 13.44 68 4.02 0
22:03 747.01 13.44 68 4.02 0
22:04 746.76 13.39 68 3.13 0
22:05 746.76 13.33 68 2.24 0
22:06 746.76 13.33 68 4.92 0
22:07 746.76 13.33 69 3.13 0
22:08 746.76 13.28 69 3.58 0
22:09 746.76 13.28 69 3.58 0
22:10 746.76 13.28 69 3.13 0
22:11 746.76 13.28 69 4.47 0
22:12 746.76 13.28 69 2.24 0
22:13 746.76 13.28 69 3.13 0
22:14 746.76 13.28 69 4.47 0
22:15 746.76 13.28 69 1.79 0
22:16 746.76 13.22 69 4.02 0
22:17 746.76 13.22 69 3.58 0
22:18 746.76 13.22 69 3.13 0
22:19 746.76 13.22 69 2.68 0
22:20 746.51 13.22 69 1.79 0
22:21 746.51 13.22 69 4.92 0
22:22 746.76 13.22 69 2.68 0
22:23 746.76 13.22 69 4.47 0
22:24 746.51 13.22 69 3.13 0
22:25 746.51 13.22 69 4.02 0
22:26 746.51 13.17 69 3.13 0
22:27 746.51 13.17 69 3.58 0
22:28 746.51 13.17 69 1.79 0
22:29 746.51 13.17 69 4.02 0
22:30 746.51 13.17 69 1.79 0
22:31 746.51 13.17 69 3.58 0
22:32 746.51 13.17 69 5.36 0
22:33 746.51 13.17 69 2.24 0
22:34 746.51 13.17 69 3.13 0
22:35 746.51 13.17 69 4.02 0
22:36 746.51 13.17 70 3.13 0
22:37 746.51 13.11 70 4.02 0
22:38 746.25 13.11 70 4.02 0
22:39 746.51 13.11 70 4.02 0
22:40 746.25 13.11 70 3.13 0
22:41 746.25 13.06 70 3.58 0
22:42 746.51 13.06 70 4.02 0
22:43 746.25 13.06 70 4.02 0
22:44 746.51 13.06 70 2.24 0
22:45 746.51 13 70 3.13 0
22:46 746.25 13 70 3.58 0
22:47 746.25 13 70 2.68 0
22:48 746.25 13 70 4.47 0
22:49 746.25 13 70 4.47 0
22:50 746.25 13 70 1.79 0
22:51 746.25 13 70 1.34 0
22:52 746.25 12.94 70 3.13 0
22:53 746.25 12.94 70 4.02 0
22:54 746.25 13 70 3.58 0
22:55 746.25 13 70 4.02 0
22:56 746.25 13 70 4.02 0
22:57 746.25 12.94 70 3.13 0
22:58 746.25 13 70 2.68 0
22:59 746.25 13 70 1.79 0
23:00 746.25 13 70 4.47 0
23:01 746.25 13 70 4.92 0
23:02 746.25 13.06 70 4.02 0
23:03 746.25 13.06 70 3.13 0
23:04 746.25 13.06 70 1.79 0
23:05 746.25 13.06 70 5.81 0
23:06 746.25 13.06 70 4.02 0
23:07 746.25 13.11 70 3.13 0
23:08 746.25 13.11 70 3.58 0
23:09 746.25 13.11 70 1.79 0
23:10 746.25 13.11 70 3.58 0
23:11 746.25 13.17 70 3.58 0
23:12 746.25 13.17 70 1.79 0
23:13 746.25 13.17 70 1.79 0
23:14 746.25 13.17 70 4.92 0
23:15 746.25 13.17 70 4.92 0
23:16 746.25 13.17 70 5.36 0
23:17 746.25 13.22 70 2.68 0
23:18 746.25 13.28 70 3.13 0
23:19 746.25 13.33 70 1.79 0
23:20 746.25 13.28 70 1.79 0
23:21 746.25 13.33 70 2.68 0
23:22 746.25 13.33 70 2.68 0
23:23 746 13.33 70 3.58 0
23:24 746 13.33 70 1.79 0
23:25 746 13.33 70 2.68 0
23:26 746 13.33 70 3.13 0
23:27 746 13.33 70 4.02 0
23:28 746 13.33 70 3.13 0
23:29 746 13.28 70 2.68 0
23:30 746 13.28 70 4.47 0
23:31 745.74 13.28 70 1.34 0
23:32 745.74 13.22 70 3.58 0
23:33 745.74 13.22 70 1.34 0
23:34 745.74 13.22 70 3.58 0
23:35 745.74 13.22 70 1.34 0
23:36 745.74 13.17 71 4.47 0
23:37 745.74 13.22 71 4.02 0
23:38 745.74 13.22 71 3.13 0
23:39 745.74 13.17 71 4.02 0
23:40 745.74 13.17 71 4.02 0
23:41 745.74 13.17 71 2.68 0
23:42 745.74 13.17 71 2.68 0
23:43 745.74 13.17 71 2.68 0
23:44 745.74 13.17 71 3.58 0
23:45 745.74 13.17 71 3.58 0
23:46 745.74 13.17 71 .89 0
23:47 745.74 13.17 71 3.13 0
23:48 745.74 13.17 71 3.13 0
23:49 745.74 13.17 71 4.02 0
23:50 745.74 13.17 71 3.58 0
23:51 745.74 13.17 71 1.79 0
23:52 745.74 13.17 71 2.68 0
23:53 745.74 13.17 71 3.58 0
23:54 745.74 13.11 71 2.24 0
23:55 745.74 13.11 71 1.79 0
23:56 745.74 13.11 71 2.68 0
23:57 745.74 13.11 71 1.79 0
23:58 745.74 13.17 71 3.13 0
23:59 745.74 13.17 71 1.79 0
