00:00 738.38 20.5 81 4.02 0
00:01 738.38 20.5 81 2.24 0
00:02 738.38 20.5 81 2.24 0
00:03 738.38 20.56 81 2.68 0
00:04 738.38 20.5 81 3.58 0
00:05 738.38 20.5 81 4.47 0
00:06 738.38 20.5 81 1.79 0
00:07 738.38 20.5 81 4.02 0
00:08 738.38 20.5 81 2.24 0
00:09 738.38 20.5 81 2.68 0
00:10 738.38 20.5 81 3.13 0
00:11 738.38 20.44 81 3.13 0
00:12 738.38 20.5 81 3.58 0
00:13 738.38 20.56 81 1.79 0
00:14 738.38 20.5 81 3.13 0
00:15 738.38 20.5 81 4.47 0
00:16 738.38 20.5 81 4.02 0
00:17 738.38 20.56 81 2.68 0
00:18 738.38 20.56 81 3.13 0
00:19 738.38 20.5 81 2.68 0
00:20 738.38 20.56 81 3.13 0
00:21 738.38 20.56 81 4.47 0
00:22 738.38 20.56 81 1.79 0
00:23 738.38 20.56 81 1.79 0
00:24 738.38 20.56 81 1.79 0
00:25 738.38 20.56 81 1.79 0
00:26 738.38 20.56 81 1.79 0
00:27 738.38 20.56 81 1.34 0
00:28 738.38 20.61 81 2.24 0
00:29 738.38 20.56 81 4.02 0
00:30 738.38 20.56 81 3.58 0
00:31 738.38 20.56 81 4.47 0
00:32 738.38 20.56 81 1.34 0
00:33 738.38 20.56 81 3.13 0
00:34 738.38 20.56 81 4.47 0
00:35 738.38 20.56 81 1.34 0
00:36 738.38 20.56 81 2.24 0
00:37 738.38 20.56 81 3.13 0
00:38 738.38 20.56 81 3.58 0
00:39 738.38 20.56 81 2.68 0
00:40 738.38 20.56 81 2.68 0
00:41 738.38 20.56 81 3.13 0
00:42 738.38 20.56 81 3.13 0
00:43 738.38 20.56 81 4.02 0
00:44 738.38 20.56 81 2.24 0
00:45 738.38 20.56 81 3.13 0
00:46 738.38 20.56 81 2.68 0
00:47 738.38 20.56 81 4.92 0
00:48 738.38 20.56 81 1.34 0
00:49 738.12 20.5 81 1.79 0
00:50 738.12 20.5 81 1.79 0
00:51 738.12 20.5 81 2.24 0
00:52 738.38 20.44 82 2.68 0
00:53 738.12 20.5 82 2.24 0
00:54 738.38 20.44 82 4.02 0
00:55 738.38 20.44 82 1.79 0
00:56 738.12 20.44 82 3.58 0
00:57 738.38 20.44 82 3.58 0
00:58 738.12 20.44 82 4.92 0
00:59 738.38 20.44 82 4.47 0
01:00 738.12 20.44 82 2.68 0
01:01 738.12 20.44 82 2.68 0
01:02 738.12 20.44 82 3.13 0
01:03 738.12 20.44 82 2.24 0
01:04 738.12 20.39 82 2.68 0
01:05 738.12 20.39 82 1.34 0
01:06 738.12 20.33 82 .89 0
01:07 738.12 20.39 82 2.68 0
01:08 738.12 20.33 82 1.79 0
01:09 738.12 20.33 82 4.02 0
01:10 738.12 20.33 82 2.24 0
01:11 738.12 20.33 82 6.26 0
01:12 738.12 20.33 82 2.68 0
01:13 738.12 20.33 82 1.79 0
01:14 738.12 20.33 82 .89 0
01:15 738.12 20.33 82 1.34 0
01:16 738.12 20.39 82 2.68 0
01:17 738.12 20.33 82 2.68 0
01:18 738.12 20.33 82 3.58 0
01:19 738.12 20.33 82 4.47 0
01:20 738.38 20.39 82 2.24 0
01:21 738.12 20.39 82 4.02 0
01:22 738.12 20.33 82 1.79 0
01:23 738.38 20.39 82 4.92 0
01:24 738.38 20.39 82 5.36 0
01:25 738.38 20.39 82 4.02 0
01:26 738.38 20.39 82 1.79 0
01:27 738.12 20.39 82 2.24 0
01:28 738.38 20.39 82 1.34 0
01:29 738.12 20.39 82 2.68 0
01:30 738.12 20.39 82 2.24 0
01:31 738.38 20.33 82 1.34 0
01:32 738.12 20.33 82 2.68 0
01:33 738.12 20.33 82 2.68 0
01:34 738.12 20.33 83 .89 0
01:35 738.12 20.28 83 1.79 0
01:36 738.12 20.28 83 4.47 0
01:37 738.12 20.28 83 3.13 0
01:38 738.12 20.28 83 .89 0
01:39 738.12 20.28 83 1.34 0
01:40 738.12 20.22 83 3.13 0
01:41 738.12 20.22 83 1.79 0
01:42 738.12 20.22 83 2.24 0
01:43 738.12 20.22 83 1.79 0
01:44 738.12 20.22 83 2.24 0
01:45 738.12 20.22 83 4.02 0
01:46 738.12 20.28 83 1.79 0
01:47 738.12 20.28 83 2.24 0
01:48 738.12 20.28 83 3.58 0
01:49 738.12 20.28 83 2.24 0
01:50 738.12 20.28 83 1.34 0
01:51 738.12 20.28 83 2.24 0
01:52 738.12 20.28 83 1.34 0
01:53 738.12 20.28 83 1.34 0
01:54 738.12 20.28 83 1.79 0
01:55 738.12 20.22 83 2.68 0
01:56 738.12 20.22 83 1.34 0
01:57 738.12 20.22 83 3.13 0
01:58 738.12 20.22 83 1.79 0
01:59 738.12 20.22 83 4.47 0
02:00 738.12 20.22 83 4.47 0
02:01 738.12 20.22 83 4.02 0
02:02 738.12 20.17 83 1.34 0
02:03 738.12 20.17 83 1.79 0
02:04 738.12 20.17 83 1.79 0
02:05 738.12 20.17 83 3.13 0
02:06 738.12 20.17 83 4.02 0
02:07 738.12 20.11 84 2.24 0
02:08 738.12 20.11 83 1.79 0
02:09 738.12 20.11 83 2.24 0
02:10 738.12 20.06 83 2.68 0
02:11 738.12 20.06 84 5.81 0
02:12 738.12 20.06 84 2.68 0
02:13 738.12 20.06 84 3.13 0
02:14 738.12 20.06 84 3.13 0
02:15 738.12 20 84 2.24 0
02:16 738.12 20 84 2.68 0
02:17 738.12 20 84 2.68 0
02:18 738.12 20 84 3.58 0
02:19 738.12 20 84 1.79 0
02:20 738.12 20 84 3.13 0
02:21 738.12 20 84 3.58 0
02:22 738.12 20 84 .89 0
02:23 738.12 20 84 2.24 0
02:24 738.12 19.94 84 .89 0
02:25 738.12 19.94 84 1.79 0
02:26 738.12 19.94 84 2.68 0
02:27 738.12 19.94 84 2.68 0
02:28 738.12 19.94 84 1.79 0
02:29 738.12 19.89 84 2.68 0
02:30 738.12 19.89 85 2.24 0
02:31 738.12 19.89 85 1.79 0
02:32 738.12 19.89 85 2.24 0
02:33 738.12 19.83 85 5.81 0
02:34 738.12 19.83 85 4.92 0
02:35 738.12 19.83 85 2.24 0
02:36 738.12 19.83 85 2.24 0
02:37 738.12 19.89 85 2.68 0
02:38 738.12 19.83 85 2.24 0
02:39 738.12 19.83 85 5.36 0
02:40 738.12 19.83 85 2.68 0
02:41 738.12 19.83 85 2.68 0
02:42 738.12 19.83 85 2.24 0
02:43 738.12 19.83 85 3.13 0
02:44 738.12 19.83 85 2.24 0
02:45 738.12 19.83 85 .89 0
02:46 738.12 19.83 85 4.02 0
02:47 738.12 19.83 85 1.79 0
02:48 738.38 19.83 85 2.24 0
02:49 738.38 19.78 85 2.24 0
02:50 738.12 19.78 85 1.79 0
02:51 738.38 19.78 85 3.13 0
02:52 738.38 19.78 85 3.58 0
02:53 738.38 19.78 85 2.68 0
02:54 738.38 19.78 85 2.68 0
02:55 738.38 19.72 85 2.24 0
02:56 738.38 19.78 85 2.24 0
02:57 738.38 19.78 85 1.34 0
02:58 738.38 19.78 85 1.34 0
02:59 738.38 19.78 85 2.24 0
03:00 738.38 19.78 85 2.68 0
03:01 738.38 19.78 85 4.02 0
03:02 738.38 19.78 85 2.24 0
03:03 738.38 19.78 85 1.79 0
03:04 738.38 19.78 85 2.68 0
03:05 738.38 19.78 85 4.47 0
03:06 738.38 19.78 85 2.24 0
03:07 738.38 19.78 85 3.58 0
03:08 738.12 19.83 85 1.34 0
03:09 738.38 19.78 85 1.79 0
03:10 738.38 19.78 85 2.68 0
03:11 738.38 19.78 85 2.24 0
03:12 738.38 19.78 85 2.68 0
03:13 738.38 19.78 85 4.02 0
03:14 738.38 19.78 85 4.92 0
03:15 738.38 19.78 85 2.68 0
03:16 738.38 19.78 85 4.02 0
03:17 738.38 19.78 85 3.58 0
03:18 738.38 19.78 85 3.58 0
03:19 738.38 19.78 85 1.34 0
03:20 738.38 19.78 85 1.79 0
03:21 738.38 19.78 85 1.34 0
03:22 738.38 19.78 85 2.68 0
03:23 738.38 19.78 85 3.13 0
03:24 738.38 19.83 85 3.13 0
03:25 738.38 19.78 85 1.34 0
03:26 738.38 19.78 85 6.26 0
03:27 738.38 19.83 85 6.26 0
03:28 738.38 19.83 85 2.24 0
03:29 738.38 19.83 85 3.13 0
03:30 738.38 19.83 85 8.05 0
03:31 738.38 19.83 85 3.58 0
03:32 738.38 19.83 85 2.68 0
03:33 738.38 19.83 85 4.02 0
03:34 738.38 19.83 85 5.81 0
03:35 738.38 19.89 85 4.02 0
03:36 738.38 19.83 85 2.68 0
03:37 738.38 19.89 85 1.79 0
03:38 738.38 19.89 85 3.58 0
03:39 738.38 19.89 85 5.36 0
03:40 738.38 19.89 85 4.47 0
03:41 738.38 19.89 85 1.79 0
03:42 738.38 19.89 85 3.13 0
03:43 738.38 19.83 85 1.79 0
03:44 738.38 19.89 85 4.02 0
03:45 738.38 19.83 85 4.92 0
03:46 738.38 19.83 85 1.79 0
03:47 738.38 19.83 85 3.13 0
03:48 738.38 19.83 85 2.68 0
03:49 738.38 19.83 85 3.13 0
03:50 738.38 19.83 85 4.92 0
03:51 738.38 19.83 85 4.02 0
03:52 738.38 19.83 85 3.58 0
03:53 738.38 19.83 85 2.68 0
03:54 738.38 19.83 85 2.24 0
03:55 738.38 19.83 85 3.13 0
03:56 738.38 19.83 85 4.47 0
03:57 738.38 19.83 85 3.58 0
03:58 738.38 19.83 85 3.58 0
03:59 738.38 19.83 85 2.68 0
04:00 738.38 19.83 85 4.02 0
04:01 738.38 19.83 85 4.02 0
04:02 738.38 19.83 85 3.13 0
04:03 738.38 19.83 85 4.02 0
04:04 738.38 19.83 85 4.02 0
04:05 738.38 19.83 85 3.13 0
04:06 738.38 19.89 85 3.13 0
04:07 738.38 19.83 85 1.79 0
04:08 738.38 19.83 85 1.79 0
04:09 738.38 19.83 85 4.02 0
04:10 738.38 19.83 85 2.24 0
04:11 738.38 19.83 85 2.24 0
04:12 738.38 19.83 85 4.02 0
04:13 738.38 19.83 85 .89 0
04:14 738.38 19.83 85 3.13 0
04:15 738.38 19.83 85 3.13 0
04:16 738.38 19.83 85 1.34 0
04:17 738.38 19.83 85 1.79 0
04:18 738.38 19.83 85 2.68 0
04:19 738.38 19.83 85 4.02 0
04:20 738.38 19.83 85 4.02 0
04:21 738.38 19.83 85 4.02 0
04:22 738.38 19.83 85 1.79 0
04:23 738.38 19.83 85 1.34 0
04:24 738.38 19.83 85 2.24 0
04:25 738.38 19.83 85 2.24 0
04:26 738.38 19.83 85 4.02 0
04:27 738.38 19.83 85 2.68 0
04:28 738.38 19.83 85 2.24 0
04:29 738.38 19.83 85 .89 0
04:30 738.38 19.83 85 4.02 0
04:31 738.38 19.83 85 4.47 0
04:32 738.38 19.83 85 4.47 0
04:33 738.38 19.83 85 3.13 0
04:34 738.38 19.83 85 2.68 0
04:35 738.38 19.83 85 2.68 0
04:36 738.38 19.83 85 4.47 0
04:37 738.38 19.83 85 2.68 0
04:38 738.38 19.83 85 1.79 0
04:39 738.38 19.83 85 1.79 0
04:40 738.38 19.83 85 2.24 0
04:41 738.38 19.83 85 4.02 0
04:42 738.38 19.83 85 2.68 0
04:43 738.38 19.83 85 2.68 0
04:44 738.38 19.78 85 2.68 0
04:45 738.38 19.83 85 2.68 0
04:46 738.38 19.83 85 1.79 0
04:47 738.38 19.83 85 .89 0
04:48 738.38 19.83 85 3.58 0
04:49 738.38 19.83 85 1.79 0
04:50 738.38 19.83 85 .89 0
04:51 738.38 19.83 85 2.24 0
04:52 738.38 19.83 85 3.58 0
04:53 738.38 19.83 85 3.13 0
04:54 738.38 19.78 85 4.92 0
04:55 738.38 19.78 85 2.24 0
04:56 738.38 19.78 85 3.58 0
04:57 738.38 19.78 85 3.58 0
04:58 738.38 19.78 85 4.02 0
04:59 738.38 19.78 85 1.79 0
05:00 738.38 19.78 85 1.34 0
05:01 738.38 19.78 85 2.68 0
05:02 738.12 19.78 85 2.24 0
05:03 738.12 19.78 85 2.24 0
05:04 738.38 19.78 85 2.24 0
05:05 738.38 19.78 85 3.13 0
05:06 738.38 19.83 85 4.02 0
05:07 738.12 19.78 85 2.24 0
05:08 738.38 19.83 85 1.34 0
05:09 738.38 19.83 85 1.79 0
05:10 738.12 19.83 85 2.24 0
05:11 738.38 19.83 85 2.24 0
05:12 738.38 19.83 85 4.02 0
05:13 738.12 19.83 85 4.92 0
05:14 738.38 19.83 85 4.47 0
05:15 738.12 19.83 85 2.24 0
05:16 738.38 19.83 85 2.68 0
05:17 738.38 19.83 85 4.92 0
05:18 738.38 19.83 85 2.24 0
05:19 738.38 19.83 85 2.24 0
05:20 738.38 19.83 85 4.47 0
05:21 738.38 19.83 85 4.92 0
05:22 738.38 19.83 85 3.13 0
05:23 738.38 19.83 85 4.02 0
05:24 738.38 19.83 85 2.24 0
05:25 738.38 19.83 85 1.79 0
05:26 738.38 19.83 85 1.79 0
05:27 738.12 19.78 85 2.24 0
05:28 738.38 19.83 85 4.47 0
05:29 738.12 19.83 85 2.68 0
05:30 738.38 19.83 85 1.34 0
05:31 738.38 19.78 85 2.24 0
05:32 738.38 19.83 85 3.13 0
05:33 738.38 19.78 85 4.02 0
05:34 738.38 19.78 85 4.02 0
05:35 738.38 19.83 85 3.58 0
05:36 738.38 19.78 85 4.47 0
05:37 738.38 19.78 85 1.79 0
05:38 738.38 19.78 85 4.92 0
05:39 738.38 19.78 85 2.68 0
05:40 738.38 19.78 85 1.34 0
05:41 738.38 19.78 85 2.24 0
05:42 738.38 19.78 85 4.47 0
05:43 738.38 19.72 85 2.68 0
05:44 738.38 19.78 85 3.13 0
05:45 738.38 19.72 85 4.47 0
05:46 738.38 19.78 85 3.13 0
05:47 738.38 19.72 85 4.92 0
05:48 738.38 19.72 85 1.79 0
05:49 738.38 19.72 85 1.79 0
05:50 738.38 19.72 85 4.92 0
05:51 738.38 19.72 85 5.81 0
05:52 738.38 19.72 85 3.13 0
05:53 738.38 19.72 85 4.02 0
05:54 738.38 19.72 85 2.24 0
05:55 738.38 19.72 85 4.02 0
05:56 738.38 19.67 85 4.47 0
05:57 738.38 19.72 85 3.58 0
05:58 738.38 19.72 85 4.92 0
05:59 738.38 19.72 85 4.02 0
06:00 738.38 19.72 85 1.79 0
06:01 738.38 19.72 85 4.02 0
06:02 738.38 19.72 85 .89 0
06:03 738.38 19.72 85 .45 0
06:04 738.38 19.72 85 4.02 0
06:05 738.38 19.72 85 3.58 0
06:06 738.38 19.72 85 3.13 0
06:07 738.38 19.78 85 5.36 0
06:08 738.38 19.72 85 1.79 0
06:09 738.38 19.72 85 4.47 0
06:10 738.38 19.72 85 1.79 0
06:11 738.38 19.72 85 1.34 0
06:12 738.38 19.78 85 2.68 0
06:13 738.38 19.78 85 2.24 0
06:14 738.38 19.78 85 3.13 0
06:15 738.38 19.78 85 2.68 0
06:16 738.38 19.78 85 2.68 0
06:17 738.38 19.78 85 1.34 0
06:18 738.38 19.78 85 3.13 0
06:19 738.38 19.78 85 2.24 0
06:20 738.38 19.83 85 4.02 0
06:21 738.38 19.83 84 4.92 0
06:22 738.38 19.83 84 4.02 0
06:23 738.38 19.83 84 1.79 0
06:24 738.38 19.83 84 4.92 0
06:25 738.38 19.83 84 4.02 0
06:26 738.38 19.83 84 5.36 0
06:27 738.38 19.83 84 6.71 0
06:28 738.38 19.83 84 5.81 0
06:29 738.38 19.83 84 2.24 0
06:30 738.38 19.83 84 3.13 0
06:31 738.38 19.78 84 2.68 0
06:32 738.38 19.83 84 3.58 0
06:33 738.38 19.78 84 7.15 0
06:34 738.38 19.78 83 4.47 0
06:35 738.38 19.78 83 4.02 0
06:36 738.38 19.78 83 4.47 0
06:37 738.38 19.78 83 3.13 0
06:38 738.38 19.78 83 4.47 0
06:39 738.38 19.72 83 7.15 0
06:40 738.38 19.72 83 3.13 0
06:41 738.38 19.72 83 3.58 0
06:42 738.38 19.72 83 1.79 0
06:43 738.38 19.72 83 2.24 0
06:44 738.38 19.72 83 4.47 0
06:45 738.38 19.72 83 1.79 0
06:46 738.38 19.67 83 6.26 0
06:47 738.38 19.67 82 5.36 0
06:48 738.38 19.67 82 3.13 0
06:49 738.38 19.67 82 6.71 0
06:50 738.38 19.67 82 4.92 0
06:51 738.38 19.67 82 7.6 0
06:52 738.38 19.67 82 2.24 0
06:53 738.38 19.67 82 5.36 0
06:54 738.38 19.67 82 1.34 0
06:55 738.38 19.67 82 5.81 0
06:56 738.38 19.72 82 1.79 0
06:57 738.38 19.72 82 2.68 0
06:58 738.38 19.72 82 6.26 0
06:59 738.38 19.72 82 5.36 0
07:00 738.38 19.72 82 4.47 0
07:01 738.38 19.72 81 4.92 0
07:02 738.38 19.72 82 1.79 0
07:03 738.38 19.72 81 2.68 0
07:04 738.38 19.78 82 5.81 0
07:05 738.38 19.72 82 7.6 0
07:06 738.38 19.72 82 4.02 0
07:07 738.38 19.67 82 3.58 0
07:08 738.38 19.67 82 4.02 0
07:09 738.38 19.67 82 3.13 0
07:10 738.38 19.67 82 3.13 0
07:11 738.38 19.67 82 4.47 0
07:12 738.38 19.67 82 7.15 0
07:13 738.38 19.61 82 2.68 0
07:14 738.63 19.61 82 4.47 0
07:15 738.38 19.67 82 4.02 0
07:16 738.38 19.67 82 3.13 0
07:17 738.38 19.67 82 3.58 0
07:18 738.38 19.67 82 3.13 0
07:19 738.38 19.67 82 4.47 0
07:20 738.38 19.72 82 1.79 0
07:21 738.38 19.72 82 2.68 0
07:22 738.38 19.72 82 3.13 0
07:23 738.38 19.72 82 3.13 0
07:24 738.38 19.72 82 .45 0
07:25 738.38 19.72 82 4.92 0
07:26 738.38 19.72 82 5.81 0
07:27 738.38 19.72 82 5.81 0
07:28 738.38 19.67 82 2.68 0
07:29 738.38 19.61 82 4.92 0
07:30 738.38 19.67 82 4.92 0
07:31 738.38 19.67 82 5.36 0
07:32 738.38 19.67 82 4.02 0
07:33 738.38 19.61 82 2.24 0
07:34 738.38 19.61 82 4.02 0
07:35 738.38 19.67 82 1.34 0
07:36 738.38 19.72 82 1.34 0
07:37 738.38 19.72 82 2.68 0
07:38 738.38 19.72 82 2.24 0
07:39 738.38 19.72 82 1.79 0
07:40 738.38 19.72 82 6.71 0
07:41 738.38 19.72 81 6.26 0
07:42 738.38 19.67 81 3.13 0
07:43 738.38 19.67 82 4.02 0
07:44 738.38 19.67 81 4.02 0
07:45 738.38 19.67 82 7.15 0
07:46 738.38 19.67 82 4.47 0
07:47 738.38 19.72 82 4.02 0
07:48 738.38 19.67 82 2.24 0
07:49 738.38 19.72 82 4.02 0
07:50 738.38 19.72 82 1.79 0
07:51 738.38 19.72 82 3.13 0
07:52 738.38 19.72 82 2.68 0
07:53 738.38 19.72 82 3.58 0
07:54 738.38 19.72 82 4.02 0
07:55 738.38 19.72 82 4.92 0
07:56 738.38 19.72 82 4.02 0
07:57 738.38 19.72 82 3.13 0
07:58 738.38 19.72 82 5.81 0
07:59 738.38 19.67 82 4.92 0
08:00 738.38 19.72 82 2.24 0
08:01 738.38 19.72 82 1.34 0
08:02 738.38 19.72 82 4.02 0
08:03 738.38 19.72 82 1.79 0
08:04 738.38 19.78 82 2.68 0
08:05 738.38 19.78 82 1.79 0
08:06 738.38 19.78 82 3.58 0
08:07 738.38 19.78 82 2.68 0
08:08 738.38 19.78 82 3.58 0
08:09 738.38 19.78 82 6.71 0
08:10 738.38 19.78 82 4.92 0
08:11 738.38 19.72 82 6.71 0
08:12 738.38 19.72 82 7.15 0
08:13 738.38 19.72 82 6.26 0
08:14 738.38 19.67 82 4.02 0
08:15 738.38 19.67 82 2.68 0
08:16 738.38 19.67 83 5.81 0
08:17 738.38 19.67 83 2.68 0
08:18 738.38 19.67 83 3.58 0
08:19 738.38 19.61 83 4.02 0
08:20 738.38 19.61 83 2.68 0
08:21 738.38 19.56 83 2.68 0
08:22 738.38 19.61 83 2.24 0
08:23 738.38 19.67 83 2.24 0
08:24 738.38 19.67 83 3.13 0
08:25 738.38 19.67 83 3.58 0
08:26 738.38 19.67 83 4.47 0
08:27 738.38 19.67 83 4.02 0
08:28 738.38 19.67 83 2.24 0
08:29 738.38 19.67 83 2.68 0
08:30 738.38 19.67 83 .89 0
08:31 738.38 19.67 83 2.24 0
08:32 738.38 19.67 83 4.02 0
08:33 738.38 19.61 83 3.58 0
08:34 738.38 19.61 83 4.02 0
08:35 738.38 19.61 83 4.02 0
08:36 738.38 19.67 83 2.24 0
08:37 738.38 19.61 83 3.13 0
08:38 738.38 19.56 83 3.13 0
08:39 738.38 19.61 83 1.79 0
08:40 738.38 19.61 83 4.02 0
08:41 738.38 19.61 83 2.68 0
08:42 738.38 19.61 83 1.79 0
08:43 738.38 19.56 83 1.34 0
08:44 738.38 19.67 83 2.24 0
08:45 738.38 19.67 83 4.47 0
08:46 738.38 19.67 83 5.81 0
08:47 738.38 19.61 83 3.58 0
08:48 738.12 19.61 83 5.36 0
08:49 738.38 19.67 83 .89 0
08:50 738.38 19.61 83 6.26 0
08:51 738.38 19.67 83 4.47 0
08:52 738.38 19.61 83 6.26 0
08:53 738.38 19.61 83 4.92 0
08:54 738.38 19.61 83 2.24 0
08:55 738.38 19.67 83 5.36 0
08:56 738.38 19.67 83 4.47 0
08:57 738.38 19.67 83 4.92 0
08:58 738.38 19.72 83 1.79 0
08:59 738.38 19.67 83 3.13 0
09:00 738.38 19.72 83 3.13 0
09:01 738.38 19.72 83 4.02 0
09:02 738.38 19.72 83 3.13 0
09:03 738.38 19.72 83 4.02 0
09:04 738.38 19.72 83 2.24 0
09:05 738.38 19.72 83 5.36 0
09:06 738.38 19.72 83 5.36 0
09:07 738.38 19.72 83 4.47 0
09:08 738.38 19.72 83 3.58 0
09:09 738.38 19.78 83 2.24 0
09:10 738.38 19.72 83 4.02 0
09:11 738.38 19.72 83 .45 0
09:12 738.38 19.78 83 4.02 0
09:13 738.38 19.78 83 2.68 0
09:14 738.38 19.72 83 5.36 0
09:15 738.38 19.72 83 3.58 0
09:16 738.38 19.72 83 3.58 0
09:17 738.38 19.72 83 2.24 0
09:18 738.38 19.72 84 4.47 0
09:19 738.38 19.72 83 3.58 0
09:20 738.38 19.78 83 2.68 0
09:21 738.38 19.78 83 2.24 0
09:22 738.38 19.78 84 2.68 0
09:23 738.38 19.78 84 5.36 0
09:24 738.38 19.78 83 4.02 0
09:25 738.38 19.78 83 2.68 0
09:26 738.38 19.78 83 4.47 0
09:27 738.38 19.72 83 1.34 0
09:28 738.38 19.72 84 2.24 0
09:29 738.38 19.72 84 3.13 0
09:30 738.38 19.72 84 2.24 0
09:31 738.38 19.72 84 1.34 0
09:32 738.38 19.72 84 3.13 0
09:33 738.38 19.78 84 2.68 0
09:34 738.38 19.72 84 4.92 0
09:35 738.38 19.72 83 3.13 0
09:36 738.38 19.72 84 4.47 0
09:37 738.38 19.72 84 1.79 0
09:38 738.38 19.72 84 1.79 0
09:39 738.38 19.72 84 4.47 0
09:40 738.38 19.72 84 4.02 0
09:41 738.38 19.72 84 3.58 0
09:42 738.38 19.67 84 1.79 0
09:43 738.38 19.72 84 2.68 0
09:44 738.38 19.72 84 2.68 0
09:45 738.38 19.72 84 2.24 0
09:46 738.12 19.78 84 2.68 0
09:47 738.38 19.72 84 4.02 0
09:48 738.38 19.78 84 4.02 0
09:49 738.38 19.78 84 3.58 0
09:50 738.38 19.78 84 5.36 0
09:51 738.38 19.72 84 4.92 0
09:52 738.12 19.72 84 2.24 0
09:53 738.38 19.78 84 2.24 0
09:54 738.38 19.78 84 5.36 0
09:55 738.12 19.72 84 4.02 0
09:56 738.12 19.78 84 3.13 0
09:57 738.38 19.78 84 6.26 0
09:58 738.38 19.83 84 6.26 0
09:59 738.38 19.78 84 4.47 0
10:00 738.38 19.78 84 5.81 0
10:01 738.12 19.78 84 2.68 0
10:02 738.38 19.83 84 1.79 0
10:03 738.38 19.83 84 2.68 0
10:04 738.38 19.89 84 5.36 0
10:05 738.38 19.89 83 3.13 0
10:06 738.38 19.89 83 5.36 0
10:07 738.38 19.89 83 2.68 0
10:08 738.38 19.94 83 2.68 0
10:09 738.38 19.94 83 4.02 0
10:10 738.38 19.94 83 4.92 0
10:11 738.38 19.94 83 4.47 0
10:12 738.38 20 83 5.36 0
10:13 738.38 19.94 83 4.47 0
10:14 738.38 19.94 83 2.24 0
10:15 738.38 19.94 83 2.68 0
10:16 738.38 19.94 83 4.02 0
10:17 738.38 20 83 2.68 0
10:18 738.38 20 83 2.68 0
10:19 738.38 20 83 2.24 0
10:20 738.38 20 83 2.24 0
10:21 738.38 20 83 2.24 0
10:22 738.38 20 83 3.13 0
10:23 738.38 20 83 4.92 0
10:24 738.38 19.94 83 7.15 0
10:25 738.38 20 83 4.47 0
10:26 738.38 19.94 83 4.47 0
10:27 738.38 19.94 83 3.58 0
10:28 738.38 19.94 83 2.68 0
10:29 738.38 19.94 83 1.79 0
10:30 738.38 20 83 1.79 0
10:31 738.38 20 84 6.26 0
10:32 738.38 20 83 4.47 0
10:33 738.38 20 83 3.13 0
10:34 738.38 20.06 83 2.68 0
10:35 738.38 20.11 83 3.58 0
10:36 738.38 20.11 83 2.24 0
10:37 738.38 20.17 83 3.58 0
10:38 738.38 20.22 83 3.13 0
10:39 738.38 20.28 83 2.68 0
10:40 738.38 20.28 83 2.24 0
10:41 738.38 20.33 83 3.58 0
10:42 738.38 20.39 83 4.47 0
10:43 738.38 20.44 82 4.92 0
10:44 738.38 20.44 82 2.24 0
10:45 738.38 20.5 82 2.68 0
10:46 738.12 20.44 82 2.68 0
10:47 738.38 20.44 82 4.92 0
10:48 738.38 20.5 82 6.71 0
10:49 738.38 20.44 82 6.26 0
10:50 738.12 20.44 82 4.02 0
10:51 738.12 20.44 82 3.58 0
10:52 738.12 20.44 82 3.58 0
10:53 738.38 20.5 82 1.34 0
10:54 738.38 20.5 82 2.68 0
10:55 738.12 20.5 82 3.13 0
10:56 738.12 20.5 82 3.58 0
10:57 738.12 20.5 82 2.68 0
10:58 738.38 20.5 82 4.47 0
10:59 738.12 20.5 82 4.92 0
11:00 738.12 20.5 82 4.47 0
11:01 738.12 20.5 82 1.79 0
11:02 738.38 20.5 82 2.68 0
11:03 738.38 20.44 82 2.68 0
11:04 738.38 20.5 82 4.02 0
11:05 738.38 20.44 82 1.79 0
11:06 738.38 20.44 82 3.13 0
11:07 738.38 20.44 82 4.92 0
11:08 738.38 20.44 82 2.24 0
11:09 738.38 20.44 82 3.13 0
11:10 738.38 20.44 82 3.13 0
11:11 738.38 20.44 82 3.58 0
11:12 738.38 20.39 82 4.47 0
11:13 738.38 20.44 82 4.92 0
11:14 738.38 20.44 82 2.24 0
11:15 738.38 20.44 82 3.13 0
11:16 738.38 20.44 82 4.02 0
11:17 738.38 20.44 82 2.24 0
11:18 738.38 20.44 82 5.81 0
11:19 738.38 20.44 82 5.36 0
11:20 738.38 20.44 82 2.68 0
11:21 738.38 20.44 82 5.36 0
11:22 738.38 20.44 82 4.47 0
11:23 738.38 20.44 82 3.58 0
11:24 738.38 20.44 82 4.92 0
11:25 738.38 20.44 82 3.58 0
11:26 738.38 20.44 82 4.02 0
11:27 738.38 20.44 82 2.24 0
11:28 738.38 20.44 82 4.47 0
11:29 738.38 20.5 82 4.47 0
11:30 738.38 20.5 82 5.36 0
11:31 738.38 20.5 82 4.92 0
11:32 738.38 20.56 82 4.02 0
11:33 738.38 20.5 82 3.13 0
11:34 738.38 20.56 82 3.58 0
11:35 738.38 20.56 82 1.34 0
11:36 738.38 20.56 82 1.79 0
11:37 738.38 20.56 82 2.24 0
11:38 738.38 20.56 82 3.13 0
11:39 738.38 20.61 82 6.26 0
11:40 738.38 20.61 82 2.68 0
11:41 738.38 20.61 82 2.68 0
11:42 738.38 20.67 82 4.02 0
11:43 738.38 20.67 82 2.24 0
11:44 738.38 20.67 82 5.36 0
11:45 738.38 20.67 82 5.36 0
11:46 738.38 20.67 82 2.24 0
11:47 738.38 20.67 82 4.47 0
11:48 738.38 20.67 82 3.13 0
11:49 738.38 20.67 82 4.92 0
11:50 738.38 20.67 82 1.79 0
11:51 738.38 20.72 82 4.02 0
11:52 738.38 20.72 82 4.47 0
11:53 738.38 20.72 82 5.81 0
11:54 738.38 20.78 82 6.71 0
11:55 738.38 20.78 81 3.58 0
11:56 738.38 20.78 81 4.92 0
11:57 738.38 20.78 82 5.81 0
11:58 738.38 20.78 82 4.02 0
11:59 738.38 20.78 82 3.13 0
12:00 738.38 20.78 82 2.68 0
12:01 738.38 20.78 82 4.02 0
12:02 738.38 20.78 82 5.81 0
12:03 738.38 20.83 81 5.36 0
12:04 738.38 20.78 82 4.47 0
12:05 738.38 20.83 82 3.13 0
12:06 738.38 20.83 82 2.68 0
12:07 738.38 20.89 81 3.13 0
12:08 738.38 20.89 81 4.92 0
12:09 738.38 20.94 81 4.02 0
12:10 738.38 21 81 2.24 0
12:11 738.38 21 81 5.81 0
12:12 738.38 21.06 81 2.68 0
12:13 738.38 21.06 81 6.71 0
12:14 738.38 21.06 81 5.81 0
12:15 738.38 21.17 81 4.02 0
12:16 738.38 21.17 81 2.24 0
12:17 738.38 21.28 81 4.92 0
12:18 738.38 21.33 81 4.02 0
12:19 738.38 21.39 80 3.58 0
12:20 738.12 21.5 80 5.36 0
12:21 738.38 21.56 80 6.26 0
12:22 738.38 21.61 80 2.24 0
12:23 738.38 21.78 80 5.36 0
12:24 738.38 21.83 79 3.13 0
12:25 738.38 21.94 79 4.02 0
12:26 738.38 22.06 79 3.58 0
12:27 738.12 22 78 2.68 0
12:28 738.12 22.06 78 3.13 0
12:29 738.38 22.11 78 5.81 0
12:30 738.12 22.06 78 3.13 0
12:31 738.12 22.11 78 4.47 0
12:32 738.12 22.17 78 4.47 0
12:33 738.12 22.17 78 2.68 0
12:34 738.12 22.17 78 5.36 0
12:35 738.12 22.28 78 5.36 0
12:36 738.12 22.22 77 4.47 0
12:37 738.12 22.11 76 4.92 0
12:38 738.12 22 77 5.36 0
12:39 738.12 22 78 4.02 0
12:40 738.12 22 78 4.47 0
12:41 738.12 22.06 78 4.02 0
12:42 738.12 22.11 78 6.26 0
12:43 738.12 22.06 77 4.92 0
12:44 738.12 22.06 77 2.24 0
12:45 738.12 22.06 78 1.34 0
12:46 738.12 22.06 78 4.47 0
12:47 738.12 22.11 78 4.47 0
12:48 738.12 22.11 78 3.13 0
12:49 738.12 22.17 78 4.02 0
12:50 738.12 22.11 78 4.92 0
12:51 738.12 22.06 77 3.58 0
12:52 738.12 22.06 77 5.36 0
12:53 738.12 21.94 77 4.92 0
12:54 738.12 21.89 78 4.92 0
12:55 738.12 21.89 77 6.71 0
12:56 738.12 21.89 77 2.68 0
12:57 738.12 21.94 78 1.79 0
12:58 738.12 21.94 78 3.58 0
12:59 738.12 21.94 78 3.58 0
13:00 738.12 22 78 5.36 0
13:01 738.12 22 77 6.26 0
13:02 738.12 21.94 77 4.47 0
13:03 738.12 21.94 78 3.13 0
13:04 738.12 21.94 78 5.81 0
13:05 738.12 21.94 78 6.71 0
13:06 738.12 21.94 78 3.13 0
13:07 738.12 22 78 5.81 0
13:08 738.12 22 78 4.47 0
13:09 738.12 22 78 5.81 0
13:10 738.12 22.06 77 4.92 0
13:11 738.12 22.06 77 5.81 0
13:12 738.12 22.11 78 4.47 0
13:13 738.12 22.11 78 4.92 0
13:14 738.12 22.17 77 4.47 0
13:15 738.12 22.28 77 4.02 0
13:16 738.12 22.33 76 4.47 0
13:17 738.12 22.39 76 4.47 0
13:18 738.12 22.44 76 6.71 0
13:19 738.12 22.44 76 4.92 0
13:20 738.12 22.44 76 2.68 0
13:21 738.12 22.44 76 6.71 0
13:22 738.12 22.39 76 1.34 0
13:23 738.12 22.39 76 6.26 0
13:24 738.12 22.33 76 7.6 0
13:25 738.12 22.33 76 5.36 0
13:26 738.12 22.33 77 5.36 0
13:27 738.12 22.33 76 4.47 0
13:28 738.12 22.39 76 5.81 0
13:29 738.12 22.39 76 2.68 0
13:30 738.12 22.39 76 5.36 0
13:31 738.12 22.33 76 3.58 0
13:32 738.12 22.28 77 4.92 0
13:33 738.12 22.33 77 5.36 0
13:34 738.12 22.28 77 4.02 0
13:35 738.12 22.33 76 5.81 0
13:36 738.12 22.44 77 5.81 0
13:37 738.12 22.5 76 3.58 0
13:38 738.12 22.5 76 6.71 0
13:39 738.12 22.5 76 7.6 0
13:40 738.12 22.5 76 8.49 0
13:41 738.12 22.5 75 4.92 0
13:42 738.12 22.44 76 7.6 0
13:43 738.12 22.39 76 4.02 0
13:44 738.12 22.39 76 4.92 0
13:45 738.12 22.39 76 6.71 0
13:46 738.12 22.39 76 5.81 0
13:47 738.12 22.39 76 1.79 0
13:48 738.12 22.44 76 3.58 0
13:49 738.12 22.5 76 4.02 0
13:50 738.12 22.56 75 5.36 0
13:51 738.12 22.61 75 4.47 0
13:52 738.12 22.67 75 3.58 0
13:53 738.12 22.61 75 7.6 0
13:54 738.12 22.61 74 5.81 0
13:55 738.12 22.61 75 4.47 0
13:56 738.12 22.61 75 4.92 0
13:57 738.12 22.61 75 3.58 0
13:58 738.12 22.67 75 5.36 0
13:59 738.12 22.67 75 1.34 0
14:00 738.12 22.78 76 1.34 0
14:01 738.12 22.83 75 6.71 0
14:02 738.12 22.94 74 3.13 0
14:03 738.12 22.94 74 4.02 0
14:04 738.12 22.94 74 4.92 0
14:05 738.12 22.89 74 2.68 0
14:06 738.12 22.89 75 4.92 0
14:07 738.12 22.83 74 6.71 0
14:08 738.12 22.78 74 4.47 0
14:09 737.87 22.72 74 7.15 0
14:10 737.87 22.61 74 3.13 0
14:11 738.12 22.56 75 1.79 0
14:12 738.12 22.5 75 2.68 0
14:13 738.12 22.5 75 4.92 0
14:14 738.12 22.5 75 6.26 0
14:15 738.12 22.44 75 4.92 0
14:16 738.12 22.44 75 1.79 0
14:17 738.12 22.44 76 5.81 0
14:18 738.12 22.5 75 4.47 0
14:19 738.12 22.5 76 8.05 0
14:20 738.12 22.56 75 4.02 0
14:21 738.12 22.61 75 4.47 0
14:22 737.87 22.67 75 7.15 0
14:23 737.87 22.72 75 5.36 0
14:24 737.87 22.83 75 5.36 0
14:25 737.87 22.94 74 4.02 0
14:26 737.87 22.94 74 2.68 0
14:27 737.87 23 74 4.47 0
14:28 737.87 23.06 74 4.47 0
14:29 737.87 23.06 74 3.13 0
14:30 737.87 23.06 74 4.02 0
14:31 738.12 23.06 74 7.6 0
14:32 738.12 23 74 6.26 0
14:33 738.12 22.94 74 5.81 0
14:34 737.87 22.89 74 1.34 0
14:35 738.12 22.83 74 6.26 0
14:36 738.12 22.89 73 10.73 0
14:37 738.12 22.78 74 6.26 0
14:38 737.87 22.83 74 4.92 0
14:39 737.87 22.83 74 3.13 0
14:40 737.87 22.94 74 5.81 0
14:41 737.87 22.94 74 3.58 0
14:42 737.87 23.06 74 4.92 0
14:43 737.87 23.11 74 7.15 0
14:44 737.87 23.11 74 3.13 0
14:45 737.87 23.11 74 3.58 0
14:46 737.87 23.11 74 9.39 0
14:47 737.87 23.06 74 6.71 0
14:48 737.87 23 74 4.47 0
14:49 737.87 22.94 74 5.81 0
14:50 737.87 22.94 74 5.81 0
14:51 737.87 22.94 74 6.71 0
14:52 737.87 23 74 5.81 0
14:53 737.87 23.06 74 6.71 0
14:54 737.87 23.06 74 5.81 0
14:55 737.87 23.11 74 8.49 0
14:56 737.87 23.17 74 4.92 0
14:57 737.87 23.17 73 5.81 0
14:58 737.87 23.17 73 5.81 0
14:59 737.87 23.11 73 6.71 0
15:00 737.87 23.06 73 6.71 0
15:01 737.87 23 73 4.47 0
15:02 737.87 22.94 74 5.81 0
15:03 737.87 22.89 73 2.24 0
15:04 737.87 22.89 74 4.92 0
15:05 737.87 22.83 73 2.68 0
15:06 737.87 22.83 74 3.13 0
15:07 737.87 22.83 74 2.68 0
15:08 737.87 22.89 74 3.58 0
15:09 737.87 22.89 74 5.36 0
15:10 737.87 22.89 74 3.58 0
15:11 737.87 22.94 74 9.83 0
15:12 737.87 22.94 74 5.36 0
15:13 737.87 23 73 5.36 0
15:14 737.87 23 73 5.81 0
15:15 737.87 23 73 7.15 0
15:16 737.87 23 73 3.58 0
15:17 737.87 23 73 6.71 0
15:18 737.87 23 73 4.47 0
15:19 738.12 23 73 5.36 0
15:20 737.87 23.06 73 4.47 0
15:21 737.87 23 73 4.92 0
15:22 737.87 23.06 73 4.47 0
15:23 737.87 23.06 73 5.81 0
15:24 737.87 23.06 73 5.36 0
15:25 737.87 23 73 8.49 0
15:26 737.87 22.94 73 3.58 0
15:27 737.87 22.94 73 4.92 0
15:28 737.87 22.94 74 4.92 0
15:29 737.87 22.89 74 7.15 0
15:30 737.87 22.89 74 4.47 0
15:31 738.12 22.89 74 4.92 0
15:32 737.87 22.89 74 4.02 0
15:33 737.87 22.83 74 7.15 0
15:34 737.87 22.83 74 3.58 0
15:35 737.87 22.78 75 2.68 0
15:36 737.87 22.78 75 4.92 0
15:37 737.87 22.67 75 4.47 0
15:38 738.12 22.67 76 5.36 0
15:39 738.12 22.61 76 6.71 0
15:40 738.12 22.56 75 4.47 0
15:41 738.12 22.5 76 5.81 0
15:42 738.12 22.44 76 3.13 0
15:43 738.38 22.39 77 4.02 0
15:44 738.38 22.33 78 3.13 0
15:45 738.38 22.11 79 8.49 30.48
15:46 738.38 21.83 80 1.79 15.49
15:47 738.38 21.61 82 4.47 11.94
15:48 738.38 21.33 83 5.36 9.65
15:49 738.38 21.11 84 7.15 5.84
15:50 738.38 20.89 84 4.47 4.32
15:51 738.38 20.78 85 3.58 3.3
15:52 738.38 20.61 85 2.68 3.3
15:53 738.38 20.56 86 1.79 3.3
15:54 738.38 20.44 87 3.13 3.3
15:55 738.38 20.44 87 1.79 3.3
15:56 738.38 20.39 87 1.34 3.05
15:57 738.38 20.39 87 3.58 2.79
15:58 738.38 20.33 87 3.13 2.79
15:59 738.38 20.33 87 2.24 2.79
16:00 738.38 20.28 87 1.34 2.79
16:01 738.38 20.28 87 3.13 2.79
16:02 738.38 20.28 87 4.92 2.79
16:03 738.38 20.28 87 3.13 2.29
16:04 738.38 20.28 87 1.79 2.03
16:05 738.38 20.28 87 4.02 1.78
16:06 738.38 20.28 87 1.79 1.52
16:07 738.38 20.28 88 1.79 1.52
16:08 738.38 20.28 88 1.34 1.27
16:09 738.38 20.22 88 2.68 1.27
16:10 738.38 20.28 88 1.79 1.02
16:11 738.38 20.28 88 3.58 1.02
16:12 738.38 20.28 88 .89 1.02
16:13 738.38 20.22 88 1.34 1.02
16:14 738.38 20.22 88 3.58 0
16:15 738.38 20.22 89 3.58 0
16:16 738.38 20.22 89 3.13 0
16:17 738.38 20.17 88 4.47 0
16:18 738.38 20.17 88 4.02 0
16:19 738.38 20.17 88 2.24 0
16:20 738.38 20.17 89 2.24 0
16:21 738.38 20.17 89 1.79 0
16:22 738.38 20.17 89 2.24 0
16:23 738.38 20.17 89 4.02 0
16:24 738.38 20.17 89 3.13 0
16:25 738.38 20.17 89 2.24 0
16:26 738.38 20.17 89 4.47 0
16:27 738.38 20.17 89 2.68 0
16:28 738.38 20.22 89 1.79 0
16:29 738.38 20.22 89 4.02 0
16:30 738.38 20.17 89 4.92 0
16:31 738.12 20.22 89 3.13 0
16:32 738.38 20.22 89 4.02 0
16:33 738.38 20.22 89 4.47 0
16:34 738.38 20.22 89 3.58 0
16:35 738.38 20.22 89 4.92 0
16:36 738.38 20.22 89 2.24 0
16:37 738.38 20.22 89 4.47 0
16:38 738.12 20.22 88 3.13 0
16:39 738.38 20.28 88 4.47 0
16:40 738.38 20.28 88 5.81 0
16:41 738.12 20.28 88 4.47 0
16:42 738.12 20.28 88 2.24 0
16:43 738.38 20.28 88 2.24 0
16:44 738.12 20.28 88 3.13 0
16:45 738.12 20.28 88 2.68 0
16:46 738.12 20.28 88 4.47 0
16:47 738.12 20.28 88 4.02 0
16:48 738.12 20.28 89 4.02 0
16:49 738.12 20.33 88 5.36 0
16:50 738.12 20.28 88 3.13 0
16:51 738.12 20.33 88 4.47 0
16:52 738.12 20.33 88 4.02 0
16:53 738.12 20.39 88 4.02 0
16:54 738.12 20.39 88 4.92 0
16:55 738.12 20.39 88 3.13 0
16:56 738.12 20.44 88 1.79 0
16:57 738.12 20.44 88 1.79 0
16:58 738.12 20.44 88 2.24 0
16:59 738.12 20.5 88 3.58 0
17:00 738.12 20.5 88 2.24 0
17:01 738.12 20.56 88 4.02 0
17:02 738.12 20.56 88 2.68 0
17:03 738.12 20.61 88 5.36 0
17:04 738.12 20.61 88 7.15 0
17:05 738.12 20.61 88 5.81 0
17:06 738.12 20.61 87 4.47 0
17:07 738.12 20.61 87 4.92 0
17:08 738.12 20.67 87 7.15 0
17:09 738.12 20.67 87 4.02 0
17:10 738.12 20.72 88 2.24 0
17:11 738.12 20.78 88 4.92 0
17:12 738.12 20.78 88 5.81 0
17:13 738.12 20.78 88 1.34 0
17:14 738.38 20.83 88 4.47 0
17:15 738.12 20.89 88 3.13 0
17:16 738.38 20.89 88 4.92 0
17:17 738.38 20.94 87 5.36 0
17:18 738.12 20.94 88 2.24 0
17:19 738.12 20.94 87 5.81 0
17:20 738.38 20.94 87 2.68 0
17:21 738.38 20.94 87 4.92 0
17:22 738.12 21 87 5.36 0
17:23 738.38 21 88 4.02 0
17:24 738.38 21.06 87 4.02 0
17:25 738.38 21.11 87 1.79 0
17:26 738.12 21.11 87 3.58 0
17:27 738.38 21.17 87 5.81 0
17:28 738.38 21.17 87 3.13 0
17:29 738.38 21.17 87 5.81 0
17:30 738.38 21.17 87 5.81 0
17:31 738.38 21.22 87 1.79 0
17:32 738.38 21.28 87 7.15 0
17:33 738.12 21.28 86 3.58 0
17:34 738.38 21.33 87 5.36 0
17:35 738.12 21.39 86 5.81 0
17:36 738.38 21.33 86 4.92 0
17:37 738.12 21.39 85 2.24 0
17:38 738.12 21.39 86 3.58 0
17:39 738.12 21.44 86 6.26 0
17:40 738.12 21.44 85 6.26 0
17:41 738.12 21.44 85 4.47 0
17:42 738.12 21.44 85 2.68 0
17:43 738.12 21.5 86 4.92 0
17:44 738.12 21.5 85 4.02 0
17:45 738.12 21.5 85 6.71 0
17:46 738.12 21.56 84 7.15 0
17:47 738.12 21.56 85 4.92 0
17:48 738.12 21.56 85 5.36 0
17:49 738.12 21.56 85 5.81 0
17:50 738.12 21.56 85 2.68 0
17:51 738.12 21.56 85 5.81 0
17:52 738.12 21.56 84 5.81 0
17:53 738.12 21.56 84 2.68 0
17:54 738.12 21.56 84 5.81 0
17:55 738.12 21.5 84 4.92 0
17:56 738.12 21.5 84 4.92 0
17:57 738.12 21.5 84 4.47 0
17:58 738.12 21.5 85 1.79 0
17:59 738.12 21.5 85 2.24 0
18:00 738.12 21.5 85 3.13 0
18:01 738.12 21.44 85 4.02 0
18:02 738.12 21.44 85 4.92 0
18:03 738.12 21.39 85 4.47 0
18:04 738.12 21.39 85 5.81 0
18:05 738.12 21.39 85 1.79 0
18:06 738.12 21.33 85 3.58 0
18:07 738.12 21.28 86 2.24 9.91
18:08 738.12 21.28 86 4.47 9.91
18:09 738.12 21.22 86 2.24 7.37
18:10 738.12 21.17 87 3.13 6.86
18:11 738.12 21.11 87 5.81 12.19
18:12 738.12 21.06 87 3.58 10.16
18:13 738.12 21 87 1.34 6.1
18:14 738.12 20.94 87 3.58 4.32
18:15 738.12 20.94 87 3.58 3.3
18:16 738.12 20.89 87 4.47 3.3
18:17 738.12 20.89 87 4.02 3.3
18:18 738.12 20.83 87 5.36 3.3
18:19 738.12 20.83 87 2.24 3.3
18:20 738.12 20.78 87 4.47 3.05
18:21 738.12 20.78 87 3.13 2.54
18:22 738.12 20.83 87 1.79 2.29
18:23 738.12 20.78 87 5.81 1.78
18:24 738.12 20.78 87 1.34 1.78
18:25 738.12 20.78 87 2.68 1.52
18:26 738.12 20.78 87 2.24 1.27
18:27 738.12 20.78 87 6.26 1.27
18:28 738.12 20.72 87 3.13 1.27
18:29 738.12 20.72 87 3.13 1.02
18:30 738.12 20.72 87 2.24 1.02
18:31 738.12 20.72 87 4.92 1.02
18:32 738.12 20.72 88 4.02 1.02
18:33 738.12 20.72 87 1.79 0
18:34 738.12 20.72 88 4.47 0
18:35 738.12 20.72 87 2.68 0
18:36 738.12 20.72 87 1.79 0
18:37 738.12 20.72 87 4.47 0
18:38 738.12 20.78 87 2.24 0
18:39 738.12 20.72 87 4.92 0
18:40 738.12 20.67 87 2.24 0
18:41 738.12 20.67 87 3.58 0
18:42 738.12 20.72 87 4.92 0
18:43 738.12 20.67 87 6.26 0
18:44 738.12 20.72 87 4.02 0
18:45 738.12 20.72 87 5.81 0
18:46 738.38 20.67 87 4.02 0
18:47 738.38 20.67 87 4.47 0
18:48 738.38 20.61 88 3.13 0
18:49 738.38 20.56 88 4.02 0
18:50 738.38 20.56 88 5.36 0
18:51 738.38 20.56 88 1.79 0
18:52 738.12 20.5 88 .89 0
18:53 738.38 20.44 88 1.79 3.05
18:54 739.65 20.67 88 3.13 2.54
18:55 738.38 20.44 89 3.58 3.05
18:56 738.12 20.44 88 2.68 3.05
18:57 738.38 20.39 89 1.34 3.81
18:58 738.38 20.39 89 2.24 3.81
18:59 738.38 20.39 89 7.6 7.11
19:00 738.12 20.33 89 2.24 7.11
19:01 738.12 20.33 89 4.92 8.13
19:02 738.12 20.33 89 5.81 8.13
19:03 738.38 20.28 89 4.02 6.1
19:04 738.12 20.28 89 2.24 4.32
19:05 738.38 20.28 89 3.13 3.56
19:06 738.38 20.28 89 5.36 2.79
19:07 738.38 20.28 89 4.92 2.29
19:08 738.38 20.28 89 6.26 2.03
19:09 738.38 20.28 89 3.13 1.78
19:10 738.38 20.28 89 4.47 1.52
19:11 738.38 20.28 89 3.58 1.52
19:12 738.38 20.22 89 4.02 1.27
19:13 738.38 20.22 89 6.26 1.27
19:14 738.38 20.22 89 4.47 1.02
19:15 738.12 20.22 89 4.47 1.02
19:16 738.12 20.28 89 3.58 1.02
19:17 738.12 20.28 89 4.92 1.02
19:18 738.12 20.22 89 2.24 0
19:19 738.12 20.22 89 4.92 0
19:20 738.12 20.22 89 2.24 0
19:21 738.12 20.17 89 3.13 0
19:22 738.12 20.17 89 3.58 0
19:23 738.12 20.17 89 3.13 0
19:24 738.12 20.17 89 4.92 0
19:25 738.12 20.22 89 4.02 0
19:26 738.12 20.17 89 4.47 0
19:27 738.12 20.17 89 3.58 0
19:28 738.12 20.17 89 2.68 0
19:29 738.12 20.17 89 4.02 0
19:30 738.12 20.17 89 1.79 0
19:31 738.12 20.11 89 2.68 0
19:32 738.12 20.17 89 3.58 0
19:33 738.12 20.11 89 2.24 0
19:34 738.12 20.11 89 .89 24.64
19:35 738.38 20.11 89 4.02 12.95
19:36 738.38 20.11 89 3.58 7.87
19:37 738.38 20.06 90 1.34 13.46
19:38 738.38 20.06 90 1.79 17.78
19:39 738.38 20 90 1.34 17.78
19:40 738.38 20 90 4.92 33.78
19:41 738.38 20 90 2.24 24.38
19:42 738.38 19.94 90 4.92 26.67
19:43 738.38 19.94 90 1.79 16.51
19:44 738.38 19.94 90 4.47 7.87
19:45 738.38 19.89 90 2.68 6.1
19:46 738.38 19.89 90 1.79 29.46
19:47 738.12 19.89 91 1.79 22.86
19:48 738.12 19.89 91 3.58 28.19
19:49 738.12 19.89 91 3.13 13.72
19:50 738.12 19.89 91 2.24 7.11
19:51 738.12 19.83 91 3.13 6.86
19:52 738.12 19.89 91 1.34 24.64
19:53 738.12 19.83 91 1.79 47.5
19:54 738.12 19.83 91 3.58 48.51
19:55 738.38 19.78 91 4.47 39.37
19:56 738.38 19.78 91 3.58 42.67
19:57 738.38 19.78 91 1.79 36.07
19:58 738.12 19.78 91 1.79 31.24
19:59 738.38 19.78 91 2.68 20.57
20:00 738.38 19.78 91 2.68 19.81
20:01 738.38 19.78 91 3.58 21.08
20:02 738.38 19.72 91 2.24 36.07
20:03 738.12 19.78 91 .89 19.81
20:04 738.12 19.72 91 .89 8.64
20:05 738.12 19.72 92 1.34 8.38
20:06 738.12 19.72 92 1.79 7.62
20:07 738.38 19.72 92 1.79 5.33
20:08 738.12 19.72 92 .89 3.81
20:09 738.12 19.72 92 1.34 3.05
20:10 738.12 19.72 92 .45 2.54
20:11 738.12 19.78 92 1.79 2.29
20:12 738.12 19.72 92 1.79 2.29
20:13 738.38 19.72 92 2.68 6.1
20:14 738.38 19.72 92 2.68 47.24
20:15 738.38 19.72 92 1.34 51.31
20:16 738.38 19.72 92 1.79 36.07
20:17 738.12 19.67 92 2.68 36.32
20:18 738.12 19.67 92 1.79 29.46
20:19 738.12 19.72 92 2.68 22.61
20:20 738.12 19.67 92 3.13 17.78
20:21 738.12 19.67 92 2.68 15.49
20:22 738.12 19.67 92 2.68 7.87
20:23 738.12 19.67 92 4.47 5.08
20:24 738.12 19.72 92 4.92 3.81
20:25 738.38 19.72 92 7.6 3.05
20:26 738.38 19.78 92 4.47 2.54
20:27 738.38 19.78 91 3.13 2.29
20:28 738.38 19.83 91 3.13 2.03
20:29 738.38 19.83 91 3.13 1.78
20:30 738.38 19.83 91 2.24 1.52
20:31 738.12 19.78 91 4.02 1.27
20:32 738.38 19.83 91 4.92 1.27
20:33 738.12 19.83 91 3.13 1.27
20:34 738.38 19.83 91 2.24 1.02
20:35 738.12 19.78 91 2.24 1.02
20:36 738.12 19.83 91 4.02 1.02
20:37 738.12 19.83 91 4.02 1.02
20:38 738.38 19.83 91 2.68 0
20:39 738.12 19.83 91 1.79 0
20:40 738.12 19.83 91 4.02 0
20:41 738.12 19.83 91 2.68 0
20:42 738.12 19.83 91 2.24 0
20:43 738.12 19.83 91 3.13 0
20:44 738.12 19.83 91 1.79 0
20:45 738.12 19.83 91 1.79 0
20:46 738.12 19.78 91 1.79 0
20:47 738.12 19.78 91 1.79 0
20:48 738.12 19.83 91 1.79 0
20:49 738.12 19.78 91 4.92 0
20:50 738.12 19.78 91 4.47 0
20:51 738.12 19.78 91 2.68 0
20:52 738.12 19.78 91 2.68 0
20:53 738.12 19.78 91 1.79 0
20:54 738.12 19.78 91 3.58 0
20:55 738.12 19.78 91 3.13 0
20:56 738.12 19.72 91 2.68 0
20:57 738.12 19.72 91 4.02 0
20:58 738.12 19.72 91 2.68 0
20:59 738.12 19.72 91 1.79 0
21:00 738.12 19.72 91 2.24 0
21:01 738.12 19.72 91 4.02 0
21:02 738.12 19.72 91 4.02 0
21:03 738.12 19.72 91 4.47 0
21:04 738.12 19.72 91 4.02 0
21:05 738.12 19.72 91 4.02 0
21:06 738.12 19.78 91 3.13 0
21:07 738.12 19.72 91 2.68 0
21:08 738.12 19.78 91 5.36 0
21:09 738.12 19.72 91 3.58 0
21:10 738.12 19.72 91 3.13 0
21:11 738.12 19.72 91 2.24 0
21:12 738.12 19.72 91 2.24 0
21:13 738.12 19.72 91 2.24 0
21:14 738.12 19.72 91 2.24 0
21:15 738.12 19.72 91 2.68 0
21:16 738.12 19.72 91 2.68 0
21:17 738.12 19.72 91 2.68 0
21:18 738.12 19.72 91 2.24 0
21:19 738.12 19.72 91 4.02 0
21:20 738.12 19.67 91 3.58 0
21:21 738.12 19.72 91 1.34 0
21:22 738.12 19.72 91 3.13 0
21:23 738.12 19.67 91 2.68 0
21:24 738.12 19.67 91 2.24 3.3
21:25 738.12 19.67 91 4.92 3.3
21:26 738.12 19.72 91 5.36 3.3
21:27 738.12 19.72 91 2.24 3.3
21:28 738.12 19.72 91 2.68 3.3
21:29 738.12 19.67 91 2.24 2.79
21:30 738.12 19.72 91 2.68 2.29
21:31 738.12 19.67 91 1.79 2.29
21:32 738.12 19.67 91 2.68 2.29
21:33 738.12 19.67 91 2.24 2.29
21:34 738.12 19.67 91 1.34 2.29
21:35 738.12 19.67 91 4.02 2.29
21:36 738.12 19.67 91 3.58 3.05
21:37 738.12 19.67 91 6.71 3.05
21:38 738.12 19.72 91 2.68 3.05
21:39 738.12 19.67 91 5.36 3.05
21:40 738.12 19.72 91 3.13 3.05
21:41 738.12 19.67 91 2.68 2.79
21:42 738.12 19.67 91 4.92 2.29
21:43 738.12 19.67 91 5.81 2.03
21:44 738.12 19.67 91 2.68 1.78
21:45 738.12 19.67 91 1.79 1.78
21:46 738.12 19.67 91 5.81 1.78
21:47 738.12 19.72 91 3.13 1.78
21:48 738.12 19.72 91 4.02 1.78
21:49 738.12 19.72 91 4.02 1.78
21:50 738.12 19.72 91 4.47 1.78
21:51 738.12 19.72 91 3.58 1.78
21:52 738.12 19.67 91 4.02 1.78
21:53 738.12 19.67 91 3.13 1.78
21:54 738.12 19.67 91 4.02 1.52
21:55 738.12 19.72 91 3.58 1.52
21:56 738.12 19.72 91 2.68 1.27
21:57 738.12 19.67 91 4.02 1.27
21:58 738.12 19.67 91 1.79 1.02
21:59 738.12 19.67 91 1.34 1.02
22:00 738.12 19.67 91 3.58 1.02
22:01 738.12 19.67 91 1.79 1.02
22:02 738.12 19.67 91 3.58 0
22:03 738.12 19.67 91 1.79 0
22:04 738.12 19.67 91 4.02 0
22:05 738.38 19.67 91 2.68 0
22:06 738.38 19.61 91 2.68 0
22:07 738.12 19.67 91 1.34 0
22:08 738.38 19.61 91 2.24 0
22:09 738.38 19.61 91 2.68 0
22:10 738.38 19.61 91 4.92 0
22:11 738.38 19.61 91 3.58 0
22:12 738.38 19.61 91 2.24 0
22:13 738.12 19.61 91 1.79 0
22:14 738.38 19.61 91 3.13 0
22:15 738.38 19.61 91 1.79 0
22:16 738.38 19.56 91 2.24 0
22:17 738.38 19.61 91 3.13 0
22:18 738.12 19.56 91 3.13 0
22:19 738.38 19.56 91 3.13 0
22:20 738.38 19.61 91 1.79 0
22:21 738.12 19.56 91 2.68 0
22:22 738.12 19.56 91 1.79 0
22:23 738.12 19.56 91 2.68 0
22:24 738.12 19.61 91 3.13 0
22:25 738.12 19.56 91 2.24 0
22:26 738.12 19.61 91 2.68 0
22:27 738.12 19.56 91 4.02 0
22:28 738.12 19.61 92 .89 0
22:29 738.12 19.56 92 .89 0
22:30 738.12 19.56 92 1.79 0
22:31 738.12 19.56 92 2.24 0
22:32 738.12 19.56 92 1.34 0
22:33 738.12 19.56 92 1.34 0
22:34 738.12 19.56 92 .89 0
22:35 738.12 19.56 92 2.68 0
22:36 738.12 19.56 92 2.24 0
22:37 738.12 19.56 92 1.34 0
22:38 738.12 19.56 92 1.79 0
22:39 738.12 19.5 92 1.79 0
22:40 738.12 19.56 92 2.68 0
22:41 738.12 19.5 92 1.79 0
22:42 738.12 19.5 92 1.34 0
22:43 738.12 19.5 92 1.79 0
22:44 738.12 19.5 92 1.34 0
22:45 738.12 19.5 92 1.34 0
22:46 738.12 19.5 92 2.68 0
22:47 738.12 19.5 92 1.34 0
22:48 738.12 19.44 92 2.24 0
22:49 738.12 19.44 92 2.24 0
22:50 738.12 19.5 92 3.58 0
22:51 738.12 19.5 92 2.24 0
22:52 738.12 19.5 92 2.24 0
22:53 738.12 19.44 92 1.34 0
22:54 738.12 19.44 92 4.02 0
22:55 738.12 19.44 92 2.24 0
22:56 738.12 19.44 92 1.34 0
22:57 738.12 19.5 92 1.79 0
22:58 738.12 19.44 92 .89 0
22:59 738.12 19.44 92 .89 0
23:00 738.12 19.44 92 1.34 0
23:01 738.12 19.44 92 3.58 0
23:02 737.87 19.44 92 3.58 0
23:03 738.12 19.5 92 5.81 0
23:04 738.12 19.5 92 4.47 0
23:05 738.12 19.5 92 4.47 0
23:06 738.12 19.5 92 4.02 0
23:07 738.12 19.5 91 1.79 0
23:08 738.12 19.5 91 1.79 0
23:09 738.12 19.5 91 5.36 0
23:10 738.12 19.5 91 3.58 0
23:11 738.12 19.5 91 1.34 0
23:12 738.12 19.5 91 1.34 0
23:13 738.12 19.5 91 2.24 0
23:14 738.12 19.44 91 1.79 0
23:15 737.87 19.44 91 2.24 0
23:16 737.87 19.44 91 2.24 0
23:17 737.87 19.44 91 4.02 0
23:18 738.12 19.44 91 5.36 0
23:19 738.12 19.39 92 2.68 0
23:20 737.87 19.39 91 4.92 0
23:21 737.87 19.39 91 5.36 0
23:22 737.87 19.39 91 1.34 0
23:23 737.87 19.39 91 4.02 0
23:24 737.87 19.39 91 3.13 0
23:25 737.87 19.39 91 4.02 0
23:26 737.87 19.39 91 1.34 0
23:27 738.12 19.39 91 3.13 0
23:28 738.12 19.39 91 3.13 0
23:29 738.12 19.39 91 1.79 0
23:30 737.87 19.33 91 2.24 0
23:31 738.12 19.33 91 4.02 0
23:32 737.87 19.33 91 3.13 0
23:33 737.87 19.33 91 4.47 0
23:34 737.87 19.33 91 2.24 0
23:35 737.87 19.33 91 2.68 0
23:36 737.87 19.33 91 3.13 0
23:37 737.87 19.33 92 4.92 0
23:38 737.87 19.33 91 4.47 0
23:39 737.87 19.33 91 4.02 0
23:40 737.87 19.28 92 2.24 0
23:41 737.87 19.28 91 2.68 0
23:42 737.87 19.28 92 4.02 0
23:43 737.87 19.33 92 4.02 0
23:44 737.87 19.33 92 3.13 0
23:45 737.87 19.33 91 2.68 0
23:46 737.87 19.28 91 2.68 0
23:47 737.87 19.28 91 2.24 0
23:48 737.87 19.33 91 2.68 0
23:49 737.87 19.28 91 4.92 0
23:50 737.87 19.28 91 2.24 0
23:51 737.87 19.28 91 3.58 0
23:52 737.87 19.28 91 3.13 0
23:53 737.87 19.28 91 2.68 0
23:54 737.87 19.28 91 2.24 0
23:55 737.87 19.28 91 4.47 0
23:56 737.87 19.28 91 3.13 0
23:57 737.87 19.28 91 4.47 0
23:58 737.87 19.33 91 3.13 0
23:59 737.87 19.28 91 1.79 0
