00:00 748.54 13.06 86 0 0
00:01 748.54 13 86 0 0
00:02 748.54 13 86 0 0
00:03 748.54 12.94 86 0 0
00:04 748.54 12.94 86 0 0
00:05 748.54 12.94 86 0 0
00:06 748.54 12.94 86 0 0
00:07 748.54 12.89 86 0 0
00:08 748.54 12.89 86 0 0
00:09 748.54 12.89 86 .45 0
00:10 748.54 12.89 86 .45 0
00:11 748.54 12.94 86 .45 0
00:12 748.54 12.94 86 0 0
00:13 748.54 13 86 0 0
00:14 748.54 13 86 0 0
00:15 748.54 13 86 0 0
00:16 748.54 13 86 0 0
00:17 748.54 13.06 86 0 0
00:18 748.54 13.06 86 0 0
00:19 748.54 13.06 86 0 0
00:20 748.54 13.06 86 0 0
00:21 748.54 13.06 86 0 0
00:22 748.54 13.06 85 0 0
00:23 748.54 13.06 85 0 0
00:24 748.54 13.06 85 0 0
00:25 748.54 13 85 0 0
00:26 748.54 13.06 85 0 0
00:27 748.79 13 85 0 0
00:28 748.54 13 85 0 0
00:29 748.54 13 85 0 0
00:30 748.54 13.06 85 0 0
00:31 748.79 13 85 0 0
00:32 748.54 13 85 0 0
00:33 748.54 13 85 0 0
00:34 748.54 13 85 0 0
00:35 748.54 13 85 0 0
00:36 748.54 13 85 0 0
00:37 748.54 13 85 .89 0
00:38 748.54 13 85 .45 0
00:39 748.54 13.06 86 .45 0
00:40 748.54 13.06 86 .45 0
00:41 748.54 13 86 .45 0
00:42 748.79 13 86 .45 0
00:43 748.54 12.94 86 .45 0
00:44 748.54 12.89 86 .89 0
00:45 748.54 12.89 86 .89 0
00:46 748.79 12.89 86 .89 0
00:47 748.54 12.83 86 .45 0
00:48 748.54 12.78 86 1.34 0
00:49 748.79 12.78 86 .89 0
00:50 748.54 12.78 86 .89 0
00:51 748.54 12.72 86 1.34 0
00:52 748.54 12.72 86 1.34 0
00:53 748.79 12.67 86 1.34 0
00:54 748.79 12.67 86 1.34 0
00:55 748.79 12.67 86 1.34 0
00:56 748.54 12.67 86 1.34 0
00:57 748.79 12.61 86 .89 0
00:58 748.54 12.61 86 .89 0
00:59 748.79 12.67 86 1.34 0
01:00 748.79 12.61 86 .89 0
01:01 748.79 12.61 86 .89 0
01:02 748.79 12.61 86 .89 0
01:03 748.79 12.61 86 .89 0
01:04 748.79 12.56 86 .89 0
01:05 748.79 12.61 86 .89 0
01:06 748.79 12.61 86 .89 0
01:07 748.54 12.56 86 .89 0
01:08 748.79 12.56 86 .45 0
01:09 748.79 12.5 86 .45 0
01:10 748.79 12.5 86 .45 0
01:11 748.79 12.44 86 .45 0
01:12 748.79 12.44 86 .45 0
01:13 748.79 12.39 86 0 0
01:14 748.79 12.33 86 0 0
01:15 748.79 12.28 86 0 0
01:16 748.79 12.28 86 .45 0
01:17 748.79 12.22 86 .45 0
01:18 748.79 12.17 86 .45 0
01:19 748.79 12.11 86 .89 0
01:20 748.79 12.06 86 .45 0
01:21 748.79 12 86 0 0
01:22 748.79 11.94 86 0 0
01:23 748.79 11.94 86 0 0
01:24 748.79 11.94 86 0 0
01:25 748.79 11.94 87 0 0
01:26 748.79 11.89 87 0 0
01:27 748.79 11.83 86 0 0
01:28 748.79 11.83 86 0 0
01:29 748.79 11.72 86 0 0
01:30 748.79 11.67 86 0 0
01:31 748.79 11.67 86 0 0
01:32 748.79 11.56 86 0 0
01:33 748.79 11.56 87 0 0
01:34 748.79 11.56 87 0 0
01:35 748.79 11.5 87 0 0
01:36 748.79 11.5 87 0 0
01:37 748.79 11.44 87 0 0
01:38 748.79 11.39 87 0 0
01:39 748.79 11.39 87 0 0
01:40 748.79 11.33 87 0 0
01:41 748.79 11.28 87 0 0
01:42 748.79 11.22 87 0 0
01:43 748.79 11.22 87 0 0
01:44 748.79 11.17 87 0 0
01:45 748.79 11.11 87 0 0
01:46 748.79 11.06 87 0 0
01:47 748.79 11.06 87 0 0
01:48 748.79 11 87 0 0
01:49 748.79 11 87 0 0
01:50 748.79 10.94 87 0 0
01:51 748.79 10.94 88 0 0
01:52 748.79 10.94 88 0 0
01:53 748.79 10.89 88 0 0
01:54 748.79 10.89 88 0 0
01:55 748.79 10.83 88 0 0
01:56 748.79 10.83 88 0 0
01:57 748.79 10.83 88 .45 0
01:58 748.79 10.78 88 .45 0
01:59 748.79 10.78 88 .45 0
02:00 748.79 10.78 88 .89 0
02:01 748.79 10.78 88 .89 0
02:02 748.79 10.72 88 .45 0
02:03 748.79 10.72 88 .89 0
02:04 748.79 10.78 88 .89 0
02:05 748.79 10.78 88 .45 0
02:06 748.79 10.78 89 .45 0
02:07 748.79 10.78 89 .89 0
02:08 748.79 10.78 89 .45 0
02:09 748.79 10.72 89 .89 0
02:10 748.79 10.78 89 .89 0
02:11 748.79 10.72 89 .89 0
02:12 748.79 10.78 89 .45 0
02:13 748.79 10.67 89 .89 0
02:14 748.79 10.67 89 .45 0
02:15 748.79 10.67 89 .45 0
02:16 748.79 10.61 89 .45 0
02:17 748.79 10.61 89 0 0
02:18 748.79 10.56 89 0 0
02:19 748.79 10.56 89 0 0
02:20 748.79 10.56 89 0 0
02:21 748.79 10.5 89 0 0
02:22 748.79 10.5 89 0 0
02:23 748.79 10.5 89 0 0
02:24 748.79 10.5 89 0 0
02:25 748.79 10.44 89 0 0
02:26 748.79 10.44 89 0 0
02:27 748.79 10.44 89 0 0
02:28 748.79 10.39 89 0 0
02:29 748.79 10.39 89 0 0
02:30 748.79 10.39 89 0 0
02:31 748.79 10.39 89 0 0
02:32 748.79 10.33 89 0 0
02:33 748.79 10.39 89 0 0
02:34 748.79 10.39 89 0 0
02:35 748.79 10.33 89 0 0
02:36 748.79 10.28 89 0 0
02:37 748.79 10.22 89 0 0
02:38 748.79 10.22 89 0 0
02:39 748.79 10.22 89 0 0
02:40 748.79 10.22 89 0 0
02:41 748.79 10.17 89 1.34 0
02:42 749.05 10.17 89 1.34 0
02:43 749.05 10.11 89 .89 0
02:44 749.05 10.06 89 .89 0
02:45 748.79 10.11 89 .45 0
02:46 748.79 10.11 90 .89 0
02:47 748.79 10.17 90 .89 0
02:48 748.79 10.28 90 .89 0
02:49 748.79 10.28 90 0 0
02:50 749.05 10.28 90 2.24 0
02:51 749.05 10.22 90 1.79 0
02:52 749.05 10.11 90 .89 0
02:53 749.05 10.06 90 .89 0
02:54 749.05 10.06 90 1.34 0
02:55 748.79 10.17 90 1.34 0
02:56 748.79 10.22 90 2.24 0
02:57 749.05 10.33 90 .89 0
02:58 749.05 10.39 90 3.58 0
02:59 749.05 10.28 90 2.68 0
03:00 749.05 10.06 90 1.79 0
03:01 749.05 10 89 1.79 0
03:02 749.05 10.06 90 1.79 0
03:03 749.05 10.11 90 1.79 0
03:04 749.05 10.22 90 1.79 0
03:05 749.05 10.33 90 .89 0
03:06 749.05 10.39 90 1.79 0
03:07 748.79 10.44 90 2.24 0
03:08 748.79 10.5 90 1.79 0
03:09 749.05 10.61 90 1.79 0
03:10 749.05 10.61 90 3.58 0
03:11 749.05 10.44 90 2.68 0
03:12 749.05 10.28 89 1.34 0
03:13 749.05 10.28 89 .45 0
03:14 749.05 10.28 89 .45 0
03:15 749.05 10.28 89 .89 0
03:16 749.05 10.28 89 .45 0
03:17 748.79 10.28 89 .89 0
03:18 748.79 10.28 89 0 0
03:19 749.05 10.28 89 0 0
03:20 749.05 10.28 89 .89 0
03:21 749.05 10.28 89 .89 0
03:22 749.05 10.22 89 1.79 0
03:23 749.05 10.17 89 1.34 0
03:24 749.05 10.11 89 0 0
03:25 749.05 10.11 89 0 0
03:26 749.05 10.06 89 0 0
03:27 749.05 10.06 89 0 0
03:28 749.05 10.06 89 0 0
03:29 749.05 10.06 89 0 0
03:30 749.05 10.06 89 0 0
03:31 749.05 10.06 89 0 0
03:32 749.05 10 89 0 0
03:33 749.05 10.06 89 0 0
03:34 749.05 10 89 0 0
03:35 749.05 9.94 89 0 0
03:36 749.05 10 89 0 0
03:37 749.05 10 89 .45 0
03:38 749.05 9.94 90 .89 0
03:39 749.05 9.94 89 .45 0
03:40 749.05 9.89 89 .45 0
03:41 749.05 9.89 89 .45 0
03:42 749.05 9.83 89 .45 0
03:43 749.05 9.89 89 .89 0
03:44 749.05 9.94 90 .45 0
03:45 749.05 9.94 90 0 0
03:46 749.05 9.94 90 0 0
03:47 749.05 9.94 90 0 0
03:48 749.05 9.94 90 0 0
03:49 749.05 9.89 90 0 0
03:50 749.05 9.89 90 1.34 0
03:51 749.05 9.78 89 .45 0
03:52 749.05 9.72 89 0 0
03:53 749.05 9.67 89 0 0
03:54 749.05 9.72 90 0 0
03:55 749.05 9.72 90 0 0
03:56 749.05 9.72 90 0 0
03:57 749.05 9.72 90 .45 0
03:58 749.05 9.72 90 1.34 0
03:59 749.05 9.72 90 .45 0
04:00 749.05 9.61 89 .89 0
04:01 749.05 9.61 89 .45 0
04:02 749.05 9.56 89 .89 0
04:03 749.05 9.5 89 0 0
04:04 749.05 9.44 89 0 0
04:05 749.05 9.39 89 0 0
04:06 749.05 9.39 90 0 0
04:07 749.05 9.39 90 0 0
04:08 749.05 9.44 90 0 0
04:09 749.05 9.44 90 0 0
04:10 749.05 9.44 90 0 0
04:11 749.05 9.5 90 .45 0
04:12 749.05 9.5 90 .89 0
04:13 749.05 9.5 90 .45 0
04:14 749.05 9.44 90 .45 0
04:15 749.05 9.5 90 .45 0
04:16 749.05 9.5 90 .45 0
04:17 749.05 9.5 90 .89 0
04:18 749.05 9.5 90 1.79 0
04:19 749.05 9.44 90 .89 0
04:20 749.05 9.44 90 0 0
04:21 749.05 9.39 90 0 0
04:22 749.05 9.39 90 .45 0
04:23 749.05 9.39 90 1.34 0
04:24 749.3 9.33 90 1.34 0
04:25 749.05 9.28 90 1.34 0
04:26 749.3 9.28 90 .45 0
04:27 749.05 9.28 90 .89 0
04:28 749.05 9.28 90 .89 0
04:29 749.05 9.33 90 .45 0
04:30 749.3 9.44 90 .89 0
04:31 749.3 9.44 90 .89 0
04:32 749.3 9.56 91 .89 0
04:33 749.05 9.67 91 1.34 0
04:34 749.3 9.72 91 1.34 0
04:35 749.3 9.72 91 .89 0
04:36 749.05 9.72 91 1.34 0
04:37 749.05 9.78 91 1.34 0
04:38 749.3 9.83 91 1.79 0
04:39 749.3 9.83 91 .89 0
04:40 749.3 9.83 91 1.34 0
04:41 749.3 9.83 91 .89 0
04:42 749.3 9.83 91 .89 0
04:43 749.3 9.78 91 1.79 0
04:44 749.3 9.83 91 1.34 0
04:45 749.3 9.89 90 1.34 0
04:46 749.3 9.83 91 .89 0
04:47 749.3 9.83 90 .45 0
04:48 749.3 9.83 90 .45 0
04:49 749.3 9.83 90 .89 0
04:50 749.3 9.78 90 1.79 0
04:51 749.3 9.78 90 1.34 0
04:52 749.3 9.78 90 1.79 0
04:53 749.3 9.78 90 1.79 0
04:54 749.3 9.83 90 1.79 0
04:55 749.3 9.89 90 1.79 0
04:56 749.3 9.89 91 1.34 0
04:57 749.3 9.94 91 1.34 0
04:58 749.3 9.94 91 .89 0
04:59 749.3 10 91 .45 0
05:00 749.3 10.06 91 .45 0
05:01 749.3 10.11 91 .45 0
05:02 749.3 10.11 90 1.34 0
05:03 749.3 10.11 90 1.79 0
05:04 749.3 10.06 90 1.79 0
05:05 749.3 10.06 90 1.34 0
05:06 749.3 10.06 90 2.24 0
05:07 749.3 10.06 90 2.24 0
05:08 749.3 10.11 90 2.24 0
05:09 749.3 10.17 90 1.34 0
05:10 749.3 10.22 90 2.68 0
05:11 749.3 10.22 90 1.79 0
05:12 749.3 10.28 90 2.24 0
05:13 749.3 10.33 90 2.24 0
05:14 749.3 10.39 90 1.79 0
05:15 749.3 10.39 90 2.24 0
05:16 749.3 10.44 90 1.79 0
05:17 749.3 10.5 90 2.24 0
05:18 749.3 10.5 90 2.24 0
05:19 749.3 10.5 90 1.79 0
05:20 749.3 10.56 90 1.34 0
05:21 749.3 10.56 90 2.24 0
05:22 749.3 10.56 90 1.79 0
05:23 749.3 10.61 90 1.79 0
05:24 749.3 10.61 90 1.34 0
05:25 749.3 10.61 90 1.34 0
05:26 749.3 10.67 90 1.79 0
05:27 749.3 10.72 90 1.79 0
05:28 749.3 10.72 90 1.34 0
05:29 749.3 10.78 90 1.34 0
05:30 749.3 10.78 90 1.79 0
05:31 749.3 10.78 90 1.79 0
05:32 749.3 10.83 90 1.34 0
05:33 749.3 10.83 90 1.34 0
05:34 749.3 10.89 90 1.34 0
05:35 749.3 10.89 90 1.34 0
05:36 749.3 10.94 90 .89 0
05:37 749.3 11 89 1.79 0
05:38 749.3 11 89 1.79 0
05:39 749.3 11 89 .89 0
05:40 749.3 11.06 89 2.24 0
05:41 749.3 11.06 89 1.79 0
05:42 749.3 11.06 89 1.79 0
05:43 749.3 11.11 89 1.79 0
05:44 749.3 11.17 89 1.34 0
05:45 749.3 11.17 89 1.79 0
05:46 749.3 11.22 89 .89 0
05:47 749.3 11.28 89 1.34 0
05:48 749.3 11.28 89 .89 0
05:49 749.3 11.33 89 1.34 0
05:50 749.3 11.39 89 1.34 0
05:51 749.3 11.5 89 1.34 0
05:52 749.3 11.5 89 1.34 0
05:53 749.3 11.56 89 1.34 0
05:54 749.3 11.56 89 1.79 0
05:55 749.3 11.67 88 2.24 0
05:56 749.3 11.67 88 1.79 0
05:57 749.3 11.67 88 1.79 0
05:58 749.3 11.72 88 1.79 0
05:59 749.3 11.72 88 1.34 0
06:00 749.3 11.72 88 1.79 0
06:01 749.55 11.78 88 2.24 0
06:02 749.3 11.83 88 .89 0
06:03 749.3 11.89 88 1.79 0
06:04 749.3 11.94 87 1.34 0
06:05 749.55 12 88 1.79 0
06:06 749.3 12 87 .89 0
06:07 749.3 12.06 87 2.24 0
06:08 749.55 12.11 87 .89 0
06:09 749.3 12.17 87 1.34 0
06:10 749.3 12.22 87 .89 0
06:11 749.55 12.28 87 1.34 0
06:12 749.3 12.28 87 1.34 0
06:13 749.55 12.28 86 .89 0
06:14 749.3 12.33 86 .89 0
06:15 749.3 12.39 86 1.34 0
06:16 749.3 12.44 86 1.34 0
06:17 749.55 12.44 86 1.34 0
06:18 749.3 12.5 86 2.24 0
06:19 749.55 12.56 86 1.79 0
06:20 749.55 12.61 86 2.24 0
06:21 749.3 12.67 85 1.79 0
06:22 749.55 12.72 85 2.24 0
06:23 749.55 12.78 85 1.79 0
06:24 749.55 12.78 85 1.79 0
06:25 749.55 12.83 85 1.79 0
06:26 749.55 12.89 85 1.34 0
06:27 749.55 12.94 85 1.34 0
06:28 749.55 12.94 85 0 0
06:29 749.55 13 85 .89 0
06:30 749.55 13.11 85 2.24 0
06:31 749.55 13.17 85 .89 0
06:32 749.55 13.22 84 .45 0
06:33 749.55 13.28 84 1.79 0
06:34 749.55 13.33 84 .89 0
06:35 749.55 13.33 84 1.79 0
06:36 749.55 13.39 83 .45 0
06:37 749.55 13.44 83 .89 0
06:38 749.55 13.44 83 1.34 0
06:39 749.55 13.5 83 1.34 0
06:40 749.55 13.56 83 1.34 0
06:41 749.55 13.61 83 .45 0
06:42 749.55 13.61 83 2.24 0
06:43 749.55 13.67 82 1.34 0
06:44 749.55 13.67 82 1.79 0
06:45 749.55 13.67 82 .89 0
06:46 749.55 13.72 82 1.79 0
06:47 749.55 13.78 82 1.79 0
06:48 749.55 13.78 82 2.24 0
06:49 749.55 13.83 81 4.47 0
06:50 749.55 13.83 81 1.34 0
06:51 749.55 13.83 81 4.02 0
06:52 749.55 13.83 81 2.24 0
06:53 749.55 13.83 81 1.79 0
06:54 749.55 13.89 81 2.24 0
06:55 749.55 13.89 81 2.24 0
06:56 749.55 13.94 81 2.24 0
06:57 749.55 13.89 80 2.24 0
06:58 749.55 13.89 80 1.79 0
06:59 749.55 13.89 80 2.24 0
07:00 749.55 13.89 80 2.24 0
07:01 749.55 13.94 80 2.24 0
07:02 749.55 13.94 80 1.79 0
07:03 749.55 13.94 80 1.79 0
07:04 749.55 14.06 80 2.24 0
07:05 749.55 14.11 80 3.58 0
07:06 749.55 14.11 79 4.02 0
07:07 749.55 14.17 79 2.24 0
07:08 749.55 14.17 79 1.79 0
07:09 749.55 14.17 79 .89 0
07:10 749.55 14.22 79 .89 0
07:11 749.55 14.33 79 2.24 0
07:12 749.55 14.39 79 1.79 0
07:13 749.55 14.44 78 1.79 0
07:14 749.55 14.56 78 1.79 0
07:15 749.55 14.56 78 3.13 0
07:16 749.55 14.61 78 1.79 0
07:17 749.81 14.67 78 3.13 0
07:18 749.55 14.67 78 1.79 0
07:19 749.81 14.72 77 .89 0
07:20 749.81 14.72 77 1.79 0
07:21 749.55 14.78 77 1.79 0
07:22 749.81 14.78 77 .89 0
07:23 749.81 14.78 77 1.79 0
07:24 749.81 14.78 77 2.68 0
07:25 749.81 14.78 76 1.79 0
07:26 749.81 14.78 76 1.34 0
07:27 749.81 14.83 77 1.79 0
07:28 749.55 14.89 77 3.58 0
07:29 749.55 14.94 77 2.24 0
07:30 749.81 15 76 1.79 0
07:31 749.81 15.06 76 3.13 0
07:32 749.81 15.06 75 1.79 0
07:33 749.81 15.06 76 .45 0
07:34 749.81 15.11 76 .89 0
07:35 749.81 15.17 76 1.34 0
07:36 749.81 15.17 76 1.79 0
07:37 749.81 15.22 75 1.79 0
07:38 749.81 15.28 75 1.79 0
07:39 749.81 15.28 75 1.34 0
07:40 749.81 15.33 75 1.79 0
07:41 749.81 15.39 75 1.34 0
07:42 749.81 15.39 75 1.79 0
07:43 749.81 15.44 75 2.24 0
07:44 749.81 15.44 74 1.34 0
07:45 749.81 15.5 74 1.34 0
07:46 749.81 15.56 74 .45 0
07:47 749.81 15.61 75 1.34 0
07:48 749.81 15.61 74 1.34 0
07:49 749.81 15.61 74 .89 0
07:50 749.81 15.67 74 .89 0
07:51 749.81 15.67 74 2.24 0
07:52 749.81 15.67 73 1.34 0
07:53 749.81 15.72 73 2.68 0
07:54 749.81 15.67 73 1.34 0
07:55 749.81 15.72 73 1.34 0
07:56 749.81 15.72 73 2.68 0
07:57 749.81 15.72 73 1.79 0
07:58 749.81 15.72 73 1.79 0
07:59 749.81 15.72 73 1.34 0
08:00 749.81 15.78 73 1.34 0
08:01 749.81 15.83 73 1.79 0
08:02 749.81 15.83 73 1.34 0
08:03 749.81 15.94 74 1.34 0
08:04 749.81 15.94 74 .89 0
08:05 749.81 16.06 73 0 0
08:06 749.81 16.11 73 1.34 0
08:07 749.81 16.22 73 1.34 0
08:08 749.81 16.28 73 2.68 0
08:09 749.81 16.28 72 2.24 0
08:10 749.81 16.22 71 1.34 0
08:11 749.81 16.17 71 1.34 0
08:12 749.81 16.11 71 .89 0
08:13 749.81 16.11 71 1.34 0
08:14 749.81 16.11 72 1.34 0
08:15 749.81 16.17 72 2.68 0
08:16 749.81 16.11 72 1.34 0
08:17 749.81 16.17 71 .89 0
08:18 749.81 16.17 71 1.79 0
08:19 749.81 16.17 71 1.34 0
08:20 749.81 16.22 71 1.34 0
08:21 749.81 16.28 71 1.79 0
08:22 749.81 16.28 71 1.79 0
08:23 749.81 16.22 71 .89 0
08:24 749.81 16.22 71 .45 0
08:25 749.81 16.22 71 .89 0
08:26 749.81 16.28 70 .45 0
08:27 749.81 16.28 70 0 0
08:28 749.81 16.33 70 0 0
08:29 749.81 16.33 70 0 0
08:30 749.81 16.44 70 1.34 0
08:31 749.81 16.5 70 1.79 0
08:32 749.81 16.56 70 1.34 0
08:33 749.81 16.61 70 1.79 0
08:34 749.81 16.67 70 1.34 0
08:35 749.81 16.72 69 1.34 0
08:36 749.81 16.72 69 1.34 0
08:37 749.81 16.78 69 .45 0
08:38 749.81 16.78 69 .89 0
08:39 749.81 16.89 69 .45 0
08:40 749.81 16.94 70 .89 0
08:41 749.81 17.06 68 .45 0
08:42 749.81 17.11 68 .45 0
08:43 749.81 17.11 68 .89 0
08:44 749.81 17.17 67 1.34 0
08:45 749.81 17.11 67 .89 0
08:46 749.81 17.11 67 .89 0
08:47 749.81 17.06 66 2.24 0
08:48 749.81 17.06 65 1.34 0
08:49 749.81 17 65 .89 0
08:50 749.81 17.06 65 1.34 0
08:51 749.81 17 65 2.24 0
08:52 749.81 16.94 65 2.24 0
08:53 749.81 16.89 64 1.79 0
08:54 749.81 16.83 69 1.34 0
08:55 749.81 16.78 68 .89 0
08:56 749.81 16.78 68 .45 0
08:57 749.81 16.72 68 0 0
08:58 749.81 16.78 68 0 0
08:59 749.81 16.78 67 .45 0
09:00 749.81 16.78 66 .89 0
09:01 749.81 16.83 67 .89 0
09:02 749.81 16.89 66 .89 0
09:03 749.81 16.94 66 .45 0
09:04 749.81 17 67 .45 0
09:05 749.81 17.06 67 .45 0
09:06 749.81 17.11 67 .89 0
09:07 749.81 17.17 67 1.34 0
09:08 749.81 17.17 68 .89 0
09:09 749.81 17.22 68 1.79 0
09:10 749.81 17.22 67 2.24 0
09:11 749.81 17.28 67 1.34 0
09:12 749.81 17.28 67 .89 0
09:13 749.81 17.33 68 1.79 0
09:14 749.81 17.33 68 .89 0
09:15 749.81 17.39 68 1.79 0
09:16 749.81 17.39 68 2.24 0
09:17 749.81 17.39 67 2.68 0
09:18 749.81 17.33 66 1.34 0
09:19 749.81 17.33 67 2.24 0
09:20 749.81 17.39 68 2.24 0
09:21 749.81 17.44 66 3.13 0
09:22 749.81 17.5 67 2.68 0
09:23 749.81 17.5 67 1.79 0
09:24 749.81 17.44 67 1.79 0
09:25 749.81 17.44 66 .89 0
09:26 749.81 17.39 66 .45 0
09:27 749.81 17.44 66 0 0
09:28 749.81 17.5 67 1.34 0
09:29 749.81 17.56 66 .89 0
09:30 749.81 17.61 66 1.79 0
09:31 749.81 17.61 67 2.68 0
09:32 749.81 17.72 67 3.13 0
09:33 749.81 17.72 66 2.68 0
09:34 749.81 17.67 66 1.34 0
09:35 749.81 17.67 65 2.24 0
09:36 749.81 17.67 66 1.34 0
09:37 749.81 17.61 66 1.34 0
09:38 749.81 17.61 66 1.34 0
09:39 749.81 17.56 65 .89 0
09:40 749.81 17.56 65 1.79 0
09:41 749.81 17.67 65 1.79 0
09:42 749.81 17.67 64 1.34 0
09:43 749.81 17.67 64 1.79 0
09:44 749.81 17.61 63 0 0
09:45 749.81 17.67 63 .45 0
09:46 749.81 17.72 63 .89 0
09:47 749.81 17.78 62 .45 0
09:48 749.81 17.89 62 .45 0
09:49 749.81 18 63 .45 0
09:50 749.81 18.17 62 0 0
09:51 749.81 18.28 62 0 0
09:52 749.81 18.5 62 .89 0
09:53 749.81 18.67 62 1.79 0
09:54 749.81 18.83 61 .89 0
09:55 749.81 18.89 61 1.34 0
09:56 749.81 18.78 61 4.92 0
09:57 749.81 18.61 61 2.24 0
09:58 749.81 18.5 61 1.34 0
09:59 749.81 18.33 61 .45 0
10:00 749.81 18.22 61 0 0
10:01 749.81 18.17 62 .45 0
10:02 749.81 18.11 62 0 0
10:03 749.81 18.06 62 0 0
10:04 749.81 18.06 64 1.34 0
10:05 749.81 18 62 1.34 0
10:06 749.81 17.89 62 2.24 0
10:07 749.81 17.89 62 2.24 0
10:08 749.81 17.83 63 2.68 0
10:09 749.81 17.78 63 2.68 0
10:10 749.81 17.78 61 1.79 0
10:11 749.81 17.78 61 2.68 0
10:12 749.81 17.78 60 1.79 0
10:13 749.81 17.83 60 1.79 0
10:14 749.81 17.89 60 1.34 0
10:15 749.81 17.94 60 2.24 0
10:16 749.81 18.06 61 4.02 0
10:17 749.81 18.11 60 3.13 0
10:18 749.81 18.17 59 1.79 0
10:19 749.81 18.17 58 1.34 0
10:20 749.81 18.22 59 1.34 0
10:21 749.81 18.28 58 .89 0
10:22 749.81 18.33 58 2.24 0
10:23 749.81 18.39 60 3.58 0
10:24 749.81 18.39 60 3.58 0
10:25 749.81 18.39 60 3.13 0
10:26 749.81 18.39 60 4.02 0
10:27 749.81 18.33 60 3.58 0
10:28 749.81 18.33 60 2.68 0
10:29 749.81 18.33 59 1.79 0
10:30 749.81 18.33 58 .45 0
10:31 749.81 18.33 58 1.34 0
10:32 749.81 18.39 59 .89 0
10:33 749.81 18.39 60 .89 0
10:34 749.81 18.44 60 .89 0
10:35 749.81 18.44 59 .89 0
10:36 749.81 18.44 59 3.13 0
10:37 749.81 18.44 59 1.34 0
10:38 749.81 18.44 58 1.34 0
10:39 749.81 18.39 58 1.79 0
10:40 749.81 18.39 58 .89 0
10:41 749.81 18.33 58 2.24 0
10:42 749.81 18.28 57 .89 0
10:43 750.06 18.28 57 .45 0
10:44 750.06 18.28 58 .89 0
10:45 749.81 18.33 58 1.34 0
10:46 749.81 18.33 58 .45 0
10:47 749.81 18.39 58 .45 0
10:48 749.81 18.5 58 1.34 0
10:49 749.81 18.56 57 2.24 0
10:50 749.81 18.67 56 .89 0
10:51 749.81 18.72 56 1.79 0
10:52 749.81 18.78 57 1.34 0
10:53 749.81 18.83 58 1.34 0
10:54 749.81 18.94 58 2.68 0
10:55 749.81 18.94 57 1.34 0
10:56 749.81 18.94 57 .89 0
10:57 749.81 18.89 57 1.79 0
10:58 749.81 18.89 55 2.24 0
10:59 749.81 18.83 55 2.24 0
11:00 749.81 18.83 56 1.34 0
11:01 749.81 18.83 57 1.79 0
11:02 749.81 19 57 1.34 0
11:03 749.81 19 57 .45 0
11:04 749.81 19.06 56 1.34 0
11:05 749.81 19.11 56 3.13 0
11:06 749.81 19.17 55 1.79 0
11:07 749.81 19.17 53 3.58 0
11:08 749.81 19.11 52 1.34 0
11:09 749.81 19.11 52 1.34 0
11:10 749.81 19.11 53 .89 0
11:11 749.81 19.17 53 0 0
11:12 749.81 19.28 52 1.34 0
11:13 749.81 19.33 53 1.34 0
11:14 749.81 19.39 53 1.79 0
11:15 749.81 19.44 54 2.24 0
11:16 749.81 19.44 54 1.34 0
11:17 749.81 19.44 53 .89 0
11:18 749.81 19.44 53 .45 0
11:19 749.81 19.44 53 1.34 0
11:20 749.81 19.44 53 1.34 0
11:21 749.81 19.44 52 .89 0
11:22 749.81 19.44 53 1.34 0
11:23 749.81 19.44 53 1.34 0
11:24 749.81 19.5 53 .45 0
11:25 749.81 19.56 54 .89 0
11:26 749.81 19.67 53 2.24 0
11:27 749.81 19.67 53 2.24 0
11:28 749.81 19.72 54 1.34 0
11:29 749.81 19.67 55 2.24 0
11:30 749.81 19.67 51 1.34 0
11:31 749.81 19.61 53 4.02 0
11:32 749.81 19.61 54 4.47 0
11:33 749.81 19.56 52 3.58 0
11:34 749.81 19.56 53 4.47 0
11:35 749.81 19.44 52 2.24 0
11:36 749.81 19.44 52 1.34 0
11:37 749.81 19.39 52 1.34 0
11:38 749.81 19.33 53 0 0
11:39 749.81 19.33 53 1.34 0
11:40 749.81 19.33 53 1.79 0
11:41 749.81 19.33 53 4.02 0
11:42 749.81 19.22 52 2.24 0
11:43 749.81 19.11 52 .45 0
11:44 749.81 19.11 52 .89 0
11:45 749.81 19.06 51 .89 0
11:46 749.81 19.06 51 .45 0
11:47 749.81 19 52 4.02 0
11:48 749.81 19.06 52 4.92 0
11:49 749.81 18.94 51 1.79 0
11:50 749.81 18.89 53 2.24 0
11:51 749.81 18.89 52 1.79 0
11:52 749.81 18.83 52 1.79 0
11:53 749.81 18.83 54 1.79 0
11:54 749.81 18.94 55 1.34 0
11:55 749.81 18.94 55 .89 0
11:56 749.81 19 54 0 0
11:57 749.81 19.06 54 .89 0
11:58 749.81 19.17 54 1.79 0
11:59 749.81 19.22 54 2.24 0
12:00 749.81 19.28 51 3.58 0
12:01 749.81 19.33 48 4.02 0
12:02 749.81 19.33 47 1.34 0
12:03 749.81 19.33 47 1.34 0
12:04 749.81 19.39 47 2.24 0
12:05 749.81 19.56 48 .45 0
12:06 749.81 19.61 48 .89 0
12:07 749.81 19.72 49 2.24 0
12:08 749.81 19.78 49 4.47 0
12:09 749.81 19.78 50 3.13 0
12:10 749.81 19.72 50 2.68 0
12:11 749.81 19.61 49 3.58 0
12:12 749.81 19.56 50 4.47 0
12:13 749.81 19.5 50 2.68 0
12:14 749.81 19.44 51 4.47 0
12:15 749.81 19.44 51 4.92 0
12:16 749.81 19.44 52 6.26 0
12:17 749.81 19.33 51 3.58 0
12:18 749.81 19.28 51 2.68 0
12:19 749.81 19.22 50 4.02 0
12:20 749.81 19.22 51 2.24 0
12:21 749.81 19.22 52 1.79 0
12:22 749.81 19.22 50 1.34 0
12:23 749.81 19.22 51 1.34 0
12:24 749.81 19.22 50 1.34 0
12:25 749.81 19.22 51 1.34 0
12:26 749.81 19.28 51 .45 0
12:27 749.81 19.28 50 1.34 0
12:28 749.81 19.28 50 1.34 0
12:29 749.81 19.33 50 2.24 0
12:30 749.81 19.33 50 3.58 0
12:31 749.81 19.39 50 4.02 0
12:32 749.55 19.5 49 3.58 0
12:33 749.55 19.61 50 4.92 0
12:34 749.81 19.61 49 2.24 0
12:35 749.55 19.61 48 2.68 0
12:36 749.81 19.56 48 .89 0
12:37 749.81 19.56 49 1.79 0
12:38 749.81 19.67 50 2.24 0
12:39 749.81 19.67 49 2.68 0
12:40 749.81 19.67 48 1.79 0
12:41 749.81 19.72 49 1.34 0
12:42 749.55 19.72 50 1.79 0
12:43 749.81 19.72 49 2.24 0
12:44 749.55 19.78 49 5.36 0
12:45 749.55 19.78 48 4.92 0
12:46 749.81 19.72 48 2.68 0
12:47 749.55 19.67 48 1.34 0
12:48 749.55 19.67 49 0 0
12:49 749.55 19.72 48 3.13 0
12:50 749.55 19.72 48 1.79 0
12:51 749.55 19.78 48 1.34 0
12:52 749.55 19.78 47 1.79 0
12:53 749.55 19.72 49 1.79 0
12:54 749.55 19.83 50 .89 0
12:55 749.55 19.89 49 3.58 0
12:56 749.55 19.94 48 4.47 0
12:57 749.55 19.94 48 4.47 0
12:58 749.55 20.06 49 2.68 0
12:59 749.55 20.17 46 4.02 0
13:00 749.55 20.22 47 3.58 0
13:01 749.55 20.28 47 1.79 0
13:02 749.55 20.39 47 2.24 0
13:03 749.55 20.44 48 2.68 0
13:04 749.55 20.44 49 1.79 0
13:05 749.55 20.56 48 1.79 0
13:06 749.55 20.61 47 1.79 0
13:07 749.55 20.61 46 1.79 0
13:08 749.55 20.56 46 .89 0
13:09 749.55 20.56 46 .89 0
13:10 749.55 20.56 47 2.68 0
13:11 749.55 20.5 46 1.34 0
13:12 749.81 20.5 47 .89 0
13:13 749.55 20.56 48 1.79 0
13:14 749.55 20.67 47 .89 0
13:15 749.55 20.78 47 3.13 0
13:16 749.55 20.89 46 4.92 0
13:17 749.55 20.94 45 3.13 0
13:18 749.55 20.94 45 3.13 0
13:19 749.55 20.89 45 3.13 0
13:20 749.55 20.89 46 3.58 0
13:21 749.55 20.89 46 3.58 0
13:22 749.55 20.83 47 4.02 0
13:23 749.55 20.78 45 7.15 0
13:24 749.55 20.61 46 5.81 0
13:25 749.55 20.56 46 3.13 0
13:26 749.55 20.5 46 3.13 0
13:27 749.55 20.44 45 1.34 0
13:28 749.55 20.39 45 .89 0
13:29 749.55 20.33 46 .45 0
13:30 749.55 20.39 46 .45 0
13:31 749.55 20.44 47 1.34 0
13:32 749.55 20.44 46 .89 0
13:33 749.55 20.56 47 1.79 0
13:34 749.55 20.67 46 2.68 0
13:35 749.55 20.72 44 .89 0
13:36 749.55 20.72 44 3.58 0
13:37 749.55 20.78 45 2.68 0
13:38 749.55 20.72 45 4.02 0
13:39 749.55 20.72 45 5.36 0
13:40 749.55 20.67 46 4.47 0
13:41 749.55 20.72 46 4.02 0
13:42 749.55 20.67 46 5.81 0
13:43 749.55 20.61 46 4.02 0
13:44 749.55 20.61 46 5.81 0
13:45 749.55 20.56 45 4.02 0
13:46 749.55 20.5 46 5.81 0
13:47 749.55 20.56 46 6.26 0
13:48 749.55 20.61 47 1.79 0
13:49 749.55 20.67 45 1.79 0
13:50 749.55 20.72 46 1.34 0
13:51 749.55 20.78 46 3.58 0
13:52 749.55 20.83 46 .89 0
13:53 749.55 20.83 47 2.68 0
13:54 749.55 20.94 47 4.92 0
13:55 749.55 21 46 1.79 0
13:56 749.55 20.94 45 2.68 0
13:57 749.55 20.94 45 1.79 0
13:58 749.55 20.89 46 .89 0
13:59 749.55 20.89 45 .89 0
14:00 749.3 20.89 44 1.34 0
14:01 749.3 20.94 45 1.34 0
14:02 749.3 21.06 45 .45 0
14:03 749.3 21.17 46 1.34 0
14:04 749.3 21.33 46 1.79 0
14:05 749.3 21.39 45 2.68 0
14:06 749.3 21.44 46 2.24 0
14:07 749.3 21.56 47 1.79 0
14:08 749.3 21.61 46 3.58 0
14:09 749.3 21.56 45 2.68 0
14:10 749.3 21.44 46 1.79 0
14:11 749.3 21.44 46 2.24 0
14:12 749.3 21.44 46 2.24 0
14:13 749.3 21.44 45 2.24 0
14:14 749.3 21.44 45 1.34 0
14:15 749.3 21.44 44 0 0
14:16 749.3 21.44 45 1.79 0
14:17 749.3 21.5 45 1.34 0
14:18 749.3 21.56 45 .89 0
14:19 749.3 21.67 45 1.34 0
14:20 749.3 21.78 47 .89 0
14:21 749.3 21.83 45 1.79 0
14:22 749.3 21.83 45 .45 0
14:23 749.3 21.83 45 1.79 0
14:24 749.3 21.78 45 1.79 0
14:25 749.3 21.78 44 1.79 0
14:26 749.3 21.78 46 2.68 0
14:27 749.3 21.83 45 2.68 0
14:28 749.3 21.72 44 1.79 0
14:29 749.3 21.67 44 4.02 0
14:30 749.3 21.56 45 3.58 0
14:31 749.3 21.39 45 2.68 0
14:32 749.3 21.33 45 2.68 0
14:33 749.3 21.28 46 2.68 0
14:34 749.3 21.17 45 1.79 0
14:35 749.3 21.17 46 2.24 0
14:36 749.3 21.17 47 0 0
14:37 749.3 21.22 46 .89 0
14:38 749.3 21.28 46 3.13 0
14:39 749.05 21.28 45 1.79 0
14:40 749.3 21.33 45 4.02 0
14:41 749.3 21.33 45 5.36 0
14:42 749.05 21.33 46 2.24 0
14:43 749.05 21.28 45 .89 0
14:44 749.05 21.28 45 .45 0
14:45 749.05 21.28 45 .89 0
14:46 749.05 21.28 46 3.13 0
14:47 749.05 21.33 45 3.58 0
14:48 749.05 21.39 45 4.02 0
14:49 749.05 21.44 46 2.24 0
14:50 749.05 21.44 45 1.79 0
14:51 749.05 21.44 44 3.58 0
14:52 749.05 21.39 44 .89 0
14:53 749.05 21.33 45 .89 0
14:54 749.05 21.33 45 .45 0
14:55 749.05 21.33 44 .45 0
14:56 749.05 21.39 45 1.79 0
14:57 749.05 21.44 45 2.24 0
14:58 749.05 21.5 46 3.13 0
14:59 749.05 21.56 46 3.13 0
15:00 749.05 21.67 46 2.68 0
15:01 749.05 21.72 46 2.68 0
15:02 749.05 21.72 45 2.24 0
15:03 749.05 21.78 46 1.34 0
15:04 749.05 21.78 44 1.34 0
15:05 749.05 21.78 45 1.34 0
15:06 749.05 21.78 45 .45 0
15:07 748.79 21.78 44 1.34 0
15:08 748.79 21.78 45 .89 0
15:09 748.79 21.83 45 1.34 0
15:10 749.05 21.89 45 3.13 0
15:11 749.05 21.94 45 4.02 0
15:12 748.79 21.94 45 4.02 0
15:13 749.05 22 46 3.13 0
15:14 749.05 21.94 45 4.92 0
15:15 749.05 21.89 45 1.79 0
15:16 748.79 21.78 45 4.47 0
15:17 748.79 21.72 45 2.68 0
15:18 749.05 21.61 45 4.02 0
15:19 749.05 21.44 45 3.58 0
15:20 748.79 21.39 44 2.68 0
15:21 749.05 21.33 45 1.79 0
15:22 749.05 21.28 44 1.34 0
15:23 749.05 21.28 45 1.34 0
15:24 749.05 21.28 46 1.79 0
15:25 749.05 21.28 45 3.58 0
15:26 749.05 21.33 45 2.68 0
15:27 749.05 21.33 45 1.79 0
15:28 748.79 21.33 45 1.79 0
15:29 748.79 21.33 46 3.13 0
15:30 748.79 21.44 45 1.79 0
15:31 748.79 21.56 45 1.34 0
15:32 748.79 21.61 44 1.79 0
15:33 748.79 21.61 45 1.34 0
15:34 748.79 21.72 45 .89 0
15:35 748.79 21.83 46 .89 0
15:36 748.79 21.94 45 .45 0
15:37 748.79 22.06 45 1.34 0
15:38 748.79 22.17 44 .89 0
15:39 748.79 22.33 45 1.79 0
15:40 748.79 22.39 45 2.68 0
15:41 748.79 22.5 43 2.68 0
15:42 748.79 22.5 43 1.79 0
15:43 748.79 22.5 42 1.79 0
15:44 748.79 22.44 42 1.34 0
15:45 748.79 22.44 43 2.24 0
15:46 748.79 22.44 43 .45 0
15:47 748.79 22.5 43 2.68 0
15:48 748.79 22.44 42 .89 0
15:49 748.79 22.44 43 2.68 0
15:50 748.79 22.39 42 1.79 0
15:51 748.79 22.39 42 .45 0
15:52 748.79 22.39 43 .89 0
15:53 748.79 22.44 43 .45 0
15:54 748.79 22.5 45 1.34 0
15:55 748.79 22.61 43 .89 0
15:56 748.79 22.67 43 .89 0
15:57 748.79 22.72 43 1.34 0
15:58 748.79 22.78 44 2.24 0
15:59 748.79 22.72 43 4.92 0
16:00 748.79 22.61 42 4.47 0
16:01 748.79 22.44 44 4.02 0
16:02 748.79 22.39 42 2.68 0
16:03 748.79 22.33 43 3.58 0
16:04 748.79 22.28 43 2.24 0
16:05 748.79 22.17 44 4.47 0
16:06 748.79 22.11 44 4.02 0
16:07 748.79 22.06 43 1.34 0
16:08 748.79 22.06 45 2.24 0
16:09 748.79 22.11 44 1.34 0
16:10 748.79 22.11 43 2.24 0
16:11 748.79 22.17 42 2.24 0
16:12 748.79 22.11 43 1.79 0
16:13 748.79 22.17 43 .89 0
16:14 748.79 22.17 43 2.24 0
16:15 748.79 22.22 43 1.34 0
16:16 748.79 22.28 43 1.34 0
16:17 748.79 22.28 42 1.79 0
16:18 748.79 22.33 44 2.24 0
16:19 748.79 22.39 44 1.34 0
16:20 748.79 22.44 43 .89 0
16:21 748.79 22.5 44 3.58 0
16:22 748.79 22.5 43 2.24 0
16:23 748.79 22.5 42 2.24 0
16:24 748.79 22.44 42 5.36 0
16:25 748.79 22.33 42 4.02 0
16:26 748.79 22.28 43 2.68 0
16:27 748.79 22.22 42 3.13 0
16:28 748.79 22.22 42 1.34 0
16:29 748.79 22.22 42 .89 0
16:30 748.54 22.17 42 .45 0
16:31 748.79 22.22 43 4.47 0
16:32 748.79 22.33 43 2.68 0
16:33 748.79 22.33 41 2.68 0
16:34 748.79 22.33 42 4.02 0
16:35 748.79 22.28 42 4.47 0
16:36 748.79 22.17 41 4.02 0
16:37 748.54 22.11 41 2.24 0
16:38 748.54 22.06 42 2.24 0
16:39 748.79 22.06 42 1.79 0
16:40 748.79 22.17 42 1.34 0
16:41 748.54 22.22 42 1.34 0
16:42 748.54 22.28 42 .45 0
16:43 748.79 22.33 42 .45 0
16:44 748.79 22.33 41 .89 0
16:45 748.54 22.39 42 .45 0
16:46 748.54 22.5 42 .89 0
16:47 748.54 22.5 42 .45 0
16:48 748.79 22.56 43 .89 0
16:49 748.79 22.56 43 3.58 0
16:50 748.54 22.5 42 3.58 0
16:51 748.54 22.39 41 2.68 0
16:52 748.54 22.33 42 .45 0
16:53 748.54 22.33 42 2.68 0
16:54 748.79 22.33 42 2.68 0
16:55 748.54 22.28 42 2.24 0
16:56 748.54 22.17 42 .89 0
16:57 748.54 22.17 41 0 0
16:58 748.54 22.22 42 0 0
16:59 748.54 22.33 42 .89 0
17:00 748.54 22.39 42 .89 0
17:01 748.54 22.5 42 2.24 0
17:02 748.54 22.5 43 2.24 0
17:03 748.54 22.5 41 1.79 0
17:04 748.54 22.5 41 1.79 0
17:05 748.54 22.44 42 1.79 0
17:06 748.54 22.44 43 1.79 0
17:07 748.54 22.44 42 2.68 0
17:08 748.54 22.44 42 1.79 0
17:09 748.54 22.44 43 3.58 0
17:10 748.54 22.39 42 3.13 0
17:11 748.54 22.39 43 2.24 0
17:12 748.54 22.39 42 2.24 0
17:13 748.28 22.39 42 2.68 0
17:14 748.28 22.33 41 1.34 0
17:15 748.54 22.33 42 .89 0
17:16 748.28 22.39 42 2.24 0
17:17 748.28 22.39 42 2.24 0
17:18 748.28 22.44 42 4.02 0
17:19 748.28 22.44 42 4.02 0
17:20 748.28 22.39 42 4.92 0
17:21 748.28 22.39 42 4.47 0
17:22 748.28 22.39 43 3.58 0
17:23 748.28 22.39 43 1.79 0
17:24 748.28 22.44 43 3.58 0
17:25 748.28 22.44 43 1.79 0
17:26 748.28 22.5 44 .45 0
17:27 748.28 22.56 44 1.34 0
17:28 748.28 22.67 43 1.34 0
17:29 748.28 22.78 44 .89 0
17:30 748.28 22.78 44 2.24 0
17:31 748.28 22.89 43 2.68 0
17:32 748.28 22.94 43 2.24 0
17:33 748.28 22.94 41 1.79 0
17:34 748.28 22.94 41 1.79 0
17:35 748.28 22.94 41 .89 0
17:36 748.28 23 41 .89 0
17:37 748.28 23 41 1.34 0
17:38 748.28 23.06 41 .45 0
17:39 748.28 23.11 42 1.34 0
17:40 748.28 23.17 41 1.79 0
17:41 748.28 23.17 41 1.79 0
17:42 748.28 23.11 41 1.34 0
17:43 748.28 23.11 41 1.34 0
17:44 748.28 23.06 42 1.79 0
17:45 748.28 22.94 42 3.58 0
17:46 748.28 22.89 41 1.34 0
17:47 748.28 22.83 41 1.79 0
17:48 748.28 22.78 41 .89 0
17:49 748.28 22.83 42 .45 0
17:50 748.28 22.83 43 .45 0
17:51 748.28 22.89 43 .89 0
17:52 748.28 22.89 41 .45 0
17:53 748.28 22.89 42 0 0
17:54 748.28 22.94 42 0 0
17:55 748.28 23 42 .89 0
17:56 748.28 23.06 42 0 0
17:57 748.28 23.11 41 .89 0
17:58 748.28 23.17 41 .89 0
17:59 748.28 23.22 41 .45 0
18:00 748.28 23.22 41 .45 0
18:01 748.28 23.22 40 0 0
18:02 748.28 23.22 41 0 0
18:03 748.28 23.28 42 2.24 0
18:04 748.28 23.33 42 2.68 0
18:05 748.28 23.28 40 1.34 0
18:06 748.28 23.28 40 2.68 0
18:07 748.28 23.28 41 .89 0
18:08 748.28 23.28 41 .89 0
18:09 748.28 23.33 41 1.79 0
18:10 748.28 23.33 42 .89 0
18:11 748.28 23.33 42 2.24 0
18:12 748.28 23.28 41 3.58 0
18:13 748.28 23.17 41 2.24 0
18:14 748.28 23.06 41 .45 0
18:15 748.28 23 42 2.24 0
18:16 748.28 22.89 41 1.79 0
18:17 748.28 22.78 41 2.24 0
18:18 748.28 22.78 41 .45 0
18:19 748.28 22.72 42 3.13 0
18:20 748.28 22.72 42 3.58 0
18:21 748.28 22.72 42 2.24 0
18:22 748.28 22.67 42 2.24 0
18:23 748.28 22.67 42 1.34 0
18:24 748.28 22.61 43 2.24 0
18:25 748.28 22.61 43 1.79 0
18:26 748.28 22.61 43 1.79 0
18:27 748.28 22.61 42 .89 0
18:28 748.28 22.67 42 2.68 0
18:29 748.28 22.67 42 .89 0
18:30 748.28 22.67 42 0 0
18:31 748.28 22.72 43 .45 0
18:32 748.28 22.78 42 .89 0
18:33 748.28 22.78 43 .89 0
18:34 748.28 22.83 43 .89 0
18:35 748.28 22.89 42 .89 0
18:36 748.28 22.89 41 .89 0
18:37 748.28 22.94 42 .89 0
18:38 748.28 22.94 42 .45 0
18:39 748.28 22.94 41 .45 0
18:40 748.28 23 41 .89 0
18:41 748.28 23 41 .89 0
18:42 748.28 23.06 41 .45 0
18:43 748.28 23.06 41 .45 0
18:44 748.28 23.06 41 .45 0
18:45 748.28 23.11 41 .45 0
18:46 748.28 23.11 41 .45 0
18:47 748.28 23.17 41 .45 0
18:48 748.28 23.17 42 0 0
18:49 748.28 23.17 42 1.34 0
18:50 748.28 23.22 42 .89 0
18:51 748.28 23.22 43 .45 0
18:52 748.03 23.22 42 1.34 0
18:53 748.28 23.22 41 .89 0
18:54 748.28 23.22 41 .45 0
18:55 748.28 23.22 42 .45 0
18:56 748.28 23.22 42 .45 0
18:57 748.03 23.22 41 .89 0
18:58 748.28 23.22 41 .45 0
18:59 748.03 23.17 41 .45 0
19:00 748.28 23.11 41 .45 0
19:01 748.28 23.11 41 1.34 0
19:02 748.03 23.11 41 1.79 0
19:03 748.28 23.06 42 1.34 0
19:04 748.03 23.06 42 1.79 0
19:05 748.28 23 42 1.34 0
19:06 748.28 22.94 42 1.34 0
19:07 748.03 22.94 43 1.79 0
19:08 748.03 22.89 42 1.34 0
19:09 748.03 22.83 42 1.34 0
19:10 748.03 22.78 42 2.24 0
19:11 748.03 22.72 42 1.79 0
19:12 748.03 22.67 42 1.34 0
19:13 748.03 22.67 43 1.34 0
19:14 748.03 22.61 44 1.34 0
19:15 748.03 22.56 43 1.34 0
19:16 748.03 22.56 43 1.34 0
19:17 748.03 22.5 42 1.34 0
19:18 748.03 22.44 43 1.34 0
19:19 748.03 22.44 42 .89 0
19:20 748.03 22.44 42 .89 0
19:21 748.03 22.44 42 .45 0
19:22 748.03 22.44 42 .45 0
19:23 748.03 22.5 42 .45 0
19:24 748.03 22.5 43 .89 0
19:25 748.03 22.5 42 .45 0
19:26 748.03 22.56 42 1.34 0
19:27 748.03 22.56 43 .45 0
19:28 748.03 22.56 43 .45 0
19:29 748.03 22.61 44 1.34 0
19:30 748.03 22.56 43 .45 0
19:31 748.03 22.56 44 .45 0
19:32 748.03 22.56 45 .89 0
19:33 748.03 22.61 43 1.34 0
19:34 748.03 22.56 44 1.34 0
19:35 748.03 22.5 43 1.34 0
19:36 748.03 22.5 44 .89 0
19:37 748.03 22.44 43 .89 0
19:38 748.03 22.44 43 .89 0
19:39 748.03 22.44 43 .89 0
19:40 748.03 22.39 44 .45 0
19:41 748.03 22.39 44 .45 0
19:42 748.03 22.39 44 .45 0
19:43 748.03 22.39 44 .45 0
19:44 748.03 22.39 44 .45 0
19:45 748.03 22.39 44 .45 0
19:46 748.03 22.39 45 0 0
19:47 748.03 22.44 46 0 0
19:48 748.03 22.44 46 0 0
19:49 748.03 22.39 46 .45 0
19:50 748.03 22.33 45 .89 0
19:51 748.03 22.33 46 .89 0
19:52 748.03 22.22 44 .89 0
19:53 748.03 22.22 45 .89 0
19:54 748.03 22.17 45 .45 0
19:55 748.03 22.17 47 .45 0
19:56 748.03 22.17 46 .45 0
19:57 748.03 22.11 46 .45 0
19:58 748.03 22.06 47 0 0
19:59 748.03 22.06 47 0 0
20:00 748.03 22 46 0 0
20:01 748.03 22 47 0 0
20:02 748.03 21.94 47 0 0
20:03 748.03 21.94 47 0 0
20:04 748.03 21.89 48 0 0
20:05 748.03 21.83 48 0 0
20:06 748.03 21.78 48 0 0
20:07 748.03 21.78 49 0 0
20:08 748.03 21.72 48 0 0
20:09 748.03 21.72 48 0 0
20:10 748.03 21.67 49 0 0
20:11 748.03 21.67 49 0 0
20:12 748.03 21.61 49 0 0
20:13 748.03 21.56 49 0 0
20:14 748.03 21.56 50 0 0
20:15 748.03 21.56 50 0 0
20:16 748.03 21.5 50 0 0
20:17 748.03 21.44 50 0 0
20:18 748.03 21.44 48 0 0
20:19 748.03 21.39 48 0 0
20:20 748.03 21.39 48 0 0
20:21 748.03 21.33 49 0 0
20:22 748.03 21.33 49 0 0
20:23 748.03 21.33 49 0 0
20:24 748.03 21.33 49 0 0
20:25 748.03 21.28 50 .45 0
20:26 748.03 21.22 49 .89 0
20:27 748.03 21.17 49 1.34 0
20:28 748.03 20.94 49 1.34 0
20:29 748.03 20.89 49 1.34 0
20:30 748.03 20.78 48 1.79 0
20:31 748.03 20.72 49 1.34 0
20:32 748.03 20.67 49 1.79 0
20:33 748.03 20.56 49 1.34 0
20:34 748.03 20.5 49 2.24 0
20:35 748.03 20.44 50 1.79 0
20:36 748.03 20.39 50 1.79 0
20:37 748.03 20.33 50 1.34 0
20:38 748.03 20.33 50 1.79 0
20:39 748.03 20.28 50 1.34 0
20:40 748.03 20.22 50 .89 0
20:41 748.03 20.17 50 1.79 0
20:42 748.03 20.11 50 1.34 0
20:43 748.03 20.11 51 1.34 0
20:44 748.28 20.06 51 1.34 0
20:45 748.03 20 51 1.79 0
20:46 748.03 20 51 2.24 0
20:47 748.03 19.94 51 1.34 0
20:48 748.03 19.94 51 1.34 0
20:49 748.03 19.94 51 1.34 0
20:50 748.03 19.89 51 1.79 0
20:51 748.03 19.89 51 .89 0
20:52 748.03 19.83 51 1.34 0
20:53 748.03 19.78 51 1.34 0
20:54 748.03 19.78 51 1.79 0
20:55 748.03 19.72 51 1.34 0
20:56 748.03 19.67 52 2.24 0
20:57 748.03 19.61 52 1.34 0
20:58 748.28 19.56 52 1.34 0
20:59 748.03 19.56 52 1.34 0
21:00 748.03 19.44 53 1.34 0
21:01 748.03 19.44 52 .89 0
21:02 748.03 19.39 53 1.79 0
21:03 748.03 19.33 53 1.34 0
21:04 748.28 19.28 53 .89 0
21:05 748.03 19.22 53 1.34 0
21:06 748.03 19.17 53 1.34 0
21:07 748.28 19.17 53 1.34 0
21:08 748.28 19.11 54 .89 0
21:09 748.03 19.06 54 .89 0
21:10 748.28 19 54 .89 0
21:11 748.03 18.94 54 1.34 0
21:12 748.28 18.89 54 .89 0
21:13 748.28 18.83 55 1.34 0
21:14 748.28 18.78 55 .89 0
21:15 748.28 18.72 55 1.34 0
21:16 748.28 18.67 54 .89 0
21:17 748.03 18.67 55 .89 0
21:18 748.28 18.61 55 .89 0
21:19 748.28 18.56 55 .89 0
21:20 748.28 18.56 56 1.34 0
21:21 748.28 18.5 56 1.34 0
21:22 748.28 18.44 56 1.34 0
21:23 748.28 18.44 56 1.34 0
21:24 748.28 18.39 57 1.34 0
21:25 748.28 18.33 57 1.34 0
21:26 748.03 18.28 57 1.34 0
21:27 748.03 18.28 56 .89 0
21:28 748.28 18.22 57 .89 0
21:29 748.03 18.22 57 .89 0
21:30 748.03 18.17 57 1.34 0
21:31 748.03 18.17 57 1.34 0
21:32 748.03 18.06 57 .89 0
21:33 748.28 18.06 57 .89 0
21:34 748.03 18.06 57 1.34 0
21:35 748.03 18 57 1.34 0
21:36 748.03 17.94 57 1.34 0
21:37 748.03 18 57 1.34 0
21:38 748.03 18 57 1.34 0
21:39 748.03 18 57 .89 0
21:40 748.03 18.06 57 1.79 0
21:41 748.03 18.06 57 .89 0
21:42 748.03 18.06 57 1.34 0
21:43 748.03 18 57 1.79 0
21:44 748.03 18.06 56 .89 0
21:45 748.03 18.06 56 .89 0
21:46 748.03 18.11 56 1.79 0
21:47 748.03 18.17 56 1.79 0
21:48 748.03 18.22 56 .89 0
21:49 748.03 18.22 56 1.34 0
21:50 748.03 18.22 56 1.79 0
21:51 748.03 18.22 56 1.34 0
21:52 748.03 18.22 56 1.79 0
21:53 748.03 18.22 56 .89 0
21:54 748.03 18.22 56 .89 0
21:55 748.03 18.17 56 .89 0
21:56 748.03 18.17 56 .89 0
21:57 748.03 18.11 56 .45 0
21:58 748.03 18.11 56 1.79 0
21:59 748.03 18.06 57 .89 0
22:00 748.03 18 57 .89 0
22:01 748.03 17.94 57 .89 0
22:02 748.03 17.94 58 .89 0
22:03 748.03 17.83 58 .45 0
22:04 748.03 17.83 57 1.34 0
22:05 748.03 17.78 58 1.34 0
22:06 748.03 17.72 58 .89 0
22:07 748.03 17.67 58 .89 0
22:08 748.03 17.61 58 .89 0
22:09 748.03 17.61 59 .89 0
22:10 748.03 17.56 59 .89 0
22:11 748.03 17.5 58 1.34 0
22:12 748.03 17.5 59 .45 0
22:13 748.03 17.5 61 .45 0
22:14 748.03 17.44 64 .45 0
22:15 748.03 17.33 65 .45 0
22:16 748.03 17.22 66 .45 0
22:17 748.03 17.06 66 .89 0
22:18 748.03 16.89 67 .45 0
22:19 748.03 16.67 67 .45 0
22:20 748.03 16.5 67 .89 0
22:21 748.03 16.28 68 .89 0
22:22 748.03 16.11 69 .45 0
22:23 748.03 16 69 .45 0
22:24 748.03 15.83 70 .89 0
22:25 748.03 15.72 70 .89 0
22:26 748.03 15.61 69 .45 0
22:27 748.03 15.56 68 .89 0
22:28 748.03 15.5 68 .45 0
22:29 748.03 15.44 69 .89 0
22:30 748.03 15.44 67 .89 0
22:31 748.03 15.44 67 .89 0
22:32 748.03 15.5 67 .89 0
22:33 748.03 15.5 68 1.34 0
22:34 748.03 15.56 68 .89 0
22:35 748.03 15.56 68 .89 0
22:36 748.03 15.56 68 .45 0
22:37 748.03 15.56 68 .45 0
22:38 748.03 15.56 68 0 0
22:39 748.03 15.5 67 0 0
22:40 747.78 15.5 68 .89 0
22:41 748.03 15.5 67 .89 0
22:42 748.03 15.5 68 .89 0
22:43 747.78 15.44 67 .45 0
22:44 748.03 15.5 68 1.34 0
22:45 747.78 15.44 67 .89 0
22:46 748.03 15.44 67 .89 0
22:47 748.03 15.44 67 .45 0
22:48 747.78 15.44 68 .89 0
22:49 747.78 15.44 67 1.34 0
22:50 748.03 15.39 67 1.34 0
22:51 747.78 15.39 66 .89 0
22:52 747.78 15.44 67 .89 0
22:53 747.78 15.44 66 .89 0
22:54 747.78 15.44 66 1.34 0
22:55 747.78 15.44 66 1.34 0
22:56 748.03 15.5 66 .89 0
22:57 748.03 15.56 66 1.34 0
22:58 748.03 15.56 66 .89 0
22:59 747.78 15.56 66 1.34 0
23:00 747.78 15.56 65 1.34 0
23:01 747.78 15.56 65 .89 0
23:02 747.78 15.56 66 .45 0
23:03 747.78 15.56 67 .89 0
23:04 747.78 15.5 66 .89 0
23:05 747.78 15.5 66 0 0
23:06 748.03 15.5 66 .45 0
23:07 747.78 15.5 66 .45 0
23:08 747.78 15.5 66 .89 0
23:09 747.78 15.44 66 .89 0
23:10 748.03 15.44 66 .45 0
23:11 747.78 15.44 66 .89 0
23:12 747.78 15.44 67 .45 0
23:13 747.78 15.44 67 .45 0
23:14 747.78 15.39 67 .89 0
23:15 747.78 15.39 67 .89 0
23:16 747.78 15.33 67 1.34 0
23:17 747.78 15.33 66 1.34 0
23:18 747.78 15.33 66 .89 0
23:19 747.78 15.28 66 .45 0
23:20 747.78 15.28 66 .45 0
23:21 747.78 15.33 67 .89 0
23:22 747.78 15.28 67 1.34 0
23:23 747.78 15.28 67 1.34 0
23:24 747.78 15.22 67 1.34 0
23:25 747.78 15.22 67 1.79 0
23:26 747.78 15.22 68 .45 0
23:27 747.78 15.17 68 0 0
23:28 747.78 15.17 68 .45 0
23:29 747.78 15.17 68 0 0
23:30 747.78 15.11 68 .45 0
23:31 747.78 15.11 69 .89 0
23:32 747.78 15.06 69 .45 0
23:33 747.78 15.06 70 .45 0
23:34 747.78 14.94 70 .45 0
23:35 747.78 14.89 70 .45 0
23:36 747.78 14.83 70 .45 0
23:37 747.78 14.78 70 .45 0
23:38 747.78 14.72 70 .89 0
23:39 747.78 14.67 70 .89 0
23:40 747.78 14.61 70 .89 0
23:41 747.78 14.61 70 .89 0
23:42 747.78 14.56 70 1.34 0
23:43 747.78 14.56 70 1.34 0
23:44 747.78 14.56 70 .89 0
23:45 747.78 14.56 70 1.79 0
23:46 747.78 14.56 70 .89 0
23:47 747.78 14.56 70 1.79 0
23:48 747.78 14.56 70 1.34 0
23:49 747.78 14.56 69 1.34 0
23:50 747.78 14.61 69 .89 0
23:51 747.78 14.61 70 .89 0
23:52 747.78 14.61 70 .89 0
23:53 747.78 14.67 70 .89 0
23:54 747.78 14.67 70 .89 0
23:55 747.78 14.67 70 .45 0
23:56 747.78 14.67 70 0 0
23:57 747.78 14.67 70 0 0
23:58 747.78 14.67 70 0 0
23:59 747.78 14.61 71 .45 0
