00:00 746.25 13.44 89 0 0
00:01 746.25 13.44 89 0 0
00:02 746.25 13.44 89 0 0
00:03 746.25 13.44 89 0 0
00:04 746.25 13.39 89 0 0
00:05 746.25 13.39 89 0 0
00:06 746.25 13.33 89 0 0
00:07 746.25 13.33 89 0 0
00:08 746.25 13.28 89 0 0
00:09 746.25 13.28 89 0 0
00:10 746.25 13.22 89 0 0
00:11 746.25 13.22 89 0 0
00:12 746.25 13.17 89 0 0
00:13 746.25 13.17 89 0 0
00:14 746.25 13.17 89 0 0
00:15 746.25 13.11 89 0 0
00:16 746.25 13.11 89 0 0
00:17 746.25 13.11 89 0 0
00:18 746.25 13.06 89 0 0
00:19 746.25 13.06 90 0 0
00:20 746.25 13 89 0 0
00:21 746.25 13.06 90 0 0
00:22 746.25 13 90 0 0
00:23 746.25 13 90 0 0
00:24 746.25 13 90 0 0
00:25 746.25 13 89 0 0
00:26 746.25 12.94 89 0 0
00:27 746.25 12.94 89 0 0
00:28 746.25 12.89 89 0 0
00:29 746.25 12.89 90 0 0
00:30 746.25 12.94 90 0 0
00:31 746.25 12.94 90 0 0
00:32 746.25 12.94 90 0 0
00:33 746.25 12.94 90 0 0
00:34 746.25 12.94 90 0 0
00:35 746.25 12.94 90 0 0
00:36 746.51 12.94 90 0 0
00:37 746.25 12.94 90 0 0
00:38 746.51 12.94 90 0 0
00:39 746.51 12.94 90 0 0
00:40 746.51 12.94 90 0 0
00:41 746.51 12.89 90 0 0
00:42 746.51 12.89 90 0 0
00:43 746.25 12.83 90 0 0
00:44 746.25 12.89 90 0 0
00:45 746.51 12.83 90 0 0
00:46 746.51 12.83 90 0 0
00:47 746.51 12.83 90 0 0
00:48 746.51 12.78 90 0 0
00:49 746.51 12.78 90 0 0
00:50 746.51 12.72 89 0 0
00:51 746.51 12.67 89 0 0
00:52 746.51 12.61 89 0 0
00:53 746.51 12.61 89 0 0
00:54 746.51 12.56 89 0 0
00:55 746.51 12.5 89 0 0
00:56 746.51 12.5 90 0 0
00:57 746.51 12.44 90 0 0
00:58 746.51 12.44 90 0 0
00:59 746.51 12.44 90 0 0
01:00 746.51 12.44 90 0 0
01:01 746.51 12.44 90 0 0
01:02 746.51 12.44 90 0 0
01:03 746.51 12.44 90 0 0
01:04 746.51 12.44 90 0 0
01:05 746.51 12.44 90 0 0
01:06 746.51 12.39 90 0 0
01:07 746.51 12.39 90 0 0
01:08 746.51 12.33 90 0 0
01:09 746.51 12.33 90 0 0
01:10 746.51 12.33 90 0 0
01:11 746.51 12.28 90 0 0
01:12 746.51 12.28 90 0 0
01:13 746.51 12.28 90 0 0
01:14 746.51 12.28 90 0 0
01:15 746.51 12.28 90 0 0
01:16 746.51 12.28 91 0 0
01:17 746.51 12.22 91 0 0
01:18 746.51 12.17 91 0 0
01:19 746.51 12.17 91 0 0
01:20 746.51 12.11 91 0 0
01:21 746.51 12.17 91 0 0
01:22 746.51 12.11 91 0 0
01:23 746.51 12.06 91 0 0
01:24 746.51 12.06 91 0 0
01:25 746.51 12.06 91 0 0
01:26 746.51 12 91 0 0
01:27 746.51 12 91 0 0
01:28 746.51 12 91 0 0
01:29 746.51 11.94 91 0 0
01:30 746.51 11.94 91 0 0
01:31 746.51 11.94 91 0 0
01:32 746.51 11.94 91 0 0
01:33 746.51 11.94 91 0 0
01:34 746.51 11.89 91 0 0
01:35 746.51 11.94 91 0 0
01:36 746.51 11.94 91 0 0
01:37 746.51 11.94 91 0 0
01:38 746.51 11.89 91 0 0
01:39 746.51 11.89 91 0 0
01:40 746.51 11.89 92 0 0
01:41 746.51 11.89 92 0 0
01:42 746.51 11.94 92 0 0
01:43 746.51 11.94 92 0 0
01:44 746.51 11.94 92 0 0
01:45 746.51 12 92 0 0
01:46 746.51 12 92 0 0
01:47 746.51 12 92 0 0
01:48 746.51 12 92 0 0
01:49 746.51 12 91 0 0
01:50 746.51 12 91 0 0
01:51 746.51 11.94 91 0 0
01:52 746.51 11.94 91 0 0
01:53 746.51 11.94 91 0 0
01:54 746.51 11.94 91 0 0
01:55 746.51 11.94 91 0 0
01:56 746.51 11.94 91 0 0
01:57 746.51 11.94 92 0 0
01:58 746.51 11.94 92 0 0
01:59 746.51 11.94 92 0 0
02:00 746.51 11.94 92 0 0
02:01 746.51 11.94 91 0 0
02:02 746.51 11.94 91 0 0
02:03 746.51 11.89 91 0 0
02:04 746.51 11.89 91 0 0
02:05 746.51 11.89 91 0 0
02:06 746.51 11.89 92 0 0
02:07 746.51 11.89 92 0 0
02:08 746.51 11.94 92 0 0
02:09 746.51 11.94 92 0 0
02:10 746.51 12 92 0 0
02:11 746.51 12 92 0 0
02:12 746.51 12.06 92 0 0
02:13 746.51 12.06 92 0 0
02:14 746.51 12.11 92 0 0
02:15 746.51 12.11 92 0 0
02:16 746.51 12.11 92 0 0
02:17 746.51 12.17 92 0 0
02:18 746.51 12.17 92 0 0
02:19 746.51 12.11 91 0 0
02:20 746.51 12.11 91 0 0
02:21 746.51 12.06 91 0 0
02:22 746.51 12 91 0 0
02:23 746.51 12 91 0 0
02:24 746.51 11.94 91 0 0
02:25 746.51 11.94 91 0 0
02:26 746.51 11.94 91 0 0
02:27 746.51 11.89 91 0 0
02:28 746.51 11.89 91 0 0
02:29 746.51 11.89 91 0 0
02:30 746.51 11.83 91 0 0
02:31 746.51 11.83 91 0 0
02:32 746.51 11.78 91 0 0
02:33 746.51 11.78 91 0 0
02:34 746.51 11.78 91 0 0
02:35 746.51 11.78 91 0 0
02:36 746.51 11.78 91 0 0
02:37 746.51 11.72 91 0 0
02:38 746.51 11.72 91 0 0
02:39 746.51 11.72 91 0 0
02:40 746.51 11.72 91 0 0
02:41 746.51 11.67 91 0 0
02:42 746.51 11.72 91 0 0
02:43 746.51 11.67 92 0 0
02:44 746.51 11.67 92 0 0
02:45 746.51 11.67 92 0 0
02:46 746.51 11.72 92 0 0
02:47 746.51 11.67 92 0 0
02:48 746.51 11.72 92 0 0
02:49 746.51 11.72 92 0 0
02:50 746.51 11.72 92 0 0
02:51 746.51 11.72 92 0 0
02:52 746.51 11.72 92 0 0
02:53 746.51 11.72 92 0 0
02:54 746.51 11.72 92 0 0
02:55 746.51 11.72 92 0 0
02:56 746.51 11.67 92 0 0
02:57 746.51 11.67 91 0 0
02:58 746.51 11.67 91 0 0
02:59 746.51 11.67 91 0 0
03:00 746.51 11.61 91 0 0
03:01 746.51 11.61 91 0 0
03:02 746.51 11.61 91 0 0
03:03 746.51 11.56 91 0 0
03:04 746.51 11.56 92 0 0
03:05 746.51 11.56 92 0 0
03:06 746.51 11.56 92 0 0
03:07 746.51 11.56 92 0 0
03:08 746.51 11.56 92 0 0
03:09 746.51 11.56 92 0 0
03:10 746.51 11.56 92 0 0
03:11 746.51 11.56 92 0 0
03:12 746.51 11.56 92 0 0
03:13 746.51 11.56 92 0 0
03:14 746.51 11.56 92 0 0
03:15 746.51 11.56 92 0 0
03:16 746.51 11.56 92 0 0
03:17 746.51 11.56 92 0 0
03:18 746.51 11.61 92 0 0
03:19 746.51 11.61 92 0 0
03:20 746.51 11.61 92 0 0
03:21 746.51 11.67 92 0 0
03:22 746.51 11.67 92 0 0
03:23 746.51 11.67 92 0 0
03:24 746.51 11.67 92 0 0
03:25 746.51 11.72 92 0 0
03:26 746.51 11.67 92 0 0
03:27 746.51 11.67 92 0 0
03:28 746.51 11.72 92 0 0
03:29 746.51 11.67 92 0 0
03:30 746.51 11.67 92 0 0
03:31 746.51 11.67 92 0 0
03:32 746.51 11.72 92 0 0
03:33 746.51 11.72 92 0 0
03:34 746.51 11.72 92 0 0
03:35 746.51 11.72 92 0 0
03:36 746.51 11.72 92 0 0
03:37 746.51 11.72 92 0 0
03:38 746.51 11.72 92 0 0
03:39 746.51 11.72 92 0 0
03:40 746.51 11.72 92 0 0
03:41 746.51 11.72 92 0 0
03:42 746.51 11.67 92 0 0
03:43 746.51 11.72 92 0 0
03:44 746.51 11.72 92 0 0
03:45 746.51 11.72 92 0 0
03:46 746.51 11.67 91 0 0
03:47 746.51 11.67 91 0 0
03:48 746.51 11.67 91 0 0
03:49 746.51 11.67 91 0 0
03:50 746.51 11.67 91 0 0
03:51 746.51 11.61 91 0 0
03:52 746.51 11.56 91 0 0
03:53 746.51 11.56 91 0 0
03:54 746.51 11.5 91 0 0
03:55 746.51 11.5 91 0 0
03:56 746.51 11.5 91 0 0
03:57 746.51 11.44 91 0 0
03:58 746.51 11.39 91 0 0
03:59 746.51 11.39 91 0 0
04:00 746.51 11.33 91 0 0
04:01 746.51 11.33 91 0 0
04:02 746.51 11.28 91 0 0
04:03 746.51 11.28 91 0 0
04:04 746.51 11.28 92 0 0
04:05 746.51 11.28 92 0 0
04:06 746.51 11.22 92 0 0
04:07 746.51 11.28 92 0 0
04:08 746.51 11.28 92 0 0
04:09 746.51 11.28 92 0 0
04:10 746.51 11.33 92 0 0
04:11 746.51 11.33 93 0 0
04:12 746.51 11.33 93 0 0
04:13 746.51 11.33 93 0 0
04:14 746.51 11.33 92 0 0
04:15 746.51 11.33 92 0 0
04:16 746.51 11.33 92 0 0
04:17 746.51 11.28 92 .45 0
04:18 746.51 11.28 92 0 0
04:19 746.51 11.28 92 0 0
04:20 746.51 11.22 92 0 0
04:21 746.51 11.17 92 0 0
04:22 746.51 11.17 92 0 0
04:23 746.51 11.17 92 0 0
04:24 746.51 11.17 93 0 0
04:25 746.51 11.22 93 0 0
04:26 746.51 11.28 93 0 0
04:27 746.51 11.33 93 .45 0
04:28 746.51 11.39 94 0 0
04:29 746.51 11.39 94 0 0
04:30 746.51 11.44 94 0 0
04:31 746.51 11.56 94 0 0
04:32 746.51 11.56 94 0 0
04:33 746.51 11.61 94 0 0
04:34 746.51 11.67 94 0 0
04:35 746.51 11.67 94 0 0
04:36 746.51 11.67 94 0 0
04:37 746.51 11.72 94 0 0
04:38 746.51 11.72 94 0 0
04:39 746.51 11.78 94 0 0
04:40 746.51 11.78 94 0 0
04:41 746.51 11.83 94 0 0
04:42 746.51 11.83 94 0 0
04:43 746.51 11.89 94 0 0
04:44 746.51 11.89 94 0 0
04:45 746.51 11.89 94 0 0
04:46 746.51 11.89 94 0 0
04:47 746.51 11.89 94 0 0
04:48 746.51 11.94 94 0 0
04:49 746.51 11.94 94 0 0
04:50 746.51 11.94 94 0 0
04:51 746.51 11.94 94 0 0
04:52 746.51 11.94 94 0 0
04:53 746.51 11.89 94 .45 0
04:54 746.51 11.89 94 .45 0
04:55 746.51 11.89 94 .89 0
04:56 746.51 11.89 94 .89 0
04:57 746.51 11.89 94 .45 0
04:58 746.51 11.89 94 .45 0
04:59 746.51 11.83 94 .89 0
05:00 746.51 11.83 94 .45 0
05:01 746.51 11.83 93 .45 0
05:02 746.51 11.83 93 .45 0
05:03 746.51 11.83 93 .45 0
05:04 746.51 11.78 93 .45 0
05:05 746.51 11.78 93 0 0
05:06 746.51 11.78 93 0 0
05:07 746.51 11.72 93 0 0
05:08 746.51 11.72 93 0 0
05:09 746.51 11.67 93 0 0
05:10 746.51 11.67 93 0 0
05:11 746.51 11.67 93 0 0
05:12 746.51 11.67 93 0 0
05:13 746.51 11.67 93 0 0
05:14 746.51 11.61 93 0 0
05:15 746.51 11.67 93 0 0
05:16 746.51 11.72 94 0 0
05:17 746.51 11.72 94 0 0
05:18 746.51 11.78 94 0 0
05:19 746.51 11.83 94 0 0
05:20 746.51 11.89 94 0 0
05:21 746.51 11.94 94 0 0
05:22 746.51 12 94 0 0
05:23 746.51 12 94 0 0
05:24 746.51 12.06 94 0 0
05:25 746.51 12.11 94 0 0
05:26 746.51 12.17 94 0 0
05:27 746.51 12.17 94 0 0
05:28 746.51 12.28 94 0 0
05:29 746.51 12.28 94 0 0
05:30 746.51 12.28 94 0 0
05:31 746.51 12.33 94 0 0
05:32 746.51 12.33 94 0 0
05:33 746.51 12.39 94 0 0
05:34 746.76 12.44 94 0 0
05:35 746.76 12.5 94 0 0
05:36 746.51 12.5 94 0 0
05:37 746.76 12.5 94 0 0
05:38 746.51 12.56 93 0 0
05:39 746.51 12.5 93 0 0
05:40 746.51 12.56 93 0 0
05:41 746.51 12.56 93 0 0
05:42 746.76 12.61 93 0 0
05:43 746.51 12.67 94 0 0
05:44 746.51 12.67 94 0 0
05:45 746.51 12.72 94 0 0
05:46 746.76 12.78 94 0 0
05:47 746.76 12.83 94 0 0
05:48 746.76 12.89 93 0 0
05:49 746.51 12.89 93 0 0
05:50 746.76 12.94 93 0 0
05:51 746.76 13 94 0 0
05:52 746.51 13.17 94 0 0
05:53 746.76 13.28 94 0 0
05:54 746.76 13.44 94 0 0
05:55 746.76 13.56 94 0 0
05:56 746.76 13.67 93 0 0
05:57 746.76 13.72 93 0 0
05:58 746.76 13.78 93 0 0
05:59 746.76 13.89 92 0 0
06:00 746.76 14 92 0 0
06:01 746.76 14.11 92 0 0
06:02 746.76 14.22 91 0 0
06:03 746.76 14.33 91 0 0
06:04 746.76 14.39 91 0 0
06:05 746.76 14.44 90 0 0
06:06 746.76 14.61 90 0 0
06:07 746.76 14.72 89 0 0
06:08 746.76 14.83 89 0 0
06:09 746.76 14.94 88 0 0
06:10 746.76 15.06 88 0 0
06:11 746.76 15.17 87 0 0
06:12 746.76 15.28 87 0 0
06:13 746.76 15.39 86 0 0
06:14 746.76 15.44 85 0 0
06:15 746.76 15.5 85 0 0
06:16 746.76 15.56 85 0 0
06:17 746.76 15.56 85 0 0
06:18 746.76 15.61 84 0 0
06:19 746.76 15.67 84 0 0
06:20 746.76 15.72 84 0 0
06:21 746.76 15.72 83 0 0
06:22 746.76 15.78 83 0 0
06:23 746.76 15.78 83 0 0
06:24 746.76 15.78 83 0 0
06:25 746.76 15.83 83 0 0
06:26 746.76 15.83 83 0 0
06:27 746.76 15.83 83 0 0
06:28 746.76 15.83 82 0 0
06:29 746.76 15.89 82 0 0
06:30 746.76 15.89 82 0 0
06:31 746.76 15.94 83 0 0
06:32 746.76 15.94 83 0 0
06:33 746.76 15.94 83 0 0
06:34 746.76 16 83 0 0
06:35 746.76 16 83 0 0
06:36 746.76 16.06 83 0 0
06:37 746.76 16.06 83 0 0
06:38 746.76 16.06 83 0 0
06:39 746.76 16.11 83 0 0
06:40 746.76 16.17 83 0 0
06:41 746.76 16.17 83 0 0
06:42 746.76 16.22 83 0 0
06:43 746.76 16.22 83 0 0
06:44 746.76 16.28 83 0 0
06:45 746.76 16.33 83 0 0
06:46 746.76 16.33 83 0 0
06:47 746.76 16.44 83 0 0
06:48 746.76 16.44 83 0 0
06:49 746.76 16.5 83 0 0
06:50 746.76 16.56 83 0 0
06:51 746.76 16.61 83 0 0
06:52 746.76 16.61 83 0 0
06:53 746.76 16.67 83 0 0
06:54 746.76 16.72 84 0 0
06:55 746.76 16.72 84 0 0
06:56 746.76 16.78 84 0 0
06:57 746.76 16.83 83 0 0
06:58 746.76 16.89 83 0 0
06:59 746.76 16.94 83 0 0
07:00 746.76 17 83 0 0
07:01 746.76 17.06 83 0 0
07:02 746.76 17.11 83 0 0
07:03 746.76 17.17 83 0 0
07:04 746.76 17.22 83 0 0
07:05 746.76 17.28 82 .45 0
07:06 746.76 17.33 82 .89 0
07:07 746.76 17.33 82 .89 0
07:08 746.76 17.39 81 1.34 0
07:09 746.76 17.44 80 1.34 0
07:10 746.76 17.5 79 1.34 0
07:11 746.76 17.56 79 .89 0
07:12 746.76 17.61 79 .89 0
07:13 746.76 17.67 78 .45 0
07:14 746.76 17.72 78 .89 0
07:15 746.76 17.78 78 .45 0
07:16 746.76 17.89 78 1.79 0
07:17 747.01 17.89 78 1.34 0
07:18 746.76 17.94 78 .89 0
07:19 746.76 18 78 1.34 0
07:20 746.76 18.06 77 .45 0
07:21 746.76 18.06 77 .45 0
07:22 747.01 18.11 77 .45 0
07:23 746.76 18.17 78 .89 0
07:24 747.01 18.22 78 1.34 0
07:25 746.76 18.22 77 1.34 0
07:26 747.01 18.28 77 1.79 0
07:27 746.76 18.28 77 1.79 0
07:28 746.76 18.33 77 2.24 0
07:29 747.01 18.33 76 1.79 0
07:30 747.01 18.33 77 1.34 0
07:31 747.01 18.39 77 2.24 0
07:32 746.76 18.44 77 1.34 0
07:33 747.01 18.44 76 2.24 0
07:34 746.76 18.5 76 1.79 0
07:35 747.01 18.56 76 1.34 0
07:36 747.01 18.61 76 2.24 0
07:37 747.01 18.61 76 1.34 0
07:38 747.01 18.67 77 1.79 0
07:39 747.01 18.67 77 1.34 0
07:40 747.01 18.72 75 1.34 0
07:41 747.01 18.78 75 1.79 0
07:42 747.01 18.83 75 1.79 0
07:43 747.01 18.83 75 1.34 0
07:44 746.76 18.94 75 .45 0
07:45 746.76 18.94 75 .45 0
07:46 746.76 19 75 1.79 0
07:47 746.76 19.06 75 1.79 0
07:48 746.76 19.11 75 .89 0
07:49 746.76 19.11 75 .45 0
07:50 746.76 19.22 75 1.34 0
07:51 746.76 19.22 75 .45 0
07:52 746.76 19.28 74 1.34 0
07:53 746.76 19.33 74 1.79 0
07:54 746.76 19.39 73 1.79 0
07:55 746.76 19.44 74 1.34 0
07:56 746.76 19.5 73 1.34 0
07:57 746.76 19.5 73 .89 0
07:58 746.76 19.56 73 1.79 0
07:59 746.76 19.61 73 .89 0
08:00 746.76 19.67 73 .89 0
08:01 746.76 19.67 73 1.34 0
08:02 746.76 19.72 72 1.34 0
08:03 746.76 19.78 72 .45 0
08:04 746.76 19.83 72 .89 0
08:05 746.76 19.89 72 .45 0
08:06 746.76 19.94 72 .89 0
08:07 746.76 20 71 .89 0
08:08 746.76 20.06 70 1.34 0
08:09 746.76 20.11 69 2.24 0
08:10 746.76 20.17 70 1.79 0
08:11 746.76 20.22 69 1.79 0
08:12 746.76 20.28 69 2.24 0
08:13 747.01 20.28 69 1.79 0
08:14 747.01 20.28 69 2.24 0
08:15 747.01 20.33 69 1.34 0
08:16 747.01 20.33 69 2.24 0
08:17 747.01 20.44 69 2.24 0
08:18 747.01 20.44 68 2.68 0
08:19 747.01 20.44 68 1.34 0
08:20 747.01 20.56 68 3.58 0
08:21 747.01 20.56 68 2.24 0
08:22 747.01 20.61 69 1.34 0
08:23 747.01 20.67 68 1.34 0
08:24 747.01 20.67 67 .89 0
08:25 747.01 20.67 68 2.24 0
08:26 747.01 20.78 67 2.24 0
08:27 747.01 20.78 67 1.79 0
08:28 747.01 20.78 67 1.34 0
08:29 747.01 20.83 67 1.34 0
08:30 747.01 20.83 66 1.79 0
08:31 747.01 20.89 66 3.13 0
08:32 747.01 20.89 66 2.68 0
08:33 747.01 20.94 66 2.24 0
08:34 747.01 21 66 2.24 0
08:35 747.01 21 65 1.79 0
08:36 747.01 21.06 65 3.58 0
08:37 747.01 21.11 65 4.02 0
08:38 747.01 21.11 65 3.13 0
08:39 747.01 21.17 65 1.79 0
08:40 747.01 21.17 65 .89 0
08:41 747.01 21.17 66 .89 0
08:42 747.01 21.28 66 .89 0
08:43 747.01 21.33 65 1.34 0
08:44 747.01 21.33 65 1.79 0
08:45 747.01 21.39 64 1.79 0
08:46 747.01 21.44 64 1.79 0
08:47 747.01 21.44 65 2.24 0
08:48 747.01 21.44 65 1.79 0
08:49 747.01 21.44 64 1.34 0
08:50 747.01 21.44 64 1.79 0
08:51 747.01 21.5 65 1.79 0
08:52 747.01 21.56 66 .89 0
08:53 747.01 21.61 66 1.79 0
08:54 747.01 21.61 64 2.68 0
08:55 747.01 21.67 62 2.24 0
08:56 747.01 21.67 62 2.24 0
08:57 746.76 21.72 63 2.68 0
08:58 747.01 21.72 62 1.79 0
08:59 746.76 21.78 62 .89 0
09:00 746.76 21.78 63 3.13 0
09:01 746.76 21.78 61 1.79 0
09:02 747.01 21.83 61 1.79 0
09:03 746.76 21.83 62 .89 0
09:04 747.01 21.89 62 1.79 0
09:05 747.01 21.89 62 2.68 0
09:06 747.01 21.94 62 3.13 0
09:07 747.01 22 61 1.34 0
09:08 747.01 22 61 3.13 0
09:09 747.01 22.06 61 1.79 0
09:10 747.01 22.06 61 3.13 0
09:11 747.01 22.06 60 1.34 0
09:12 747.01 22.06 60 1.34 0
09:13 747.01 22.06 60 1.34 0
09:14 747.01 22.11 61 1.79 0
09:15 747.01 22.17 61 3.13 0
09:16 747.01 22.22 60 2.24 0
09:17 747.01 22.28 60 1.34 0
09:18 747.01 22.33 60 1.79 0
09:19 747.01 22.39 60 1.79 0
09:20 747.01 22.44 61 1.34 0
09:21 747.01 22.44 59 1.34 0
09:22 747.01 22.5 59 1.34 0
09:23 747.01 22.56 60 2.24 0
09:24 747.01 22.56 59 1.79 0
09:25 747.01 22.56 59 .89 0
09:26 747.01 22.56 60 2.68 0
09:27 747.01 22.56 60 1.79 0
09:28 747.01 22.61 60 1.34 0
09:29 747.01 22.61 60 .45 0
09:30 747.01 22.67 60 .89 0
09:31 747.01 22.72 61 2.68 0
09:32 747.01 22.78 58 1.79 0
09:33 747.01 22.78 58 .89 0
09:34 747.01 22.83 58 2.68 0
09:35 747.01 22.78 58 2.68 0
09:36 747.01 22.78 57 2.68 0
09:37 747.01 22.78 59 1.79 0
09:38 747.01 22.78 57 3.58 0
09:39 747.01 22.78 58 2.68 0
09:40 747.01 22.78 59 3.58 0
09:41 747.01 22.72 58 2.68 0
09:42 747.01 22.67 58 1.79 0
09:43 747.01 22.67 58 .89 0
09:44 747.01 22.78 58 1.79 0
09:45 747.01 22.78 59 2.68 0
09:46 747.01 22.78 58 3.58 0
09:47 747.01 22.78 56 1.34 0
09:48 747.01 22.78 56 2.24 0
09:49 747.01 22.78 56 2.24 0
09:50 747.01 22.83 57 2.24 0
09:51 747.01 22.83 56 3.58 0
09:52 747.01 22.83 55 1.79 0
09:53 747.01 22.83 56 1.79 0
09:54 747.01 22.83 56 2.68 0
09:55 747.01 22.89 56 1.79 0
09:56 747.01 22.94 57 1.79 0
09:57 747.01 22.94 57 3.58 0
09:58 747.01 23 56 2.24 0
09:59 747.01 23 56 1.79 0
10:00 747.01 23.06 56 1.34 0
10:01 747.01 23.06 56 1.34 0
10:02 747.01 23.06 57 .89 0
10:03 747.01 23.11 56 3.58 0
10:04 747.01 23.11 55 1.34 0
10:05 747.01 23.11 56 2.24 0
10:06 747.01 23.17 57 4.02 0
10:07 747.01 23.17 55 1.79 0
10:08 747.01 23.22 56 1.34 0
10:09 747.01 23.22 55 2.24 0
10:10 747.01 23.28 55 1.34 0
10:11 747.01 23.22 55 .89 0
10:12 747.01 23.28 55 1.79 0
10:13 747.01 23.22 54 1.79 0
10:14 747.01 23.22 54 2.24 0
10:15 747.01 23.22 54 1.34 0
10:16 747.01 23.22 56 1.79 0
10:17 747.01 23.28 54 2.24 0
10:18 747.01 23.28 55 .89 0
10:19 747.01 23.33 54 1.79 0
10:20 747.01 23.39 54 1.34 0
10:21 747.01 23.39 53 2.24 0
10:22 746.76 23.39 53 1.34 0
10:23 747.01 23.39 54 .89 0
10:24 747.01 23.44 55 1.34 0
10:25 747.01 23.44 54 2.24 0
10:26 747.01 23.5 54 1.34 0
10:27 747.01 23.5 54 .45 0
10:28 747.01 23.56 54 0 0
10:29 747.01 23.61 54 0 0
10:30 746.76 23.67 55 .45 0
10:31 746.76 23.83 53 3.13 0
10:32 746.76 23.89 54 1.34 0
10:33 747.01 24.06 53 1.79 0
10:34 747.01 24.17 53 1.34 0
10:35 746.76 24.22 53 1.79 0
10:36 746.76 24.33 52 1.79 0
10:37 747.01 24.33 53 2.68 0
10:38 746.76 24.39 52 4.02 0
10:39 747.01 24.28 51 1.79 0
10:40 746.76 24.22 51 1.34 0
10:41 746.76 24.17 51 2.24 0
10:42 746.76 24.06 49 1.34 0
10:43 746.76 24.06 50 .89 0
10:44 746.76 24.06 52 .45 0
10:45 746.76 24.06 51 0 0
10:46 746.76 24.11 50 1.79 0
10:47 746.76 24.17 49 .89 0
10:48 746.76 24.28 51 .45 0
10:49 746.76 24.33 51 0 0
10:50 746.76 24.39 52 0 0
10:51 746.76 24.5 50 1.79 0
10:52 746.76 24.44 50 2.24 0
10:53 746.76 24.44 51 1.34 0
10:54 746.76 24.39 51 2.68 0
10:55 746.76 24.39 50 1.34 0
10:56 746.76 24.33 51 1.79 0
10:57 746.76 24.28 51 1.79 0
10:58 746.76 24.22 51 1.79 0
10:59 746.76 24.22 52 1.79 0
11:00 746.76 24.17 52 3.13 0
11:01 746.76 24.17 52 1.79 0
11:02 747.01 24.17 52 1.79 0
11:03 747.01 24.11 51 .45 0
11:04 746.76 24.11 51 .45 0
11:05 746.76 24.11 51 1.34 0
11:06 747.01 24.17 53 1.79 0
11:07 747.01 24.17 51 .89 0
11:08 747.01 24.17 52 3.58 0
11:09 746.76 24.17 51 1.79 0
11:10 746.76 24.17 52 2.24 0
11:11 746.76 24.28 52 1.79 0
11:12 746.76 24.33 52 2.24 0
11:13 746.76 24.33 52 .89 0
11:14 746.76 24.33 52 1.79 0
11:15 746.76 24.33 53 1.79 0
11:16 746.76 24.39 53 3.13 0
11:17 746.76 24.39 51 2.24 0
11:18 746.76 24.39 52 .45 0
11:19 746.76 24.33 51 1.34 0
11:20 746.76 24.39 52 1.34 0
11:21 746.76 24.39 52 2.24 0
11:22 746.76 24.33 51 2.68 0
11:23 746.76 24.28 51 1.34 0
11:24 746.76 24.28 51 0 0
11:25 746.76 24.28 51 1.79 0
11:26 746.76 24.28 52 .45 0
11:27 746.76 24.33 52 2.68 0
11:28 746.76 24.39 52 1.34 0
11:29 746.76 24.44 51 1.34 0
11:30 746.76 24.56 52 5.36 0
11:31 746.76 24.5 51 5.36 0
11:32 746.76 24.39 50 4.92 0
11:33 746.76 24.33 51 1.79 0
11:34 746.76 24.33 52 1.79 0
11:35 746.76 24.28 52 2.68 0
11:36 746.76 24.28 53 4.02 0
11:37 746.76 24.33 52 2.68 0
11:38 746.76 24.33 52 4.47 0
11:39 746.76 24.33 51 2.68 0
11:40 746.76 24.33 52 .89 0
11:41 746.76 24.39 53 1.34 0
11:42 746.76 24.44 53 2.24 0
11:43 746.76 24.44 53 1.79 0
11:44 746.76 24.56 52 2.24 0
11:45 746.76 24.67 51 1.79 0
11:46 746.76 24.72 52 4.02 0
11:47 746.76 24.72 50 1.79 0
11:48 746.51 24.72 50 3.58 0
11:49 746.76 24.67 50 4.02 0
11:50 746.76 24.56 49 1.34 0
11:51 746.76 24.56 51 3.13 0
11:52 746.76 24.56 49 2.24 0
11:53 746.76 24.5 49 1.34 0
11:54 746.76 24.5 51 3.58 0
11:55 746.76 24.5 51 2.24 0
11:56 746.51 24.5 51 1.34 0
11:57 746.76 24.5 50 1.34 0
11:58 746.76 24.5 51 .89 0
11:59 746.76 24.56 51 1.34 0
12:00 746.51 24.61 51 1.79 0
12:01 746.51 24.67 51 1.79 0
12:02 746.51 24.67 50 .89 0
12:03 746.51 24.72 51 1.79 0
12:04 746.51 24.83 50 1.34 0
12:05 746.51 24.94 50 .89 0
12:06 746.51 24.94 50 .89 0
12:07 746.51 25.06 51 2.24 0
12:08 746.51 25.11 51 1.34 0
12:09 746.51 25.17 50 1.79 0
12:10 746.51 25.22 50 3.13 0
12:11 746.51 25.22 49 1.79 0
12:12 746.51 25.22 49 1.34 0
12:13 746.51 25.22 49 .45 0
12:14 746.51 25.28 51 1.79 0
12:15 746.76 25.33 50 2.68 0
12:16 746.51 25.44 49 4.47 0
12:17 746.51 25.5 48 4.92 0
12:18 746.51 25.39 47 3.13 0
12:19 746.51 25.33 47 1.79 0
12:20 746.51 25.33 47 1.79 0
12:21 746.51 25.33 49 1.34 0
12:22 746.51 25.33 48 .89 0
12:23 746.51 25.28 49 2.24 0
12:24 746.51 25.28 49 .45 0
12:25 746.51 25.33 48 .89 0
12:26 746.51 25.33 50 3.13 0
12:27 746.51 25.39 48 1.79 0
12:28 746.51 25.44 48 4.02 0
12:29 746.51 25.44 48 1.79 0
12:30 746.51 25.44 47 1.79 0
12:31 746.51 25.5 48 4.02 0
12:32 746.51 25.5 47 1.79 0
12:33 746.51 25.5 48 3.13 0
12:34 746.51 25.56 48 1.79 0
12:35 746.51 25.56 48 .89 0
12:36 746.51 25.61 48 3.13 0
12:37 746.51 25.67 47 1.79 0
12:38 746.51 25.78 46 3.58 0
12:39 746.51 25.83 46 4.02 0
12:40 746.51 25.78 45 4.47 0
12:41 746.51 25.67 45 2.24 0
12:42 746.51 25.61 47 3.13 0
12:43 746.51 25.61 46 5.36 0
12:44 746.51 25.67 47 4.92 0
12:45 746.51 25.56 46 4.47 0
12:46 746.51 25.5 47 .89 0
12:47 746.51 25.56 48 3.13 0
12:48 746.51 25.56 47 .89 0
12:49 746.51 25.56 46 .45 0
12:50 746.51 25.56 48 1.34 0
12:51 746.51 25.67 47 1.79 0
12:52 746.51 25.67 46 1.34 0
12:53 746.51 25.72 46 2.68 0
12:54 746.51 25.78 47 1.79 0
12:55 746.51 25.89 46 2.24 0
12:56 746.51 26 47 4.02 0
12:57 746.51 26.06 46 3.13 0
12:58 746.51 26.06 46 1.79 0
12:59 746.51 26 46 3.58 0
13:00 746.51 26 47 1.34 0
13:01 746.51 26 48 2.24 0
13:02 746.51 26.06 46 2.24 0
13:03 746.51 26.11 47 1.79 0
13:04 746.51 26.17 46 2.68 0
13:05 746.51 26.22 45 .89 0
13:06 746.51 26.28 46 1.34 0
13:07 746.51 26.28 47 1.79 0
13:08 746.51 26.28 46 5.36 0
13:09 746.51 26.22 45 3.58 0
13:10 746.51 26.17 46 3.58 0
13:11 746.51 26.06 46 3.13 0
13:12 746.51 26 47 4.47 0
13:13 746.51 25.94 46 1.34 0
13:14 746.51 25.94 47 1.79 0
13:15 746.51 25.89 46 1.79 0
13:16 746.51 25.89 47 4.47 0
13:17 746.51 25.83 45 3.58 0
13:18 746.51 25.78 45 2.24 0
13:19 746.51 25.72 45 1.34 0
13:20 746.51 25.72 46 2.24 0
13:21 746.51 25.72 46 .89 0
13:22 746.51 25.72 47 2.68 0
13:23 746.51 25.78 47 .45 0
13:24 746.51 25.83 46 3.13 0
13:25 746.51 25.83 46 2.68 0
13:26 746.51 25.83 47 2.68 0
13:27 746.51 25.78 47 .89 0
13:28 746.51 25.72 47 1.79 0
13:29 746.51 25.67 47 3.58 0
13:30 746.51 25.56 47 2.24 0
13:31 746.51 25.5 47 1.79 0
13:32 746.25 25.5 48 4.92 0
13:33 746.51 25.44 47 1.79 0
13:34 746.25 25.44 46 4.02 0
13:35 746.25 25.5 47 2.24 0
13:36 746.25 25.5 47 2.24 0
13:37 746.51 25.5 47 1.79 0
13:38 746.25 25.56 48 2.24 0
13:39 746.25 25.5 47 2.68 0
13:40 746.51 25.44 46 2.68 0
13:41 746.25 25.44 46 2.68 0
13:42 746.25 25.44 46 1.34 0
13:43 746.25 25.39 47 1.34 0
13:44 746.25 25.39 48 1.79 0
13:45 746.25 25.44 48 .89 0
13:46 746.25 25.44 48 1.79 0
13:47 746.25 25.44 48 2.24 0
13:48 746.25 25.44 47 2.68 0
13:49 746.25 25.44 49 1.34 0
13:50 746.25 25.33 47 2.68 0
13:51 746.25 25.28 46 3.58 0
13:52 746.25 25.22 46 2.24 0
13:53 746.25 25.11 47 3.58 0
13:54 746.25 25.06 47 2.68 0
13:55 746.25 25.06 47 4.02 0
13:56 746.25 25.06 48 3.13 0
13:57 746.25 25.11 48 2.24 0
13:58 746.25 25.17 49 4.47 0
13:59 746.25 25.22 48 2.24 0
14:00 746.25 25.28 48 3.58 0
14:01 746.25 25.28 47 4.02 0
14:02 746 25.39 47 3.58 0
14:03 746.25 25.39 47 4.02 0
14:04 746 25.39 46 1.79 0
14:05 746 25.44 47 .45 0
14:06 746 25.5 47 .45 0
14:07 746 25.56 46 2.24 0
14:08 746 25.61 47 .45 0
14:09 746 25.67 48 2.68 0
14:10 746 25.72 46 4.02 0
14:11 746 25.78 46 4.02 0
14:12 746 25.89 46 4.02 0
14:13 746 26.06 46 2.24 0
14:14 746 26.17 45 4.02 0
14:15 746 26.22 44 2.24 0
14:16 746 26.28 45 2.24 0
14:17 746 26.33 43 4.92 0
14:18 746 26.5 42 3.58 0
14:19 746 26.61 42 3.13 0
14:20 746 26.67 41 4.92 0
14:21 746 26.72 40 3.58 0
14:22 746 26.72 41 1.34 0
14:23 746 26.72 42 5.81 0
14:24 746 26.67 42 1.79 0
14:25 746 26.67 42 2.68 0
14:26 746 26.61 42 3.58 0
14:27 746 26.61 41 1.79 0
14:28 746 26.61 42 2.24 0
14:29 746 26.56 43 2.24 0
14:30 746 26.5 43 4.02 0
14:31 746 26.44 41 3.58 0
14:32 746 26.39 43 2.68 0
14:33 746 26.39 42 4.02 0
14:34 746 26.39 41 4.47 0
14:35 746 26.44 40 4.02 0
14:36 746 26.5 40 6.26 0
14:37 746 26.44 40 3.58 0
14:38 746 26.39 40 4.02 0
14:39 746 26.44 41 3.13 0
14:40 746 26.39 41 3.58 0
14:41 746 26.44 41 1.79 0
14:42 745.74 26.44 41 3.58 0
14:43 745.74 26.5 41 1.79 0
14:44 745.74 26.56 41 1.79 0
14:45 745.74 26.67 41 .89 0
14:46 745.74 26.78 42 2.68 0
14:47 746 26.78 42 2.68 0
14:48 745.74 26.78 42 .89 0
14:49 746 26.83 43 1.34 0
14:50 746 26.78 42 4.02 0
14:51 746 26.78 43 3.13 0
14:52 745.74 26.78 42 2.68 0
14:53 746 26.72 42 4.02 0
14:54 746 26.72 44 2.68 0
14:55 745.74 26.67 42 .45 0
14:56 745.74 26.67 41 4.47 0
14:57 745.74 26.67 40 1.79 0
14:58 745.74 26.61 39 2.24 0
14:59 745.74 26.61 40 3.58 0
15:00 745.74 26.61 40 4.02 0
15:01 745.74 26.61 41 3.58 0
15:02 745.74 26.72 40 1.34 0
15:03 745.74 26.78 42 2.24 0
15:04 745.74 26.83 41 4.02 0
15:05 745.74 26.78 40 4.92 0
15:06 745.74 26.72 41 1.34 0
15:07 745.74 26.72 41 1.79 0
15:08 745.74 26.72 40 3.13 0
15:09 745.74 26.72 39 2.24 0
15:10 745.74 26.67 40 2.24 0
15:11 745.74 26.67 42 3.58 0
15:12 745.74 26.61 42 2.68 0
15:13 745.74 26.56 42 5.81 0
15:14 745.74 26.5 40 2.24 0
15:15 745.74 26.39 41 1.79 0
15:16 745.74 26.39 41 .45 0
15:17 745.49 26.44 41 1.79 0
15:18 745.49 26.44 41 1.79 0
15:19 745.49 26.44 42 .89 0
15:20 745.49 26.44 41 1.79 0
15:21 745.49 26.5 42 4.92 0
15:22 745.49 26.5 41 3.58 0
15:23 745.49 26.44 41 4.47 0
15:24 745.49 26.44 42 3.13 0
15:25 745.74 26.5 43 4.02 0
15:26 745.74 26.5 42 4.47 0
15:27 745.49 26.56 42 4.47 0
15:28 745.49 26.56 42 2.68 0
15:29 745.49 26.56 42 1.79 0
15:30 745.49 26.61 41 4.02 0
15:31 745.74 26.61 43 5.36 0
15:32 745.49 26.61 41 1.79 0
15:33 745.49 26.61 41 2.68 0
15:34 745.49 26.56 42 .45 0
15:35 745.49 26.61 42 3.13 0
15:36 745.49 26.72 40 1.79 0
15:37 745.49 26.78 42 4.02 0
15:38 745.49 26.83 40 .89 0
15:39 745.49 26.94 41 .45 0
15:40 745.49 27 41 3.58 0
15:41 745.49 27.06 40 1.79 0
15:42 745.49 27.06 41 3.58 0
15:43 745.49 27.06 41 1.34 0
15:44 745.49 27.06 42 .89 0
15:45 745.49 27.11 43 2.24 0
15:46 745.49 27.17 42 1.34 0
15:47 745.49 27.17 41 3.13 0
15:48 745.49 27.22 41 3.58 0
15:49 745.49 27.11 41 2.24 0
15:50 745.49 27.06 42 1.34 0
15:51 745.49 27 42 .89 0
15:52 745.49 27.06 42 .89 0
15:53 745.49 27.11 41 3.58 0
15:54 745.49 27.17 41 1.79 0
15:55 745.49 27.22 42 3.58 0
15:56 745.49 27.28 42 4.47 0
15:57 745.49 27.17 41 4.47 0
15:58 745.49 27.06 41 2.68 0
15:59 745.49 27 41 4.02 0
16:00 745.49 26.89 41 1.79 0
16:01 745.49 26.89 42 2.68 0
16:02 745.49 26.94 43 3.58 0
16:03 745.49 26.94 43 3.58 0
16:04 745.74 26.94 43 1.34 0
16:05 745.49 26.94 42 1.34 0
16:06 745.49 26.94 42 .89 0
16:07 745.49 27.06 42 2.24 0
16:08 745.49 27.11 42 4.92 0
16:09 745.49 27.17 42 2.24 0
16:10 745.49 27.17 41 .89 0
16:11 745.49 27.22 42 2.24 0
16:12 745.49 27.22 42 4.47 0
16:13 745.49 27.11 40 3.58 0
16:14 745.49 27.06 40 3.13 0
16:15 745.49 27 41 .89 0
16:16 745.49 27.06 41 4.02 0
16:17 745.49 27.06 40 4.02 0
16:18 745.49 27.06 40 1.79 0
16:19 745.49 27.06 40 .89 0
16:20 745.49 27.11 41 .89 0
16:21 745.49 27.17 42 1.79 0
16:22 745.49 27.22 42 1.34 0
16:23 745.49 27.33 42 .89 0
16:24 745.49 27.39 43 1.79 0
16:25 745.49 27.5 43 2.24 0
16:26 745.49 27.56 41 3.58 0
16:27 745.49 27.56 40 1.34 0
16:28 745.49 27.5 41 2.24 0
16:29 745.49 27.5 41 2.24 0
16:30 745.49 27.44 41 4.92 0
16:31 745.49 27.28 40 3.58 0
16:32 745.49 27.17 41 2.68 0
16:33 745.49 27.11 41 4.02 0
16:34 745.49 27 41 4.02 0
16:35 745.49 26.94 40 4.02 0
16:36 745.49 26.89 40 1.79 0
16:37 745.49 26.83 41 3.13 0
16:38 745.49 26.83 41 3.58 0
16:39 745.49 26.83 40 2.24 0
16:40 745.49 26.83 41 4.47 0
16:41 745.49 26.89 41 2.24 0
16:42 745.49 26.89 41 1.34 0
16:43 745.49 26.94 41 1.79 0
16:44 745.49 27 41 .89 0
16:45 745.49 27.06 42 3.13 0
16:46 745.49 27.11 42 3.13 0
16:47 745.49 27.17 41 4.02 0
16:48 745.49 27.17 41 2.68 0
16:49 745.24 27.22 40 4.02 0
16:50 745.49 27.22 40 4.92 0
16:51 745.49 27.22 39 4.92 0
16:52 745.24 27.17 40 1.79 0
16:53 745.49 27.11 41 3.58 0
16:54 745.24 27.11 41 4.47 0
16:55 745.49 27.11 40 3.13 0
16:56 745.24 27.06 41 2.68 0
16:57 745.24 27.11 40 .45 0
16:58 745.24 27.11 40 5.36 0
16:59 745.24 27.11 41 5.36 0
17:00 745.24 27.06 40 3.13 0
17:01 745.24 27.06 41 1.79 0
17:02 745.24 27.11 42 2.24 0
17:03 745.24 27.17 40 2.24 0
17:04 745.24 27.17 39 4.02 0
17:05 745.24 27.06 39 3.13 0
17:06 745.24 27.06 39 3.58 0
17:07 745.24 27 40 2.24 0
17:08 745.24 27.06 40 1.34 0
17:09 745.24 27.06 41 2.24 0
17:10 745.24 27.06 41 1.34 0
17:11 745.24 27.17 41 2.68 0
17:12 745.24 27.17 41 3.58 0
17:13 745.24 27.22 41 4.92 0
17:14 745.24 27.17 40 4.47 0
17:15 745.24 27.17 40 4.02 0
17:16 745.24 27.11 41 3.13 0
17:17 745.24 27.11 41 1.34 0
17:18 745.24 27.17 41 .89 0
17:19 745.24 27.17 42 1.79 0
17:20 745.24 27.22 41 3.13 0
17:21 745.24 27.28 41 3.58 0
17:22 745.24 27.33 40 1.79 0
17:23 745.24 27.39 40 1.34 0
17:24 745.24 27.39 40 1.34 0
17:25 745.24 27.39 40 3.13 0
17:26 745.24 27.39 40 1.34 0
17:27 745.24 27.39 40 3.13 0
17:28 745.49 27.33 40 3.58 0
17:29 745.24 27.28 40 3.13 0
17:30 745.24 27.22 39 1.79 0
17:31 745.24 27.22 40 .45 0
17:32 745.24 27.22 41 1.34 0
17:33 745.24 27.17 40 2.24 0
17:34 745.24 27.17 40 3.58 0
17:35 745.24 27.17 41 3.58 0
17:36 745.24 27.17 40 2.24 0
17:37 745.24 27.17 41 4.02 0
17:38 745.24 27.17 41 1.79 0
17:39 745.24 27.22 41 3.13 0
17:40 745.24 27.22 41 4.02 0
17:41 745.24 27.22 40 3.13 0
17:42 745.24 27.22 41 3.13 0
17:43 745.24 27.22 41 4.02 0
17:44 745.24 27.22 40 4.92 0
17:45 745.24 27.17 40 3.58 0
17:46 745.24 27.17 41 4.02 0
17:47 745.24 27.11 41 3.13 0
17:48 745.24 27.11 41 2.24 0
17:49 745.24 27.11 41 4.92 0
17:50 745.49 27.17 42 3.13 0
17:51 745.24 27.11 41 1.79 0
17:52 745.49 27.11 41 3.58 0
17:53 745.24 27.06 41 2.68 0
17:54 745.49 27.11 42 1.34 0
17:55 745.24 27.17 42 3.13 0
17:56 745.49 27.17 42 1.79 0
17:57 745.24 27.22 41 3.58 0
17:58 745.24 27.22 42 2.68 0
17:59 745.24 27.22 42 2.24 0
18:00 745.24 27.22 43 1.79 0
18:01 745.24 27.22 42 5.36 0
18:02 745.49 27.17 42 4.92 0
18:03 745.24 27.11 41 3.58 0
18:04 745.24 27.06 41 2.68 0
18:05 745.24 27 41 4.02 0
18:06 745.24 26.94 41 3.58 0
18:07 745.24 26.89 42 2.68 0
18:08 745.24 26.89 42 1.34 0
18:09 745.24 26.89 42 2.24 0
18:10 745.24 26.89 42 1.79 0
18:11 745.24 26.89 43 2.24 0
18:12 745.24 26.94 43 2.68 0
18:13 745.24 27 44 3.13 0
18:14 745.24 27.06 43 2.24 0
18:15 745.24 27.06 42 2.68 0
18:16 745.24 27.06 42 2.24 0
18:17 745.24 27.06 42 3.13 0
18:18 745.24 27.06 42 .89 0
18:19 745.24 27.06 43 1.34 0
18:20 745.24 27.06 43 2.68 0
18:21 745.24 27.06 42 2.24 0
18:22 745.24 27.06 43 1.79 0
18:23 745.24 27.06 43 3.58 0
18:24 745.24 27 42 2.24 0
18:25 745.24 27 43 4.47 0
18:26 745.24 27 43 3.58 0
18:27 745.24 26.94 43 2.68 0
18:28 745.24 26.94 42 4.47 0
18:29 745.24 26.89 43 3.58 0
18:30 745.24 26.89 42 3.58 0
18:31 745.24 26.83 43 3.58 0
18:32 745.24 26.78 44 3.58 0
18:33 745.24 26.72 44 4.02 0
18:34 745.24 26.72 44 2.24 0
18:35 745.24 26.67 43 2.24 0
18:36 745.24 26.67 44 2.24 0
18:37 745.24 26.61 44 4.02 0
18:38 745.24 26.61 44 3.13 0
18:39 745.24 26.5 44 2.24 0
18:40 745.24 26.5 44 1.34 0
18:41 745.24 26.44 44 2.24 0
18:42 745.24 26.39 44 2.24 0
18:43 745.24 26.33 44 4.47 0
18:44 746 1802.61 255 113.99 16645.89
18:45 745.24 26.28 44 1.79 0
18:46 745.24 26.22 44 1.34 0
18:47 745.24 26.22 45 1.34 0
18:48 745.24 26.17 45 2.24 0
18:49 745.24 26.17 44 .89 0
18:50 745.24 26.17 45 .45 0
18:51 745.24 26.17 45 1.79 0
18:52 745.24 26.17 45 1.79 0
18:53 745.24 26.17 44 1.79 0
18:54 745.24 26.17 44 2.24 0
18:55 745.24 26.17 45 1.34 0
18:56 745.24 26.17 45 2.24 0
18:57 745.24 26.17 45 1.79 0
18:58 745.24 26.11 45 1.79 0
18:59 745.24 26.11 45 .89 0
19:00 745.24 26.06 46 1.34 0
19:01 745.24 26.06 46 1.79 0
19:02 745.24 26 46 1.34 0
19:03 745.24 25.94 45 2.24 0
19:04 745.24 25.89 46 1.34 0
19:05 745.24 25.89 46 1.79 0
19:06 745.24 25.83 46 1.34 0
19:07 745.24 25.83 46 2.24 0
19:08 745.24 25.78 47 1.34 0
19:09 745.24 25.72 47 1.79 0
19:10 745.24 25.72 47 2.24 0
19:11 745.24 25.67 47 1.34 0
19:12 745.24 25.61 47 1.34 0
19:13 745.24 25.61 47 1.79 0
19:14 745.24 25.56 47 1.34 0
19:15 745.24 25.56 47 .89 0
19:16 745.24 25.44 48 1.79 0
19:17 745.24 25.44 47 .89 0
19:18 745.24 25.44 48 1.34 0
19:19 745.24 25.44 48 .89 0
19:20 745.24 25.39 48 1.34 0
19:21 745.24 25.39 48 1.34 0
19:22 745.24 25.33 48 .89 0
19:23 745.24 25.33 48 1.34 0
19:24 745.24 25.33 48 .89 0
19:25 745.24 25.33 48 1.34 0
19:26 745.24 25.33 48 1.79 0
19:27 745.24 25.33 48 .89 0
19:28 745.24 25.28 48 .89 0
19:29 745.24 25.28 48 .89 0
19:30 745.24 25.28 48 .89 0
19:31 745.24 25.28 48 .89 0
19:32 745.24 25.22 48 .89 0
19:33 745.24 25.22 49 .45 0
19:34 745.24 25.22 49 .45 0
19:35 745.24 25.17 49 .45 0
19:36 745.24 25.22 49 .45 0
19:37 745.24 25.17 50 .45 0
19:38 745.24 25.17 50 .89 0
19:39 745.24 25.17 50 .89 0
19:40 745.24 25.11 50 .89 0
19:41 745.24 25.11 50 0 0
19:42 745.24 25.11 50 0 0
19:43 745.24 25.11 51 0 0
19:44 745.24 25.06 52 0 0
19:45 744.98 25.06 53 0 0
19:46 744.98 25.06 53 0 0
19:47 744.98 25.06 52 0 0
19:48 744.98 25.06 53 0 0
19:49 744.98 25 53 0 0
19:50 744.98 25.06 53 0 0
19:51 744.98 25 53 0 0
19:52 744.98 25 54 0 0
19:53 744.98 25 54 0 0
19:54 744.98 24.94 55 0 0
19:55 744.98 24.94 56 0 0
19:56 744.98 24.94 57 0 0
19:57 744.98 24.94 57 0 0
19:58 744.98 24.89 58 0 0
19:59 744.98 24.89 59 0 0
20:00 744.98 24.89 60 0 0
20:01 744.98 24.83 60 0 0
20:02 744.98 24.78 60 0 0
20:03 745.24 24.78 61 0 0
20:04 745.24 24.72 62 0 0
20:05 745.24 24.67 63 0 0
20:06 745.24 24.56 63 0 0
20:07 745.24 24.5 63 0 0
20:08 745.24 24.39 63 0 0
20:09 746 1802.61 255 113.99 16645.89
20:10 744.98 24.22 63 0 0
20:11 744.98 24.17 63 0 0
20:12 745.24 24.11 63 0 0
20:13 745.24 24.06 63 0 0
20:14 745.24 24 64 0 0
20:15 744.98 24 64 0 0
20:16 745.24 23.94 65 0 0
20:17 745.24 23.89 65 0 0
20:18 745.24 23.83 65 0 0
20:19 745.24 23.78 65 0 0
20:20 745.24 23.72 65 0 0
20:21 745.24 23.67 65 0 0
20:22 745.24 23.56 65 0 0
20:23 745.24 23.5 66 0 0
20:24 745.24 23.44 66 0 0
20:25 745.24 23.39 67 0 0
20:26 745.24 23.28 66 0 0
20:27 745.24 23.17 66 0 0
20:28 745.24 23 66 0 0
20:29 745.24 22.89 66 0 0
20:30 745.24 22.78 65 0 0
20:31 745.24 22.67 65 0 0
20:32 745.24 22.56 65 1.79 0
20:33 745.24 22.44 66 1.34 0
20:34 745.24 22.33 67 1.79 0
20:35 745.24 22.22 67 1.34 0
20:36 745.24 22.17 63 1.79 0
20:37 745.24 22.17 65 1.79 0
20:38 745.24 22.11 66 2.24 0
20:39 745.24 22.11 64 2.68 0
20:40 745.24 22.11 64 4.02 0
20:41 745.24 22.17 64 3.13 0
20:42 745.24 22.22 64 1.79 0
20:43 745.24 22.22 64 1.34 0
20:44 745.24 22.28 64 2.24 0
20:45 745.24 22.33 62 2.24 0
20:46 745.24 22.33 63 2.24 0
20:47 745.24 22.39 62 1.79 0
20:48 745.24 22.44 63 1.79 0
20:49 745.24 22.44 63 1.79 0
20:50 745.24 22.44 63 2.24 0
20:51 745.24 22.44 62 1.34 0
20:52 745.24 22.44 63 2.24 0
20:53 745.24 22.39 63 1.79 0
20:54 745.24 22.39 63 .89 0
20:55 745.24 22.39 63 1.34 0
20:56 745.24 22.39 63 1.79 0
20:57 745.24 22.39 63 1.34 0
20:58 745.24 22.33 63 1.79 0
20:59 745.24 22.33 63 1.79 0
21:00 745.24 22.28 64 1.79 0
21:01 745.24 22.28 64 1.34 0
21:02 745.24 22.28 64 2.24 0
21:03 745.24 22.28 64 1.79 0
21:04 745.24 22.28 64 2.24 0
21:05 745.24 22.28 64 3.13 0
21:06 745.24 22.22 64 2.24 0
21:07 745.24 22.28 65 1.79 0
21:08 745.24 22.17 65 1.79 0
21:09 745.24 22.17 65 2.24 0
21:10 745.24 22.11 66 1.34 0
21:11 745.24 22.06 66 1.34 0
21:12 745.24 22.06 66 1.79 0
21:13 745.24 22.06 66 1.79 0
21:14 745.24 21.94 66 1.34 0
21:15 745.24 21.94 66 1.79 0
21:16 745.24 21.94 66 1.34 0
21:17 745.24 21.89 66 1.34 0
21:18 745.24 21.89 67 1.79 0
21:19 745.49 21.89 66 1.79 0
21:20 745.24 21.83 67 1.34 0
21:21 745.49 21.78 67 1.34 0
21:22 745.49 21.72 67 1.34 0
21:23 745.49 21.67 67 3.13 0
21:24 745.49 21.72 68 3.58 0
21:25 745.49 21.67 68 1.79 0
21:26 745.49 21.67 68 1.34 0
21:27 745.49 21.61 68 1.34 0
21:28 745.49 21.61 69 .89 0
21:29 745.49 21.56 69 1.79 0
21:30 745.49 21.56 69 .89 0
21:31 745.49 21.56 69 1.79 0
21:32 745.49 21.5 68 .89 0
21:33 745.49 21.5 69 .89 0
21:34 745.49 21.5 68 .45 0
21:35 745.49 21.44 69 .89 0
21:36 745.49 21.44 69 .45 0
21:37 745.49 21.44 69 .89 0
21:38 745.49 21.44 69 .89 0
21:39 745.49 21.39 69 .89 0
21:40 745.49 21.39 69 .45 0
21:41 745.49 21.33 69 .45 0
21:42 745.49 21.33 69 .45 0
21:43 745.49 21.33 69 .45 0
21:44 745.49 21.28 69 .89 0
21:45 745.49 21.28 69 .45 0
21:46 745.49 21.28 69 0 0
21:47 745.49 21.28 69 0 0
21:48 745.49 21.28 69 0 0
21:49 745.49 21.22 70 0 0
21:50 745.49 21.17 70 0 0
21:51 745.49 21.17 70 .45 0
21:52 745.49 21.17 70 .89 0
21:53 745.49 21.11 70 .45 0
21:54 745.49 21.11 70 1.34 0
21:55 745.49 21.06 70 .45 0
21:56 745.49 21.06 70 1.79 0
21:57 745.49 21 70 1.34 0
21:58 745.74 21 70 1.34 0
21:59 745.74 20.94 70 1.34 0
22:00 745.49 20.94 70 1.79 0
22:01 745.49 20.89 70 2.24 0
22:02 745.49 20.89 70 1.34 0
22:03 745.74 20.89 70 1.34 0
22:04 745.49 20.89 70 1.34 0
22:05 745.49 20.83 70 1.34 0
22:06 745.49 20.89 70 1.79 0
22:07 745.49 20.83 70 1.79 0
22:08 745.49 20.83 71 1.34 0
22:09 745.49 20.78 70 1.34 0
22:10 745.49 20.78 70 .89 0
22:11 745.49 20.78 71 .89 0
22:12 745.49 20.78 70 .89 0
22:13 745.49 20.72 70 1.34 0
22:14 745.49 20.72 70 1.79 0
22:15 745.49 20.72 70 1.34 0
22:16 745.49 20.67 70 1.34 0
22:17 745.49 20.67 70 1.34 0
22:18 745.49 20.67 70 1.79 0
22:19 745.49 20.61 70 3.13 0
22:20 745.49 20.61 70 2.24 0
22:21 745.49 20.67 70 1.79 0
22:22 745.49 20.61 70 1.79 0
22:23 745.49 20.67 70 2.24 0
22:24 745.49 20.67 70 .89 0
22:25 745.49 20.67 69 2.24 0
22:26 745.49 20.61 69 .89 0
22:27 745.49 20.61 70 1.34 0
22:28 745.49 20.61 70 1.34 0
22:29 745.49 20.61 69 .89 0
22:30 745.49 20.61 69 1.79 0
22:31 745.49 20.56 70 1.34 0
22:32 745.49 20.56 70 1.34 0
22:33 745.49 20.56 69 1.34 0
22:34 745.49 20.5 69 1.34 0
22:35 745.49 20.5 70 2.24 0
22:36 745.49 20.5 69 1.34 0
22:37 745.49 20.44 70 2.24 0
22:38 745.49 20.44 70 2.24 0
22:39 745.49 20.44 69 1.34 0
22:40 745.49 20.44 70 1.79 0
22:41 745.49 20.44 70 1.34 0
22:42 745.49 20.44 70 1.34 0
22:43 745.49 20.39 70 1.79 0
22:44 745.49 20.33 70 2.24 0
22:45 745.49 20.33 70 1.34 0
22:46 745.49 20.33 70 1.79 0
22:47 745.49 20.28 70 2.24 0
22:48 745.49 20.28 70 2.24 0
22:49 745.49 20.28 70 1.79 0
22:50 745.49 20.28 70 2.68 0
22:51 745.49 20.22 70 2.24 0
22:52 745.49 20.17 70 1.34 0
22:53 745.24 20.17 71 2.24 0
22:54 745.24 20.11 70 1.79 0
22:55 745.24 20.06 71 2.24 0
22:56 745.24 20.06 71 1.79 0
22:57 745.24 20.06 71 1.79 0
22:58 745.24 20 71 1.79 0
22:59 745.24 20 71 2.68 0
23:00 745.24 20 71 1.79 0
23:01 745.24 20 71 2.24 0
23:02 745.24 19.94 71 3.58 0
23:03 745.24 19.94 71 4.47 0
23:04 745.24 20 71 2.24 0
23:05 745.24 20 71 2.24 0
23:06 745.24 20 71 3.58 0
23:07 745.24 20 71 2.24 0
23:08 745.24 20 71 2.24 0
23:09 745.24 20 71 3.13 0
23:10 745.24 20 71 2.24 0
23:11 745.24 19.94 71 1.79 0
23:12 745.24 19.94 71 1.79 0
23:13 745.24 19.94 71 2.24 0
23:14 745.24 19.89 72 .89 0
23:15 745.24 19.89 72 1.79 0
23:16 745.24 19.83 72 1.34 0
23:17 745.24 19.83 72 1.79 0
23:18 745.24 19.83 72 2.24 0
23:19 745.24 19.78 72 1.79 0
23:20 745.24 19.78 72 .89 0
23:21 745.24 19.78 72 1.79 0
23:22 745.24 19.72 72 3.13 0
23:23 745.24 19.72 72 1.34 0
23:24 745.24 19.72 72 1.34 0
23:25 745.49 19.78 72 1.79 0
23:26 745.24 19.72 72 1.79 0
23:27 745.24 19.72 72 1.34 0
23:28 745.24 19.72 72 1.79 0
23:29 745.49 19.72 72 1.34 0
23:30 745.49 19.72 72 .89 0
23:31 745.24 19.67 72 1.79 0
23:32 745.49 19.67 72 2.24 0
23:33 745.49 19.67 72 2.24 0
23:34 745.49 19.67 72 1.34 0
23:35 745.49 19.67 72 1.79 0
23:36 745.49 19.67 72 2.24 0
23:37 745.49 19.67 72 1.34 0
23:38 745.49 19.61 72 .89 0
23:39 745.49 19.61 72 2.24 0
23:40 745.49 19.61 73 3.13 0
23:41 745.49 19.61 73 3.13 0
23:42 745.49 19.56 73 4.02 0
23:43 745.49 19.56 73 1.79 0
23:44 745.49 19.56 73 1.34 0
23:45 745.49 19.56 73 2.24 0
23:46 745.49 19.5 73 1.34 0
23:47 745.49 19.5 73 3.58 0
23:48 745.49 19.44 73 1.79 0
23:49 745.49 19.44 73 4.02 0
23:50 745.49 19.44 73 1.34 0
23:51 745.49 19.44 74 1.79 0
23:52 745.49 19.44 74 2.24 0
23:53 745.49 19.44 74 3.13 0
23:54 745.49 19.44 74 1.34 0
23:55 745.49 19.44 74 1.79 0
23:56 745.49 19.39 74 1.34 0
23:57 745.49 19.39 74 4.02 0
23:58 745.49 19.39 74 .89 0
23:59 745.49 19.39 74 1.34 0
