00:00 746 11.72 77 0 0
00:01 746 11.72 78 0 0
00:02 746 11.72 77 0 0
00:03 746 11.72 78 0 0
00:04 746 11.72 78 0 0
00:05 746 11.67 77 0 0
00:06 746.25 11.72 77 0 0
00:07 746 11.67 77 0 0
00:08 746 11.67 77 0 0
00:09 746 11.67 77 0 0
00:10 746.25 11.56 77 0 0
00:11 746.25 11.56 77 0 0
00:12 746 11.5 77 0 0
00:13 746.25 11.44 77 0 0
00:14 746.25 11.39 77 0 0
00:15 746 11.39 78 0 0
00:16 746.25 11.33 78 0 0
00:17 746.25 11.39 78 0 0
00:18 746.25 11.33 77 0 0
00:19 746.25 11.33 77 0 0
00:20 746.25 11.28 77 0 0
00:21 746.25 11.28 77 0 0
00:22 746.25 11.28 77 0 0
00:23 746.25 11.22 77 0 0
00:24 746.25 11.17 77 0 0
00:25 746.25 11.11 78 0 0
00:26 746.25 11.11 78 0 0
00:27 746.25 11.11 78 0 0
00:28 746.25 11.11 78 0 0
00:29 746.25 11.11 78 0 0
00:30 746.25 11.06 78 0 0
00:31 746.25 11.06 78 0 0
00:32 746.25 11 78 0 0
00:33 746.25 11 78 0 0
00:34 746.25 10.94 78 0 0
00:35 746.25 10.94 78 0 0
00:36 746.25 10.89 78 0 0
00:37 746.25 10.89 78 0 0
00:38 746.25 10.83 78 0 0
00:39 746.25 10.83 79 0 0
00:40 746 10.83 79 0 0
00:41 746.25 10.83 79 0 0
00:42 746 10.83 79 0 0
00:43 746.25 10.78 78 0 0
00:44 746.25 10.78 79 0 0
00:45 746.25 10.78 78 0 0
00:46 746.25 10.78 78 0 0
00:47 746.25 10.78 78 0 0
00:48 746.25 10.72 78 0 0
00:49 746.25 10.72 78 0 0
00:50 746.25 10.61 78 0 0
00:51 746.25 10.67 78 0 0
00:52 746.25 10.67 78 0 0
00:53 746.25 10.61 78 0 0
00:54 746.25 10.61 78 0 0
00:55 746.25 10.61 78 0 0
00:56 746.25 10.56 78 0 0
00:57 746.25 10.56 78 0 0
00:58 746.25 10.56 78 0 0
00:59 746.25 10.56 78 0 0
01:00 746.25 10.56 78 0 0
01:01 746.25 10.56 78 0 0
01:02 746.25 10.5 78 0 0
01:03 746.25 10.5 78 0 0
01:04 746.25 10.44 78 0 0
01:05 746.25 10.39 78 0 0
01:06 746.25 10.33 78 0 0
01:07 746.25 10.28 78 0 0
01:08 746.25 10.28 79 0 0
01:09 746.25 10.22 79 0 0
01:10 746.25 10.17 79 0 0
01:11 746.25 10.11 79 0 0
01:12 746.25 10.17 79 0 0
01:13 746.25 10.06 80 0 0
01:14 746.25 10.06 80 0 0
01:15 746.25 10.06 80 0 0
01:16 746.25 10.06 80 0 0
01:17 746.25 10 79 0 0
01:18 746.25 9.94 80 0 0
01:19 746.25 9.94 80 0 0
01:20 746.25 9.94 80 0 0
01:21 746.25 9.94 80 0 0
01:22 746.25 9.94 80 0 0
01:23 746.25 9.89 80 0 0
01:24 746.25 9.89 80 0 0
01:25 746.25 9.89 80 0 0
01:26 746.25 9.89 80 0 0
01:27 746.25 9.89 80 0 0
01:28 746.25 9.94 80 0 0
01:29 746.25 9.94 80 0 0
01:30 746.25 10 80 0 0
01:31 746.25 10 80 0 0
01:32 746.25 10 80 0 0
01:33 746.25 10 80 0 0
01:34 746.25 10 80 0 0
01:35 746.25 9.94 80 0 0
01:36 746.25 9.94 80 0 0
01:37 746.25 9.94 80 0 0
01:38 746.25 10 80 0 0
01:39 746.25 10 80 0 0
01:40 746.25 10 80 0 0
01:41 746.25 10 80 0 0
01:42 746.25 10 80 0 0
01:43 746.25 10 80 0 0
01:44 746.25 9.94 80 0 0
01:45 746.25 9.94 80 0 0
01:46 746.25 9.89 80 0 0
01:47 746.25 9.83 80 0 0
01:48 746.25 9.83 80 0 0
01:49 746.25 9.78 80 0 0
01:50 746.25 9.78 80 0 0
01:51 746.25 9.72 80 0 0
01:52 746.25 9.67 80 0 0
01:53 746.25 9.67 80 0 0
01:54 746.25 9.61 80 0 0
01:55 746.25 9.61 80 0 0
01:56 746.25 9.56 80 0 0
01:57 746.25 9.56 81 0 0
01:58 746.25 9.56 81 0 0
01:59 746.25 9.5 81 0 0
02:00 746.25 9.5 81 0 0
02:01 746.25 9.56 81 0 0
02:02 746.25 9.5 81 0 0
02:03 746.25 9.5 81 0 0
02:04 746.25 9.5 81 0 0
02:05 746.25 9.44 81 0 0
02:06 746.25 9.44 81 0 0
02:07 746.25 9.39 81 0 0
02:08 746.25 9.33 81 0 0
02:09 746.25 9.33 81 0 0
02:10 746.25 9.33 81 0 0
02:11 746.25 9.33 81 0 0
02:12 746.25 9.28 82 0 0
02:13 746.25 9.28 82 0 0
02:14 746.25 9.28 82 0 0
02:15 746.25 9.28 82 0 0
02:16 746.25 9.22 82 0 0
02:17 746.25 9.22 82 0 0
02:18 746.25 9.28 82 0 0
02:19 746.25 9.22 82 0 0
02:20 746.25 9.22 82 0 0
02:21 746.25 9.22 82 0 0
02:22 746.25 9.17 82 0 0
02:23 746.25 9.17 82 0 0
02:24 746.25 9.22 82 0 0
02:25 746.25 9.22 82 0 0
02:26 746.25 9.17 82 0 0
02:27 746.25 9.17 82 0 0
02:28 746.25 9.17 82 0 0
02:29 746.25 9.17 82 0 0
02:30 746.25 9.17 82 0 0
02:31 746.25 9.17 82 0 0
02:32 746.25 9.11 82 0 0
02:33 746.25 9.11 82 0 0
02:34 746.25 9.06 82 0 0
02:35 746.25 9 82 0 0
02:36 746.25 9 82 0 0
02:37 746.25 8.94 82 0 0
02:38 746.25 8.94 82 0 0
02:39 746.25 8.94 83 0 0
02:40 746.25 8.89 83 0 0
02:41 746.25 8.89 83 0 0
02:42 746.25 8.89 83 0 0
02:43 746.25 8.83 83 0 0
02:44 746.25 8.83 83 0 0
02:45 746.25 8.83 83 0 0
02:46 746.25 8.78 83 0 0
02:47 746.25 8.78 83 0 0
02:48 746.25 8.72 83 0 0
02:49 746.25 8.72 83 0 0
02:50 746.25 8.72 83 0 0
02:51 746.25 8.72 83 0 0
02:52 746.25 8.72 83 0 0
02:53 746.25 8.72 83 0 0
02:54 746.25 8.72 83 0 0
02:55 746.25 8.67 83 0 0
02:56 746.25 8.72 83 0 0
02:57 746.25 8.67 83 0 0
02:58 746.25 8.67 83 0 0
02:59 746.25 8.67 83 0 0
03:00 746.25 8.61 83 0 0
03:01 746.25 8.61 83 0 0
03:02 746.25 8.61 83 0 0
03:03 746.25 8.56 83 0 0
03:04 746.25 8.56 83 0 0
03:05 746.25 8.56 83 0 0
03:06 746.25 8.56 83 0 0
03:07 746.25 8.56 83 0 0
03:08 746.25 8.5 83 0 0
03:09 746.25 8.5 83 0 0
03:10 746.25 8.5 84 0 0
03:11 746.25 8.5 84 0 0
03:12 746.25 8.5 84 0 0
03:13 746.25 8.5 84 0 0
03:14 746.25 8.44 84 0 0
03:15 746.25 8.5 84 0 0
03:16 746.25 8.44 84 0 0
03:17 746.25 8.44 84 0 0
03:18 746.25 8.5 84 0 0
03:19 746.25 8.5 84 0 0
03:20 746.25 8.44 84 0 0
03:21 746.25 8.44 84 0 0
03:22 746.25 8.44 84 0 0
03:23 746.25 8.44 84 0 0
03:24 746.25 8.44 84 0 0
03:25 746.25 8.44 84 0 0
03:26 746.25 8.39 84 0 0
03:27 746.25 8.39 84 0 0
03:28 746.25 8.39 84 0 0
03:29 746.25 8.39 84 0 0
03:30 746.25 8.33 84 0 0
03:31 746.25 8.33 84 0 0
03:32 746.25 8.33 84 0 0
03:33 746.25 8.28 84 0 0
03:34 746.25 8.28 84 0 0
03:35 746.25 8.28 84 0 0
03:36 746.25 8.28 84 0 0
03:37 746.25 8.22 84 0 0
03:38 746.25 8.22 84 0 0
03:39 746.25 8.17 84 0 0
03:40 746.25 8.17 84 0 0
03:41 746 8.17 84 0 0
03:42 746 8.17 84 0 0
03:43 746 8.17 84 0 0
03:44 746 8.11 84 0 0
03:45 746 8.11 84 0 0
03:46 746 8.11 84 0 0
03:47 746 8.06 84 0 0
03:48 746 8.06 84 0 0
03:49 746 8.06 84 0 0
03:50 746 8 84 0 0
03:51 746 8 84 0 0
03:52 746 7.94 84 0 0
03:53 746 7.94 84 0 0
03:54 746 7.94 85 0 0
03:55 746 7.89 85 0 0
03:56 746 7.89 85 0 0
03:57 746 7.94 85 0 0
03:58 746 7.94 85 0 0
03:59 746.25 7.89 85 0 0
04:00 746.25 7.89 85 0 0
04:01 746 7.89 85 0 0
04:02 746 7.83 85 0 0
04:03 746 7.89 85 0 0
04:04 746 7.89 85 0 0
04:05 746 7.83 85 0 0
04:06 746 7.89 85 0 0
04:07 746 7.89 85 0 0
04:08 746 7.94 85 0 0
04:09 746 7.89 85 0 0
04:10 746 7.94 85 0 0
04:11 746 7.94 85 0 0
04:12 746 8 85 0 0
04:13 746 8.06 86 0 0
04:14 746 8.06 86 0 0
04:15 746 8.06 86 0 0
04:16 746 8.11 86 0 0
04:17 746 8.11 86 0 0
04:18 746 8.17 85 0 0
04:19 746 8.17 85 0 0
04:20 746 8.17 85 0 0
04:21 746 8.22 85 0 0
04:22 746 8.28 85 0 0
04:23 746 8.28 85 0 0
04:24 746 8.28 85 0 0
04:25 746 8.28 85 0 0
04:26 746 8.28 85 0 0
04:27 746 8.33 85 0 0
04:28 746 8.33 85 0 0
04:29 746 8.39 85 0 0
04:30 746 8.39 84 0 0
04:31 746 8.39 84 0 0
04:32 746 8.39 84 0 0
04:33 746 8.39 84 0 0
04:34 746 8.39 84 0 0
04:35 746 8.39 84 0 0
04:36 746 8.39 84 0 0
04:37 746 8.44 84 0 0
04:38 746 8.44 84 0 0
04:39 746 8.44 84 0 0
04:40 746 8.5 84 0 0
04:41 746 8.56 84 0 0
04:42 746 8.56 84 0 0
04:43 746 8.61 84 0 0
04:44 746 8.67 84 0 0
04:45 746 8.67 84 0 0
04:46 746 8.72 84 0 0
04:47 746 8.78 84 0 0
04:48 746 8.83 84 0 0
04:49 746 8.94 84 0 0
04:50 746 8.94 84 0 0
04:51 746 9.06 83 0 0
04:52 746 9.06 83 0 0
04:53 746 9.06 83 0 0
04:54 746 9.11 83 0 0
04:55 746 9.17 82 0 0
04:56 746 9.17 82 0 0
04:57 746 9.22 82 0 0
04:58 746 9.28 82 0 0
04:59 746 9.33 82 0 0
05:00 746 9.39 82 0 0
05:01 746 9.44 82 0 0
05:02 746 9.5 82 0 0
05:03 746 9.61 82 0 0
05:04 746 9.67 82 0 0
05:05 746 9.78 82 0 0
05:06 746 9.94 82 0 0
05:07 746 9.94 81 0 0
05:08 746 10.06 81 0 0
05:09 746 10.22 81 0 0
05:10 746 10.28 81 0 0
05:11 746 10.39 80 0 0
05:12 746 10.44 80 0 0
05:13 746 10.5 79 0 0
05:14 746 10.5 79 0 0
05:15 746 10.56 79 0 0
05:16 746 10.56 79 0 0
05:17 746 10.61 79 0 0
05:18 746 10.67 79 0 0
05:19 746 10.67 79 0 0
05:20 746 10.78 79 0 0
05:21 746 10.78 79 0 0
05:22 746 10.78 78 0 0
05:23 746 10.83 78 0 0
05:24 746 10.89 78 0 0
05:25 746 10.94 78 0 0
05:26 746 10.94 78 0 0
05:27 746 11.06 78 0 0
05:28 746 11.11 78 0 0
05:29 746 11.22 78 0 0
05:30 746 11.28 77 0 0
05:31 746 11.39 77 0 0
05:32 746 11.44 77 0 0
05:33 746 11.5 77 0 0
05:34 746 11.56 76 0 0
05:35 746 11.56 76 0 0
05:36 746 11.56 76 0 0
05:37 746 11.56 76 0 0
05:38 746 11.56 76 0 0
05:39 746 11.56 76 0 0
05:40 746 11.56 76 0 0
05:41 746 11.56 76 0 0
05:42 746 11.5 76 0 0
05:43 746 11.56 76 0 0
05:44 746 11.56 76 0 0
05:45 746 11.61 76 0 0
05:46 746 11.61 76 0 0
05:47 746 11.67 76 0 0
05:48 746 11.72 77 0 0
05:49 746 11.78 76 0 0
05:50 746 11.83 76 0 0
05:51 746 11.89 76 0 0
05:52 746 11.94 76 0 0
05:53 746 12 76 0 0
05:54 746 12.06 76 0 0
05:55 746 12.11 75 0 0
05:56 746 12.22 75 0 0
05:57 746 12.28 75 0 0
05:58 746 12.28 75 0 0
05:59 746 12.39 75 0 0
06:00 746 12.44 75 0 0
06:01 746 12.5 75 0 0
06:02 746 12.56 75 0 0
06:03 746 12.67 75 0 0
06:04 746 12.72 74 0 0
06:05 746 12.83 74 0 0
06:06 746 12.94 74 0 0
06:07 746 13.06 74 0 0
06:08 746 13.17 73 0 0
06:09 746.25 13.33 73 0 0
06:10 746 13.5 73 0 0
06:11 746 13.67 72 0 0
06:12 746 13.83 71 0 0
06:13 746 13.94 71 0 0
06:14 746 14.11 71 0 0
06:15 746 14.28 73 0 0
06:16 746 14.5 73 0 0
06:17 746 14.61 72 0 0
06:18 746 14.78 72 0 0
06:19 746 14.94 72 0 0
06:20 746 15.06 72 0 0
06:21 746 15.22 71 0 0
06:22 746 15.33 71 0 0
06:23 746 15.5 70 0 0
06:24 746 15.61 70 .45 0
06:25 746 15.72 69 0 0
06:26 746 15.83 69 .89 0
06:27 746 15.89 67 .89 0
06:28 746 15.89 67 .45 0
06:29 746 15.89 67 .89 0
06:30 746 15.89 67 .89 0
06:31 746 15.83 67 .89 0
06:32 746 15.83 66 .89 0
06:33 746 15.78 66 .89 0
06:34 746 15.78 66 .89 0
06:35 746 15.72 66 .89 0
06:36 746 15.72 67 .89 0
06:37 746 15.72 67 1.34 0
06:38 746 15.72 67 .89 0
06:39 746 15.72 67 .45 0
06:40 746 15.78 67 .89 0
06:41 746 15.72 67 1.34 0
06:42 746 15.83 67 .89 0
06:43 746 15.83 67 1.34 0
06:44 746 15.89 67 1.34 0
06:45 746 15.89 66 1.34 0
06:46 746 15.94 67 1.34 0
06:47 746 16 67 .89 0
06:48 746 16 67 .89 0
06:49 746 16.06 67 0 0
06:50 746 16.11 67 .45 0
06:51 746 16.28 67 .89 0
06:52 746 16.28 66 .45 0
06:53 746 16.33 65 1.34 0
06:54 746 16.33 65 .89 0
06:55 746 16.44 65 .89 0
06:56 746 16.44 66 .89 0
06:57 746 16.5 66 .45 0
06:58 746 16.56 66 .89 0
06:59 746 16.61 65 .45 0
07:00 746 16.67 65 .45 0
07:01 746 16.72 65 .45 0
07:02 746 16.78 65 .89 0
07:03 746 16.78 65 1.34 0
07:04 746 16.83 65 .89 0
07:05 746 16.83 65 .89 0
07:06 746 16.83 65 .89 0
07:07 746 16.89 65 .89 0
07:08 746 16.89 65 1.34 0
07:09 746 16.94 65 .89 0
07:10 746 17 65 .89 0
07:11 746 17.06 65 .89 0
07:12 746 17.11 65 .45 0
07:13 746 17.17 65 .45 0
07:14 746 17.22 65 .89 0
07:15 746 17.33 65 .89 0
07:16 746 17.33 64 1.34 0
07:17 746 17.39 64 .45 0
07:18 746 17.44 65 .89 0
07:19 746 17.5 65 .45 0
07:20 746 17.56 65 .45 0
07:21 746 17.67 64 .45 0
07:22 746 17.78 64 .45 0
07:23 746 17.94 64 .45 0
07:24 746 18 63 .89 0
07:25 746 18.11 61 .89 0
07:26 746 18.22 61 .89 0
07:27 746 18.28 61 .89 0
07:28 746 18.33 61 .45 0
07:29 746 18.39 61 .89 0
07:30 746.25 18.39 61 .45 0
07:31 746 18.44 61 .45 0
07:32 746 18.56 61 .45 0
07:33 746 18.61 61 .89 0
07:34 746.25 18.78 61 .45 0
07:35 746.25 18.83 61 .89 0
07:36 746 18.89 61 .45 0
07:37 746.25 18.94 61 0 0
07:38 746 19.06 61 .89 0
07:39 746 19.17 60 0 0
07:40 746 19.22 60 .45 0
07:41 746 19.28 60 .89 0
07:42 746 19.39 60 1.34 0
07:43 746 19.44 59 1.34 0
07:44 746 19.44 59 .89 0
07:45 746 19.44 57 1.34 0
07:46 746 19.5 57 1.34 0
07:47 746 19.5 58 .89 0
07:48 746 19.5 57 1.34 0
07:49 746 19.5 57 1.34 0
07:50 746 19.44 56 1.79 0
07:51 746 19.5 56 .89 0
07:52 746 19.5 57 .89 0
07:53 746 19.56 56 .89 0
07:54 746 19.56 56 1.34 0
07:55 746 19.56 55 .89 0
07:56 746 19.56 56 1.34 0
07:57 746 19.56 54 .89 0
07:58 746 19.56 55 1.79 0
07:59 746 19.61 54 1.34 0
08:00 746 19.61 54 .89 0
08:01 746 19.67 56 .89 0
08:02 746 19.72 54 1.34 0
08:03 746 19.78 54 .89 0
08:04 746 19.89 54 .45 0
08:05 746 19.94 54 .89 0
08:06 746 20.06 54 .89 0
08:07 746 20.17 54 .45 0
08:08 746 20.22 53 1.34 0
08:09 746 20.28 53 .45 0
08:10 746 20.33 53 1.34 0
08:11 746 20.44 54 .89 0
08:12 746 20.5 53 1.34 0
08:13 746 20.56 52 1.34 0
08:14 746 20.56 52 1.34 0
08:15 746 20.56 52 1.34 0
08:16 746 20.56 52 1.34 0
08:17 746 20.61 52 .89 0
08:18 746 20.67 53 1.34 0
08:19 746 20.67 53 1.34 0
08:20 746 20.72 53 1.34 0
08:21 746 20.72 53 1.34 0
08:22 746 20.72 52 .45 0
08:23 746 20.72 52 1.34 0
08:24 746 20.78 52 .89 0
08:25 746 20.83 53 .89 0
08:26 746 20.83 53 2.24 0
08:27 746 20.83 52 .89 0
08:28 746 20.89 52 .45 0
08:29 746 20.94 53 0 0
08:30 746 21 52 .89 0
08:31 746 21.11 52 .89 0
08:32 746 21.17 51 .89 0
08:33 746 21.17 51 1.34 0
08:34 746 21.17 50 .89 0
08:35 746 21.17 50 .45 0
08:36 746 21.22 52 1.34 0
08:37 746 21.33 50 1.34 0
08:38 746 21.33 49 1.34 0
08:39 746.25 21.39 49 .45 0
08:40 746 21.44 49 .89 0
08:41 746 21.5 50 1.79 0
08:42 746 21.61 47 1.79 0
08:43 746 21.67 45 1.34 0
08:44 746 21.67 46 .89 0
08:45 746 21.67 46 .45 0
08:46 746 21.72 47 .45 0
08:47 746 21.72 47 1.34 0
08:48 746 21.78 47 1.34 0
08:49 746 21.83 45 1.79 0
08:50 746 21.83 47 1.34 0
08:51 746 21.83 47 1.79 0
08:52 746 21.83 45 1.34 0
08:53 746 21.83 46 0 0
08:54 746 21.89 46 0 0
08:55 746 21.89 46 1.79 0
08:56 746 21.89 44 1.79 0
08:57 746 21.94 44 1.79 0
08:58 746 21.89 44 1.79 0
08:59 746 21.89 44 .45 0
09:00 746 21.94 44 .89 0
09:01 746 21.94 46 1.79 0
09:02 746 22.06 45 0 0
09:03 746 22.06 46 0 0
09:04 746 22.11 46 .45 0
09:05 746 22.22 46 0 0
09:06 746 22.33 45 .89 0
09:07 746 22.39 45 1.34 0
09:08 746 22.44 45 .89 0
09:09 746 22.5 45 .89 0
09:10 746 22.61 45 1.34 0
09:11 746 22.67 44 1.34 0
09:12 746 22.61 44 .89 0
09:13 746 22.61 45 .45 0
09:14 746 22.61 45 .89 0
09:15 746 22.61 45 .45 0
09:16 746 22.61 45 1.34 0
09:17 746 22.61 44 .45 0
09:18 746 22.61 44 .45 0
09:19 746 22.67 44 1.34 0
09:20 746 22.67 43 .45 0
09:21 746 22.61 41 .45 0
09:22 745.74 22.61 41 .45 0
09:23 745.74 22.61 41 0 0
09:24 746 22.61 43 .89 0
09:25 746 22.67 42 .89 0
09:26 746 22.67 43 1.34 0
09:27 745.74 22.67 42 .89 0
09:28 746 22.67 42 1.79 0
09:29 745.74 22.67 43 0 0
09:30 745.74 22.67 43 .45 0
09:31 746 22.67 43 .89 0
09:32 745.74 22.67 43 .45 0
09:33 745.74 22.72 43 .89 0
09:34 745.74 22.72 42 .45 0
09:35 745.74 22.78 44 .45 0
09:36 745.74 22.83 43 .89 0
09:37 745.74 22.83 42 .45 0
09:38 745.74 22.78 42 1.34 0
09:39 745.74 22.78 41 0 0
09:40 745.74 22.78 42 0 0
09:41 745.74 22.78 42 2.68 0
09:42 745.74 22.78 40 .89 0
09:43 745.74 22.67 40 .89 0
09:44 745.74 22.61 41 .45 0
09:45 745.74 22.56 41 .45 0
09:46 745.74 22.56 42 1.34 0
09:47 745.74 22.61 42 1.34 0
09:48 745.74 22.67 41 .45 0
09:49 745.74 22.78 41 1.79 0
09:50 745.74 22.83 41 .89 0
09:51 745.74 22.83 42 1.34 0
09:52 746 22.94 41 .45 0
09:53 745.74 22.89 41 0 0
09:54 745.74 22.94 42 0 0
09:55 745.74 23.06 41 1.79 0
09:56 745.74 23.11 41 .45 0
09:57 746 23.17 41 .89 0
09:58 745.74 23.11 40 1.79 0
09:59 745.74 23.11 40 .45 0
10:00 745.74 23.06 40 0 0
10:01 745.74 23.11 40 .89 0
10:02 745.74 23.11 39 1.34 0
10:03 745.74 23.11 39 1.34 0
10:04 745.74 23.06 39 .45 0
10:05 745.74 23.11 40 .45 0
10:06 745.74 23.17 40 .89 0
10:07 745.74 23.28 38 .89 0
10:08 745.74 23.28 38 .45 0
10:09 745.74 23.33 39 .45 0
10:10 745.74 23.39 39 .45 0
10:11 745.74 23.39 40 .89 0
10:12 745.74 23.39 40 .89 0
10:13 745.74 23.39 39 0 0
10:14 745.74 23.39 39 1.34 0
10:15 745.74 23.33 39 .89 0
10:16 745.74 23.33 39 .45 0
10:17 745.74 23.33 39 1.34 0
10:18 745.74 23.33 39 1.34 0
10:19 745.74 23.28 40 1.34 0
10:20 745.74 23.28 40 1.34 0
10:21 745.74 23.33 40 .45 0
10:22 745.74 23.33 39 .89 0
10:23 745.74 23.33 40 1.34 0
10:24 745.74 23.33 40 .45 0
10:25 745.74 23.39 41 1.79 0
10:26 745.74 23.44 39 3.13 0
10:27 745.74 23.39 39 2.24 0
10:28 745.74 23.39 40 1.34 0
10:29 745.74 23.33 39 0 0
10:30 745.74 23.33 39 .45 0
10:31 745.74 23.28 40 .89 0
10:32 745.74 23.28 39 0 0
10:33 745.74 23.28 40 1.79 0
10:34 745.74 23.28 39 .89 0
10:35 745.74 23.28 39 .89 0
10:36 745.74 23.28 39 .45 0
10:37 745.74 23.28 39 0 0
10:38 745.74 23.33 39 .45 0
10:39 745.74 23.39 38 3.58 0
10:40 745.74 23.44 39 3.58 0
10:41 745.74 23.44 38 2.24 0
10:42 745.74 23.44 39 1.79 0
10:43 745.74 23.39 38 1.34 0
10:44 745.74 23.33 38 .89 0
10:45 745.74 23.33 38 1.34 0
10:46 745.74 23.28 37 .89 0
10:47 745.74 23.28 38 1.79 0
10:48 745.74 23.33 39 1.34 0
10:49 745.74 23.39 39 1.79 0
10:50 745.74 23.5 38 1.79 0
10:51 745.74 23.56 37 1.79 0
10:52 745.74 23.67 38 1.79 0
10:53 745.74 23.67 38 2.68 0
10:54 745.74 23.72 38 1.34 0
10:55 745.74 23.72 37 0 0
10:56 745.74 23.72 36 .45 0
10:57 745.74 23.67 37 1.79 0
10:58 745.74 23.67 39 3.13 0
10:59 745.74 23.61 38 2.68 0
11:00 745.74 23.61 37 1.79 0
11:01 745.74 23.61 38 2.68 0
11:02 745.74 23.56 37 1.79 0
11:03 745.74 23.56 38 2.24 0
11:04 745.74 23.56 38 .45 0
11:05 745.74 23.61 38 2.68 0
11:06 745.74 23.56 37 2.24 0
11:07 745.74 23.5 37 1.79 0
11:08 745.74 23.5 37 2.24 0
11:09 745.74 23.44 38 1.79 0
11:10 745.74 23.44 38 1.34 0
11:11 745.74 23.44 37 1.34 0
11:12 745.74 23.44 37 .45 0
11:13 745.74 23.44 37 1.34 0
11:14 745.74 23.39 37 1.34 0
11:15 745.74 23.44 38 1.34 0
11:16 745.74 23.44 37 1.34 0
11:17 745.74 23.5 38 1.79 0
11:18 745.74 23.5 37 1.34 0
11:19 745.74 23.5 37 .89 0
11:20 745.74 23.56 38 0 0
11:21 745.74 23.67 38 .89 0
11:22 745.74 23.72 37 1.79 0
11:23 745.74 23.72 37 1.34 0
11:24 745.74 23.72 37 3.58 0
11:25 745.74 23.78 38 2.24 0
11:26 745.74 23.78 38 3.13 0
11:27 745.74 23.78 37 1.34 0
11:28 745.74 23.72 37 .89 0
11:29 745.74 23.67 37 .45 0
11:30 745.74 23.67 37 .45 0
11:31 745.74 23.67 37 .89 0
11:32 745.74 23.78 38 .45 0
11:33 745.74 23.89 39 .89 0
11:34 745.74 24 39 1.34 0
11:35 745.74 24 38 1.79 0
11:36 745.74 24.06 38 3.13 0
11:37 745.74 24 37 1.79 0
11:38 745.74 24 37 1.79 0
11:39 745.74 24 37 .89 0
11:40 745.74 24.06 37 1.79 0
11:41 745.74 24.11 38 3.13 0
11:42 745.74 24.06 37 4.02 0
11:43 745.74 24 38 3.58 0
11:44 745.74 23.89 37 4.02 0
11:45 745.74 23.78 37 2.68 0
11:46 745.74 23.72 39 1.79 0
11:47 745.74 23.72 39 2.68 0
11:48 745.74 23.72 39 1.34 0
11:49 745.74 23.72 37 .45 0
11:50 745.74 23.78 38 0 0
11:51 745.74 23.83 38 1.79 0
11:52 745.74 23.83 37 1.79 0
11:53 745.74 23.83 38 1.79 0
11:54 745.74 23.83 37 .89 0
11:55 745.74 23.83 37 .45 0
11:56 745.74 23.83 37 .89 0
11:57 745.74 23.83 37 .45 0
11:58 745.74 23.89 38 .45 0
11:59 745.74 23.94 37 0 0
12:00 745.74 24.06 38 .89 0
12:01 745.74 24.11 38 .89 0
12:02 745.49 24.17 38 .45 0
12:03 745.74 24.22 38 .45 0
12:04 745.74 24.22 38 .89 0
12:05 745.49 24.28 38 .89 0
12:06 745.74 24.33 38 .89 0
12:07 745.74 24.33 39 1.34 0
12:08 745.74 24.33 39 .45 0
12:09 745.74 24.39 39 .89 0
12:10 745.74 24.39 40 2.68 0
12:11 745.74 24.44 39 2.68 0
12:12 745.74 24.44 39 .89 0
12:13 745.74 24.5 38 2.24 0
12:14 745.74 24.5 39 1.34 0
12:15 745.74 24.5 38 2.24 0
12:16 745.49 24.39 37 1.79 0
12:17 745.49 24.39 39 3.58 0
12:18 745.49 24.33 37 1.34 0
12:19 745.49 24.28 38 1.79 0
12:20 745.49 24.28 38 3.58 0
12:21 745.49 24.28 38 4.92 0
12:22 745.49 24.22 37 4.92 0
12:23 745.49 24.17 37 2.24 0
12:24 745.49 24.17 37 .89 0
12:25 745.49 24.17 37 2.24 0
12:26 745.49 24.17 37 .89 0
12:27 745.49 24.17 37 .45 0
12:28 745.49 24.28 38 0 0
12:29 745.49 24.33 38 .45 0
12:30 745.49 24.5 38 .45 0
12:31 745.49 24.56 39 1.34 0
12:32 745.49 24.56 37 .45 0
12:33 745.49 24.61 37 1.34 0
12:34 745.49 24.67 37 1.34 0
12:35 745.49 24.67 38 1.34 0
12:36 745.49 24.72 37 0 0
12:37 745.49 24.78 36 1.34 0
12:38 745.49 24.83 36 1.79 0
12:39 745.49 24.89 36 3.13 0
12:40 745.24 24.89 37 1.79 0
12:41 745.24 24.94 37 4.92 0
12:42 745.24 24.94 38 3.58 0
12:43 745.49 25 37 2.24 0
12:44 745.49 24.94 38 4.47 0
12:45 745.24 24.89 37 1.34 0
12:46 745.49 24.83 39 2.68 0
12:47 745.49 24.83 38 4.47 0
12:48 745.49 24.72 37 3.13 0
12:49 745.49 24.67 37 3.58 0
12:50 745.49 24.61 38 1.79 0
12:51 745.49 24.61 38 1.79 0
12:52 745.24 24.61 38 1.34 0
12:53 745.24 24.67 40 2.68 0
12:54 745.24 24.72 39 3.58 0
12:55 745.24 24.78 38 1.79 0
12:56 745.24 24.83 37 .89 0
12:57 745.24 24.83 36 .45 0
12:58 745.24 24.89 36 1.79 0
12:59 745.24 24.83 38 4.02 0
13:00 745.24 24.83 37 2.24 0
13:01 745.24 24.83 37 5.81 0
13:02 745.24 24.78 38 4.02 0
13:03 745.24 24.78 38 2.24 0
13:04 745.24 24.78 39 1.34 0
13:05 745.24 24.78 38 .89 0
13:06 745.24 24.83 38 4.02 0
13:07 745.24 24.83 37 1.34 0
13:08 745.24 24.72 36 .89 0
13:09 745.24 24.72 37 2.24 0
13:10 745.24 24.72 37 1.34 0
13:11 745.24 24.67 37 1.79 0
13:12 745.24 24.67 38 2.24 0
13:13 745.24 24.67 38 1.79 0
13:14 745.24 24.72 37 3.58 0
13:15 745.24 24.72 38 3.13 0
13:16 745.24 24.72 38 2.68 0
13:17 745.24 24.78 38 4.92 0
13:18 745.24 24.72 37 3.58 0
13:19 745.24 24.67 38 2.68 0
13:20 745.24 24.67 39 1.34 0
13:21 745.24 24.67 39 1.79 0
13:22 745.24 24.72 38 3.13 0
13:23 745.24 24.72 38 1.79 0
13:24 745.24 24.78 38 .89 0
13:25 745.24 24.83 37 .45 0
13:26 745.24 24.83 37 .45 0
13:27 745.49 24.83 36 .45 0
13:28 745.24 24.89 37 .89 0
13:29 745.24 24.89 36 1.34 0
13:30 745.24 24.94 37 .89 0
13:31 745.24 25 37 1.34 0
13:32 745.24 25.06 37 .45 0
13:33 745.24 25.11 36 .45 0
13:34 745.24 25.17 37 0 0
13:35 745.24 25.28 38 .89 0
13:36 745.24 25.39 37 .89 0
13:37 745.24 25.39 36 0 0
13:38 745.24 25.44 36 .45 0
13:39 745.24 25.5 37 1.34 0
13:40 745.24 25.61 37 1.79 0
13:41 745.24 25.72 37 1.34 0
13:42 745.24 25.83 37 1.34 0
13:43 745.24 25.89 37 2.68 0
13:44 745.24 25.94 36 3.58 0
13:45 745.24 25.89 36 1.79 0
13:46 745.24 25.89 38 3.13 0
13:47 745.24 25.94 37 3.13 0
13:48 745.24 26 36 .89 0
13:49 745.24 26.06 38 2.68 0
13:50 745.24 26.11 38 3.58 0
13:51 745.24 26.06 38 2.24 0
13:52 745.24 25.94 36 2.68 0
13:53 745.24 25.83 37 3.58 0
13:54 745.24 25.67 36 2.24 0
13:55 745.24 25.5 37 3.58 0
13:56 745.24 25.44 36 2.24 0
13:57 745.24 25.33 37 2.24 0
13:58 745.24 25.28 36 .89 0
13:59 745.24 25.28 37 .89 0
14:00 745.24 25.28 38 3.13 0
14:01 745.24 25.33 37 .45 0
14:02 745.24 25.39 37 1.79 0
14:03 745.24 25.44 37 1.79 0
14:04 745.24 25.44 37 1.34 0
14:05 745.24 25.44 37 .45 0
14:06 744.98 25.56 37 2.24 0
14:07 745.24 25.61 37 1.34 0
14:08 745.24 25.72 38 1.79 0
14:09 744.98 25.72 37 1.34 0
14:10 744.98 25.78 36 2.24 0
14:11 744.98 25.78 37 .89 0
14:12 744.98 25.78 37 .89 0
14:13 744.98 25.83 37 1.34 0
14:14 744.98 25.89 36 .45 0
14:15 744.98 25.89 38 .89 0
14:16 744.98 26 38 1.79 0
14:17 744.98 26.06 38 4.02 0
14:18 744.98 26 37 4.47 0
14:19 744.98 25.89 37 1.34 0
14:20 744.98 25.83 36 2.24 0
14:21 744.98 25.72 38 1.79 0
14:22 744.98 25.67 37 1.34 0
14:23 744.98 25.67 39 1.34 0
14:24 744.98 25.72 39 2.68 0
14:25 744.98 25.67 37 2.24 0
14:26 744.98 25.67 38 1.34 0
14:27 744.98 25.61 38 1.34 0
14:28 744.98 25.61 38 2.24 0
14:29 744.98 25.56 38 .89 0
14:30 744.98 25.56 39 .89 0
14:31 744.98 25.56 38 .89 0
14:32 744.98 25.56 38 0 0
14:33 744.98 25.61 37 2.24 0
14:34 744.98 25.72 37 1.79 0
14:35 744.98 25.78 38 1.34 0
14:36 744.98 25.83 38 1.34 0
14:37 744.98 25.83 37 1.79 0
14:38 744.98 25.89 38 .89 0
14:39 744.98 25.89 37 1.79 0
14:40 744.98 25.83 37 1.34 0
14:41 744.98 25.83 37 .89 0
14:42 744.98 25.83 37 2.24 0
14:43 744.98 25.83 37 1.34 0
14:44 744.98 25.83 37 1.34 0
14:45 744.98 25.83 37 .89 0
14:46 744.98 25.89 37 1.34 0
14:47 744.73 25.94 38 1.79 0
14:48 744.98 25.94 37 .89 0
14:49 744.98 26.06 38 1.79 0
14:50 744.98 26.11 38 .45 0
14:51 744.73 26.22 38 1.34 0
14:52 744.98 26.33 38 3.13 0
14:53 744.98 26.39 38 1.79 0
14:54 744.98 26.44 38 2.24 0
14:55 744.98 26.44 39 2.24 0
14:56 744.98 26.44 37 .89 0
14:57 744.98 26.33 37 1.79 0
14:58 744.98 26.33 38 1.79 0
14:59 744.73 26.28 39 .89 0
15:00 744.98 26.28 39 3.13 0
15:01 744.73 26.28 37 3.58 0
15:02 744.73 26.28 37 3.58 0
15:03 744.73 26.22 37 3.13 0
15:04 744.73 26.22 37 1.79 0
15:05 744.73 26.17 37 2.24 0
15:06 744.73 26.17 37 1.34 0
15:07 744.73 26.17 39 .89 0
15:08 744.73 26.28 39 .45 0
15:09 744.73 26.33 38 .45 0
15:10 744.73 26.39 38 .89 0
15:11 744.73 26.44 38 1.34 0
15:12 744.73 26.44 38 1.34 0
15:13 744.73 26.44 38 1.34 0
15:14 744.73 26.33 37 1.34 0
15:15 744.73 26.33 38 1.79 0
15:16 744.73 26.22 37 1.79 0
15:17 744.73 26.17 38 .89 0
15:18 744.73 26.17 39 .45 0
15:19 744.73 26.28 39 1.34 0
15:20 744.73 26.33 38 1.34 0
15:21 744.73 26.39 38 .89 0
15:22 744.73 26.44 38 4.02 0
15:23 744.73 26.56 39 5.81 0
15:24 744.73 26.56 39 6.71 0
15:25 744.73 26.5 39 4.02 0
15:26 744.73 26.39 38 5.36 0
15:27 744.73 26.28 38 3.58 0
15:28 744.73 26.17 38 1.79 0
15:29 744.73 26.11 39 1.79 0
15:30 744.73 26.11 39 3.58 0
15:31 744.73 26.11 39 2.68 0
15:32 744.73 26.11 38 4.47 0
15:33 744.73 26.11 39 3.58 0
15:34 744.73 26.11 38 2.68 0
15:35 744.73 26.11 38 .45 0
15:36 744.73 26.17 39 1.34 0
15:37 744.73 26.22 38 .89 0
15:38 744.73 26.22 38 .89 0
15:39 744.73 26.28 38 .89 0
15:40 744.73 26.33 40 3.13 0
15:41 744.73 26.39 39 1.34 0
15:42 744.73 26.39 38 2.68 0
15:43 744.73 26.44 38 1.34 0
15:44 744.73 26.44 37 0 0
15:45 744.73 26.44 37 0 0
15:46 744.73 26.44 37 0 0
15:47 744.73 26.5 38 1.34 0
15:48 744.73 26.56 38 1.34 0
15:49 744.73 26.67 38 1.79 0
15:50 744.73 26.72 38 2.68 0
15:51 744.73 26.83 39 1.34 0
15:52 744.73 26.94 38 1.34 0
15:53 744.73 27.06 39 1.79 0
15:54 744.73 27.11 40 2.24 0
15:55 744.73 27.11 37 1.34 0
15:56 744.73 27.06 38 3.58 0
15:57 744.73 27 37 3.58 0
15:58 744.73 26.89 37 3.58 0
15:59 744.73 26.83 38 2.24 0
16:00 744.73 26.72 37 1.34 0
16:01 744.73 26.72 38 1.34 0
16:02 744.73 26.72 38 1.79 0
16:03 744.73 26.72 38 2.24 0
16:04 744.73 26.72 37 1.34 0
16:05 744.73 26.72 37 0 0
16:06 744.73 26.72 37 1.79 0
16:07 744.73 26.78 38 1.34 0
16:08 744.73 26.89 38 3.13 0
16:09 744.73 27 38 2.24 0
16:10 744.73 27.06 38 3.58 0
16:11 744.73 27.11 38 1.79 0
16:12 744.73 27.22 38 1.79 0
16:13 744.73 27.28 38 1.34 0
16:14 744.73 27.28 38 .89 0
16:15 744.73 27.33 37 4.02 0
16:16 744.73 27.28 37 1.34 0
16:17 744.73 27.28 38 1.79 0
16:18 744.73 27.28 38 3.13 0
16:19 744.47 27.22 38 1.34 0
16:20 744.73 27.17 37 0 0
16:21 744.47 27.06 37 1.34 0
16:22 744.47 27 37 1.79 0
16:23 744.47 26.94 37 1.79 0
16:24 744.47 26.94 38 1.34 0
16:25 744.47 26.94 38 1.34 0
16:26 744.47 26.89 38 2.68 0
16:27 744.47 26.83 38 1.79 0
16:28 744.47 26.83 38 .89 0
16:29 744.47 26.78 39 3.13 0
16:30 744.47 26.83 38 .45 0
16:31 744.47 26.89 40 1.34 0
16:32 744.47 26.94 39 0 0
16:33 744.47 27.06 39 .89 0
16:34 744.47 27.11 38 1.34 0
16:35 744.47 27.17 38 .45 0
16:36 744.47 27.22 38 1.34 0
16:37 744.47 27.22 39 2.24 0
16:38 744.47 27.22 38 .45 0
16:39 744.47 27.28 38 3.13 0
16:40 744.47 27.28 38 1.79 0
16:41 744.47 27.28 39 1.79 0
16:42 744.47 27.33 38 1.34 0
16:43 744.47 27.33 38 0 0
16:44 744.47 27.33 39 1.34 0
16:45 744.47 27.39 39 2.24 0
16:46 744.47 27.33 38 3.13 0
16:47 744.47 27.28 38 2.24 0
16:48 744.47 27.11 39 4.92 0
16:49 744.47 27.06 39 1.34 0
16:50 744.47 26.94 39 1.34 0
16:51 744.47 26.94 38 1.79 0
16:52 744.47 26.83 38 1.34 0
16:53 744.47 26.78 39 1.79 0
16:54 744.47 26.78 39 2.68 0
16:55 744.47 26.72 39 2.68 0
16:56 744.47 26.67 38 1.79 0
16:57 744.47 26.61 38 1.79 0
16:58 744.47 26.56 39 3.58 0
16:59 744.47 26.56 39 2.24 0
17:00 744.47 26.56 40 2.24 0
17:01 744.47 26.56 40 .89 0
17:02 744.47 26.61 40 2.24 0
17:03 744.47 26.67 40 3.58 0
17:04 744.47 26.67 40 2.24 0
17:05 744.47 26.72 40 2.68 0
17:06 744.47 26.72 39 1.34 0
17:07 744.47 26.72 39 .89 0
17:08 744.47 26.72 39 2.24 0
17:09 744.47 26.78 40 1.79 0
17:10 744.47 26.83 40 .45 0
17:11 744.47 26.94 39 1.79 0
17:12 744.47 26.94 39 1.34 0
17:13 744.47 26.94 39 .45 0
17:14 744.47 27 40 4.02 0
17:15 744.47 27 39 2.68 0
17:16 744.47 27 39 1.34 0
17:17 744.47 26.94 39 .89 0
17:18 744.47 26.89 39 1.79 0
17:19 744.47 26.83 39 1.34 0
17:20 744.47 26.72 40 1.34 0
17:21 744.47 26.72 40 2.24 0
17:22 744.47 26.67 39 1.79 0
17:23 744.47 26.56 40 2.24 0
17:24 744.47 26.56 40 .89 0
17:25 744.47 26.5 41 .89 0
17:26 744.47 26.5 41 1.79 0
17:27 744.47 26.5 41 .89 0
17:28 744.47 26.44 42 1.79 0
17:29 744.47 26.44 41 .89 0
17:30 744.47 26.39 41 .89 0
17:31 744.47 26.39 41 1.34 0
17:32 744.47 26.39 41 .89 0
17:33 744.47 26.33 41 1.34 0
17:34 744.47 26.33 41 1.34 0
17:35 744.47 26.33 40 1.34 0
17:36 744.47 26.33 41 .45 0
17:37 744.47 26.39 42 1.34 0
17:38 744.47 26.44 41 .89 0
17:39 744.47 26.44 41 .89 0
17:40 744.47 26.44 40 .89 0
17:41 744.47 26.5 41 .45 0
17:42 744.47 26.56 41 0 0
17:43 744.47 26.61 41 0 0
17:44 744.47 26.72 40 1.79 0
17:45 744.47 26.72 40 2.24 0
17:46 744.47 26.78 40 2.24 0
17:47 744.47 26.78 40 2.24 0
17:48 744.47 26.78 40 1.79 0
17:49 744.47 26.78 40 1.79 0
17:50 744.47 26.83 40 1.79 0
17:51 744.47 26.83 40 1.79 0
17:52 744.47 26.83 39 1.79 0
17:53 744.47 26.83 39 1.34 0
17:54 744.47 26.83 39 .45 0
17:55 744.47 26.89 40 .89 0
17:56 744.47 26.94 41 1.34 0
17:57 744.47 27 40 .45 0
17:58 744.47 27.06 40 .45 0
17:59 744.47 27.11 40 1.79 0
18:00 744.47 27.17 41 .89 0
18:01 744.22 27.17 40 1.34 0
18:02 744.47 27.22 39 1.34 0
18:03 744.47 27.17 39 .89 0
18:04 744.47 27.17 39 .89 0
18:05 744.47 27.17 40 1.79 0
18:06 744.22 27.22 40 3.13 0
18:07 744.47 27.28 39 2.24 0
18:08 744.47 27.22 40 1.34 0
18:09 744.47 27.17 40 1.79 0
18:10 744.47 27.11 40 3.58 0
18:11 744.47 27.11 40 2.24 0
18:12 744.22 27.06 40 1.34 0
18:13 744.47 27.06 40 1.79 0
18:14 744.47 27.06 40 2.24 0
18:15 744.47 27 40 1.79 0
18:16 744.47 27 40 1.79 0
18:17 744.47 27 40 1.79 0
18:18 744.47 26.94 40 1.79 0
18:19 744.47 26.94 41 1.79 0
18:20 744.47 26.89 40 .45 0
18:21 744.47 26.89 41 .89 0
18:22 744.47 26.89 41 1.79 0
18:23 744.47 26.89 41 1.79 0
18:24 744.47 26.94 41 .89 0
18:25 744.47 26.94 42 1.34 0
18:26 744.47 26.94 41 1.79 0
18:27 744.47 26.94 41 2.68 0
18:28 744.47 26.94 41 1.79 0
18:29 744.47 26.94 42 1.79 0
18:30 744.47 26.94 42 1.34 0
18:31 744.47 27.06 41 1.79 0
18:32 744.47 27 41 1.34 0
18:33 744.47 27.06 41 1.79 0
18:34 744.47 27 41 .89 0
18:35 744.47 27.06 41 3.13 0
18:36 744.47 27 41 1.79 0
18:37 744.47 26.94 41 3.13 0
18:38 744.47 26.94 41 3.58 0
18:39 744.47 26.94 41 1.34 0
18:40 744.47 26.89 41 .89 0
18:41 744.47 26.89 41 1.34 0
18:42 744.47 26.94 42 .89 0
18:43 744.47 26.94 43 1.34 0
18:44 744.47 27 43 1.34 0
18:45 744.47 27.06 43 .45 0
18:46 744.47 27.06 42 .89 0
18:47 744.47 27.11 43 1.79 0
18:48 744.47 27.06 42 1.34 0
18:49 744.47 27.06 42 1.79 0
18:50 744.47 27 42 1.34 0
18:51 744.47 26.94 43 1.79 0
18:52 744.47 26.89 43 1.79 0
18:53 744.47 26.83 43 .89 0
18:54 744.47 26.72 43 .45 0
18:55 744.47 26.72 43 1.34 0
18:56 744.47 26.72 43 .45 0
18:57 744.47 26.72 44 1.34 0
18:58 744.47 26.72 44 .89 0
18:59 744.47 26.78 44 .45 0
19:00 744.47 26.72 44 .89 0
19:01 744.47 26.78 44 .89 0
19:02 744.47 26.72 44 0 0
19:03 744.47 26.72 45 0 0
19:04 744.47 26.67 45 .45 0
19:05 744.47 26.67 46 1.34 0
19:06 744.47 26.61 44 1.34 0
19:07 744.47 26.56 45 .89 0
19:08 744.47 26.56 44 .89 0
19:09 744.47 26.5 44 1.34 0
19:10 744.47 26.44 45 .45 0
19:11 744.47 26.44 45 .45 0
19:12 744.47 26.39 45 .45 0
19:13 744.47 26.33 45 .89 0
19:14 744.47 26.33 45 .45 0
19:15 744.47 26.28 45 .89 0
19:16 744.47 26.28 45 .45 0
19:17 744.47 26.22 45 .89 0
19:18 744.47 26.22 45 .89 0
19:19 744.47 26.17 46 .45 0
19:20 744.47 26.22 46 .45 0
19:21 744.47 26.22 46 .89 0
19:22 744.47 26.22 46 .45 0
19:23 744.47 26.22 46 .45 0
19:24 744.47 26.33 46 .45 0
19:25 744.47 26.33 46 .89 0
19:26 744.47 26.33 45 1.34 0
19:27 744.47 26.39 45 1.34 0
19:28 744.47 26.39 45 1.34 0
19:29 744.47 26.39 46 .89 0
19:30 744.47 26.39 45 .45 0
19:31 744.47 26.39 45 .45 0
19:32 744.47 26.39 46 .45 0
19:33 744.47 26.44 46 0 0
19:34 744.47 26.44 45 .45 0
19:35 744.47 26.5 45 1.34 0
19:36 744.47 26.5 44 1.34 0
19:37 744.47 26.5 44 .89 0
19:38 744.47 26.56 45 .45 0
19:39 744.47 26.56 45 .45 0
19:40 744.47 26.56 45 .45 0
19:41 744.47 26.56 44 .89 0
19:42 744.47 26.56 44 .89 0
19:43 744.47 26.56 44 .45 0
19:44 744.47 26.5 44 .45 0
19:45 744.47 26.5 44 .89 0
19:46 744.47 26.44 44 .45 0
19:47 744.47 26.44 44 .89 0
19:48 744.47 26.39 44 .89 0
19:49 744.47 26.33 45 .89 0
19:50 744.47 26.28 44 .89 0
19:51 744.47 26.28 44 1.34 0
19:52 744.47 26.22 44 .45 0
19:53 744.47 26.17 44 .89 0
19:54 744.47 26.11 44 1.34 0
19:55 744.47 26.11 44 .89 0
19:56 744.47 26.06 45 .89 0
19:57 744.47 26 45 .89 0
19:58 744.47 26 45 1.34 0
19:59 744.47 25.94 45 .45 0
20:00 744.47 25.94 45 .89 0
20:01 744.47 25.89 45 .45 0
20:02 744.47 25.89 46 .45 0
20:03 744.47 25.83 46 .45 0
20:04 744.47 25.83 46 .89 0
20:05 744.47 25.78 46 .45 0
20:06 744.47 25.72 46 1.34 0
20:07 744.47 25.72 47 .45 0
20:08 744.47 25.67 47 .45 0
20:09 744.47 25.61 48 .45 0
20:10 744.47 25.56 48 0 0
20:11 744.47 25.5 50 0 0
20:12 744.47 25.44 50 .45 0
20:13 744.47 25.39 52 .45 0
20:14 744.47 25.28 53 0 0
20:15 744.47 25.22 53 .45 0
20:16 744.47 25.17 55 .45 0
20:17 744.47 25.06 54 .45 0
20:18 744.47 25 55 0 0
20:19 744.47 24.89 56 0 0
20:20 744.47 24.78 56 0 0
20:21 744.47 24.67 57 .45 0
20:22 744.47 24.56 56 .45 0
20:23 744.47 24.44 57 .89 0
20:24 744.47 24.39 56 .89 0
20:25 744.47 24.28 56 .89 0
20:26 744.47 24.17 56 .45 0
20:27 744.47 24.17 56 .45 0
20:28 744.47 24.17 56 .45 0
20:29 744.47 24.11 57 .89 0
20:30 744.47 24.11 58 .45 0
20:31 744.47 24.06 58 .89 0
20:32 744.47 24 58 .45 0
20:33 744.47 23.94 58 0 0
20:34 744.47 23.89 58 0 0
20:35 744.47 23.83 59 0 0
20:36 744.47 23.78 60 0 0
20:37 744.47 23.67 60 0 0
20:38 744.47 23.61 60 .45 0
20:39 744.47 23.5 60 .45 0
20:40 744.47 23.44 60 .45 0
20:41 744.47 23.39 61 .45 0
20:42 744.47 23.39 61 0 0
20:43 744.47 23.33 61 0 0
20:44 744.47 23.33 61 .45 0
20:45 744.47 23.33 61 .45 0
20:46 744.47 23.28 60 .45 0
20:47 744.47 23.28 60 .45 0
20:48 744.47 23.28 59 0 0
20:49 744.47 23.22 60 0 0
20:50 744.47 23.22 59 .45 0
20:51 744.47 23.22 57 .45 0
20:52 744.47 23.17 58 0 0
20:53 744.47 23.17 59 0 0
20:54 744.47 23.17 60 .45 0
20:55 744.47 23.17 59 .45 0
20:56 744.47 23.11 59 .45 0
20:57 744.47 23.11 60 .45 0
20:58 744.47 23.06 60 .45 0
20:59 744.47 23.06 60 0 0
21:00 744.47 23.06 60 .45 0
21:01 744.47 23 61 .89 0
21:02 744.47 22.89 62 .89 0
21:03 744.47 22.72 62 1.79 0
21:04 744.47 22.56 63 2.24 0
21:05 744.73 22.28 64 4.92 0
21:06 744.73 21.89 63 5.36 0
21:07 744.73 21.67 64 6.71 0
21:08 744.73 21.67 63 4.02 0
21:09 744.73 21.72 64 4.92 0
21:10 744.73 21.78 63 6.26 0
21:11 744.73 21.83 64 3.58 0
21:12 744.73 21.83 64 7.6 0
21:13 744.73 21.89 64 4.92 0
21:14 744.73 21.89 64 6.26 0
21:15 744.73 21.89 64 3.58 0
21:16 744.73 21.89 64 3.58 0
21:17 744.73 21.89 65 5.36 0
21:18 744.73 21.89 65 4.02 0
21:19 744.73 21.89 65 2.68 0
21:20 744.73 21.89 65 5.36 0
21:21 744.73 21.89 65 2.24 0
21:22 744.73 21.89 65 4.47 0
21:23 744.73 21.94 65 4.02 0
21:24 744.73 21.94 65 2.24 0
21:25 744.73 21.94 65 2.24 0
21:26 744.73 21.94 65 1.34 0
21:27 744.73 21.94 65 2.24 0
21:28 744.73 21.94 65 1.34 0
21:29 744.73 21.94 65 4.02 0
21:30 744.73 21.89 65 4.02 0
21:31 744.73 21.94 65 3.58 0
21:32 744.73 21.94 66 3.58 0
21:33 744.73 21.89 66 4.02 0
21:34 744.73 21.89 66 1.79 0
21:35 744.73 21.89 66 2.68 0
21:36 744.98 21.89 66 2.24 0
21:37 744.73 21.89 66 3.13 0
21:38 744.98 21.89 66 1.34 0
21:39 744.73 21.83 66 2.24 0
21:40 744.98 21.83 66 4.47 0
21:41 744.73 21.78 67 1.79 0
21:42 744.73 21.78 67 2.24 0
21:43 744.73 21.78 67 1.79 0
21:44 744.73 21.72 67 3.13 0
21:45 744.98 21.72 67 3.13 0
21:46 744.73 21.67 67 3.58 0
21:47 744.73 21.67 67 3.58 0
21:48 744.73 21.67 67 1.79 0
21:49 744.98 21.67 68 1.34 0
21:50 744.98 21.61 68 2.24 0
21:51 744.98 21.56 68 2.68 0
21:52 744.98 21.56 68 1.34 0
21:53 744.98 21.56 68 1.34 0
21:54 744.98 21.5 68 1.34 0
21:55 744.98 21.44 68 1.34 0
21:56 744.98 21.39 68 2.24 0
21:57 745.24 21.39 68 1.79 0
21:58 745.24 21.33 69 1.79 0
21:59 745.24 21.28 69 1.79 0
22:00 745.24 21.28 69 1.34 0
22:01 745.24 21.28 69 1.34 0
22:02 745.24 21.22 69 .89 0
22:03 744.98 21.22 69 .89 0
22:04 744.98 21.22 69 0 0
22:05 744.98 21.22 69 .89 0
22:06 744.98 21.17 69 .89 0
22:07 744.98 21.22 69 .89 0
22:08 744.98 21.17 69 .45 0
22:09 744.98 21.22 69 .45 0
22:10 744.98 21.22 69 .89 0
22:11 744.98 21.22 69 .45 0
22:12 744.98 21.22 69 .45 0
22:13 744.98 21.22 69 .45 0
22:14 744.98 21.22 69 .89 0
22:15 744.98 21.17 69 .45 0
22:16 744.98 21.17 69 .45 0
22:17 744.98 21.17 70 .45 0
22:18 744.98 21.17 69 .45 0
22:19 744.98 21.11 69 .45 0
22:20 744.98 21.11 70 .45 0
22:21 744.98 21.17 70 0 0
22:22 744.98 21.11 69 .45 0
22:23 744.98 21.06 70 0 0
22:24 744.98 21.06 70 0 0
22:25 744.98 21.06 70 0 0
22:26 744.98 21.06 70 0 0
22:27 744.98 21 70 .45 0
22:28 744.98 21 71 .89 0
22:29 744.98 20.89 71 .89 0
22:30 744.98 20.83 71 .45 0
22:31 744.98 20.72 71 0 0
22:32 744.98 20.72 71 0 0
22:33 744.98 20.67 71 0 0
22:34 744.98 20.61 71 0 0
22:35 744.98 20.61 72 0 0
22:36 744.98 20.56 72 0 0
22:37 744.73 20.5 72 0 0
22:38 744.73 20.44 72 0 0
22:39 744.73 20.44 72 0 0
22:40 744.73 20.39 72 0 0
22:41 744.73 20.33 72 0 0
22:42 744.73 20.33 72 0 0
22:43 744.73 20.33 73 0 0
22:44 744.73 20.33 73 0 0
22:45 744.73 20.28 73 0 0
22:46 744.73 20.28 73 0 0
22:47 744.73 20.28 73 0 0
22:48 744.73 20.22 73 0 0
22:49 744.98 20.17 73 0 0
22:50 744.73 20.17 73 0 0
22:51 744.98 20.17 74 0 0
22:52 744.73 20.11 74 0 0
22:53 744.73 20.11 74 0 0
22:54 744.73 20.06 74 0 0
22:55 744.73 20.06 74 0 0
22:56 744.73 20.06 74 0 0
22:57 744.73 20 74 0 0
22:58 744.73 20 74 0 0
22:59 744.73 19.94 74 0 0
23:00 744.73 19.94 74 0 0
23:01 744.73 19.94 75 0 0
23:02 744.73 19.89 75 0 0
23:03 744.73 19.89 75 0 0
23:04 744.73 19.83 75 0 0
23:05 744.73 19.83 75 0 0
23:06 744.73 19.83 75 0 0
23:07 744.73 19.78 75 0 0
23:08 744.73 19.78 75 0 0
23:09 744.73 19.78 75 0 0
23:10 744.73 19.78 75 0 0
23:11 744.73 19.72 75 0 0
23:12 744.73 19.72 75 0 0
23:13 744.73 19.72 75 0 0
23:14 744.73 19.72 74 0 0
23:15 744.73 19.72 75 0 0
23:16 744.73 19.72 75 0 0
23:17 744.73 19.72 75 0 0
23:18 744.73 19.72 75 0 0
23:19 744.73 19.72 75 0 0
23:20 744.73 19.67 75 0 0
23:21 744.73 19.67 76 0 0
23:22 744.73 19.61 76 0 0
23:23 744.73 19.61 76 0 0
23:24 744.73 19.61 76 0 0
23:25 744.73 19.56 76 0 0
23:26 744.73 19.56 76 0 0
23:27 744.73 19.56 76 0 0
23:28 744.73 19.5 76 0 0
23:29 744.73 19.5 77 0 0
23:30 744.73 19.44 77 0 0
23:31 744.73 19.44 77 0 0
23:32 744.73 19.39 77 0 0
23:33 744.73 19.39 77 0 0
23:34 744.73 19.33 77 0 0
23:35 744.73 19.33 77 0 0
23:36 744.73 19.33 77 0 0
23:37 744.73 19.28 77 0 0
23:38 744.73 19.28 77 0 0
23:39 744.73 19.28 77 0 0
23:40 744.73 19.28 77 0 0
23:41 744.73 19.28 77 0 0
23:42 744.73 19.28 77 0 0
23:43 744.73 19.28 77 0 0
23:44 744.73 19.28 77 0 0
23:45 744.73 19.28 77 .45 0
23:46 744.73 19.28 77 .45 0
23:47 744.73 19.33 77 .45 0
23:48 744.73 19.33 77 .89 0
23:49 744.73 19.39 77 .45 0
23:50 744.73 19.39 76 .45 0
23:51 744.73 19.44 76 0 0
23:52 744.73 19.44 76 0 0
23:53 744.73 19.5 76 0 0
23:54 744.73 19.5 77 0 0
23:55 744.73 19.5 77 0 0
23:56 744.73 19.44 77 0 0
23:57 744.73 19.44 77 0 0
23:58 744.73 19.39 77 0 0
23:59 744.73 19.39 77 0 0
