00:00 755.14 17.78 54 1.79 0
00:01 755.14 17.78 54 1.79 0
00:02 755.14 17.72 54 1.79 0
00:03 755.14 17.72 54 1.34 0
00:04 755.14 17.72 54 1.34 0
00:05 755.14 17.72 54 1.79 0
00:06 755.14 17.67 54 1.34 0
00:07 755.14 17.67 54 3.13 0
00:08 755.14 17.67 54 .45 0
00:09 755.14 17.61 54 1.79 0
00:10 755.14 17.61 54 1.79 0
00:11 755.14 17.61 54 1.79 0
00:12 755.14 17.61 54 2.24 0
00:13 755.14 17.61 54 3.13 0
00:14 755.14 17.61 54 1.79 0
00:15 755.14 17.61 54 2.24 0
00:16 755.14 17.61 54 1.79 0
00:17 755.14 17.56 54 3.13 0
00:18 755.14 17.61 54 2.24 0
00:19 755.14 17.56 54 3.13 0
00:20 755.14 17.56 54 2.24 0
00:21 755.14 17.56 54 2.24 0
00:22 755.14 17.56 54 3.13 0
00:23 755.14 17.56 54 1.79 0
00:24 755.14 17.5 54 2.24 0
00:25 755.14 17.5 54 3.58 0
00:26 755.14 17.5 54 1.79 0
00:27 755.14 17.5 54 2.24 0
00:28 755.14 17.5 54 1.34 0
00:29 755.14 17.5 54 2.68 0
00:30 755.14 17.5 54 3.13 0
00:31 755.14 17.5 54 1.79 0
00:32 755.14 17.5 54 2.24 0
00:33 755.14 17.5 54 1.34 0
00:34 755.14 17.44 55 2.68 0
00:35 755.14 17.44 55 1.34 0
00:36 755.14 17.44 55 .89 0
00:37 755.14 17.39 55 1.34 0
00:38 755.14 17.39 55 1.34 0
00:39 755.14 17.33 55 1.79 0
00:40 755.14 17.33 55 2.68 0
00:41 755.14 17.33 54 1.34 0
00:42 755.14 17.33 55 3.13 0
00:43 755.14 17.28 55 1.34 0
00:44 755.14 17.28 55 1.79 0
00:45 755.14 17.28 55 1.34 0
00:46 755.14 17.28 55 1.34 0
00:47 755.14 17.22 55 3.13 0
00:48 755.14 17.22 55 2.68 0
00:49 755.14 17.22 55 1.34 0
00:50 755.14 17.22 55 2.68 0
00:51 755.14 17.17 55 3.13 0
00:52 755.14 17.22 55 1.79 0
00:53 755.14 17.17 55 2.68 0
00:54 755.14 17.17 55 3.13 0
00:55 755.14 17.17 55 3.58 0
00:56 755.14 17.17 55 .89 0
00:57 755.14 17.17 55 1.34 0
00:58 755.14 17.17 55 2.68 0
00:59 755.14 17.17 55 1.34 0
01:00 755.14 17.17 55 3.13 0
01:01 754.89 17.17 55 2.68 0
01:02 755.14 17.11 55 1.79 0
01:03 755.14 17.11 56 1.34 0
01:04 755.14 17.06 56 3.13 0
01:05 755.14 17.06 55 1.79 0
01:06 755.14 17.06 56 1.79 0
01:07 755.14 17.06 56 1.79 0
01:08 755.14 17.06 56 1.34 0
01:09 755.14 17.06 56 .89 0
01:10 755.14 17.06 56 3.13 0
01:11 755.14 17.06 56 .89 0
01:12 755.14 17.06 56 1.34 0
01:13 755.14 17.06 56 2.68 0
01:14 755.14 17.06 56 2.24 0
01:15 755.14 17.06 56 .89 0
01:16 755.14 17.06 56 2.24 0
01:17 755.14 17 56 3.13 0
01:18 755.14 17.06 56 1.79 0
01:19 755.14 17 56 1.79 0
01:20 755.14 17 56 1.79 0
01:21 755.14 17 56 3.58 0
01:22 755.14 17 56 2.68 0
01:23 755.14 16.94 56 1.34 0
01:24 755.14 16.94 56 3.13 0
01:25 755.14 16.94 56 3.13 0
01:26 755.14 16.89 56 1.79 0
01:27 755.14 16.89 56 2.68 0
01:28 755.14 16.89 56 1.34 0
01:29 755.14 16.89 56 1.79 0
01:30 755.14 16.89 56 1.79 0
01:31 755.14 16.83 56 1.79 0
01:32 755.14 16.83 56 1.79 0
01:33 755.14 16.83 56 1.34 0
01:34 755.14 16.83 56 1.34 0
01:35 755.14 16.83 56 3.13 0
01:36 755.14 16.83 56 2.68 0
01:37 755.14 16.83 56 3.13 0
01:38 755.14 16.83 56 1.79 0
01:39 755.14 16.83 56 3.58 0
01:40 755.14 16.89 56 4.02 0
01:41 755.14 16.89 56 2.24 0
01:42 755.14 16.89 56 2.24 0
01:43 755.14 16.89 56 1.79 0
01:44 755.14 16.89 56 3.58 0
01:45 755.14 16.89 56 2.68 0
01:46 755.14 16.89 56 2.68 0
01:47 755.14 16.89 56 1.79 0
01:48 755.14 16.89 56 2.68 0
01:49 755.14 16.89 56 1.79 0
01:50 755.14 16.83 56 .89 0
01:51 755.14 16.83 56 1.34 0
01:52 755.14 16.83 56 2.68 0
01:53 755.14 16.83 56 .45 0
01:54 755.14 16.78 56 3.13 0
01:55 755.14 16.83 56 2.24 0
01:56 755.14 16.83 57 1.79 0
01:57 754.89 16.83 56 1.79 0
01:58 754.89 16.78 56 1.34 0
01:59 755.14 16.78 57 1.79 0
02:00 754.89 16.83 56 3.13 0
02:01 754.89 16.78 57 1.79 0
02:02 754.89 16.78 57 .89 0
02:03 754.89 16.72 57 2.68 0
02:04 755.14 16.72 57 2.68 0
02:05 755.14 16.72 57 .89 0
02:06 755.14 16.67 57 1.79 0
02:07 754.89 16.67 57 3.58 0
02:08 754.89 16.67 57 2.24 0
02:09 755.14 16.67 57 2.68 0
02:10 755.14 16.67 57 1.34 0
02:11 755.14 16.61 57 1.34 0
02:12 754.89 16.61 57 3.13 0
02:13 754.89 16.56 57 2.24 0
02:14 754.89 16.56 58 1.79 0
02:15 754.89 16.56 58 3.13 0
02:16 754.89 16.56 58 2.24 0
02:17 754.89 16.5 58 1.79 0
02:18 754.89 16.5 58 1.79 0
02:19 755.14 16.44 58 1.34 0
02:20 754.89 16.44 58 3.58 0
02:21 754.89 16.44 58 1.34 0
02:22 754.89 16.44 58 1.79 0
02:23 754.89 16.44 58 1.79 0
02:24 754.89 16.44 58 2.24 0
02:25 754.89 16.44 58 1.79 0
02:26 754.89 16.39 58 1.79 0
02:27 754.89 16.39 58 1.34 0
02:28 755.14 16.39 58 1.79 0
02:29 754.89 16.39 58 1.34 0
02:30 754.89 16.39 58 1.79 0
02:31 755.14 16.33 58 3.13 0
02:32 754.89 16.33 58 1.79 0
02:33 754.89 16.33 58 1.79 0
02:34 754.89 16.33 58 1.79 0
02:35 754.89 16.33 58 1.34 0
02:36 754.89 16.33 58 3.13 0
02:37 754.89 16.33 58 1.34 0
02:38 754.89 16.28 58 1.79 0
02:39 754.89 16.28 58 3.13 0
02:40 754.89 16.28 58 3.13 0
02:41 754.89 16.28 58 3.13 0
02:42 754.89 16.28 58 1.79 0
02:43 754.89 16.28 58 3.13 0
02:44 754.89 16.22 58 3.13 0
02:45 754.89 16.22 58 3.13 0
02:46 754.89 16.22 59 1.79 0
02:47 754.89 16.22 58 2.24 0
02:48 754.89 16.22 59 4.02 0
02:49 754.89 16.17 59 1.34 0
02:50 754.89 16.17 59 2.68 0
02:51 754.89 16.17 59 3.13 0
02:52 754.89 16.17 59 1.34 0
02:53 754.89 16.11 59 2.24 0
02:54 754.89 16.11 59 3.58 0
02:55 754.89 16.11 59 3.13 0
02:56 755.14 16.11 59 1.79 0
02:57 755.14 16.11 59 1.79 0
02:58 754.89 16.06 59 2.68 0
02:59 754.89 16.06 59 3.58 0
03:00 754.89 16.06 59 1.79 0
03:01 754.89 16.06 59 1.79 0
03:02 754.89 16.06 59 2.24 0
03:03 754.89 16 59 2.24 0
03:04 754.89 16 59 1.79 0
03:05 754.89 16 59 3.13 0
03:06 754.89 16 59 2.24 0
03:07 754.89 15.94 59 1.79 0
03:08 754.89 15.94 59 1.34 0
03:09 754.89 15.94 59 3.13 0
03:10 754.89 15.89 59 1.79 0
03:11 754.89 15.89 59 3.58 0
03:12 754.89 15.89 59 1.79 0
03:13 754.89 15.89 59 1.79 0
03:14 754.89 15.89 60 3.13 0
03:15 754.89 15.83 60 3.13 0
03:16 754.89 15.83 59 3.13 0
03:17 754.89 15.83 60 2.68 0
03:18 754.89 15.83 60 3.13 0
03:19 754.89 15.83 60 1.79 0
03:20 754.89 15.78 60 2.68 0
03:21 754.89 15.83 60 1.34 0
03:22 754.89 15.78 60 3.13 0
03:23 754.89 15.78 60 2.24 0
03:24 754.89 15.78 60 1.34 0
03:25 754.89 15.72 60 3.13 0
03:26 754.89 15.72 60 1.79 0
03:27 754.89 15.72 60 1.34 0
03:28 754.89 15.72 60 1.79 0
03:29 754.89 15.72 60 3.58 0
03:30 754.89 15.67 60 3.13 0
03:31 754.89 15.72 60 1.79 0
03:32 754.89 15.72 60 2.68 0
03:33 754.89 15.67 60 3.58 0
03:34 754.89 15.67 60 1.34 0
03:35 754.89 15.67 60 1.79 0
03:36 754.89 15.67 60 1.34 0
03:37 754.89 15.61 60 1.79 0
03:38 754.89 15.61 60 3.13 0
03:39 754.89 15.61 60 1.79 0
03:40 754.89 15.61 60 1.79 0
03:41 754.89 15.61 60 1.79 0
03:42 754.89 15.56 60 4.02 0
03:43 754.89 15.61 60 2.68 0
03:44 754.89 15.56 60 3.58 0
03:45 754.89 15.56 60 1.79 0
03:46 754.89 15.56 60 1.79 0
03:47 754.89 15.56 60 3.13 0
03:48 754.89 15.5 60 3.13 0
03:49 754.89 15.5 60 3.13 0
03:50 754.89 15.5 60 1.79 0
03:51 754.89 15.5 60 3.13 0
03:52 754.89 15.44 60 2.68 0
03:53 754.63 15.5 60 .89 0
03:54 754.63 15.5 60 1.79 0
03:55 754.63 15.44 61 4.02 0
03:56 754.89 15.44 61 1.79 0
03:57 754.63 15.44 61 1.34 0
03:58 754.89 15.44 61 2.24 0
03:59 754.63 15.44 61 1.79 0
04:00 754.63 15.39 61 2.24 0
04:01 754.63 15.39 61 3.58 0
04:02 754.89 15.39 61 2.24 0
04:03 754.89 15.33 61 3.13 0
04:04 754.89 15.39 61 1.34 0
04:05 754.89 15.33 61 2.24 0
04:06 754.89 15.33 61 2.24 0
04:07 754.89 15.33 61 1.79 0
04:08 754.89 15.28 61 2.68 0
04:09 754.89 15.28 61 2.68 0
04:10 754.89 15.28 61 1.79 0
04:11 754.89 15.28 61 3.13 0
04:12 754.89 15.28 61 1.79 0
04:13 754.89 15.22 61 3.58 0
04:14 754.89 15.22 61 1.34 0
04:15 754.89 15.22 61 2.68 0
04:16 754.89 15.22 61 2.68 0
04:17 754.89 15.22 61 1.79 0
04:18 754.89 15.22 61 1.34 0
04:19 754.89 15.22 61 3.58 0
04:20 754.89 15.17 61 3.58 0
04:21 754.89 15.22 61 2.68 0
04:22 754.89 15.17 62 2.68 0
04:23 754.89 15.17 62 1.79 0
04:24 754.89 15.17 62 1.79 0
04:25 754.89 15.17 62 3.13 0
04:26 754.89 15.11 62 2.24 0
04:27 754.89 15.11 62 3.58 0
04:28 754.63 15.11 62 1.79 0
04:29 754.89 15.11 62 3.13 0
04:30 754.63 15.11 62 1.79 0
04:31 754.89 15.11 62 3.13 0
04:32 754.63 15.11 62 1.34 0
04:33 754.63 15.06 62 1.34 0
04:34 754.63 15.06 62 3.13 0
04:35 754.89 15 62 1.79 0
04:36 754.89 15 62 3.58 0
04:37 754.89 15 62 2.24 0
04:38 754.89 15 62 4.02 0
04:39 754.63 15 62 3.13 0
04:40 754.63 15 62 1.79 0
04:41 754.63 15 62 4.02 0
04:42 754.63 15 62 1.79 0
04:43 754.63 15 62 .89 0
04:44 754.89 15 62 1.79 0
04:45 754.89 14.94 62 1.34 0
04:46 754.89 14.94 62 3.13 0
04:47 754.63 14.89 62 3.13 0
04:48 754.89 14.89 62 2.68 0
04:49 754.63 14.89 63 2.24 0
04:50 754.89 14.89 62 2.68 0
04:51 754.63 14.89 63 2.68 0
04:52 754.89 14.83 63 1.79 0
04:53 754.63 14.83 63 1.79 0
04:54 754.63 14.83 63 1.79 0
04:55 754.63 14.83 63 1.79 0
04:56 754.89 14.78 63 2.24 0
04:57 754.63 14.83 63 1.79 0
04:58 754.63 14.78 63 3.58 0
04:59 754.63 14.78 63 1.79 0
05:00 754.63 14.78 63 .89 0
05:01 754.63 14.78 63 1.79 0
05:02 754.63 14.78 63 1.79 0
05:03 754.63 14.78 63 3.58 0
05:04 754.63 14.78 63 2.24 0
05:05 754.63 14.72 63 3.58 0
05:06 754.63 14.78 63 1.79 0
05:07 754.63 14.72 63 1.34 0
05:08 754.63 14.72 63 1.34 0
05:09 754.63 14.67 63 .45 0
05:10 754.63 14.67 63 1.79 0
05:11 754.63 14.67 63 .89 0
05:12 754.63 14.67 63 3.13 0
05:13 754.63 14.67 63 .89 0
05:14 754.63 14.61 63 4.02 0
05:15 754.63 14.67 63 4.02 0
05:16 754.63 14.61 63 1.79 0
05:17 754.63 14.67 63 3.13 0
05:18 754.63 14.67 63 3.13 0
05:19 754.63 14.67 63 2.24 0
05:20 754.63 14.67 63 3.58 0
05:21 754.63 14.67 63 1.34 0
05:22 754.63 14.67 63 2.24 0
05:23 754.89 14.67 63 2.68 0
05:24 754.63 14.67 63 3.13 0
05:25 754.63 14.67 63 1.79 0
05:26 754.89 14.67 63 1.34 0
05:27 754.89 14.67 63 1.79 0
05:28 754.63 14.67 63 1.79 0
05:29 754.89 14.67 63 1.34 0
05:30 754.89 14.67 63 1.79 0
05:31 754.89 14.67 63 1.79 0
05:32 754.89 14.61 63 2.24 0
05:33 754.63 14.61 63 3.13 0
05:34 754.89 14.56 63 1.79 0
05:35 754.89 14.61 64 2.24 0
05:36 754.89 14.56 64 1.34 0
05:37 754.89 14.56 64 1.79 0
05:38 754.89 14.56 64 3.13 0
05:39 754.89 14.56 64 3.58 0
05:40 754.89 14.61 64 2.24 0
05:41 754.89 14.61 64 3.58 0
05:42 754.89 14.61 64 2.68 0
05:43 754.89 14.61 64 2.24 0
05:44 754.89 14.61 64 1.79 0
05:45 754.89 14.61 64 3.13 0
05:46 754.89 14.61 63 2.24 0
05:47 754.89 14.61 63 1.79 0
05:48 754.89 14.61 64 2.68 0
05:49 754.89 14.61 64 3.58 0
05:50 754.89 14.61 64 2.24 0
05:51 754.89 14.61 64 1.79 0
05:52 754.89 14.61 64 1.34 0
05:53 754.89 14.61 64 2.68 0
05:54 754.89 14.61 64 4.47 0
05:55 754.89 14.61 64 3.58 0
05:56 754.89 14.61 64 1.79 0
05:57 754.89 14.61 64 2.68 0
05:58 754.89 14.61 64 1.79 0
05:59 754.63 14.61 64 2.24 0
06:00 754.89 14.61 64 2.68 0
06:01 754.89 14.67 63 3.58 0
06:02 754.89 14.67 64 1.34 0
06:03 754.89 14.67 64 3.58 0
06:04 754.89 14.67 63 1.79 0
06:05 754.89 14.67 64 2.24 0
06:06 754.89 14.67 64 2.24 0
06:07 754.89 14.67 63 .89 0
06:08 754.89 14.72 64 1.79 0
06:09 754.89 14.72 64 2.24 0
06:10 754.89 14.72 64 2.24 0
06:11 754.89 14.78 63 3.58 0
06:12 754.89 14.78 63 2.24 0
06:13 754.89 14.78 63 4.47 0
06:14 754.89 14.78 63 3.13 0
06:15 754.89 14.78 63 3.58 0
06:16 754.89 14.78 63 1.34 0
06:17 754.89 14.83 63 2.24 0
06:18 754.89 14.83 63 2.68 0
06:19 754.89 14.83 63 2.68 0
06:20 754.89 14.83 63 1.79 0
06:21 754.89 14.83 63 1.79 0
06:22 754.89 14.83 63 3.58 0
06:23 754.89 14.83 63 2.68 0
06:24 754.89 14.83 63 1.79 0
06:25 754.89 14.89 63 3.13 0
06:26 754.89 14.89 63 1.34 0
06:27 754.89 14.94 63 2.24 0
06:28 754.89 14.94 63 4.02 0
06:29 754.89 15 63 1.34 0
06:30 754.89 15 63 3.58 0
06:31 754.89 15 63 1.34 0
06:32 754.89 15.06 63 1.79 0
06:33 754.89 15.06 63 1.79 0
06:34 754.89 15.06 63 2.68 0
06:35 754.89 15.06 63 3.58 0
06:36 754.89 15.11 63 1.79 0
06:37 754.89 15.11 63 2.68 0
06:38 754.89 15.11 63 2.24 0
06:39 754.89 15.17 63 3.58 0
06:40 754.89 15.17 63 4.02 0
06:41 754.89 15.17 63 3.13 0
06:42 754.89 15.22 62 2.24 0
06:43 754.89 15.22 62 3.13 0
06:44 754.89 15.22 62 1.34 0
06:45 754.89 15.28 63 3.13 0
06:46 754.89 15.28 62 1.79 0
06:47 754.89 15.28 62 1.34 0
06:48 754.89 15.33 63 1.79 0
06:49 754.89 15.33 62 4.92 0
06:50 754.89 15.33 62 3.13 0
06:51 754.89 15.39 62 1.34 0
06:52 754.89 15.39 62 3.58 0
06:53 754.89 15.39 62 3.13 0
06:54 754.89 15.39 62 1.79 0
06:55 754.89 15.5 62 4.47 0
06:56 754.89 15.5 62 4.47 0
06:57 754.89 15.56 62 3.13 0
06:58 754.89 15.56 62 1.79 0
06:59 754.89 15.56 62 5.36 0
07:00 754.89 15.61 61 3.58 0
07:01 754.89 15.67 62 3.58 0
07:02 754.89 15.67 61 3.58 0
07:03 754.89 15.72 61 3.13 0
07:04 754.89 15.72 61 2.68 0
07:05 754.89 15.78 61 2.24 0
07:06 754.89 15.83 61 4.02 0
07:07 754.89 15.89 61 4.02 0
07:08 754.89 15.89 61 4.92 0
07:09 754.89 15.89 60 4.02 0
07:10 754.89 15.89 61 2.24 0
07:11 754.89 15.89 61 1.34 0
07:12 754.89 15.94 61 2.24 0
07:13 754.89 16 60 4.92 0
07:14 754.89 16.06 60 3.58 0
07:15 754.89 16.11 60 3.13 0
07:16 754.89 16.11 60 3.58 0
07:17 754.89 16.17 60 4.47 0
07:18 754.89 16.17 60 2.24 0
07:19 754.89 16.22 60 4.02 0
07:20 754.89 16.22 60 3.13 0
07:21 754.89 16.22 60 2.68 0
07:22 754.89 16.28 60 2.68 0
07:23 754.89 16.28 59 4.47 0
07:24 754.89 16.28 60 2.68 0
07:25 754.89 16.33 60 .89 0
07:26 754.89 16.39 60 4.02 0
07:27 754.89 16.39 60 3.13 0
07:28 754.89 16.44 59 4.92 0
07:29 754.89 16.5 59 1.79 0
07:30 754.89 16.56 59 .45 0
07:31 754.89 16.61 59 1.34 0
07:32 754.89 16.67 59 2.68 0
07:33 754.89 16.67 59 2.24 0
07:34 754.89 16.72 59 3.13 0
07:35 754.89 16.78 58 1.34 0
07:36 754.89 16.83 59 4.47 0
07:37 754.89 16.83 58 4.47 0
07:38 754.89 16.89 58 3.13 0
07:39 754.89 16.89 58 2.24 0
07:40 754.89 16.94 58 2.24 0
07:41 754.89 17 57 4.47 0
07:42 754.89 17 57 3.58 0
07:43 754.89 17 57 3.58 0
07:44 754.89 17 57 1.79 0
07:45 754.89 17.06 57 2.24 0
07:46 754.89 17.06 57 3.13 0
07:47 754.89 17.11 58 3.58 0
07:48 754.89 17.11 57 3.13 0
07:49 754.89 17.11 57 3.13 0
07:50 754.89 17.17 57 3.13 0
07:51 754.89 17.17 57 1.79 0
07:52 754.89 17.17 57 3.58 0
07:53 754.89 17.17 57 2.24 0
07:54 754.89 17.17 57 2.24 0
07:55 754.89 17.17 57 3.58 0
07:56 754.89 17.17 57 5.36 0
07:57 754.89 17.17 57 1.79 0
07:58 754.89 17.22 57 2.68 0
07:59 754.89 17.28 57 1.79 0
08:00 754.89 17.28 57 3.58 0
08:01 754.89 17.33 56 4.47 0
08:02 754.89 17.33 56 1.34 0
08:03 755.14 17.44 56 2.24 0
08:04 754.89 17.5 56 4.47 0
08:05 754.89 17.5 55 4.47 0
08:06 754.89 17.56 55 3.13 0
08:07 754.89 17.61 55 3.13 0
08:08 754.89 17.67 55 3.13 0
08:09 754.89 17.67 55 1.34 0
08:10 754.89 17.72 55 4.47 0
08:11 754.89 17.78 54 1.79 0
08:12 754.89 17.78 55 3.58 0
08:13 754.89 17.83 54 4.47 0
08:14 754.89 17.83 54 4.47 0
08:15 754.89 17.83 55 3.13 0
08:16 754.89 17.89 55 3.13 0
08:17 754.89 17.94 54 2.68 0
08:18 754.89 18 54 2.68 0
08:19 754.89 18.06 54 3.13 0
08:20 754.89 18.06 54 4.02 0
08:21 754.89 18.11 54 2.68 0
08:22 754.89 18.17 54 1.79 0
08:23 754.89 18.22 54 4.47 0
08:24 754.89 18.22 53 3.58 0
08:25 754.89 18.28 53 2.68 0
08:26 754.89 18.33 53 1.34 0
08:27 754.89 18.39 53 2.24 0
08:28 754.89 18.5 53 4.47 0
08:29 754.89 18.5 53 5.36 0
08:30 754.89 18.56 52 3.58 0
08:31 754.89 18.61 52 4.92 0
08:32 754.89 18.67 52 .89 0
08:33 754.89 18.78 52 3.58 0
08:34 754.89 18.83 52 5.36 0
08:35 754.89 18.83 51 4.92 0
08:36 754.89 18.83 51 4.02 0
08:37 754.89 18.83 51 4.02 0
08:38 754.89 18.83 51 5.81 0
08:39 754.89 18.83 51 3.13 0
08:40 754.89 18.94 51 .89 0
08:41 754.89 19.06 51 2.68 0
08:42 754.89 19.11 51 1.34 0
08:43 754.89 19.17 50 4.92 0
08:44 754.89 19.17 50 3.58 0
08:45 754.89 19.28 51 4.47 0
08:46 754.89 19.28 50 2.24 0
08:47 754.89 19.33 50 2.68 0
08:48 754.89 19.39 50 1.79 0
08:49 754.89 19.56 50 1.79 0
08:50 754.89 19.61 50 1.79 0
08:51 754.89 19.72 49 2.68 0
08:52 754.89 19.83 50 .89 0
08:53 754.89 19.89 49 2.68 0
08:54 754.89 19.89 49 5.36 0
08:55 754.89 19.89 49 3.58 0
08:56 754.89 19.89 49 4.47 0
08:57 754.89 19.83 49 4.92 0
08:58 754.89 19.83 49 4.47 0
08:59 754.89 19.83 49 3.58 0
09:00 754.89 19.83 49 8.05 0
09:01 754.89 19.83 48 4.02 0
09:02 754.89 19.83 47 3.58 0
09:03 754.89 19.89 47 7.15 0
09:04 754.89 19.89 47 5.36 0
09:05 754.89 19.89 48 1.34 0
09:06 754.89 19.94 48 4.02 0
09:07 754.63 20.06 48 1.79 0
09:08 754.89 20.11 48 4.02 0
09:09 754.63 20.22 48 4.02 0
09:10 754.63 20.22 47 3.13 0
09:11 754.89 20.28 48 2.24 0
09:12 754.63 20.28 48 3.13 0
09:13 754.89 20.39 48 .89 0
09:14 754.63 20.44 47 2.68 0
09:15 754.63 20.56 47 3.58 0
09:16 754.63 20.56 47 3.58 0
09:17 754.89 20.61 47 4.47 0
09:18 754.63 20.67 46 1.79 0
09:19 754.89 20.72 47 2.24 0
09:20 754.63 20.83 46 3.13 0
09:21 754.89 20.89 46 1.34 0
09:22 754.89 20.94 46 3.13 0
09:23 754.63 20.94 46 4.02 0
09:24 754.89 21 47 1.34 0
09:25 754.63 21.06 46 3.13 0
09:26 754.63 21.06 46 3.58 0
09:27 754.63 21.06 45 3.13 0
09:28 754.63 21.06 45 3.58 0
09:29 754.63 21.06 46 4.92 0
09:30 754.63 21.06 45 4.47 0
09:31 754.63 21.06 45 4.47 0
09:32 754.63 21 45 5.81 0
09:33 754.63 21 45 2.24 0
09:34 754.63 21 46 4.02 0
09:35 754.63 21.06 45 2.68 0
09:36 754.63 21.11 45 4.02 0
09:37 754.63 21.22 44 5.36 0
09:38 754.63 21.33 43 1.79 0
09:39 754.63 21.33 43 .89 0
09:40 754.63 21.44 43 2.68 0
09:41 754.63 21.56 43 4.47 0
09:42 754.63 21.56 43 2.24 0
09:43 754.63 21.56 43 2.68 0
09:44 754.63 21.56 44 3.58 0
09:45 754.63 21.61 44 4.47 0
09:46 754.63 21.67 43 2.24 0
09:47 754.63 21.72 43 2.24 0
09:48 754.63 21.78 43 4.02 0
09:49 754.63 21.78 43 3.13 0
09:50 754.63 21.89 43 4.47 0
09:51 754.63 21.94 42 5.36 0
09:52 754.63 21.89 42 3.58 0
09:53 754.63 21.83 42 2.24 0
09:54 754.63 21.89 43 2.24 0
09:55 754.63 21.94 43 3.13 0
09:56 754.63 21.94 43 1.79 0
09:57 754.63 22.06 43 1.79 0
09:58 754.63 22.17 43 5.36 0
09:59 754.63 22.22 42 4.02 0
10:00 754.63 22.28 42 3.58 0
10:01 754.63 22.33 42 1.79 0
10:02 754.63 22.44 42 6.26 0
10:03 754.63 22.5 41 4.02 0
10:04 754.63 22.5 41 5.81 0
10:05 754.63 22.5 41 3.58 0
10:06 754.63 22.44 40 2.24 0
10:07 754.63 22.44 40 3.13 0
10:08 754.63 22.5 39 8.05 0
10:09 754.63 22.5 39 6.71 0
10:10 754.63 22.5 39 4.47 0
10:11 754.63 22.44 39 6.71 0
10:12 754.63 22.39 39 5.36 0
10:13 754.63 22.39 39 5.36 0
10:14 754.63 22.44 39 5.36 0
10:15 754.63 22.44 39 5.36 0
10:16 754.63 22.5 39 3.58 0
10:17 754.63 22.56 39 3.58 0
10:18 754.63 22.61 39 5.36 0
10:19 754.63 22.67 38 5.81 0
10:20 754.63 22.61 39 4.92 0
10:21 754.63 22.67 39 7.6 0
10:22 754.63 22.72 38 6.26 0
10:23 754.63 22.67 38 8.49 0
10:24 754.63 22.67 38 4.02 0
10:25 754.63 22.67 38 4.47 0
10:26 754.63 22.72 39 5.36 0
10:27 754.63 22.78 38 4.92 0
10:28 754.63 22.83 38 5.81 0
10:29 754.38 22.83 38 6.26 0
10:30 754.63 22.78 38 6.71 0
10:31 754.63 22.78 38 5.36 0
10:32 754.38 22.78 38 4.92 0
10:33 754.38 22.83 38 6.71 0
10:34 754.38 22.94 38 4.02 0
10:35 754.38 22.94 37 8.49 0
10:36 754.38 23 37 4.92 0
10:37 754.38 23 37 7.15 0
10:38 754.38 23 36 4.47 0
10:39 754.38 23.06 36 5.36 0
10:40 754.38 23.06 37 5.36 0
10:41 754.38 23.11 36 6.71 0
10:42 754.38 23.22 36 8.05 0
10:43 754.38 23.22 36 4.47 0
10:44 754.38 23.28 36 4.02 0
10:45 754.38 23.39 36 4.47 0
10:46 754.38 23.44 35 6.71 0
10:47 754.38 23.44 36 1.79 0
10:48 754.38 23.5 36 4.92 0
10:49 754.38 23.61 36 1.79 0
10:50 754.38 23.67 36 1.79 0
10:51 754.38 23.83 36 2.68 0
10:52 754.38 23.89 35 4.02 0
10:53 754.38 24 35 6.71 0
10:54 754.38 24.06 35 7.6 0
10:55 754.38 24.11 35 7.6 0
10:56 754.38 24.11 34 5.36 0
10:57 754.38 24.06 34 3.58 0
10:58 754.38 24.06 34 4.02 0
10:59 754.38 24 34 1.34 0
11:00 754.38 24.06 34 2.68 0
11:01 754.38 24.11 34 4.92 0
11:02 754.38 24.06 34 8.05 0
11:03 754.38 24 35 2.24 0
11:04 754.38 24 35 2.24 0
11:05 754.38 24.06 35 3.58 0
11:06 754.38 24.11 36 4.47 0
11:07 754.38 24.22 35 2.68 0
11:08 754.38 24.28 34 2.24 0
11:09 754.38 24.33 34 2.68 0
11:10 754.38 24.39 34 4.02 0
11:11 754.38 24.39 34 4.92 0
11:12 754.38 24.39 34 7.15 0
11:13 754.38 24.33 34 6.26 0
11:14 754.38 24.33 34 1.79 0
11:15 754.38 24.33 34 5.36 0
11:16 754.38 24.33 34 4.02 0
11:17 754.38 24.33 34 .89 0
11:18 754.38 24.39 34 5.36 0
11:19 754.38 24.39 33 1.79 0
11:20 754.38 24.44 34 2.24 0
11:21 754.38 24.56 34 1.34 0
11:22 754.38 24.61 33 2.24 0
11:23 754.38 24.72 34 2.68 0
11:24 754.38 24.78 33 3.13 0
11:25 754.38 24.89 33 3.58 0
11:26 754.38 24.89 33 5.36 0
11:27 754.38 24.89 32 2.68 0
11:28 754.38 24.83 32 1.79 0
11:29 754.38 24.83 32 4.02 0
11:30 754.38 24.83 32 3.13 0
11:31 754.38 24.83 32 1.79 0
11:32 754.38 24.89 32 3.13 0
11:33 754.38 24.89 32 4.92 0
11:34 754.38 24.83 32 4.02 0
11:35 754.38 24.83 32 3.13 0
11:36 754.38 24.83 32 6.71 0
11:37 754.13 24.78 31 4.02 0
11:38 754.13 24.78 32 4.47 0
11:39 754.13 24.78 31 6.26 0
11:40 754.13 24.78 31 3.13 0
11:41 754.13 24.78 31 4.02 0
11:42 754.13 24.78 31 6.71 0
11:43 754.13 24.83 31 2.24 0
11:44 754.13 24.89 31 8.94 0
11:45 754.13 24.83 31 4.92 0
11:46 754.13 24.89 31 3.58 0
11:47 754.13 24.89 31 5.36 0
11:48 754.13 24.89 31 3.13 0
11:49 754.13 24.94 31 4.02 0
11:50 754.13 25 31 8.49 0
11:51 754.13 25 30 8.05 0
11:52 754.13 24.94 30 5.81 0
11:53 754.13 24.94 30 8.94 0
11:54 754.13 24.94 30 7.15 0
11:55 753.87 24.94 29 5.36 0
11:56 753.87 24.94 29 3.58 0
11:57 753.87 24.94 30 6.26 0
11:58 753.87 25 30 3.58 0
11:59 753.87 25.06 30 4.47 0
12:00 753.87 25.06 30 5.81 0
12:01 753.87 25.11 30 6.26 0
12:02 753.87 25.11 30 5.36 0
12:03 753.87 25.17 30 2.68 0
12:04 753.87 25.17 30 3.58 0
12:05 753.87 25.22 29 7.15 0
12:06 753.87 25.28 29 7.15 0
12:07 753.87 25.28 29 6.71 0
12:08 753.87 25.22 29 3.58 0
12:09 753.87 25.22 29 6.71 0
12:10 753.87 25.22 29 7.6 0
12:11 753.87 25.28 28 7.6 0
12:12 753.87 25.28 27 2.24 0
12:13 753.87 25.28 28 5.81 0
12:14 753.87 25.28 28 1.79 0
12:15 753.87 25.28 28 3.13 0
12:16 753.87 25.33 28 5.81 0
12:17 753.87 25.33 28 1.79 0
12:18 753.87 25.39 28 3.13 0
12:19 753.87 25.39 28 2.24 0
12:20 753.87 25.39 28 6.71 0
12:21 753.87 25.33 27 3.58 0
12:22 753.87 25.33 28 3.13 0
12:23 753.87 25.28 28 6.26 0
12:24 753.87 25.28 28 3.58 0
12:25 753.87 25.33 28 7.6 0
12:26 753.87 25.33 28 4.92 0
12:27 753.87 25.39 28 4.02 0
12:28 753.87 25.44 28 6.71 0
12:29 753.87 25.44 28 2.24 0
12:30 753.87 25.44 28 4.02 0
12:31 753.87 25.5 28 .89 0
12:32 753.87 25.61 28 1.34 0
12:33 753.87 25.61 28 4.47 0
12:34 753.87 25.61 28 4.47 0
12:35 753.87 25.56 28 4.92 0
12:36 753.87 25.44 28 6.71 0
12:37 753.87 25.44 28 5.81 0
12:38 753.87 25.44 28 1.79 0
12:39 753.87 25.44 28 2.24 0
12:40 753.87 25.56 29 3.13 0
12:41 753.87 25.61 28 3.13 0
12:42 753.87 25.67 28 5.81 0
12:43 753.62 25.72 28 3.58 0
12:44 753.62 25.83 28 6.26 0
12:45 753.87 25.83 28 1.79 0
12:46 753.87 25.83 28 8.05 0
12:47 753.87 25.83 28 6.71 0
12:48 753.87 25.83 27 6.71 0
12:49 753.87 25.83 28 3.58 0
12:50 753.87 25.89 28 6.26 0
12:51 753.87 25.94 27 9.83 0
12:52 753.87 25.83 27 7.6 0
12:53 753.62 25.83 27 4.02 0
12:54 753.87 25.78 28 4.47 0
12:55 753.87 25.83 28 5.81 0
12:56 753.87 25.83 28 4.92 0
12:57 753.87 25.83 28 3.13 0
12:58 753.87 25.89 28 4.47 0
12:59 753.87 25.89 28 4.02 0
13:00 753.87 25.89 27 4.92 0
13:01 753.87 25.89 27 4.47 0
13:02 753.87 25.83 27 8.05 0
13:03 753.87 25.78 27 2.68 0
13:04 753.87 25.78 27 7.15 0
13:05 753.87 25.72 27 6.26 0
13:06 753.87 25.72 27 7.6 0
13:07 753.87 25.72 27 3.58 0
13:08 753.87 25.67 27 3.58 0
13:09 753.87 25.72 28 4.47 0
13:10 753.87 25.72 27 9.83 0
13:11 753.87 25.67 27 3.13 0
13:12 753.87 25.67 28 4.47 0
13:13 753.87 25.67 28 6.26 0
13:14 753.87 25.67 28 1.79 0
13:15 753.87 25.67 28 4.47 0
13:16 753.87 25.78 28 4.47 0
13:17 753.87 25.78 28 4.92 0
13:18 753.87 25.83 28 3.13 0
13:19 753.87 25.89 28 6.71 0
13:20 753.87 25.89 28 4.47 0
13:21 753.87 25.94 28 7.15 0
13:22 753.87 25.89 27 6.26 0
13:23 753.87 25.89 27 5.81 0
13:24 753.87 25.83 27 7.15 0
13:25 753.87 25.83 27 8.05 0
13:26 753.87 25.83 26 7.15 0
13:27 753.87 25.78 27 2.68 0
13:28 753.62 25.78 27 5.81 0
13:29 753.62 25.83 27 7.15 0
13:30 753.62 25.83 27 6.26 0
13:31 753.62 25.83 27 3.58 0
13:32 753.62 25.89 27 2.68 0
13:33 753.62 25.94 27 2.68 0
13:34 753.62 26 27 2.24 0
13:35 753.62 26.06 27 7.6 0
13:36 753.62 26.11 27 3.58 0
13:37 753.62 26.17 26 2.24 0
13:38 753.62 26.17 26 5.81 0
13:39 753.62 26.17 27 7.15 0
13:40 753.62 26.17 26 2.24 0
13:41 753.62 26.22 27 2.24 0
13:42 753.62 26.28 27 7.15 0
13:43 753.62 26.33 27 4.47 0
13:44 753.62 26.33 26 6.71 0
13:45 753.62 26.33 26 6.26 0
13:46 753.62 26.28 26 4.02 0
13:47 753.62 26.22 26 2.68 0
13:48 753.62 26.28 27 .89 0
13:49 753.62 26.33 27 5.36 0
13:50 753.62 26.33 27 3.13 0
13:51 753.62 26.44 27 4.92 0
13:52 753.62 26.44 26 5.36 0
13:53 753.62 26.5 26 4.47 0
13:54 753.62 26.44 27 2.24 0
13:55 753.62 26.33 27 4.47 0
13:56 753.62 26.28 27 3.13 0
13:57 753.62 26.22 27 4.02 0
13:58 753.62 26.22 27 2.68 0
13:59 753.62 26.28 27 3.13 0
14:00 753.62 26.28 28 7.6 0
14:01 753.62 26.28 27 3.13 0
14:02 753.62 26.22 27 4.47 0
14:03 753.62 26.28 27 5.36 0
14:04 753.62 26.17 26 6.71 0
14:05 753.62 26.17 26 1.79 0
14:06 753.62 26.17 27 5.36 0
14:07 753.62 26.17 26 2.24 0
14:08 753.62 26.17 27 4.92 0
14:09 753.62 26.11 27 4.02 0
14:10 753.62 26.11 27 4.47 0
14:11 753.62 26.11 27 2.24 0
14:12 753.62 26.17 27 6.71 0
14:13 753.62 26.17 27 7.6 0
14:14 753.62 26.17 27 4.47 0
14:15 753.62 26.11 27 4.47 0
14:16 753.62 26.11 27 1.34 0
14:17 753.62 26.17 27 5.36 0
14:18 753.62 26.17 27 6.71 0
14:19 753.62 26.17 27 4.02 0
14:20 753.62 26.17 27 2.24 0
14:21 753.62 26.17 27 5.81 0
14:22 753.62 26.11 26 6.26 0
14:23 753.62 26.11 27 6.71 0
14:24 753.62 26.11 27 4.02 0
14:25 753.62 26.11 27 3.58 0
14:26 753.62 26.11 27 5.36 0
14:27 753.62 26.11 27 4.92 0
14:28 753.62 26.11 27 5.81 0
14:29 753.62 26.06 27 6.71 0
14:30 753.62 26.06 27 7.6 0
14:31 753.62 26.06 27 4.02 0
14:32 753.62 26.06 27 4.92 0
14:33 753.62 26.06 27 7.6 0
14:34 753.62 26.06 27 6.26 0
14:35 753.62 26.06 27 6.71 0
14:36 753.62 26 27 6.26 0
14:37 753.62 26 27 4.47 0
14:38 753.62 26 27 5.36 0
14:39 753.62 26 27 6.71 0
14:40 753.62 26 27 2.24 0
14:41 753.62 26.06 28 4.47 0
14:42 753.62 26.06 27 4.92 0
14:43 753.62 26.06 28 3.58 0
14:44 753.62 26.06 28 6.71 0
14:45 753.62 26 28 2.68 0
14:46 753.62 26.06 28 2.24 0
14:47 753.62 26 28 7.15 0
14:48 753.62 26 28 4.02 0
14:49 753.62 25.94 28 2.68 0
14:50 753.62 26 28 4.02 0
14:51 753.62 25.94 28 3.13 0
14:52 753.62 26 28 5.36 0
14:53 753.62 25.94 27 1.79 0
14:54 753.62 25.94 28 3.13 0
14:55 753.62 25.94 27 4.47 0
14:56 753.62 25.94 28 7.6 0
14:57 753.62 25.94 27 2.68 0
14:58 753.62 25.94 28 3.13 0
14:59 753.62 25.94 28 3.58 0
15:00 753.62 25.94 28 1.79 0
15:01 753.62 25.94 28 4.47 0
15:02 753.62 26 28 5.36 0
15:03 753.62 25.94 27 7.15 0
15:04 753.62 25.89 28 7.15 0
15:05 753.62 25.83 28 1.34 0
15:06 753.62 25.89 28 5.81 0
15:07 753.62 25.83 28 6.26 0
15:08 753.62 25.83 28 6.26 0
15:09 753.62 25.83 28 4.92 0
15:10 753.62 25.78 28 8.05 0
15:11 753.62 25.78 28 5.36 0
15:12 753.62 25.78 28 4.92 0
15:13 753.62 25.78 28 3.58 0
15:14 753.62 25.78 28 4.92 0
15:15 753.62 25.78 28 7.6 0
15:16 753.62 25.78 28 8.49 0
15:17 753.62 25.72 28 4.02 0
15:18 753.62 25.78 28 .89 0
15:19 753.62 25.78 28 6.26 0
15:20 753.62 25.78 28 1.34 0
15:21 753.62 25.78 28 3.58 0
15:22 753.62 25.78 28 2.24 0
15:23 753.62 25.78 28 2.68 0
15:24 753.62 25.78 28 3.58 0
15:25 753.62 25.78 28 1.79 0
15:26 753.62 25.78 29 4.02 0
15:27 753.62 25.78 28 1.79 0
15:28 753.62 25.83 29 3.13 0
15:29 753.62 25.78 28 4.92 0
15:30 753.62 25.78 28 6.26 0
15:31 753.62 25.78 28 4.92 0
15:32 753.36 25.78 28 4.47 0
15:33 753.36 25.72 28 5.36 0
15:34 753.36 25.72 28 3.58 0
15:35 753.36 25.72 28 4.92 0
15:36 753.62 25.78 28 6.26 0
15:37 753.36 25.72 28 4.02 0
15:38 753.36 25.78 28 1.34 0
15:39 753.36 25.78 28 7.6 0
15:40 753.36 25.78 28 3.58 0
15:41 753.36 25.78 28 4.47 0
15:42 753.36 25.78 28 4.02 0
15:43 753.36 25.83 28 4.02 0
15:44 753.36 25.83 28 3.58 0
15:45 753.36 25.89 28 2.68 0
15:46 753.36 25.94 28 1.34 0
15:47 753.36 25.94 28 3.13 0
15:48 753.36 25.94 28 4.92 0
15:49 753.36 25.94 28 5.36 0
15:50 753.36 25.89 27 7.6 0
15:51 753.36 25.89 27 4.02 0
15:52 753.36 25.89 27 3.13 0
15:53 753.36 25.89 27 3.13 0
15:54 753.36 25.89 27 4.47 0
15:55 753.36 25.89 27 5.36 0
15:56 753.36 25.83 27 1.79 0
15:57 753.36 25.89 27 4.47 0
15:58 753.36 25.89 27 4.47 0
15:59 753.36 25.94 27 2.24 0
16:00 753.36 25.89 27 5.81 0
16:01 753.36 25.89 27 4.47 0
16:02 753.36 25.83 27 7.15 0
16:03 753.36 25.83 27 4.02 0
16:04 753.36 25.83 27 5.81 0
16:05 753.36 25.89 27 4.92 0
16:06 753.36 25.89 27 1.79 0
16:07 753.36 25.83 27 4.92 0
16:08 753.36 25.89 27 5.36 0
16:09 753.36 25.83 26 4.92 0
16:10 753.36 25.83 26 3.58 0
16:11 753.36 25.83 27 2.24 0
16:12 753.36 25.89 27 .89 0
16:13 753.36 25.94 27 5.36 0
16:14 753.36 25.94 27 2.24 0
16:15 753.36 26 27 5.36 0
16:16 753.36 26 27 2.68 0
16:17 753.36 26.06 27 2.24 0
16:18 753.36 26.06 27 3.58 0
16:19 753.36 26.06 27 3.13 0
16:20 753.36 26.06 27 5.81 0
16:21 753.36 26 27 4.92 0
16:22 753.36 25.94 27 5.36 0
16:23 753.36 25.83 27 5.36 0
16:24 753.36 25.83 27 6.71 0
16:25 753.36 25.72 27 6.71 0
16:26 753.36 25.72 27 5.81 0
16:27 753.36 25.72 27 4.47 0
16:28 753.36 25.72 27 5.81 0
16:29 753.36 25.72 27 4.92 0
16:30 753.36 25.72 27 8.05 0
16:31 753.36 25.72 27 4.02 0
16:32 753.36 25.78 28 4.47 0
16:33 753.62 25.78 28 8.05 0
16:34 753.36 25.78 28 8.05 0
16:35 753.36 25.78 28 5.81 0
16:36 753.36 25.78 28 3.58 0
16:37 753.36 25.78 28 6.26 0
16:38 753.62 25.72 28 3.58 0
16:39 753.36 25.72 28 8.94 0
16:40 753.36 25.72 28 3.58 0
16:41 753.36 25.67 29 1.34 0
16:42 753.36 25.67 29 6.26 0
16:43 753.36 25.61 29 3.58 0
16:44 753.36 25.61 29 4.92 0
16:45 753.36 25.56 29 2.68 0
16:46 753.36 25.56 29 2.24 0
16:47 753.36 25.56 30 1.79 0
16:48 753.36 25.56 30 1.34 0
16:49 753.36 25.56 30 5.81 0
16:50 753.36 25.56 30 1.79 0
16:51 753.36 25.56 30 4.02 0
16:52 753.36 25.56 30 5.36 0
16:53 753.62 25.44 30 3.58 0
16:54 753.36 25.5 30 3.13 0
16:55 753.36 25.44 30 4.02 0
16:56 753.62 25.44 30 1.34 0
16:57 753.36 25.44 30 3.13 0
16:58 753.36 25.39 30 7.15 0
16:59 753.36 25.39 30 5.36 0
17:00 753.36 25.39 31 6.26 0
17:01 753.36 25.39 31 6.26 0
17:02 753.36 25.33 31 5.81 0
17:03 753.36 25.33 31 3.13 0
17:04 753.36 25.33 31 1.34 0
17:05 753.36 25.28 31 5.36 0
17:06 753.36 25.28 31 2.24 0
17:07 753.36 25.28 31 3.13 0
17:08 753.36 25.28 31 5.36 0
17:09 753.36 25.28 31 5.81 0
17:10 753.36 25.28 31 3.58 0
17:11 753.36 25.28 31 6.71 0
17:12 753.36 25.28 31 4.02 0
17:13 753.36 25.28 31 4.47 0
17:14 753.36 25.28 31 3.13 0
17:15 753.36 25.28 31 2.24 0
17:16 753.36 25.28 31 1.79 0
17:17 753.36 25.28 31 5.36 0
17:18 753.36 25.28 31 1.34 0
17:19 753.36 25.28 31 2.24 0
17:20 753.36 25.28 31 3.58 0
17:21 753.36 25.28 31 5.36 0
17:22 753.36 25.28 31 4.92 0
17:23 753.36 25.28 31 1.79 0
17:24 753.36 25.28 31 2.68 0
17:25 753.36 25.28 31 4.02 0
17:26 753.36 25.28 31 1.79 0
17:27 753.36 25.28 31 1.79 0
17:28 753.36 25.28 31 3.13 0
17:29 753.36 25.28 32 1.79 0
17:30 753.36 25.28 31 2.24 0
17:31 753.36 25.28 32 3.13 0
17:32 753.36 25.28 32 4.92 0
17:33 753.36 25.28 32 4.47 0
17:34 753.36 25.28 32 2.24 0
17:35 753.11 25.22 32 4.92 0
17:36 753.11 25.22 32 2.68 0
17:37 753.36 25.22 32 2.68 0
17:38 753.36 25.17 32 3.58 0
17:39 753.11 25.22 32 3.13 0
17:40 753.11 25.17 32 2.24 0
17:41 753.36 25.17 32 3.58 0
17:42 753.11 25.17 32 5.36 0
17:43 753.11 25.22 32 6.26 0
17:44 753.11 25.17 32 3.58 0
17:45 753.36 25.17 32 5.81 0
17:46 753.11 25.17 31 1.79 0
17:47 753.11 25.11 32 4.47 0
17:48 753.36 25.17 31 3.13 0
17:49 753.11 25.17 32 2.68 0
17:50 753.11 25.17 32 2.68 0
17:51 753.11 25.17 32 2.68 0
17:52 753.11 25.17 32 5.81 0
17:53 753.11 25.17 32 4.47 0
17:54 753.11 25.17 32 4.92 0
17:55 753.11 25.17 32 2.68 0
17:56 753.11 25.17 32 3.13 0
17:57 753.11 25.17 32 1.79 0
17:58 753.11 25.17 32 4.02 0
17:59 753.11 25.17 32 4.02 0
18:00 753.11 25.11 32 4.47 0
18:01 753.11 25.11 32 3.13 0
18:02 753.11 25.17 32 4.02 0
18:03 753.11 25.11 32 4.47 0
18:04 753.11 25.11 32 3.13 0
18:05 753.11 25.06 32 2.24 0
18:06 753.11 25.06 32 4.02 0
18:07 753.11 25.06 32 4.92 0
18:08 753.11 25 32 4.47 0
18:09 753.11 25 32 3.58 0
18:10 753.11 25 32 1.79 0
18:11 753.11 24.94 33 2.24 0
18:12 753.11 24.94 33 4.92 0
18:13 753.11 24.89 33 7.15 0
18:14 753.11 24.83 33 5.81 0
18:15 753.11 24.83 33 4.02 0
18:16 753.11 24.78 33 1.79 0
18:17 753.11 24.78 33 4.47 0
18:18 753.11 24.72 33 6.26 0
18:19 753.11 24.72 33 2.24 0
18:20 753.11 24.67 34 2.68 0
18:21 753.11 24.67 34 4.47 0
18:22 753.11 24.67 34 4.02 0
18:23 753.11 24.61 34 1.79 0
18:24 753.11 24.61 34 1.79 0
18:25 753.11 24.56 34 4.47 0
18:26 753.11 24.56 34 4.92 0
18:27 753.11 24.5 34 4.02 0
18:28 753.11 24.5 34 4.47 0
18:29 753.11 24.44 34 4.92 0
18:30 753.11 24.39 34 5.81 0
18:31 753.11 24.39 34 5.36 0
18:32 753.11 24.39 35 2.68 0
18:33 753.11 24.39 35 4.92 0
18:34 753.11 24.33 35 3.13 0
18:35 753.11 24.33 35 3.13 0
18:36 753.11 24.28 35 3.58 0
18:37 753.11 24.28 35 3.58 0
18:38 753.11 24.22 35 3.58 0
18:39 753.11 24.22 35 2.68 0
18:40 753.11 24.22 35 2.24 0
18:41 753.11 24.17 35 2.68 0
18:42 753.11 24.17 35 4.47 0
18:43 753.11 24.17 35 3.13 0
18:44 753.11 24.11 35 5.36 0
18:45 753.11 24.11 35 3.58 0
18:46 753.11 24.06 35 1.34 0
18:47 753.11 24.06 35 1.79 0
18:48 753.11 24.06 35 2.24 0
18:49 753.11 24 35 3.13 0
18:50 753.11 24 35 4.47 0
18:51 753.11 23.94 35 4.47 0
18:52 753.11 23.94 35 1.79 0
18:53 753.11 23.94 35 3.13 0
18:54 753.11 23.94 35 1.79 0
18:55 753.11 23.89 35 3.58 0
18:56 753.11 23.83 36 2.24 0
18:57 753.11 23.83 35 2.24 0
18:58 753.11 23.83 36 1.79 0
18:59 753.11 23.83 36 3.58 0
19:00 753.11 23.78 36 3.13 0
19:01 753.11 23.78 36 1.79 0
19:02 753.11 23.72 36 1.79 0
19:03 753.11 23.72 36 1.79 0
19:04 753.11 23.67 36 2.24 0
19:05 753.11 23.72 36 4.47 0
19:06 753.11 23.67 36 1.79 0
19:07 753.11 23.67 36 1.79 0
19:08 753.11 23.61 36 3.58 0
19:09 753.11 23.67 36 2.24 0
19:10 753.11 23.61 36 1.34 0
19:11 753.11 23.61 36 3.13 0
19:12 753.11 23.61 36 4.47 0
19:13 753.11 23.61 36 1.79 0
19:14 753.11 23.61 36 3.13 0
19:15 753.11 23.61 36 1.79 0
19:16 753.11 23.61 36 3.58 0
19:17 753.11 23.56 36 2.68 0
19:18 753.11 23.56 36 .89 0
19:19 753.11 23.56 36 2.68 0
19:20 753.11 23.56 36 3.13 0
19:21 753.11 23.56 36 1.79 0
19:22 753.11 23.56 36 3.13 0
19:23 753.11 23.5 36 4.47 0
19:24 753.11 23.5 36 3.13 0
19:25 753.11 23.5 37 3.13 0
19:26 753.11 23.5 37 4.02 0
19:27 753.11 23.5 37 3.58 0
19:28 753.11 23.44 37 3.58 0
19:29 753.11 23.44 37 2.24 0
19:30 753.11 23.44 37 2.24 0
19:31 753.11 23.44 37 3.13 0
19:32 753.11 23.44 37 3.58 0
19:33 753.11 23.39 37 3.58 0
19:34 753.11 23.39 37 1.79 0
19:35 753.11 23.33 37 2.24 0
19:36 753.11 23.33 37 2.24 0
19:37 753.11 23.33 38 1.79 0
19:38 753.11 23.28 38 2.24 0
19:39 753.11 23.28 38 1.79 0
19:40 753.11 23.22 38 1.79 0
19:41 753.11 23.17 38 2.24 0
19:42 753.11 23.17 38 .89 0
19:43 753.11 23.11 38 1.34 0
19:44 753.11 23.11 38 3.58 0
19:45 753.11 23.11 38 2.24 0
19:46 753.11 23.06 38 3.58 0
19:47 753.11 23 38 3.13 0
19:48 753.11 22.94 38 1.79 0
19:49 753.11 22.94 38 1.34 0
19:50 753.11 22.94 38 3.13 0
19:51 753.11 22.94 38 2.68 0
19:52 753.11 22.94 38 1.34 0
19:53 753.11 22.89 39 3.13 0
19:54 753.11 22.83 38 1.79 0
19:55 753.11 22.89 39 2.68 0
19:56 753.11 22.83 39 3.13 0
19:57 753.11 22.83 39 4.02 0
19:58 753.11 22.78 39 1.79 0
19:59 753.11 22.78 39 1.34 0
20:00 753.11 22.78 39 3.13 0
20:01 753.11 22.72 39 3.13 0
20:02 753.11 22.78 39 2.24 0
20:03 753.11 22.72 39 3.58 0
20:04 753.11 22.72 39 3.58 0
20:05 753.11 22.72 39 1.34 0
20:06 753.11 22.67 39 4.02 0
20:07 753.11 22.67 39 4.47 0
20:08 753.11 22.67 39 4.02 0
20:09 753.11 22.61 39 4.92 0
20:10 753.11 22.67 39 2.68 0
20:11 753.11 22.61 39 2.68 0
20:12 753.11 22.61 39 4.02 0
20:13 753.11 22.61 39 2.24 0
20:14 753.11 22.61 39 2.24 0
20:15 753.11 22.56 40 2.68 0
20:16 753.11 22.56 40 2.68 0
20:17 753.11 22.56 40 3.58 0
20:18 753.11 22.5 40 1.79 0
20:19 753.11 22.5 40 1.79 0
20:20 753.11 22.5 40 1.79 0
20:21 753.11 22.44 40 4.02 0
20:22 753.11 22.44 40 2.24 0
20:23 753.11 22.39 40 1.34 0
20:24 753.11 22.39 40 1.34 0
20:25 753.11 22.33 40 2.68 0
20:26 753.11 22.33 40 1.79 0
20:27 753.11 22.33 40 2.24 0
20:28 753.11 22.28 40 1.79 0
20:29 753.11 22.28 40 1.34 0
20:30 753.11 22.22 41 2.24 0
20:31 753.11 22.22 40 1.79 0
20:32 753.11 22.17 41 .89 0
20:33 753.11 22.17 41 1.79 0
20:34 753.36 22.17 41 1.34 0
20:35 753.11 22.11 41 3.13 0
20:36 753.11 22.06 41 1.34 0
20:37 753.11 22.11 41 3.58 0
20:38 753.36 22.06 41 3.13 0
20:39 753.36 22.06 41 3.13 0
20:40 753.36 22.06 41 1.79 0
20:41 753.36 22.06 41 1.79 0
20:42 753.36 22.06 41 2.24 0
20:43 753.36 22 41 3.58 0
20:44 753.36 22 41 3.13 0
20:45 753.11 22 41 .89 0
20:46 753.36 22 41 1.34 0
20:47 753.36 21.94 41 .89 0
20:48 753.11 21.94 41 3.13 0
20:49 753.36 21.94 41 1.34 0
20:50 753.11 21.89 41 .89 0
20:51 753.36 21.89 41 2.68 0
20:52 753.11 21.89 41 2.24 0
20:53 753.36 21.89 41 2.24 0
20:54 753.11 21.83 42 1.79 0
20:55 753.11 21.83 42 2.24 0
20:56 753.11 21.83 42 2.68 0
20:57 753.36 21.83 42 2.24 0
20:58 753.11 21.78 42 1.34 0
20:59 753.36 21.78 42 1.34 0
21:00 753.36 21.78 42 2.68 0
21:01 753.36 21.78 42 1.34 0
21:02 753.11 21.78 42 1.34 0
21:03 753.11 21.78 42 3.13 0
21:04 753.36 21.78 42 3.58 0
21:05 753.36 21.78 42 1.34 0
21:06 753.11 21.72 42 1.79 0
21:07 753.36 21.72 42 1.79 0
21:08 753.36 21.72 42 2.68 0
21:09 753.11 21.72 42 1.79 0
21:10 753.11 21.67 42 4.02 0
21:11 753.11 21.67 42 3.13 0
21:12 753.11 21.67 42 1.79 0
21:13 753.11 21.67 42 3.58 0
21:14 753.11 21.67 42 1.34 0
21:15 753.11 21.67 42 1.34 0
21:16 753.11 21.67 42 4.47 0
21:17 753.11 21.67 42 .89 0
21:18 753.11 21.67 42 1.79 0
21:19 753.11 21.61 42 1.79 0
21:20 753.11 21.61 42 3.58 0
21:21 753.11 21.61 42 1.34 0
21:22 753.11 21.61 42 1.79 0
21:23 753.11 21.56 42 2.24 0
21:24 753.11 21.61 42 1.34 0
21:25 753.11 21.61 42 1.34 0
21:26 753.11 21.56 42 2.24 0
21:27 753.11 21.56 42 1.79 0
21:28 753.36 21.5 42 2.24 0
21:29 753.11 21.5 42 1.34 0
21:30 753.11 21.5 42 2.24 0
21:31 753.11 21.44 42 1.34 0
21:32 753.11 21.44 42 2.24 0
21:33 753.11 21.44 42 3.13 0
21:34 753.36 21.44 42 1.79 0
21:35 753.11 21.44 42 1.34 0
21:36 753.11 21.39 42 1.79 0
21:37 753.11 21.44 42 1.34 0
21:38 753.11 21.39 42 3.13 0
21:39 753.11 21.39 42 1.79 0
21:40 753.11 21.39 42 .89 0
21:41 753.11 21.33 42 1.79 0
21:42 753.11 21.33 42 1.79 0
21:43 753.11 21.33 42 1.34 0
21:44 753.11 21.33 42 1.79 0
21:45 753.11 21.28 42 2.24 0
21:46 753.11 21.28 42 1.79 0
21:47 753.11 21.28 42 3.13 0
21:48 753.11 21.28 42 1.79 0
21:49 753.11 21.22 43 2.24 0
21:50 753.11 21.28 42 3.13 0
21:51 753.11 21.22 42 4.02 0
21:52 753.11 21.17 42 1.34 0
21:53 753.36 21.17 43 1.34 0
21:54 753.11 21.17 43 1.79 0
21:55 753.11 21.17 43 .89 0
21:56 753.11 21.17 43 3.13 0
21:57 753.11 21.11 43 2.24 0
21:58 753.11 21.11 43 1.79 0
21:59 753.11 21.11 43 1.34 0
22:00 753.11 21.06 43 2.24 0
22:01 753.11 21.11 43 1.79 0
22:02 753.11 21.06 43 2.68 0
22:03 753.11 21.06 43 2.24 0
22:04 753.11 21.06 43 1.34 0
22:05 753.11 21.06 43 4.47 0
22:06 753.11 21.11 42 3.58 0
22:07 753.11 21.06 43 3.13 0
22:08 753.11 21.11 42 1.79 0
22:09 753.11 21.06 43 1.34 0
22:10 753.11 21.11 42 1.79 0
22:11 753.11 21.11 43 3.58 0
22:12 753.11 21.11 42 4.02 0
22:13 753.11 21.17 42 1.34 0
22:14 753.11 21.17 42 1.34 0
22:15 753.11 21.17 42 2.24 0
22:16 753.11 21.17 42 4.02 0
22:17 753.11 21.11 42 1.79 0
22:18 753.11 21.11 42 1.79 0
22:19 753.11 21.17 42 3.58 0
22:20 753.11 21.11 42 1.79 0
22:21 753.11 21.17 42 2.24 0
22:22 753.11 21.11 42 2.24 0
22:23 753.11 21.17 42 1.79 0
22:24 753.11 21.11 42 2.24 0
22:25 753.11 21.11 42 1.34 0
22:26 753.11 21.17 42 1.79 0
22:27 753.11 21.11 42 1.79 0
22:28 753.11 21.11 42 4.47 0
22:29 753.11 21.11 42 4.02 0
22:30 753.11 21.11 42 3.13 0
22:31 753.11 21.17 42 2.24 0
22:32 753.11 21.17 42 2.24 0
22:33 753.11 21.17 42 2.68 0
22:34 753.11 21.22 42 3.58 0
22:35 753.11 21.22 41 2.68 0
22:36 753.11 21.22 42 1.34 0
22:37 753.11 21.28 41 2.68 0
22:38 753.11 21.28 41 1.79 0
22:39 753.11 21.28 41 1.79 0
22:40 753.11 21.33 41 1.79 0
22:41 753.11 21.28 41 2.68 0
22:42 753.11 21.28 41 3.13 0
22:43 753.11 21.28 41 2.68 0
22:44 753.11 21.28 41 2.24 0
22:45 753.11 21.28 41 2.24 0
22:46 753.11 21.33 41 3.13 0
22:47 753.11 21.28 42 1.34 0
22:48 753.11 21.28 41 3.13 0
22:49 753.11 21.28 41 4.02 0
22:50 753.11 21.28 42 2.24 0
22:51 753.11 21.22 41 2.68 0
22:52 753.11 21.22 42 3.13 0
22:53 753.11 21.22 42 1.34 0
22:54 753.11 21.22 42 2.24 0
22:55 753.11 21.17 42 1.34 0
22:56 753.11 21.17 42 3.13 0
22:57 753.11 21.22 42 1.79 0
22:58 753.11 21.17 42 2.24 0
22:59 753.11 21.17 42 2.24 0
23:00 753.11 21.17 42 2.68 0
23:01 753.11 21.17 42 4.02 0
23:02 753.11 21.17 42 2.24 0
23:03 753.11 21.11 42 1.34 0
23:04 753.11 21.11 42 1.79 0
23:05 753.11 21.11 42 3.58 0
23:06 753.11 21.17 42 3.58 0
23:07 753.11 21.11 42 1.79 0
23:08 753.11 21.11 42 2.24 0
23:09 753.11 21.11 42 4.02 0
23:10 753.11 21.06 42 1.79 0
23:11 753.11 21.11 42 1.34 0
23:12 753.11 21.11 42 2.24 0
23:13 753.11 21.06 42 3.58 0
23:14 753.11 21.06 42 3.58 0
23:15 753.11 21.06 42 2.24 0
23:16 753.11 21 42 2.68 0
23:17 753.11 21 42 2.24 0
23:18 753.11 21 42 3.13 0
23:19 753.11 21 42 2.24 0
23:20 753.11 20.94 43 1.79 0
23:21 753.11 20.89 43 1.79 0
23:22 753.11 20.89 43 2.24 0
23:23 753.11 20.89 43 1.34 0
23:24 753.11 20.89 43 1.79 0
23:25 753.11 20.89 43 1.79 0
23:26 753.11 20.83 43 1.79 0
23:27 753.11 20.83 43 2.24 0
23:28 753.11 20.78 43 1.34 0
23:29 753.11 20.72 43 .89 0
23:30 753.11 20.72 44 1.79 0
23:31 753.11 20.67 43 1.79 0
23:32 753.11 20.67 44 1.79 0
23:33 753.11 20.61 44 1.79 0
23:34 753.11 20.56 44 1.79 0
23:35 753.11 20.5 44 1.34 0
23:36 753.11 20.5 44 1.34 0
23:37 753.11 20.44 44 2.24 0
23:38 753.11 20.44 44 1.79 0
23:39 753.11 20.39 44 1.79 0
23:40 753.11 20.33 44 2.24 0
23:41 753.11 20.28 44 1.79 0
23:42 753.11 20.33 44 1.79 0
23:43 753.11 20.28 44 1.79 0
23:44 753.11 20.28 45 1.34 0
23:45 753.11 20.28 45 1.34 0
23:46 753.11 20.22 45 .45 0
23:47 753.11 20.22 45 .89 0
23:48 753.11 20.22 45 1.34 0
23:49 753.11 20.17 45 .89 0
23:50 753.11 20.17 45 1.79 0
23:51 753.11 20.11 45 1.79 0
23:52 753.11 20.11 45 .89 0
23:53 753.11 20.11 45 1.34 0
23:54 753.11 20.11 45 1.79 0
23:55 753.11 20.11 45 1.79 0
23:56 753.11 20.06 45 1.79 0
23:57 753.11 20.06 45 1.34 0
23:58 753.11 20.06 45 1.34 0
23:59 753.11 20.06 45 1.34 0
