00:00 745.49 21.61 95 .89 0
00:01 745.49 21.61 95 1.79 0
00:02 745.49 21.67 95 1.34 0
00:03 745.49 21.72 95 1.34 0
00:04 745.49 21.78 95 1.34 0
00:05 745.49 21.83 95 .45 0
00:06 745.49 21.83 94 0 0
00:07 745.49 21.83 94 .89 0
00:08 745.49 21.89 94 0 0
00:09 745.74 21.89 94 .45 0
00:10 745.49 21.94 94 0 0
00:11 745.49 21.94 94 0 0
00:12 745.49 21.94 94 0 0
00:13 745.49 21.94 94 0 0
00:14 745.49 21.89 94 0 0
00:15 745.49 21.89 94 0 0
00:16 745.49 21.89 93 0 0
00:17 745.49 21.89 94 0 0
00:18 745.74 21.83 94 0 0
00:19 745.49 21.89 93 0 0
00:20 745.49 21.89 93 0 0
00:21 745.49 21.78 93 0 0
00:22 745.49 21.78 93 0 0
00:23 745.49 21.78 93 0 0
00:24 745.49 21.78 93 .45 0
00:25 745.49 21.72 93 .45 0
00:26 745.49 21.67 93 0 0
00:27 745.49 21.67 93 0 0
00:28 745.49 21.61 93 0 0
00:29 745.49 21.61 93 0 0
00:30 745.49 21.61 93 0 0
00:31 745.49 21.61 93 0 0
00:32 745.49 21.61 93 0 0
00:33 745.49 21.61 93 0 0
00:34 745.49 21.56 93 0 0
00:35 745.49 21.56 94 0 0
00:36 745.49 21.56 94 .45 0
00:37 745.49 21.61 94 .89 0
00:38 745.49 21.56 94 1.34 0
00:39 745.49 21.61 94 .89 0
00:40 745.49 21.61 94 .89 0
00:41 745.49 21.56 94 .89 0
00:42 745.24 21.5 94 .89 0
00:43 745.24 21.5 94 .89 0
00:44 745.24 21.44 93 .89 0
00:45 745.24 21.44 93 1.34 0
00:46 745.24 21.44 94 1.34 0
00:47 745.24 21.44 94 1.34 0
00:48 745.24 21.44 94 .89 0
00:49 745.24 21.5 94 .45 0
00:50 745.24 21.5 94 .89 0
00:51 745.24 21.44 94 .45 0
00:52 745.24 21.5 94 .89 0
00:53 745.24 21.44 94 1.34 0
00:54 745.24 21.5 94 .89 0
00:55 745.24 21.5 94 .89 0
00:56 745.24 21.5 94 .89 0
00:57 745.24 21.5 94 .89 0
00:58 745.24 21.5 94 .89 0
00:59 745.24 21.5 94 .89 0
01:00 745.24 21.5 94 1.34 0
01:01 745.24 21.56 94 .45 0
01:02 745.24 21.56 94 1.34 0
01:03 745.24 21.5 94 1.34 0
01:04 745.24 21.5 94 .89 0
01:05 745.24 21.56 94 1.34 0
01:06 745.24 21.56 94 2.68 0
01:07 745.24 21.56 94 1.79 0
01:08 745.24 21.56 94 1.79 0
01:09 745.24 21.56 94 1.34 0
01:10 745.24 21.56 94 1.34 0
01:11 745.24 21.56 94 1.79 0
01:12 745.24 21.5 94 1.34 0
01:13 745.24 21.5 94 1.79 0
01:14 745.24 21.5 94 .89 0
01:15 745.24 21.5 94 1.79 0
01:16 745.24 21.5 94 2.24 0
01:17 745.24 21.44 94 1.79 0
01:18 745.24 21.44 94 1.34 0
01:19 745.24 21.44 94 1.79 0
01:20 745.24 21.44 94 1.79 0
01:21 745.24 21.39 94 .89 0
01:22 745.24 21.39 94 1.79 0
01:23 745.24 21.39 94 .89 0
01:24 745.24 21.44 94 .89 0
01:25 745.24 21.39 94 1.34 0
01:26 745.24 21.39 94 0 0
01:27 745.24 21.39 94 0 0
01:28 745.24 21.39 94 0 0
01:29 745.24 21.33 94 0 0
01:30 745.24 21.33 94 0 0
01:31 745.24 21.33 94 0 0
01:32 745.24 21.33 94 0 0
01:33 745.24 21.33 94 0 0
01:34 745.24 21.33 94 0 0
01:35 745.24 21.28 94 0 0
01:36 745.24 21.28 94 0 0
01:37 745.24 21.22 94 0 0
01:38 745.24 21.22 94 0 0
01:39 745.24 21.22 94 0 0
01:40 745.24 21.22 94 0 0
01:41 745.24 21.17 94 0 0
01:42 745.24 21.17 94 0 0
01:43 745.24 21.17 94 0 0
01:44 745.24 21.17 94 .89 0
01:45 745.24 21.17 94 .45 0
01:46 745.24 21.17 94 1.34 0
01:47 745.24 21.17 94 .89 0
01:48 745.24 21.17 94 0 0
01:49 745.24 21.11 94 0 0
01:50 745.24 21.11 94 0 0
01:51 745.24 21.11 94 0 0
01:52 745.24 21.06 94 0 0
01:53 745.24 21.06 94 0 0
01:54 745.24 21 94 0 0
01:55 745.24 20.94 94 0 0
01:56 745.24 20.94 94 0 0
01:57 745.24 20.89 94 0 0
01:58 745.24 20.89 94 0 0
01:59 745.24 20.89 94 0 0
02:00 745.24 20.83 94 0 0
02:01 745.24 20.83 94 0 0
02:02 745.24 20.83 94 0 0
02:03 745.24 20.78 94 0 0
02:04 745.24 20.83 95 0 0
02:05 745.49 20.78 95 0 0
02:06 745.49 20.78 95 0 0
02:07 745.49 20.83 95 0 0
02:08 745.24 20.78 95 0 0
02:09 745.49 20.83 95 0 0
02:10 745.49 20.78 95 0 0
02:11 745.24 20.78 95 0 0
02:12 745.49 20.72 95 0 0
02:13 745.49 20.72 95 1.79 0
02:14 745.49 20.72 95 1.34 0
02:15 745.49 20.67 95 1.34 0
02:16 745.49 20.67 95 1.34 0
02:17 745.49 20.67 95 .89 0
02:18 745.49 20.67 95 1.34 0
02:19 745.24 20.67 95 1.79 0
02:20 745.49 20.61 95 1.34 0
02:21 745.49 20.67 95 1.34 0
02:22 745.49 20.67 95 .89 0
02:23 745.49 20.61 95 0 0
02:24 745.49 20.61 95 .45 0
02:25 745.49 20.61 95 0 0
02:26 745.49 20.56 95 0 0
02:27 745.49 20.56 95 0 0
02:28 745.49 20.5 95 0 0
02:29 745.49 20.44 95 0 0
02:30 745.49 20.39 95 0 0
02:31 745.49 20.33 94 0 0
02:32 745.49 20.28 94 0 0
02:33 745.49 20.28 95 0 0
02:34 745.49 20.28 95 0 0
02:35 745.49 20.17 95 0 0
02:36 745.49 20.22 95 0 0
02:37 745.49 20.22 95 0 0
02:38 745.49 20.17 95 0 0
02:39 745.49 20.17 95 0 0
02:40 745.49 20.22 95 0 0
02:41 745.49 20.22 96 0 0
02:42 745.49 20.28 96 0 0
02:43 745.49 20.28 96 0 0
02:44 745.49 20.28 96 0 0
02:45 745.49 20.28 96 0 0
02:46 745.49 20.28 96 0 0
02:47 745.74 20.28 96 0 0
02:48 745.49 20.28 96 0 0
02:49 745.74 20.28 96 0 0
02:50 745.74 20.22 96 0 0
02:51 745.74 20.28 96 0 0
02:52 745.74 20.22 96 0 0
02:53 745.74 20.28 96 0 0
02:54 745.74 20.22 96 0 0
02:55 745.74 20.22 96 0 0
02:56 745.49 20.22 96 0 0
02:57 745.74 20.28 96 0 0
02:58 745.74 20.22 96 0 0
02:59 745.49 20.28 96 0 0
03:00 745.74 20.22 96 0 0
03:01 745.74 20.17 96 0 0
03:02 745.74 20.17 96 0 0
03:03 745.74 20.11 96 0 0
03:04 745.74 20.11 95 0 0
03:05 745.49 20.06 95 0 0
03:06 745.74 20 95 0 0
03:07 745.74 20 96 0 0
03:08 745.74 20 96 0 0
03:09 745.49 19.94 96 0 0
03:10 745.49 20 96 0 0
03:11 745.49 20 96 0 0
03:12 745.49 20 96 0 0
03:13 745.49 20.06 96 0 0
03:14 745.49 20 96 0 0
03:15 745.49 20.06 96 0 0
03:16 745.49 20.06 96 0 0
03:17 745.49 20.11 96 0 0
03:18 745.49 20.17 96 0 0
03:19 745.49 20.17 97 0 0
03:20 745.49 20.22 97 0 0
03:21 745.49 20.28 97 0 0
03:22 745.49 20.28 97 0 0
03:23 745.49 20.22 96 0 0
03:24 745.49 20.17 96 0 0
03:25 745.49 20.17 96 0 0
03:26 745.49 20.11 96 0 0
03:27 745.49 20.11 96 0 0
03:28 745.49 20.11 96 0 0
03:29 745.49 20.06 96 0 0
03:30 745.49 20.06 96 0 0
03:31 745.49 20 96 0 0
03:32 745.49 19.94 96 0 0
03:33 745.49 19.94 96 0 0
03:34 745.49 19.94 96 0 0
03:35 745.49 19.89 96 0 0
03:36 745.49 19.89 96 0 0
03:37 745.49 19.83 96 0 0
03:38 745.49 19.83 96 0 0
03:39 745.49 19.83 96 0 0
03:40 745.49 19.83 96 0 0
03:41 745.49 19.83 96 0 0
03:42 745.49 19.83 96 0 0
03:43 745.49 19.83 96 0 0
03:44 745.74 19.78 96 0 0
03:45 745.49 19.78 96 0 0
03:46 745.74 19.72 96 0 0
03:47 745.49 19.72 96 0 0
03:48 745.49 19.72 96 0 0
03:49 745.49 19.67 96 0 0
03:50 745.49 19.61 96 0 0
03:51 745.49 19.61 96 0 0
03:52 745.49 19.56 96 0 0
03:53 745.49 19.56 96 0 0
03:54 745.49 19.56 96 0 0
03:55 745.49 19.56 96 0 0
03:56 745.49 19.56 97 0 0
03:57 745.49 19.61 97 0 0
03:58 745.49 19.61 97 0 0
03:59 745.49 19.61 97 0 0
04:00 745.49 19.61 97 0 0
04:01 745.49 19.67 97 0 0
04:02 745.49 19.67 97 0 0
04:03 745.49 19.67 97 0 0
04:04 745.49 19.67 97 0 0
04:05 745.49 19.72 97 0 0
04:06 745.49 19.72 97 0 0
04:07 745.49 19.72 97 0 0
04:08 745.74 19.72 97 0 0
04:09 745.74 19.72 97 0 0
04:10 745.74 19.67 97 0 0
04:11 745.74 19.67 96 0 0
04:12 745.74 19.56 96 0 0
04:13 745.74 19.56 96 0 0
04:14 745.74 19.5 96 0 0
04:15 745.74 19.44 96 0 0
04:16 745.74 19.44 96 0 0
04:17 745.74 19.44 96 0 0
04:18 745.74 19.44 96 0 0
04:19 745.74 19.39 96 0 0
04:20 745.74 19.39 96 0 0
04:21 745.74 19.39 96 0 0
04:22 745.74 19.39 97 0 0
04:23 745.74 19.39 97 0 0
04:24 745.74 19.39 97 0 0
04:25 745.74 19.39 97 0 0
04:26 745.74 19.39 97 0 0
04:27 745.74 19.39 97 0 0
04:28 745.74 19.39 97 0 0
04:29 745.74 19.39 97 0 0
04:30 745.74 19.44 97 0 0
04:31 745.74 19.44 97 0 0
04:32 745.74 19.44 97 0 0
04:33 745.74 19.5 97 0 0
04:34 745.74 19.56 97 0 0
04:35 745.74 19.56 97 0 0
04:36 745.74 19.56 97 0 0
04:37 745.74 19.56 97 0 0
04:38 745.74 19.56 97 0 0
04:39 745.74 19.61 97 0 0
04:40 745.74 19.61 97 0 0
04:41 745.74 19.61 97 0 0
04:42 745.74 19.61 97 0 0
04:43 745.74 19.67 97 0 0
04:44 745.74 19.61 97 0 0
04:45 745.74 19.61 97 0 0
04:46 745.74 19.67 97 0 0
04:47 745.74 19.67 97 0 0
04:48 745.74 19.61 97 0 0
04:49 745.74 19.67 97 0 0
04:50 745.74 19.67 97 0 0
04:51 745.74 19.67 97 0 0
04:52 745.74 19.67 97 0 0
04:53 745.74 19.67 97 1.34 0
04:54 745.74 19.72 97 1.34 0
04:55 745.74 19.78 97 1.79 0
04:56 745.74 19.83 97 1.34 0
04:57 745.74 19.89 97 1.34 0
04:58 745.74 19.94 97 1.34 0
04:59 745.74 20 97 .89 0
05:00 745.74 20.06 97 1.79 0
05:01 745.74 20.11 97 1.79 0
05:02 745.74 20.11 97 2.24 0
05:03 745.74 20.17 97 1.79 0
05:04 745.74 20.17 97 1.34 0
05:05 745.74 20.22 97 2.68 0
05:06 745.74 20.22 97 1.34 0
05:07 745.74 20.22 97 1.34 0
05:08 745.74 20.22 97 1.79 0
05:09 745.74 20.28 97 1.79 0
05:10 745.74 20.28 97 2.24 0
05:11 745.74 20.28 97 3.13 0
05:12 745.74 20.28 97 1.79 0
05:13 745.74 20.33 97 1.34 0
05:14 745.49 20.33 96 2.68 0
05:15 745.74 20.33 96 1.34 0
05:16 745.74 20.33 96 2.68 0
05:17 745.74 20.39 96 1.34 0
05:18 745.74 20.39 96 1.34 0
05:19 745.74 20.39 96 1.34 0
05:20 745.74 20.39 96 .45 0
05:21 745.74 20.44 96 1.79 0
05:22 745.74 20.44 96 1.34 0
05:23 745.74 20.44 96 1.34 0
05:24 745.74 20.44 96 .89 0
05:25 745.74 20.5 96 .45 0
05:26 745.74 20.5 95 1.34 0
05:27 745.74 20.5 96 .45 0
05:28 745.74 20.56 95 0 0
05:29 745.74 20.56 95 0 0
05:30 745.74 20.56 95 0 0
05:31 745.74 20.56 95 .89 0
05:32 745.74 20.61 95 0 0
05:33 745.74 20.61 95 0 0
05:34 745.74 20.61 95 0 0
05:35 745.74 20.61 95 0 0
05:36 745.74 20.61 95 0 0
05:37 745.74 20.61 95 0 0
05:38 745.74 20.61 95 0 0
05:39 745.74 20.67 95 0 0
05:40 745.74 20.67 95 1.34 0
05:41 745.74 20.67 95 1.34 0
05:42 745.74 20.61 95 .45 0
05:43 745.74 20.67 95 .45 0
05:44 745.74 20.67 95 .45 0
05:45 745.74 20.67 95 .45 0
05:46 745.74 20.67 95 .45 0
05:47 746 20.67 95 0 0
05:48 745.74 20.67 95 0 0
05:49 746 20.67 95 0 0
05:50 746 20.67 95 0 0
05:51 745.74 20.67 95 0 0
05:52 745.74 20.67 95 0 0
05:53 746 20.72 95 0 0
05:54 746 20.72 95 0 0
05:55 746 20.72 94 0 0
05:56 746 20.72 94 0 0
05:57 746 20.72 94 0 0
05:58 746 20.72 94 0 0
05:59 746 20.72 94 0 0
06:00 746 20.78 94 0 0
06:01 746 20.78 94 0 0
06:02 746 20.78 94 1.79 0
06:03 746 20.78 94 .89 0
06:04 746 20.83 94 .89 0
06:05 746 20.83 94 0 0
06:06 746 20.83 94 0 0
06:07 746 20.83 94 0 0
06:08 746 20.89 94 0 0
06:09 746 20.89 94 0 0
06:10 746 20.89 94 0 0
06:11 746 20.89 94 0 0
06:12 746 20.94 94 0 0
06:13 746 20.94 94 0 0
06:14 746 20.94 94 0 0
06:15 746 20.94 94 0 0
06:16 746 20.94 94 0 0
06:17 746 21 94 0 0
06:18 746 21 93 0 0
06:19 746 20.94 93 0 0
06:20 746 21 93 0 0
06:21 746 21 93 0 0
06:22 746 21 93 0 0
06:23 746 21.06 93 0 0
06:24 746 21.06 93 0 0
06:25 746 21.06 93 0 0
06:26 746 21.11 93 0 0
06:27 746 21.11 93 0 0
06:28 746 21.17 93 0 0
06:29 746 21.17 93 0 0
06:30 746 21.17 93 0 0
06:31 746 21.28 93 0 0
06:32 746 21.28 93 0 0
06:33 746 21.33 93 0 0
06:34 746 21.33 93 0 0
06:35 746 21.44 93 0 0
06:36 746 21.44 92 1.79 0
06:37 746 21.44 92 .89 0
06:38 746 21.44 92 .89 0
06:39 746 21.5 92 .45 0
06:40 746 21.56 92 .89 0
06:41 746 21.61 92 .89 0
06:42 746 21.61 92 .89 0
06:43 746 21.67 92 .45 0
06:44 746 21.72 91 .89 0
06:45 746 21.78 91 1.34 0
06:46 746 21.83 91 1.34 0
06:47 746 21.78 91 .89 0
06:48 746 21.83 91 .89 0
06:49 746 21.83 91 0 0
06:50 746 21.89 91 0 0
06:51 746 21.89 90 0 0
06:52 746 21.94 90 .89 0
06:53 746 21.89 90 .89 0
06:54 746 21.89 90 0 0
06:55 746 21.89 90 1.34 0
06:56 746 21.89 90 .89 0
06:57 746 21.89 90 .89 0
06:58 746 21.83 90 .89 0
06:59 746 21.83 90 .89 0
07:00 746 21.83 90 0 0
07:01 746 21.83 90 .89 0
07:02 746 21.83 90 .89 0
07:03 746 21.83 90 .89 0
07:04 746 21.83 90 0 0
07:05 745.74 21.83 90 0 0
07:06 745.74 21.78 90 0 0
07:07 745.74 21.78 90 0 0
07:08 745.74 21.83 90 0 0
07:09 745.74 21.83 90 0 0
07:10 745.74 21.83 90 0 0
07:11 745.74 21.83 90 0 0
07:12 745.74 21.89 90 0 0
07:13 745.74 21.94 90 1.79 0
07:14 745.74 22.06 90 1.79 0
07:15 745.74 22.06 89 1.79 0
07:16 745.74 22.17 90 1.34 0
07:17 745.74 22.28 89 .89 0
07:18 745.74 22.28 89 .89 0
07:19 745.74 22.39 88 1.34 0
07:20 745.74 22.44 88 1.79 0
07:21 745.74 22.5 88 1.34 0
07:22 745.74 22.56 88 1.79 0
07:23 745.74 22.61 87 1.34 0
07:24 745.74 22.61 87 1.34 0
07:25 745.74 22.72 87 .45 0
07:26 745.74 22.78 87 1.34 0
07:27 745.74 22.83 87 .89 0
07:28 745.74 22.89 87 1.34 0
07:29 745.74 22.94 87 .89 0
07:30 745.74 23 86 0 0
07:31 745.74 23.06 86 0 0
07:32 745.74 23.17 86 1.79 0
07:33 745.74 23.17 86 .89 0
07:34 745.74 23.22 85 .45 0
07:35 745.74 23.28 85 .89 0
07:36 745.74 23.33 86 .89 0
07:37 745.74 23.39 85 .45 0
07:38 745.74 23.44 85 .89 0
07:39 745.74 23.56 85 .89 0
07:40 745.74 23.72 85 .89 0
07:41 745.74 23.72 84 1.34 0
07:42 745.74 23.78 84 .89 0
07:43 746 23.83 84 .45 0
07:44 746 23.89 84 .89 0
07:45 746 23.89 84 .89 0
07:46 745.74 23.94 83 1.34 0
07:47 745.74 24 83 .45 0
07:48 746 24.06 83 0 0
07:49 746 24.11 83 0 0
07:50 746 24.17 83 .45 0
07:51 746 24.22 83 .45 0
07:52 746 24.22 83 .45 0
07:53 746 24.28 83 0 0
07:54 746 24.28 83 .45 0
07:55 746 24.33 83 .45 0
07:56 746 24.33 83 .89 0
07:57 746 24.33 82 .45 0
07:58 746 24.39 82 .45 0
07:59 746 24.39 82 .45 0
08:00 746 24.39 82 0 0
08:01 746 24.39 82 .89 0
08:02 746 24.39 82 .45 0
08:03 746 24.39 82 .89 0
08:04 746 24.39 82 .45 0
08:05 746 24.33 82 0 0
08:06 746 24.39 82 1.34 0
08:07 746 24.39 82 .45 0
08:08 746 24.44 82 .89 0
08:09 746 24.44 82 .45 0
08:10 746.25 24.56 82 .45 0
08:11 746.25 24.61 82 1.34 0
08:12 746.25 24.67 82 1.34 0
08:13 746.25 24.72 82 .89 0
08:14 746.25 24.72 82 1.34 0
08:15 746.25 24.72 81 1.34 0
08:16 746.25 24.72 81 1.79 0
08:17 746.25 24.72 81 1.34 0
08:18 746.25 24.72 82 1.34 0
08:19 746.25 24.72 82 1.79 0
08:20 746.25 24.67 82 1.34 0
08:21 746.25 24.72 82 1.79 0
08:22 746.25 24.67 82 1.79 0
08:23 746.25 24.56 82 1.34 0
08:24 746.25 24.56 82 1.34 0
08:25 746 24.56 82 .89 0
08:26 746.25 24.56 82 .89 0
08:27 746.25 24.5 82 1.34 0
08:28 746 24.5 82 .89 0
08:29 746 24.56 82 1.34 0
08:30 746 24.56 83 1.34 0
08:31 746 24.56 82 .89 0
08:32 746 24.67 83 .89 0
08:33 746 24.72 83 .89 0
08:34 746 24.78 82 1.34 0
08:35 746 24.78 82 .89 0
08:36 746 24.83 82 0 0
08:37 746 24.83 82 .89 0
08:38 746 24.94 82 1.79 0
08:39 746 25 82 1.34 0
08:40 746 25.06 81 1.79 0
08:41 746 25.11 81 1.34 0
08:42 746 25.11 81 .89 0
08:43 746 25.17 81 .89 0
08:44 746 25.22 81 1.79 0
08:45 746 25.22 81 1.34 0
08:46 746 25.28 81 .89 0
08:47 746 25.28 80 1.34 0
08:48 746 25.28 80 2.68 0
08:49 746 25.28 80 1.34 0
08:50 746 25.33 80 0 0
08:51 746 25.44 80 .89 0
08:52 746 25.5 79 0 0
08:53 746 25.56 79 .89 0
08:54 746 25.67 79 .45 0
08:55 746.25 25.72 79 1.34 0
08:56 746.25 25.78 79 0 0
08:57 746.25 25.83 79 0 0
08:58 746.25 25.89 78 .89 0
08:59 746.25 25.94 78 1.34 0
09:00 746.25 26 78 1.34 0
09:01 746.25 25.94 78 .89 0
09:02 746.25 26 78 .89 0
09:03 746.25 26 78 1.34 0
09:04 746.25 26 79 .89 0
09:05 746.25 26 79 1.79 0
09:06 746.25 26 79 .89 0
09:07 746.25 26.06 79 .45 0
09:08 746.25 26.06 79 1.79 0
09:09 746.25 26.06 78 .89 0
09:10 746.25 26.11 79 1.34 0
09:11 746.25 26.17 78 1.79 0
09:12 746.25 26.22 78 1.34 0
09:13 746.25 26.33 78 .45 0
09:14 746.25 26.39 78 .45 0
09:15 746.25 26.5 78 3.58 0
09:16 746.25 26.44 77 3.13 0
09:17 746.25 26.39 76 1.79 0
09:18 746.25 26.28 77 .45 0
09:19 746.25 26.22 77 1.79 0
09:20 746.25 26.17 77 .89 0
09:21 746.25 26.11 78 2.68 0
09:22 746.25 26.06 77 1.34 0
09:23 746.25 26.06 77 .89 0
09:24 746.25 26.06 77 .89 0
09:25 746.25 26.06 77 .89 0
09:26 746.25 26.11 77 1.34 0
09:27 746.25 26.11 77 .89 0
09:28 746.25 26.11 77 1.34 0
09:29 746.25 26.11 77 1.79 0
09:30 746.25 26.11 78 1.79 0
09:31 746.25 26.11 77 1.34 0
09:32 746.25 26.11 77 .45 0
09:33 746.25 26.11 77 1.34 0
09:34 746.25 26.06 77 .89 0
09:35 746.25 26.11 76 1.34 0
09:36 746.25 26 76 1.34 0
09:37 746.25 26 76 .45 0
09:38 746.25 26 76 1.34 0
09:39 746.25 26 77 1.34 0
09:40 746.25 26 77 .89 0
09:41 746.25 26 77 .45 0
09:42 746.25 26.06 77 1.79 0
09:43 746.25 26.17 77 .89 0
09:44 746.25 26.22 77 1.34 0
09:45 746.25 26.28 76 1.34 0
09:46 746.25 26.33 75 .89 0
09:47 746.25 26.33 75 .45 0
09:48 746 26.39 76 1.34 0
09:49 746.25 26.5 76 1.79 0
09:50 746.25 26.56 76 1.34 0
09:51 746.25 26.61 76 2.68 0
09:52 746.25 26.67 76 1.34 0
09:53 746 26.72 75 2.68 0
09:54 746 26.67 75 .89 0
09:55 746.25 26.67 75 1.34 0
09:56 746 26.72 74 .89 0
09:57 746.25 26.72 74 1.34 0
09:58 746.25 26.78 74 .89 0
09:59 746 26.89 74 1.79 0
10:00 746 26.94 74 1.34 0
10:01 746 27 73 .45 0
10:02 746.25 27.06 73 .89 0
10:03 746.25 27.11 73 2.24 0
10:04 746.25 27.11 72 2.24 0
10:05 746.25 27.06 72 1.34 0
10:06 746.25 27 72 .89 0
10:07 746 26.94 71 0 0
10:08 746.25 27 72 0 0
10:09 746 27.06 72 1.79 0
10:10 746 27.11 72 1.79 0
10:11 746.25 27.11 72 .89 0
10:12 746 27.06 72 .45 0
10:13 746.25 27.11 72 .45 0
10:14 746 27.11 72 .89 0
10:15 746.25 27.17 72 0 0
10:16 746.25 27.28 72 2.24 0
10:17 746 27.22 72 1.34 0
10:18 746 27.22 72 .45 0
10:19 746 27.28 72 1.79 0
10:20 746 27.28 71 1.34 0
10:21 746 27.33 71 .45 0
10:22 746 27.33 71 .89 0
10:23 746 27.39 72 2.24 0
10:24 746 27.44 71 2.24 0
10:25 746 27.44 69 2.68 0
10:26 746 27.5 70 1.79 0
10:27 746 27.5 70 1.34 0
10:28 746 27.56 70 .89 0
10:29 746 27.72 71 1.34 0
10:30 746 27.78 70 1.79 0
10:31 746 27.78 69 3.13 0
10:32 746 27.78 69 1.79 0
10:33 746 27.83 69 1.79 0
10:34 746 27.83 69 2.68 0
10:35 746 27.78 68 1.79 0
10:36 746 27.72 69 1.34 0
10:37 746 27.72 69 .89 0
10:38 746 27.67 69 1.79 0
10:39 746 27.67 69 1.34 0
10:40 746 27.67 69 .45 0
10:41 746 27.67 69 0 0
10:42 746 27.67 70 .89 0
10:43 746 27.72 70 2.68 0
10:44 746 27.72 70 1.34 0
10:45 746 27.78 70 1.34 0
10:46 746 27.78 69 1.34 0
10:47 746 27.72 69 .45 0
10:48 746 27.72 69 1.34 0
10:49 746 27.72 69 1.34 0
10:50 746 27.72 68 1.34 0
10:51 746 27.67 68 1.34 0
10:52 746 27.67 69 .45 0
10:53 746 27.67 69 2.24 0
10:54 746 27.56 69 3.13 0
10:55 746 27.61 70 2.24 0
10:56 746 27.61 69 1.34 0
10:57 746 27.67 70 1.34 0
10:58 746 27.67 69 1.79 0
10:59 746 27.67 68 .45 0
11:00 746.25 27.67 69 0 0
11:01 746 27.67 69 1.79 0
11:02 746 27.67 69 1.34 0
11:03 746 27.67 69 1.79 0
11:04 746 27.67 68 1.34 0
11:05 746 27.67 68 1.79 0
11:06 746 27.56 68 1.79 0
11:07 746 27.56 68 1.34 0
11:08 746 27.61 69 .89 0
11:09 746 27.67 69 .89 0
11:10 746 27.72 69 .45 0
11:11 746 27.78 69 0 0
11:12 746 27.89 69 2.24 0
11:13 746 27.94 68 1.34 0
11:14 746 28 68 1.79 0
11:15 746 28.17 69 2.68 0
11:16 746 28.22 68 .89 0
11:17 746 28.28 67 2.68 0
11:18 746 28.22 67 1.79 0
11:19 746 28.17 66 1.79 0
11:20 746 28.11 66 1.79 0
11:21 746 28.06 66 .89 0
11:22 746 27.94 66 .89 0
11:23 746 27.89 66 .89 0
11:24 746 27.89 67 0 0
11:25 746 27.83 65 0 0
11:26 746 27.83 66 0 0
11:27 746.25 27.83 66 0 0
11:28 746.25 27.83 66 0 0
11:29 746 27.83 66 0 0
11:30 746.25 27.83 66 0 0
11:31 746 27.89 67 0 0
11:32 746 27.94 67 0 0
11:33 746.25 28 67 0 0
11:34 746 28.06 67 .45 0
11:35 746 28.17 68 .45 0
11:36 746 28.22 67 .89 0
11:37 746 28.22 67 .89 0
11:38 746 28.28 67 0 0
11:39 746 28.33 68 1.34 0
11:40 746 28.33 67 1.34 0
11:41 746 28.39 67 .89 0
11:42 746 28.44 68 1.34 0
11:43 746 28.5 68 1.79 0
11:44 746.25 28.44 67 2.24 0
11:45 746 28.39 68 2.68 0
11:46 746 28.33 68 2.68 0
11:47 746 28.28 68 3.13 0
11:48 746 28.17 68 2.68 0
11:49 746 28.06 68 2.68 0
11:50 746 28 69 1.79 0
11:51 746 27.94 68 1.79 0
11:52 746 27.83 69 1.79 0
11:53 746 27.83 69 .45 0
11:54 746 27.83 69 1.34 0
11:55 746 27.83 69 1.79 0
11:56 746 27.83 69 .89 0
11:57 746 27.78 70 2.24 0
11:58 746 27.78 70 3.58 0
11:59 746 27.67 69 1.79 0
12:00 746 27.61 70 2.24 0
12:01 746 27.61 70 1.79 0
12:02 746 27.61 70 1.79 0
12:03 746 27.56 70 2.68 0
12:04 746 27.56 70 2.24 0
12:05 746 27.56 69 1.34 0
12:06 746 27.56 70 1.34 0
12:07 746 27.67 71 2.68 0
12:08 746 27.67 70 2.24 0
12:09 746 27.72 70 2.68 0
12:10 746 27.78 70 1.34 0
12:11 746 27.83 70 3.58 0
12:12 746 27.83 68 2.24 0
12:13 746 27.83 68 1.79 0
12:14 746 27.83 69 1.34 0
12:15 746 27.94 68 1.79 0
12:16 746 27.94 68 1.34 0
12:17 746 28.06 69 2.24 0
12:18 746 28.06 68 1.34 0
12:19 746 28.11 68 1.79 0
12:20 746 28.11 68 3.58 0
12:21 746 28.06 68 2.24 0
12:22 746 28.06 68 2.24 0
12:23 746 28.11 68 1.79 0
12:24 746 28.06 68 3.58 0
12:25 746 28.06 67 3.13 0
12:26 746 28 67 2.68 0
12:27 746 27.94 68 2.68 0
12:28 746 27.94 67 3.13 0
12:29 746 27.94 67 1.79 0
12:30 746 27.89 67 .45 0
12:31 746 27.89 67 1.34 0
12:32 746 27.89 68 1.79 0
12:33 746 27.89 68 .89 0
12:34 746 27.94 68 1.34 0
12:35 746 27.94 68 2.68 0
12:36 746 27.94 68 1.79 0
12:37 746 27.94 68 1.79 0
12:38 746 27.94 68 1.79 0
12:39 746 27.94 68 1.34 0
12:40 746 27.89 68 1.79 0
12:41 746 27.89 68 1.34 0
12:42 746 27.89 67 .89 0
12:43 746 27.89 67 .89 0
12:44 746 27.89 67 .45 0
12:45 746 27.94 68 .89 0
12:46 746 27.94 68 1.34 0
12:47 746 27.94 68 1.34 0
12:48 746.25 28 68 2.68 0
12:49 746.25 27.94 69 2.68 0
12:50 746.25 27.94 70 2.68 0
12:51 746.25 27.78 71 2.24 0
12:52 746.25 27.56 71 1.34 0
12:53 746.25 27.33 73 1.79 12.95
12:54 746.25 27.06 73 1.79 9.14
12:55 746.25 26.89 73 1.79 8.89
12:56 746.25 26.72 75 1.79 10.41
12:57 746.25 26.56 75 1.34 10.67
12:58 746.25 26.44 75 .89 10.67
12:59 746.25 26.39 78 .45 6.86
13:00 746.25 26.28 79 .45 5.33
13:01 746.25 26.22 80 1.34 5.33
13:02 746.25 26.06 77 .45 5.33
13:03 746.25 26 78 .89 4.57
13:04 746.25 25.89 78 .89 3.56
13:05 746 25.89 78 .89 2.79
13:06 746 25.89 79 .45 2.29
13:07 746 25.89 79 .89 2.03
13:08 746 25.89 80 1.34 1.78
13:09 746 25.89 78 0 1.52
13:10 746 25.89 79 0 1.52
13:11 746 25.94 81 0 1.27
13:12 746 26 83 0 1.27
13:13 746.25 26.11 84 0 1.02
13:14 746 26.06 82 0 1.02
13:15 746.25 26.11 82 0 1.02
13:16 746 26.11 82 0 1.02
13:17 746 26.17 83 0 0
13:18 746.25 26.17 82 0 0
13:19 746.25 26.33 84 0 0
13:20 746.25 26.33 85 0 0
13:21 746.25 26.28 84 0 0
13:22 746.25 26.17 81 0 0
13:23 746.25 26.17 81 0 0
13:24 746.25 26.22 82 0 0
13:25 746.25 26.28 81 0 0
13:26 746.25 26.28 81 0 0
13:27 746.25 26.28 80 0 0
13:28 746 26.39 80 0 0
13:29 746 26.44 78 0 0
13:30 746 26.5 76 0 0
13:31 746 26.56 74 0 0
13:32 746 26.67 75 0 0
13:33 746 26.78 75 0 0
13:34 746 26.89 75 0 0
13:35 746 27 74 0 0
13:36 746 27.22 77 0 0
13:37 746 27.33 76 0 0
13:38 746 27.33 74 0 0
13:39 746 27.44 75 0 0
13:40 746 27.5 75 0 0
13:41 746 27.5 75 0 0
13:42 746 27.5 73 0 0
13:43 746 27.56 72 0 0
13:44 746 27.67 71 0 0
13:45 746 27.78 73 1.34 0
13:46 746 27.83 71 .45 0
13:47 746 27.94 71 1.34 0
13:48 746 28 71 .45 0
13:49 746 28.06 71 0 0
13:50 746 28.17 71 .45 0
13:51 746.25 28.22 70 .45 0
13:52 746.25 28.39 71 .89 0
13:53 746.25 28.56 70 .89 0
13:54 746 28.67 71 .89 0
13:55 746 28.83 71 .89 0
13:56 746 28.89 69 .45 0
13:57 746.25 29.06 69 .45 0
13:58 746 29.17 67 .45 0
13:59 746 29.22 67 .45 0
14:00 746 29.33 67 0 0
14:01 746 29.39 67 0 0
14:02 746.25 29.44 68 1.34 0
14:03 746.25 29.39 65 1.34 0
14:04 746.25 29.39 65 .89 0
14:05 746.25 29.28 65 .89 0
14:06 746.25 29.28 65 .45 0
14:07 746 29.22 67 .89 0
14:08 746.25 29.22 65 .89 0
14:09 746.25 29.22 65 .89 0
14:10 746.25 29.28 65 0 0
14:11 746 29.28 64 .45 0
14:12 746.25 29.33 65 .45 0
14:13 746 29.39 66 .89 0
14:14 746.25 29.39 65 .45 0
14:15 746 29.44 66 .89 0
14:16 746 29.39 66 .89 0
14:17 746 29.39 65 1.34 0
14:18 746 29.33 65 .89 0
14:19 746 29.28 64 .45 0
14:20 746 29.22 65 .45 0
14:21 746 29.22 66 .45 0
14:22 746 29.11 65 .89 0
14:23 746 29.11 66 .45 0
14:24 746 29.11 65 .45 0
14:25 746 29.06 66 0 0
14:26 746 29.06 66 .45 0
14:27 746 29.17 66 .89 0
14:28 746 29.17 65 0 0
14:29 746 29.17 65 .45 0
14:30 746 29.22 65 0 0
14:31 746 29.22 65 .45 0
14:32 746 29.22 66 .45 0
14:33 746 29.28 66 .45 0
14:34 746 29.28 65 0 0
14:35 746 29.33 64 0 0
14:36 746 29.33 65 0 0
14:37 746 29.33 65 0 0
14:38 746 29.28 65 .89 0
14:39 746 29.17 66 1.34 0
14:40 746 29.11 66 1.79 0
14:41 746 28.94 66 1.34 0
14:42 746 28.83 66 1.34 0
14:43 746 28.78 65 1.34 0
14:44 746 28.67 66 .45 0
14:45 746 28.67 67 1.34 0
14:46 746 28.61 67 1.34 0
14:47 746 28.56 68 1.79 0
14:48 746 28.5 66 2.24 0
14:49 746 28.39 67 2.24 0
14:50 746 28.33 66 2.24 0
14:51 746 28.28 66 1.34 0
14:52 746 28.28 67 1.34 0
14:53 746 28.22 67 1.79 0
14:54 746 28.22 67 1.34 0
14:55 746 28.22 67 .89 0
14:56 746 28.17 68 1.79 0
14:57 746 28.11 67 1.34 0
14:58 746 28.11 67 1.34 0
14:59 746 28.06 68 .89 0
15:00 746 28.11 69 .45 0
15:01 746.25 28.06 68 1.34 0
15:02 746.25 28.06 68 1.79 0
15:03 746.25 28 68 1.34 0
15:04 746.25 28 68 1.34 0
15:05 746.25 28 69 1.34 0
15:06 746.25 27.94 70 2.68 0
15:07 746.25 27.94 70 2.24 0
15:08 746.25 27.89 71 2.68 0
15:09 746.25 27.89 72 4.02 0
15:10 746.25 27.78 72 2.24 0
15:11 746.25 27.78 73 3.58 0
15:12 746.25 27.78 73 3.58 0
15:13 746.25 27.78 72 4.92 0
15:14 746.25 27.67 72 4.02 0
15:15 746.25 27.67 72 2.24 0
15:16 746.25 27.56 73 3.58 0
15:17 746.25 27.56 73 4.02 0
15:18 746.25 27.44 73 4.47 0
15:19 746.25 27.39 73 3.13 0
15:20 746.25 27.33 74 2.24 0
15:21 746.25 27.28 74 2.24 0
15:22 746.25 27.22 74 1.79 0
15:23 746.25 27.17 75 2.68 0
15:24 746.25 27.11 74 1.79 0
15:25 746.25 27.11 75 2.24 0
15:26 746.25 27.06 75 1.79 0
15:27 746.25 27.06 75 4.02 0
15:28 746.25 27 74 3.58 0
15:29 746.25 27.06 75 2.24 0
15:30 746.25 27.06 75 2.68 0
15:31 746.25 27 75 3.58 0
15:32 746.25 27 76 1.79 0
15:33 746.25 27 75 3.58 0
15:34 746.25 27.06 75 2.68 0
15:35 746.25 27.06 75 3.13 0
15:36 746.25 27.06 75 1.79 0
15:37 746.25 27.06 76 2.24 0
15:38 746.25 27.11 75 2.24 0
15:39 746.25 27.11 74 1.79 0
15:40 746.25 27.22 75 2.24 0
15:41 746.25 27.22 75 1.34 0
15:42 746.25 27.28 74 4.47 0
15:43 746.25 27.39 75 1.79 0
15:44 746.25 27.44 74 2.24 0
15:45 746.25 27.56 73 1.79 0
15:46 746.25 27.67 73 .89 0
15:47 746.51 27.78 74 2.24 0
15:48 746.51 27.89 72 2.24 0
15:49 746.25 28 72 .89 0
15:50 746.25 28.06 72 2.68 0
15:51 746.25 28.11 71 1.79 0
15:52 746.25 28.11 71 1.79 0
15:53 746.25 28.17 71 2.24 0
15:54 746.25 28.17 70 2.68 0
15:55 746.25 28.17 70 2.24 0
15:56 746.25 28.17 70 3.58 0
15:57 746.25 28.17 70 4.02 0
15:58 746.25 28.17 70 2.68 0
15:59 746.25 28.11 69 1.34 0
16:00 746.25 28.06 70 1.34 0
16:01 746.25 28.06 70 .45 0
16:02 746.25 28.11 70 1.34 0
16:03 746.51 28.11 71 1.79 0
16:04 746.51 28.17 71 1.79 0
16:05 746.51 28.17 70 3.13 0
16:06 746.51 28.11 70 3.13 0
16:07 746.51 28.11 69 2.24 0
16:08 746.51 28.11 69 2.24 0
16:09 746.51 28.17 69 .89 0
16:10 746.51 28.22 69 2.24 0
16:11 746.51 28.28 68 1.34 0
16:12 746.51 28.33 68 1.34 0
16:13 746.51 28.39 67 2.24 0
16:14 746.51 28.44 68 1.79 0
16:15 746.25 28.44 68 .89 0
16:16 746.25 28.44 67 1.79 0
16:17 746.25 28.44 67 1.79 0
16:18 746.25 28.44 66 .45 0
16:19 746.25 28.44 66 1.79 0
16:20 746.25 28.44 66 1.79 0
16:21 746.25 28.44 66 .45 0
16:22 746.25 28.5 67 .45 0
16:23 746.25 28.56 67 1.79 0
16:24 746.25 28.61 67 1.34 0
16:25 746.25 28.67 66 1.79 0
16:26 746.25 28.72 66 2.24 0
16:27 746.25 28.78 66 1.79 0
16:28 746.25 28.78 66 1.34 0
16:29 746.25 28.78 66 1.79 0
16:30 746.25 28.78 66 1.34 0
16:31 746.25 28.83 66 1.34 0
16:32 746.25 28.83 66 1.79 0
16:33 746.25 28.89 65 1.79 0
16:34 746.25 28.83 65 1.79 0
16:35 746.25 28.83 66 1.79 0
16:36 746.25 28.78 66 .89 0
16:37 746.25 28.78 67 0 0
16:38 746.25 28.78 67 0 0
16:39 746.25 28.83 67 0 0
16:40 746.25 28.94 67 0 0
16:41 746.25 29.06 66 .45 0
16:42 746.25 29.17 67 1.34 0
16:43 746.25 29.17 66 1.34 0
16:44 746.25 29.22 66 1.79 0
16:45 746.25 29.28 66 1.79 0
16:46 746.25 29.28 66 3.13 0
16:47 746.25 29.22 65 1.79 0
16:48 746.25 29.22 66 1.79 0
16:49 746.25 29.22 66 3.13 0
16:50 746.25 29.11 66 4.02 0
16:51 746.25 29.06 65 3.13 0
16:52 746.25 29 66 2.24 0
16:53 746.25 28.94 66 2.24 0
16:54 746.25 28.89 66 1.34 0
16:55 746.25 28.83 66 1.79 0
16:56 746.25 28.83 67 1.34 0
16:57 746.25 28.83 67 1.79 0
16:58 746.25 28.78 67 1.34 0
16:59 746.25 28.78 67 1.34 0
17:00 746.25 28.67 67 1.34 0
17:01 746.25 28.67 67 3.13 0
17:02 746.25 28.61 67 1.79 0
17:03 746.25 28.56 67 2.68 0
17:04 746.25 28.5 66 1.79 0
17:05 746.25 28.5 66 1.34 0
17:06 746.25 28.44 66 2.24 0
17:07 746.25 28.39 67 .89 0
17:08 746.25 28.39 66 1.79 0
17:09 746.25 28.33 66 1.34 0
17:10 746.25 28.33 67 .89 0
17:11 746.25 28.33 68 1.79 0
17:12 746.25 28.28 68 2.24 0
17:13 746.25 28.28 68 2.24 0
17:14 746.25 28.22 68 1.79 0
17:15 746.25 28.17 68 1.34 0
17:16 746.25 28.17 69 1.34 0
17:17 746.51 28.11 69 2.24 0
17:18 746.51 28.11 69 .89 0
17:19 746.51 28.06 69 .45 0
17:20 746.51 28.06 69 0 0
17:21 746.51 28 69 1.34 0
17:22 746.51 28 70 4.02 0
17:23 746.51 27.89 71 4.47 0
17:24 746.51 27.72 71 4.92 0
17:25 746.51 27.5 72 5.81 0
17:26 746.51 27.33 73 2.68 0
17:27 746.51 27.11 74 6.71 0
17:28 746.51 26.78 76 5.36 0
17:29 746.51 26.39 77 6.26 0
17:30 746.51 26 79 8.94 0
17:31 746.51 25.67 80 6.26 0
17:32 746.51 25.28 81 8.05 0
17:33 746.76 25 82 8.49 6.6
17:34 746.76 24.67 84 6.71 8.89
17:35 746.76 24.28 85 7.6 8.89
17:36 746.76 24 86 4.47 11.43
17:37 747.01 23.72 87 7.15 10.92
17:38 747.01 23.5 87 6.26 13.21
17:39 747.27 23.17 88 6.71 12.7
17:40 747.27 22.94 89 4.47 16
17:41 747.52 22.83 89 3.58 15.75
17:42 747.78 22.78 90 1.79 20.32
17:43 747.78 22.72 91 .45 15.24
17:44 747.78 22.61 91 .45 19.81
17:45 747.78 22.56 91 .45 17.53
17:46 747.52 22.44 91 1.79 21.59
17:47 747.52 22.33 91 4.02 23.62
17:48 747.52 22.17 91 4.02 23.11
17:49 747.52 22.06 91 2.24 21.84
17:50 747.52 21.94 91 3.58 23.37
17:51 747.52 21.83 92 3.58 24.64
17:52 747.52 21.67 92 4.92 24.64
17:53 747.52 21.56 92 6.26 25.65
17:54 747.52 21.44 92 5.81 24.89
17:55 747.27 21.44 93 5.36 24.38
17:56 747.27 21.33 93 4.92 24.38
17:57 747.27 21.17 93 6.71 25.91
17:58 747.27 21 93 1.34 24.38
17:59 747.27 20.89 93 1.79 22.86
18:00 747.27 20.89 93 2.24 23.11
18:01 747.27 20.83 93 2.68 24.38
18:02 747.27 20.78 94 2.24 24.64
18:03 747.27 20.72 94 2.24 22.61
18:04 747.01 20.72 94 1.79 22.1
18:05 747.01 20.72 94 2.68 22.1
18:06 747.01 20.78 94 3.13 23.88
18:07 747.01 20.78 94 1.34 19.81
18:08 747.01 20.78 94 4.02 21.34
18:09 747.01 20.72 93 4.02 24.64
18:10 747.01 20.72 93 1.79 25.4
18:11 747.01 20.83 93 1.34 20.83
18:12 747.01 20.89 93 2.68 21.08
18:13 747.01 20.89 93 1.79 24.64
18:14 747.01 20.94 93 3.13 24.89
18:15 747.01 21 92 2.24 21.08
18:16 747.01 21.06 92 2.24 21.08
18:17 747.01 21.06 92 2.24 24.64
18:18 746.76 21.17 92 2.68 24.64
18:19 746.76 21.22 91 .89 18.03
18:20 746.76 21.33 91 2.24 20.83
18:21 746.76 21.39 91 1.34 24.64
18:22 746.76 21.5 91 .89 20.32
18:23 746.76 21.61 91 1.34 20.83
18:24 746.76 21.67 91 .89 22.86
18:25 746.76 21.78 91 1.34 23.88
18:26 747.01 21.89 91 1.79 21.08
18:27 747.01 21.94 91 2.68 20.83
18:28 747.01 21.94 90 1.34 23.37
18:29 747.01 22 91 .89 24.64
18:30 747.01 22.06 91 3.13 20.83
18:31 747.01 22.11 90 .89 20.32
18:32 747.78 1802.61 255 113.99 16645.89
18:33 747.01 22.22 91 2.68 20.32
18:34 747.01 22.28 91 3.13 20.07
18:35 747.01 22.33 90 .89 24.13
18:36 747.01 22.39 90 .89 24.38
18:37 747.01 22.44 90 1.34 20.07
18:38 747.27 22.56 90 .89 21.08
18:39 747.27 22.56 90 .89 23.11
18:40 747.27 22.67 91 1.34 19.3
18:41 747.27 22.72 90 1.34 19.3
18:42 747.27 22.72 90 1.34 21.08
18:43 747.27 22.78 89 .89 19.3
18:44 747.01 22.78 88 1.34 19.05
18:45 747.01 22.83 88 1.79 22.61
18:46 747.01 22.89 88 .89 21.84
18:47 747.01 22.94 89 0 18.29
18:48 747.01 23.06 89 0 23.11
18:49 747.01 23.17 89 0 19.3
18:50 747.01 23.22 90 .45 19.05
18:51 747.01 23.22 89 0 22.35
18:52 747.01 23.22 87 0 22.86
18:53 747.01 23.22 87 0 19.56
18:54 747.01 23.28 86 1.34 21.59
18:55 747.01 23.33 86 .89 23.11
18:56 747.01 23.39 85 0 18.54
18:57 747.01 23.39 85 .45 22.1
18:58 747.01 23.44 85 .45 21.08
18:59 747.01 23.44 85 .45 19.3
19:00 747.01 23.44 85 .89 22.1
19:01 747.01 23.44 85 .89 21.08
19:02 747.01 23.44 85 .89 18.03
19:03 747.01 23.5 85 .45 21.34
19:04 747.01 23.5 85 .45 18.54
19:05 747.01 23.5 85 .89 17.53
19:06 747.01 23.5 85 1.79 21.59
19:07 747.01 23.5 86 1.34 18.03
19:08 747.01 23.44 86 .89 18.03
19:09 747.01 23.44 86 .89 20.83
19:10 747.01 23.39 86 1.34 17.78
19:11 747.01 23.33 87 .89 20.07
19:12 747.01 23.39 87 .89 17.02
19:13 747.01 23.39 87 1.34 18.29
19:14 747.01 23.33 88 .89 19.81
19:15 747.01 23.33 88 1.34 16
19:16 747.01 23.33 88 1.34 16.51
19:17 747.01 23.33 88 .89 15.75
19:18 747.01 23.33 89 .89 18.8
19:19 747.01 23.33 89 .45 16.26
19:20 747.01 23.28 89 .89 18.54
19:21 747.01 23.28 89 0 14.48
19:22 747.01 23.28 89 0 17.02
19:23 747.01 23.33 90 0 15.49
19:24 747.01 23.28 90 .45 16
19:25 747.01 23.28 90 .89 18.03
19:26 747.01 23.28 90 .89 15.49
19:27 747.01 23.28 90 0 17.27
19:28 747.01 23.28 90 .45 13.21
19:29 747.01 23.28 90 .89 16.51
19:30 746.76 23.28 90 .89 14.99
19:31 747.01 23.22 90 .45 17.27
19:32 747.01 23.22 90 .89 13.97
19:33 747.01 23.22 90 1.79 17.27
19:34 746.76 23.22 90 1.34 14.22
19:35 747.01 23.17 90 .89 16.51
19:36 746.76 23.11 90 1.34 13.72
19:37 747.01 23.06 90 1.79 16.26
19:38 747.01 22.94 90 1.34 12.45
19:39 747.01 22.94 89 .89 16.26
19:40 747.01 22.89 89 .45 13.46
19:41 747.01 22.89 89 .45 15.75
19:42 747.01 22.83 89 .45 14.48
19:43 747.01 22.83 90 .89 12.7
19:44 747.01 22.78 90 0 14.73
19:45 746.76 22.78 90 0 11.68
19:46 747.01 22.78 90 0 14.22
19:47 746.76 22.78 90 0 11.94
19:48 747.01 22.78 91 0 14.22
19:49 747.01 22.78 90 0 13.97
19:50 746.76 22.78 90 0 11.43
19:51 747.01 22.67 90 0 13.46
19:52 747.01 22.67 90 0 11.43
19:53 747.01 22.61 90 0 13.21
19:54 747.01 22.61 90 0 13.21
19:55 747.01 22.61 90 0 9.65
19:56 747.01 22.61 90 0 12.7
19:57 747.01 22.61 91 0 12.7
19:58 747.01 22.61 91 0 10.16
19:59 747.01 22.61 91 0 12.19
20:00 747.01 22.61 91 0 10.41
20:01 747.01 22.61 91 0 9.65
20:02 747.01 22.56 91 0 11.68
20:03 747.01 22.61 91 0 9.4
20:04 747.01 22.61 91 0 8.13
20:05 747.01 22.61 92 0 9.91
20:06 747.01 22.67 92 0 9.91
20:07 747.01 22.67 92 0 8.13
20:08 747.01 22.67 92 0 8.13
20:09 747.01 22.67 92 0 9.91
20:10 747.01 22.67 93 0 8.64
20:11 747.01 22.67 93 0 7.87
20:12 747.01 22.67 93 1.34 9.14
20:13 747.01 22.67 93 .89 9.14
20:14 747.01 22.67 93 1.79 7.37
20:15 747.01 22.67 93 1.79 6.35
20:16 747.01 22.61 93 1.79 6.35
20:17 747.01 22.56 93 1.79 7.62
20:18 747.01 22.56 93 1.79 7.62
20:19 747.01 22.56 93 2.24 5.84
20:20 747.01 22.56 93 2.24 5.59
20:21 747.01 22.56 93 1.79 5.59
20:22 747.01 22.5 93 1.34 6.1
20:23 747.01 22.44 93 2.24 6.1
20:24 747.01 22.44 94 3.13 5.84
20:25 747.01 22.39 94 2.24 5.08
20:26 747.01 22.39 94 1.79 5.08
20:27 747.01 22.39 94 1.34 5.08
20:28 747.01 22.33 94 2.24 5.84
20:29 747.01 22.33 94 1.79 5.84
20:30 747.01 22.33 94 1.79 5.33
20:31 747.01 22.28 94 1.79 3.81
20:32 747.01 22.22 94 1.79 3.3
20:33 747.01 22.17 94 1.79 2.54
20:34 747.01 22.17 94 1.79 2.29
20:35 747.01 22.17 94 1.34 2.03
20:36 747.01 22.11 94 1.34 1.78
20:37 747.01 22.06 94 1.34 1.52
20:38 747.01 22.06 94 1.34 1.27
20:39 747.27 22.06 94 .89 1.27
20:40 747.27 22 94 .89 1.27
20:41 747.27 22 94 0 1.02
20:42 747.27 22 95 0 1.02
20:43 747.01 22 95 0 1.02
20:44 747.27 21.94 95 0 1.02
20:45 747.27 22 95 0 0
20:46 747.27 21.94 95 0 0
20:47 747.27 21.94 95 0 0
20:48 747.27 21.94 95 0 0
20:49 747.27 21.94 95 0 0
20:50 747.27 21.89 95 0 0
20:51 747.27 21.94 95 0 0
20:52 747.27 21.89 95 0 0
20:53 747.27 21.89 95 0 0
20:54 747.01 21.89 95 0 0
20:55 747.27 21.83 95 0 0
20:56 747.27 21.83 95 0 0
20:57 747.27 21.83 95 0 0
20:58 747.27 21.83 95 0 0
20:59 747.27 21.83 95 0 0
21:00 747.27 21.78 95 0 0
21:01 747.27 21.78 95 0 0
21:02 747.27 21.78 95 0 0
21:03 747.27 21.78 95 0 0
21:04 747.27 21.78 95 0 0
21:05 747.27 21.78 95 1.79 0
21:06 747.01 21.72 95 1.34 0
21:07 747.27 21.67 95 .89 0
21:08 747.27 21.67 95 .89 0
21:09 747.27 21.61 95 .89 0
21:10 747.27 21.61 95 .89 0
21:11 747.27 21.61 95 .45 0
21:12 747.27 21.56 95 .45 0
21:13 747.27 21.56 95 0 0
21:14 747.27 21.56 95 0 0
21:15 747.01 21.56 95 0 0
21:16 747.27 21.5 95 0 0
21:17 747.27 21.5 95 0 0
21:18 747.27 21.44 95 0 0
21:19 747.01 21.44 96 0 0
21:20 747.27 21.44 96 0 0
21:21 747.27 21.44 96 0 0
21:22 747.27 21.44 96 0 0
21:23 747.27 21.39 96 0 0
21:24 747.27 21.39 96 0 0
21:25 747.27 21.33 96 0 0
21:26 747.27 21.33 96 0 0
21:27 747.27 21.33 96 0 0
21:28 747.27 21.33 96 0 0
21:29 747.27 21.28 96 0 0
21:30 747.27 21.28 96 0 0
21:31 747.27 21.28 96 0 0
21:32 747.27 21.28 96 0 0
21:33 747.27 21.28 96 0 0
21:34 747.27 21.28 96 0 0
21:35 747.27 21.28 96 0 0
21:36 747.27 21.28 96 0 0
21:37 747.27 21.28 96 0 0
21:38 747.27 21.28 96 0 0
21:39 747.27 21.22 96 0 0
21:40 747.27 21.22 96 0 0
21:41 747.27 21.17 96 0 0
21:42 747.27 21.17 96 0 0
21:43 747.27 21.22 96 0 0
21:44 747.27 21.17 96 0 0
21:45 747.27 21.17 96 0 0
21:46 747.27 21.17 96 0 0
21:47 747.27 21.17 96 0 0
21:48 747.27 21.17 96 0 0
21:49 747.27 21.22 96 0 0
21:50 747.27 21.22 96 0 0
21:51 747.27 21.22 96 0 0
21:52 747.27 21.17 96 0 0
21:53 747.01 21.17 96 0 0
21:54 747.01 21.17 96 0 0
21:55 747.27 21.11 96 0 0
21:56 747.01 21.11 96 0 0
21:57 747.01 21.11 96 0 0
21:58 747.01 21.11 96 0 0
21:59 747.01 21.11 96 0 0
22:00 747.01 21.06 96 0 0
22:01 747.01 21.06 97 0 0
22:02 747.01 21.06 97 0 0
22:03 747.01 21.06 97 0 0
22:04 747.01 21 97 0 0
22:05 747.01 21 97 0 0
22:06 747.01 21 97 0 0
22:07 747.01 21 97 0 0
22:08 747.01 21.06 97 0 0
22:09 747.01 21 97 0 0
22:10 747.01 21 97 0 0
22:11 747.01 20.94 97 0 0
22:12 747.01 20.94 97 0 0
22:13 747.01 20.94 97 0 0
22:14 747.01 20.94 97 0 0
22:15 747.01 20.89 97 0 0
22:16 747.01 20.89 97 0 0
22:17 747.01 20.83 96 0 0
22:18 747.01 20.83 96 0 0
22:19 747.01 20.78 96 0 0
22:20 747.01 20.78 96 0 0
22:21 747.01 20.78 97 0 0
22:22 747.01 20.78 97 0 0
22:23 747.01 20.72 97 0 0
22:24 747.01 20.72 97 0 0
22:25 747.01 20.72 97 0 0
22:26 747.01 20.72 97 0 0
22:27 747.01 20.72 97 0 0
22:28 747.01 20.72 97 0 0
22:29 747.01 20.72 97 0 0
22:30 747.01 20.72 97 0 0
22:31 747.01 20.67 97 0 0
22:32 747.01 20.72 97 0 0
22:33 747.01 20.67 97 0 0
22:34 747.01 20.67 97 0 0
22:35 747.01 20.67 97 0 0
22:36 747.01 20.67 97 0 0
22:37 747.01 20.61 97 0 0
22:38 747.01 20.67 97 0 0
22:39 747.27 20.61 97 0 0
22:40 747.01 20.61 97 0 0
22:41 747.01 20.61 97 0 0
22:42 747.01 20.61 97 0 0
22:43 747.01 20.61 97 0 0
22:44 747.01 20.61 97 0 0
22:45 747.01 20.61 97 0 0
22:46 747.01 20.61 97 0 0
22:47 747.01 20.56 97 0 0
22:48 747.01 20.56 97 0 0
22:49 747.01 20.56 97 0 0
22:50 747.01 20.5 97 0 0
22:51 747.01 20.5 97 0 0
22:52 747.01 20.5 97 0 0
22:53 747.01 20.5 97 0 0
22:54 747.01 20.5 97 0 0
22:55 747.01 20.44 97 0 0
22:56 747.01 20.44 97 0 0
22:57 747.01 20.44 97 0 0
22:58 747.01 20.44 97 0 0
22:59 747.01 20.44 97 0 0
23:00 747.27 20.44 97 0 0
23:01 747.01 20.39 97 0 0
23:02 747.01 20.39 97 0 0
23:03 747.27 20.44 97 0 0
23:04 747.27 20.39 97 0 0
23:05 747.27 20.39 97 0 0
23:06 747.27 20.39 97 0 0
23:07 747.27 20.39 97 0 0
23:08 747.27 20.39 97 0 0
23:09 747.27 20.33 97 0 0
23:10 747.27 20.33 97 0 0
23:11 747.27 20.28 97 0 0
23:12 747.27 20.28 97 0 0
23:13 747.27 20.28 97 0 0
23:14 747.27 20.28 97 0 0
23:15 747.27 20.28 97 0 0
23:16 747.27 20.22 97 0 0
23:17 747.27 20.28 97 0 0
23:18 747.27 20.22 97 0 0
23:19 747.27 20.28 98 0 0
23:20 747.27 20.22 98 0 0
23:21 747.27 20.28 98 0 0
23:22 747.27 20.28 98 0 0
23:23 747.27 20.28 98 0 0
23:24 747.27 20.28 98 0 0
23:25 747.27 20.28 98 0 0
23:26 747.27 20.28 98 0 0
23:27 747.27 20.33 98 0 0
23:28 747.27 20.33 98 0 0
23:29 747.27 20.28 98 0 0
23:30 747.27 20.28 98 0 0
23:31 747.27 20.28 98 0 0
23:32 747.27 20.28 98 0 0
23:33 747.27 20.28 98 0 0
23:34 747.27 20.28 98 0 0
23:35 747.27 20.28 98 0 0
23:36 747.27 20.28 98 0 0
23:37 747.27 20.28 98 0 0
23:38 747.27 20.28 98 0 0
23:39 747.27 20.33 98 0 0
23:40 747.27 20.39 98 0 0
23:41 747.27 20.39 98 0 0
23:42 747.27 20.39 98 0 0
23:43 747.27 20.39 98 0 0
23:44 747.27 20.33 98 0 0
23:45 747.27 20.33 98 0 0
23:46 747.27 20.33 98 0 0
23:47 747.27 20.33 98 0 0
23:48 747.27 20.33 98 0 0
23:49 747.27 20.28 98 0 0
23:50 747.27 20.33 98 0 0
23:51 747.27 20.28 98 0 0
23:52 747.27 20.28 98 0 0
23:53 747.27 20.28 98 0 0
23:54 747.27 20.22 98 0 0
23:55 747.27 20.22 98 0 0
23:56 747.27 20.22 98 0 0
23:57 747.27 20.22 98 0 0
23:58 747.27 20.28 98 0 0
23:59 747.27 20.33 98 0 0
