00:00 743.46 15.78 69 2.24 0
00:01 743.46 15.78 69 2.24 0
00:02 743.46 15.78 69 2.24 0
00:03 743.46 15.78 69 2.68 0
00:04 743.46 15.78 69 1.79 0
00:05 743.46 15.78 69 2.68 0
00:06 743.2 15.78 69 1.79 0
00:07 743.2 15.78 69 1.79 0
00:08 743.2 15.78 69 1.34 0
00:09 743.46 15.78 69 1.34 0
00:10 743.2 15.78 69 1.79 0
00:11 743.2 15.78 69 2.24 0
00:12 743.2 15.78 69 1.34 0
00:13 743.2 15.72 69 .45 0
00:14 743.2 15.78 69 1.79 0
00:15 743.2 15.78 69 1.79 0
00:16 743.2 15.72 69 1.79 0
00:17 743.2 15.72 69 1.79 0
00:18 743.2 15.72 69 2.24 0
00:19 743.2 15.67 69 1.79 0
00:20 743.2 15.67 69 2.68 0
00:21 743.2 15.72 69 .89 0
00:22 743.2 15.67 70 1.34 0
00:23 743.2 15.72 69 1.34 0
00:24 743.2 15.67 70 1.79 0
00:25 743.2 15.67 70 .89 0
00:26 743.2 15.72 70 1.34 0
00:27 743.2 15.67 70 1.34 0
00:28 743.2 15.67 70 .89 0
00:29 743.2 15.67 70 1.34 0
00:30 743.2 15.67 70 1.34 0
00:31 743.2 15.67 70 1.79 0
00:32 743.2 15.67 70 1.34 0
00:33 743.2 15.67 70 .89 0
00:34 743.2 15.67 70 1.34 0
00:35 743.2 15.61 70 1.34 0
00:36 743.2 15.61 70 1.34 0
00:37 743.2 15.61 70 1.79 0
00:38 743.2 15.61 70 1.79 0
00:39 743.2 15.61 70 2.68 0
00:40 743.2 15.56 70 1.79 0
00:41 743.2 15.56 70 1.79 0
00:42 743.2 15.56 70 1.79 0
00:43 743.2 15.56 70 1.34 0
00:44 743.2 15.56 70 .45 0
00:45 743.2 15.56 70 .89 0
00:46 743.2 15.56 70 .89 0
00:47 743.2 15.56 70 1.34 0
00:48 743.2 15.56 70 .89 0
00:49 743.2 15.56 70 .89 0
00:50 743.2 15.56 70 1.79 0
00:51 743.2 15.56 71 1.34 0
00:52 743.2 15.56 71 1.34 0
00:53 743.2 15.56 70 .89 0
00:54 743.2 15.56 71 .45 0
00:55 743.2 15.5 70 .89 0
00:56 742.95 15.5 71 .45 0
00:57 742.95 15.5 71 1.34 0
00:58 742.95 15.5 71 .89 0
00:59 742.95 15.5 71 1.34 0
01:00 742.95 15.44 71 .89 0
01:01 742.95 15.44 70 .89 0
01:02 742.95 15.44 71 .89 0
01:03 742.95 15.44 71 .89 0
01:04 742.95 15.5 70 .89 0
01:05 742.95 15.44 71 .45 0
01:06 742.95 15.44 71 .89 0
01:07 742.95 15.44 71 1.34 0
01:08 742.95 15.44 71 .89 0
01:09 742.95 15.44 71 0 0
01:10 742.95 15.44 71 1.34 0
01:11 742.95 15.44 70 1.34 0
01:12 742.95 15.44 71 .45 0
01:13 742.95 15.44 71 .89 0
01:14 742.95 15.44 71 1.34 0
01:15 742.95 15.44 71 0 0
01:16 742.95 15.44 71 1.34 0
01:17 742.95 15.44 71 .45 0
01:18 742.95 15.39 71 1.34 0
01:19 742.95 15.39 71 .89 0
01:20 742.95 15.39 71 1.34 0
01:21 742.95 15.33 71 1.34 0
01:22 742.95 15.33 71 .89 0
01:23 742.95 15.33 71 1.79 0
01:24 742.95 15.33 71 1.34 0
01:25 742.95 15.33 71 .89 0
01:26 742.95 15.33 71 1.34 0
01:27 742.95 15.33 71 1.34 0
01:28 742.95 15.33 71 .89 0
01:29 742.95 15.33 71 .89 0
01:30 742.95 15.28 71 .89 0
01:31 742.95 15.28 71 .45 0
01:32 742.95 15.28 72 .45 0
01:33 742.95 15.28 72 .89 0
01:34 742.95 15.28 72 .89 0
01:35 742.95 15.28 72 .89 0
01:36 742.95 15.28 72 1.79 0
01:37 742.95 15.22 72 .89 0
01:38 742.95 15.22 72 .45 0
01:39 742.95 15.22 72 .45 0
01:40 742.95 15.28 72 1.79 0
01:41 742.95 15.28 72 .89 0
01:42 742.95 15.28 72 1.79 0
01:43 742.95 15.22 72 1.34 0
01:44 742.95 15.22 72 .89 0
01:45 742.95 15.22 72 1.34 0
01:46 742.95 15.22 72 1.79 0
01:47 742.95 15.22 72 1.34 0
01:48 742.95 15.22 72 1.34 0
01:49 742.95 15.17 72 .89 0
01:50 742.95 15.22 72 1.34 0
01:51 742.95 15.22 72 .89 0
01:52 742.95 15.17 72 .89 0
01:53 742.7 15.22 72 .45 0
01:54 742.7 15.17 72 0 0
01:55 742.95 15.17 72 .45 0
01:56 742.7 15.22 72 0 0
01:57 742.7 15.17 72 .45 0
01:58 742.7 15.17 72 .45 0
01:59 742.7 15.17 72 .89 0
02:00 742.7 15.17 72 .89 0
02:01 742.7 15.17 72 .89 0
02:02 742.7 15.17 72 .45 0
02:03 742.7 15.17 72 .89 0
02:04 742.7 15.17 72 0 0
02:05 742.7 15.17 72 0 0
02:06 742.7 15.17 73 0 0
02:07 742.7 15.17 73 .45 0
02:08 742.7 15.11 73 0 0
02:09 742.7 15.11 73 0 0
02:10 742.7 15.17 73 .89 0
02:11 742.7 15.11 73 1.34 0
02:12 742.7 15.11 73 .89 0
02:13 742.7 15.11 73 .89 0
02:14 742.7 15.11 73 .45 0
02:15 742.7 15.06 73 0 0
02:16 742.7 15.06 73 .45 0
02:17 742.7 15.06 73 .45 0
02:18 742.7 15.06 73 .45 0
02:19 742.7 15.06 73 0 0
02:20 742.7 15.06 73 1.34 0
02:21 742.7 15 73 1.34 0
02:22 742.7 15 73 .89 0
02:23 742.7 15 74 1.79 0
02:24 742.7 15 74 1.34 0
02:25 742.7 15 73 1.34 0
02:26 742.7 15 74 .45 0
02:27 742.7 14.94 74 1.79 0
02:28 742.7 14.94 74 .89 0
02:29 742.7 14.94 74 .89 0
02:30 742.7 14.94 74 .89 0
02:31 742.7 14.94 74 .89 0
02:32 742.7 14.94 74 1.34 0
02:33 742.7 14.94 74 .45 0
02:34 742.7 14.94 74 .45 0
02:35 742.7 14.94 74 .45 0
02:36 742.7 14.94 74 1.79 0
02:37 742.7 14.94 74 .89 0
02:38 742.7 14.89 74 .89 0
02:39 742.7 14.89 74 1.34 0
02:40 742.7 14.89 74 .89 0
02:41 742.7 14.83 74 .89 0
02:42 742.7 14.89 74 .89 0
02:43 742.7 14.89 74 1.34 0
02:44 742.7 14.89 74 1.79 0
02:45 742.7 14.83 74 1.34 0
02:46 742.7 14.83 74 1.34 0
02:47 742.7 14.83 74 .89 0
02:48 742.7 14.83 74 2.24 0
02:49 742.7 14.83 74 1.79 0
02:50 742.7 14.83 74 .89 0
02:51 742.7 14.83 74 1.34 0
02:52 742.7 14.83 74 .45 0
02:53 742.7 14.78 75 .89 0
02:54 742.7 14.78 75 .89 0
02:55 742.7 14.78 75 1.34 0
02:56 742.7 14.78 75 .89 0
02:57 742.7 14.78 75 .45 0
02:58 742.7 14.83 75 .89 0
02:59 742.7 14.78 75 2.24 0
03:00 742.7 14.78 75 2.24 0
03:01 742.7 14.78 75 .89 0
03:02 742.7 14.78 75 1.34 0
03:03 742.7 14.78 75 2.24 0
03:04 742.7 14.78 75 2.24 0
03:05 742.7 14.72 75 2.24 0
03:06 742.7 14.72 75 2.24 0
03:07 742.7 14.78 75 .45 0
03:08 742.7 14.67 75 .89 0
03:09 742.7 14.72 76 1.79 0
03:10 742.7 14.72 76 1.34 0
03:11 742.7 14.67 76 1.79 0
03:12 742.7 14.67 76 .45 0
03:13 742.7 14.67 76 .45 0
03:14 742.7 14.67 76 1.79 0
03:15 742.7 14.67 76 1.34 0
03:16 742.7 14.67 76 2.24 0
03:17 742.7 14.67 76 .45 0
03:18 742.7 14.61 76 1.79 0
03:19 742.7 14.61 76 2.24 0
03:20 742.7 14.61 76 2.24 0
03:21 742.7 14.61 76 1.79 0
03:22 742.7 14.56 76 .89 0
03:23 742.7 14.61 76 2.24 0
03:24 742.7 14.56 76 1.79 0
03:25 742.44 14.56 76 1.79 0
03:26 742.7 14.56 76 .89 0
03:27 742.44 14.56 76 1.34 0
03:28 742.44 14.56 76 1.34 0
03:29 742.44 14.56 76 1.34 0
03:30 742.44 14.56 76 1.79 0
03:31 742.44 14.56 76 .89 0
03:32 742.44 14.56 76 .89 0
03:33 742.44 14.5 76 1.34 0
03:34 742.44 14.56 76 2.24 0
03:35 742.44 14.5 76 1.34 0
03:36 742.44 14.5 76 .45 0
03:37 742.44 14.5 76 1.34 0
03:38 742.44 14.5 77 .89 0
03:39 742.44 14.44 77 .89 0
03:40 742.44 14.44 77 .89 0
03:41 742.44 14.44 77 1.34 0
03:42 742.44 14.44 77 1.34 0
03:43 742.44 14.44 77 .45 0
03:44 742.44 14.44 77 1.79 0
03:45 742.44 14.44 77 1.34 0
03:46 742.44 14.44 77 2.24 0
03:47 742.44 14.44 77 2.24 0
03:48 742.44 14.44 77 1.34 0
03:49 742.44 14.44 77 1.79 0
03:50 742.44 14.44 77 .45 0
03:51 742.44 14.44 77 2.24 0
03:52 742.44 14.39 77 1.34 0
03:53 742.44 14.44 77 .89 0
03:54 742.44 14.39 77 1.34 0
03:55 742.44 14.39 77 1.79 0
03:56 742.44 14.39 77 .45 0
03:57 742.44 14.39 77 2.24 0
03:58 742.44 14.39 77 .89 0
03:59 742.44 14.39 77 1.79 0
04:00 742.44 14.39 77 .89 0
04:01 742.44 14.39 77 2.24 0
04:02 742.44 14.44 77 1.79 0
04:03 742.44 14.39 77 .89 0
04:04 742.44 14.39 77 .89 0
04:05 742.44 14.33 77 .89 0
04:06 742.44 14.39 77 .89 0
04:07 742.44 14.39 78 .89 0
04:08 742.44 14.33 78 1.34 0
04:09 742.44 14.33 78 .45 0
04:10 742.44 14.33 78 1.34 0
04:11 742.19 14.33 78 .89 0
04:12 742.44 14.33 78 1.34 0
04:13 742.44 14.33 78 .89 0
04:14 742.44 14.33 78 .45 0
04:15 742.44 14.28 78 .89 0
04:16 742.44 14.28 78 .89 0
04:17 742.44 14.28 78 1.79 0
04:18 742.44 14.28 78 1.79 0
04:19 742.44 14.28 78 .89 0
04:20 742.44 14.28 78 .45 0
04:21 742.44 14.28 78 1.79 0
04:22 742.19 14.22 78 1.34 0
04:23 742.19 14.28 78 1.79 0
04:24 742.44 14.22 78 1.79 0
04:25 742.44 14.22 78 .45 0
04:26 742.44 14.22 78 .89 0
04:27 742.19 14.22 78 .89 0
04:28 742.19 14.22 78 1.34 0
04:29 742.19 14.22 78 1.34 0
04:30 742.44 14.22 78 .89 0
04:31 742.44 14.22 78 .89 0
04:32 742.44 14.22 78 1.34 0
04:33 742.19 14.17 79 1.79 0
04:34 742.44 14.17 79 2.68 0
04:35 742.44 14.17 78 1.79 0
04:36 742.19 14.17 79 1.79 0
04:37 742.19 14.17 79 .89 0
04:38 742.19 14.11 79 1.79 0
04:39 742.44 14.11 79 1.79 0
04:40 742.44 14.11 79 3.13 0
04:41 742.19 14.06 79 3.13 0
04:42 742.19 14.06 79 2.68 0
04:43 742.19 14 79 2.68 0
04:44 742.19 14.06 79 2.68 0
04:45 742.19 14 79 1.34 0
04:46 742.19 13.94 79 2.24 0
04:47 742.19 13.94 80 3.13 0
04:48 742.19 13.94 80 .45 0
04:49 742.19 13.94 80 1.79 0
04:50 742.19 13.94 80 2.24 0
04:51 742.19 13.89 80 2.24 0
04:52 742.19 13.89 80 1.34 0
04:53 742.19 13.83 80 1.79 0
04:54 742.19 13.83 81 3.13 0
04:55 742.19 13.83 81 1.79 0
04:56 742.19 13.78 81 1.79 0
04:57 742.19 13.78 81 .89 0
04:58 742.19 13.78 81 1.34 0
04:59 741.93 13.78 81 1.79 0
05:00 742.19 13.78 81 .89 0
05:01 741.93 13.78 81 1.79 0
05:02 742.19 13.78 81 1.34 0
05:03 741.93 13.72 81 1.34 0
05:04 741.93 13.72 81 1.79 0
05:05 741.93 13.72 81 .89 0
05:06 741.93 13.72 81 2.68 0
05:07 741.93 13.72 81 2.24 0
05:08 741.93 13.72 81 1.79 0
05:09 741.93 13.67 81 2.24 0
05:10 741.93 13.72 81 .45 0
05:11 741.93 13.72 82 1.79 0
05:12 741.93 13.72 82 2.24 0
05:13 741.93 13.67 82 .89 0
05:14 741.93 13.72 82 1.34 0
05:15 741.93 13.72 82 1.79 0
05:16 741.93 13.72 82 1.79 0
05:17 741.93 13.72 82 3.13 0
05:18 741.93 13.72 82 1.79 0
05:19 741.93 13.72 82 .89 0
05:20 741.93 13.72 82 1.79 0
05:21 741.93 13.72 82 1.34 0
05:22 741.93 13.72 82 .89 0
05:23 741.93 13.72 82 2.24 0
05:24 741.93 13.72 82 .89 0
05:25 741.93 13.72 82 1.79 0
05:26 741.93 13.72 82 .89 0
05:27 741.93 13.72 82 1.34 0
05:28 741.93 13.72 82 .89 0
05:29 741.93 13.72 82 1.79 0
05:30 741.93 13.72 82 1.79 0
05:31 741.93 13.72 82 .89 0
05:32 741.68 13.72 82 1.79 0
05:33 741.93 13.72 82 2.68 0
05:34 741.68 13.72 82 2.24 0
05:35 741.68 13.72 82 2.24 0
05:36 741.68 13.72 82 2.24 0
05:37 741.68 13.72 82 1.34 0
05:38 741.93 13.72 82 1.34 0
05:39 741.93 13.72 82 2.24 0
05:40 741.68 13.72 82 2.68 0
05:41 741.68 13.72 82 1.34 0
05:42 741.68 13.72 82 2.24 0
05:43 741.68 13.72 82 1.79 0
05:44 741.68 13.78 82 2.68 0
05:45 741.68 13.78 82 3.13 0
05:46 741.68 13.72 82 2.68 0
05:47 741.68 13.72 82 2.24 0
05:48 741.68 13.78 82 .89 0
05:49 741.68 13.78 82 1.34 0
05:50 741.68 13.78 82 .45 0
05:51 741.68 13.78 82 1.79 0
05:52 741.68 13.78 82 1.34 0
05:53 741.68 13.78 82 .89 0
05:54 741.68 13.78 82 2.24 0
05:55 741.68 13.78 82 2.68 0
05:56 741.68 13.78 82 2.24 0
05:57 741.68 13.78 82 2.68 0
05:58 741.68 13.78 82 1.79 0
05:59 741.68 13.78 82 .45 0
06:00 741.68 13.78 82 1.34 0
06:01 741.93 13.78 82 3.13 0
06:02 741.68 13.78 82 2.24 0
06:03 741.68 13.78 82 1.79 0
06:04 741.68 13.78 82 .89 0
06:05 741.68 13.83 82 2.68 0
06:06 741.68 13.83 82 .89 0
06:07 741.68 13.83 82 3.13 0
06:08 741.68 13.83 82 1.34 0
06:09 741.68 13.83 82 2.68 0
06:10 741.68 13.83 82 1.79 0
06:11 741.68 13.83 82 1.34 0
06:12 741.68 13.89 82 .89 0
06:13 741.68 13.89 82 2.24 0
06:14 741.68 13.83 82 .45 0
06:15 741.68 13.89 82 1.79 0
06:16 741.68 13.83 82 2.68 0
06:17 741.68 13.89 82 2.24 0
06:18 741.68 13.89 82 2.68 0
06:19 741.68 13.89 82 .89 0
06:20 741.68 13.89 82 2.68 0
06:21 741.68 13.94 82 1.79 0
06:22 741.68 13.89 82 3.58 0
06:23 741.68 13.89 81 3.58 0
06:24 741.68 13.94 81 2.68 0
06:25 741.68 13.94 82 3.13 0
06:26 741.68 13.94 82 .45 0
06:27 741.68 13.94 82 1.34 0
06:28 741.68 14 81 1.79 0
06:29 741.68 14 81 .89 0
06:30 741.68 14.06 81 2.68 0
06:31 741.68 14.06 81 1.34 0
06:32 741.68 14.06 81 .89 0
06:33 741.68 14.11 81 .89 0
06:34 741.68 14.17 81 1.79 0
06:35 741.68 14.17 81 1.34 0
06:36 741.68 14.17 81 3.13 0
06:37 741.68 14.22 81 2.68 0
06:38 741.68 14.22 80 2.68 0
06:39 741.68 14.28 80 2.68 0
06:40 741.68 14.22 80 1.34 0
06:41 741.68 14.22 80 2.68 0
06:42 741.68 14.28 80 2.68 0
06:43 741.68 14.28 80 4.02 0
06:44 741.68 14.28 80 4.02 0
06:45 741.68 14.28 80 4.02 0
06:46 741.68 14.28 80 3.58 0
06:47 741.68 14.28 80 3.13 0
06:48 741.68 14.28 80 1.34 0
06:49 741.68 14.28 80 2.68 0
06:50 741.68 14.28 80 3.13 0
06:51 741.68 14.33 80 1.34 0
06:52 741.68 14.33 80 2.24 0
06:53 741.68 14.39 80 4.02 0
06:54 741.68 14.39 79 1.79 0
06:55 741.68 14.44 80 3.58 0
06:56 741.68 14.44 79 4.02 0
06:57 741.68 14.39 79 2.24 0
06:58 741.68 14.39 79 3.13 0
06:59 741.68 14.33 79 1.79 0
07:00 741.43 14.33 79 2.24 0
07:01 741.68 14.33 80 3.13 0
07:02 741.68 14.33 80 1.79 0
07:03 741.43 14.33 80 2.24 0
07:04 741.43 14.39 79 2.24 0
07:05 741.68 14.33 80 2.24 0
07:06 741.43 14.33 80 .89 0
07:07 741.43 14.33 80 1.79 0
07:08 741.43 14.33 80 4.02 0
07:09 741.43 14.39 80 .45 0
07:10 741.43 14.39 80 1.79 0
07:11 741.43 14.39 80 1.34 0
07:12 741.43 14.39 79 1.34 0
07:13 741.43 14.44 79 2.24 0
07:14 741.43 14.44 79 .89 0
07:15 741.43 14.44 79 4.02 0
07:16 741.43 14.44 79 2.68 0
07:17 741.43 14.44 78 2.68 0
07:18 741.43 14.44 78 1.79 0
07:19 741.43 14.44 78 2.68 0
07:20 741.43 14.44 77 .45 0
07:21 741.43 14.44 78 1.34 0
07:22 741.43 14.44 78 1.79 0
07:23 741.43 14.5 78 .89 0
07:24 741.43 14.5 78 2.24 0
07:25 741.43 14.56 78 .89 0
07:26 741.43 14.56 78 2.24 0
07:27 741.43 14.56 78 2.24 0
07:28 741.43 14.56 78 3.13 0
07:29 741.43 14.56 78 2.68 0
07:30 741.43 14.56 78 3.13 0
07:31 741.43 14.56 78 3.58 0
07:32 741.43 14.5 78 3.13 0
07:33 741.43 14.5 78 3.13 0
07:34 741.43 14.5 78 .45 0
07:35 741.43 14.5 78 3.13 0
07:36 741.43 14.5 79 2.68 0
07:37 741.43 14.5 78 2.24 0
07:38 741.43 14.5 77 3.13 0
07:39 741.43 14.44 78 2.68 0
07:40 741.43 14.5 78 3.58 0
07:41 741.43 14.56 78 2.24 0
07:42 741.43 14.5 78 2.68 0
07:43 741.43 14.5 78 4.02 0
07:44 741.43 14.56 78 2.68 0
07:45 741.43 14.61 78 4.02 0
07:46 741.43 14.61 78 3.13 0
07:47 741.43 14.61 78 1.79 0
07:48 741.43 14.61 78 4.47 0
07:49 741.43 14.61 78 2.68 0
07:50 741.43 14.67 78 3.58 0
07:51 741.43 14.67 77 4.02 0
07:52 741.43 14.61 76 2.24 0
07:53 741.43 14.67 76 3.13 0
07:54 741.43 14.67 76 2.68 0
07:55 741.43 14.61 76 3.58 0
07:56 741.43 14.61 76 4.02 0
07:57 741.43 14.61 76 4.02 0
07:58 741.43 14.61 76 6.26 0
07:59 741.43 14.61 76 2.68 0
08:00 741.43 14.61 76 2.24 0
08:01 741.17 14.67 76 3.13 0
08:02 741.17 14.67 76 3.58 0
08:03 741.17 14.67 75 2.68 0
08:04 741.17 14.78 76 2.24 0
08:05 741.17 14.78 75 3.13 0
08:06 741.17 14.78 75 1.79 0
08:07 741.17 14.78 75 1.79 0
08:08 741.43 14.78 76 1.34 0
08:09 741.17 14.78 76 2.68 0
08:10 741.17 14.78 76 1.79 0
08:11 741.17 14.83 76 1.34 0
08:12 741.17 14.83 76 1.34 0
08:13 741.17 14.89 76 .89 0
08:14 741.17 14.94 75 .45 0
08:15 741.17 15 75 2.68 0
08:16 741.17 15 75 3.13 0
08:17 741.17 15 75 2.24 0
08:18 741.17 15.06 75 2.24 0
08:19 741.17 15.06 75 3.13 0
08:20 741.17 15.06 75 2.24 0
08:21 741.17 15.06 75 3.58 0
08:22 741.17 15.06 75 3.13 0
08:23 741.17 15 75 4.92 0
08:24 741.17 15 75 3.13 0
08:25 741.17 15 74 2.24 0
08:26 741.17 14.94 74 3.13 0
08:27 741.17 14.89 75 2.24 0
08:28 741.17 14.89 75 4.02 0
08:29 741.17 14.89 75 2.68 0
08:30 741.17 14.83 75 2.68 0
08:31 741.17 14.89 75 4.02 0
08:32 741.17 14.89 75 2.24 0
08:33 741.17 14.89 75 3.58 0
08:34 741.17 14.94 75 4.47 0
08:35 741.17 15.06 75 2.24 0
08:36 741.17 15.11 75 2.24 0
08:37 741.17 15.11 75 1.79 0
08:38 741.17 15.22 74 3.13 0
08:39 741.17 15.22 74 4.02 0
08:40 741.17 15.22 74 3.13 0
08:41 741.17 15.28 73 3.13 0
08:42 741.17 15.28 73 4.47 0
08:43 741.17 15.28 73 2.68 0
08:44 741.17 15.28 73 5.36 0
08:45 741.17 15.28 73 2.68 0
08:46 741.17 15.28 72 4.47 0
08:47 741.17 15.33 73 3.13 0
08:48 741.17 15.33 72 4.02 0
08:49 741.17 15.33 72 3.58 0
08:50 741.17 15.33 73 2.24 0
08:51 741.17 15.33 73 2.68 0
08:52 741.17 15.28 72 3.13 0
08:53 741.17 15.28 72 2.24 0
08:54 741.17 15.28 72 .45 0
08:55 741.17 15.28 73 3.13 0
08:56 741.17 15.33 73 4.02 0
08:57 741.17 15.33 73 2.68 0
08:58 741.17 15.33 73 2.68 0
08:59 741.17 15.39 73 2.68 0
09:00 741.17 15.39 72 3.13 0
09:01 741.17 15.33 73 4.47 0
09:02 741.17 15.39 72 2.24 0
09:03 740.92 15.39 72 1.79 0
09:04 741.17 15.39 72 2.24 0
09:05 741.17 15.39 72 5.81 0
09:06 740.92 15.39 72 1.79 0
09:07 740.92 15.39 72 4.02 0
09:08 740.92 15.33 72 4.02 0
09:09 740.92 15.33 73 2.68 0
09:10 740.92 15.33 73 1.79 0
09:11 740.92 15.39 73 1.34 0
09:12 740.92 15.39 73 1.79 0
09:13 740.92 15.44 73 3.13 0
09:14 740.92 15.44 73 4.47 0
09:15 740.92 15.5 72 2.68 0
09:16 740.92 15.5 72 2.24 0
09:17 740.92 15.56 72 3.58 0
09:18 740.92 15.61 72 2.68 0
09:19 740.92 15.61 72 1.34 0
09:20 740.92 15.61 72 5.81 0
09:21 740.92 15.56 72 4.47 0
09:22 740.92 15.5 72 3.13 0
09:23 740.92 15.44 72 3.13 0
09:24 740.92 15.39 72 3.58 0
09:25 740.92 15.39 72 4.92 0
09:26 740.92 15.33 73 5.36 0
09:27 740.92 15.33 72 1.79 0
09:28 740.92 15.33 73 4.47 0
09:29 740.92 15.28 72 1.79 0
09:30 740.92 15.28 73 .89 0
09:31 740.92 15.28 73 3.58 0
09:32 740.92 15.28 72 3.13 0
09:33 740.92 15.28 72 4.47 0
09:34 740.92 15.22 72 4.47 0
09:35 740.92 15.17 73 1.79 0
09:36 740.92 15.17 73 2.24 0
09:37 740.92 15.17 73 3.13 0
09:38 740.92 15.11 73 4.02 0
09:39 740.92 15.11 73 4.47 0
09:40 740.92 15.11 73 2.68 0
09:41 740.92 15.06 73 1.79 0
09:42 740.92 15.06 73 1.79 0
09:43 740.66 15.11 74 4.47 0
09:44 740.92 15.11 74 1.79 0
09:45 740.66 15.11 74 2.24 0
09:46 740.66 15.11 74 2.68 0
09:47 740.92 15.11 74 3.58 0
09:48 740.66 15.06 73 3.13 0
09:49 740.66 15.06 73 4.47 0
09:50 740.66 15.06 74 2.68 0
09:51 740.66 15 74 4.47 0
09:52 740.66 15 74 1.79 0
09:53 740.66 15 74 3.13 0
09:54 740.66 14.94 74 3.13 0
09:55 740.92 14.94 74 4.02 0
09:56 740.66 14.94 74 4.47 0
09:57 740.66 14.94 74 2.24 0
09:58 740.66 15 74 3.13 0
09:59 740.66 14.94 74 4.02 0
10:00 740.66 15 74 5.36 0
10:01 740.66 15 73 4.02 0
10:02 740.66 15 74 1.79 0
10:03 740.66 15 74 4.02 0
10:04 740.66 15.06 73 1.79 0
10:05 740.66 15.06 74 .89 0
10:06 740.66 15.11 74 3.13 0
10:07 740.66 15.17 73 2.68 0
10:08 740.66 15.17 73 .89 0
10:09 740.66 15.22 73 4.02 0
10:10 740.66 15.28 73 2.24 0
10:11 740.66 15.28 73 2.68 0
10:12 740.66 15.28 73 3.13 0
10:13 740.66 15.33 73 4.47 0
10:14 740.66 15.33 73 2.68 0
10:15 740.66 15.39 73 .89 0
10:16 740.66 15.39 73 .89 0
10:17 740.66 15.44 73 3.58 0
10:18 740.66 15.5 73 3.13 0
10:19 740.66 15.44 72 2.68 0
10:20 740.66 15.5 72 1.34 0
10:21 740.66 15.5 72 3.58 0
10:22 740.66 15.5 72 6.26 0
10:23 740.66 15.5 72 4.92 0
10:24 740.66 15.44 72 3.13 0
10:25 740.66 15.44 72 4.92 0
10:26 740.66 15.39 72 3.13 0
10:27 740.66 15.39 72 3.58 0
10:28 740.66 15.39 73 1.79 0
10:29 740.66 15.39 72 .89 0
10:30 740.66 15.39 73 .89 0
10:31 740.66 15.44 73 2.68 0
10:32 740.66 15.5 72 4.02 0
10:33 740.66 15.5 72 3.13 0
10:34 740.66 15.44 72 3.13 0
10:35 740.66 15.5 72 3.13 0
10:36 740.66 15.5 72 6.26 0
10:37 740.66 15.44 72 3.58 0
10:38 740.66 15.44 72 3.58 0
10:39 740.66 15.44 72 3.58 0
10:40 740.66 15.39 72 1.34 0
10:41 740.66 15.44 72 5.36 0
10:42 740.66 15.39 72 3.13 0
10:43 740.66 15.39 72 1.79 0
10:44 740.66 15.44 73 2.24 0
10:45 740.66 15.44 73 2.24 0
10:46 740.66 15.44 73 2.68 0
10:47 740.66 15.44 72 1.79 0
10:48 740.66 15.5 72 2.24 0
10:49 740.66 15.5 73 2.24 0
10:50 740.66 15.5 72 1.34 0
10:51 740.66 15.56 72 1.79 0
10:52 740.66 15.56 73 2.68 0
10:53 740.66 15.56 72 1.79 0
10:54 740.66 15.61 73 2.68 0
10:55 740.66 15.61 72 4.92 0
10:56 740.66 15.56 72 2.68 0
10:57 740.66 15.56 72 1.79 0
10:58 740.66 15.56 72 1.79 0
10:59 740.66 15.56 72 1.79 0
11:00 740.66 15.61 72 2.24 0
11:01 740.66 15.61 73 1.34 0
11:02 740.66 15.61 73 1.34 0
11:03 740.66 15.67 73 4.47 0
11:04 740.66 15.72 72 2.68 0
11:05 740.66 15.78 72 3.13 0
11:06 740.66 15.83 72 5.81 0
11:07 740.66 15.83 72 3.58 0
11:08 740.66 15.89 72 5.81 0
11:09 740.41 15.89 71 4.02 0
11:10 740.41 15.89 72 2.68 0
11:11 740.66 15.89 72 .89 0
11:12 740.66 15.89 72 1.79 0
11:13 740.41 15.94 72 1.79 0
11:14 740.66 16 72 4.92 0
11:15 740.66 16 71 4.47 0
11:16 740.66 16 71 2.24 0
11:17 740.66 15.94 71 3.13 0
11:18 740.66 15.94 71 4.47 0
11:19 740.66 15.89 70 2.24 0
11:20 740.41 15.89 71 4.47 0
11:21 740.66 15.89 71 2.24 0
11:22 740.66 15.89 71 3.13 0
11:23 740.66 15.89 71 2.68 0
11:24 740.66 15.89 71 3.58 0
11:25 740.66 15.94 70 4.02 0
11:26 740.41 15.94 70 5.36 0
11:27 740.66 15.94 70 4.47 0
11:28 740.41 16 70 3.13 0
11:29 740.41 16 70 2.68 0
11:30 740.41 16.11 70 3.13 0
11:31 740.41 16.11 69 2.68 0
11:32 740.41 16.22 69 1.79 0
11:33 740.41 16.39 69 4.02 0
11:34 740.41 16.5 69 2.24 0
11:35 740.41 16.61 68 4.47 0
11:36 740.41 16.72 68 4.47 0
11:37 740.41 16.78 68 3.58 0
11:38 740.41 16.83 68 2.68 0
11:39 740.41 16.89 68 4.02 0
11:40 740.41 16.94 67 3.58 0
11:41 740.41 16.89 67 3.13 0
11:42 740.41 16.89 66 1.34 0
11:43 740.41 16.89 67 3.13 0
11:44 740.41 16.89 66 3.58 0
11:45 740.41 16.89 67 1.79 0
11:46 740.41 16.89 67 1.79 0
11:47 740.41 16.94 67 2.68 0
11:48 740.41 17 67 4.92 0
11:49 740.41 17 66 5.81 0
11:50 740.41 16.94 67 3.58 0
11:51 740.41 16.94 67 2.24 0
11:52 740.41 16.94 68 3.13 0
11:53 740.41 16.89 68 .89 0
11:54 740.41 16.89 68 3.58 0
11:55 740.41 16.83 68 1.34 0
11:56 740.41 16.83 69 4.47 0
11:57 740.41 16.83 68 1.79 0
11:58 740.41 16.78 69 1.79 0
11:59 740.41 16.78 68 4.92 0
12:00 740.41 16.78 69 2.24 0
12:01 740.41 16.78 68 3.58 0
12:02 740.41 16.78 68 .89 0
12:03 740.41 16.83 68 2.68 0
12:04 740.41 16.78 68 1.34 0
12:05 740.41 16.83 68 4.02 0
12:06 740.41 16.89 68 3.58 0
12:07 740.41 16.89 67 3.13 0
12:08 740.41 16.83 68 2.68 0
12:09 740.41 16.89 67 1.79 0
12:10 740.41 16.89 67 4.02 0
12:11 740.41 16.83 67 5.36 0
12:12 740.41 16.83 66 5.36 0
12:13 740.41 16.78 65 4.92 0
12:14 740.41 16.78 65 2.68 0
12:15 740.41 16.78 66 3.58 0
12:16 740.41 16.78 65 4.02 0
12:17 740.41 16.78 66 3.13 0
12:18 740.41 16.78 66 4.02 0
12:19 740.41 16.78 65 1.79 0
12:20 740.41 16.78 66 1.79 0
12:21 740.41 16.78 66 2.24 0
12:22 740.41 16.83 66 .89 0
12:23 740.41 16.89 66 1.79 0
12:24 740.41 16.94 66 1.79 0
12:25 740.41 17.06 66 1.79 0
12:26 740.41 17.11 65 4.92 0
12:27 740.41 17.17 65 4.02 0
12:28 740.41 17.17 63 1.79 0
12:29 740.41 17.17 64 .89 0
12:30 740.41 17.11 64 1.79 0
12:31 740.41 17.17 63 2.68 0
12:32 740.41 17.17 64 4.02 0
12:33 740.41 17.11 63 3.13 0
12:34 740.41 17.11 64 4.02 0
12:35 740.41 17.06 64 2.68 0
12:36 740.41 17.06 64 3.58 0
12:37 740.41 17 64 2.68 0
12:38 740.41 16.94 64 3.58 0
12:39 740.41 16.94 65 2.24 0
12:40 740.41 16.94 65 2.68 0
12:41 740.41 16.94 65 2.24 0
12:42 740.41 16.89 65 1.34 0
12:43 740.41 16.89 66 2.24 0
12:44 740.41 16.89 65 2.24 0
12:45 740.41 16.89 66 1.79 0
12:46 740.41 16.89 66 1.34 0
12:47 740.41 16.89 66 .89 0
12:48 740.41 16.89 66 1.34 0
12:49 740.41 16.89 66 1.34 0
12:50 740.41 16.89 66 1.79 0
12:51 740.41 16.89 66 .89 0
12:52 740.41 16.89 66 1.34 0
12:53 740.41 16.89 66 1.79 0
12:54 740.41 16.83 66 1.79 0
12:55 740.41 16.89 66 .89 0
12:56 740.41 16.83 66 .45 0
12:57 740.41 16.83 66 1.34 0
12:58 740.41 16.83 66 .89 0
12:59 740.41 16.83 67 1.34 0
13:00 740.41 16.78 67 1.79 0
13:01 740.41 16.78 67 1.34 0
13:02 740.41 16.72 67 1.79 0
13:03 740.41 16.72 68 .45 0
13:04 740.41 16.67 68 1.34 0
13:05 740.41 16.67 68 .89 0
13:06 740.41 16.67 68 1.34 0
13:07 740.41 16.67 68 .89 0
13:08 740.41 16.67 68 .89 0
13:09 740.41 16.61 69 .89 0
13:10 740.41 16.67 68 1.34 0
13:11 740.41 16.67 68 .89 0
13:12 740.41 16.67 69 1.34 0
13:13 740.41 16.72 69 .89 0
13:14 740.41 16.72 68 1.34 0
13:15 740.41 16.72 68 .89 0
13:16 740.41 16.72 68 1.34 0
13:17 740.41 16.72 68 .45 0
13:18 740.41 16.78 68 1.79 0
13:19 740.41 16.83 68 1.79 0
13:20 740.41 16.83 68 1.34 0
13:21 740.41 16.83 68 2.68 0
13:22 740.41 16.89 68 .89 0
13:23 740.41 16.94 68 1.34 0
13:24 740.41 16.89 68 2.24 0
13:25 740.41 16.94 68 2.24 0
13:26 740.41 16.94 68 1.34 0
13:27 740.41 17 68 1.79 0
13:28 740.41 17 67 .89 0
13:29 740.41 17.06 67 1.79 0
13:30 740.16 17.11 67 1.34 0
13:31 740.41 17.17 67 .45 0
13:32 740.41 17.17 67 1.34 0
13:33 740.16 17.22 67 1.79 0
13:34 740.16 17.28 66 2.68 0
13:35 740.16 17.22 66 1.79 0
13:36 740.16 17.28 67 1.79 0
13:37 740.16 17.33 66 2.24 0
13:38 740.16 17.33 65 2.24 0
13:39 740.16 17.33 66 2.24 0
13:40 740.16 17.39 65 2.24 0
13:41 740.16 17.44 65 1.79 0
13:42 740.16 17.44 65 1.34 0
13:43 740.16 17.44 65 1.34 0
13:44 740.16 17.56 65 1.79 0
13:45 740.16 17.56 65 1.79 0
13:46 740.16 17.56 65 1.79 0
13:47 740.16 17.61 66 3.58 0
13:48 740.16 17.61 65 2.68 0
13:49 740.16 17.61 65 .45 0
13:50 740.16 17.67 65 4.47 0
13:51 740.16 17.61 63 5.81 0
13:52 740.16 17.67 63 4.02 0
13:53 740.16 17.61 62 5.36 0
13:54 740.16 17.61 62 2.24 0
13:55 740.16 17.56 62 4.02 0
13:56 740.16 17.56 62 4.02 0
13:57 740.16 17.56 62 2.24 0
13:58 740.16 17.61 62 3.58 0
13:59 740.16 17.61 62 5.36 0
14:00 740.16 17.61 61 1.34 0
14:01 740.16 17.61 62 2.24 0
14:02 740.16 17.67 61 4.02 0
14:03 740.16 17.67 62 4.92 0
14:04 740.16 17.67 61 2.68 0
14:05 740.16 17.72 61 7.6 0
14:06 740.16 17.61 60 4.92 0
14:07 740.16 17.61 61 2.24 0
14:08 740.16 17.61 61 4.92 0
14:09 740.16 17.61 61 3.13 0
14:10 740.16 17.61 61 4.47 0
14:11 740.16 17.61 61 4.92 0
14:12 740.16 17.61 61 4.02 0
14:13 740.16 17.67 61 2.68 0
14:14 740.16 17.67 61 4.47 0
14:15 740.16 17.67 61 4.02 0
14:16 740.16 17.67 61 4.47 0
14:17 740.16 17.67 61 4.47 0
14:18 740.16 17.67 61 4.47 0
14:19 740.16 17.67 60 5.36 0
14:20 740.16 17.61 60 2.68 0
14:21 740.16 17.61 60 5.81 0
14:22 740.16 17.61 60 4.02 0
14:23 740.16 17.56 60 5.36 0
14:24 740.16 17.56 61 4.92 0
14:25 740.16 17.56 61 2.68 0
14:26 740.16 17.56 62 4.02 0
14:27 740.16 17.56 62 5.36 0
14:28 740.16 17.5 62 4.92 0
14:29 740.16 17.5 62 7.6 0
14:30 740.16 17.44 63 4.47 0
14:31 740.16 17.44 63 2.68 0
14:32 740.16 17.44 63 4.02 0
14:33 740.16 17.44 63 4.02 0
14:34 740.16 17.5 63 5.81 0
14:35 740.16 17.5 63 4.02 0
14:36 740.16 17.5 63 2.68 0
14:37 740.16 17.5 63 2.24 0
14:38 740.16 17.56 63 5.36 0
14:39 740.16 17.56 62 4.02 0
14:40 740.16 17.56 63 5.36 0
14:41 740.16 17.5 63 4.02 0
14:42 740.16 17.56 63 3.58 0
14:43 740.16 17.5 63 1.79 0
14:44 740.16 17.5 63 6.71 0
14:45 740.16 17.5 63 4.92 0
14:46 739.9 17.5 63 2.24 0
14:47 739.9 17.5 63 3.13 0
14:48 739.9 17.5 63 5.81 0
14:49 739.9 17.44 63 4.02 0
14:50 739.9 17.44 64 1.34 0
14:51 739.9 17.44 64 4.47 0
14:52 739.9 17.39 64 4.92 0
14:53 739.9 17.44 64 4.92 0
14:54 740.16 17.39 65 2.68 0
14:55 740.16 17.39 65 2.68 0
14:56 740.16 17.39 66 3.58 0
14:57 739.9 17.39 66 4.02 0
14:58 739.9 17.33 66 4.02 0
14:59 740.16 17.33 66 3.13 0
15:00 739.9 17.28 66 2.68 0
15:01 739.9 17.28 67 3.58 0
15:02 739.9 17.28 67 3.13 0
15:03 739.9 17.28 67 2.68 0
15:04 739.9 17.22 67 4.47 0
15:05 739.9 17.17 67 2.68 0
15:06 739.9 17.17 68 1.79 0
15:07 740.16 17.17 67 1.79 0
15:08 739.9 17.17 67 2.24 0
15:09 739.9 17.11 68 1.79 0
15:10 739.9 17.17 67 3.58 0
15:11 739.9 17.11 67 4.92 0
15:12 739.9 17.06 67 2.24 0
15:13 739.9 17.06 68 1.79 0
15:14 739.9 17.06 68 5.81 0
15:15 739.9 17 68 1.79 0
15:16 739.9 17 68 1.34 0
15:17 739.9 17 68 4.47 0
15:18 739.9 17.06 68 3.58 0
15:19 739.9 17 67 1.79 0
15:20 739.9 17 68 .89 0
15:21 739.9 17 67 2.24 0
15:22 739.9 17.06 67 2.24 0
15:23 739.9 17 68 3.13 0
15:24 739.9 17.06 68 1.79 0
15:25 739.9 17.06 67 2.24 0
15:26 739.9 17.06 66 4.47 0
15:27 739.9 17 66 3.13 0
15:28 739.9 17 66 3.58 0
15:29 739.9 17 67 2.24 0
15:30 739.9 17 67 3.58 0
15:31 739.9 17 68 4.92 0
15:32 739.9 17 66 2.24 0
15:33 739.9 17 66 3.13 0
15:34 739.9 17 66 4.02 0
15:35 739.9 17 66 3.58 0
15:36 739.9 17 66 3.58 0
15:37 739.9 17 66 2.68 0
15:38 739.9 17 66 4.02 0
15:39 739.9 17.06 66 2.68 0
15:40 739.9 17.11 66 1.79 0
15:41 739.9 17.17 66 2.24 0
15:42 739.9 17.17 66 .89 0
15:43 739.9 17.22 66 3.13 0
15:44 739.9 17.28 66 3.58 0
15:45 739.9 17.22 67 4.02 0
15:46 739.65 17.22 67 4.02 0
15:47 739.65 17.17 67 2.68 0
15:48 739.65 17.17 68 1.34 0
15:49 739.9 17.17 68 2.68 0
15:50 739.65 17.17 68 1.79 0
15:51 739.9 17.17 68 2.68 0
15:52 739.65 17.17 67 3.58 0
15:53 739.65 17.17 68 2.24 0
15:54 739.65 17.11 68 4.47 0
15:55 739.65 17.06 68 2.68 0
15:56 739.65 17 68 1.34 0
15:57 739.65 17 69 2.24 0
15:58 739.65 16.94 68 2.68 0
15:59 739.65 16.94 69 2.68 0
16:00 739.65 16.94 68 4.02 0
16:01 739.65 16.89 68 4.02 0
16:02 739.65 16.89 68 1.79 0
16:03 739.65 16.89 69 2.68 0
16:04 739.65 16.94 69 1.34 0
16:05 739.65 16.94 68 2.68 0
16:06 739.65 17 68 1.79 0
16:07 739.65 17 68 2.68 0
16:08 739.65 17 68 3.13 0
16:09 739.65 17.06 67 1.79 0
16:10 739.65 17.11 67 2.24 0
16:11 739.65 17.17 67 .89 0
16:12 739.65 17.17 67 2.24 0
16:13 739.65 17.22 67 1.34 0
16:14 739.65 17.22 66 1.79 0
16:15 739.65 17.28 66 1.79 0
16:16 739.65 17.33 66 1.34 0
16:17 739.65 17.39 65 2.68 0
16:18 739.65 17.44 65 3.58 0
16:19 739.39 17.44 64 2.68 0
16:20 739.39 17.39 64 4.47 0
16:21 739.39 17.33 63 1.79 0
16:22 739.65 17.28 63 2.68 0
16:23 739.39 17.22 63 4.02 0
16:24 739.65 17.22 64 4.47 0
16:25 739.39 17.17 64 4.02 0
16:26 739.39 17.17 64 4.47 0
16:27 739.39 17.17 64 3.13 0
16:28 739.39 17.17 64 2.68 0
16:29 739.39 17.17 64 .89 0
16:30 739.39 17.17 64 1.34 0
16:31 739.39 17.22 65 4.02 0
16:32 739.39 17.28 63 3.13 0
16:33 739.39 17.28 64 2.24 0
16:34 739.39 17.28 63 2.24 0
16:35 739.39 17.28 64 1.79 0
16:36 739.39 17.28 63 2.24 0
16:37 739.39 17.28 63 3.58 0
16:38 739.39 17.22 63 3.58 0
16:39 739.39 17.22 63 3.13 0
16:40 739.39 17.22 63 2.24 0
16:41 739.39 17.28 63 2.24 0
16:42 739.39 17.28 64 3.13 0
16:43 739.39 17.33 64 1.79 0
16:44 739.39 17.33 64 2.24 0
16:45 739.39 17.33 64 3.13 0
16:46 739.39 17.33 64 1.79 0
16:47 739.39 17.33 64 1.34 0
16:48 739.39 17.33 64 2.24 0
16:49 739.39 17.33 64 .89 0
16:50 739.39 17.33 64 2.24 0
16:51 739.39 17.33 64 1.34 0
16:52 739.39 17.33 64 .89 0
16:53 739.39 17.33 65 1.79 0
16:54 739.39 17.39 65 1.34 0
16:55 739.39 17.33 65 1.79 0
16:56 739.39 17.39 65 1.79 0
16:57 739.39 17.39 65 2.68 0
16:58 739.39 17.33 65 3.13 0
16:59 739.39 17.33 65 2.68 0
17:00 739.39 17.28 65 1.79 0
17:01 739.39 17.28 66 3.13 0
17:02 739.39 17.22 66 3.13 0
17:03 739.39 17.17 66 4.02 0
17:04 739.39 17.11 66 2.24 0
17:05 739.39 17 66 3.13 0
17:06 739.39 16.94 66 2.24 0
17:07 739.39 16.89 67 2.24 0
17:08 739.39 16.83 69 1.79 0
17:09 739.39 16.83 69 2.24 0
17:10 739.39 16.78 69 1.79 0
17:11 739.39 16.72 69 1.79 0
17:12 739.39 16.72 69 1.34 0
17:13 739.39 16.67 69 .45 0
17:14 739.39 16.72 71 2.24 0
17:15 739.39 16.67 71 .89 0
17:16 739.39 16.67 72 .45 0
17:17 739.39 16.67 72 1.79 0
17:18 739.14 16.67 71 .45 0
17:19 739.39 16.67 72 .89 0
17:20 739.39 16.61 72 0 0
17:21 739.14 16.61 72 1.79 0
17:22 739.14 16.61 71 1.34 0
17:23 739.14 16.61 71 1.79 0
17:24 739.14 16.56 71 1.34 0
17:25 739.14 16.56 71 1.34 0
17:26 739.14 16.56 71 1.79 0
17:27 739.14 16.56 71 1.34 0
17:28 739.14 16.56 71 .89 0
17:29 739.14 16.56 72 1.34 0
17:30 739.14 16.5 72 .45 0
17:31 739.14 16.5 73 0 0
17:32 739.14 16.5 74 .45 0
17:33 739.14 16.5 72 .89 0
17:34 739.14 16.5 73 .45 0
17:35 739.14 16.5 73 .89 0
17:36 739.14 16.5 72 .89 0
17:37 739.14 16.44 72 1.34 0
17:38 739.14 16.44 73 2.24 0
17:39 739.14 16.44 71 1.79 0
17:40 739.14 16.44 71 2.24 0
17:41 739.14 16.44 71 2.68 0
17:42 739.14 16.39 71 1.79 0
17:43 739.14 16.39 71 2.68 0
17:44 739.14 16.33 72 1.79 0
17:45 738.89 16.33 72 .89 0
17:46 738.89 16.33 72 1.79 0
17:47 738.89 16.33 72 2.24 0
17:48 738.89 16.33 72 .45 0
17:49 738.89 16.33 73 1.79 0
17:50 738.89 16.28 71 2.68 0
17:51 738.89 16.28 72 2.68 0
17:52 738.89 16.28 72 2.24 0
17:53 738.89 16.28 72 2.24 0
17:54 738.89 16.28 72 1.79 0
17:55 738.89 16.28 72 1.34 0
17:56 738.89 16.28 73 1.34 0
17:57 738.89 16.28 73 1.34 0
17:58 738.89 16.28 73 2.24 0
17:59 738.89 16.28 73 1.79 0
18:00 738.89 16.22 73 1.79 0
18:01 738.89 16.22 73 .45 0
18:02 738.89 16.22 74 .45 0
18:03 738.89 16.22 74 .89 0
18:04 738.89 16.22 74 1.79 0
18:05 738.89 16.22 73 .45 0
18:06 738.89 16.22 72 2.24 0
18:07 738.89 16.22 72 .45 0
18:08 738.89 16.17 73 .45 0
18:09 738.63 16.22 72 .89 0
18:10 738.89 16.22 73 .89 0
18:11 738.63 16.17 75 .89 0
18:12 738.89 16.22 74 2.68 0
18:13 738.63 16.17 72 1.34 0
18:14 738.63 16.22 72 .45 0
18:15 738.63 16.17 72 .89 0
18:16 738.63 16.22 72 1.34 0
18:17 738.63 16.17 71 2.68 0
18:18 738.63 16.17 71 1.79 0
18:19 738.63 16.17 72 0 0
18:20 738.63 16.17 72 1.79 0
18:21 738.63 16.17 72 .45 0
18:22 738.63 16.17 72 0 0
18:23 738.63 16.17 72 0 0
18:24 738.63 16.17 73 0 0
18:25 738.63 16.17 73 .45 0
18:26 738.63 16.17 73 .45 0
18:27 738.63 16.22 73 .45 0
18:28 738.63 16.17 74 .89 0
18:29 738.63 16.11 74 .89 0
18:30 738.63 16.11 75 1.34 0
18:31 738.63 16.11 75 1.34 0
18:32 738.63 16.06 75 1.34 0
18:33 738.63 16.06 75 1.34 0
18:34 738.63 16 75 1.34 0
18:35 738.63 15.94 76 .89 0
18:36 738.63 15.94 75 1.79 0
18:37 738.63 15.89 76 1.34 0
18:38 738.38 15.89 77 1.34 0
18:39 738.63 15.83 76 .89 0
18:40 738.63 15.83 76 .89 0
18:41 738.63 15.83 76 1.34 0
18:42 738.63 15.83 76 1.34 0
18:43 738.63 15.83 76 .89 0
18:44 738.63 15.83 77 .89 0
18:45 738.38 15.83 77 1.34 0
18:46 738.63 15.83 77 1.79 0
18:47 738.38 15.78 77 1.34 0
18:48 738.38 15.78 78 1.34 0
18:49 738.63 15.78 78 .89 0
18:50 738.38 15.78 78 1.34 0
18:51 738.63 15.78 77 1.79 0
18:52 738.38 15.78 77 .89 0
18:53 738.38 15.78 77 1.34 0
18:54 738.38 15.72 77 .89 0
18:55 738.38 15.78 78 1.34 0
18:56 738.38 15.72 77 1.34 0
18:57 738.38 15.78 78 .45 0
18:58 738.38 15.72 78 .89 0
18:59 738.38 15.72 78 1.34 0
19:00 738.38 15.72 78 .89 0
19:01 738.38 15.72 78 1.34 0
19:02 738.38 15.72 79 1.34 0
19:03 738.38 15.72 79 .89 0
19:04 738.38 15.72 79 1.34 0
19:05 738.38 15.72 80 1.79 0
19:06 738.38 15.67 80 .89 0
19:07 738.38 15.67 80 1.79 0
19:08 738.38 15.67 80 .89 0
19:09 738.38 15.61 81 1.79 0
19:10 738.38 15.61 81 2.24 0
19:11 738.38 15.56 81 1.34 0
19:12 738.38 15.56 81 1.34 0
19:13 738.38 15.56 81 1.79 0
19:14 738.12 15.56 81 3.13 0
19:15 738.12 15.5 81 1.79 0
19:16 738.12 15.44 81 2.24 0
19:17 738.38 15.44 81 1.34 0
19:18 738.12 15.44 82 2.68 0
19:19 738.12 15.39 82 .89 0
19:20 738.12 15.39 82 2.68 0
19:21 738.12 15.39 83 1.34 0
19:22 738.12 15.39 83 1.79 0
19:23 738.12 15.39 83 .89 0
19:24 738.12 15.33 83 .89 0
19:25 738.12 15.33 83 1.79 0
19:26 738.12 15.28 82 .89 0
19:27 738.12 15.28 82 .89 0
19:28 738.12 15.22 82 1.34 0
19:29 738.12 15.17 82 1.34 0
19:30 738.12 15.17 82 1.79 0
19:31 738.12 15.11 82 1.34 0
19:32 738.12 15.11 82 1.34 0
19:33 738.12 15.11 82 .89 0
19:34 738.12 15.06 82 1.34 0
19:35 738.12 15.06 82 1.34 0
19:36 738.12 15 82 1.34 0
19:37 738.12 15 82 .89 0
19:38 738.12 14.94 82 1.79 0
19:39 738.12 14.94 82 1.79 0
19:40 738.12 14.94 82 1.34 0
19:41 738.12 14.94 83 1.34 0
19:42 738.12 14.89 83 1.34 0
19:43 738.12 14.89 83 .45 0
19:44 738.12 14.89 83 .89 0
19:45 738.12 14.83 83 .89 0
19:46 738.12 14.83 83 1.34 0
19:47 738.12 14.83 83 1.34 0
19:48 738.12 14.78 83 .89 0
19:49 738.12 14.78 84 1.34 0
19:50 738.12 14.78 84 .45 0
19:51 738.12 14.78 84 .89 0
19:52 738.12 14.72 84 .89 0
19:53 738.12 14.72 84 1.34 0
19:54 738.12 14.72 84 1.79 0
19:55 738.12 14.67 84 .89 0
19:56 738.12 14.67 84 .89 0
19:57 738.12 14.61 84 1.34 0
19:58 738.12 14.67 84 1.79 0
19:59 738.12 14.67 84 .89 0
20:00 738.12 14.61 84 .89 0
20:01 738.12 14.61 84 .45 0
20:02 738.12 14.61 84 1.34 0
20:03 738.12 14.61 84 1.34 0
20:04 738.12 14.61 84 .89 0
20:05 738.12 14.56 84 .89 0
20:06 738.12 14.56 84 1.34 0
20:07 738.12 14.56 84 .89 0
20:08 738.12 14.56 84 1.34 0
20:09 738.12 14.56 84 1.34 0
20:10 738.12 14.56 84 .89 0
20:11 738.12 14.56 84 .89 0
20:12 738.12 14.5 84 .89 0
20:13 738.12 14.5 84 1.34 0
20:14 738.12 14.5 84 1.79 0
20:15 738.12 14.5 84 1.79 0
20:16 738.12 14.44 84 1.79 0
20:17 738.12 14.44 84 1.34 0
20:18 737.87 14.44 84 1.34 0
20:19 737.87 14.44 84 .89 0
20:20 737.87 14.44 84 1.34 0
20:21 738.12 14.44 84 1.34 0
20:22 737.87 14.44 84 .45 0
20:23 738.12 14.44 85 .45 0
20:24 737.87 14.44 85 .45 0
20:25 737.87 14.44 85 .45 0
20:26 738.12 14.44 85 .89 0
20:27 738.12 14.44 85 .89 0
20:28 738.12 14.44 85 .45 0
20:29 738.12 14.39 85 0 0
20:30 737.87 14.44 85 .45 0
20:31 737.87 14.44 85 .89 0
20:32 737.87 14.44 85 1.34 0
20:33 737.87 14.39 85 .45 0
20:34 737.87 14.39 85 .89 0
20:35 737.87 14.39 85 .89 0
20:36 737.87 14.39 86 .89 0
20:37 737.87 14.39 86 .89 0
20:38 737.87 14.39 85 1.34 0
20:39 737.87 14.33 85 .89 0
20:40 737.87 14.33 85 .89 0
20:41 737.87 14.33 85 .89 0
20:42 737.87 14.33 86 .45 0
20:43 737.87 14.33 86 .89 0
20:44 737.87 14.33 86 .89 0
20:45 737.87 14.28 86 .89 0
20:46 737.87 14.28 85 .89 0
20:47 737.87 14.28 86 .89 0
20:48 737.87 14.22 86 .89 0
20:49 737.87 14.22 85 1.34 0
20:50 737.87 14.22 85 .45 0
20:51 737.87 14.22 86 .45 0
20:52 737.87 14.22 86 1.34 0
20:53 737.87 14.17 86 0 0
20:54 737.87 14.17 86 0 0
20:55 737.87 14.17 86 .45 0
20:56 737.87 14.17 86 1.34 0
20:57 737.87 14.11 86 1.34 0
20:58 737.87 14.11 86 1.34 0
20:59 737.87 14.06 86 .45 0
21:00 737.87 14.06 86 .89 0
21:01 737.87 14.06 86 .89 0
21:02 738.12 14.06 86 .89 0
21:03 738.12 14.06 86 1.34 0
21:04 737.87 14 86 .89 0
21:05 737.87 14 86 .89 0
21:06 737.87 13.94 86 1.34 0
21:07 738.12 14 86 .89 0
21:08 738.12 14 86 .45 0
21:09 738.12 13.94 86 0 0
21:10 737.87 13.94 86 .45 0
21:11 737.87 13.94 86 1.34 0
21:12 737.87 13.94 86 .89 0
21:13 737.87 13.89 86 .89 0
21:14 738.12 13.89 86 .89 0
21:15 737.87 13.94 87 .45 1.02
21:16 737.87 13.89 87 .89 1.02
21:17 738.12 13.89 87 1.34 1.02
21:18 737.87 13.89 87 .89 1.02
21:19 738.12 13.89 87 .89 1.02
21:20 738.12 13.89 87 1.34 1.02
21:21 738.12 13.83 87 1.79 1.02
21:22 737.87 13.83 87 1.34 1.02
21:23 737.87 13.78 87 .89 1.02
21:24 737.87 13.83 87 .89 1.02
21:25 737.87 13.78 87 .89 1.02
21:26 737.87 13.78 87 1.34 1.52
21:27 737.87 13.78 87 .89 1.52
21:28 737.87 13.72 87 .89 1.52
21:29 737.87 13.78 87 .89 1.52
21:30 737.87 13.72 87 .89 1.52
21:31 737.87 13.72 88 .45 1.52
21:32 737.87 13.72 88 .89 1.52
21:33 737.87 13.72 88 .89 1.52
21:34 737.87 13.72 88 1.34 1.52
21:35 737.87 13.67 88 .89 1.52
21:36 737.87 13.67 88 .45 1.52
21:37 737.87 13.72 89 1.34 1.27
21:38 737.87 13.67 89 .45 1.27
21:39 737.87 13.67 89 0 1.27
21:40 737.87 13.67 89 .45 1.27
21:41 737.87 13.67 89 .89 1.27
21:42 737.87 13.67 89 .89 1.27
21:43 737.87 13.67 89 .89 1.27
21:44 737.87 13.61 89 .89 1.27
21:45 737.87 13.61 89 1.34 1.27
21:46 737.87 13.61 89 .89 1.27
21:47 737.87 13.56 89 .89 2.03
21:48 737.87 13.56 89 .89 2.03
21:49 737.87 13.61 90 1.34 2.03
21:50 737.87 13.56 90 .89 2.03
21:51 737.87 13.56 90 1.79 3.3
21:52 737.87 13.56 90 1.34 3.3
21:53 737.87 13.56 90 1.79 3.3
21:54 737.87 13.5 90 1.34 3.3
21:55 737.87 13.5 90 1.34 3.3
21:56 737.87 13.5 90 1.79 3.3
21:57 737.87 13.5 90 1.34 3.3
21:58 737.87 13.5 90 .89 3.3
21:59 737.87 13.5 90 .89 3.3
22:00 737.87 13.44 90 0 3.81
22:01 737.87 13.44 90 1.79 3.81
22:02 737.87 13.44 90 1.34 3.81
22:03 737.87 13.44 90 1.34 4.32
22:04 737.87 13.44 90 .89 4.32
22:05 737.87 13.39 90 .89 4.32
22:06 737.87 13.44 90 1.34 4.32
22:07 737.87 13.39 90 1.79 3.56
22:08 737.87 13.39 90 1.34 3.05
22:09 737.87 13.44 90 .89 2.54
22:10 737.87 13.39 91 .45 2.03
22:11 737.87 13.44 91 .45 1.78
22:12 737.87 13.44 91 1.34 1.78
22:13 737.87 13.44 91 .45 1.78
22:14 737.87 13.44 91 1.34 1.78
22:15 737.62 13.44 91 .89 1.78
22:16 737.62 13.44 91 1.34 1.78
22:17 737.62 13.44 91 .89 1.78
22:18 737.87 13.44 91 1.34 2.54
22:19 737.87 13.39 91 1.79 2.54
22:20 737.62 13.39 91 .89 2.54
22:21 737.62 13.39 91 .89 2.54
22:22 737.62 13.39 91 1.34 2.54
22:23 737.62 13.44 91 .89 2.54
22:24 737.62 13.44 91 1.34 2.29
22:25 737.62 13.33 91 .89 1.78
22:26 737.62 13.39 91 .89 1.78
22:27 737.62 13.39 91 .89 1.52
22:28 737.62 13.39 91 .45 1.52
22:29 737.62 13.39 91 .89 1.52
22:30 737.62 13.39 91 .45 4.32
22:31 737.62 13.39 91 .89 4.32
22:32 737.62 13.39 91 .45 4.32
22:33 737.62 13.39 91 .89 4.83
22:34 737.62 13.33 91 1.34 4.83
22:35 737.62 13.33 91 .89 4.83
22:36 737.62 13.33 91 .89 4.83
22:37 737.62 13.33 91 .89 4.06
22:38 737.62 13.28 91 .89 4.06
22:39 737.62 13.28 91 .89 4.06
22:40 737.62 13.28 91 .45 4.06
22:41 737.62 13.28 91 .45 3.81
22:42 737.62 13.28 91 .45 3.81
22:43 737.62 13.28 91 .89 3.81
22:44 737.87 13.28 91 .89 3.81
22:45 737.62 13.28 91 1.34 3.56
22:46 737.87 13.28 91 .45 3.05
22:47 737.62 13.28 91 1.34 2.54
22:48 737.87 13.22 92 .89 2.03
22:49 737.62 13.28 92 .89 1.78
22:50 737.87 13.22 92 .89 1.78
22:51 737.62 13.22 92 .89 1.52
22:52 737.62 13.22 92 .45 1.27
22:53 737.87 13.22 92 .45 1.27
22:54 737.62 13.22 92 .89 1.27
22:55 737.62 13.22 92 .89 1.02
22:56 737.62 13.22 92 .89 1.02
22:57 737.62 13.17 92 .45 1.02
22:58 737.87 13.17 92 .89 1.02
22:59 737.62 13.17 92 1.34 1.02
23:00 737.87 13.17 92 1.34 1.02
23:01 737.62 13.17 92 .89 1.02
23:02 737.87 13.17 92 1.34 1.02
23:03 737.62 13.17 92 .45 1.02
23:04 737.87 13.17 92 .89 1.02
23:05 737.62 13.11 92 .89 1.02
23:06 737.62 13.11 92 1.34 1.02
23:07 737.62 13.11 92 .89 1.02
23:08 737.62 13.06 92 .45 1.02
23:09 737.87 13.11 92 .89 1.02
23:10 737.62 13.11 92 .45 1.02
23:11 737.87 13.11 92 .45 1.02
23:12 737.62 13.11 92 .89 1.02
23:13 737.62 13.11 92 .89 1.02
23:14 737.87 13.11 92 .45 0
23:15 737.62 13.11 92 .89 0
23:16 737.62 13.11 92 .89 0
23:17 737.62 13.11 92 .89 0
23:18 737.62 13.11 92 .89 0
23:19 737.62 13.11 92 .89 0
23:20 737.62 13.11 92 1.34 0
23:21 737.62 13.11 92 1.34 0
23:22 737.62 13.11 92 1.34 0
23:23 737.62 13.11 92 1.34 0
23:24 737.62 13.11 92 1.79 0
23:25 737.62 13.06 92 .89 0
23:26 737.62 13.06 92 .89 0
23:27 737.62 13.11 92 1.34 0
23:28 737.62 13.06 92 1.34 0
23:29 737.62 13.06 93 .89 0
23:30 737.62 13.06 93 1.34 0
23:31 737.62 13.06 93 1.34 0
23:32 737.62 13.06 93 .89 0
23:33 737.62 13.06 93 .89 0
23:34 737.62 13.06 93 1.34 0
23:35 737.62 13.06 93 1.34 0
23:36 737.62 13.06 93 .89 0
23:37 737.62 13.06 93 .89 0
23:38 737.62 13.06 93 .89 0
23:39 737.62 13 93 .89 0
23:40 737.62 13.06 93 .89 0
23:41 737.62 13.06 93 1.34 0
23:42 737.62 13 93 .89 0
23:43 737.62 13 93 1.34 0
23:44 737.62 13 93 1.34 0
23:45 737.62 13 93 1.34 0
23:46 737.62 13 93 .89 0
23:47 737.62 13 93 1.34 0
23:48 737.62 13 93 1.34 0
23:49 737.62 13 93 .89 0
23:50 737.62 13 93 1.34 0
23:51 737.62 13 93 .89 0
23:52 737.62 13 93 .45 0
23:53 737.62 13 93 .89 0
23:54 737.62 13 93 1.34 0
23:55 737.62 13 93 1.34 0
23:56 737.62 13 93 1.34 0
23:57 737.62 13 93 .89 0
23:58 737.62 13 93 1.34 0
23:59 737.62 13 93 .45 0
