00:00 731.52 .33 84 3.13 0
00:01 731.52 .33 84 1.79 0
00:02 731.52 .33 84 4.92 0
00:03 731.52 .33 84 4.47 0
00:04 731.52 .28 84 4.02 0
00:05 731.52 .33 84 4.92 0
00:06 731.52 .33 84 4.02 0
00:07 731.52 .33 84 4.92 0
00:08 731.52 .33 84 3.58 0
00:09 731.52 .33 84 4.47 0
00:10 731.52 .33 84 2.24 0
00:11 731.52 .28 84 5.36 0
00:12 731.52 .33 84 4.02 0
00:13 731.52 .33 84 1.79 0
00:14 731.52 .33 84 2.68 0
00:15 731.52 .33 84 3.58 0
00:16 731.52 .33 84 2.68 0
00:17 731.52 .33 84 6.26 0
00:18 731.52 .33 84 2.68 0
00:19 731.52 .33 84 4.92 0
00:20 731.52 .33 84 4.02 0
00:21 731.52 .33 84 2.24 0
00:22 731.52 .33 84 1.79 0
00:23 731.52 .33 85 3.13 0
00:24 731.52 .33 85 2.68 0
00:25 731.52 .28 85 4.92 0
00:26 731.52 .33 85 4.47 0
00:27 731.52 .28 85 4.92 0
00:28 731.52 .33 85 1.79 0
00:29 731.52 .28 85 3.13 0
00:30 731.52 .28 85 2.24 0
00:31 731.52 .28 85 3.13 0
00:32 731.77 .33 85 3.13 0
00:33 731.52 .33 85 4.92 0
00:34 731.77 .33 85 3.13 0
00:35 731.52 .33 85 3.13 0
00:36 731.77 .28 85 2.24 0
00:37 731.77 .28 85 4.92 0
00:38 731.77 .28 85 3.58 0
00:39 731.77 .28 85 2.24 0
00:40 731.77 .28 85 1.79 0
00:41 731.77 .28 85 3.58 0
00:42 731.77 .28 85 .89 0
00:43 731.77 .28 85 1.34 0
00:44 731.77 .28 85 .89 0
00:45 731.77 .28 85 2.24 0
00:46 731.77 .28 85 1.79 0
00:47 731.77 .22 85 1.79 0
00:48 731.77 .22 85 3.13 0
00:49 731.77 .22 85 3.58 0
00:50 731.77 .28 85 4.92 0
00:51 731.77 .28 85 3.58 0
00:52 731.77 .28 85 3.13 0
00:53 731.77 .28 85 3.58 0
00:54 731.77 .28 85 1.79 0
00:55 731.77 .28 85 4.92 0
00:56 731.77 .28 85 2.24 0
00:57 731.77 .28 85 1.79 0
00:58 731.77 .28 85 1.34 0
00:59 731.77 .28 85 2.68 0
01:00 731.77 .28 85 3.58 0
01:01 731.77 .28 85 1.79 0
01:02 731.77 .28 85 4.02 0
01:03 731.77 .28 85 3.13 0
01:04 731.77 .28 85 3.58 0
01:05 731.77 .28 85 3.13 0
01:06 731.77 .22 85 4.02 0
01:07 731.77 .22 85 3.13 0
01:08 731.77 .22 85 4.47 0
01:09 731.77 .17 85 2.24 0
01:10 731.77 .17 86 4.92 0
01:11 731.77 .17 86 3.58 0
01:12 731.77 .11 86 1.34 0
01:13 731.77 .11 86 4.02 0
01:14 731.77 .11 86 4.47 0
01:15 731.77 .06 86 1.79 0
01:16 731.77 .11 86 3.58 0
01:17 731.77 .06 86 4.47 0
01:18 731.77 .06 86 2.68 0
01:19 731.77 .06 86 1.79 0
01:20 731.77 .06 87 2.68 0
01:21 731.77 0 87 2.68 0
01:22 731.77 0 87 4.02 0
01:23 731.77 0 87 2.24 0
01:24 731.77 0 87 3.58 0
01:25 731.77 0 87 2.68 0
01:26 731.77 .06 87 .89 0
01:27 731.77 .06 87 4.92 0
01:28 731.77 0 87 3.58 0
01:29 731.77 0 87 3.58 0
01:30 731.77 0 87 1.79 0
01:31 731.77 .06 87 4.92 0
01:32 731.77 0 87 1.34 0
01:33 731.77 .06 87 1.34 0
01:34 731.77 .06 87 4.47 0
01:35 732.03 .06 87 .89 0
01:36 732.03 0 87 1.34 0
01:37 732.03 .06 87 1.79 0
01:38 732.03 0 87 2.68 0
01:39 732.03 0 87 2.68 0
01:40 732.03 .06 87 .45 0
01:41 732.03 0 87 2.24 0
01:42 732.03 0 87 1.79 0
01:43 732.03 .06 87 2.24 0
01:44 732.03 .06 87 2.68 0
01:45 732.03 .06 86 3.13 0
01:46 732.03 .06 86 .45 0
01:47 732.03 .06 86 4.02 0
01:48 732.03 .06 86 3.58 0
01:49 732.03 .06 86 3.13 0
01:50 732.03 .06 86 .89 0
01:51 732.03 .06 86 4.02 0
01:52 732.03 .06 85 1.34 0
01:53 732.03 .06 86 4.47 0
01:54 732.03 .06 85 3.58 0
01:55 732.03 0 85 6.26 0
01:56 732.03 -.06 85 7.6 0
01:57 732.03 -.06 85 5.36 0
01:58 732.03 -.06 85 3.13 0
01:59 732.03 -.11 85 3.13 0
02:00 732.03 -.17 85 1.79 0
02:01 732.03 -.17 85 3.13 0
02:02 732.03 -.22 85 4.02 0
02:03 732.03 -.28 85 2.68 0
02:04 732.03 -.28 85 4.47 0
02:05 732.03 -.33 85 4.92 0
02:06 732.03 -.33 84 3.13 0
02:07 732.03 -.39 84 3.13 0
02:08 732.28 -.39 84 3.58 0
02:09 732.28 -.39 84 1.34 0
02:10 732.28 -.5 84 6.26 0
02:11 732.28 -.5 84 3.13 0
02:12 732.28 -.5 84 4.02 0
02:13 732.28 -.56 83 3.58 0
02:14 732.28 -.56 83 3.13 0
02:15 732.28 -.56 83 2.68 0
02:16 732.28 -.61 83 3.13 0
02:17 732.28 -.67 83 4.02 0
02:18 732.28 -.67 83 4.02 0
02:19 732.28 -.67 83 4.47 0
02:20 732.28 -.67 83 3.58 0
02:21 732.28 -.72 82 .89 0
02:22 732.28 -.72 82 1.79 0
02:23 732.28 -.78 82 3.58 0
02:24 732.28 -.78 82 4.02 0
02:25 732.28 -.78 82 3.58 0
02:26 732.28 -.83 82 3.58 0
02:27 732.28 -.83 82 4.02 0
02:28 732.28 -.83 82 2.68 0
02:29 732.54 -.83 82 3.13 0
02:30 732.54 -.83 82 1.79 0
02:31 732.54 -.83 82 4.02 0
02:32 732.54 -.83 83 4.47 0
02:33 732.54 -.83 82 3.58 0
02:34 732.54 -.83 82 2.68 0
02:35 732.54 -.89 82 4.47 0
02:36 732.54 -.83 82 1.34 0
02:37 732.54 -.89 82 3.13 0
02:38 732.54 -.89 82 1.79 0
02:39 732.54 -.89 83 1.79 0
02:40 732.54 -.89 83 1.79 0
02:41 732.54 -.94 82 3.58 0
02:42 732.54 -.94 83 3.58 0
02:43 732.54 -.94 82 3.58 0
02:44 732.54 -.94 82 5.36 0
02:45 732.54 -1 82 3.58 0
02:46 732.54 -1 82 4.02 0
02:47 732.54 -1.06 82 6.71 0
02:48 732.54 -1.06 82 3.58 0
02:49 732.54 -1.11 81 2.24 0
02:50 732.54 -1.17 81 5.81 0
02:51 732.54 -1.22 81 1.34 0
02:52 732.79 -1.17 81 4.92 0
02:53 732.79 -1.28 81 3.58 0
02:54 732.79 -1.28 81 3.13 0
02:55 732.54 -1.33 81 .45 0
02:56 732.54 -1.33 81 2.24 0
02:57 732.54 -1.33 81 4.02 0
02:58 732.54 -1.44 81 2.24 0
02:59 732.54 -1.44 81 3.58 0
03:00 732.79 -1.44 81 2.24 0
03:01 732.79 -1.5 81 1.79 0
03:02 732.79 -1.56 81 5.36 0
03:03 732.79 -1.56 81 1.79 0
03:04 732.79 -1.61 81 3.13 0
03:05 732.79 -1.67 81 2.24 0
03:06 732.79 -1.67 81 .45 0
03:07 732.79 -1.67 82 4.92 0
03:08 732.79 -1.72 82 3.58 0
03:09 732.79 -1.72 82 3.13 0
03:10 732.79 -1.72 82 1.79 0
03:11 732.79 -1.78 82 3.58 0
03:12 732.79 -1.78 82 3.13 0
03:13 732.79 -1.78 82 1.79 0
03:14 732.79 -1.83 82 1.34 0
03:15 732.79 -1.83 82 3.13 0
03:16 732.79 -1.83 82 1.34 0
03:17 732.79 -1.83 82 1.79 0
03:18 732.79 -1.89 82 1.79 0
03:19 732.79 -1.89 82 2.68 0
03:20 732.79 -1.89 82 2.24 0
03:21 732.79 -1.94 82 3.13 0
03:22 732.79 -1.94 82 4.02 0
03:23 732.79 -2 82 2.68 0
03:24 732.79 -2 82 1.79 0
03:25 732.79 -2.06 82 2.68 0
03:26 732.79 -2.06 82 2.68 0
03:27 732.79 -2.11 82 1.79 0
03:28 732.79 -2.11 82 2.68 0
03:29 732.79 -2.11 82 4.47 0
03:30 732.79 -2.17 82 2.24 0
03:31 732.79 -2.17 82 1.79 0
03:32 732.79 -2.17 82 1.79 0
03:33 733.04 -2.22 82 3.13 0
03:34 732.79 -2.22 82 3.58 0
03:35 732.79 -2.22 82 4.02 0
03:36 733.04 -2.28 82 1.79 0
03:37 732.79 -2.28 82 2.24 0
03:38 733.04 -2.28 82 4.02 0
03:39 733.04 -2.28 82 3.13 0
03:40 733.04 -2.28 82 1.34 0
03:41 733.04 -2.28 82 3.13 0
03:42 733.04 -2.33 82 1.79 0
03:43 733.04 -2.33 82 1.34 0
03:44 733.04 -2.33 82 3.13 0
03:45 733.04 -2.39 82 1.79 0
03:46 733.04 -2.39 82 1.34 0
03:47 733.04 -2.44 82 4.02 0
03:48 733.04 -2.44 82 1.34 0
03:49 733.04 -2.44 82 3.58 0
03:50 733.04 -2.39 82 4.02 0
03:51 733.04 -2.44 82 1.34 0
03:52 733.04 -2.39 82 1.34 0
03:53 733.04 -2.39 82 5.36 0
03:54 733.04 -2.39 82 4.47 0
03:55 733.04 -2.33 82 4.92 0
03:56 733.04 -2.33 82 2.68 0
03:57 733.04 -2.33 81 3.13 0
03:58 733.04 -2.33 81 4.02 0
03:59 733.04 -2.28 81 2.68 0
04:00 733.04 -2.28 81 4.92 0
04:01 733.04 -2.28 81 2.68 0
04:02 733.04 -2.28 81 2.68 0
04:03 733.04 -2.28 81 1.34 0
04:04 733.04 -2.28 81 .89 0
04:05 733.04 -2.28 81 1.79 0
04:06 733.04 -2.28 81 .89 0
04:07 733.04 -2.28 81 2.24 0
04:08 733.04 -2.28 81 .89 0
04:09 733.04 -2.28 81 .89 0
04:10 733.04 -2.28 81 2.24 0
04:11 733.04 -2.28 81 1.79 0
04:12 733.04 -2.28 81 1.34 0
04:13 733.04 -2.28 81 .45 0
04:14 733.04 -2.28 81 .89 0
04:15 733.04 -2.22 81 1.79 0
04:16 733.04 -2.28 81 .89 0
04:17 733.04 -2.28 81 1.79 0
04:18 733.04 -2.28 81 .89 0
04:19 733.04 -2.28 81 1.79 0
04:20 733.04 -2.28 81 1.79 0
04:21 733.04 -2.28 81 3.13 0
04:22 733.04 -2.28 81 3.58 0
04:23 733.04 -2.28 81 .89 0
04:24 733.04 -2.22 81 .89 0
04:25 733.04 -2.22 81 1.34 0
04:26 733.04 -2.22 81 1.79 0
04:27 733.04 -2.28 81 .89 0
04:28 733.04 -2.28 81 3.13 0
04:29 733.04 -2.28 81 2.24 0
04:30 733.04 -2.22 81 6.26 0
04:31 733.04 -2.22 81 3.58 0
04:32 733.04 -2.22 81 2.24 0
04:33 733.04 -2.22 81 4.92 0
04:34 733.04 -2.22 81 2.24 0
04:35 733.04 -2.22 81 2.68 0
04:36 733.04 -2.22 81 6.71 0
04:37 733.04 -2.22 81 4.02 0
04:38 733.04 -2.22 81 4.02 0
04:39 733.04 -2.22 81 2.24 0
04:40 733.04 -2.22 81 4.47 0
04:41 733.04 -2.22 81 3.58 0
04:42 733.04 -2.22 81 4.02 0
04:43 733.04 -2.22 81 4.02 0
04:44 733.3 -2.22 81 3.58 0
04:45 733.3 -2.28 81 2.68 0
04:46 733.04 -2.28 81 1.34 0
04:47 733.04 -2.28 81 1.34 0
04:48 733.04 -2.28 81 1.79 0
04:49 733.04 -2.28 81 4.02 0
04:50 733.04 -2.28 81 1.34 0
04:51 733.04 -2.28 81 2.68 0
04:52 733.04 -2.28 81 .89 0
04:53 733.04 -2.33 82 1.79 0
04:54 733.04 -2.33 82 2.24 0
04:55 733.04 -2.28 82 3.58 0
04:56 733.04 -2.33 82 3.58 0
04:57 733.04 -2.33 82 2.68 0
04:58 733.04 -2.33 82 2.68 0
04:59 733.04 -2.33 82 4.02 0
05:00 733.04 -2.33 82 4.47 0
05:01 733.04 -2.33 82 3.13 0
05:02 733.04 -2.33 82 1.79 0
05:03 733.04 -2.33 82 3.13 0
05:04 733.04 -2.33 82 4.02 0
05:05 733.04 -2.33 82 4.02 0
05:06 733.04 -2.33 82 4.92 0
05:07 733.04 -2.33 82 3.58 0
05:08 733.04 -2.33 82 2.24 0
05:09 733.04 -2.33 82 3.58 0
05:10 733.04 -2.33 82 2.24 0
05:11 733.04 -2.33 82 2.68 0
05:12 733.04 -2.33 82 1.79 0
05:13 733.04 -2.33 82 2.68 0
05:14 733.04 -2.39 82 4.02 0
05:15 733.04 -2.33 82 2.24 0
05:16 733.04 -2.39 82 3.58 0
05:17 733.04 -2.39 82 3.13 0
05:18 733.04 -2.39 82 1.34 0
05:19 733.04 -2.39 82 5.36 0
05:20 733.04 -2.39 82 7.15 0
05:21 733.04 -2.33 82 4.92 0
05:22 733.04 -2.39 82 5.36 0
05:23 733.04 -2.39 82 3.13 0
05:24 733.3 -2.39 82 2.24 0
05:25 733.04 -2.39 82 5.81 0
05:26 733.3 -2.39 82 4.92 0
05:27 733.3 -2.39 82 5.81 0
05:28 733.04 -2.39 82 3.58 0
05:29 733.3 -2.44 82 5.36 0
05:30 733.3 -2.39 82 6.26 0
05:31 733.3 -2.39 82 3.58 0
05:32 733.3 -2.39 82 1.79 0
05:33 733.04 -2.39 82 1.79 0
05:34 733.3 -2.39 82 2.68 0
05:35 733.3 -2.44 82 2.68 0
05:36 733.3 -2.44 82 4.02 0
05:37 733.3 -2.44 82 2.68 0
05:38 733.3 -2.44 82 4.02 0
05:39 733.3 -2.44 82 3.58 0
05:40 733.3 -2.44 82 4.47 0
05:41 733.3 -2.44 82 .89 0
05:42 733.3 -2.44 82 4.47 0
05:43 733.3 -2.44 82 2.24 0
05:44 733.3 -2.44 82 4.47 0
05:45 733.3 -2.44 82 2.24 0
05:46 733.3 -2.44 82 3.58 0
05:47 733.3 -2.44 82 2.68 0
05:48 733.3 -2.44 82 2.24 0
05:49 733.3 -2.44 82 1.79 0
05:50 733.3 -2.44 82 1.79 0
05:51 733.3 -2.5 82 3.13 0
05:52 733.3 -2.44 82 1.79 0
05:53 733.3 -2.5 82 2.24 0
05:54 733.3 -2.5 82 1.79 0
05:55 733.3 -2.5 82 1.34 0
05:56 733.3 -2.5 82 .89 0
05:57 733.3 -2.56 82 2.24 0
05:58 733.3 -2.56 82 1.79 0
05:59 733.3 -2.56 82 2.24 0
06:00 733.3 -2.56 82 .89 0
06:01 733.3 -2.56 82 .89 0
06:02 733.3 -2.56 82 .45 0
06:03 733.3 -2.61 82 .45 0
06:04 733.3 -2.61 82 .89 0
06:05 733.3 -2.61 82 .45 0
06:06 733.3 -2.61 82 1.79 0
06:07 733.3 -2.67 82 1.34 0
06:08 733.3 -2.67 82 1.79 0
06:09 733.3 -2.67 82 .89 0
06:10 733.3 -2.67 82 1.34 0
06:11 733.3 -2.67 82 1.34 0
06:12 733.3 -2.72 82 0 0
06:13 733.3 -2.72 82 .89 0
06:14 733.3 -2.72 83 1.34 0
06:15 733.3 -2.78 83 1.34 0
06:16 733.3 -2.78 83 2.24 0
06:17 733.55 -2.78 83 1.34 0
06:18 733.3 -2.78 83 1.34 0
06:19 733.3 -2.78 83 1.79 0
06:20 733.3 -2.83 83 .89 0
06:21 733.3 -2.83 83 1.79 0
06:22 733.3 -2.83 83 .89 0
06:23 733.3 -2.83 83 1.34 0
06:24 733.55 -2.89 83 1.34 0
06:25 733.55 -2.89 83 1.79 0
06:26 733.3 -2.89 83 .45 0
06:27 733.55 -2.89 83 2.68 0
06:28 733.55 -2.89 83 2.68 0
06:29 733.3 -2.89 83 1.79 0
06:30 733.55 -2.83 83 1.34 0
06:31 733.55 -2.89 83 1.34 0
06:32 733.55 -2.83 83 1.34 0
06:33 733.55 -2.83 83 .89 0
06:34 733.55 -2.89 83 .89 0
06:35 733.55 -2.83 83 1.79 0
06:36 733.55 -2.89 83 .89 0
06:37 733.55 -2.89 83 .89 0
06:38 733.55 -2.89 83 .89 0
06:39 733.55 -2.89 83 1.34 0
06:40 733.55 -2.89 83 1.34 0
06:41 733.55 -2.89 83 3.13 0
06:42 733.55 -2.89 83 .89 0
06:43 733.55 -2.89 83 1.79 0
06:44 733.55 -2.89 83 1.34 0
06:45 733.55 -2.89 83 1.79 0
06:46 733.55 -2.89 83 2.24 0
06:47 733.55 -2.89 83 1.79 0
06:48 733.55 -2.89 83 .89 0
06:49 733.81 -2.89 83 1.79 0
06:50 733.55 -2.89 83 3.58 0
06:51 733.55 -2.89 83 2.24 0
06:52 733.55 -2.89 83 1.34 0
06:53 733.55 -2.89 84 1.79 0
06:54 733.81 -2.89 84 .89 0
06:55 733.81 -2.89 84 .89 0
06:56 733.55 -2.89 84 1.79 0
06:57 733.55 -2.89 84 3.13 0
06:58 733.55 -2.89 83 3.13 0
06:59 733.55 -2.89 84 4.47 0
07:00 733.55 -2.83 84 4.02 0
07:01 733.81 -2.89 84 1.34 0
07:02 733.81 -2.83 84 1.79 0
07:03 733.81 -2.83 84 1.34 0
07:04 733.55 -2.83 84 3.58 0
07:05 733.81 -2.83 84 2.24 0
07:06 733.81 -2.83 84 3.58 0
07:07 733.81 -2.89 84 3.13 0
07:08 733.81 -2.83 84 2.68 0
07:09 733.81 -2.83 84 1.79 0
07:10 733.81 -2.89 84 1.34 0
07:11 733.81 -2.89 84 2.24 0
07:12 733.81 -2.89 84 3.58 0
07:13 733.81 -2.83 84 2.24 0
07:14 733.81 -2.89 83 2.24 0
07:15 733.81 -2.89 83 1.79 0
07:16 733.81 -2.94 84 .89 0
07:17 733.81 -2.94 84 3.58 0
07:18 733.81 -2.94 84 3.13 0
07:19 733.81 -2.94 84 2.24 0
07:20 733.81 -3 84 1.79 0
07:21 733.81 -3 84 3.58 0
07:22 733.81 -3 84 1.34 0
07:23 733.81 -3 84 1.79 0
07:24 733.81 -3 84 3.58 0
07:25 733.81 -3.06 84 1.79 0
07:26 733.81 -3 84 3.13 0
07:27 733.81 -3 84 4.02 0
07:28 733.81 -3.06 84 2.24 0
07:29 733.81 -3.06 84 2.24 0
07:30 733.81 -3.06 84 2.68 0
07:31 733.81 -3.06 84 2.24 0
07:32 733.81 -3.06 84 3.58 0
07:33 733.81 -3.06 84 4.02 0
07:34 733.81 -3.06 84 2.24 0
07:35 734.06 -3.06 84 2.68 0
07:36 734.06 -3.06 84 2.24 0
07:37 734.06 -3.06 84 2.68 0
07:38 734.06 -3.06 84 1.79 0
07:39 734.06 -3.06 84 3.58 0
07:40 734.06 -3.06 84 2.24 0
07:41 734.06 -3.06 84 4.47 0
07:42 734.06 -3.06 84 2.24 0
07:43 734.06 -3.11 84 3.58 0
07:44 734.06 -3.06 84 4.02 0
07:45 734.06 -3.06 84 3.13 0
07:46 734.06 -3.06 84 3.58 0
07:47 734.06 -3.06 84 1.79 0
07:48 734.31 -3.06 84 4.02 0
07:49 734.06 -3.06 84 4.02 0
07:50 734.06 -3.06 84 4.47 0
07:51 734.31 -3.06 84 3.58 0
07:52 734.31 -3.06 84 2.68 0
07:53 734.31 -3.11 84 2.68 0
07:54 734.31 -3.11 84 2.68 0
07:55 734.31 -3.11 84 2.24 0
07:56 734.31 -3.11 84 3.13 0
07:57 734.31 -3.11 84 4.02 0
07:58 734.31 -3.17 84 1.34 0
07:59 734.31 -3.17 84 2.68 0
08:00 734.31 -3.17 83 2.68 0
08:01 734.31 -3.17 83 2.24 0
08:02 734.31 -3.17 83 2.68 0
08:03 734.31 -3.17 83 4.47 0
08:04 734.31 -3.17 83 2.24 0
08:05 734.31 -3.17 83 1.79 0
08:06 734.31 -3.17 83 2.68 0
08:07 734.31 -3.17 83 1.34 0
08:08 734.31 -3.17 82 3.58 0
08:09 734.31 -3.22 82 2.68 0
08:10 734.31 -3.22 82 3.58 0
08:11 734.31 -3.22 82 2.68 0
08:12 734.31 -3.22 81 1.34 0
08:13 734.31 -3.28 81 4.47 0
08:14 734.31 -3.28 81 4.47 0
08:15 734.31 -3.28 81 4.47 0
08:16 734.31 -3.28 80 2.24 0
08:17 734.31 -3.28 80 2.24 0
08:18 734.31 -3.28 80 2.68 0
08:19 734.31 -3.33 80 4.47 0
08:20 734.31 -3.33 79 4.92 0
08:21 734.31 -3.33 79 4.02 0
08:22 734.31 -3.33 78 4.02 0
08:23 734.31 -3.33 77 5.36 0
08:24 734.57 -3.33 76 4.47 0
08:25 734.57 -3.39 76 3.58 0
08:26 734.57 -3.39 76 2.68 0
08:27 734.57 -3.39 76 2.68 0
08:28 734.57 -3.44 76 4.47 0
08:29 734.57 -3.44 76 3.58 0
08:30 734.57 -3.44 76 4.02 0
08:31 734.57 -3.44 76 2.24 0
08:32 734.57 -3.44 76 2.68 0
08:33 734.57 -3.5 76 4.02 0
08:34 734.57 -3.5 76 3.58 0
08:35 734.57 -3.5 76 4.02 0
08:36 734.57 -3.5 76 4.02 0
08:37 734.57 -3.5 76 3.58 0
08:38 734.57 -3.56 76 4.47 0
08:39 734.57 -3.56 75 2.24 0
08:40 734.57 -3.61 75 4.47 0
08:41 734.57 -3.61 75 2.68 0
08:42 734.57 -3.61 74 1.34 0
08:43 734.57 -3.67 75 3.58 0
08:44 734.57 -3.67 74 4.47 0
08:45 734.57 -3.67 73 4.02 0
08:46 734.57 -3.72 73 2.24 0
08:47 734.57 -3.72 73 4.02 0
08:48 734.57 -3.72 72 2.68 0
08:49 734.57 -3.78 72 6.26 0
08:50 734.57 -3.83 71 5.81 0
08:51 734.57 -3.83 70 4.02 0
08:52 734.82 -3.83 69 4.47 0
08:53 734.82 -3.83 69 4.02 0
08:54 734.82 -3.83 69 5.81 0
08:55 734.82 -3.83 68 4.92 0
08:56 734.82 -3.83 67 2.68 0
08:57 734.82 -3.89 67 3.58 0
08:58 734.82 -3.89 67 2.24 0
08:59 734.82 -3.89 67 2.24 0
09:00 734.82 -3.94 67 3.58 0
09:01 734.82 -3.94 67 4.92 0
09:02 734.82 -4 66 3.58 0
09:03 734.82 -4 66 4.47 0
09:04 734.82 -4.06 66 3.13 0
09:05 734.82 -4.06 66 .89 0
09:06 734.82 -4.06 66 2.68 0
09:07 734.82 -4.11 66 4.92 0
09:08 734.82 -4.11 66 2.24 0
09:09 734.82 -4.11 66 1.79 0
09:10 734.82 -4.11 67 2.24 0
09:11 734.82 -4.17 67 3.58 0
09:12 734.82 -4.17 67 1.79 0
09:13 734.82 -4.22 67 2.24 0
09:14 734.82 -4.22 67 1.34 0
09:15 734.82 -4.28 67 1.79 0
09:16 734.82 -4.28 67 1.34 0
09:17 734.82 -4.28 68 1.79 0
09:18 734.82 -4.28 68 2.68 0
09:19 734.82 -4.28 68 2.24 0
09:20 734.82 -4.33 68 2.68 0
09:21 734.82 -4.33 68 2.24 0
09:22 734.82 -4.33 68 2.68 0
09:23 734.82 -4.33 69 2.24 0
09:24 735.08 -4.33 69 1.79 0
09:25 735.08 -4.39 69 .89 0
09:26 735.08 -4.33 69 1.79 0
09:27 734.82 -4.39 69 .89 0
09:28 734.82 -4.39 69 .89 0
09:29 734.82 -4.44 70 1.34 0
09:30 734.82 -4.44 69 1.34 0
09:31 734.82 -4.44 70 .89 0
09:32 734.82 -4.44 70 .89 0
09:33 734.82 -4.5 70 1.34 0
09:34 734.82 -4.44 70 .89 0
09:35 735.08 -4.5 70 .89 0
09:36 735.08 -4.44 70 .45 0
09:37 735.08 -4.5 70 .45 0
09:38 735.08 -4.5 70 .89 0
09:39 735.08 -4.5 70 1.34 0
09:40 735.08 -4.56 70 .89 0
09:41 735.08 -4.56 70 .45 0
09:42 735.08 -4.56 70 1.34 0
09:43 735.08 -4.56 71 .45 0
09:44 735.08 -4.56 71 .89 0
09:45 735.08 -4.56 71 1.79 0
09:46 735.08 -4.56 71 .89 0
09:47 735.08 -4.61 70 2.24 0
09:48 735.08 -4.61 70 1.34 0
09:49 735.08 -4.61 70 .89 0
09:50 735.08 -4.61 70 2.68 0
09:51 735.08 -4.61 70 2.24 0
09:52 735.08 -4.61 70 2.68 0
09:53 735.08 -4.61 70 1.79 0
09:54 735.08 -4.67 70 1.34 0
09:55 735.08 -4.67 70 1.34 0
09:56 735.08 -4.67 70 1.34 0
09:57 735.08 -4.67 70 2.24 0
09:58 735.08 -4.67 70 .89 0
09:59 735.08 -4.72 70 1.34 0
10:00 735.08 -4.72 70 2.24 0
10:01 735.08 -4.72 70 1.34 0
10:02 735.08 -4.72 70 1.34 0
10:03 735.08 -4.72 71 1.79 0
10:04 735.08 -4.78 71 .89 0
10:05 735.08 -4.78 71 1.34 0
10:06 735.08 -4.78 71 1.34 0
10:07 735.08 -4.78 71 1.79 0
10:08 735.08 -4.83 71 .89 0
10:09 735.08 -4.78 71 1.34 0
10:10 735.08 -4.83 71 1.34 0
10:11 735.33 -4.83 71 1.34 0
10:12 735.33 -4.83 71 1.34 0
10:13 735.33 -4.83 72 .89 0
10:14 735.33 -4.83 72 .89 0
10:15 735.33 -4.83 72 .89 0
10:16 735.33 -4.89 72 .89 0
10:17 735.33 -4.89 72 .45 0
10:18 735.33 -4.94 72 .89 0
10:19 735.33 -4.89 72 .89 0
10:20 735.33 -4.89 72 .45 0
10:21 735.33 -4.94 72 0 0
10:22 735.33 -4.94 72 .89 0
10:23 735.33 -4.94 72 .45 0
10:24 735.33 -4.94 72 .89 0
10:25 735.33 -4.94 72 .45 0
10:26 735.33 -4.94 73 .89 0
10:27 735.33 -4.94 72 .89 0
10:28 735.33 -4.94 73 .45 0
10:29 735.33 -4.94 73 .89 0
10:30 735.33 -4.94 73 .45 0
10:31 735.33 -4.94 73 1.79 0
10:32 735.33 -4.94 73 .89 0
10:33 735.33 -4.94 73 1.79 0
10:34 735.33 -4.94 73 1.34 0
10:35 735.33 -4.94 73 .89 0
10:36 735.33 -4.94 73 1.34 0
10:37 735.33 -4.94 74 1.79 0
10:38 735.33 -4.94 74 1.34 0
10:39 735.33 -4.94 74 1.79 0
10:40 735.33 -5 74 3.13 0
10:41 735.33 -5 74 4.47 0
10:42 735.33 -5 74 2.24 0
10:43 735.58 -4.94 74 3.13 0
10:44 735.58 -5 74 4.47 0
10:45 735.33 -5 75 1.79 0
10:46 735.58 -5 75 4.02 0
10:47 735.58 -5 75 4.47 0
10:48 735.58 -5.06 75 4.02 0
10:49 735.58 -5 76 3.58 0
10:50 735.58 -5 76 4.02 0
10:51 735.33 -5 76 3.58 0
10:52 735.33 -5.06 76 2.24 0
10:53 735.58 -5.06 76 3.13 0
10:54 735.58 -5.06 76 2.24 0
10:55 735.58 -5.06 76 4.02 0
10:56 735.58 -5.06 77 1.79 0
10:57 735.58 -5.06 77 4.92 0
10:58 735.58 -5.11 76 5.36 0
10:59 735.58 -5.11 76 3.58 0
11:00 735.58 -5.11 76 1.79 0
11:01 735.58 -5.06 76 5.36 0
11:02 735.58 -5.06 76 4.92 0
11:03 735.58 -5.06 75 2.24 0
11:04 735.58 -5.06 76 4.02 0
11:05 735.58 -5 76 4.47 0
11:06 735.58 -5.06 76 5.81 0
11:07 735.58 -5.06 75 6.26 0
11:08 735.58 -5 75 4.47 0
11:09 735.58 -5 75 4.92 0
11:10 735.58 -5 75 2.68 0
11:11 735.58 -4.94 75 7.15 0
11:12 735.58 -5 75 4.47 0
11:13 735.58 -5.06 75 4.47 0
11:14 735.58 -5.06 74 4.47 0
11:15 735.58 -5.06 75 3.58 0
11:16 735.58 -5.06 75 1.79 0
11:17 735.58 -5.06 75 5.36 0
11:18 735.58 -5.06 75 5.81 0
11:19 735.58 -5.11 75 4.02 0
11:20 735.58 -5.11 75 4.92 0
11:21 735.58 -5.11 75 3.58 0
11:22 735.58 -5.11 75 1.79 0
11:23 735.58 -5.11 75 3.13 0
11:24 735.58 -5.11 75 2.24 0
11:25 735.58 -5.11 75 3.58 0
11:26 735.58 -5.11 75 3.13 0
11:27 735.58 -5.11 75 4.02 0
11:28 735.58 -5.11 75 4.02 0
11:29 735.58 -5.11 75 4.47 0
11:30 735.58 -5.11 75 3.58 0
11:31 735.58 -5.11 75 4.47 0
11:32 735.58 -5.17 76 4.47 0
11:33 735.58 -5.17 76 5.81 0
11:34 735.58 -5.17 76 7.6 0
11:35 735.58 -5.22 75 4.02 0
11:36 735.58 -5.22 75 6.26 0
11:37 735.58 -5.22 76 4.47 0
11:38 735.58 -5.22 76 4.02 0
11:39 735.58 -5.22 76 3.58 0
11:40 735.58 -5.22 76 5.81 0
11:41 735.58 -5.22 76 8.05 0
11:42 735.58 -5.28 76 4.92 0
11:43 735.84 -5.28 76 4.02 0
11:44 735.58 -5.28 76 4.47 0
11:45 735.84 -5.28 76 5.81 0
11:46 735.84 -5.28 76 6.26 0
11:47 735.84 -5.28 76 5.81 0
11:48 735.84 -5.33 76 5.36 0
11:49 735.84 -5.28 77 5.36 0
11:50 735.84 -5.28 76 6.26 0
11:51 735.84 -5.33 76 5.81 0
11:52 735.84 -5.28 76 7.6 0
11:53 735.84 -5.33 76 4.92 0
11:54 735.84 -5.33 76 3.58 0
11:55 735.84 -5.28 76 5.81 0
11:56 735.84 -5.33 76 6.26 0
11:57 735.84 -5.33 76 3.58 0
11:58 735.84 -5.33 76 4.47 0
11:59 735.84 -5.33 76 2.68 0
12:00 735.84 -5.33 76 5.81 0
12:01 735.84 -5.33 76 2.24 0
12:02 735.84 -5.33 76 3.13 0
12:03 735.84 -5.33 76 3.13 0
12:04 735.84 -5.28 77 3.13 0
12:05 735.84 -5.33 77 2.68 0
12:06 735.84 -5.28 77 4.47 0
12:07 735.84 -5.28 77 4.92 0
12:08 736.09 -5.28 77 4.92 0
12:09 736.09 -5.28 77 3.58 0
12:10 736.09 -5.28 77 6.26 0
12:11 736.09 -5.28 77 6.71 0
12:12 736.09 -5.33 76 3.13 0
12:13 736.09 -5.33 76 3.58 0
12:14 736.09 -5.39 77 4.02 0
12:15 736.09 -5.39 77 4.47 0
12:16 736.09 -5.39 76 3.13 0
12:17 736.09 -5.39 77 3.13 0
12:18 736.09 -5.39 77 4.47 0
12:19 736.09 -5.39 77 5.36 0
12:20 736.09 -5.44 77 4.92 0
12:21 736.09 -5.44 77 4.47 0
12:22 736.09 -5.44 77 4.92 0
12:23 736.09 -5.5 77 2.24 0
12:24 736.35 -5.5 77 1.79 0
12:25 736.35 -5.5 77 2.68 0
12:26 736.35 -5.5 77 4.02 0
12:27 736.35 -5.5 77 4.47 0
12:28 736.35 -5.5 77 4.92 0
12:29 736.35 -5.56 77 6.71 0
12:30 736.35 -5.56 77 4.47 0
12:31 736.35 -5.56 77 1.79 0
12:32 736.35 -5.56 76 4.02 0
12:33 736.35 -5.56 76 4.47 0
12:34 736.35 -5.56 76 4.47 0
12:35 736.35 -5.56 77 4.47 0
12:36 736.35 -5.61 76 3.58 0
12:37 736.35 -5.61 76 4.02 0
12:38 736.35 -5.61 76 3.13 0
12:39 736.35 -5.67 76 3.58 0
12:40 736.35 -5.67 76 1.79 0
12:41 736.35 -5.61 76 3.58 0
12:42 736.35 -5.67 76 4.92 0
12:43 736.35 -5.67 76 6.26 0
12:44 736.35 -5.67 76 6.26 0
12:45 736.35 -5.72 75 4.47 0
12:46 736.35 -5.72 75 4.47 0
12:47 736.35 -5.72 75 4.02 0
12:48 736.35 -5.72 75 4.02 0
12:49 736.35 -5.72 75 4.02 0
12:50 736.35 -5.72 75 4.92 0
12:51 736.35 -5.72 75 3.13 0
12:52 736.35 -5.72 75 2.24 0
12:53 736.35 -5.67 75 5.81 0
12:54 736.35 -5.72 75 2.68 0
12:55 736.35 -5.67 75 2.24 0
12:56 736.35 -5.67 75 4.02 0
12:57 736.35 -5.67 74 5.36 0
12:58 736.35 -5.67 74 1.34 0
12:59 736.35 -5.67 74 4.02 0
13:00 736.35 -5.67 74 5.36 0
13:01 736.35 -5.67 74 4.02 0
13:02 736.6 -5.67 74 4.92 0
13:03 736.35 -5.67 74 7.6 0
13:04 736.6 -5.67 74 4.92 0
13:05 736.6 -5.67 74 4.02 0
13:06 736.6 -5.72 74 5.81 0
13:07 736.6 -5.78 73 4.02 0
13:08 736.6 -5.78 73 2.68 0
13:09 736.6 -5.78 73 4.02 0
13:10 736.6 -5.72 74 5.36 0
13:11 736.6 -5.72 74 4.02 0
13:12 736.6 -5.72 74 4.47 0
13:13 736.6 -5.72 74 2.24 0
13:14 736.6 -5.72 74 3.13 0
13:15 736.6 -5.72 74 2.24 0
13:16 736.6 -5.72 73 4.02 0
13:17 736.6 -5.72 73 5.36 0
13:18 736.6 -5.78 73 2.24 0
13:19 736.6 -5.78 74 3.13 0
13:20 736.6 -5.78 74 2.24 0
13:21 736.6 -5.78 74 5.81 0
13:22 736.6 -5.78 74 4.47 0
13:23 736.6 -5.78 74 3.13 0
13:24 736.6 -5.78 74 4.02 0
13:25 736.6 -5.72 74 3.58 0
13:26 736.6 -5.72 74 3.58 0
13:27 736.6 -5.72 74 3.13 0
13:28 736.6 -5.67 74 3.58 0
13:29 736.6 -5.67 74 2.68 0
13:30 736.6 -5.67 74 3.58 0
13:31 736.6 -5.61 74 3.13 0
13:32 736.6 -5.56 73 4.02 0
13:33 736.6 -5.56 73 2.68 0
13:34 736.6 -5.56 73 4.02 0
13:35 736.6 -5.56 73 3.58 0
13:36 736.6 -5.5 73 4.47 0
13:37 736.6 -5.5 73 4.47 0
13:38 736.35 -5.5 73 2.24 0
13:39 736.35 -5.44 73 1.34 0
13:40 736.6 -5.39 73 4.92 0
13:41 736.6 -5.39 73 3.58 0
13:42 736.6 -5.44 72 4.47 0
13:43 736.6 -5.44 72 5.81 0
13:44 736.35 -5.44 72 2.68 0
13:45 736.35 -5.5 72 2.68 0
13:46 736.35 -5.44 72 2.24 0
13:47 736.6 -5.44 72 .89 0
13:48 736.6 -5.44 73 3.58 0
13:49 736.6 -5.39 72 3.13 0
13:50 736.35 -5.39 72 3.58 0
13:51 736.35 -5.33 72 3.13 0
13:52 736.35 -5.33 72 2.68 0
13:53 736.35 -5.33 72 3.58 0
13:54 736.35 -5.33 72 6.71 0
13:55 736.35 -5.33 72 3.13 0
13:56 736.35 -5.39 72 4.02 0
13:57 736.35 -5.39 72 4.02 0
13:58 736.35 -5.39 72 1.79 0
13:59 736.35 -5.44 72 2.24 0
14:00 736.35 -5.39 72 1.79 0
14:01 736.35 -5.39 72 4.47 0
14:02 736.35 -5.39 72 3.58 0
14:03 736.35 -5.33 72 4.02 0
14:04 736.35 -5.33 72 3.13 0
14:05 736.35 -5.39 72 4.02 0
14:06 736.35 -5.39 72 4.47 0
14:07 736.35 -5.39 72 5.36 0
14:08 736.35 -5.39 72 3.13 0
14:09 736.35 -5.39 72 4.02 0
14:10 736.35 -5.39 72 3.58 0
14:11 736.35 -5.39 72 2.68 0
14:12 736.35 -5.39 72 4.92 0
14:13 736.35 -5.39 72 1.34 0
14:14 736.35 -5.33 72 3.58 0
14:15 736.35 -5.39 72 3.13 0
14:16 736.35 -5.33 72 3.13 0
14:17 736.35 -5.33 72 2.68 0
14:18 736.35 -5.28 72 1.79 0
14:19 736.35 -5.28 72 4.02 0
14:20 736.35 -5.28 72 4.47 0
14:21 736.35 -5.28 72 3.13 0
14:22 736.35 -5.33 72 3.58 0
14:23 736.35 -5.33 72 3.13 0
14:24 736.35 -5.33 72 2.68 0
14:25 736.35 -5.28 72 2.68 0
14:26 736.35 -5.33 72 3.58 0
14:27 736.35 -5.33 72 3.13 0
14:28 736.35 -5.33 72 4.02 0
14:29 736.35 -5.33 72 1.34 0
14:30 736.35 -5.33 72 3.58 0
14:31 736.35 -5.33 72 3.13 0
14:32 736.35 -5.28 72 2.68 0
14:33 736.35 -5.28 72 3.13 0
14:34 736.35 -5.28 72 4.02 0
14:35 736.35 -5.28 72 3.58 0
14:36 736.35 -5.28 72 4.02 0
14:37 736.35 -5.28 71 2.68 0
14:38 736.35 -5.28 71 4.02 0
14:39 736.35 -5.28 71 3.58 0
14:40 736.35 -5.33 71 3.13 0
14:41 736.35 -5.28 71 2.68 0
14:42 736.35 -5.33 71 3.13 0
14:43 736.35 -5.33 71 4.02 0
14:44 736.35 -5.28 72 4.92 0
14:45 736.35 -5.33 71 4.92 0
14:46 736.35 -5.33 71 2.68 0
14:47 736.35 -5.28 71 2.68 0
14:48 736.35 -5.28 72 4.47 0
14:49 736.35 -5.28 72 3.13 0
14:50 736.35 -5.28 71 1.79 0
14:51 736.35 -5.28 71 3.58 0
14:52 736.35 -5.22 71 3.58 0
14:53 736.35 -5.28 71 3.13 0
14:54 736.35 -5.22 71 4.02 0
14:55 736.35 -5.22 71 5.36 0
14:56 736.35 -5.22 71 2.24 0
14:57 736.35 -5.22 71 1.79 0
14:58 736.35 -5.22 71 2.24 0
14:59 736.35 -5.22 71 1.79 0
15:00 736.35 -5.22 71 3.13 0
15:01 736.35 -5.17 71 4.47 0
15:02 736.35 -5.22 71 1.79 0
15:03 736.6 -5.22 71 4.02 0
15:04 736.35 -5.22 71 3.58 0
15:05 736.35 -5.22 71 4.92 0
15:06 736.35 -5.17 71 4.02 0
15:07 736.35 -5.22 71 2.68 0
15:08 736.35 -5.17 70 3.13 0
15:09 736.35 -5.17 70 3.13 0
15:10 736.35 -5.17 71 3.58 0
15:11 736.35 -5.17 71 3.58 0
15:12 736.35 -5.17 71 4.02 0
15:13 736.35 -5.17 70 1.79 0
15:14 736.35 -5.17 70 2.24 0
15:15 736.35 -5.17 70 3.13 0
15:16 736.35 -5.17 70 3.13 0
15:17 736.35 -5.17 70 3.58 0
15:18 736.35 -5.17 70 3.13 0
15:19 736.35 -5.17 70 4.02 0
15:20 736.35 -5.11 70 3.58 0
15:21 736.35 -5.11 70 4.02 0
15:22 736.35 -5.17 70 3.13 0
15:23 736.6 -5.11 70 2.68 0
15:24 736.35 -5.11 70 2.24 0
15:25 736.35 -5.11 70 2.24 0
15:26 736.35 -5.11 70 3.58 0
15:27 736.6 -5.11 70 3.13 0
15:28 736.6 -5.11 70 2.24 0
15:29 736.6 -5.11 70 3.58 0
15:30 736.6 -5.11 70 3.13 0
15:31 736.6 -5.11 71 2.68 0
15:32 736.6 -5.11 71 4.47 0
15:33 736.6 -5.11 71 2.68 0
15:34 736.6 -5.11 71 4.02 0
15:35 736.6 -5.11 71 3.13 0
15:36 736.6 -5.11 71 3.58 0
15:37 736.6 -5.11 71 4.02 0
15:38 736.6 -5.06 71 3.13 0
15:39 736.6 -5.11 71 4.92 0
15:40 736.6 -5.11 71 1.79 0
15:41 736.6 -5.11 71 3.13 0
15:42 736.6 -5.17 71 3.58 0
15:43 736.6 -5.17 71 1.34 0
15:44 736.6 -5.17 71 3.58 0
15:45 736.6 -5.22 71 3.58 0
15:46 736.6 -5.17 71 3.13 0
15:47 736.6 -5.22 71 1.79 0
15:48 736.6 -5.22 71 1.79 0
15:49 736.6 -5.22 71 3.13 0
15:50 736.6 -5.28 71 4.92 0
15:51 736.6 -5.22 71 4.47 0
15:52 736.6 -5.28 71 3.13 0
15:53 736.6 -5.28 71 3.58 0
15:54 736.6 -5.33 71 5.81 0
15:55 736.6 -5.33 72 3.58 0
15:56 736.6 -5.33 72 1.79 0
15:57 736.6 -5.39 72 5.36 0
15:58 736.6 -5.33 72 4.47 0
15:59 736.6 -5.33 72 3.58 0
16:00 736.6 -5.39 72 4.02 0
16:01 736.6 -5.39 72 4.47 0
16:02 736.6 -5.39 72 1.79 0
16:03 736.85 -5.39 72 3.58 0
16:04 736.6 -5.44 72 3.13 0
16:05 736.6 -5.44 72 4.02 0
16:06 736.85 -5.5 72 3.58 0
16:07 736.6 -5.44 72 4.47 0
16:08 736.6 -5.44 72 5.36 0
16:09 736.85 -5.44 72 4.92 0
16:10 736.85 -5.44 72 4.02 0
16:11 736.85 -5.44 72 4.47 0
16:12 736.85 -5.44 72 3.58 0
16:13 736.85 -5.5 73 8.05 0
16:14 736.85 -5.44 73 3.58 0
16:15 736.85 -5.44 73 6.71 0
16:16 736.85 -5.44 73 5.36 0
16:17 736.85 -5.44 73 4.02 0
16:18 736.85 -5.5 73 2.24 0
16:19 736.85 -5.5 73 4.47 0
16:20 736.85 -5.44 73 5.36 0
16:21 736.85 -5.44 74 6.26 0
16:22 736.85 -5.44 74 11.18 0
16:23 736.85 -5.44 74 5.81 0
16:24 737.11 -5.44 74 7.6 0
16:25 736.85 -5.44 74 2.68 0
16:26 736.85 -5.44 74 4.92 0
16:27 737.11 -5.44 74 5.81 0
16:28 736.85 -5.44 74 7.15 0
16:29 737.11 -5.44 74 5.81 0
16:30 736.85 -5.5 74 3.58 0
16:31 737.11 -5.44 74 6.71 0
16:32 737.11 -5.5 74 6.26 0
16:33 737.11 -5.5 74 3.58 0
16:34 737.11 -5.5 74 6.26 0
16:35 737.11 -5.56 74 4.02 0
16:36 737.11 -5.56 74 4.47 0
16:37 737.11 -5.56 75 5.36 0
16:38 737.11 -5.56 75 3.13 0
16:39 737.11 -5.56 75 5.81 0
16:40 737.11 -5.56 75 3.13 0
16:41 737.11 -5.56 75 8.49 0
16:42 737.11 -5.61 75 4.47 0
16:43 737.11 -5.61 75 5.36 0
16:44 737.11 -5.61 75 4.47 0
16:45 737.11 -5.67 75 4.92 0
16:46 737.11 -5.67 75 3.13 0
16:47 737.11 -5.67 75 5.36 0
16:48 737.11 -5.67 75 5.36 0
16:49 737.11 -5.72 75 2.24 0
16:50 737.11 -5.72 75 5.36 0
16:51 737.11 -5.78 75 7.15 0
16:52 737.11 -5.78 75 6.26 0
16:53 737.11 -5.83 75 9.39 0
16:54 737.11 -5.83 75 4.47 0
16:55 737.36 -5.89 75 8.49 0
16:56 737.36 -5.89 75 5.36 0
16:57 737.11 -5.94 75 10.73 0
16:58 737.36 -5.94 75 4.92 0
16:59 737.36 -5.94 75 7.15 0
17:00 737.36 -5.94 75 8.49 0
17:01 737.36 -5.94 75 8.05 0
17:02 737.36 -6 75 2.68 0
17:03 737.36 -6 75 3.58 0
17:04 737.36 -6 75 4.47 0
17:05 737.36 -6.06 76 6.71 0
17:06 737.36 -6 76 5.81 0
17:07 737.36 -6.06 76 6.71 0
17:08 737.36 -6.06 76 4.47 0
17:09 737.36 -6.06 76 4.02 0
17:10 737.36 -6 76 6.71 0
17:11 737.36 -6.06 76 7.6 0
17:12 737.36 -6 76 3.58 0
17:13 737.36 -6 76 3.58 0
17:14 737.36 -6 76 4.92 0
17:15 737.11 -6 76 3.58 0
17:16 737.36 -6 76 1.79 0
17:17 737.11 -6 76 4.92 0
17:18 737.11 -6 76 6.71 0
17:19 737.36 -6 76 6.71 0
17:20 737.11 -6 76 4.02 0
17:21 737.36 -6 76 3.13 0
17:22 737.36 -6 76 7.15 0
17:23 737.36 -6 76 5.36 0
17:24 737.36 -6 77 9.39 0
17:25 737.36 -6 77 4.92 0
17:26 737.36 -6 77 4.02 0
17:27 737.36 -6 77 7.15 0
17:28 737.11 -6 77 4.47 0
17:29 737.36 -6 77 4.02 0
17:30 737.36 -6 77 5.81 0
17:31 737.11 -6 77 4.02 0
17:32 737.11 -6 77 5.36 0
17:33 737.11 -6 77 3.58 0
17:34 737.11 -5.94 77 3.58 0
17:35 737.11 -5.94 77 4.92 0
17:36 737.11 -5.94 77 4.02 0
17:37 737.11 -5.94 77 2.68 0
17:38 737.11 -5.94 77 3.58 0
17:39 737.11 -5.94 77 4.47 0
17:40 737.11 -5.89 77 4.47 0
17:41 737.11 -5.89 77 4.02 0
17:42 737.11 -5.89 77 4.92 0
17:43 737.11 -5.83 77 3.13 0
17:44 737.11 -5.83 77 3.13 0
17:45 737.11 -5.83 77 3.13 0
17:46 737.11 -5.83 77 5.36 0
17:47 737.11 -5.78 77 4.02 0
17:48 737.11 -5.83 77 4.47 0
17:49 737.11 -5.78 77 3.13 0
17:50 737.11 -5.78 77 6.26 0
17:51 737.11 -5.72 77 4.47 0
17:52 737.11 -5.72 77 2.24 0
17:53 737.11 -5.67 77 4.92 0
17:54 737.11 -5.67 77 3.13 0
17:55 737.11 -5.67 77 4.92 0
17:56 737.11 -5.67 77 4.47 0
17:57 737.11 -5.72 77 3.13 0
17:58 737.11 -5.72 77 4.47 0
17:59 737.11 -5.72 77 5.36 0
18:00 737.11 -5.72 77 3.58 0
18:01 737.11 -5.72 77 3.58 0
18:02 737.11 -5.72 77 3.58 0
18:03 737.11 -5.72 78 7.15 0
18:04 737.11 -5.72 77 6.71 0
18:05 737.11 -5.72 77 2.68 0
18:06 737.11 -5.72 78 4.92 0
18:07 737.11 -5.72 78 4.02 0
18:08 737.11 -5.72 78 4.02 0
18:09 737.11 -5.78 78 6.26 0
18:10 737.11 -5.78 78 8.05 0
18:11 737.11 -5.78 78 6.26 0
18:12 737.11 -5.78 78 4.02 0
18:13 737.11 -5.78 78 2.68 0
18:14 737.11 -5.78 78 4.92 0
18:15 737.11 -5.78 78 3.13 0
18:16 737.11 -5.78 78 5.36 0
18:17 737.11 -5.83 78 3.58 0
18:18 737.11 -5.83 78 3.58 0
18:19 737.11 -5.83 79 4.47 0
18:20 737.11 -5.83 79 4.02 0
18:21 737.11 -5.83 79 3.58 0
18:22 737.11 -5.83 79 2.24 0
18:23 737.11 -5.83 79 3.13 0
18:24 737.11 -5.83 79 4.92 0
18:25 737.11 -5.83 79 2.68 0
18:26 737.11 -5.83 79 4.92 0
18:27 737.11 -5.83 79 4.02 0
18:28 737.11 -5.83 79 1.34 0
18:29 737.11 -5.89 79 5.81 0
18:30 737.11 -5.83 79 6.71 0
18:31 737.11 -5.83 79 4.47 0
18:32 737.11 -5.83 79 5.36 0
18:33 737.11 -5.83 79 6.26 0
18:34 737.11 -5.83 79 2.68 0
18:35 737.11 -5.83 79 3.58 0
18:36 737.11 -5.83 79 4.02 0
18:37 737.11 -5.78 79 5.81 0
18:38 737.11 -5.83 79 4.02 0
18:39 737.11 -5.78 79 5.36 0
18:40 737.11 -5.78 79 3.58 0
18:41 737.11 -5.78 79 4.02 0
18:42 737.11 -5.78 79 4.47 0
18:43 737.11 -5.83 79 3.58 0
18:44 737.11 -5.83 79 3.58 0
18:45 737.11 -5.83 80 7.6 0
18:46 737.11 -5.83 80 6.71 0
18:47 737.11 -5.83 80 4.92 0
18:48 737.11 -5.83 80 4.02 0
18:49 737.36 -5.83 80 3.58 0
18:50 737.36 -5.83 80 4.02 0
18:51 737.36 -5.83 80 2.24 0
18:52 737.11 -5.83 80 5.36 0
18:53 737.36 -5.83 80 3.13 0
18:54 737.11 -5.83 80 2.68 0
18:55 737.11 -5.83 80 4.02 0
18:56 737.11 -5.89 80 2.24 0
18:57 737.11 -5.89 80 7.15 0
18:58 737.11 -5.89 80 4.02 0
18:59 737.36 -5.83 80 4.92 0
19:00 737.36 -5.83 81 6.26 0
19:01 737.36 -5.89 81 5.36 0
19:02 737.11 -5.83 80 4.02 0
19:03 737.36 -5.83 80 5.81 0
19:04 737.11 -5.89 80 3.58 0
19:05 737.36 -5.83 80 4.47 0
19:06 737.36 -5.83 81 7.6 0
19:07 737.36 -5.89 81 6.26 0
19:08 737.11 -5.83 81 4.92 0
19:09 737.36 -5.89 81 8.94 0
19:10 737.36 -5.89 81 4.47 0
19:11 737.36 -5.94 81 4.92 0
19:12 737.36 -5.94 82 5.81 0
19:13 737.36 -5.94 82 4.47 0
19:14 737.36 -5.94 82 4.92 0
19:15 737.36 -5.94 82 4.02 0
19:16 737.36 -5.94 82 3.58 0
19:17 737.36 -5.94 83 4.47 0
19:18 737.36 -5.94 83 4.02 0
19:19 737.36 -6 83 3.13 0
19:20 737.36 -6 83 3.58 0
19:21 737.62 -6 83 3.58 0
19:22 737.62 -6 83 2.24 0
19:23 737.62 -6 83 6.26 0
19:24 737.62 -6.06 83 5.36 0
19:25 737.62 -6.06 83 5.81 0
19:26 737.62 -6.06 84 3.13 0
19:27 737.62 -6 84 3.13 0
19:28 737.62 -6 84 2.24 0
19:29 737.62 -6 84 4.92 0
19:30 737.62 -6 84 4.02 0
19:31 737.62 -6 84 4.02 0
19:32 737.62 -6 84 4.02 0
19:33 737.62 -6 84 2.24 0
19:34 737.62 -6.06 84 7.15 0
19:35 737.62 -6 84 3.58 0
19:36 737.62 -6 84 6.71 0
19:37 737.36 -6 84 2.68 0
19:38 737.36 -6 84 3.13 0
19:39 737.62 -6 84 3.58 0
19:40 737.62 -6 84 4.47 0
19:41 737.62 -6 84 4.02 0
19:42 737.62 -5.94 83 3.13 0
19:43 737.62 -6 83 4.02 0
19:44 737.62 -6 83 2.68 0
19:45 737.62 -5.94 83 1.79 0
19:46 737.62 -5.94 84 4.02 0
19:47 737.62 -5.94 84 4.47 0
19:48 737.62 -5.94 84 5.81 0
19:49 737.62 -5.94 84 5.81 0
19:50 737.62 -5.94 84 4.92 0
19:51 737.62 -5.94 84 5.36 0
19:52 737.62 -5.94 84 2.68 0
19:53 737.62 -5.89 84 3.13 0
19:54 737.62 -5.89 84 4.02 0
19:55 737.62 -5.89 84 5.81 0
19:56 737.62 -5.89 84 3.58 0
19:57 737.62 -5.94 84 4.02 0
19:58 737.62 -5.94 84 4.47 0
19:59 737.62 -5.94 84 4.92 0
20:00 737.62 -5.94 84 4.47 0
20:01 737.62 -5.89 84 5.36 0
20:02 737.62 -5.89 84 5.81 0
20:03 737.62 -5.83 84 4.47 0
20:04 737.87 -5.83 84 4.47 0
20:05 737.62 -5.83 84 7.15 0
20:06 737.62 -5.83 84 3.58 0
20:07 737.62 -5.83 84 4.02 0
20:08 737.62 -5.83 84 3.58 0
20:09 737.62 -5.83 84 4.02 0
20:10 737.62 -5.83 84 4.47 0
20:11 737.87 -5.83 84 4.92 0
20:12 737.87 -5.83 84 4.02 0
20:13 737.87 -5.83 84 2.68 0
20:14 737.87 -5.83 84 1.34 0
20:15 737.87 -5.78 84 1.79 0
20:16 737.87 -5.78 84 3.58 0
20:17 737.87 -5.78 84 1.79 0
20:18 737.87 -5.78 84 1.34 0
20:19 737.87 -5.78 84 3.13 0
20:20 737.87 -5.78 84 4.47 0
20:21 737.87 -5.78 84 5.81 0
20:22 737.87 -5.78 84 3.13 0
20:23 737.87 -5.78 84 2.68 0
20:24 737.87 -5.78 84 2.68 0
20:25 737.87 -5.78 84 2.24 0
20:26 737.87 -5.78 84 1.79 0
20:27 737.87 -5.83 84 .89 0
20:28 737.87 -5.78 84 3.58 0
20:29 737.87 -5.83 85 8.05 0
20:30 737.87 -5.83 85 4.47 0
20:31 737.87 -5.83 85 5.36 0
20:32 737.87 -5.83 85 1.79 0
20:33 737.87 -5.89 85 4.47 0
20:34 737.87 -5.89 85 2.68 0
20:35 737.87 -5.89 85 2.24 0
20:36 737.87 -5.89 85 4.47 0
20:37 738.12 -5.94 86 3.58 0
20:38 738.12 -5.94 86 4.92 0
20:39 738.12 -5.94 86 3.13 0
20:40 738.12 -5.94 86 3.58 0
20:41 738.12 -6 86 5.36 0
20:42 738.12 -6 86 7.6 0
20:43 738.12 -6 86 5.36 0
20:44 738.12 -6 86 4.92 0
20:45 738.12 -6 86 3.58 0
20:46 738.12 -6 86 4.47 0
20:47 738.12 -6.06 86 5.36 0
20:48 738.12 -6.06 86 4.47 0
20:49 738.12 -6.06 86 4.02 0
20:50 738.12 -6.06 86 2.68 0
20:51 738.12 -6.06 86 3.58 0
20:52 738.12 -6.06 86 1.79 0
20:53 738.12 -6.06 86 6.71 0
20:54 738.12 -6.06 86 1.34 0
20:55 738.12 -6.06 86 2.68 0
20:56 738.12 -6.06 86 3.58 0
20:57 738.12 -6.06 86 4.92 0
20:58 738.12 -6.06 85 1.34 0
20:59 738.38 -6.06 85 2.24 0
21:00 738.38 -6.06 85 1.34 0
21:01 738.38 -6.06 85 3.13 0
21:02 738.38 -6.06 85 3.58 0
21:03 738.38 -6.06 85 4.47 0
21:04 738.38 -6.11 85 3.58 0
21:05 738.38 -6.11 85 5.36 0
21:06 738.38 -6.11 85 4.92 0
21:07 738.38 -6.11 86 4.02 0
21:08 738.38 -6.17 86 5.81 0
21:09 738.38 -6.17 86 2.68 0
21:10 738.38 -6.17 85 4.92 0
21:11 738.38 -6.22 85 3.58 0
21:12 738.38 -6.22 85 4.92 0
21:13 738.38 -6.28 86 2.24 0
21:14 738.38 -6.28 85 3.13 0
21:15 738.38 -6.28 85 6.71 0
21:16 738.38 -6.33 85 6.71 0
21:17 738.38 -6.33 85 3.58 0
21:18 738.38 -6.33 84 1.34 0
21:19 738.38 -6.33 84 3.13 0
21:20 738.38 -6.39 84 4.47 0
21:21 738.38 -6.33 84 4.02 0
21:22 738.63 -6.39 84 1.34 0
21:23 738.63 -6.33 84 6.71 0
21:24 738.63 -6.39 83 8.05 0
21:25 738.63 -6.39 82 4.02 0
21:26 738.63 -6.39 82 6.71 0
21:27 738.63 -6.44 81 10.28 0
21:28 738.63 -6.44 80 5.81 0
21:29 738.63 -6.39 80 5.36 0
21:30 738.63 -6.44 79 7.15 0
21:31 738.63 -6.5 79 5.36 0
21:32 738.63 -6.5 79 7.6 0
21:33 738.63 -6.5 79 2.68 0
21:34 738.63 -6.5 79 4.92 0
21:35 738.63 -6.5 78 2.24 0
21:36 738.63 -6.56 78 5.81 0
21:37 738.63 -6.56 78 5.36 0
21:38 738.63 -6.56 78 6.71 0
21:39 738.63 -6.56 78 5.36 0
21:40 738.63 -6.56 78 5.36 0
21:41 738.63 -6.61 78 5.36 0
21:42 738.63 -6.61 78 7.15 0
21:43 738.63 -6.67 77 3.58 0
21:44 738.63 -6.67 77 7.15 0
21:45 738.63 -6.67 77 4.92 0
21:46 738.63 -6.67 76 4.47 0
21:47 738.63 -6.72 76 4.92 0
21:48 738.63 -6.72 76 5.36 0
21:49 738.63 -6.72 76 6.71 0
21:50 738.63 -6.72 76 4.47 0
21:51 738.63 -6.78 76 6.26 0
21:52 738.63 -6.78 76 4.02 0
21:53 738.63 -6.78 75 4.47 0
21:54 738.89 -6.78 75 4.47 0
21:55 738.89 -6.78 75 4.02 0
21:56 738.89 -6.78 75 5.81 0
21:57 738.89 -6.83 75 4.92 0
21:58 738.89 -6.78 75 3.13 0
21:59 738.89 -6.83 75 3.13 0
22:00 738.89 -6.83 75 1.79 0
22:01 738.89 -6.83 75 2.24 0
22:02 738.89 -6.83 75 4.47 0
22:03 738.89 -6.83 75 2.24 0
22:04 738.89 -6.83 76 5.36 0
22:05 738.89 -6.83 76 3.13 0
22:06 738.89 -6.89 76 4.47 0
22:07 738.89 -6.89 75 2.68 0
22:08 738.89 -6.89 76 4.02 0
22:09 738.89 -6.94 76 2.24 0
22:10 739.14 -6.94 76 .89 0
22:11 739.14 -6.94 76 4.02 0
22:12 738.89 -6.94 76 2.68 0
22:13 739.14 -6.94 76 3.58 0
22:14 739.14 -6.94 76 2.24 0
22:15 739.14 -6.94 76 .45 0
22:16 739.14 -7 76 2.24 0
22:17 739.14 -7 77 2.24 0
22:18 739.14 -7 76 4.92 0
22:19 739.14 -7 77 4.02 0
22:20 739.14 -7 77 4.47 0
22:21 739.14 -7.06 77 4.02 0
22:22 739.14 -7.06 77 2.24 0
22:23 739.14 -7.06 77 1.34 0
22:24 739.14 -7.06 77 2.24 0
22:25 739.14 -7.11 78 4.02 0
22:26 739.39 -7.11 78 4.47 0
22:27 739.39 -7.11 78 1.34 0
22:28 739.39 -7.17 78 4.02 0
22:29 739.39 -7.17 78 2.24 0
22:30 739.39 -7.17 78 1.34 0
22:31 739.39 -7.17 79 4.02 0
22:32 739.39 -7.22 79 2.24 0
22:33 739.39 -7.22 79 3.13 0
22:34 739.39 -7.22 79 2.24 0
22:35 739.39 -7.22 80 1.34 0
22:36 739.39 -7.28 80 2.24 0
22:37 739.39 -7.28 80 2.24 0
22:38 739.39 -7.33 80 4.92 0
22:39 739.39 -7.33 80 3.13 0
22:40 739.39 -7.33 80 1.34 0
22:41 739.39 -7.33 80 .89 0
22:42 739.65 -7.33 81 1.34 0
22:43 739.39 -7.33 81 .45 0
22:44 739.39 -7.39 81 1.79 0
22:45 739.39 -7.33 81 1.34 0
22:46 739.39 -7.33 81 3.58 0
22:47 739.39 -7.33 81 1.79 0
22:48 739.65 -7.33 82 2.24 0
22:49 739.65 -7.33 82 3.13 0
22:50 739.65 -7.33 82 2.68 0
22:51 739.65 -7.33 82 2.24 0
22:52 739.65 -7.33 82 1.79 0
22:53 739.65 -7.33 83 2.68 0
22:54 739.65 -7.33 83 1.34 0
22:55 739.65 -7.33 83 3.13 0
22:56 739.65 -7.33 83 3.13 0
22:57 739.65 -7.33 84 3.58 0
22:58 739.65 -7.33 84 4.47 0
22:59 739.65 -7.33 84 3.58 0
23:00 739.65 -7.33 84 3.13 0
23:01 739.65 -7.28 85 2.68 0
23:02 739.65 -7.33 85 1.79 0
23:03 739.65 -7.28 84 1.79 0
23:04 739.9 -7.33 84 .89 0
23:05 739.9 -7.33 84 3.58 0
23:06 739.9 -7.33 84 1.79 0
23:07 739.9 -7.33 84 3.13 0
23:08 739.9 -7.33 84 3.58 0
23:09 739.9 -7.33 85 3.58 0
23:10 739.9 -7.33 84 3.58 0
23:11 739.9 -7.33 84 4.02 0
23:12 739.9 -7.33 84 4.92 0
23:13 739.9 -7.33 84 1.79 0
23:14 739.9 -7.28 84 4.02 0
23:15 739.9 -7.28 84 3.58 0
23:16 739.9 -7.28 84 2.68 0
23:17 739.9 -7.28 84 1.34 0
23:18 739.9 -7.28 84 2.68 0
23:19 739.9 -7.28 84 5.81 0
23:20 739.9 -7.22 83 3.13 0
23:21 739.9 -7.22 83 4.02 0
23:22 739.9 -7.22 83 9.39 0
23:23 740.16 -7.17 82 5.36 0
23:24 739.9 -7.17 82 3.58 0
23:25 740.16 -7.17 82 7.6 0
23:26 739.9 -7.17 81 4.92 0
23:27 740.16 -7.11 81 4.92 0
23:28 740.16 -7.17 81 7.15 0
23:29 740.16 -7.17 81 4.47 0
23:30 740.16 -7.17 81 6.26 0
23:31 740.16 -7.17 81 4.47 0
23:32 740.16 -7.17 81 2.24 0
23:33 740.16 -7.22 81 4.47 0
23:34 740.16 -7.22 81 3.58 0
23:35 740.16 -7.22 81 4.02 0
23:36 740.16 -7.22 81 5.36 0
23:37 740.16 -7.28 81 4.92 0
23:38 740.16 -7.28 81 2.68 0
23:39 740.16 -7.28 81 5.81 0
23:40 740.16 -7.33 81 4.92 0
23:41 740.16 -7.28 81 3.58 0
23:42 740.16 -7.28 81 1.79 0
23:43 740.16 -7.28 81 4.02 0
23:44 740.16 -7.33 81 3.58 0
23:45 740.16 -7.33 81 4.47 0
23:46 740.16 -7.33 81 6.71 0
23:47 740.16 -7.33 81 4.47 0
23:48 740.16 -7.39 80 2.24 0
23:49 740.41 -7.33 80 3.58 0
23:50 740.41 -7.39 80 3.58 0
23:51 740.41 -7.33 80 1.34 0
23:52 740.41 -7.33 80 4.47 0
23:53 740.41 -7.33 80 5.36 0
23:54 740.41 -7.33 80 3.58 0
23:55 740.41 -7.33 80 5.36 0
23:56 740.41 -7.33 80 2.68 0
23:57 740.41 -7.33 80 4.47 0
23:58 740.41 -7.39 80 1.79 0
23:59 740.41 -7.39 80 7.15 0
