00:00 745.24 5.44 91 3.58 0
00:01 745.24 5.44 91 1.79 0
00:02 745.24 5.44 91 2.24 0
00:03 745.24 5.44 91 2.68 0
00:04 745.24 5.44 91 4.47 0
00:05 745.24 5.39 91 1.79 0
00:06 745.49 5.44 91 4.47 0
00:07 745.49 5.39 91 4.47 0
00:08 745.49 5.39 91 4.02 0
00:09 745.49 5.39 91 3.58 0
00:10 745.49 5.39 91 4.02 0
00:11 745.24 5.39 91 5.36 0
00:12 745.49 5.39 91 2.68 0
00:13 745.49 5.33 91 2.24 0
00:14 745.49 5.39 91 4.47 0
00:15 745.24 5.33 91 2.68 0
00:16 745.49 5.39 91 4.02 0
00:17 745.24 5.39 91 3.58 0
00:18 745.24 5.33 91 4.02 0
00:19 745.24 5.33 91 4.02 0
00:20 745.24 5.33 91 4.47 0
00:21 745.24 5.33 91 2.24 0
00:22 745.24 5.33 91 2.24 0
00:23 745.24 5.33 91 4.02 0
00:24 745.24 5.33 91 2.68 0
00:25 745.24 5.33 91 2.24 0
00:26 745.24 5.33 91 4.47 0
00:27 745.24 5.28 91 4.47 0
00:28 745.24 5.28 91 3.13 0
00:29 745.24 5.28 91 2.68 0
00:30 745.24 5.28 91 1.34 0
00:31 745.24 5.28 91 5.36 0
00:32 745.24 5.28 91 4.02 0
00:33 745.24 5.22 91 2.68 0
00:34 745.24 5.22 91 4.47 0
00:35 745.24 5.22 91 2.68 0
00:36 745.24 5.22 91 3.58 0
00:37 745.24 5.22 91 2.24 0
00:38 745.24 5.22 91 2.68 0
00:39 745.24 5.17 91 3.58 0
00:40 745.24 5.22 91 2.68 0
00:41 745.24 5.22 91 2.68 0
00:42 745.24 5.22 91 3.58 0
00:43 745.24 5.22 91 4.02 0
00:44 745.24 5.22 91 4.02 0
00:45 745.24 5.17 91 3.58 0
00:46 745.24 5.17 91 5.36 0
00:47 745.24 5.17 91 1.79 0
00:48 745.24 5.17 91 2.24 0
00:49 745.24 5.17 91 4.47 0
00:50 745.24 5.17 91 4.47 0
00:51 745.24 5.17 91 2.24 0
00:52 745.24 5.17 91 2.68 0
00:53 745.24 5.17 91 3.58 0
00:54 745.24 5.17 91 2.68 0
00:55 745.24 5.11 91 2.24 1.02
00:56 745.24 5.11 91 1.34 1.02
00:57 745.24 5.17 91 1.79 1.02
00:58 745.24 5.11 91 2.24 1.02
00:59 745.24 5.11 91 3.58 1.02
01:00 745.24 5.11 91 2.24 1.02
01:01 745.24 5.11 91 4.92 1.02
01:02 745.24 5.11 91 1.79 1.02
01:03 745.24 5.11 91 4.47 1.02
01:04 745.24 5.06 91 1.79 1.02
01:05 745.24 5.06 91 2.24 1.02
01:06 745.24 5.11 91 3.58 1.02
01:07 745.24 5.11 91 3.58 1.02
01:08 745.24 5.06 91 2.68 1.02
01:09 745.24 5.06 91 4.47 1.02
01:10 745.24 5.06 91 2.24 1.02
01:11 745.24 5.06 91 2.24 1.02
01:12 745.24 5.06 91 4.47 0
01:13 745.24 5.06 91 2.68 0
01:14 745.24 5.06 91 2.68 0
01:15 745.24 5.06 91 4.02 0
01:16 745.24 5 91 2.24 0
01:17 745.24 5.06 91 2.24 0
01:18 745.24 5.06 91 3.58 0
01:19 745.24 5 91 3.58 0
01:20 745.24 5 91 2.24 0
01:21 745.24 5 91 3.58 0
01:22 745.24 4.94 91 3.58 0
01:23 745.24 4.94 91 4.92 0
01:24 745.24 4.89 91 5.36 0
01:25 745.24 4.89 91 2.24 0
01:26 745.24 4.89 91 3.58 0
01:27 745.24 4.89 91 4.92 0
01:28 745.24 4.89 91 4.02 0
01:29 745.24 4.89 91 1.79 0
01:30 745.24 4.83 91 4.47 0
01:31 745.24 4.89 91 2.24 0
01:32 745.24 4.83 91 4.47 0
01:33 745.24 4.83 91 4.02 0
01:34 745.24 4.83 91 4.92 0
01:35 745.24 4.78 91 4.02 0
01:36 745.24 4.83 91 4.92 0
01:37 745.24 4.78 91 3.58 0
01:38 745.24 4.78 91 5.36 0
01:39 745.24 4.78 91 1.79 0
01:40 745.24 4.83 91 5.81 0
01:41 745.24 4.78 91 3.13 0
01:42 745.24 4.78 91 3.13 0
01:43 744.98 4.78 91 3.58 0
01:44 744.98 4.78 91 0 0
01:45 744.98 4.78 91 4.02 0
01:46 744.98 4.78 91 5.36 0
01:47 744.98 4.72 91 4.47 0
01:48 744.98 4.72 91 0 0
01:49 744.98 4.72 91 4.92 0
01:50 744.98 4.72 91 4.47 0
01:51 744.98 4.72 91 4.47 0
01:52 744.98 4.72 91 4.47 0
01:53 744.98 4.72 91 3.58 0
01:54 744.98 4.72 91 4.47 0
01:55 744.98 4.72 91 0 0
01:56 744.98 4.67 91 3.58 0
01:57 744.98 4.72 91 2.68 0
01:58 744.98 4.72 91 4.47 0
01:59 744.98 4.72 91 4.47 0
02:00 744.98 4.67 91 6.71 0
02:01 744.98 4.67 91 5.36 0
02:02 744.98 4.61 91 4.02 0
02:03 744.98 4.67 91 4.92 0
02:04 744.98 4.67 91 4.92 0
02:05 744.98 4.67 91 3.58 0
02:06 744.98 4.61 91 5.81 0
02:07 744.98 4.61 91 4.47 0
02:08 744.98 4.67 91 1.79 0
02:09 744.98 4.61 91 5.36 0
02:10 744.98 4.67 91 2.24 0
02:11 744.98 4.61 91 3.58 0
02:12 744.98 4.67 91 2.24 0
02:13 744.98 4.67 91 2.68 0
02:14 744.98 4.67 91 2.24 0
02:15 744.98 4.67 91 2.24 0
02:16 744.98 4.61 91 2.24 0
02:17 744.98 4.67 91 3.58 0
02:18 744.98 4.61 91 2.24 0
02:19 744.98 4.61 91 4.02 0
02:20 744.98 4.61 91 4.92 0
02:21 745.24 4.61 91 4.47 0
02:22 745.24 4.61 91 4.92 0
02:23 744.98 4.61 91 4.92 0
02:24 745.24 4.56 91 6.26 0
02:25 745.24 4.56 91 4.92 0
02:26 745.24 4.56 91 5.36 0
02:27 744.98 4.56 91 2.68 0
02:28 745.24 4.56 91 4.47 0
02:29 744.98 4.5 91 4.02 0
02:30 744.98 4.56 91 2.68 0
02:31 744.98 4.56 91 3.58 0
02:32 744.98 4.56 91 2.68 0
02:33 744.98 4.56 91 2.68 0
02:34 745.24 4.5 91 4.47 0
02:35 745.24 4.5 91 2.68 2.03
02:36 744.98 4.5 91 5.81 2.03
02:37 745.24 4.39 91 4.02 2.03
02:38 745.24 4.33 91 6.26 2.03
02:39 745.24 4.33 91 2.68 2.03
02:40 745.24 4.33 91 3.58 2.03
02:41 745.24 4.28 91 4.92 2.03
02:42 745.24 4.28 91 4.47 2.29
02:43 745.24 4.22 91 7.6 2.29
02:44 745.24 4.17 91 5.36 2.29
02:45 745.24 4.17 91 4.47 2.29
02:46 745.24 4.17 91 3.58 2.29
02:47 745.24 4.11 91 5.36 2.29
02:48 745.24 4.11 91 4.02 2.29
02:49 745.24 4.11 91 2.24 2.03
02:50 745.24 4.06 91 4.47 1.78
02:51 745.24 4.11 91 2.24 1.52
02:52 745.24 4.06 91 2.68 1.52
02:53 745.24 4.06 91 4.47 1.27
02:54 745.24 4.06 91 2.24 1.27
02:55 745.49 4 91 7.15 1.02
02:56 745.49 3.94 91 3.13 1.02
02:57 745.49 3.94 91 5.81 1.02
02:58 745.49 3.94 91 4.02 1.02
02:59 745.49 3.94 91 4.47 0
03:00 745.49 3.94 91 6.26 0
03:01 745.49 3.89 91 4.02 0
03:02 745.49 3.89 91 3.58 0
03:03 745.49 3.89 91 4.47 0
03:04 745.49 3.83 91 2.68 0
03:05 745.49 3.83 91 3.58 0
03:06 745.49 3.83 91 4.47 4.83
03:07 745.49 3.83 91 4.47 4.83
03:08 745.49 3.83 91 5.81 4.83
03:09 745.49 3.83 91 0 5.84
03:10 745.49 3.78 91 4.47 5.84
03:11 745.49 3.78 91 4.47 5.33
03:12 745.49 3.78 91 2.24 3.81
03:13 745.49 3.78 91 4.92 3.05
03:14 745.49 3.78 91 4.92 2.54
03:15 745.49 3.78 91 4.02 2.29
03:16 745.49 3.78 91 3.58 2.29
03:17 745.49 3.78 91 2.68 2.29
03:18 745.49 3.78 91 2.68 2.29
03:19 745.49 3.78 91 1.79 2.29
03:20 745.49 3.78 91 1.34 2.29
03:21 745.49 3.78 91 2.68 2.29
03:22 745.49 3.78 91 2.68 2.29
03:23 745.49 3.78 91 1.79 2.03
03:24 745.49 3.78 91 1.79 2.03
03:25 745.49 3.72 91 1.79 2.03
03:26 745.49 3.78 91 4.92 2.03
03:27 745.49 3.72 91 7.15 2.03
03:28 745.49 3.67 91 4.92 2.03
03:29 745.49 3.61 91 6.26 2.54
03:30 745.49 3.61 91 3.58 2.54
03:31 745.49 3.61 91 3.58 2.54
03:32 745.49 3.61 91 5.81 2.54
03:33 745.24 3.56 91 4.92 2.54
03:34 745.49 3.56 91 3.58 2.54
03:35 745.49 3.56 90 6.71 2.29
03:36 745.24 3.5 90 5.36 2.03
03:37 745.24 3.44 90 5.36 1.78
03:38 745.24 3.44 90 4.47 1.52
03:39 745.24 3.44 90 5.36 1.52
03:40 745.49 3.44 90 5.36 1.27
03:41 745.24 3.39 90 5.36 1.27
03:42 745.24 3.39 90 1.79 1.02
03:43 745.24 3.39 90 4.02 1.02
03:44 745.24 3.33 90 2.68 1.02
03:45 745.24 3.33 90 4.92 1.02
03:46 745.24 3.33 90 4.47 0
03:47 745.24 3.33 90 4.02 0
03:48 745.24 3.33 90 1.34 0
03:49 745.24 3.28 90 4.47 0
03:50 745.24 3.28 90 1.79 0
03:51 745.24 3.28 90 4.02 0
03:52 745.24 3.28 90 3.58 0
03:53 745.24 3.28 90 3.58 0
03:54 745.24 3.28 90 2.68 0
03:55 745.24 3.28 90 5.36 1.78
03:56 745.24 3.22 90 4.92 1.78
03:57 745.24 3.17 90 3.58 1.78
03:58 745.24 3.17 90 2.24 1.78
03:59 745.24 3.17 90 4.47 1.78
04:00 745.24 3.11 90 3.58 1.78
04:01 745.24 3.11 90 5.36 2.54
04:02 745.24 3.06 90 2.68 2.54
04:03 745.24 3.06 90 2.68 2.54
04:04 745.24 3.06 90 3.58 2.54
04:05 745.24 3.06 90 4.47 2.54
04:06 745.24 3 90 4.47 2.54
04:07 745.24 3 90 4.02 2.79
04:08 745.24 3 90 4.02 2.79
04:09 745.24 3 90 3.58 2.79
04:10 745.24 2.94 90 4.02 2.79
04:11 745.24 2.94 90 4.02 2.79
04:12 745.24 2.89 90 4.92 2.54
04:13 745.24 2.89 90 0 2.29
04:14 745.24 2.89 90 4.02 2.03
04:15 745.24 2.83 90 4.02 1.78
04:16 745.24 2.83 90 1.79 1.78
04:17 745.24 2.83 90 1.79 1.78
04:18 745.24 2.83 90 4.92 5.33
04:19 745.24 2.78 90 5.81 5.33
04:20 744.98 2.78 91 3.58 5.33
04:21 745.24 2.78 91 7.15 4.83
04:22 745.24 2.78 91 6.26 3.56
04:23 745.24 2.72 91 7.15 3.05
04:24 745.24 2.67 91 6.26 2.54
04:25 745.24 2.72 91 3.58 2.29
04:26 745.24 2.67 91 4.02 2.29
04:27 745.24 2.67 91 2.68 2.29
04:28 745.24 2.67 91 4.92 2.29
04:29 745.24 2.61 91 4.92 2.29
04:30 745.24 2.61 91 2.68 3.05
04:31 745.24 2.61 90 4.47 3.05
04:32 745.24 2.61 90 4.02 3.05
04:33 745.24 2.56 90 3.58 3.05
04:34 745.24 2.56 90 2.68 3.05
04:35 745.24 2.56 90 4.47 3.05
04:36 745.24 2.56 90 3.58 3.05
04:37 745.24 2.5 90 5.81 3.05
04:38 745.24 2.44 90 4.02 3.05
04:39 745.24 2.44 90 4.47 3.05
04:40 745.24 2.39 90 4.02 3.3
04:41 745.24 2.39 91 4.47 3.3
04:42 745.24 2.39 91 3.58 3.3
04:43 745.24 2.33 91 3.58 3.3
04:44 745.24 2.33 90 3.58 3.3
04:45 745.24 2.28 91 4.47 2.79
04:46 745.24 2.28 91 4.47 2.54
04:47 745.24 2.28 91 2.24 2.29
04:48 745.24 2.33 91 1.79 2.29
04:49 745.24 2.28 91 2.24 2.29
04:50 745.24 2.28 90 2.68 2.29
04:51 745.24 2.28 90 4.92 2.29
04:52 745.24 2.22 90 6.71 3.05
04:53 745.24 2.22 90 2.68 3.05
04:54 745.24 2.17 90 4.92 3.05
04:55 745.24 2.17 90 4.47 3.05
04:56 745.24 2.22 90 4.92 3.05
04:57 745.24 2.17 90 4.47 3.05
04:58 745.24 2.17 91 4.02 2.54
04:59 745.49 2.17 91 2.24 2.03
05:00 745.24 2.17 91 3.58 2.03
05:01 745.49 2.17 91 1.79 2.03
05:02 745.49 2.17 91 2.68 2.03
05:03 745.49 2.17 91 3.58 2.03
05:04 745.24 2.17 91 2.68 2.03
05:05 745.49 2.17 91 2.24 2.03
05:06 745.49 2.17 91 1.79 2.03
05:07 745.49 2.11 91 4.02 2.29
05:08 745.49 2.17 91 4.02 2.29
05:09 745.24 2.11 91 4.47 2.29
05:10 745.49 2.11 91 2.24 2.29
05:11 745.49 2.11 91 2.68 2.29
05:12 745.49 2.11 91 2.68 2.29
05:13 745.49 2.11 91 3.58 2.29
05:14 745.49 2.11 91 2.24 1.78
05:15 745.49 2.06 91 2.24 1.78
05:16 745.49 2.06 91 4.02 1.52
05:17 745.49 2.06 91 0 1.52
05:18 745.49 2.06 91 2.68 1.52
05:19 745.49 2.06 91 4.02 1.52
05:20 745.49 2.06 91 2.24 1.52
05:21 745.49 2.06 91 2.68 1.52
05:22 745.49 2.06 91 4.47 1.52
05:23 745.49 2.06 91 2.68 2.54
05:24 745.49 2 91 2.24 2.54
05:25 745.49 2.06 91 2.68 2.54
05:26 745.49 2.06 91 3.58 2.54
05:27 745.49 2.06 91 2.68 2.54
05:28 745.49 2.06 91 2.24 2.54
05:29 745.24 2.06 91 1.79 2.54
05:30 745.24 2.06 91 3.13 2.54
05:31 745.49 2.06 91 1.34 2.54
05:32 745.49 2 91 2.68 2.54
05:33 745.49 2 91 2.24 3.3
05:34 745.49 2 91 3.58 3.3
05:35 745.49 1.94 91 3.58 3.3
05:36 745.24 2 91 3.58 3.3
05:37 745.24 2 91 3.58 3.3
05:38 745.24 2 91 4.47 2.79
05:39 745.24 1.94 91 4.02 2.54
05:40 745.24 1.94 91 2.68 2.29
05:41 745.24 1.94 91 2.68 2.29
05:42 745.24 1.94 91 4.92 2.29
05:43 745.24 1.94 91 2.68 2.29
05:44 745.24 1.94 91 2.68 2.29
05:45 745.24 1.94 91 1.79 2.29
05:46 745.49 1.94 91 2.24 2.79
05:47 745.49 1.94 91 1.79 2.79
05:48 745.49 1.94 91 2.68 2.79
05:49 745.49 1.94 91 4.02 2.79
05:50 745.49 1.94 91 2.24 2.79
05:51 745.49 1.94 91 2.68 2.54
05:52 745.49 1.94 91 1.34 2.29
05:53 745.49 1.89 91 1.34 2.29
05:54 745.74 1.89 91 2.24 2.29
05:55 745.74 1.89 91 2.24 2.29
05:56 745.74 1.89 91 2.68 4.06
05:57 745.74 1.89 91 1.34 4.06
05:58 745.74 1.89 91 2.24 4.06
05:59 745.74 1.83 91 2.24 4.06
06:00 745.74 1.83 91 1.79 3.56
06:01 745.74 1.83 91 3.58 3.56
06:02 745.74 1.78 91 4.02 3.56
06:03 745.74 1.78 91 4.02 5.08
06:04 745.74 1.72 91 2.68 5.08
06:05 745.74 1.72 91 3.58 5.08
06:06 745.74 1.67 91 2.24 4.57
06:07 745.74 1.67 91 1.34 3.56
06:08 745.74 1.67 91 .89 3.05
06:09 745.74 1.67 91 1.34 3.05
06:10 745.74 1.67 91 .89 3.05
06:11 745.74 1.61 91 .89 3.05
06:12 745.74 1.61 91 1.34 4.32
06:13 745.74 1.56 91 1.34 4.32
06:14 746 1.56 91 1.79 4.32
06:15 746 1.56 91 .89 4.06
06:16 746 1.56 91 1.79 3.05
06:17 746 1.5 91 .89 3.05
06:18 746 1.5 91 1.34 3.05
06:19 746 1.5 91 .89 3.05
06:20 746 1.5 91 2.24 4.06
06:21 746 1.44 91 2.24 4.06
06:22 746 1.44 91 1.34 4.06
06:23 746 1.39 91 1.34 4.06
06:24 746 1.39 91 1.34 3.81
06:25 746.25 1.39 91 1.34 3.05
06:26 746 1.33 91 1.79 2.54
06:27 746 1.33 91 1.79 2.54
06:28 746.25 1.28 91 2.24 2.54
06:29 746 1.28 91 1.34 2.54
06:30 746.25 1.22 91 .89 2.54
06:31 746.25 1.22 91 .45 2.54
06:32 746.25 1.22 91 1.79 3.05
06:33 746.25 1.17 91 1.79 3.05
06:34 746.25 1.17 91 1.79 3.05
06:35 746.25 1.11 91 1.34 3.05
06:36 746.25 1.06 91 1.79 3.05
06:37 746 1.06 91 1.34 2.54
06:38 746.25 1 91 1.34 2.29
06:39 746.25 1 91 1.79 2.03
06:40 746.25 .94 91 1.34 2.03
06:41 746.25 .89 91 1.34 2.03
06:42 746.25 .83 91 .89 2.03
06:43 746.25 .83 91 .89 2.03
06:44 746.25 .78 91 1.34 2.03
06:45 746 .78 91 .89 2.03
06:46 746.25 .72 91 1.34 2.03
06:47 746.25 .72 91 1.34 2.03
06:48 746.25 .67 91 .89 1.78
06:49 746.25 .67 91 .89 1.52
06:50 746.25 .61 91 .89 1.27
06:51 746.25 .56 91 .89 1.27
06:52 746.25 .56 91 1.34 1.27
06:53 746.25 .56 91 .45 1.02
06:54 746.25 .56 91 .89 1.02
06:55 746.25 .5 91 1.79 1.02
06:56 746.25 .44 91 .89 1.02
06:57 746.25 .5 91 1.34 0
06:58 746.25 .44 91 1.79 0
06:59 746.25 .44 91 1.34 0
07:00 746.25 .44 91 1.34 0
07:01 746.25 .39 91 1.34 0
07:02 746.25 .39 91 1.34 0
07:03 746.25 .39 91 .89 0
07:04 746.25 .39 91 .89 0
07:05 746.25 .39 91 1.34 0
07:06 746.25 .39 91 2.24 0
07:07 746.25 .39 91 1.34 0
07:08 746.25 .33 91 .89 0
07:09 746.25 .39 91 1.79 0
07:10 746.25 .33 91 1.34 0
07:11 746.25 .33 91 1.34 0
07:12 746.25 .33 91 1.34 0
07:13 746.25 .33 91 1.79 0
07:14 746.25 .33 91 1.34 0
07:15 746.25 .33 91 1.34 0
07:16 746.25 .33 91 1.79 0
07:17 746.25 .33 91 2.24 0
07:18 746.25 .33 91 1.79 0
07:19 746.25 .33 91 2.24 0
07:20 746.25 .33 91 .89 0
07:21 746.25 .28 91 1.79 0
07:22 746.25 .33 91 1.79 0
07:23 746.25 .33 91 1.34 0
07:24 746.25 .33 91 1.34 0
07:25 746.25 .33 91 2.24 0
07:26 746.25 .33 91 1.79 0
07:27 746.25 .33 91 1.34 0
07:28 746.25 .33 91 3.58 0
07:29 746.25 .33 91 .89 0
07:30 746.25 .33 91 2.24 0
07:31 746.25 .33 91 2.68 0
07:32 746.25 .33 91 2.68 0
07:33 746.25 .33 91 2.68 0
07:34 746.25 .33 91 2.68 0
07:35 746.25 .33 91 1.79 0
07:36 746.25 .39 91 1.79 0
07:37 746.25 .39 91 2.68 0
07:38 746.25 .39 91 2.24 0
07:39 746.25 .39 91 1.79 0
07:40 746.25 .39 91 1.34 2.29
07:41 746.25 .39 91 2.24 2.29
07:42 746.25 .39 92 1.34 2.29
07:43 746.25 .39 92 1.34 2.29
07:44 746.25 .39 92 1.79 2.29
07:45 746.25 .39 92 1.34 2.29
07:46 746.25 .39 91 .45 2.29
07:47 746.25 .39 91 1.79 2.03
07:48 746.25 .39 91 1.34 1.78
07:49 746.25 .39 91 1.34 1.78
07:50 746.25 .39 91 1.79 1.78
07:51 746.25 .39 92 1.79 1.78
07:52 746.25 .39 91 .89 1.78
07:53 746.25 .39 92 2.68 3.3
07:54 746.25 .44 92 1.34 3.3
07:55 746.25 .44 92 1.79 3.3
07:56 746.25 .44 92 1.34 3.3
07:57 746.25 .44 92 1.34 3.3
07:58 746.25 .5 92 1.79 2.54
07:59 746.25 .5 92 2.24 2.29
08:00 746.25 .5 92 2.24 2.03
08:01 746.25 .5 92 1.79 2.03
08:02 746.25 .56 92 1.34 2.03
08:03 746.25 .56 92 1.79 2.03
08:04 746.25 .61 92 1.79 2.03
08:05 746.25 .61 92 2.24 2.03
08:06 746.25 .61 92 .89 2.79
08:07 746.25 .67 92 2.68 2.79
08:08 746.25 .67 92 1.79 2.79
08:09 746.25 .72 92 2.24 2.79
08:10 746.25 .72 92 1.34 2.79
08:11 746.25 .78 92 2.24 2.79
08:12 746.25 .78 92 1.79 2.79
08:13 746.25 .83 92 2.24 2.79
08:14 746.25 .89 92 4.02 2.79
08:15 746.25 .94 92 2.68 2.79
08:16 746.25 .94 92 3.58 3.3
08:17 746.25 1.06 92 3.58 3.3
08:18 746.25 1.06 92 2.24 3.3
08:19 746.25 1.11 92 2.68 3.3
08:20 746.25 1.11 92 4.02 3.3
08:21 746.25 1.11 92 4.47 2.79
08:22 746.25 1.22 92 3.58 2.79
08:23 746.25 1.28 92 5.36 2.79
08:24 746.25 1.28 92 5.36 2.79
08:25 746.25 1.33 92 4.47 4.06
08:26 746.25 1.33 92 3.58 4.06
08:27 746.25 1.39 92 3.58 4.06
08:28 746.25 1.39 92 4.92 4.06
08:29 746.25 1.44 92 5.81 3.3
08:30 746.25 1.5 92 2.68 2.79
08:31 746.25 1.5 92 1.79 2.79
08:32 746.25 1.5 92 2.68 2.79
08:33 746.25 1.56 92 2.24 2.79
08:34 746.25 1.61 92 4.92 2.79
08:35 746.25 1.67 92 3.58 3.81
08:36 746.25 1.67 92 5.36 3.81
08:37 746.25 1.72 92 4.47 3.81
08:38 746.25 1.72 92 4.47 3.81
08:39 746.25 1.78 92 5.36 3.05
08:40 746.25 1.83 92 5.36 2.54
08:41 746.25 1.83 92 5.36 2.54
08:42 746.25 1.83 92 5.36 2.54
08:43 746.25 1.89 92 4.47 2.54
08:44 746.25 1.89 92 2.24 2.54
08:45 746.25 1.94 92 3.58 3.3
08:46 746.25 2 92 2.68 3.3
08:47 746.25 2 92 4.92 3.3
08:48 746.25 2.06 92 4.02 3.3
08:49 746.25 2.11 92 3.58 3.3
08:50 746.51 2.11 92 4.02 2.79
08:51 746.51 2.11 92 5.81 2.29
08:52 746.51 2.11 92 4.02 2.03
08:53 746.51 2.11 92 4.47 2.03
08:54 746.51 2.11 92 1.79 2.03
08:55 746.51 2.17 92 3.58 2.03
08:56 746.51 2.17 92 3.58 2.03
08:57 746.51 2.17 91 2.24 2.03
08:58 746.51 2.22 91 2.68 2.29
08:59 746.51 2.22 91 2.24 2.29
09:00 746.51 2.22 92 2.24 2.29
09:01 746.51 2.28 92 4.92 2.29
09:02 746.51 2.28 91 2.24 2.29
09:03 746.51 2.28 91 2.68 2.29
09:04 746.51 2.33 91 4.02 2.29
09:05 746.51 2.33 91 2.68 2.03
09:06 746.51 2.33 91 4.47 1.78
09:07 746.51 2.33 91 4.47 1.78
09:08 746.51 2.33 91 4.47 1.52
09:09 746.51 2.39 91 3.58 1.27
09:10 746.51 2.44 91 3.58 1.27
09:11 746.51 2.39 91 2.68 1.27
09:12 746.51 2.39 91 4.47 1.02
09:13 746.76 2.44 91 1.79 1.02
09:14 746.76 2.44 91 4.02 1.02
09:15 746.51 2.5 91 2.24 0
09:16 746.51 2.5 91 2.24 0
09:17 746.51 2.5 91 3.58 0
09:18 746.51 2.5 91 3.58 0
09:19 746.51 2.5 91 1.79 0
09:20 746.51 2.56 91 4.02 0
09:21 746.76 2.56 91 2.68 0
09:22 746.76 2.56 91 2.24 0
09:23 746.76 2.61 91 .89 0
09:24 746.76 2.61 91 1.79 0
09:25 746.76 2.61 91 2.68 0
09:26 746.76 2.61 91 5.36 0
09:27 746.76 2.61 91 2.68 0
09:28 746.76 2.61 91 3.58 0
09:29 746.76 2.61 91 5.81 0
09:30 746.76 2.61 91 2.68 0
09:31 746.76 2.67 91 5.81 0
09:32 746.76 2.67 91 3.58 0
09:33 746.76 2.67 91 3.58 0
09:34 746.76 2.67 91 2.68 0
09:35 746.76 2.67 91 4.02 0
09:36 746.76 2.72 91 1.79 0
09:37 746.76 2.72 91 2.68 0
09:38 746.76 2.78 91 3.58 0
09:39 746.76 2.78 91 2.68 0
09:40 746.76 2.78 91 4.02 0
09:41 746.76 2.78 91 3.58 0
09:42 746.76 2.78 91 4.47 0
09:43 747.01 2.78 91 0 0
09:44 746.76 2.78 91 2.24 0
09:45 747.01 2.78 91 2.68 0
09:46 747.01 2.83 91 2.68 0
09:47 747.01 2.83 91 1.34 0
09:48 747.01 2.83 91 1.79 0
09:49 747.01 2.83 91 2.24 0
09:50 747.01 2.83 91 3.58 0
09:51 747.01 2.83 91 4.02 0
09:52 747.01 2.78 91 5.81 0
09:53 747.01 2.78 91 5.36 0
09:54 747.01 2.83 90 2.68 0
09:55 747.01 2.83 90 2.68 0
09:56 747.01 2.83 90 2.68 0
09:57 747.01 2.83 90 1.79 0
09:58 747.01 2.89 90 2.68 0
09:59 747.01 2.83 90 3.58 0
10:00 747.01 2.83 90 1.79 0
10:01 747.01 2.94 90 4.02 0
10:02 747.01 2.94 90 .89 0
10:03 747.01 3 90 2.68 0
10:04 747.01 3 91 4.02 0
10:05 747.01 3 91 2.68 0
10:06 747.01 3.06 90 2.68 0
10:07 747.01 3.06 91 2.68 0
10:08 747.01 3.06 90 2.68 0
10:09 747.01 3.11 90 1.34 0
10:10 747.01 3.17 91 2.68 0
10:11 747.01 3.17 91 4.47 0
10:12 747.01 3.17 91 2.24 0
10:13 747.27 3.17 90 3.58 0
10:14 747.27 3.17 90 2.24 0
10:15 747.27 3.17 90 2.68 0
10:16 747.01 3.22 90 4.47 0
10:17 747.27 3.22 90 4.02 0
10:18 747.27 3.22 90 4.92 0
10:19 747.27 3.22 90 4.92 0
10:20 747.27 3.28 90 3.58 0
10:21 747.27 3.28 90 4.02 0
10:22 747.27 3.28 90 3.13 0
10:23 747.27 3.33 90 1.79 0
10:24 747.27 3.44 90 4.47 0
10:25 747.27 3.44 90 4.02 0
10:26 747.27 3.5 90 2.24 0
10:27 747.27 3.5 90 3.58 0
10:28 747.27 3.56 90 2.68 0
10:29 747.27 3.56 90 2.24 0
10:30 747.27 3.67 90 2.24 0
10:31 747.27 3.72 90 .89 0
10:32 747.27 3.78 90 3.58 0
10:33 747.27 3.83 90 4.02 0
10:34 747.27 3.78 90 2.24 0
10:35 747.27 3.83 90 4.02 0
10:36 747.27 3.83 89 2.68 0
10:37 747.27 3.89 89 .89 0
10:38 747.27 3.94 89 3.13 0
10:39 747.27 3.94 89 1.34 0
10:40 747.52 4 89 2.24 0
10:41 747.52 4.06 89 1.79 0
10:42 747.52 4.17 89 3.58 0
10:43 747.52 4.06 89 1.79 0
10:44 747.52 4.06 89 4.47 0
10:45 747.52 4.06 89 4.92 0
10:46 747.52 4.11 88 4.47 0
10:47 747.52 4.17 88 5.81 0
10:48 747.52 4.11 88 5.36 0
10:49 747.52 4.11 88 4.02 0
10:50 747.52 4.11 87 2.24 0
10:51 747.52 4.17 87 2.24 0
10:52 747.52 4.17 87 3.58 0
10:53 747.52 4.28 87 2.24 0
10:54 747.52 4.28 87 4.92 0
10:55 747.52 4.28 87 5.36 0
10:56 747.52 4.28 87 4.47 0
10:57 747.52 4.33 87 4.47 0
10:58 747.52 4.33 86 4.02 0
10:59 747.52 4.39 86 4.47 0
11:00 747.52 4.44 86 3.58 0
11:01 747.52 4.56 86 4.02 0
11:02 747.52 4.61 86 3.58 0
11:03 747.52 4.67 86 4.47 0
11:04 747.52 4.67 85 4.47 0
11:05 747.52 4.61 84 4.47 0
11:06 747.52 4.61 83 3.58 0
11:07 747.52 4.61 84 4.02 0
11:08 747.52 4.67 84 .89 0
11:09 747.52 4.72 85 2.68 0
11:10 747.52 4.72 85 3.58 0
11:11 747.52 4.72 85 3.13 0
11:12 747.52 4.78 85 3.58 0
11:13 747.52 4.78 85 4.92 0
11:14 747.78 4.72 84 4.47 0
11:15 747.52 4.78 84 4.02 0
11:16 747.78 4.78 84 2.68 0
11:17 747.78 4.78 84 2.68 0
11:18 747.78 4.83 84 3.58 0
11:19 747.52 4.83 84 2.68 0
11:20 747.78 4.83 83 4.47 0
11:21 747.78 4.89 83 3.58 0
11:22 747.78 4.89 83 3.58 0
11:23 747.78 4.89 83 3.58 0
11:24 747.78 4.89 83 2.24 0
11:25 747.78 4.94 83 3.58 0
11:26 747.78 4.94 84 1.79 0
11:27 747.78 4.94 84 2.24 0
11:28 747.78 5 84 1.79 0
11:29 747.78 5 84 2.68 0
11:30 747.78 5.06 84 2.68 0
11:31 747.78 5.06 83 2.24 0
11:32 747.78 5.11 84 1.34 0
11:33 747.78 5.22 84 2.24 0
11:34 747.78 5.28 84 4.02 0
11:35 747.52 5.33 84 2.24 0
11:36 747.78 5.39 84 3.58 0
11:37 747.78 5.44 84 1.34 0
11:38 747.78 5.56 84 .89 0
11:39 747.78 5.67 84 3.58 0
11:40 747.78 5.67 84 1.79 0
11:41 747.78 5.72 83 1.34 0
11:42 747.78 5.72 83 2.24 0
11:43 747.78 5.78 83 1.79 0
11:44 747.78 5.78 83 2.24 0
11:45 747.78 5.72 82 4.02 0
11:46 747.78 5.67 81 4.02 0
11:47 747.78 5.72 82 4.92 0
11:48 747.78 5.67 82 3.58 0
11:49 747.78 5.72 82 2.24 0
11:50 747.78 5.72 82 3.58 0
11:51 747.78 5.78 83 2.68 0
11:52 747.78 5.83 83 2.24 0
11:53 747.78 5.94 83 4.47 0
11:54 747.78 5.94 83 4.47 0
11:55 747.78 5.94 82 1.34 0
11:56 747.78 6.06 82 2.24 0
11:57 747.78 6.06 81 4.02 0
11:58 747.78 6.11 81 1.79 0
11:59 747.78 6.11 80 4.02 0
12:00 747.78 6.17 80 3.58 0
12:01 747.78 6.22 80 2.24 0
12:02 747.78 6.22 81 4.47 0
12:03 747.78 6.28 81 3.58 0
12:04 747.78 6.39 81 2.24 0
12:05 747.78 6.39 80 2.24 0
12:06 747.78 6.39 80 2.68 0
12:07 748.03 6.44 80 2.68 0
12:08 748.03 6.5 81 1.34 0
12:09 748.03 6.5 81 1.79 0
12:10 748.03 6.5 81 1.34 0
12:11 748.03 6.5 81 1.79 0
12:12 748.03 6.5 81 3.58 0
12:13 748.03 6.44 81 2.68 0
12:14 748.03 6.44 80 1.79 0
12:15 748.03 6.44 80 4.47 0
12:16 748.03 6.39 80 1.79 0
12:17 748.03 6.39 79 .45 0
12:18 748.03 6.39 79 2.24 0
12:19 748.03 6.44 80 3.58 0
12:20 748.03 6.44 80 2.24 0
12:21 748.03 6.56 80 4.02 0
12:22 748.03 6.56 80 3.58 0
12:23 748.03 6.56 79 2.24 0
12:24 748.03 6.61 79 2.24 0
12:25 748.03 6.61 78 4.47 0
12:26 748.03 6.67 78 2.68 0
12:27 748.03 6.72 78 1.34 0
12:28 748.03 6.83 78 .89 0
12:29 748.03 6.94 78 5.36 0
12:30 748.03 7.06 78 4.92 0
12:31 748.03 7.11 78 2.24 0
12:32 748.03 7.22 77 2.24 0
12:33 748.03 7.22 77 .89 0
12:34 748.03 7.22 77 4.92 0
12:35 748.03 7.17 76 5.36 0
12:36 748.03 7.17 76 3.58 0
12:37 748.03 7.17 76 2.68 0
12:38 748.03 7.17 76 2.68 0
12:39 748.03 7.11 76 3.58 0
12:40 748.03 7.11 75 3.58 0
12:41 748.03 7.17 76 1.34 0
12:42 748.03 7.22 76 2.24 0
12:43 748.03 7.28 77 3.58 0
12:44 748.03 7.39 76 1.79 0
12:45 748.03 7.56 76 1.79 0
12:46 748.03 7.67 75 3.58 0
12:47 748.03 7.78 75 3.58 0
12:48 748.03 7.89 74 4.02 0
12:49 748.03 7.89 72 1.34 0
12:50 748.03 7.94 73 1.79 0
12:51 748.03 8 73 .89 0
12:52 748.03 8.11 73 1.79 0
12:53 748.03 8.22 73 3.58 0
12:54 748.03 8.22 73 2.68 0
12:55 748.03 8.22 73 2.24 0
12:56 748.03 8.22 72 4.02 0
12:57 748.03 8.17 71 4.92 0
12:58 748.03 8.06 71 3.58 0
12:59 748.03 8 71 3.58 0
13:00 748.28 8 71 3.58 0
13:01 748.03 7.94 72 3.58 0
13:02 748.28 8.06 73 4.47 0
13:03 748.28 8.06 72 4.02 0
13:04 748.28 8.06 72 2.24 0
13:05 748.28 8.11 72 1.79 0
13:06 748.28 8.11 72 3.58 0
13:07 748.28 8.11 71 4.02 0
13:08 748.28 8.17 71 2.24 0
13:09 748.28 8.17 71 3.58 0
13:10 748.28 8.17 70 4.02 0
13:11 748.28 8.17 70 2.24 0
13:12 748.28 8.11 69 4.02 0
13:13 748.28 8.06 70 4.02 0
13:14 748.28 8 69 4.02 0
13:15 748.28 7.94 69 4.47 0
13:16 748.28 7.89 69 2.68 0
13:17 748.28 7.89 69 4.47 0
13:18 748.28 7.83 69 2.68 0
13:19 748.28 7.83 70 3.58 0
13:20 748.28 7.78 70 2.24 0
13:21 748.28 7.83 70 3.58 0
13:22 748.28 7.83 70 2.24 0
13:23 748.28 7.83 71 2.24 0
13:24 748.28 7.83 71 1.79 0
13:25 748.28 7.83 71 2.68 0
13:26 748.28 7.89 70 1.79 0
13:27 748.28 7.89 70 3.58 0
13:28 748.28 7.94 71 2.24 0
13:29 748.28 7.94 71 2.24 0
13:30 748.28 7.94 69 2.24 0
13:31 748.28 8 69 3.13 0
13:32 748.28 8 69 2.68 0
13:33 748.54 8 69 2.24 0
13:34 748.28 8.06 69 3.13 0
13:35 748.54 8.06 70 1.34 0
13:36 748.54 8.06 69 4.02 0
13:37 748.54 8.06 68 2.24 0
13:38 748.28 8.06 68 1.79 0
13:39 748.54 8.06 67 2.24 0
13:40 748.54 8.06 68 1.79 0
13:41 748.54 8.06 67 .45 0
13:42 748.54 8.17 67 1.34 0
13:43 748.54 8.17 67 1.34 0
13:44 748.54 8.17 67 1.34 0
13:45 748.54 8.22 68 1.79 0
13:46 748.54 8.28 68 .89 0
13:47 748.54 8.28 68 2.24 0
13:48 748.54 8.33 68 1.79 0
13:49 748.54 8.33 68 3.58 0
13:50 748.54 8.33 67 2.68 0
13:51 748.54 8.33 66 2.68 0
13:52 748.54 8.39 66 1.34 0
13:53 748.54 8.39 67 3.58 0
13:54 748.54 8.44 65 1.34 0
13:55 748.54 8.56 66 4.92 0
13:56 748.54 8.67 65 2.24 0
13:57 748.54 8.78 65 1.34 0
13:58 748.54 8.89 66 4.47 0
13:59 748.54 8.94 66 2.68 0
14:00 748.54 9 66 2.68 0
14:01 748.54 9 67 1.34 0
14:02 748.54 9.06 67 3.13 0
14:03 748.54 9.11 68 5.36 0
14:04 748.54 9.17 66 2.68 0
14:05 748.54 9.17 67 2.24 0
14:06 748.54 9.28 68 4.02 0
14:07 748.54 9.33 68 3.58 0
14:08 748.54 9.39 67 3.58 0
14:09 748.54 9.44 65 4.92 0
14:10 748.54 9.5 66 4.47 0
14:11 748.54 9.5 65 1.79 0
14:12 748.54 9.44 64 2.24 0
14:13 748.54 9.44 64 4.92 0
14:14 748.54 9.33 64 4.92 0
14:15 748.54 9.33 65 5.36 0
14:16 748.54 9.28 65 1.34 0
14:17 748.54 9.28 66 3.58 0
14:18 748.54 9.28 65 3.58 0
14:19 748.54 9.28 65 6.26 0
14:20 748.54 9.28 64 4.92 0
14:21 748.54 9.22 64 4.02 0
14:22 748.54 9.17 65 2.24 0
14:23 748.54 9.17 65 4.02 0
14:24 748.54 9.22 65 4.92 0
14:25 748.79 9.22 66 3.58 0
14:26 748.79 9.33 67 1.79 0
14:27 748.54 9.39 68 4.92 0
14:28 748.54 9.39 67 4.92 0
14:29 748.54 9.44 66 4.02 0
14:30 748.54 9.44 67 2.24 0
14:31 748.79 9.5 68 .89 0
14:32 748.54 9.67 68 1.34 0
14:33 748.79 9.72 68 1.34 0
14:34 748.54 9.78 67 1.79 0
14:35 748.54 9.83 67 2.24 0
14:36 748.54 9.89 67 1.34 0
14:37 748.54 9.89 66 2.68 0
14:38 748.54 9.94 66 2.68 0
14:39 748.79 9.94 66 2.68 0
14:40 748.54 9.89 64 3.58 0
14:41 748.54 9.83 64 1.79 0
14:42 748.54 9.83 64 2.68 0
14:43 748.54 9.78 64 4.02 0
14:44 748.54 9.67 65 2.24 0
14:45 748.54 9.67 65 .89 0
14:46 748.54 9.67 66 1.79 0
14:47 748.54 9.72 67 4.47 0
14:48 748.54 9.72 66 4.47 0
14:49 748.54 9.78 64 2.68 0
14:50 748.54 9.72 61 2.24 0
14:51 748.54 9.72 61 2.24 0
14:52 748.54 9.67 61 1.79 0
14:53 748.79 9.67 62 2.68 0
14:54 748.54 9.67 63 3.58 0
14:55 748.54 9.72 63 2.24 0
14:56 748.79 9.72 63 2.24 0
14:57 748.79 9.78 63 2.68 0
14:58 748.79 9.78 64 1.79 0
14:59 748.79 9.89 64 2.68 0
15:00 748.79 10 64 4.02 0
15:01 748.79 10.06 62 2.68 0
15:02 748.79 10 61 4.02 0
15:03 748.54 10 62 1.79 0
15:04 748.54 10 62 4.02 0
15:05 748.79 10.06 61 2.24 0
15:06 748.54 10.11 62 5.36 0
15:07 748.54 10.11 62 3.58 0
15:08 748.79 10.11 63 2.68 0
15:09 748.54 10.06 61 1.79 0
15:10 748.54 10.06 61 4.47 0
15:11 748.54 10 60 1.79 0
15:12 748.54 9.94 60 2.24 0
15:13 748.54 9.94 61 2.68 0
15:14 748.54 9.94 61 1.79 0
15:15 748.54 10 62 3.58 0
15:16 748.54 10.06 61 4.47 0
15:17 748.54 10.11 62 2.68 0
15:18 748.54 10.22 62 1.34 0
15:19 748.54 10.28 63 1.34 0
15:20 748.54 10.33 61 4.02 0
15:21 748.54 10.33 60 3.13 0
15:22 748.54 10.44 61 1.34 0
15:23 748.54 10.44 60 1.34 0
15:24 748.54 10.56 61 2.68 0
15:25 748.54 10.56 59 2.24 0
15:26 748.54 10.56 59 1.79 0
15:27 748.54 10.56 60 2.24 0
15:28 748.54 10.61 61 1.79 0
15:29 748.54 10.67 61 1.34 0
15:30 748.54 10.78 61 2.68 0
15:31 748.54 10.89 59 4.02 0
15:32 748.54 10.83 58 2.68 0
15:33 748.54 10.83 56 1.34 0
15:34 748.54 10.83 56 1.79 0
15:35 748.54 10.83 57 2.24 0
15:36 748.54 10.94 57 2.68 0
15:37 748.54 11 58 1.79 0
15:38 748.54 11 58 4.47 0
15:39 748.54 11 55 3.13 0
15:40 748.54 10.89 55 2.24 0
15:41 748.54 10.78 55 2.68 0
15:42 748.54 10.78 56 2.68 0
15:43 748.54 10.78 57 4.92 0
15:44 748.54 10.78 57 4.02 0
15:45 748.54 10.78 57 3.13 0
15:46 748.54 10.83 57 .45 0
15:47 748.54 10.83 57 1.34 0
15:48 748.79 10.94 58 2.68 0
15:49 748.79 11 58 .45 0
15:50 748.79 11.11 57 1.34 0
15:51 748.79 11.11 57 .89 0
15:52 748.54 11.11 57 2.24 0
15:53 748.79 11.11 57 3.58 0
15:54 748.79 11 57 2.68 0
15:55 748.79 10.89 58 1.79 0
15:56 748.79 10.83 59 1.34 0
15:57 748.79 10.78 58 1.79 0
15:58 748.79 10.78 59 3.58 0
15:59 748.79 10.72 58 3.58 0
16:00 748.79 10.67 58 .45 0
16:01 748.54 10.67 59 2.24 0
16:02 748.54 10.78 60 3.58 0
16:03 748.79 10.78 59 4.02 0
16:04 748.79 10.83 59 2.24 0
16:05 748.54 10.78 59 .89 0
16:06 748.54 10.83 59 .45 0
16:07 748.54 10.83 60 1.79 0
16:08 748.54 10.89 58 2.24 0
16:09 748.54 10.89 58 1.34 0
16:10 748.54 10.94 58 1.34 0
16:11 748.54 10.94 58 1.34 0
16:12 748.54 10.94 58 0 0
16:13 748.54 11 58 1.34 0
16:14 748.54 11 58 .45 0
16:15 748.54 11.06 58 .45 0
16:16 748.54 11.17 59 .89 0
16:17 748.54 11.22 59 1.79 0
16:18 748.54 11.22 57 1.34 0
16:19 748.54 11.28 55 2.24 0
16:20 748.54 11.28 53 4.02 0
16:21 748.54 11.28 53 4.02 0
16:22 748.54 11.39 54 3.13 0
16:23 748.54 11.5 54 1.79 0
16:24 748.54 11.56 55 3.58 0
16:25 748.54 11.61 56 2.68 0
16:26 748.54 11.56 55 2.24 0
16:27 748.54 11.61 54 4.02 0
16:28 748.54 11.56 54 4.47 0
16:29 748.54 11.44 53 2.68 0
16:30 748.54 11.44 51 .89 0
16:31 748.54 11.44 53 .45 0
16:32 748.54 11.5 53 3.13 0
16:33 748.54 11.61 53 4.92 0
16:34 748.54 11.72 54 4.92 0
16:35 748.54 11.72 54 4.47 0
16:36 748.54 11.72 54 4.02 0
16:37 748.54 11.67 53 4.47 0
16:38 748.54 11.56 53 4.02 0
16:39 748.54 11.33 54 4.92 0
16:40 748.54 11.28 55 5.81 0
16:41 748.54 11.22 56 4.92 0
16:42 748.54 11.22 57 4.02 0
16:43 748.79 11.22 57 2.24 0
16:44 748.79 11.22 58 4.92 0
16:45 748.54 11.22 57 3.13 0
16:46 748.54 11.22 58 4.02 0
16:47 748.54 11.22 57 3.13 0
16:48 748.79 11.22 57 3.13 0
16:49 748.54 11.22 57 4.02 0
16:50 748.54 11.22 56 1.79 0
16:51 748.54 11.22 57 1.79 0
16:52 748.54 11.22 57 2.68 0
16:53 748.54 11.28 57 1.79 0
16:54 748.54 11.28 57 4.02 0
16:55 748.54 11.28 57 .89 0
16:56 748.54 11.22 57 1.34 0
16:57 748.54 11.22 57 1.34 0
16:58 748.54 11.22 57 2.68 0
16:59 748.54 11.22 57 1.79 0
17:00 748.54 11.22 57 1.79 0
17:01 748.79 11.28 58 1.34 0
17:02 748.54 11.28 57 3.58 0
17:03 748.79 11.28 56 3.58 0
17:04 748.54 11.33 55 4.02 0
17:05 748.54 11.28 54 4.02 0
17:06 748.54 11.22 53 4.47 0
17:07 748.54 11.11 53 4.02 0
17:08 748.79 11 53 2.24 0
17:09 748.54 11 54 3.58 0
17:10 748.54 11 55 3.58 0
17:11 748.79 11 56 3.58 0
17:12 748.54 11 55 2.68 0
17:13 748.54 10.94 56 3.58 0
17:14 748.54 10.94 55 2.68 0
17:15 748.54 10.89 54 2.68 0
17:16 748.54 10.83 55 1.79 0
17:17 748.79 10.78 55 1.79 0
17:18 748.54 10.78 56 1.79 0
17:19 748.54 10.72 56 1.79 0
17:20 748.54 10.72 56 1.79 0
17:21 748.54 10.67 56 .89 0
17:22 748.54 10.67 57 2.24 0
17:23 748.79 10.61 57 2.68 0
17:24 748.79 10.61 56 1.79 0
17:25 748.79 10.56 56 1.79 0
17:26 748.79 10.56 57 2.24 0
17:27 748.79 10.5 57 1.34 0
17:28 748.54 10.5 57 2.24 0
17:29 748.79 10.5 57 1.79 0
17:30 748.79 10.5 58 .89 0
17:31 748.79 10.5 57 .89 0
17:32 748.54 10.44 57 1.79 0
17:33 748.79 10.44 57 1.34 0
17:34 748.79 10.5 57 .89 0
17:35 748.79 10.44 57 .89 0
17:36 748.79 10.44 57 0 0
17:37 748.54 10.5 57 1.34 0
17:38 748.79 10.56 57 .89 0
17:39 748.54 10.56 56 .89 0
17:40 748.54 10.61 57 2.24 0
17:41 748.79 10.61 55 1.79 0
17:42 748.79 10.67 55 1.79 0
17:43 748.54 10.67 55 1.34 0
17:44 748.79 10.67 55 1.79 0
17:45 748.54 10.72 55 1.34 0
17:46 748.79 10.78 55 .89 0
17:47 748.79 10.78 55 .89 0
17:48 748.79 10.83 55 1.34 0
17:49 748.79 10.89 55 .89 0
17:50 748.79 10.94 55 .89 0
17:51 748.79 11 55 .89 0
17:52 748.79 11.11 55 1.79 0
17:53 748.79 11.11 54 1.34 0
17:54 748.79 11.17 54 .45 0
17:55 748.79 11.17 54 1.34 0
17:56 748.79 11.22 54 1.34 0
17:57 748.79 11.22 54 1.34 0
17:58 748.79 11.28 53 1.34 0
17:59 748.79 11.33 54 .89 0
18:00 748.54 11.33 54 1.79 0
18:01 748.54 11.44 53 1.34 0
18:02 748.54 11.44 53 .45 0
18:03 748.54 11.5 52 .89 0
18:04 748.54 11.56 53 .89 0
18:05 748.54 11.61 53 .45 0
18:06 748.54 11.67 53 1.34 0
18:07 748.54 11.67 53 .45 0
18:08 748.54 11.72 53 1.34 0
18:09 748.54 11.78 53 .89 0
18:10 748.54 11.83 52 1.34 0
18:11 748.54 11.89 51 .89 0
18:12 748.54 11.89 51 .89 0
18:13 748.54 11.89 52 2.68 0
18:14 748.54 11.94 50 1.34 0
18:15 748.54 11.94 50 1.34 0
18:16 748.79 11.89 51 2.24 0
18:17 748.79 11.89 50 2.24 0
18:18 748.54 11.89 51 2.68 0
18:19 748.79 11.83 50 1.79 0
18:20 748.79 11.83 51 2.68 0
18:21 748.79 11.83 50 1.79 0
18:22 748.79 11.78 50 4.02 0
18:23 748.79 11.78 49 3.58 0
18:24 748.79 11.78 48 2.24 0
18:25 748.79 11.72 47 3.58 0
18:26 748.79 11.72 47 2.68 0
18:27 748.79 11.72 47 2.68 0
18:28 748.79 11.67 48 2.24 0
18:29 748.79 11.67 48 4.47 0
18:30 748.79 11.61 47 4.47 0
18:31 748.79 11.61 47 2.24 0
18:32 748.79 11.61 47 3.58 0
18:33 748.79 11.61 47 2.24 0
18:34 748.79 11.61 47 3.58 0
18:35 748.79 11.56 46 3.58 0
18:36 748.79 11.56 46 2.24 0
18:37 748.79 11.61 47 1.79 0
18:38 748.79 11.61 47 2.24 0
18:39 748.79 11.61 47 2.68 0
18:40 748.79 11.61 47 1.79 0
18:41 748.79 11.61 47 1.34 0
18:42 748.79 11.67 48 1.34 0
18:43 748.79 11.67 48 1.34 0
18:44 748.79 11.67 48 1.79 0
18:45 748.79 11.72 48 1.79 0
18:46 748.79 11.72 47 1.79 0
18:47 748.79 11.72 47 1.79 0
18:48 748.79 11.72 48 2.24 0
18:49 748.54 11.72 47 1.79 0
18:50 748.79 11.67 47 .89 0
18:51 748.79 11.67 48 2.24 0
18:52 748.79 11.67 47 2.24 0
18:53 748.79 11.67 47 2.24 0
18:54 748.79 11.61 47 2.68 0
18:55 748.54 11.61 47 .89 0
18:56 748.79 11.56 48 2.24 0
18:57 748.79 11.56 48 1.79 0
18:58 748.79 11.56 48 2.24 0
18:59 748.79 11.56 48 1.34 0
19:00 748.79 11.56 48 1.34 0
19:01 748.79 11.56 48 .89 0
19:02 748.79 11.56 48 1.34 0
19:03 748.79 11.56 48 1.34 0
19:04 748.79 11.56 48 .89 0
19:05 748.79 11.56 48 1.34 0
19:06 748.79 11.56 48 .89 0
19:07 748.79 11.56 48 1.34 0
19:08 748.79 11.56 48 .89 0
19:09 748.79 11.61 48 1.34 0
19:10 748.79 11.61 48 1.34 0
19:11 748.79 11.56 48 .89 0
19:12 748.79 11.56 48 1.34 0
19:13 748.79 11.56 48 .89 0
19:14 748.79 11.56 48 .45 0
19:15 748.79 11.56 48 1.34 0
19:16 748.79 11.56 48 .45 0
19:17 748.79 11.56 49 .89 0
19:18 748.79 11.56 49 .89 0
19:19 748.79 11.56 49 1.34 0
19:20 748.79 11.5 50 1.79 0
19:21 748.79 11.44 51 .89 0
19:22 748.79 11.44 51 1.34 0
19:23 748.79 11.33 51 1.34 0
19:24 748.79 11.33 51 1.34 0
19:25 748.79 11.22 51 .89 0
19:26 748.79 11.17 51 1.34 0
19:27 749.05 11.17 51 .89 0
19:28 748.79 11.11 52 1.34 0
19:29 748.79 11.06 51 .89 0
19:30 748.79 11 51 .89 0
19:31 748.79 11 52 .89 0
19:32 748.79 10.94 52 .89 0
19:33 748.79 10.89 52 .89 0
19:34 748.79 10.83 53 .89 0
19:35 748.79 10.78 53 .89 0
19:36 749.05 10.78 53 .45 0
19:37 749.05 10.78 53 .89 0
19:38 749.05 10.78 53 .45 0
19:39 749.05 10.67 53 .45 0
19:40 749.05 10.67 53 1.34 0
19:41 749.05 10.61 53 .89 0
19:42 749.05 10.56 53 .89 0
19:43 749.05 10.56 53 .89 0
19:44 749.05 10.5 54 .89 0
19:45 749.05 10.44 54 1.34 0
19:46 749.05 10.44 54 .89 0
19:47 749.05 10.39 54 .89 0
19:48 749.05 10.39 54 .89 0
19:49 749.05 10.33 54 .89 0
19:50 749.05 10.33 54 .89 0
19:51 749.05 10.33 54 .45 0
19:52 749.05 10.28 55 .89 0
19:53 749.05 10.22 55 .45 0
19:54 749.05 10.22 57 0 0
19:55 749.05 10.17 58 .45 0
19:56 749.05 10.11 60 .45 0
19:57 749.05 10 61 .45 0
19:58 749.3 9.89 62 .45 0
19:59 749.05 9.78 62 0 0
20:00 749.05 9.67 61 0 0
20:01 749.3 9.56 61 0 0
20:02 749.3 9.44 62 0 0
20:03 749.05 9.39 63 0 0
20:04 749.05 9.33 65 0 0
20:05 749.05 9.22 66 0 0
20:06 749.05 9.17 66 0 0
20:07 749.3 9.11 66 0 0
20:08 749.05 9 67 0 0
20:09 749.3 8.94 68 0 0
20:10 749.05 8.89 68 0 0
20:11 749.05 8.83 69 0 0
20:12 749.05 8.67 70 0 0
20:13 749.05 8.61 70 0 0
20:14 749.3 8.56 71 0 0
20:15 749.3 8.44 71 0 0
20:16 749.3 8.39 71 0 0
20:17 749.3 8.33 71 0 0
20:18 749.3 8.28 71 0 0
20:19 749.3 8.17 71 0 0
20:20 749.3 8.11 71 0 0
20:21 749.3 8 70 0 0
20:22 749.3 7.89 69 0 0
20:23 749.3 7.83 67 0 0
20:24 749.3 7.78 67 0 0
20:25 749.3 7.72 69 0 0
20:26 749.3 7.67 70 0 0
20:27 749.3 7.61 70 0 0
20:28 749.3 7.56 70 0 0
20:29 749.3 7.5 69 0 0
20:30 749.3 7.5 69 0 0
20:31 749.3 7.44 69 0 0
20:32 749.3 7.39 69 0 0
20:33 749.3 7.33 69 0 0
20:34 749.3 7.28 70 0 0
20:35 749.3 7.28 70 0 0
20:36 749.3 7.22 71 0 0
20:37 749.3 7.17 73 0 0
20:38 749.3 7.11 73 0 0
20:39 749.3 7.11 74 0 0
20:40 749.3 7.06 74 0 0
20:41 749.3 7 75 0 0
20:42 749.3 6.94 75 0 0
20:43 749.3 6.83 76 0 0
20:44 749.3 6.78 76 0 0
20:45 749.3 6.72 76 0 0
20:46 749.3 6.67 76 0 0
20:47 749.3 6.56 76 0 0
20:48 749.3 6.5 76 0 0
20:49 749.3 6.44 76 0 0
20:50 749.3 6.39 76 0 0
20:51 749.3 6.33 77 0 0
20:52 749.3 6.28 77 0 0
20:53 749.3 6.22 77 0 0
20:54 749.3 6.17 77 0 0
20:55 749.3 6.06 76 0 0
20:56 749.3 6.06 77 0 0
20:57 749.3 5.94 77 0 0
20:58 749.3 5.89 77 0 0
20:59 749.55 5.83 77 0 0
21:00 749.3 5.78 77 0 0
21:01 749.3 5.78 77 0 0
21:02 749.55 5.72 77 .89 0
21:03 749.3 5.67 77 .45 0
21:04 749.55 5.61 77 .45 0
21:05 749.55 5.56 77 .45 0
21:06 749.55 5.56 77 1.34 0
21:07 749.55 5.56 77 1.34 0
21:08 749.55 5.56 76 1.34 0
21:09 749.55 5.61 76 1.79 0
21:10 749.55 5.78 76 .89 0
21:11 749.55 5.89 77 .89 0
21:12 749.55 6 76 .89 0
21:13 749.55 6.11 76 .89 0
21:14 749.55 6.17 76 0 0
21:15 749.55 6.22 76 .45 0
21:16 749.55 6.22 76 0 0
21:17 749.55 6.17 76 0 0
21:18 749.55 6.17 75 .45 0
21:19 749.55 6.11 75 1.34 0
21:20 749.55 6.11 75 1.34 0
21:21 749.55 6.22 75 1.34 0
21:22 749.55 6.28 75 .89 0
21:23 749.55 6.44 74 .89 0
21:24 749.55 6.56 74 .89 0
21:25 749.55 6.72 73 .45 0
21:26 749.55 6.78 73 0 0
21:27 749.55 6.78 74 0 0
21:28 749.55 6.78 74 0 0
21:29 749.55 6.67 74 0 0
21:30 749.55 6.61 74 0 0
21:31 749.55 6.56 74 0 0
21:32 749.55 6.5 74 0 0
21:33 749.55 6.39 75 0 0
21:34 749.55 6.33 75 0 0
21:35 749.55 6.17 75 0 0
21:36 749.55 6.06 75 0 0
21:37 749.55 5.94 76 0 0
21:38 749.55 5.83 76 0 0
21:39 749.55 5.78 76 0 0
21:40 749.55 5.67 76 0 0
21:41 749.55 5.56 76 0 0
21:42 749.55 5.5 77 0 0
21:43 749.55 5.44 77 0 0
21:44 749.55 5.39 77 0 0
21:45 749.55 5.33 77 0 0
21:46 749.55 5.28 77 0 0
21:47 749.81 5.22 77 0 0
21:48 749.81 5.17 77 0 0
21:49 749.81 5.06 77 .45 0
21:50 749.81 5.06 77 .45 0
21:51 749.81 4.94 77 .45 0
21:52 749.81 4.89 77 .45 0
21:53 749.81 4.83 78 .45 0
21:54 749.81 4.78 78 .45 0
21:55 749.81 4.67 78 .45 0
21:56 749.81 4.67 78 .89 0
21:57 749.81 4.61 79 .45 0
21:58 749.81 4.56 79 .45 0
21:59 749.81 4.5 79 0 0
22:00 749.81 4.44 80 .89 0
22:01 749.81 4.44 80 .89 0
22:02 749.81 4.33 80 .89 0
22:03 749.81 4.28 80 1.34 0
22:04 749.81 4.28 80 .89 0
22:05 749.81 4.28 80 .89 0
22:06 749.81 4.28 80 .89 0
22:07 749.81 4.28 80 .45 0
22:08 750.06 4.28 80 1.34 0
22:09 750.06 4.33 80 .89 0
22:10 750.06 4.39 80 .89 0
22:11 750.06 4.44 80 .45 0
22:12 750.06 4.5 80 0 0
22:13 750.06 4.5 80 0 0
22:14 750.06 4.56 80 0 0
22:15 750.06 4.61 79 .45 0
22:16 750.06 4.56 79 0 0
22:17 750.06 4.56 79 0 0
22:18 750.06 4.5 79 0 0
22:19 750.32 4.5 79 0 0
22:20 750.32 4.44 79 0 0
22:21 750.32 4.39 79 0 0
22:22 750.32 4.33 79 0 0
22:23 750.32 4.33 79 0 0
22:24 750.32 4.28 79 0 0
22:25 750.32 4.22 79 0 0
22:26 750.32 4.17 79 0 0
22:27 750.32 4.17 79 0 0
22:28 750.32 4.17 79 0 0
22:29 750.32 4.11 80 0 0
22:30 750.32 4.06 80 0 0
22:31 750.32 4.06 80 0 0
22:32 750.32 4.06 80 .45 0
22:33 750.32 4.06 80 0 0
22:34 750.32 4.06 80 0 0
22:35 750.32 4 80 0 0
22:36 750.32 4 81 0 0
22:37 750.32 3.94 81 0 0
22:38 750.32 3.94 81 0 0
22:39 750.32 3.94 81 0 0
22:40 750.32 3.89 81 .45 0
22:41 750.32 3.89 81 0 0
22:42 750.32 3.83 81 0 0
22:43 750.32 3.89 81 0 0
22:44 750.32 3.89 82 0 0
22:45 750.32 3.83 82 0 0
22:46 750.32 3.83 82 0 0
22:47 750.32 3.83 82 0 0
22:48 750.32 3.78 81 0 0
22:49 750.57 3.72 81 0 0
22:50 750.32 3.72 81 0 0
22:51 750.32 3.72 81 0 0
22:52 750.57 3.67 82 0 0
22:53 750.57 3.61 82 0 0
22:54 750.57 3.61 82 0 0
22:55 750.57 3.61 82 0 0
22:56 750.32 3.56 82 0 0
22:57 750.32 3.56 82 0 0
22:58 750.57 3.56 82 0 0
22:59 750.57 3.56 82 0 0
23:00 750.32 3.56 82 0 0
23:01 750.32 3.5 82 0 0
23:02 750.57 3.5 82 0 0
23:03 750.32 3.44 82 0 0
23:04 750.32 3.44 83 0 0
23:05 750.57 3.39 83 0 0
23:06 750.32 3.39 83 0 0
23:07 750.57 3.44 83 0 0
23:08 750.57 3.5 83 0 0
23:09 750.32 3.56 83 1.34 0
23:10 750.32 3.67 84 .89 0
23:11 750.32 3.72 84 0 0
23:12 750.32 3.78 84 0 0
23:13 750.32 3.83 84 .45 0
23:14 750.32 3.83 84 .45 0
23:15 750.32 3.89 83 .45 0
23:16 750.32 3.89 83 .45 0
23:17 750.32 3.89 83 .45 0
23:18 750.32 3.89 83 0 0
23:19 750.32 3.83 82 .45 0
23:20 750.32 3.83 82 .45 0
23:21 750.32 3.83 82 .45 0
23:22 750.32 3.83 82 0 0
23:23 750.57 3.83 82 0 0
23:24 750.32 3.78 82 0 0
23:25 750.32 3.72 82 0 0
23:26 750.57 3.72 82 0 0
23:27 750.57 3.67 82 .89 0
23:28 750.57 3.67 82 .89 0
23:29 750.57 3.61 82 .89 0
23:30 750.57 3.67 83 .89 0
23:31 750.57 3.67 83 1.34 0
23:32 750.57 3.78 83 .89 0
23:33 750.57 3.78 83 .89 0
23:34 750.57 3.83 83 .89 0
23:35 750.57 3.89 83 .89 0
23:36 750.57 3.94 83 .89 0
23:37 750.57 3.94 83 .45 0
23:38 750.57 4 83 .89 0
23:39 750.57 4 83 .89 0
23:40 750.57 4 83 .89 0
23:41 750.57 4 83 1.34 0
23:42 750.57 4.06 83 1.34 0
23:43 750.57 4.06 83 .45 0
23:44 750.57 4.06 83 .89 0
23:45 750.57 4.06 82 1.34 0
23:46 750.57 4.06 82 .89 0
23:47 750.57 4.06 82 .89 0
23:48 750.57 4.06 82 .45 0
23:49 750.57 4.06 83 0 0
23:50 750.57 4.06 83 .45 0
23:51 750.57 4.11 82 .45 0
23:52 750.57 4.06 82 0 0
23:53 750.57 4.11 82 .45 0
23:54 750.57 4.06 82 0 0
23:55 750.57 4 82 0 0
23:56 750.57 4 82 0 0
23:57 750.57 3.94 82 0 0
23:58 750.57 3.94 82 0 0
23:59 750.57 3.89 82 0 0
