00:00 747.01 13.22 72 0 0
00:01 747.01 13.22 72 0 0
00:02 747.01 13.22 72 0 0
00:03 747.01 13.22 72 0 0
00:04 747.01 13.22 72 0 0
00:05 747.01 13.22 71 0 0
00:06 747.01 13.22 71 0 0
00:07 747.01 13.28 71 0 0
00:08 747.01 13.28 71 0 0
00:09 747.01 13.33 72 0 0
00:10 747.01 13.39 72 0 0
00:11 747.01 13.44 73 0 0
00:12 747.01 13.5 73 0 0
00:13 747.01 13.5 73 0 0
00:14 747.01 13.56 73 0 0
00:15 747.01 13.56 74 0 0
00:16 747.01 13.56 73 0 0
00:17 747.01 13.61 73 0 0
00:18 746.76 13.61 73 0 0
00:19 747.01 13.61 74 0 0
00:20 747.01 13.61 74 0 0
00:21 747.01 13.61 74 0 0
00:22 747.01 13.61 74 0 0
00:23 747.01 13.61 74 0 0
00:24 747.01 13.61 74 0 0
00:25 747.01 13.61 74 0 0
00:26 747.01 13.61 74 0 0
00:27 747.01 13.56 74 0 0
00:28 747.01 13.56 74 0 0
00:29 747.01 13.44 74 0 0
00:30 747.01 13.44 74 0 0
00:31 747.01 13.39 73 0 0
00:32 746.76 13.33 74 0 0
00:33 746.76 13.33 74 0 0
00:34 747.01 13.28 74 0 0
00:35 747.01 13.28 74 0 0
00:36 746.76 13.22 74 0 0
00:37 747.01 13.22 74 0 0
00:38 746.76 13.17 73 0 0
00:39 746.76 13.17 73 0 0
00:40 746.76 13.17 73 .45 0
00:41 746.76 13.11 72 .45 0
00:42 746.76 13.17 72 .45 0
00:43 746.76 13.17 72 .89 0
00:44 746.76 13.17 72 0 0
00:45 747.01 13.22 72 0 0
00:46 746.76 13.22 73 0 0
00:47 746.76 13.22 73 0 0
00:48 746.76 13.28 73 0 0
00:49 747.01 13.28 74 0 0
00:50 746.76 13.33 74 0 0
00:51 746.76 13.33 74 0 0
00:52 746.76 13.33 74 0 0
00:53 746.76 13.33 75 0 0
00:54 746.76 13.33 75 0 0
00:55 746.76 13.33 75 0 0
00:56 746.76 13.28 75 0 0
00:57 746.76 13.28 74 0 0
00:58 746.76 13.33 74 0 0
00:59 747.01 13.28 75 0 0
01:00 746.76 13.33 75 0 0
01:01 746.76 13.28 74 0 0
01:02 746.76 13.28 74 0 0
01:03 746.76 13.28 74 0 0
01:04 746.76 13.28 74 0 0
01:05 746.76 13.28 74 0 0
01:06 747.01 13.28 74 0 0
01:07 747.01 13.22 74 0 0
01:08 746.76 13.22 73 0 0
01:09 746.76 13.22 73 0 0
01:10 747.01 13.28 74 0 0
01:11 746.76 13.22 73 0 0
01:12 746.76 13.28 74 0 0
01:13 747.01 13.28 74 0 0
01:14 746.76 13.28 75 0 0
01:15 746.76 13.28 75 0 0
01:16 746.76 13.22 74 0 0
01:17 746.76 13.28 74 0 0
01:18 746.76 13.28 74 0 0
01:19 746.76 13.28 74 0 0
01:20 746.76 13.28 75 0 0
01:21 746.76 13.33 74 0 0
01:22 746.76 13.28 75 0 0
01:23 746.76 13.28 75 0 0
01:24 746.76 13.28 76 0 0
01:25 746.76 13.28 76 0 0
01:26 746.76 13.28 75 0 0
01:27 746.76 13.28 75 0 0
01:28 746.76 13.28 74 0 0
01:29 746.76 13.22 74 0 0
01:30 746.76 13.22 74 0 0
01:31 746.76 13.17 74 0 0
01:32 746.76 13.17 74 0 0
01:33 746.76 13.17 74 0 0
01:34 746.76 13.17 74 0 0
01:35 746.76 13.17 74 0 0
01:36 746.76 13.17 74 0 0
01:37 746.76 13.11 74 0 0
01:38 746.76 13.11 74 0 0
01:39 746.76 13.06 74 0 0
01:40 746.76 13.06 74 0 0
01:41 746.76 13.06 74 0 0
01:42 746.76 13.06 74 0 0
01:43 746.76 13 75 0 0
01:44 746.76 13 75 0 0
01:45 746.76 12.94 75 0 0
01:46 746.76 12.94 74 0 0
01:47 746.76 12.89 75 0 0
01:48 746.76 12.89 75 0 0
01:49 746.76 12.83 76 0 0
01:50 746.76 12.83 77 0 0
01:51 746.51 12.78 77 0 0
01:52 746.76 12.72 77 0 0
01:53 746.76 12.67 77 0 0
01:54 746.51 12.61 77 0 0
01:55 746.51 12.61 77 0 0
01:56 746.51 12.56 78 0 0
01:57 746.51 12.5 78 0 0
01:58 746.51 12.44 78 0 0
01:59 746.51 12.44 78 0 0
02:00 746.51 12.39 78 0 0
02:01 746.51 12.39 78 0 0
02:02 746.51 12.33 78 0 0
02:03 746.51 12.33 78 0 0
02:04 746.51 12.28 78 0 0
02:05 746.51 12.28 78 0 0
02:06 746.51 12.28 78 0 0
02:07 746.51 12.28 77 0 0
02:08 746.51 12.28 77 0 0
02:09 746.51 12.22 77 0 0
02:10 746.51 12.22 77 0 0
02:11 746.51 12.22 77 0 0
02:12 746.51 12.22 77 0 0
02:13 746.51 12.22 78 0 0
02:14 746.51 12.22 78 0 0
02:15 746.51 12.22 78 0 0
02:16 746.51 12.28 78 0 0
02:17 746.51 12.28 78 0 0
02:18 746.51 12.28 78 0 0
02:19 746.51 12.33 78 0 0
02:20 746.51 12.33 78 0 0
02:21 746.51 12.33 78 0 0
02:22 746.51 12.33 78 0 0
02:23 746.51 12.33 78 0 0
02:24 746.51 12.33 78 0 0
02:25 746.51 12.33 77 0 0
02:26 746.51 12.33 77 0 0
02:27 746.51 12.33 77 0 0
02:28 746.51 12.33 77 0 0
02:29 746.51 12.28 78 0 0
02:30 746.51 12.28 78 0 0
02:31 746.51 12.28 78 0 0
02:32 746.51 12.28 78 0 0
02:33 746.51 12.28 78 0 0
02:34 746.51 12.22 78 0 0
02:35 746.51 12.17 78 0 0
02:36 746.51 12.17 78 0 0
02:37 746.51 12.17 79 0 0
02:38 746.51 12.17 79 0 0
02:39 746.51 12.17 79 0 0
02:40 746.51 12.11 79 0 0
02:41 746.51 12.11 79 0 0
02:42 746.51 12.11 79 0 0
02:43 746.51 12.11 79 0 0
02:44 746.51 12.11 79 0 0
02:45 746.51 12.11 79 0 0
02:46 746.51 12.06 79 0 0
02:47 746.51 12.06 79 0 0
02:48 746.51 12.11 80 0 0
02:49 746.51 12.06 80 0 0
02:50 746.51 12.06 80 0 0
02:51 746.51 12 80 0 0
02:52 746.51 12 80 0 0
02:53 746.51 12 79 0 0
02:54 746.51 11.94 79 0 0
02:55 746.51 11.94 80 0 0
02:56 746.51 11.89 80 0 0
02:57 746.51 11.89 80 0 0
02:58 746.51 11.83 80 0 0
02:59 746.51 11.83 80 0 0
03:00 746.51 11.83 80 0 0
03:01 746.51 11.78 80 0 0
03:02 746.51 11.72 80 0 0
03:03 746.51 11.72 80 0 0
03:04 746.51 11.72 80 0 0
03:05 746.51 11.72 80 0 0
03:06 746.51 11.67 80 0 0
03:07 746.51 11.67 81 0 0
03:08 746.51 11.67 81 1.34 0
03:09 746.51 11.61 81 .89 0
03:10 746.51 11.67 81 1.34 0
03:11 746.51 11.67 82 .89 0
03:12 746.51 11.72 82 .89 0
03:13 746.51 11.72 82 1.34 0
03:14 746.51 11.78 82 .89 0
03:15 746.51 11.78 82 .89 0
03:16 746.51 11.89 82 1.34 0
03:17 746.51 11.89 82 .89 0
03:18 746.51 11.94 81 .89 0
03:19 746.51 12 81 .89 0
03:20 746.51 12.06 81 1.34 0
03:21 746.51 12.06 81 .89 0
03:22 746.51 12.17 81 .89 0
03:23 746.25 12.17 81 .45 0
03:24 746.51 12.17 80 .89 0
03:25 746.25 12.28 80 .45 0
03:26 746.25 12.28 80 .89 0
03:27 746.25 12.28 80 .89 0
03:28 746.25 12.33 80 .89 0
03:29 746.25 12.33 80 .89 0
03:30 746.25 12.39 80 .45 0
03:31 746.25 12.39 80 .89 0
03:32 746.25 12.39 80 .45 0
03:33 746.25 12.39 80 .45 0
03:34 746.25 12.44 80 .45 0
03:35 746.25 12.44 80 .45 0
03:36 746.25 12.39 80 .45 0
03:37 746.25 12.39 79 .89 0
03:38 746.25 12.39 79 .89 0
03:39 746.25 12.44 79 .45 0
03:40 746.25 12.44 79 .89 0
03:41 746.25 12.44 79 .89 0
03:42 746.25 12.44 79 .89 0
03:43 746.51 12.44 79 .89 0
03:44 746.51 12.44 79 .89 0
03:45 746.51 12.5 79 .89 0
03:46 746.51 12.5 79 .89 0
03:47 746.51 12.5 78 .89 0
03:48 746.51 12.5 78 .45 0
03:49 746.51 12.5 78 .89 0
03:50 746.51 12.5 78 .89 0
03:51 746.51 12.5 78 .89 0
03:52 746.51 12.5 78 .89 0
03:53 746.51 12.5 78 .89 0
03:54 746.51 12.44 78 .89 0
03:55 746.51 12.44 78 .89 0
03:56 746.51 12.44 78 .89 0
03:57 746.51 12.39 78 .89 0
03:58 746.51 12.39 78 1.34 0
03:59 746.51 12.33 79 1.34 0
04:00 746.51 12.33 78 1.34 0
04:01 746.51 12.28 78 1.34 0
04:02 746.51 12.28 78 1.34 0
04:03 746.51 12.33 78 .89 0
04:04 746.51 12.33 78 1.34 0
04:05 746.51 12.33 78 .89 0
04:06 746.51 12.33 77 .89 0
04:07 746.51 12.39 77 1.34 0
04:08 746.51 12.39 77 .89 0
04:09 746.51 12.44 77 .89 0
04:10 746.51 12.44 77 .89 0
04:11 746.51 12.5 77 1.34 0
04:12 746.51 12.5 77 1.34 0
04:13 746.51 12.5 77 1.79 0
04:14 746.51 12.5 76 1.34 0
04:15 746.51 12.5 77 .89 0
04:16 746.51 12.56 77 1.34 0
04:17 746.51 12.5 76 1.34 0
04:18 746.51 12.5 76 1.34 0
04:19 746.51 12.56 76 .89 0
04:20 746.51 12.56 76 .89 0
04:21 746.51 12.56 76 1.34 0
04:22 746.51 12.56 76 1.79 0
04:23 746.51 12.56 75 1.34 0
04:24 746.51 12.61 75 .89 0
04:25 746.51 12.56 75 1.34 0
04:26 746.51 12.61 75 1.79 0
04:27 746.51 12.67 75 .45 0
04:28 746.51 12.67 75 .89 0
04:29 746.51 12.67 75 1.34 0
04:30 746.51 12.67 75 .89 0
04:31 746.51 12.67 75 1.34 0
04:32 746.51 12.67 75 1.34 0
04:33 746.51 12.67 75 1.34 0
04:34 746.51 12.67 75 1.34 0
04:35 746.51 12.67 75 .89 0
04:36 746.51 12.67 75 .89 0
04:37 746.51 12.67 75 .89 0
04:38 746.25 12.67 75 .89 0
04:39 746.51 12.67 75 .89 0
04:40 746.51 12.67 75 .89 0
04:41 746.51 12.67 74 .89 0
04:42 746.51 12.61 75 1.34 0
04:43 746.51 12.67 75 .89 0
04:44 746.51 12.61 74 .89 0
04:45 746.51 12.61 75 .45 0
04:46 746.51 12.61 74 .89 0
04:47 746.51 12.61 74 .89 0
04:48 746.51 12.61 75 .89 0
04:49 746.25 12.61 75 1.34 0
04:50 746.51 12.61 75 .45 0
04:51 746.25 12.56 75 .45 0
04:52 746.25 12.61 75 .45 0
04:53 746.51 12.56 75 .89 0
04:54 746.25 12.56 75 .45 0
04:55 746.25 12.61 75 .45 0
04:56 746.25 12.56 75 0 0
04:57 746.25 12.61 75 0 0
04:58 746.51 12.61 75 0 0
04:59 746.25 12.61 75 0 0
05:00 746.51 12.61 75 0 0
05:01 746.25 12.61 75 0 0
05:02 746.25 12.61 75 0 0
05:03 746.25 12.61 75 0 0
05:04 746.25 12.56 76 0 0
05:05 746.25 12.56 75 0 0
05:06 746.25 12.61 75 0 0
05:07 746.25 12.56 75 0 0
05:08 746.51 12.61 75 0 0
05:09 746.25 12.56 75 0 0
05:10 746.25 12.56 75 0 0
05:11 746.51 12.56 75 0 0
05:12 746.25 12.56 74 0 0
05:13 746.25 12.5 75 0 0
05:14 746.25 12.56 75 0 0
05:15 746.25 12.56 75 0 0
05:16 746.25 12.5 75 0 0
05:17 746.25 12.44 75 0 0
05:18 746.25 12.5 75 0 0
05:19 746.25 12.44 75 0 0
05:20 746.25 12.5 75 0 0
05:21 746.25 12.44 75 0 0
05:22 746.25 12.44 76 0 0
05:23 746.25 12.44 76 0 0
05:24 746.25 12.44 76 0 0
05:25 746.25 12.44 76 0 0
05:26 746.25 12.39 76 0 0
05:27 746.25 12.39 76 0 0
05:28 746.25 12.39 76 0 0
05:29 746.25 12.33 76 0 0
05:30 746.25 12.33 76 0 0
05:31 746.25 12.33 76 0 0
05:32 746.25 12.33 76 0 0
05:33 746.25 12.28 76 0 0
05:34 746.25 12.28 76 0 0
05:35 746.25 12.28 76 0 0
05:36 746.25 12.28 76 0 0
05:37 746.51 12.28 76 0 0
05:38 746.25 12.28 76 0 0
05:39 746.25 12.22 76 0 0
05:40 746.25 12.22 76 0 0
05:41 746.25 12.22 76 0 0
05:42 746.51 12.22 76 0 0
05:43 746.25 12.17 76 0 0
05:44 746.25 12.22 76 0 0
05:45 746.25 12.22 76 0 0
05:46 746.25 12.28 76 0 0
05:47 746.25 12.28 76 0 0
05:48 746.25 12.28 77 0 0
05:49 746.25 12.28 77 0 0
05:50 746.25 12.33 76 0 0
05:51 746.25 12.39 76 0 0
05:52 746.25 12.44 76 0 0
05:53 746.25 12.44 76 0 0
05:54 746.25 12.44 76 .45 0
05:55 746.25 12.56 76 .45 0
05:56 746.25 12.56 76 0 0
05:57 746.25 12.61 76 0 0
05:58 746.25 12.67 76 0 0
05:59 746.25 12.72 76 0 0
06:00 746.25 12.78 76 0 0
06:01 746.25 12.83 76 .45 0
06:02 746.25 12.89 76 0 0
06:03 746.25 12.94 76 .45 0
06:04 746.25 12.94 76 .45 0
06:05 746.25 13.06 76 .89 0
06:06 746.25 13.06 76 0 0
06:07 746.25 13.17 75 .45 0
06:08 746.25 13.22 75 .45 0
06:09 746.25 13.22 75 .89 0
06:10 746.25 13.28 75 1.34 0
06:11 746.25 13.33 74 .89 0
06:12 746.25 13.44 74 .89 0
06:13 746.25 13.44 74 .89 0
06:14 746.25 13.5 74 .45 0
06:15 746.25 13.56 74 .89 0
06:16 746.25 13.61 74 .45 0
06:17 746.25 13.67 74 0 0
06:18 746.25 13.67 74 .89 0
06:19 746.25 13.72 74 .45 0
06:20 746.25 13.72 74 0 0
06:21 746.25 13.72 74 .45 0
06:22 746.25 13.78 73 .45 0
06:23 746.25 13.78 73 .45 0
06:24 746.25 13.83 73 0 0
06:25 746.25 13.89 73 0 0
06:26 746.25 14 74 0 0
06:27 746.25 14 74 .45 0
06:28 746.25 14.06 74 .89 0
06:29 746.25 14.06 73 .45 0
06:30 746.25 14.11 73 .45 0
06:31 746.25 14.17 74 .89 0
06:32 746.25 14.22 73 .45 0
06:33 746.25 14.28 73 .89 0
06:34 746.25 14.39 72 1.34 0
06:35 746.25 14.44 72 1.34 0
06:36 746.25 14.5 71 1.79 0
06:37 746.25 14.56 71 .89 0
06:38 746.25 14.67 72 .45 0
06:39 746.25 14.83 71 1.34 0
06:40 746.25 14.89 71 1.79 0
06:41 746.25 15 70 1.79 0
06:42 746.25 15.11 69 1.79 0
06:43 746.25 15.22 68 2.24 0
06:44 746.25 15.28 67 1.79 0
06:45 746.25 15.39 67 2.24 0
06:46 746.25 15.44 67 1.34 0
06:47 746.25 15.56 68 1.79 0
06:48 746.25 15.61 67 1.79 0
06:49 746.25 15.67 67 .89 0
06:50 746.25 15.78 67 .89 0
06:51 746.25 15.83 67 .89 0
06:52 746.25 15.94 66 1.79 0
06:53 746.25 16 65 1.79 0
06:54 746.25 16 65 .89 0
06:55 746.25 16 64 .89 0
06:56 746.25 16.06 65 .45 0
06:57 746.25 16.11 64 3.13 0
06:58 746.25 16.17 64 4.02 0
06:59 746 16.17 64 1.79 0
07:00 746.25 16.22 64 .89 0
07:01 746 16.17 64 1.34 0
07:02 746 16.22 64 2.24 0
07:03 746.25 16.28 64 1.79 0
07:04 746 16.28 64 2.24 0
07:05 746.25 16.28 64 2.24 0
07:06 746.25 16.28 63 3.13 0
07:07 746.25 16.28 64 1.79 0
07:08 746 16.22 64 2.68 0
07:09 746 16.22 64 2.24 0
07:10 746 16.22 64 .89 0
07:11 746 16.28 64 3.13 0
07:12 746 16.28 64 3.58 0
07:13 746 16.28 64 1.79 0
07:14 746 16.28 64 2.24 0
07:15 746 16.33 64 3.13 0
07:16 746 16.33 64 3.13 0
07:17 746 16.44 62 2.68 0
07:18 746 16.44 63 1.79 0
07:19 746 16.5 62 2.24 0
07:20 746 16.56 63 3.58 0
07:21 746.25 16.61 63 .89 0
07:22 746.25 16.67 63 .89 0
07:23 746.25 16.72 63 1.34 0
07:24 746 16.78 62 2.24 0
07:25 746.25 16.78 61 3.58 0
07:26 746 16.89 62 1.79 0
07:27 746.25 16.89 62 1.34 0
07:28 746.25 16.94 62 4.02 0
07:29 746.25 16.94 61 4.02 0
07:30 746 16.94 59 2.68 0
07:31 746 16.94 60 3.58 0
07:32 746.25 16.94 59 2.24 0
07:33 746 16.94 60 2.68 0
07:34 746 16.94 60 3.58 0
07:35 746 17 59 2.24 0
07:36 746 17 60 3.58 0
07:37 746 16.94 58 4.92 0
07:38 746 17 58 4.47 0
07:39 746 17 59 5.36 0
07:40 746 17 59 3.58 0
07:41 746 17 59 3.58 0
07:42 746 17 58 4.47 0
07:43 746 17 58 6.71 0
07:44 746 17 58 4.47 0
07:45 746 17 59 4.47 0
07:46 746 17.06 59 3.58 0
07:47 746 17 59 5.36 0
07:48 746 17 59 5.81 0
07:49 746 17 59 4.47 0
07:50 746 17 59 2.68 0
07:51 746 17 60 4.47 0
07:52 746 17 59 1.34 0
07:53 746 17.06 59 2.24 0
07:54 746 17.06 60 3.58 0
07:55 746 17.06 59 2.24 0
07:56 746 17.11 60 1.79 0
07:57 746 17.17 60 .89 0
07:58 746 17.17 60 2.24 0
07:59 746 17.22 60 .89 0
08:00 745.74 17.33 60 2.68 0
08:01 746 17.39 60 2.68 0
08:02 746 17.44 60 3.13 0
08:03 745.74 17.5 60 1.79 0
08:04 746 17.56 60 2.24 0
08:05 746 17.61 59 1.34 0
08:06 746 17.67 59 1.79 0
08:07 746 17.72 60 4.02 0
08:08 746 17.72 58 1.79 0
08:09 745.74 17.78 57 2.68 0
08:10 746 17.78 59 1.79 0
08:11 745.74 17.78 58 3.58 0
08:12 745.74 17.83 59 4.02 0
08:13 745.74 17.89 58 3.58 0
08:14 746 17.83 58 4.47 0
08:15 745.74 17.89 57 4.02 0
08:16 745.74 17.83 58 4.02 0
08:17 745.74 17.83 57 4.02 0
08:18 745.74 17.83 57 3.58 0
08:19 745.74 17.89 58 2.68 0
08:20 745.74 17.89 58 2.68 0
08:21 745.74 17.83 58 3.58 0
08:22 745.74 17.89 58 3.58 0
08:23 745.74 17.89 58 5.36 0
08:24 745.74 17.89 58 4.02 0
08:25 745.74 17.94 57 3.58 0
08:26 745.74 17.94 57 3.58 0
08:27 745.74 18 58 3.58 0
08:28 745.74 18 57 4.02 0
08:29 745.74 18.06 56 3.58 0
08:30 745.74 18.06 57 3.58 0
08:31 745.74 18.06 56 4.92 0
08:32 745.74 18.06 56 1.79 0
08:33 745.74 18.11 56 1.79 0
08:34 745.74 18.17 57 3.13 0
08:35 745.74 18.22 57 2.24 0
08:36 745.74 18.28 56 2.24 0
08:37 745.74 18.33 56 3.58 0
08:38 745.74 18.33 56 2.24 0
08:39 745.74 18.39 57 4.02 0
08:40 745.74 18.44 56 1.79 0
08:41 745.74 18.5 56 1.79 0
08:42 745.74 18.56 57 3.13 0
08:43 745.74 18.61 56 2.68 0
08:44 745.74 18.67 56 2.68 0
08:45 745.74 18.72 56 4.47 0
08:46 745.74 18.78 55 6.26 0
08:47 745.74 18.78 55 3.58 0
08:48 745.74 18.83 55 5.36 0
08:49 745.74 18.89 55 2.24 0
08:50 745.74 18.94 55 4.92 0
08:51 745.74 18.94 54 4.92 0
08:52 745.74 18.94 54 4.02 0
08:53 745.74 18.94 54 3.58 0
08:54 745.74 18.94 55 4.92 0
08:55 745.74 19 54 3.58 0
08:56 745.74 19.06 55 1.79 0
08:57 745.74 19.11 55 4.02 0
08:58 745.74 19.17 55 4.02 0
08:59 745.74 19.22 54 2.68 0
09:00 745.74 19.33 54 2.24 0
09:01 745.74 19.33 54 2.68 0
09:02 745.74 19.39 53 4.02 0
09:03 745.74 19.39 53 2.24 0
09:04 745.74 19.44 53 4.92 0
09:05 745.74 19.44 53 2.24 0
09:06 745.74 19.5 53 5.81 0
09:07 745.74 19.5 52 1.79 0
09:08 745.74 19.5 52 2.24 0
09:09 745.74 19.56 52 4.92 0
09:10 745.74 19.56 52 3.58 0
09:11 745.74 19.56 51 3.13 0
09:12 745.74 19.61 52 4.02 0
09:13 745.74 19.61 52 3.58 0
09:14 745.74 19.67 51 5.36 0
09:15 745.74 19.67 51 3.58 0
09:16 745.74 19.72 51 6.26 0
09:17 745.74 19.72 51 3.58 0
09:18 745.74 19.72 51 6.26 0
09:19 745.74 19.78 51 4.92 0
09:20 745.49 19.72 51 2.68 0
09:21 745.49 19.72 51 4.02 0
09:22 745.74 19.78 52 4.02 0
09:23 745.49 19.89 53 1.34 0
09:24 745.74 19.94 52 5.36 0
09:25 745.74 20.06 52 2.24 0
09:26 745.74 20.11 52 2.24 0
09:27 745.74 20.22 52 3.58 0
09:28 745.74 20.28 51 7.15 0
09:29 745.74 20.28 50 5.36 0
09:30 745.49 20.28 50 4.47 0
09:31 745.49 20.28 50 3.13 0
09:32 745.49 20.28 50 4.47 0
09:33 745.49 20.28 50 2.24 0
09:34 745.49 20.22 50 2.68 0
09:35 745.49 20.28 51 1.79 0
09:36 745.49 20.33 52 1.79 0
09:37 745.49 20.39 52 4.02 0
09:38 745.49 20.44 51 4.47 0
09:39 745.49 20.5 51 2.24 0
09:40 745.49 20.5 52 3.58 0
09:41 745.49 20.56 51 2.24 0
09:42 745.49 20.56 51 4.47 0
09:43 745.49 20.56 50 4.92 0
09:44 745.49 20.5 50 5.36 0
09:45 745.49 20.44 51 5.36 0
09:46 745.49 20.44 50 5.36 0
09:47 745.49 20.39 50 2.68 0
09:48 745.49 20.44 51 5.81 0
09:49 745.49 20.44 50 5.36 0
09:50 745.49 20.44 50 3.58 0
09:51 745.49 20.44 50 4.47 0
09:52 745.49 20.56 50 .45 0
09:53 745.49 20.61 51 4.47 0
09:54 745.49 20.72 50 4.47 0
09:55 745.49 20.78 50 5.36 0
09:56 745.49 20.78 49 6.26 0
09:57 745.49 20.72 49 3.58 0
09:58 745.49 20.67 48 4.47 0
09:59 745.49 20.56 49 5.36 0
10:00 745.49 20.44 49 5.36 0
10:01 745.49 20.44 50 5.36 0
10:02 745.49 20.44 50 3.58 0
10:03 745.49 20.39 49 2.68 0
10:04 745.49 20.39 50 4.02 0
10:05 745.49 20.44 50 3.58 0
10:06 745.49 20.5 51 5.36 0
10:07 745.49 20.56 51 6.26 0
10:08 745.49 20.67 51 6.71 0
10:09 745.49 20.72 49 4.47 0
10:10 745.49 20.72 50 5.36 0
10:11 745.49 20.72 49 4.92 0
10:12 745.49 20.67 50 5.36 0
10:13 745.49 20.61 49 4.02 0
10:14 745.49 20.61 50 4.92 0
10:15 745.49 20.61 50 4.92 0
10:16 745.49 20.67 50 2.68 0
10:17 745.49 20.67 51 6.26 0
10:18 745.49 20.72 50 5.81 0
10:19 745.24 20.72 49 4.92 0
10:20 745.24 20.72 50 2.68 0
10:21 745.49 20.72 51 1.79 0
10:22 745.49 20.78 51 2.24 0
10:23 745.49 20.83 51 6.26 0
10:24 745.49 20.83 50 3.58 0
10:25 745.49 20.78 51 3.58 0
10:26 745.49 20.72 51 2.24 0
10:27 745.24 20.72 51 3.58 0
10:28 745.49 20.72 51 4.92 0
10:29 745.24 20.78 51 5.81 0
10:30 745.24 20.72 50 5.81 0
10:31 745.49 20.67 50 5.36 0
10:32 745.49 20.61 49 7.6 0
10:33 745.24 20.56 50 8.05 0
10:34 745.24 20.5 49 4.47 0
10:35 745.24 20.5 50 6.71 0
10:36 745.24 20.56 50 6.26 0
10:37 745.24 20.56 49 5.36 0
10:38 745.24 20.61 50 7.15 0
10:39 745.24 20.72 49 4.92 0
10:40 745.24 20.78 49 4.47 0
10:41 745.24 20.83 49 6.71 0
10:42 745.24 20.83 50 3.58 0
10:43 745.24 20.89 50 5.81 0
10:44 745.24 20.94 50 5.81 0
10:45 745.24 20.89 50 4.02 0
10:46 745.24 20.94 50 5.36 0
10:47 745.24 21.06 50 3.58 0
10:48 745.24 21.06 49 1.79 0
10:49 745.24 21.11 49 2.68 0
10:50 745.24 21.06 49 5.81 0
10:51 745.24 21.06 49 6.71 0
10:52 745.49 20.94 49 4.02 0
10:53 745.49 20.83 50 5.36 0
10:54 745.24 20.78 50 4.92 0
10:55 745.24 20.72 50 4.92 0
10:56 745.24 20.67 50 4.92 0
10:57 745.24 20.67 51 4.92 0
10:58 745.24 20.67 50 3.13 0
10:59 745.24 20.78 51 4.47 0
11:00 745.24 20.83 50 2.68 0
11:01 745.24 20.83 50 2.24 0
11:02 745.24 20.83 50 1.79 0
11:03 745.24 20.89 50 4.02 0
11:04 745.24 21 51 5.36 0
11:05 745.24 21 49 4.02 0
11:06 745.24 21 49 2.68 0
11:07 745.24 21 50 3.58 0
11:08 745.24 20.94 50 4.47 0
11:09 745.24 20.89 50 3.58 0
11:10 745.24 20.83 50 4.02 0
11:11 745.24 20.78 50 4.02 0
11:12 745.24 20.72 50 7.6 0
11:13 745.24 20.72 50 5.36 0
11:14 745.24 20.67 50 4.02 0
11:15 745.24 20.61 50 4.47 0
11:16 745.24 20.61 50 5.36 0
11:17 745.24 20.56 50 2.68 0
11:18 745.24 20.61 51 2.68 0
11:19 745.24 20.67 51 6.26 0
11:20 745.24 20.78 50 3.58 0
11:21 745.24 20.78 50 5.36 0
11:22 745.24 20.78 50 4.92 0
11:23 745.24 20.78 50 4.02 0
11:24 745.24 20.78 50 4.92 0
11:25 745.24 20.78 50 3.58 0
11:26 745.24 20.78 50 4.47 0
11:27 745.24 20.78 50 5.36 0
11:28 745.24 20.78 50 6.71 0
11:29 745.24 20.72 51 4.47 0
11:30 745.24 20.72 51 4.02 0
11:31 745.24 20.72 50 4.92 0
11:32 745.24 20.72 51 2.24 0
11:33 745.24 20.67 51 3.58 0
11:34 745.24 20.67 51 2.24 0
11:35 745.24 20.67 51 2.24 0
11:36 745.24 20.67 51 5.36 0
11:37 745.24 20.72 52 4.92 0
11:38 745.24 20.83 50 6.71 0
11:39 745.24 20.89 50 4.47 0
11:40 745.24 20.94 50 3.58 0
11:41 745.24 20.94 50 1.79 0
11:42 745.24 21 50 4.47 0
11:43 745.24 21.06 51 5.36 0
11:44 745.24 21.17 51 1.34 0
11:45 745.24 21.28 51 2.68 0
11:46 745.24 21.33 51 2.68 0
11:47 745.24 21.33 50 7.15 0
11:48 745.24 21.17 50 4.02 0
11:49 745.24 21.06 50 7.15 0
11:50 745.24 20.94 50 3.58 0
11:51 745.24 20.83 51 4.02 0
11:52 745.24 20.78 51 3.58 0
11:53 745.24 20.72 52 4.02 0
11:54 745.24 20.72 52 2.24 0
11:55 745.24 20.72 51 4.02 0
11:56 745.24 20.72 52 4.92 0
11:57 745.24 20.72 52 4.92 0
11:58 745.24 20.72 52 4.02 0
11:59 745.24 20.78 51 4.92 0
12:00 745.24 20.78 50 4.92 0
12:01 745.24 20.72 50 5.36 0
12:02 745.24 20.72 50 5.81 0
12:03 745.24 20.72 50 7.15 0
12:04 745.24 20.72 51 4.02 0
12:05 745.24 20.72 51 5.36 0
12:06 745.24 20.67 51 4.92 0
12:07 745.24 20.61 52 1.79 0
12:08 745.24 20.67 52 1.79 0
12:09 745.24 20.61 53 4.47 0
12:10 745.24 20.67 53 5.81 0
12:11 745.24 20.61 52 4.47 0
12:12 745.24 20.56 53 7.6 0
12:13 745.24 20.5 52 5.36 0
12:14 745.24 20.44 52 5.36 0
12:15 745.24 20.5 53 4.02 0
12:16 745.24 20.56 53 4.02 0
12:17 745.24 20.61 53 3.13 0
12:18 745.24 20.72 53 5.36 0
12:19 745.24 20.83 53 5.36 0
12:20 745.24 20.83 52 5.36 0
12:21 744.98 20.89 52 4.47 0
12:22 745.24 20.89 52 5.81 0
12:23 744.98 20.89 51 3.58 0
12:24 744.98 20.89 52 4.47 0
12:25 744.98 20.94 52 4.47 0
12:26 744.98 20.94 51 2.24 0
12:27 744.98 21 52 2.68 0
12:28 744.98 21.11 51 5.81 0
12:29 744.98 21.11 51 4.02 0
12:30 744.98 21.11 52 8.94 0
12:31 744.98 21.11 50 6.26 0
12:32 744.98 21.06 50 4.92 0
12:33 744.98 21 49 4.47 0
12:34 744.98 21.06 51 4.02 0
12:35 744.98 21.17 50 4.47 0
12:36 744.98 21.22 50 2.24 0
12:37 744.98 21.28 50 5.36 0
12:38 744.98 21.33 50 4.47 0
12:39 744.98 21.44 50 5.36 0
12:40 744.73 21.5 50 4.92 0
12:41 744.98 21.5 49 4.47 0
12:42 744.73 21.44 51 5.81 0
12:43 744.73 21.5 50 4.02 0
12:44 744.73 21.5 50 2.24 0
12:45 744.73 21.56 50 2.68 0
12:46 744.73 21.61 51 1.79 0
12:47 744.73 21.67 51 .45 0
12:48 744.73 21.72 51 3.58 0
12:49 744.73 21.83 49 .89 0
12:50 744.73 21.89 50 3.13 0
12:51 744.73 22 49 6.26 0
12:52 744.73 22.06 48 5.81 0
12:53 744.73 22 48 5.36 0
12:54 744.73 21.94 48 4.02 0
12:55 744.73 21.83 48 4.47 0
12:56 744.73 21.83 49 4.92 0
12:57 744.73 21.78 49 4.92 0
12:58 744.73 21.78 49 1.79 0
12:59 744.73 21.83 49 4.02 0
13:00 744.73 22 48 7.15 0
13:01 744.47 22 47 7.6 0
13:02 744.47 22.06 46 7.15 0
13:03 744.47 22.06 46 5.81 0
13:04 744.47 22.06 45 3.58 0
13:05 744.47 22 46 4.92 0
13:06 744.47 22.06 47 5.36 0
13:07 744.47 22.06 47 5.36 0
13:08 744.47 22.06 48 5.36 0
13:09 744.47 22 47 5.36 0
13:10 744.47 22 47 5.36 0
13:11 744.47 22.06 47 4.02 0
13:12 744.47 22.06 47 3.58 0
13:13 744.47 22.06 48 6.26 0
13:14 744.47 22.06 48 6.71 0
13:15 744.47 22.06 47 4.02 0
13:16 744.47 22.11 47 5.36 0
13:17 744.47 22.17 46 4.47 0
13:18 744.47 22.22 47 6.71 0
13:19 744.47 22.17 47 3.58 0
13:20 744.47 22.06 47 4.02 0
13:21 744.47 22.06 48 6.26 0
13:22 744.47 22 47 2.68 0
13:23 744.47 21.89 47 6.71 0
13:24 744.47 21.78 48 3.13 0
13:25 744.47 21.78 48 4.47 0
13:26 744.47 21.72 48 4.92 0
13:27 744.47 21.72 48 8.05 0
13:28 744.47 21.61 48 4.02 0
13:29 744.47 21.56 48 6.71 0
13:30 744.73 21.44 48 5.36 0
13:31 744.47 21.44 48 5.36 0
13:32 744.73 21.44 47 4.92 0
13:33 744.47 21.39 48 5.36 0
13:34 744.73 21.33 48 4.02 0
13:35 744.73 21.33 48 4.92 0
13:36 744.47 21.28 48 4.47 0
13:37 744.73 21.28 49 2.68 0
13:38 744.73 21.28 49 4.92 0
13:39 744.73 21.28 49 3.58 0
13:40 744.73 21.28 49 4.02 0
13:41 744.73 21.28 50 2.68 0
13:42 744.73 21.33 50 2.24 0
13:43 744.73 21.33 50 8.94 0
13:44 744.73 21.33 50 8.49 0
13:45 744.73 21.28 50 5.81 0
13:46 744.47 21.22 50 7.6 0
13:47 744.47 21.22 50 5.36 0
13:48 744.47 21.28 51 5.36 0
13:49 744.47 21.28 51 4.47 0
13:50 744.47 21.33 51 4.92 0
13:51 744.47 21.39 51 4.92 0
13:52 744.47 21.44 51 6.26 0
13:53 744.47 21.56 50 4.92 0
13:54 744.47 21.67 50 7.15 0
13:55 744.47 21.72 49 8.05 0
13:56 744.47 21.72 48 5.81 0
13:57 744.47 21.72 49 4.02 0
13:58 744.47 21.72 49 2.68 0
13:59 744.47 21.72 49 5.36 0
14:00 744.47 21.72 49 4.02 0
14:01 744.47 21.78 49 4.47 0
14:02 744.47 21.83 50 4.92 0
14:03 744.47 21.89 50 6.26 0
14:04 744.47 21.89 49 4.92 0
14:05 744.47 21.83 49 4.02 0
14:06 744.47 21.89 50 4.92 0
14:07 744.47 21.89 49 7.15 0
14:08 744.47 21.83 49 4.92 0
14:09 744.47 21.72 49 1.79 0
14:10 744.47 21.67 49 2.24 0
14:11 744.47 21.56 49 4.02 0
14:12 744.47 21.56 50 5.36 0
14:13 744.47 21.56 51 6.71 0
14:14 744.47 21.44 51 1.34 0
14:15 744.47 21.44 51 4.02 0
14:16 744.47 21.44 51 3.13 0
14:17 744.47 21.39 52 6.71 0
14:18 744.73 21.22 52 5.36 0
14:19 744.47 21.06 53 7.6 0
14:20 744.73 20.94 54 4.47 0
14:21 744.73 20.72 54 7.15 0
14:22 744.73 20.56 54 7.6 0
14:23 744.73 20.44 55 6.26 0
14:24 744.73 20.28 56 5.36 0
14:25 744.73 20.17 57 3.58 0
14:26 744.73 20.06 57 6.26 0
14:27 744.73 19.94 57 4.92 0
14:28 744.73 19.89 57 4.02 0
14:29 744.73 19.89 58 4.02 0
14:30 744.73 19.83 59 5.36 0
14:31 744.73 19.78 60 5.36 0
14:32 744.73 19.67 61 4.02 0
14:33 744.73 19.5 61 6.71 0
14:34 744.73 19.39 61 2.68 0
14:35 744.73 19.33 62 5.81 0
14:36 744.73 19.28 62 7.15 0
14:37 744.73 19.22 63 2.68 0
14:38 744.73 19.17 63 1.79 0
14:39 744.73 19.17 63 2.68 0
14:40 744.73 19.17 64 2.68 0
14:41 744.73 19.17 64 2.68 0
14:42 744.73 19.22 64 2.24 0
14:43 744.73 19.28 64 4.92 0
14:44 744.73 19.22 64 4.92 0
14:45 744.73 19.22 64 2.24 0
14:46 744.73 19.22 64 1.79 0
14:47 744.73 19.17 64 3.58 0
14:48 744.73 19.17 64 2.68 0
14:49 744.73 19.17 64 1.34 0
14:50 744.73 19.17 65 4.02 0
14:51 744.73 19.17 64 3.58 0
14:52 744.73 19.17 63 4.02 0
14:53 744.73 19.17 63 2.68 0
14:54 744.73 19.17 64 3.58 0
14:55 744.73 19.11 63 1.79 0
14:56 744.73 19.17 63 .89 0
14:57 744.73 19.22 63 4.02 0
14:58 744.73 19.28 64 2.68 0
14:59 744.73 19.33 63 2.24 0
15:00 744.73 19.33 63 3.13 0
15:01 744.73 19.39 63 1.34 0
15:02 744.73 19.39 63 3.58 0
15:03 744.73 19.44 63 2.68 0
15:04 744.73 19.44 63 .89 0
15:05 744.73 19.5 63 2.68 0
15:06 744.73 19.5 62 1.79 0
15:07 744.73 19.5 63 1.79 0
15:08 744.73 19.56 63 2.24 0
15:09 744.73 19.56 63 .89 0
15:10 744.73 19.56 63 4.47 0
15:11 744.73 19.56 63 3.13 0
15:12 744.73 19.39 63 2.68 0
15:13 744.73 19.33 63 4.47 0
15:14 744.98 19.22 63 2.24 0
15:15 744.98 19.17 64 4.02 0
15:16 745.24 19.11 64 2.24 0
15:17 745.24 19.11 65 4.47 0
15:18 745.24 19.11 65 5.36 0
15:19 745.49 19.06 65 5.81 0
15:20 745.49 19 65 4.92 0
15:21 745.49 18.89 65 5.81 0
15:22 745.49 18.72 66 5.81 0
15:23 745.49 18.44 67 4.02 16.51
15:24 745.24 18.17 70 4.92 23.88
15:25 745.24 17.83 71 3.13 13.46
15:26 745.24 17.56 72 2.68 7.11
15:27 745.24 17.33 72 1.34 4.83
15:28 745.24 17.17 73 1.79 4.83
15:29 745.24 17 75 4.02 4.83
15:30 745.24 16.78 75 3.58 4.83
15:31 745.24 16.61 76 1.79 3.81
15:32 745.24 16.5 78 0 3.05
15:33 745.24 16.33 78 .89 2.54
15:34 745.24 16.28 78 .89 2.29
15:35 745.24 16.28 80 1.34 1.78
15:36 745.24 16.22 80 1.79 1.78
15:37 745.24 16.11 80 2.68 1.52
15:38 745.24 16.06 80 .89 1.27
15:39 744.98 16 80 .45 1.27
15:40 744.98 15.94 81 .89 1.27
15:41 745.24 15.89 81 .89 1.02
15:42 744.98 15.83 81 1.34 1.02
15:43 744.98 15.78 82 1.34 1.02
15:44 744.98 15.72 82 1.34 0
15:45 744.98 15.72 82 .89 0
15:46 744.73 15.72 82 .89 0
15:47 744.73 15.72 82 1.34 0
15:48 744.73 15.72 82 .89 0
15:49 744.73 15.67 82 1.34 0
15:50 744.73 15.67 82 1.34 0
15:51 744.73 15.61 82 1.79 0
15:52 744.73 15.61 82 1.34 0
15:53 744.73 15.56 81 .89 0
15:54 744.73 15.67 81 .45 0
15:55 744.73 15.67 81 .45 0
15:56 744.73 15.67 81 0 0
15:57 744.98 15.67 81 .45 0
15:58 745.24 15.67 81 .89 0
15:59 745.24 15.72 82 1.34 0
16:00 745.24 15.78 83 1.34 0
16:01 745.24 15.78 82 1.34 0
16:02 745.24 15.78 82 .89 0
16:03 745.24 15.78 83 1.34 0
16:04 745.24 15.83 83 1.34 0
16:05 745.24 15.78 83 3.13 0
16:06 745.24 15.72 82 2.68 4.83
16:07 744.98 15.72 82 1.79 4.83
16:08 744.98 15.72 83 2.24 4.83
16:09 745.24 15.67 83 1.79 6.1
16:10 745.24 15.61 84 2.24 6.1
16:11 745.24 15.56 84 2.24 5.08
16:12 745.24 15.5 84 3.58 3.81
16:13 745.24 15.44 84 2.68 3.05
16:14 745.24 15.44 84 2.24 2.54
16:15 745.24 15.44 84 1.34 2.29
16:16 745.49 15.44 84 2.24 1.78
16:17 745.49 15.5 84 2.24 1.78
16:18 745.49 15.44 84 2.68 1.52
16:19 745.49 15.44 84 2.68 1.27
16:20 745.49 15.44 83 2.68 1.27
16:21 745.24 15.44 83 2.24 1.27
16:22 745.49 15.44 83 .89 1.27
16:23 745.24 15.44 82 1.34 24.89
16:24 745.24 15.44 82 1.34 21.84
16:25 745.24 15.44 82 1.79 8.89
16:26 745.24 15.39 82 2.24 6.1
16:27 745.24 15.39 82 .89 4.32
16:28 745.24 15.44 82 1.34 3.3
16:29 745.24 15.44 83 2.24 3.05
16:30 745.24 15.33 81 3.58 3.05
16:31 745.24 15.39 81 4.02 3.05
16:32 745.24 15.33 82 4.47 3.05
16:33 745.24 15.33 81 1.34 3.56
16:34 745.24 15.28 82 1.79 3.56
16:35 745.24 15.28 83 1.79 3.56
16:36 745.24 15.28 83 1.34 3.56
16:37 745.24 15.28 83 2.68 3.56
16:38 745.24 15.22 83 2.24 2.79
16:39 745.24 15.22 83 2.24 2.29
16:40 745.24 15.17 83 1.79 2.03
16:41 745.24 15.17 83 1.79 1.78
16:42 744.98 15.17 83 3.58 1.52
16:43 744.98 15.11 83 2.68 1.52
16:44 744.98 15.06 83 1.79 1.27
16:45 744.98 15.06 83 1.34 1.27
16:46 744.98 15.06 84 .89 1.27
16:47 744.98 15.06 84 .45 1.02
16:48 744.98 15 84 1.79 1.02
16:49 744.98 15 84 1.79 1.02
16:50 745.24 15 84 1.34 0
16:51 744.98 15 85 .89 0
16:52 745.24 15 85 2.24 0
16:53 744.98 14.94 85 1.79 0
16:54 744.98 14.89 86 3.13 0
16:55 745.24 14.83 86 3.13 0
16:56 744.98 14.78 86 2.24 0
16:57 744.98 14.78 86 3.13 0
16:58 744.98 14.72 86 .89 0
16:59 744.98 14.72 86 1.79 0
17:00 744.98 14.67 86 1.79 0
17:01 744.98 14.72 87 1.79 0
17:02 744.98 14.72 87 0 0
17:03 744.73 14.72 87 1.34 0
17:04 744.73 14.67 87 2.24 0
17:05 744.73 14.61 86 1.79 0
17:06 744.73 14.61 87 1.79 0
17:07 744.98 14.61 87 2.24 0
17:08 744.98 14.61 87 1.79 0
17:09 744.98 14.61 87 2.24 0
17:10 744.98 14.67 87 1.34 0
17:11 744.98 14.67 87 3.58 0
17:12 744.98 14.61 87 2.24 0
17:13 744.98 14.67 87 1.79 0
17:14 744.98 14.61 87 1.79 0
17:15 744.98 14.61 87 2.24 0
17:16 744.98 14.61 87 1.79 0
17:17 744.98 14.61 87 1.34 0
17:18 744.98 14.61 87 3.58 0
17:19 744.98 14.61 87 3.58 0
17:20 744.73 14.61 87 1.34 0
17:21 744.98 14.72 86 2.68 0
17:22 744.98 14.78 85 2.68 0
17:23 744.98 14.83 85 2.68 0
17:24 744.98 14.94 84 1.79 0
17:25 744.98 15 84 4.02 0
17:26 744.98 15 84 3.13 0
17:27 744.98 15.06 84 4.47 0
17:28 744.98 15.06 84 2.68 0
17:29 744.98 15.06 84 2.68 0
17:30 744.98 15.06 84 2.68 0
17:31 744.98 15.06 84 1.79 0
17:32 744.98 15.06 84 2.24 0
17:33 744.98 15.06 84 1.79 0
17:34 744.98 15.06 85 3.58 0
17:35 744.98 15.06 85 1.34 0
17:36 744.73 15 85 1.34 0
17:37 744.73 15 85 1.79 0
17:38 744.73 15 85 2.24 0
17:39 744.73 15 84 2.68 0
17:40 744.73 15 84 4.02 0
17:41 744.73 15.06 84 1.34 0
17:42 744.73 15.06 84 3.58 0
17:43 744.73 15.06 84 2.24 0
17:44 744.73 15.11 85 1.34 0
17:45 744.73 15.11 85 1.79 0
17:46 744.73 15.11 84 2.24 0
17:47 744.73 15.11 84 1.79 0
17:48 744.73 15.17 85 2.24 0
17:49 744.73 15.17 84 2.68 0
17:50 744.73 15.17 84 1.79 0
17:51 744.73 15.17 84 1.79 0
17:52 744.73 15.22 84 1.34 0
17:53 744.73 15.17 85 1.79 0
17:54 744.73 15.22 85 1.79 0
17:55 744.73 15.22 85 1.79 0
17:56 744.73 15.22 85 1.79 0
17:57 744.73 15.22 85 1.79 0
17:58 744.73 15.28 85 1.79 0
17:59 744.73 15.33 86 1.79 0
18:00 744.73 15.39 86 1.79 0
18:01 744.73 15.39 86 1.34 0
18:02 744.73 15.44 86 2.24 0
18:03 744.73 15.56 86 1.34 0
18:04 744.73 15.56 86 1.34 0
18:05 744.73 15.67 86 3.13 0
18:06 744.73 15.72 86 2.24 0
18:07 744.73 15.78 86 2.24 0
18:08 744.73 15.83 86 2.24 0
18:09 744.73 15.83 85 1.79 0
18:10 744.73 15.89 85 2.68 0
18:11 744.73 15.89 84 1.34 0
18:12 744.73 15.94 84 1.34 0
18:13 744.73 16 85 3.13 0
18:14 744.73 16.06 84 2.68 0
18:15 744.73 16.11 84 2.24 0
18:16 744.73 16.17 84 2.24 0
18:17 744.73 16.17 84 2.24 0
18:18 744.73 16.22 83 1.79 0
18:19 744.73 16.28 83 2.68 0
18:20 744.73 16.28 83 2.68 0
18:21 744.73 16.33 83 4.47 0
18:22 744.73 16.39 82 2.68 0
18:23 744.73 16.44 81 3.58 0
18:24 744.73 16.44 81 4.02 0
18:25 744.73 16.44 81 4.92 0
18:26 744.73 16.5 81 2.68 0
18:27 744.73 16.56 81 4.47 0
18:28 744.73 16.56 81 3.58 0
18:29 744.73 16.56 81 4.02 0
18:30 744.73 16.61 81 2.24 0
18:31 744.73 16.61 81 1.79 0
18:32 744.73 16.61 81 1.79 0
18:33 744.73 16.67 81 2.24 0
18:34 744.73 16.72 81 2.68 0
18:35 744.73 16.72 81 2.24 0
18:36 744.73 16.78 80 1.34 0
18:37 744.73 16.78 81 1.79 0
18:38 744.73 16.83 81 1.79 0
18:39 744.73 16.83 81 .89 0
18:40 744.73 16.89 81 1.34 0
18:41 744.73 16.94 81 .89 0
18:42 744.73 17 81 .89 0
18:43 744.73 17.06 81 1.34 0
18:44 744.73 17.11 81 1.79 0
18:45 744.73 17.17 80 1.34 0
18:46 744.98 17.17 80 1.79 0
18:47 744.98 17.17 80 .45 0
18:48 744.98 17.17 80 1.79 0
18:49 744.98 17.17 80 2.24 0
18:50 744.98 17.17 80 1.79 0
18:51 744.98 17.17 80 2.68 0
18:52 744.98 17.17 80 1.79 0
18:53 744.98 17.17 80 2.24 0
18:54 744.98 17.28 79 2.24 0
18:55 744.98 17.22 79 4.02 0
18:56 744.98 17.22 79 2.24 0
18:57 744.98 17.28 79 1.34 0
18:58 744.98 17.33 80 2.24 0
18:59 744.98 17.33 79 1.34 0
19:00 744.98 17.33 79 2.24 0
19:01 744.98 17.33 79 1.79 0
19:02 744.98 17.33 79 2.24 0
19:03 744.98 17.33 78 1.34 0
19:04 744.98 17.33 79 1.34 0
19:05 744.98 17.39 79 1.34 0
19:06 744.98 17.39 79 1.79 0
19:07 744.98 17.39 79 1.79 0
19:08 744.98 17.33 79 1.79 0
19:09 745.24 17.39 79 2.24 0
19:10 745.24 17.33 79 2.24 0
19:11 745.24 17.28 79 2.24 0
19:12 745.24 17.22 79 2.24 0
19:13 745.24 17.17 79 1.79 0
19:14 745.24 17.17 79 2.24 0
19:15 745.24 17.17 79 .89 0
19:16 745.24 17.17 80 1.34 0
19:17 745.24 17.06 80 2.24 0
19:18 745.24 17.06 80 2.24 0
19:19 745.24 17.06 80 2.24 0
19:20 745.24 17 80 1.79 0
19:21 745.24 17 80 1.79 0
19:22 745.24 17 80 2.24 0
19:23 745.24 16.94 80 2.68 0
19:24 745.24 16.94 80 1.79 0
19:25 745.24 16.89 80 2.24 0
19:26 745.24 16.89 80 1.79 0
19:27 745.24 16.89 80 2.24 0
19:28 745.24 16.89 80 3.58 0
19:29 745.24 16.83 79 3.58 0
19:30 745.24 16.89 79 1.79 0
19:31 745.24 16.94 79 2.24 0
19:32 745.24 16.94 79 1.79 0
19:33 745.24 16.94 79 2.24 0
19:34 745.24 17 79 2.24 0
19:35 745.24 16.94 78 2.68 0
19:36 745.24 16.94 78 2.24 0
19:37 745.24 16.94 78 2.68 0
19:38 745.24 16.94 78 2.68 0
19:39 745.49 16.94 78 2.68 0
19:40 745.49 16.89 77 2.24 0
19:41 745.49 16.94 77 1.79 0
19:42 745.49 16.89 77 1.79 0
19:43 745.49 16.89 77 1.34 0
19:44 745.49 16.89 77 1.34 0
19:45 745.49 16.89 77 1.79 0
19:46 745.49 16.83 77 1.79 0
19:47 745.49 16.83 77 1.79 0
19:48 745.49 16.83 77 1.79 0
19:49 745.49 16.83 77 2.24 0
19:50 745.49 16.78 77 2.24 0
19:51 745.49 16.83 77 1.79 0
19:52 745.49 16.78 77 1.34 0
19:53 745.74 16.83 77 1.34 0
19:54 745.74 16.83 77 .89 0
19:55 745.74 16.83 77 1.79 0
19:56 745.74 16.83 77 1.79 0
19:57 745.74 16.83 77 1.34 0
19:58 745.74 16.83 77 .89 0
19:59 745.74 16.83 77 1.34 0
20:00 745.74 16.83 77 1.34 0
20:01 745.74 16.83 77 .89 0
20:02 745.74 16.83 77 1.79 0
20:03 745.74 16.78 77 1.79 0
20:04 745.74 16.78 77 2.24 0
20:05 745.74 16.72 74 2.68 0
20:06 745.74 16.78 75 1.34 0
20:07 745.74 16.78 76 1.79 0
20:08 745.74 16.78 75 3.13 0
20:09 745.74 16.78 76 3.13 0
20:10 745.74 16.78 74 2.24 0
20:11 745.74 16.78 74 1.79 0
20:12 745.74 16.78 73 2.68 0
20:13 745.74 16.78 73 2.68 0
20:14 745.74 16.78 72 4.47 0
20:15 745.74 16.78 72 2.68 0
20:16 746 16.78 70 2.68 0
20:17 746 16.78 70 1.79 0
20:18 746 16.83 70 3.13 0
20:19 746 16.83 70 3.58 0
20:20 746 16.83 69 3.13 0
20:21 746 16.83 70 4.02 0
20:22 746 16.83 70 2.68 0
20:23 746 16.83 70 1.79 0
20:24 746 16.78 69 1.79 0
20:25 746 16.78 70 4.02 0
20:26 746 16.78 69 2.68 0
20:27 746 16.72 69 4.47 0
20:28 746 16.72 69 2.68 0
20:29 746 16.72 70 1.79 0
20:30 746 16.67 71 4.47 0
20:31 746 16.67 70 2.24 0
20:32 746 16.67 71 2.24 0
20:33 746 16.61 71 4.02 0
20:34 746 16.67 71 2.68 0
20:35 746 16.61 71 1.34 0
20:36 746 16.61 71 1.79 0
20:37 746 16.56 71 4.47 0
20:38 746 16.56 71 1.79 0
20:39 746 16.56 71 2.68 0
20:40 746 16.5 71 2.24 0
20:41 746 16.5 71 2.24 0
20:42 746 16.5 71 1.79 0
20:43 746 16.44 71 3.58 0
20:44 746.25 16.44 71 2.24 0
20:45 746.25 16.44 71 3.13 0
20:46 746 16.44 70 2.24 0
20:47 746.25 16.39 70 4.02 0
20:48 746.25 16.39 70 2.24 0
20:49 746.25 16.33 71 1.34 0
20:50 746.25 16.33 71 3.58 0
20:51 746.25 16.33 71 2.24 0
20:52 746.25 16.28 71 2.24 0
20:53 746.25 16.28 71 3.13 0
20:54 746.25 16.28 71 3.13 0
20:55 746.25 16.28 70 1.79 0
20:56 746.25 16.22 71 2.68 0
20:57 746.25 16.22 70 1.79 0
20:58 746.25 16.17 71 2.24 0
20:59 746.25 16.17 71 1.79 0
21:00 746.25 16.11 71 1.34 0
21:01 746.25 16.11 71 2.68 0
21:02 746.25 16.06 71 2.24 0
21:03 746.25 16.06 71 1.79 0
21:04 746.25 16.06 71 1.34 0
21:05 746.25 16 71 1.79 0
21:06 746.25 16 71 1.79 0
21:07 746.25 15.94 71 1.34 0
21:08 746.25 15.94 71 1.79 0
21:09 746.51 15.94 71 .89 0
21:10 746.51 15.89 71 1.79 0
21:11 746.51 15.89 71 2.68 0
21:12 746.51 15.83 71 2.24 0
21:13 746.51 15.83 71 2.24 0
21:14 746.51 15.83 70 4.02 0
21:15 746.51 15.78 70 2.68 0
21:16 746.51 15.78 70 2.68 0
21:17 746.51 15.72 70 1.79 0
21:18 746.51 15.72 71 1.79 0
21:19 746.51 15.67 71 2.24 0
21:20 746.51 15.61 71 1.79 0
21:21 746.51 15.56 71 2.68 0
21:22 746.51 15.5 71 1.79 0
21:23 746.51 15.5 71 1.79 0
21:24 746.51 15.44 71 1.34 0
21:25 746.51 15.39 71 3.13 0
21:26 746.51 15.39 71 1.34 0
21:27 746.51 15.33 72 1.34 0
21:28 746.51 15.28 72 .89 0
21:29 746.51 15.28 72 2.24 0
21:30 746.51 15.22 72 1.34 0
21:31 746.51 15.22 72 .89 0
21:32 746.51 15.17 72 1.79 0
21:33 746.51 15.11 73 1.79 0
21:34 746.51 15.06 73 .89 0
21:35 746.51 15 73 .45 0
21:36 746.51 15 73 1.34 0
21:37 746.51 14.94 73 .89 0
21:38 746.76 14.89 74 1.79 0
21:39 746.76 14.89 74 1.34 0
21:40 746.51 14.83 74 .45 0
21:41 746.76 14.78 74 3.58 0
21:42 746.76 14.78 74 1.34 0
21:43 746.76 14.78 74 1.79 0
21:44 746.76 14.72 74 .45 0
21:45 746.76 14.67 74 1.79 0
21:46 746.76 14.67 74 2.24 0
21:47 746.76 14.61 74 1.79 0
21:48 746.76 14.61 74 1.79 0
21:49 746.76 14.56 74 1.34 0
21:50 746.76 14.56 74 1.79 0
21:51 746.76 14.5 74 .89 0
21:52 746.76 14.5 74 .89 0
21:53 746.76 14.5 74 2.24 0
21:54 746.76 14.44 74 1.79 0
21:55 746.76 14.44 74 1.79 0
21:56 746.76 14.44 74 2.24 0
21:57 746.76 14.44 74 1.34 0
21:58 746.76 14.39 74 1.79 0
21:59 746.76 14.39 74 .45 0
22:00 746.76 14.33 74 2.24 0
22:01 746.76 14.33 74 .45 0
22:02 746.76 14.33 74 1.79 0
22:03 746.76 14.28 74 .89 0
22:04 746.76 14.28 74 .89 0
22:05 746.76 14.22 74 1.34 0
22:06 746.76 14.22 74 1.34 0
22:07 747.01 14.17 74 1.34 0
22:08 747.01 14.11 74 .89 0
22:09 747.01 14.11 75 .89 0
22:10 747.01 14.11 75 1.34 0
22:11 747.01 14.06 74 .89 0
22:12 747.01 14 74 0 0
22:13 747.01 14 74 .45 0
22:14 747.01 13.94 75 .89 0
22:15 747.01 13.94 75 .45 0
22:16 747.01 13.94 75 1.34 0
22:17 747.01 13.89 75 1.34 0
22:18 747.01 13.89 75 .45 0
22:19 747.01 13.83 75 1.34 0
22:20 747.01 13.83 76 1.79 0
22:21 747.01 13.83 75 .89 0
22:22 747.01 13.83 76 .89 0
22:23 747.01 13.83 76 .45 0
22:24 747.01 13.78 76 .45 0
22:25 747.01 13.78 76 .45 0
22:26 747.01 13.78 76 .45 0
22:27 747.01 13.72 75 .89 0
22:28 747.01 13.78 76 1.34 0
22:29 747.01 13.72 76 .45 0
22:30 747.01 13.78 76 .89 0
22:31 747.01 13.72 76 1.34 0
22:32 747.01 13.72 75 .89 0
22:33 747.01 13.67 75 1.79 0
22:34 747.01 13.72 75 .89 0
22:35 747.01 13.67 75 .89 0
22:36 747.01 13.72 75 .89 0
22:37 747.01 13.67 75 .89 0
22:38 747.01 13.67 75 .89 0
22:39 747.01 13.61 75 1.34 0
22:40 747.01 13.61 75 .45 0
22:41 747.01 13.61 75 .89 0
22:42 747.01 13.61 75 1.79 0
22:43 747.01 13.56 75 1.34 0
22:44 747.01 13.5 75 1.34 0
22:45 747.01 13.5 75 1.34 0
22:46 747.01 13.5 75 1.34 0
22:47 747.27 13.44 75 .89 0
22:48 747.01 13.44 75 1.79 0
22:49 747.27 13.44 75 .89 0
22:50 747.27 13.39 76 1.79 0
22:51 747.27 13.33 76 1.34 0
22:52 747.27 13.33 76 1.79 0
22:53 747.27 13.28 76 .45 0
22:54 747.27 13.28 76 .89 0
22:55 747.27 13.22 76 1.34 0
22:56 747.27 13.17 76 1.34 0
22:57 747.27 13.17 76 1.34 0
22:58 747.27 13.17 76 1.34 0
22:59 747.27 13.17 76 .89 0
23:00 747.27 13.11 76 .89 0
23:01 747.27 13.06 76 .89 0
23:02 747.27 13.06 77 .89 0
23:03 747.27 13 77 .89 0
23:04 747.27 13 77 1.34 0
23:05 747.27 12.94 77 1.34 0
23:06 747.27 13 77 .45 0
23:07 747.27 12.94 77 .89 0
23:08 747.27 12.89 77 .89 0
23:09 747.27 12.83 77 .89 0
23:10 747.27 12.83 77 .89 0
23:11 747.27 12.78 77 .89 0
23:12 747.27 12.78 77 1.34 0
23:13 747.27 12.72 77 .89 0
23:14 747.27 12.72 78 1.34 0
23:15 747.27 12.72 78 .89 0
23:16 747.27 12.67 78 1.34 0
23:17 747.27 12.67 78 .45 0
23:18 747.27 12.61 78 .45 0
23:19 747.27 12.61 78 .89 0
23:20 747.27 12.61 78 .45 0
23:21 747.27 12.56 78 .45 0
23:22 747.52 12.56 79 .45 0
23:23 747.52 12.44 79 0 0
23:24 747.27 12.5 79 0 0
23:25 747.52 12.44 79 0 0
23:26 747.27 12.39 80 0 0
23:27 747.52 12.33 80 0 0
23:28 747.52 12.28 80 0 0
23:29 747.52 12.22 80 0 0
23:30 747.52 12.17 80 0 0
23:31 747.52 12.06 81 .45 0
23:32 747.52 11.94 81 .45 0
23:33 747.52 11.89 81 .45 0
23:34 747.27 11.83 80 .45 0
23:35 747.52 11.67 81 .45 0
23:36 747.52 11.56 81 .45 0
23:37 747.52 11.44 81 .45 0
23:38 747.52 11.28 81 .45 0
23:39 747.52 11.28 81 .45 0
23:40 747.52 11.17 81 .45 0
23:41 747.52 11.11 82 .45 0
23:42 747.52 11 82 .89 0
23:43 747.52 10.94 82 .89 0
23:44 747.52 10.89 83 .89 0
23:45 747.52 10.83 83 .45 0
23:46 747.52 10.78 83 .45 0
23:47 747.52 10.78 84 .89 0
23:48 747.52 10.72 84 .89 0
23:49 747.52 10.67 84 .89 0
23:50 747.52 10.61 84 .89 0
23:51 747.52 10.56 84 .89 0
23:52 747.52 10.56 84 .45 0
23:53 747.52 10.5 85 .45 0
23:54 747.52 10.5 85 .89 0
23:55 747.52 10.44 85 .89 0
23:56 747.52 10.44 85 .89 0
23:57 747.52 10.39 85 .89 0
23:58 747.52 10.33 85 .45 0
23:59 747.52 10.33 85 .89 0
