00:00 751.08 14.67 55 1.79 0
00:01 751.08 14.67 55 1.34 0
00:02 751.08 14.67 55 .89 0
00:03 751.08 14.67 55 .89 0
00:04 751.08 14.61 55 1.34 0
00:05 751.08 14.61 55 1.34 0
00:06 751.08 14.56 55 2.24 0
00:07 751.08 14.56 56 .89 0
00:08 751.08 14.56 56 1.34 0
00:09 751.08 14.56 56 1.34 0
00:10 751.08 14.56 56 .89 0
00:11 751.08 14.56 56 2.24 0
00:12 751.08 14.56 56 2.68 0
00:13 751.08 14.56 56 3.58 0
00:14 751.08 14.5 56 1.79 0
00:15 751.08 14.56 55 2.24 0
00:16 751.08 14.61 56 3.13 0
00:17 751.08 14.56 56 2.24 0
00:18 751.08 14.61 56 2.24 0
00:19 751.08 14.61 56 3.13 0
00:20 751.08 14.61 56 1.34 0
00:21 751.08 14.61 56 3.13 0
00:22 751.08 14.61 56 2.24 0
00:23 751.08 14.61 56 2.24 0
00:24 751.08 14.61 55 2.68 0
00:25 751.08 14.61 56 2.24 0
00:26 751.08 14.61 56 4.02 0
00:27 751.08 14.61 55 3.13 0
00:28 751.08 14.61 56 2.24 0
00:29 751.08 14.61 56 2.68 0
00:30 751.08 14.61 56 3.58 0
00:31 751.08 14.61 56 2.68 0
00:32 751.08 14.56 56 1.79 0
00:33 751.08 14.56 56 1.79 0
00:34 751.08 14.56 56 1.79 0
00:35 751.08 14.56 56 2.24 0
00:36 751.08 14.5 56 2.24 0
00:37 751.08 14.56 56 1.79 0
00:38 751.08 14.5 56 3.13 0
00:39 751.08 14.5 56 1.79 0
00:40 751.08 14.5 56 1.34 0
00:41 751.08 14.5 56 1.34 0
00:42 751.08 14.44 56 2.24 0
00:43 751.08 14.5 56 .89 0
00:44 751.08 14.44 56 1.34 0
00:45 751.08 14.44 56 2.24 0
00:46 751.08 14.44 56 2.24 0
00:47 751.08 14.44 56 3.58 0
00:48 751.08 14.44 56 3.13 0
00:49 751.08 14.44 56 3.58 0
00:50 751.08 14.44 56 2.24 0
00:51 751.08 14.44 56 2.24 0
00:52 751.08 14.39 56 2.24 0
00:53 751.08 14.39 56 1.34 0
00:54 751.08 14.39 56 2.24 0
00:55 751.08 14.33 56 2.68 0
00:56 751.08 14.33 56 2.24 0
00:57 750.82 14.33 56 2.68 0
00:58 750.82 14.33 56 3.13 0
00:59 750.82 14.28 56 1.79 0
01:00 750.82 14.28 56 3.13 0
01:01 750.82 14.28 56 3.58 0
01:02 750.82 14.33 56 1.79 0
01:03 750.82 14.33 56 3.58 0
01:04 750.82 14.33 56 2.24 0
01:05 750.82 14.33 56 3.13 0
01:06 750.82 14.28 56 1.79 0
01:07 750.82 14.28 56 2.24 0
01:08 750.82 14.28 56 2.24 0
01:09 750.82 14.28 56 2.24 0
01:10 750.82 14.28 56 1.79 0
01:11 750.82 14.28 56 1.79 0
01:12 750.82 14.28 56 1.79 0
01:13 750.82 14.28 56 1.34 0
01:14 750.82 14.28 56 1.79 0
01:15 750.82 14.28 56 2.24 0
01:16 750.82 14.28 56 1.34 0
01:17 750.82 14.28 56 1.79 0
01:18 750.82 14.28 56 1.79 0
01:19 750.82 14.28 56 1.79 0
01:20 750.82 14.22 56 1.79 0
01:21 751.08 14.22 56 1.34 0
01:22 750.82 14.22 56 1.34 0
01:23 751.08 14.22 56 .89 0
01:24 750.82 14.22 56 2.24 0
01:25 750.82 14.22 56 .89 0
01:26 750.82 14.22 56 .89 0
01:27 751.08 14.17 56 1.79 0
01:28 751.08 14.17 56 1.34 0
01:29 751.08 14.11 56 1.34 0
01:30 751.08 14.17 56 1.34 0
01:31 751.08 14.11 56 .45 0
01:32 751.08 14.11 56 .89 0
01:33 751.08 14.06 56 .45 0
01:34 751.08 14.06 56 1.34 0
01:35 751.08 14.06 56 .89 0
01:36 751.08 14.06 57 .89 0
01:37 751.08 14 57 1.34 0
01:38 751.08 14 57 1.34 0
01:39 751.08 14 57 1.34 0
01:40 751.08 13.94 57 1.34 0
01:41 751.08 14 57 1.34 0
01:42 751.08 13.94 57 1.34 0
01:43 751.08 13.94 57 1.34 0
01:44 751.08 13.94 57 1.79 0
01:45 751.08 14 57 2.24 0
01:46 751.08 13.94 57 2.24 0
01:47 750.82 14 57 2.68 0
01:48 751.08 14 57 2.24 0
01:49 751.08 14 57 2.24 0
01:50 751.08 14 58 2.24 0
01:51 750.82 13.94 58 3.58 0
01:52 750.82 13.94 58 5.81 0
01:53 751.08 13.94 57 3.13 0
01:54 750.82 13.94 57 2.68 0
01:55 750.82 13.94 58 3.58 0
01:56 750.82 13.89 58 4.02 0
01:57 750.82 13.89 58 2.24 0
01:58 750.82 13.89 58 1.79 0
01:59 750.82 13.83 58 2.24 0
02:00 750.82 13.83 58 2.68 0
02:01 750.82 13.83 58 1.79 0
02:02 750.82 13.78 58 4.47 0
02:03 750.82 13.78 59 4.02 0
02:04 750.82 13.72 59 3.13 0
02:05 750.82 13.72 59 3.58 0
02:06 750.82 13.72 59 2.24 0
02:07 750.82 13.72 59 1.79 0
02:08 750.82 13.67 59 2.68 0
02:09 750.82 13.67 59 .89 0
02:10 750.82 13.67 59 2.24 0
02:11 750.82 13.67 59 3.58 0
02:12 750.82 13.67 59 .89 0
02:13 750.82 13.67 59 3.13 0
02:14 750.82 13.67 59 1.79 0
02:15 750.82 13.67 59 3.13 0
02:16 750.82 13.67 59 1.34 0
02:17 750.82 13.67 59 3.13 0
02:18 750.82 13.67 59 3.13 0
02:19 750.82 13.67 59 1.34 0
02:20 750.82 13.67 59 4.47 0
02:21 750.82 13.67 59 1.79 0
02:22 751.08 13.72 59 1.34 0
02:23 751.08 13.72 59 1.79 0
02:24 751.08 13.67 59 2.24 0
02:25 751.08 13.72 59 1.79 0
02:26 751.08 13.72 59 2.24 0
02:27 751.08 13.72 58 1.34 0
02:28 751.08 13.72 59 2.68 0
02:29 751.08 13.72 59 1.79 0
02:30 751.08 13.72 59 .89 0
02:31 751.08 13.72 59 1.79 0
02:32 751.08 13.72 59 .89 0
02:33 751.08 13.72 59 .45 0
02:34 751.08 13.72 59 .89 0
02:35 751.08 13.72 59 2.24 0
02:36 751.08 13.72 59 1.34 0
02:37 751.08 13.72 59 1.34 0
02:38 751.08 13.72 59 2.24 0
02:39 751.08 13.72 59 2.24 0
02:40 751.08 13.72 59 1.34 0
02:41 751.08 13.67 59 1.34 0
02:42 751.08 13.67 59 1.34 0
02:43 751.08 13.72 59 1.79 0
02:44 751.08 13.72 59 2.24 0
02:45 751.08 13.67 59 2.24 0
02:46 751.08 13.67 59 1.79 0
02:47 751.08 13.72 59 1.34 0
02:48 751.08 13.72 59 1.34 0
02:49 751.08 13.67 59 1.34 0
02:50 751.08 13.72 59 1.79 0
02:51 751.08 13.72 59 1.79 0
02:52 751.08 13.72 59 1.79 0
02:53 751.08 13.72 59 1.79 0
02:54 751.08 13.72 59 3.13 0
02:55 751.08 13.67 59 2.24 0
02:56 751.08 13.67 59 1.79 0
02:57 751.08 13.67 59 3.13 0
02:58 751.08 13.67 59 1.79 0
02:59 751.08 13.67 59 3.13 0
03:00 751.08 13.67 59 3.58 0
03:01 751.08 13.61 59 1.34 0
03:02 751.08 13.61 59 2.68 0
03:03 751.08 13.61 59 4.02 0
03:04 751.08 13.61 59 3.58 0
03:05 751.08 13.67 59 1.79 0
03:06 751.08 13.67 59 3.13 0
03:07 750.82 13.67 59 3.13 0
03:08 750.82 13.67 59 4.92 0
03:09 750.82 13.61 59 4.47 0
03:10 750.82 13.67 59 3.58 0
03:11 750.82 13.61 59 2.24 0
03:12 750.82 13.61 59 2.24 0
03:13 751.08 13.61 59 2.24 0
03:14 750.82 13.61 59 2.24 0
03:15 750.82 13.61 59 2.24 0
03:16 750.82 13.61 59 3.13 0
03:17 750.82 13.61 59 1.79 0
03:18 750.82 13.56 59 3.13 0
03:19 750.82 13.61 59 3.58 0
03:20 750.82 13.61 59 2.24 0
03:21 750.82 13.61 59 .45 0
03:22 750.82 13.56 59 .45 0
03:23 750.82 13.61 59 2.24 0
03:24 750.82 13.61 59 1.79 0
03:25 750.82 13.61 60 3.13 0
03:26 750.82 13.61 59 4.92 0
03:27 750.82 13.61 60 4.47 0
03:28 750.82 13.56 59 4.02 0
03:29 750.82 13.61 60 3.13 0
03:30 750.82 13.56 59 4.92 0
03:31 750.82 13.56 59 3.58 0
03:32 750.82 13.56 59 3.13 0
03:33 750.82 13.56 59 1.34 0
03:34 750.82 13.56 60 .89 0
03:35 751.08 13.56 60 3.13 0
03:36 751.08 13.5 60 .89 0
03:37 751.08 13.5 60 4.02 0
03:38 751.08 13.5 60 2.24 0
03:39 751.08 13.5 60 .89 0
03:40 751.08 13.5 60 3.13 0
03:41 751.08 13.5 60 2.68 0
03:42 751.08 13.5 60 1.34 0
03:43 751.08 13.5 60 3.13 0
03:44 751.08 13.5 60 1.79 0
03:45 751.08 13.44 60 3.13 0
03:46 751.08 13.5 60 2.24 0
03:47 751.08 13.44 60 1.34 0
03:48 751.08 13.44 60 1.79 0
03:49 751.08 13.44 60 2.68 0
03:50 751.08 13.44 60 1.34 0
03:51 751.08 13.5 60 2.24 0
03:52 751.08 13.5 60 .45 0
03:53 751.08 13.5 60 .89 0
03:54 751.08 13.5 60 0 0
03:55 751.08 13.5 60 2.24 0
03:56 751.08 13.5 60 .89 0
03:57 751.08 13.56 60 .89 0
03:58 751.08 13.56 60 .45 0
03:59 751.08 13.56 60 1.34 0
04:00 751.08 13.56 60 .89 0
04:01 751.08 13.56 60 1.79 0
04:02 751.08 13.56 60 2.24 0
04:03 751.08 13.56 60 1.79 0
04:04 751.08 13.56 60 1.34 0
04:05 751.08 13.61 60 1.34 0
04:06 751.08 13.56 60 1.79 0
04:07 751.08 13.56 60 1.79 0
04:08 751.08 13.61 60 1.34 0
04:09 751.08 13.61 60 1.34 0
04:10 751.08 13.61 60 2.68 0
04:11 751.08 13.61 60 1.79 0
04:12 751.08 13.61 60 1.79 0
04:13 751.08 13.56 60 1.79 0
04:14 751.08 13.61 60 2.24 0
04:15 751.08 13.61 60 2.68 0
04:16 751.08 13.61 60 4.47 0
04:17 751.08 13.61 60 2.68 0
04:18 751.08 13.56 60 2.24 0
04:19 751.08 13.56 60 2.24 0
04:20 751.08 13.56 60 4.02 0
04:21 751.08 13.56 60 1.79 0
04:22 751.08 13.61 60 3.58 0
04:23 751.08 13.56 60 3.58 0
04:24 751.08 13.56 61 3.13 0
04:25 751.08 13.56 61 1.79 0
04:26 750.82 13.56 61 4.92 0
04:27 750.82 13.56 61 3.58 0
04:28 750.82 13.56 60 4.47 0
04:29 750.82 13.56 61 4.47 0
04:30 750.82 13.56 61 1.34 0
04:31 750.82 13.56 61 2.24 0
04:32 751.08 13.5 61 3.58 0
04:33 750.82 13.5 61 3.13 0
04:34 750.82 13.5 61 1.79 0
04:35 751.08 13.44 61 1.79 0
04:36 751.08 13.44 61 1.79 0
04:37 751.08 13.44 61 3.13 0
04:38 751.08 13.44 62 2.68 0
04:39 750.82 13.44 62 3.13 0
04:40 751.08 13.39 62 4.02 0
04:41 751.08 13.39 62 3.58 0
04:42 751.08 13.44 62 1.79 0
04:43 751.08 13.39 62 2.68 0
04:44 751.08 13.39 62 .89 0
04:45 751.08 13.33 62 .89 0
04:46 751.08 13.39 62 1.34 0
04:47 751.08 13.33 62 1.34 0
04:48 751.08 13.33 62 .89 0
04:49 751.08 13.39 62 0 0
04:50 751.08 13.33 62 .89 0
04:51 751.08 13.33 63 2.24 0
04:52 751.08 13.39 63 1.34 0
04:53 751.08 13.39 63 .89 0
04:54 751.08 13.33 63 .45 0
04:55 751.08 13.39 63 .89 0
04:56 751.08 13.33 63 .89 0
04:57 751.08 13.33 63 .89 0
04:58 751.08 13.33 63 1.34 0
04:59 751.08 13.33 63 1.34 0
05:00 751.08 13.33 63 1.79 0
05:01 751.08 13.33 63 1.79 0
05:02 751.08 13.28 63 2.24 0
05:03 751.08 13.28 64 2.24 0
05:04 751.08 13.28 64 2.24 0
05:05 751.08 13.22 64 3.13 0
05:06 751.08 13.22 64 3.58 0
05:07 751.08 13.17 64 3.13 0
05:08 751.08 13.17 64 2.24 0
05:09 751.08 13.17 64 3.13 0
05:10 751.08 13.11 64 3.13 0
05:11 751.08 13.06 65 3.58 0
05:12 751.08 13.06 65 1.79 0
05:13 751.08 13.06 65 3.13 0
05:14 751.08 13 65 1.34 0
05:15 751.08 13 66 1.79 0
05:16 751.08 13 66 .89 0
05:17 751.08 13 66 .89 0
05:18 751.08 13 66 .45 0
05:19 751.08 13 66 2.68 0
05:20 751.08 12.94 66 2.68 0
05:21 751.08 12.94 66 1.79 0
05:22 751.08 13 66 2.68 0
05:23 751.08 12.94 66 2.24 0
05:24 751.08 12.94 66 3.13 0
05:25 751.08 12.94 66 2.24 0
05:26 751.08 12.89 66 3.13 0
05:27 751.08 12.89 67 2.24 0
05:28 751.08 12.89 67 3.13 0
05:29 751.08 12.83 67 1.79 0
05:30 751.08 12.83 67 3.13 0
05:31 750.82 12.78 67 1.34 0
05:32 751.08 12.78 67 2.24 0
05:33 751.08 12.72 67 3.13 0
05:34 751.08 12.72 67 3.58 0
05:35 750.82 12.72 67 1.79 0
05:36 750.82 12.72 68 1.79 0
05:37 750.82 12.72 68 1.79 0
05:38 751.08 12.72 68 2.24 0
05:39 751.08 12.72 68 3.58 0
05:40 751.08 12.72 68 3.13 0
05:41 751.08 12.72 68 3.13 0
05:42 751.08 12.72 68 3.13 0
05:43 751.08 12.72 67 3.13 0
05:44 751.08 12.72 68 2.24 0
05:45 751.08 12.72 67 3.13 0
05:46 750.82 12.72 68 1.79 0
05:47 750.82 12.72 68 2.24 0
05:48 751.08 12.72 68 2.68 0
05:49 751.08 12.67 68 2.24 0
05:50 751.08 12.67 68 1.79 0
05:51 750.82 12.67 69 1.79 0
05:52 750.82 12.67 69 1.79 0
05:53 750.82 12.61 69 2.68 0
05:54 750.82 12.61 70 1.34 0
05:55 751.08 12.56 70 1.34 0
05:56 751.08 12.56 70 3.13 0
05:57 751.08 12.56 70 1.79 0
05:58 751.08 12.5 70 1.79 0
05:59 750.82 12.5 70 1.79 0
06:00 750.82 12.5 71 1.34 0
06:01 750.82 12.5 70 1.34 0
06:02 750.82 12.44 71 3.58 0
06:03 750.82 12.44 71 4.47 0
06:04 750.82 12.44 71 4.92 0
06:05 750.57 12.39 71 4.92 0
06:06 750.57 12.33 71 6.71 0
06:07 750.57 12.28 71 6.71 0
06:08 750.57 12.22 72 5.36 0
06:09 750.32 12.11 72 7.15 0
06:10 750.32 12.11 72 5.81 0
06:11 750.32 12 72 4.47 0
06:12 750.32 11.94 73 4.47 0
06:13 750.57 11.94 72 4.47 0
06:14 750.57 12 72 1.79 0
06:15 750.57 11.94 73 3.13 0
06:16 750.57 11.94 73 4.02 0
06:17 750.57 11.94 72 2.68 0
06:18 750.57 11.94 72 3.58 0
06:19 750.57 11.94 72 3.58 0
06:20 750.57 11.94 72 2.24 0
06:21 750.57 12 72 1.79 0
06:22 750.57 11.94 72 1.79 0
06:23 750.57 11.94 72 .89 0
06:24 750.82 11.94 73 .89 0
06:25 750.82 11.94 73 .89 0
06:26 750.82 11.94 72 1.34 0
06:27 750.57 11.94 72 1.34 0
06:28 750.57 11.94 72 1.34 0
06:29 750.82 11.94 73 3.58 0
06:30 750.57 11.94 73 1.34 0
06:31 750.57 11.94 73 1.34 0
06:32 750.57 11.89 73 .89 0
06:33 750.57 11.89 73 1.34 0
06:34 750.57 11.89 73 1.79 0
06:35 750.57 11.83 73 1.79 0
06:36 750.57 11.83 73 2.24 0
06:37 750.57 11.83 73 3.13 0
06:38 750.57 11.78 73 1.34 0
06:39 750.57 11.78 73 .89 0
06:40 750.57 11.78 74 2.68 0
06:41 750.57 11.72 74 2.68 0
06:42 750.57 11.72 74 2.68 0
06:43 750.32 11.67 74 2.24 0
06:44 750.32 11.67 75 1.34 0
06:45 750.32 11.61 75 1.79 0
06:46 750.32 11.56 75 1.79 0
06:47 750.32 11.56 75 3.13 0
06:48 750.32 11.5 75 1.34 0
06:49 750.32 11.44 75 4.02 0
06:50 750.32 11.44 75 3.13 0
06:51 750.32 11.44 75 2.68 0
06:52 750.32 11.39 76 3.13 0
06:53 750.32 11.33 75 2.68 0
06:54 750.32 11.33 76 2.68 0
06:55 750.32 11.33 76 2.24 0
06:56 750.32 11.33 76 2.24 0
06:57 750.32 11.39 76 3.58 0
06:58 750.32 11.39 75 2.68 0
06:59 750.32 11.39 76 5.36 0
07:00 750.32 11.44 75 1.79 0
07:01 750.32 11.5 75 4.47 0
07:02 750.32 11.5 75 1.79 0
07:03 750.32 11.5 75 .89 0
07:04 750.32 11.5 75 1.79 0
07:05 750.32 11.5 75 1.79 0
07:06 750.32 11.56 74 4.47 0
07:07 750.06 11.56 74 4.47 0
07:08 750.06 11.61 74 3.58 0
07:09 750.06 11.61 74 3.13 0
07:10 750.06 11.61 74 3.58 0
07:11 750.06 11.61 74 2.24 0
07:12 750.32 11.67 74 .89 0
07:13 750.32 11.72 74 2.24 0
07:14 750.32 11.72 74 1.79 0
07:15 750.32 11.72 74 1.34 0
07:16 750.32 11.78 74 4.92 0
07:17 750.32 11.78 74 3.13 0
07:18 750.32 11.83 74 3.13 0
07:19 750.32 11.83 74 .89 0
07:20 750.32 11.83 74 2.24 0
07:21 750.32 11.89 74 2.24 0
07:22 750.32 11.89 74 3.58 0
07:23 750.32 11.89 74 3.13 0
07:24 750.32 11.94 74 3.58 0
07:25 750.32 11.94 74 2.24 0
07:26 750.32 11.94 74 .89 0
07:27 750.32 11.94 74 2.24 0
07:28 750.32 12 74 3.13 0
07:29 750.32 12 74 2.24 0
07:30 750.32 12 73 4.02 0
07:31 750.32 12 74 3.13 0
07:32 750.32 12 74 3.13 0
07:33 750.32 12.06 73 4.47 0
07:34 750.32 12.06 73 1.79 0
07:35 750.32 12.11 74 3.13 0
07:36 750.32 12.11 74 1.34 0
07:37 750.32 12.11 74 1.79 0
07:38 750.32 12.17 73 2.68 0
07:39 750.32 12.22 73 1.79 0
07:40 750.32 12.22 73 1.79 0
07:41 750.32 12.28 73 .89 0
07:42 750.32 12.28 73 3.13 0
07:43 750.32 12.33 73 3.58 0
07:44 750.32 12.33 73 2.68 0
07:45 750.32 12.39 73 1.34 0
07:46 750.32 12.39 72 4.92 0
07:47 750.32 12.44 72 3.58 0
07:48 750.32 12.44 73 3.13 0
07:49 750.32 12.5 72 1.79 0
07:50 750.32 12.56 73 4.47 0
07:51 750.32 12.56 72 4.47 0
07:52 750.32 12.56 72 3.13 0
07:53 750.32 12.56 72 .89 0
07:54 750.32 12.61 72 4.92 0
07:55 750.32 12.61 72 3.58 0
07:56 750.32 12.67 72 4.02 0
07:57 750.32 12.67 72 3.58 0
07:58 750.32 12.67 72 1.79 0
07:59 750.32 12.72 72 2.24 0
08:00 750.32 12.72 72 4.02 0
08:01 750.32 12.72 72 2.24 0
08:02 750.32 12.72 72 4.02 0
08:03 750.32 12.78 71 3.58 0
08:04 750.32 12.72 72 3.58 0
08:05 750.32 12.78 72 1.34 0
08:06 750.32 12.78 72 2.24 0
08:07 750.32 12.78 72 3.58 0
08:08 750.32 12.83 72 3.58 0
08:09 750.32 12.83 72 4.02 0
08:10 750.32 12.89 71 2.24 0
08:11 750.32 12.89 71 2.24 0
08:12 750.32 12.89 72 1.34 0
08:13 750.32 12.89 72 1.79 0
08:14 750.32 12.89 72 1.79 0
08:15 750.32 12.94 71 1.79 0
08:16 750.32 13 72 2.68 0
08:17 750.32 13 71 3.13 0
08:18 750.32 13 71 3.13 0
08:19 750.32 13.06 71 1.79 0
08:20 750.32 13.11 71 2.68 0
08:21 750.32 13.11 71 3.58 0
08:22 750.32 13.17 71 .89 0
08:23 750.32 13.22 71 1.79 0
08:24 750.32 13.28 71 3.13 0
08:25 750.32 13.28 71 1.79 0
08:26 750.32 13.33 71 1.34 0
08:27 750.32 13.33 70 2.68 0
08:28 750.32 13.33 70 3.13 0
08:29 750.32 13.28 71 2.24 0
08:30 750.32 13.28 71 1.79 0
08:31 750.32 13.28 71 2.24 0
08:32 750.32 13.28 71 1.79 0
08:33 750.32 13.28 71 3.13 0
08:34 750.32 13.28 71 2.24 0
08:35 750.32 13.33 71 .45 0
08:36 750.32 13.39 71 4.02 0
08:37 750.32 13.39 70 2.68 0
08:38 750.32 13.44 70 2.24 0
08:39 750.32 13.44 70 2.24 0
08:40 750.32 13.44 70 1.34 0
08:41 750.32 13.44 70 2.24 0
08:42 750.32 13.5 70 1.79 0
08:43 750.32 13.5 71 3.58 0
08:44 750.32 13.56 70 1.79 0
08:45 750.32 13.56 69 3.58 0
08:46 750.32 13.56 69 1.79 0
08:47 750.32 13.56 69 2.68 0
08:48 750.32 13.56 69 1.34 0
08:49 750.32 13.56 69 .45 0
08:50 750.32 13.56 69 .89 0
08:51 750.32 13.67 69 1.34 0
08:52 750.32 13.67 69 1.34 0
08:53 750.32 13.67 69 3.13 0
08:54 750.32 13.72 69 1.79 0
08:55 750.32 13.72 69 2.68 0
08:56 750.32 13.72 69 1.79 0
08:57 750.32 13.78 69 3.13 0
08:58 750.32 13.78 69 .89 0
08:59 750.32 13.78 70 .89 0
09:00 750.32 13.83 69 .89 0
09:01 750.32 13.89 69 .45 0
09:02 750.32 13.89 69 1.34 0
09:03 750.32 13.89 68 1.34 0
09:04 750.32 13.94 69 1.34 0
09:05 750.32 14 68 3.13 0
09:06 750.32 13.94 68 3.58 0
09:07 750.32 13.94 68 4.02 0
09:08 750.32 13.94 68 2.68 0
09:09 750.32 13.94 68 4.02 0
09:10 750.32 13.94 68 2.24 0
09:11 750.32 14 68 1.79 0
09:12 750.32 14.06 68 1.34 0
09:13 750.32 14.06 68 2.68 0
09:14 750.32 14.17 68 2.68 0
09:15 750.32 14.22 68 1.79 0
09:16 750.32 14.28 69 1.79 0
09:17 750.32 14.33 68 1.79 0
09:18 750.32 14.39 68 1.79 0
09:19 750.32 14.39 67 1.79 0
09:20 750.32 14.39 67 2.68 0
09:21 750.32 14.44 67 .45 0
09:22 750.32 14.44 67 1.79 0
09:23 750.32 14.5 68 2.24 0
09:24 750.32 14.56 68 4.02 0
09:25 750.32 14.61 67 2.24 0
09:26 750.32 14.61 67 2.24 0
09:27 750.32 14.72 67 1.79 0
09:28 750.32 14.72 67 3.58 0
09:29 750.32 14.72 66 4.47 0
09:30 750.32 14.72 66 3.58 0
09:31 750.32 14.72 66 3.58 0
09:32 750.32 14.78 67 1.34 0
09:33 750.32 14.78 67 .89 0
09:34 750.32 14.83 66 2.24 0
09:35 750.32 14.78 66 2.68 0
09:36 750.32 14.83 66 2.24 0
09:37 750.32 14.89 66 2.24 0
09:38 750.32 14.94 65 1.79 0
09:39 750.32 15.06 66 .89 0
09:40 750.32 15.11 66 2.24 0
09:41 750.32 15.22 66 1.79 0
09:42 750.32 15.39 65 4.02 0
09:43 750.32 15.44 64 4.02 0
09:44 750.32 15.56 64 2.24 0
09:45 750.32 15.67 64 4.02 0
09:46 750.32 15.72 64 .89 0
09:47 750.32 15.83 64 3.58 0
09:48 750.32 15.89 64 1.34 0
09:49 750.32 15.94 63 .89 0
09:50 750.32 16.06 63 3.13 0
09:51 750.32 16.06 63 4.02 0
09:52 750.32 16 62 1.79 0
09:53 750.32 16.06 62 4.02 0
09:54 750.32 16.06 63 4.02 0
09:55 750.32 16.06 62 2.24 0
09:56 750.32 15.94 62 4.02 0
09:57 750.32 15.94 63 3.58 0
09:58 750.32 15.94 63 2.68 0
09:59 750.32 16 63 3.58 0
10:00 750.32 16.06 63 .89 0
10:01 750.32 16.17 62 4.02 0
10:02 750.32 16.17 62 3.13 0
10:03 750.32 16.22 62 4.47 0
10:04 750.32 16.28 62 3.13 0
10:05 750.32 16.28 62 3.58 0
10:06 750.32 16.28 61 1.34 0
10:07 750.32 16.28 61 3.13 0
10:08 750.32 16.39 62 4.02 0
10:09 750.32 16.39 61 1.79 0
10:10 750.32 16.44 62 .89 0
10:11 750.32 16.56 62 1.79 0
10:12 750.32 16.61 62 .45 0
10:13 750.32 16.78 61 1.79 0
10:14 750.32 16.89 60 2.68 0
10:15 750.57 16.94 60 1.79 0
10:16 750.32 17 60 2.68 0
10:17 750.32 17 60 4.92 0
10:18 750.32 17 59 3.58 0
10:19 750.32 17 59 2.68 0
10:20 750.32 17.06 59 1.79 0
10:21 750.32 17.17 60 1.79 0
10:22 750.32 17.22 59 1.34 0
10:23 750.32 17.28 59 3.58 0
10:24 750.32 17.33 59 3.13 0
10:25 750.32 17.33 58 1.34 0
10:26 750.32 17.39 59 .89 0
10:27 750.32 17.44 58 3.58 0
10:28 750.32 17.44 58 1.79 0
10:29 750.32 17.5 58 1.79 0
10:30 750.32 17.61 58 1.79 0
10:31 750.32 17.72 58 2.24 0
10:32 750.32 17.78 58 2.24 0
10:33 750.32 17.89 57 1.34 0
10:34 750.32 18.06 58 4.02 0
10:35 750.32 18.17 56 5.36 0
10:36 750.32 18.22 55 4.47 0
10:37 750.32 18.17 56 4.02 0
10:38 750.32 18.22 56 3.58 0
10:39 750.32 18.22 55 2.68 0
10:40 750.32 18.22 55 2.24 0
10:41 750.32 18.22 55 2.68 0
10:42 750.32 18.33 56 .89 0
10:43 750.32 18.44 56 1.79 0
10:44 750.32 18.56 55 4.02 0
10:45 750.32 18.61 54 .89 0
10:46 750.32 18.67 55 2.68 0
10:47 750.32 18.72 55 4.02 0
10:48 750.32 18.67 54 4.02 0
10:49 750.32 18.67 55 1.34 0
10:50 750.32 18.72 55 .45 0
10:51 750.32 18.78 54 1.79 0
10:52 750.32 18.83 54 2.68 0
10:53 750.32 19 54 1.34 0
10:54 750.06 19.17 54 3.58 0
10:55 750.32 19.17 53 1.79 0
10:56 750.32 19.22 53 1.79 0
10:57 750.32 19.28 53 3.58 0
10:58 750.06 19.33 53 1.79 0
10:59 750.06 19.39 53 1.34 0
11:00 750.06 19.44 53 2.68 0
11:01 750.06 19.5 53 4.02 0
11:02 750.06 19.56 52 4.92 0
11:03 750.06 19.44 50 4.02 0
11:04 750.32 19.39 52 1.79 0
11:05 750.32 19.44 52 2.68 0
11:06 750.32 19.44 50 3.58 0
11:07 750.32 19.44 51 6.26 0
11:08 750.32 19.44 51 4.92 0
11:09 750.06 19.44 50 3.13 0
11:10 750.06 19.39 50 4.02 0
11:11 750.06 19.39 51 3.58 0
11:12 750.06 19.44 50 .45 0
11:13 750.06 19.56 50 4.47 0
11:14 750.06 19.56 50 1.79 0
11:15 750.06 19.67 50 1.34 0
11:16 750.06 19.72 50 5.36 0
11:17 750.06 19.67 50 4.02 0
11:18 750.06 19.67 49 4.02 0
11:19 750.06 19.61 49 3.13 0
11:20 750.06 19.56 50 5.81 0
11:21 750.06 19.56 49 4.02 0
11:22 750.06 19.56 50 2.24 0
11:23 750.06 19.56 50 4.47 0
11:24 750.06 19.56 50 2.24 0
11:25 750.06 19.56 50 2.24 0
11:26 750.06 19.61 50 4.92 0
11:27 750.06 19.67 50 2.24 0
11:28 750.06 19.78 50 2.68 0
11:29 750.06 19.83 50 1.79 0
11:30 750.06 19.83 50 2.24 0
11:31 750.06 19.83 50 4.47 0
11:32 750.06 19.83 49 .89 0
11:33 750.06 19.78 50 4.02 0
11:34 750.06 19.72 50 3.58 0
11:35 750.06 19.72 50 4.02 0
11:36 750.06 19.72 49 4.02 0
11:37 750.06 19.72 50 4.47 0
11:38 750.06 19.72 50 2.68 0
11:39 750.06 19.72 50 3.58 0
11:40 750.06 19.78 50 2.24 0
11:41 750.06 19.78 50 .89 0
11:42 750.06 19.78 50 3.58 0
11:43 750.06 19.78 50 3.13 0
11:44 750.06 19.83 50 1.34 0
11:45 750.06 19.89 50 5.81 0
11:46 750.06 19.89 49 2.68 0
11:47 750.06 19.89 50 1.79 0
11:48 750.06 19.94 49 4.02 0
11:49 750.06 19.83 49 1.79 0
11:50 750.06 19.89 49 4.02 0
11:51 750.06 19.89 50 4.02 0
11:52 750.06 19.89 49 4.47 0
11:53 750.06 19.89 50 3.13 0
11:54 750.06 19.89 50 3.13 0
11:55 750.06 19.94 50 .89 0
11:56 750.06 20 50 1.34 0
11:57 750.06 20.06 50 1.34 0
11:58 750.06 20.11 49 4.02 0
11:59 750.06 20.17 49 2.24 0
12:00 750.06 20.22 49 2.68 0
12:01 750.06 20.28 49 2.68 0
12:02 750.06 20.28 49 2.68 0
12:03 750.06 20.28 49 3.13 0
12:04 749.81 20.22 49 2.24 0
12:05 749.81 20.22 50 3.58 0
12:06 749.81 20.22 49 3.13 0
12:07 749.81 20.22 49 3.13 0
12:08 750.06 20.22 49 2.68 0
12:09 749.81 20.28 49 2.24 0
12:10 749.81 20.39 50 1.79 0
12:11 749.81 20.44 49 3.58 0
12:12 749.81 20.56 50 4.47 0
12:13 749.81 20.78 49 2.68 0
12:14 749.81 20.89 49 3.58 0
12:15 749.81 20.94 48 4.02 0
12:16 749.81 21.06 48 2.24 0
12:17 749.81 21.11 48 1.34 0
12:18 749.81 21.22 48 4.47 0
12:19 749.81 21.28 47 4.02 0
12:20 749.81 21.39 47 3.58 0
12:21 749.81 21.39 47 1.79 0
12:22 749.81 21.44 47 .89 0
12:23 749.81 21.5 47 2.68 0
12:24 749.81 21.56 46 2.68 0
12:25 749.81 21.56 47 2.24 0
12:26 749.81 21.5 47 4.02 0
12:27 749.81 21.56 47 3.58 0
12:28 749.81 21.61 47 2.24 0
12:29 749.81 21.67 47 4.47 0
12:30 749.81 21.67 46 3.58 0
12:31 749.81 21.72 47 4.02 0
12:32 749.81 21.78 47 2.24 0
12:33 749.81 21.83 46 4.02 0
12:34 749.81 21.89 46 1.34 0
12:35 749.81 21.89 46 3.13 0
12:36 749.81 21.83 46 5.36 0
12:37 749.81 21.83 46 4.47 0
12:38 749.81 21.78 46 5.36 0
12:39 749.81 21.72 47 5.36 0
12:40 749.81 21.67 47 3.13 0
12:41 749.81 21.61 47 4.47 0
12:42 749.81 21.72 48 3.58 0
12:43 749.81 21.72 47 2.68 0
12:44 749.81 21.83 47 3.58 0
12:45 749.81 21.94 47 4.47 0
12:46 749.81 22.06 47 1.79 0
12:47 749.81 22.06 47 4.47 0
12:48 749.81 22.06 47 3.58 0
12:49 749.81 22.06 46 2.24 0
12:50 749.81 22.11 46 4.02 0
12:51 749.81 22.17 46 4.02 0
12:52 749.81 22.17 46 2.68 0
12:53 749.81 22.17 46 1.79 0
12:54 749.81 22.22 46 1.79 0
12:55 749.81 22.28 46 4.92 0
12:56 749.55 22.33 46 4.92 0
12:57 749.81 22.22 46 1.79 0
12:58 749.81 22.17 46 1.79 0
12:59 749.55 22.11 46 4.02 0
13:00 749.81 22.06 46 6.71 0
13:01 749.55 22 46 5.81 0
13:02 749.55 21.94 46 1.79 0
13:03 749.55 21.83 47 1.34 0
13:04 749.55 21.83 48 4.02 0
13:05 749.55 21.83 47 4.47 0
13:06 749.55 21.83 47 4.02 0
13:07 749.55 21.83 47 5.36 0
13:08 749.55 21.78 47 3.58 0
13:09 749.55 21.78 47 4.02 0
13:10 749.55 21.72 47 2.68 0
13:11 749.55 21.67 47 3.58 0
13:12 749.55 21.67 48 3.58 0
13:13 749.55 21.72 48 4.47 0
13:14 749.3 21.72 48 2.24 0
13:15 749.55 21.78 48 4.02 0
13:16 749.3 21.83 48 5.36 0
13:17 749.55 21.78 48 2.24 0
13:18 749.3 21.83 48 5.81 0
13:19 749.55 21.83 48 .89 0
13:20 749.55 21.83 48 1.34 0
13:21 749.3 21.83 48 6.26 0
13:22 749.3 21.83 48 4.02 0
13:23 749.3 21.78 48 4.02 0
13:24 749.55 21.72 48 4.92 0
13:25 749.55 21.72 48 4.02 0
13:26 749.55 21.72 48 5.36 0
13:27 749.3 21.67 49 2.68 0
13:28 749.55 21.72 49 3.13 0
13:29 749.55 21.67 49 3.13 0
13:30 749.55 21.67 49 2.24 0
13:31 749.55 21.72 49 2.68 0
13:32 749.55 21.72 49 2.68 0
13:33 749.55 21.78 49 2.24 0
13:34 749.55 21.83 49 4.02 0
13:35 749.55 21.83 49 4.02 0
13:36 749.55 21.83 49 4.47 0
13:37 749.55 21.83 49 1.79 0
13:38 749.55 21.83 49 2.24 0
13:39 749.55 21.78 49 2.68 0
13:40 749.55 21.83 50 3.13 0
13:41 749.55 21.78 49 4.47 0
13:42 749.55 21.72 50 3.58 0
13:43 749.55 21.72 50 3.58 0
13:44 749.55 21.72 50 2.24 0
13:45 749.55 21.67 50 1.34 0
13:46 749.55 21.67 50 1.34 0
13:47 749.55 21.72 50 2.68 0
13:48 749.55 21.78 50 2.68 0
13:49 749.55 21.78 50 3.58 0
13:50 749.55 21.67 50 2.68 0
13:51 749.55 21.61 50 4.02 0
13:52 749.55 21.56 50 4.02 0
13:53 749.55 21.56 51 3.58 0
13:54 749.55 21.56 51 3.58 0
13:55 749.55 21.56 50 2.68 0
13:56 749.55 21.56 51 .89 0
13:57 749.55 21.61 51 4.47 0
13:58 749.55 21.61 51 5.81 0
13:59 749.55 21.61 50 4.92 0
14:00 749.55 21.56 50 4.92 0
14:01 749.55 21.56 51 4.47 0
14:02 749.55 21.44 51 1.79 0
14:03 749.55 21.39 51 1.79 0
14:04 749.55 21.44 51 3.13 0
14:05 749.55 21.44 52 3.58 0
14:06 749.55 21.44 52 1.79 0
14:07 749.55 21.44 52 1.34 0
14:08 749.55 21.5 51 4.02 0
14:09 749.3 21.44 52 4.02 0
14:10 749.55 21.44 52 3.13 0
14:11 749.55 21.44 51 2.24 0
14:12 749.55 21.5 51 4.02 0
14:13 749.3 21.5 51 3.13 0
14:14 749.3 21.56 51 3.13 0
14:15 749.3 21.56 51 3.58 0
14:16 749.3 21.61 52 1.34 0
14:17 749.3 21.67 52 4.02 0
14:18 749.3 21.72 51 5.81 0
14:19 749.3 21.72 51 7.15 0
14:20 749.3 21.61 51 5.36 0
14:21 749.3 21.56 51 1.79 0
14:22 749.3 21.5 51 4.92 0
14:23 749.3 21.5 52 2.68 0
14:24 749.3 21.44 52 2.24 0
14:25 749.3 21.44 52 3.58 0
14:26 749.3 21.44 52 1.79 0
14:27 749.3 21.44 52 1.79 0
14:28 749.3 21.44 52 5.36 0
14:29 749.3 21.39 52 8.49 0
14:30 749.3 21.39 52 4.92 0
14:31 749.3 21.33 52 3.58 0
14:32 749.3 21.33 52 4.02 0
14:33 749.3 21.28 53 4.92 0
14:34 749.3 21.28 52 4.92 0
14:35 749.3 21.17 53 3.13 0
14:36 749.3 21.17 53 2.24 0
14:37 749.3 21.17 53 5.36 0
14:38 749.3 21.17 53 2.68 0
14:39 749.3 21.17 53 3.13 0
14:40 749.3 21.17 53 4.92 0
14:41 749.3 21.17 53 3.58 0
14:42 749.3 21.17 53 2.68 0
14:43 749.3 21.11 53 5.81 0
14:44 749.3 21.11 53 6.26 0
14:45 749.3 21.11 53 .89 0
14:46 749.3 21.17 53 4.47 0
14:47 749.3 21.22 53 1.34 0
14:48 749.3 21.28 53 4.47 0
14:49 749.3 21.28 53 2.24 0
14:50 749.3 21.33 53 1.34 0
14:51 749.3 21.39 53 3.13 0
14:52 749.3 21.39 53 7.6 0
14:53 749.3 21.33 53 2.24 0
14:54 749.3 21.33 53 4.47 0
14:55 749.3 21.33 53 4.02 0
14:56 749.3 21.33 53 6.26 0
14:57 749.3 21.39 53 3.58 0
14:58 749.3 21.44 53 3.58 0
14:59 749.3 21.44 53 5.36 0
15:00 749.3 21.44 53 4.92 0
15:01 749.3 21.44 53 2.24 0
15:02 749.3 21.5 53 2.24 0
15:03 749.3 21.56 53 5.81 0
15:04 749.3 21.56 52 1.79 0
15:05 749.3 21.61 53 5.81 0
15:06 749.3 21.61 53 2.24 0
15:07 749.3 21.61 53 1.79 0
15:08 749.3 21.61 53 3.13 0
15:09 749.3 21.72 53 2.68 0
15:10 749.3 21.72 53 4.02 0
15:11 749.3 21.72 52 4.02 0
15:12 749.3 21.72 52 3.58 0
15:13 749.3 21.72 52 7.6 0
15:14 749.3 21.61 53 2.68 0
15:15 749.3 21.61 53 2.24 0
15:16 749.3 21.67 53 2.68 0
15:17 749.3 21.72 53 4.02 0
15:18 749.05 21.72 53 1.34 0
15:19 749.05 21.67 52 4.47 0
15:20 749.3 21.61 53 2.24 0
15:21 749.05 21.61 53 5.36 0
15:22 749.05 21.56 53 3.13 0
15:23 749.05 21.56 54 2.24 0
15:24 749.3 21.56 54 .89 0
15:25 749.05 21.61 53 4.47 0
15:26 749.05 21.61 54 2.68 0
15:27 749.05 21.67 53 1.34 0
15:28 749.05 21.72 54 2.24 0
15:29 749.05 21.72 53 1.34 0
15:30 749.05 21.72 53 4.02 0
15:31 749.05 21.78 53 4.47 0
15:32 749.05 21.83 53 1.79 0
15:33 749.05 21.83 53 1.34 0
15:34 749.05 21.89 53 2.24 0
15:35 749.05 22 53 4.47 0
15:36 749.05 22 52 5.36 0
15:37 749.05 22 52 2.68 0
15:38 749.05 21.94 52 4.92 0
15:39 749.05 21.89 53 1.79 0
15:40 749.05 21.89 53 2.24 0
15:41 749.05 21.94 53 1.34 0
15:42 749.05 22 53 2.24 0
15:43 749.05 22 52 2.68 0
15:44 749.05 22.06 52 4.02 0
15:45 749.05 22.06 52 4.47 0
15:46 749.05 22.06 52 3.13 0
15:47 749.05 22.06 52 4.47 0
15:48 749.05 22 52 1.79 0
15:49 749.05 22 52 1.34 0
15:50 748.79 21.94 52 .89 0
15:51 748.79 21.94 53 .89 0
15:52 748.79 22 53 4.02 0
15:53 748.79 22 52 3.58 0
15:54 748.79 22.06 52 1.79 0
15:55 748.79 22.06 52 1.34 0
15:56 748.79 22.11 53 3.58 0
15:57 748.79 22.17 52 3.13 0
15:58 748.79 22.22 52 2.68 0
15:59 748.79 22.22 52 3.58 0
16:00 748.79 22.17 52 2.68 0
16:01 748.79 22.17 52 2.24 0
16:02 748.79 22.17 52 5.81 0
16:03 748.79 22.17 52 5.36 0
16:04 748.79 22.17 52 5.81 0
16:05 748.79 22.11 52 6.26 0
16:06 748.79 22.06 52 5.36 0
16:07 748.79 22 52 6.26 0
16:08 748.79 21.94 52 4.02 0
16:09 748.79 22 53 4.92 0
16:10 748.79 22.06 52 4.02 0
16:11 748.79 22.06 52 4.02 0
16:12 748.79 22.11 53 3.13 0
16:13 748.79 22.17 53 3.13 0
16:14 748.79 22.22 52 3.13 0
16:15 748.79 22.28 52 1.79 0
16:16 748.79 22.33 52 2.68 0
16:17 748.79 22.33 52 2.24 0
16:18 748.79 22.33 52 2.24 0
16:19 748.79 22.39 52 1.79 0
16:20 748.79 22.44 52 1.79 0
16:21 748.79 22.5 52 2.24 0
16:22 748.79 22.5 52 1.34 0
16:23 748.79 22.5 51 5.36 0
16:24 748.79 22.5 52 3.58 0
16:25 748.79 22.5 51 1.79 0
16:26 748.79 22.5 52 5.36 0
16:27 748.79 22.5 52 1.79 0
16:28 748.54 22.56 52 3.58 0
16:29 748.79 22.56 51 3.58 0
16:30 748.54 22.61 52 3.58 0
16:31 748.54 22.61 51 4.02 0
16:32 748.54 22.61 51 3.58 0
16:33 748.54 22.56 51 3.58 0
16:34 748.54 22.56 52 1.79 0
16:35 748.54 22.61 51 1.79 0
16:36 748.54 22.67 51 .89 0
16:37 748.54 22.72 52 1.79 0
16:38 748.54 22.83 51 2.24 0
16:39 748.54 22.89 51 4.02 0
16:40 748.54 22.94 51 3.58 0
16:41 748.54 22.94 51 1.34 0
16:42 748.28 22.94 51 1.34 0
16:43 748.54 23 51 3.58 0
16:44 748.28 23.06 51 3.58 0
16:45 748.28 23.11 50 3.58 0
16:46 748.54 23.11 51 3.13 0
16:47 748.28 23.11 51 .89 0
16:48 748.28 23.17 51 2.24 0
16:49 748.28 23.22 51 1.34 0
16:50 748.28 23.28 51 4.02 0
16:51 748.28 23.33 50 3.13 0
16:52 748.28 23.39 51 3.58 0
16:53 748.28 23.39 51 2.24 0
16:54 748.28 23.44 51 2.68 0
16:55 748.28 23.56 51 2.24 0
16:56 748.28 23.67 51 3.58 0
16:57 748.28 23.67 50 3.58 0
16:58 748.28 23.72 50 4.02 0
16:59 748.28 23.72 51 3.58 0
17:00 748.28 23.72 51 3.13 0
17:01 748.28 23.72 51 5.36 0
17:02 748.28 23.72 51 2.24 0
17:03 748.28 23.78 51 4.02 0
17:04 748.28 23.78 51 4.92 0
17:05 748.28 23.78 51 3.13 0
17:06 748.28 23.83 51 4.47 0
17:07 748.28 23.78 51 3.13 0
17:08 748.28 23.78 51 3.13 0
17:09 748.28 23.78 51 3.13 0
17:10 748.28 23.83 51 2.68 0
17:11 748.03 23.78 51 5.81 0
17:12 748.28 23.78 51 1.34 0
17:13 748.03 23.78 51 4.92 0
17:14 748.03 23.78 51 4.47 0
17:15 748.03 23.83 51 2.24 0
17:16 748.03 23.83 51 2.24 0
17:17 748.03 23.83 51 4.02 0
17:18 748.03 23.83 51 3.13 0
17:19 748.03 23.83 51 4.92 0
17:20 748.03 23.78 51 6.71 0
17:21 748.03 23.78 51 1.79 0
17:22 748.03 23.72 51 3.13 0
17:23 748.03 23.72 51 8.94 0
17:24 748.03 23.72 51 .89 0
17:25 748.03 23.78 51 4.92 0
17:26 748.03 23.78 51 1.79 0
17:27 748.03 23.78 51 2.24 0
17:28 748.03 23.78 51 4.02 0
17:29 748.03 23.83 51 2.68 0
17:30 748.03 23.83 51 1.79 0
17:31 748.03 23.83 51 2.24 0
17:32 748.03 23.94 51 2.24 0
17:33 747.78 23.94 51 4.02 0
17:34 747.78 23.94 51 4.02 0
17:35 747.78 23.89 51 5.81 0
17:36 747.78 23.83 51 8.49 0
17:37 747.78 23.78 51 4.02 0
17:38 747.78 23.78 52 .45 0
17:39 747.78 23.78 52 1.79 0
17:40 747.78 23.78 52 4.47 0
17:41 747.78 23.78 52 5.81 0
17:42 747.78 23.78 52 2.24 0
17:43 747.78 23.78 52 7.15 0
17:44 747.78 23.78 52 3.58 0
17:45 747.78 23.78 52 1.79 0
17:46 747.78 23.78 52 4.47 0
17:47 747.78 23.78 52 5.81 0
17:48 747.78 23.72 52 4.47 0
17:49 747.78 23.78 52 1.79 0
17:50 747.78 23.78 52 5.36 0
17:51 747.78 23.78 52 4.02 0
17:52 747.78 23.72 52 4.47 0
17:53 747.78 23.72 52 7.15 0
17:54 747.78 23.72 52 3.13 0
17:55 747.78 23.72 52 5.81 0
17:56 747.78 23.72 52 6.71 0
17:57 747.78 23.67 52 3.58 0
17:58 747.78 23.67 52 4.02 0
17:59 747.78 23.67 52 2.68 0
18:00 747.78 23.72 52 2.68 0
18:01 747.78 23.67 52 4.47 0
18:02 747.52 23.67 52 4.92 0
18:03 747.52 23.72 52 2.68 0
18:04 747.52 23.72 52 4.92 0
18:05 747.52 23.67 52 4.92 0
18:06 747.52 23.67 52 4.47 0
18:07 747.52 23.67 52 3.58 0
18:08 747.52 23.67 53 2.24 0
18:09 747.52 23.67 53 3.58 0
18:10 747.78 23.72 53 1.34 0
18:11 747.52 23.72 53 1.34 0
18:12 747.52 23.78 53 2.24 0
18:13 747.52 23.78 52 3.13 0
18:14 747.52 23.78 52 5.36 0
18:15 747.52 23.72 53 2.68 0
18:16 747.52 23.67 53 3.13 0
18:17 747.52 23.67 53 5.36 0
18:18 747.52 23.61 53 3.58 0
18:19 747.52 23.61 53 5.36 0
18:20 747.52 23.61 53 3.58 0
18:21 747.52 23.61 53 .45 0
18:22 747.52 23.61 53 4.92 0
18:23 747.52 23.61 53 2.68 0
18:24 747.52 23.61 53 3.58 0
18:25 747.52 23.61 53 3.13 0
18:26 747.52 23.61 53 4.02 0
18:27 747.52 23.56 53 3.58 0
18:28 747.52 23.56 53 1.34 0
18:29 747.52 23.61 53 2.68 0
18:30 747.52 23.56 53 1.34 0
18:31 747.52 23.56 53 2.68 0
18:32 747.52 23.5 53 4.02 0
18:33 747.52 23.5 53 1.34 0
18:34 747.52 23.5 53 2.24 0
18:35 747.52 23.5 53 1.79 0
18:36 747.52 23.5 53 1.79 0
18:37 747.52 23.5 53 1.34 0
18:38 747.52 23.5 53 4.92 0
18:39 747.52 23.5 53 2.68 0
18:40 747.52 23.44 53 1.34 0
18:41 747.52 23.44 53 4.02 0
18:42 747.52 23.44 53 4.02 0
18:43 747.52 23.39 53 2.68 0
18:44 747.52 23.39 53 3.13 0
18:45 747.52 23.39 54 1.79 0
18:46 747.52 23.39 54 2.24 0
18:47 747.52 23.39 54 1.79 0
18:48 747.52 23.39 54 4.47 0
18:49 747.52 23.33 54 1.79 0
18:50 747.52 23.33 54 2.68 0
18:51 747.52 23.33 54 1.34 0
18:52 747.52 23.33 54 .45 0
18:53 747.52 23.33 54 2.24 0
18:54 747.52 23.33 54 3.13 0
18:55 747.52 23.28 54 3.13 0
18:56 747.52 23.28 54 2.24 0
18:57 747.52 23.22 54 2.24 0
18:58 747.52 23.22 54 4.47 0
18:59 747.52 23.17 54 1.34 0
19:00 747.52 23.11 54 4.02 0
19:01 747.27 23.11 54 1.34 0
19:02 747.52 23.11 54 3.58 0
19:03 747.27 23.06 55 1.34 0
19:04 747.27 23.06 55 2.24 0
19:05 747.27 23 55 3.58 0
19:06 747.27 22.94 55 4.47 0
19:07 747.27 22.94 55 2.24 0
19:08 747.27 22.89 55 2.24 0
19:09 747.27 22.83 55 2.24 0
19:10 747.27 22.83 55 3.58 0
19:11 747.27 22.78 55 2.68 0
19:12 747.27 22.72 55 3.13 0
19:13 747.27 22.67 55 4.02 0
19:14 747.27 22.67 55 2.68 0
19:15 747.27 22.67 55 4.02 0
19:16 747.27 22.61 55 1.79 0
19:17 747.27 22.61 55 5.36 0
19:18 747.27 22.61 55 2.24 0
19:19 747.27 22.56 56 4.47 0
19:20 747.27 22.56 56 2.24 0
19:21 747.27 22.56 56 3.13 0
19:22 747.27 22.5 56 .89 0
19:23 747.27 22.5 56 2.24 0
19:24 747.27 22.44 56 .89 0
19:25 747.27 22.44 56 4.02 0
19:26 747.27 22.44 56 1.34 0
19:27 747.27 22.44 56 3.13 0
19:28 747.27 22.39 56 3.13 0
19:29 747.27 22.39 56 2.24 0
19:30 747.27 22.33 56 4.02 0
19:31 747.27 22.33 56 1.79 0
19:32 747.27 22.33 56 1.79 0
19:33 747.27 22.28 56 1.34 0
19:34 747.27 22.28 56 2.68 0
19:35 747.27 22.22 56 2.24 0
19:36 747.27 22.22 56 6.71 0
19:37 747.27 22.17 56 1.79 0
19:38 747.27 22.17 57 1.34 0
19:39 747.27 22.17 57 2.68 0
19:40 747.27 22.11 57 2.68 0
19:41 747.27 22.11 57 1.79 0
19:42 747.27 22.11 57 2.24 0
19:43 747.27 22.06 57 2.68 0
19:44 747.27 22.06 57 3.58 0
19:45 747.27 22.06 57 2.24 0
19:46 747.27 22.06 57 2.24 0
19:47 747.27 22 57 2.68 0
19:48 747.27 22.06 57 3.58 0
19:49 747.27 22 57 4.92 0
19:50 747.27 22 57 .89 0
19:51 747.27 21.94 57 2.24 0
19:52 747.27 21.94 57 2.68 0
19:53 747.27 21.94 57 1.79 0
19:54 747.27 21.89 57 3.58 0
19:55 747.27 21.89 57 3.58 0
19:56 747.27 21.89 57 .45 0
19:57 747.27 21.89 57 3.58 0
19:58 747.27 21.83 57 2.24 0
19:59 747.27 21.83 57 3.13 0
20:00 747.52 21.83 57 2.68 0
20:01 747.27 21.78 57 1.34 0
20:02 747.27 21.78 57 1.79 0
20:03 747.27 21.78 57 2.68 0
20:04 747.52 21.72 58 4.02 0
20:05 747.52 21.72 58 4.02 0
20:06 747.52 21.72 58 3.58 0
20:07 747.52 21.67 58 3.13 0
20:08 747.52 21.67 58 2.24 0
20:09 747.52 21.67 58 1.79 0
20:10 747.52 21.61 57 2.24 0
20:11 747.52 21.61 58 2.68 0
20:12 747.52 21.61 58 2.24 0
20:13 747.52 21.61 58 1.79 0
20:14 747.52 21.61 58 6.26 0
20:15 747.52 21.61 58 3.13 0
20:16 747.52 21.56 58 4.02 0
20:17 747.52 21.56 58 4.02 0
20:18 747.52 21.56 58 4.02 0
20:19 747.52 21.56 58 4.47 0
20:20 747.52 21.56 58 1.79 0
20:21 747.52 21.5 58 2.24 0
20:22 747.52 21.44 58 3.13 0
20:23 747.52 21.44 58 3.13 0
20:24 747.52 21.44 58 6.26 0
20:25 747.52 21.44 58 2.24 0
20:26 747.52 21.44 58 3.58 0
20:27 747.52 21.39 58 3.58 0
20:28 747.52 21.39 58 3.13 0
20:29 747.52 21.39 58 3.13 0
20:30 747.52 21.39 58 .89 0
20:31 747.52 21.39 59 1.34 0
20:32 747.52 21.33 59 2.24 0
20:33 747.52 21.33 59 1.79 0
20:34 747.52 21.28 59 4.02 0
20:35 747.52 21.22 59 3.13 0
20:36 747.52 21.22 59 1.79 0
20:37 747.52 21.17 59 1.34 0
20:38 747.52 21.17 59 .45 0
20:39 747.52 21.17 59 1.79 0
20:40 747.52 21.11 59 2.68 0
20:41 747.52 21.11 59 .45 0
20:42 747.52 21.11 59 2.24 0
20:43 747.52 21.06 59 4.92 0
20:44 747.52 21.06 59 2.24 0
20:45 747.52 21 59 2.68 0
20:46 747.52 21.06 59 2.24 0
20:47 747.52 21.06 60 2.68 0
20:48 747.52 21.06 60 6.26 0
20:49 747.52 21 60 4.47 0
20:50 747.52 21 60 3.13 0
20:51 747.52 21 60 2.24 0
20:52 747.52 20.94 60 3.58 0
20:53 747.52 20.94 60 4.47 0
20:54 747.52 20.94 60 4.02 0
20:55 747.52 20.89 60 3.58 0
20:56 747.27 20.89 60 1.79 0
20:57 747.27 20.83 60 5.36 0
20:58 747.27 20.83 60 2.68 0
20:59 747.27 20.83 60 4.47 0
21:00 747.27 20.83 60 4.02 0
21:01 747.27 20.78 60 1.79 0
21:02 747.27 20.72 61 4.92 0
21:03 747.27 20.72 61 4.92 0
21:04 747.27 20.67 61 4.02 0
21:05 747.27 20.67 61 3.13 0
21:06 747.27 20.67 61 2.24 0
21:07 747.27 20.61 61 2.24 0
21:08 747.27 20.61 61 4.02 0
21:09 747.27 20.56 61 3.13 0
21:10 747.27 20.56 61 2.24 0
21:11 747.27 20.56 61 3.13 0
21:12 747.27 20.56 61 4.47 0
21:13 747.27 20.56 61 6.71 0
21:14 747.27 20.5 61 2.68 0
21:15 747.27 20.5 61 1.79 0
21:16 747.27 20.44 61 1.34 0
21:17 747.27 20.44 61 3.58 0
21:18 747.27 20.44 61 3.58 0
21:19 747.27 20.44 61 2.68 0
21:20 747.27 20.33 61 5.81 0
21:21 747.27 20.39 61 3.58 0
21:22 747.27 20.33 62 4.02 0
21:23 747.27 20.33 61 2.24 0
21:24 747.27 20.28 61 1.79 0
21:25 747.27 20.33 62 2.68 0
21:26 747.27 20.28 62 4.92 0
21:27 747.27 20.28 62 5.36 0
21:28 747.27 20.28 62 3.58 0
21:29 747.27 20.22 62 4.92 0
21:30 747.01 20.22 62 3.58 0
21:31 747.27 20.17 62 4.02 0
21:32 747.27 20.17 62 4.92 0
21:33 747.27 20.17 62 4.47 0
21:34 747.27 20.17 62 1.79 0
21:35 747.27 20.11 62 2.68 0
21:36 747.27 20.11 62 2.68 0
21:37 747.27 20.11 62 4.92 0
21:38 747.27 20.11 62 4.47 0
21:39 747.27 20.11 62 3.13 0
21:40 747.27 20.11 62 3.13 0
21:41 747.27 20.06 62 1.34 0
21:42 747.27 20.11 62 1.34 0
21:43 747.27 20.06 62 3.58 0
21:44 747.27 20.06 62 3.13 0
21:45 747.27 20.06 62 3.58 0
21:46 747.27 20.06 62 1.79 0
21:47 747.27 20 62 3.58 0
21:48 747.27 20 62 2.68 0
21:49 747.52 20 62 1.34 0
21:50 747.78 19.94 62 5.81 0
21:51 748.03 19.89 63 7.6 0
21:52 748.28 19.78 63 7.6 0
21:53 748.28 19.72 64 4.92 0
21:54 748.28 19.67 64 7.6 0
21:55 748.28 19.67 64 8.05 0
21:56 748.28 19.67 64 5.36 0
21:57 748.28 19.61 64 6.71 0
21:58 748.28 19.56 64 6.71 0
21:59 748.28 19.56 64 2.24 0
22:00 748.28 19.5 65 5.36 0
22:01 748.28 19.56 65 4.47 0
22:02 748.28 19.78 63 3.13 0
22:03 748.28 20.06 62 7.15 0
22:04 748.28 20.17 62 3.13 0
22:05 748.28 20.22 62 1.79 0
22:06 748.03 20.28 62 3.58 0
22:07 748.28 20.28 62 3.58 0
22:08 748.28 20.39 61 2.68 0
22:09 748.28 20.44 61 3.58 0
22:10 748.28 20.44 61 3.13 0
22:11 748.28 20.44 61 2.24 0
22:12 748.28 20.33 61 2.24 0
22:13 748.54 20.33 62 2.68 0
22:14 748.54 20.28 62 4.92 0
22:15 748.54 20.22 62 5.36 0
22:16 748.28 20.17 62 4.47 0
22:17 748.28 20.11 62 6.71 0
22:18 748.28 20 62 4.92 0
22:19 748.54 19.89 63 7.15 0
22:20 748.54 19.83 63 12.07 0
22:21 748.54 19.56 64 7.15 0
22:22 748.54 19.33 64 6.71 0
22:23 748.54 19.17 65 6.26 0
22:24 748.54 19.06 65 7.6 0
22:25 748.54 18.94 66 4.47 0
22:26 748.54 18.83 66 7.15 0
22:27 748.79 18.72 66 8.94 0
22:28 748.79 18.61 66 8.49 0
22:29 748.79 18.44 66 8.49 0
22:30 748.79 18.33 66 8.49 0
22:31 748.79 18.22 67 5.81 0
22:32 748.79 18.11 66 6.26 0
22:33 748.79 18.06 66 8.05 0
22:34 748.79 17.94 66 7.15 0
22:35 748.79 17.89 66 6.71 0
22:36 748.79 17.83 66 5.36 0
22:37 748.79 17.72 67 6.26 0
22:38 748.79 17.72 67 6.71 0
22:39 748.79 17.67 66 4.92 0
22:40 748.79 17.61 66 7.15 0
22:41 748.79 17.56 66 6.26 0
22:42 748.79 17.5 66 4.92 0
22:43 748.79 17.44 66 3.13 0
22:44 748.79 17.44 66 4.92 0
22:45 748.79 17.33 66 6.26 0
22:46 748.79 17.33 65 8.94 0
22:47 748.79 17.28 65 4.47 0
22:48 748.79 17.22 66 4.02 0
22:49 748.79 17.17 66 4.02 0
22:50 748.79 17.17 66 3.13 0
22:51 748.79 17.11 66 4.92 0
22:52 748.79 17.06 66 3.58 0
22:53 748.79 17.06 66 6.71 0
22:54 748.79 17.06 66 3.58 0
22:55 748.79 17 66 7.15 0
22:56 748.79 16.94 66 4.92 0
22:57 748.79 16.94 66 3.58 0
22:58 748.79 16.89 66 4.02 0
22:59 748.79 16.89 66 4.02 0
23:00 748.79 16.89 66 6.71 0
23:01 748.79 16.83 66 5.36 0
23:02 748.79 16.78 66 6.71 0
23:03 748.79 16.78 65 5.36 0
23:04 748.79 16.72 66 4.02 0
23:05 748.79 16.72 66 5.81 0
23:06 748.79 16.67 66 5.36 0
23:07 748.79 16.67 66 4.02 0
23:08 748.79 16.61 66 3.58 0
23:09 748.79 16.61 66 3.13 0
23:10 748.79 16.61 66 5.36 0
23:11 748.79 16.56 66 4.47 0
23:12 748.79 16.56 66 2.24 0
23:13 748.79 16.5 66 4.02 0
23:14 748.79 16.5 66 4.47 0
23:15 748.79 16.44 66 3.13 0
23:16 748.79 16.44 66 3.58 0
23:17 748.54 16.44 66 4.02 0
23:18 748.79 16.44 66 2.24 0
23:19 748.79 16.39 67 3.13 0
23:20 748.79 16.39 67 2.68 0
23:21 748.79 16.33 67 2.24 0
23:22 748.79 16.39 67 3.58 0
23:23 748.79 16.33 67 2.68 0
23:24 748.79 16.33 67 2.24 0
23:25 748.79 16.28 67 5.81 0
23:26 748.79 16.28 67 4.02 0
23:27 748.79 16.28 67 2.24 0
23:28 748.79 16.28 67 1.34 0
23:29 748.79 16.28 67 2.68 0
23:30 748.79 16.22 68 2.24 0
23:31 748.79 16.17 68 3.58 0
23:32 748.54 16.17 68 1.79 0
23:33 748.54 16.17 68 3.13 0
23:34 748.54 16.11 68 1.34 0
23:35 748.54 16.11 68 2.68 0
23:36 748.54 16.06 68 1.79 0
23:37 748.28 16.06 68 2.68 0
23:38 748.28 16 68 .89 0
23:39 748.28 16 68 3.58 0
23:40 748.28 16 69 4.47 0
23:41 748.28 15.94 69 3.13 0
23:42 748.28 15.94 69 3.58 0
23:43 748.03 15.89 69 2.68 0
23:44 748.28 15.89 70 .89 0
23:45 748.28 15.89 70 1.79 0
23:46 748.28 15.83 70 2.68 0
23:47 748.28 15.83 70 1.34 0
23:48 748.28 15.83 70 2.24 0
23:49 748.28 15.83 70 .89 0
23:50 748.28 15.83 70 1.34 0
23:51 748.28 15.83 70 2.24 0
23:52 748.28 15.83 70 .89 0
23:53 748.28 15.83 70 1.34 0
23:54 748.54 15.78 70 2.24 0
23:55 748.54 15.83 70 .89 0
23:56 748.54 15.83 70 .45 0
23:57 748.54 15.78 70 1.79 0
23:58 748.54 15.78 70 1.34 0
23:59 748.54 15.78 70 .45 0
