00:00 739.9 7.06 49 4.92 0
00:01 739.9 7.06 50 8.05 0
00:02 739.9 7 50 7.15 0
00:03 739.9 7 50 8.05 0
00:04 739.9 6.89 52 7.15 0
00:05 739.9 6.83 53 8.49 0
00:06 739.9 6.67 54 8.49 0
00:07 739.9 6.5 55 6.26 0
00:08 739.9 6.44 56 5.81 0
00:09 739.9 6.33 57 6.71 0
00:10 739.9 6.28 57 6.71 0
00:11 739.9 6.28 57 8.05 0
00:12 739.9 6.22 57 6.71 0
00:13 740.16 6.22 57 4.02 0
00:14 740.16 6.22 58 6.26 0
00:15 740.16 6.22 58 6.71 0
00:16 740.16 6.22 58 3.13 0
00:17 740.16 6.22 58 2.68 0
00:18 740.16 6.22 58 5.36 0
00:19 740.16 6.22 58 3.58 0
00:20 740.16 6.22 58 2.24 0
00:21 740.16 6.22 58 5.36 0
00:22 740.16 6.22 58 4.02 0
00:23 740.16 6.22 58 5.81 0
00:24 740.16 6.22 57 1.79 0
00:25 740.16 6.22 57 2.68 0
00:26 740.16 6.22 57 4.02 0
00:27 740.16 6.22 56 4.47 0
00:28 740.16 6.28 56 6.26 0
00:29 740.16 6.28 56 4.02 0
00:30 740.16 6.28 56 1.34 0
00:31 740.16 6.28 57 1.79 0
00:32 740.16 6.22 57 1.79 0
00:33 740.16 6.22 57 3.13 0
00:34 740.16 6.22 56 2.68 0
00:35 740.16 6.22 57 5.36 0
00:36 740.16 6.22 57 4.47 0
00:37 740.16 6.22 57 1.79 0
00:38 740.16 6.11 57 4.47 0
00:39 740.16 6.11 57 1.79 0
00:40 740.16 6.11 57 3.13 0
00:41 740.16 6.11 57 2.24 0
00:42 740.16 6.11 57 2.68 0
00:43 740.16 6.11 57 1.79 0
00:44 740.16 6.06 57 2.24 0
00:45 740.16 6.06 57 1.79 0
00:46 740.16 6.06 57 3.13 0
00:47 740.16 6.06 57 3.13 0
00:48 740.16 6.06 57 2.24 0
00:49 740.16 6.06 57 4.47 0
00:50 740.16 6.06 57 2.68 0
00:51 740.16 6.06 57 4.02 0
00:52 740.16 5.94 57 5.81 0
00:53 740.16 5.94 57 3.13 0
00:54 740.16 5.94 57 2.68 0
00:55 740.16 5.94 57 1.79 0
00:56 740.16 5.94 58 .45 0
00:57 740.16 5.94 58 2.24 0
00:58 740.16 5.94 58 2.68 0
00:59 740.16 5.89 58 4.02 0
01:00 740.16 5.89 58 4.92 0
01:01 740.16 5.89 58 2.68 0
01:02 740.16 5.89 58 .89 0
01:03 740.16 5.89 58 1.79 0
01:04 740.16 5.89 58 4.47 0
01:05 740.16 5.89 58 2.24 0
01:06 740.16 5.78 58 1.79 0
01:07 740.16 5.78 58 .89 0
01:08 740.16 5.78 58 1.79 0
01:09 740.16 5.72 58 4.02 0
01:10 740.16 5.72 59 1.34 0
01:11 740.16 5.72 59 3.58 0
01:12 740.16 5.72 59 2.24 0
01:13 740.16 5.72 59 2.68 0
01:14 740.16 5.72 59 3.58 0
01:15 740.16 5.72 59 3.58 0
01:16 740.16 5.72 59 2.24 0
01:17 740.16 5.67 59 1.79 0
01:18 740.16 5.67 59 3.13 0
01:19 740.16 5.67 59 2.24 0
01:20 740.16 5.56 59 1.79 0
01:21 740.16 5.56 59 4.02 0
01:22 740.16 5.56 59 3.58 0
01:23 740.16 5.56 60 3.13 0
01:24 740.16 5.56 59 3.13 0
01:25 740.16 5.56 60 4.47 0
01:26 740.16 5.5 60 5.81 0
01:27 740.16 5.5 60 4.47 0
01:28 740.41 5.5 60 2.24 0
01:29 740.41 5.5 60 2.24 0
01:30 740.41 5.5 60 4.47 0
01:31 740.41 5.5 60 4.47 0
01:32 740.41 5.5 60 2.24 0
01:33 740.41 5.39 60 4.02 0
01:34 740.41 5.39 60 2.24 0
01:35 740.41 5.39 60 1.34 0
01:36 740.41 5.39 61 2.68 0
01:37 740.41 5.39 61 1.79 0
01:38 740.41 5.33 61 1.79 0
01:39 740.41 5.33 61 3.58 0
01:40 740.41 5.33 61 2.24 0
01:41 740.41 5.33 61 2.24 0
01:42 740.41 5.22 61 1.79 0
01:43 740.41 5.22 62 2.68 0
01:44 740.41 5.22 62 2.24 0
01:45 740.41 5.22 62 2.68 0
01:46 740.41 5.22 62 2.24 0
01:47 740.41 5.22 62 3.58 0
01:48 740.41 5.22 62 4.47 0
01:49 740.41 5.22 62 4.02 0
01:50 740.41 5.22 62 1.79 0
01:51 740.41 5.22 62 1.79 0
01:52 740.41 5.22 62 1.79 0
01:53 740.41 5.17 62 2.24 0
01:54 740.41 5.17 62 4.47 0
01:55 740.41 5.17 63 1.79 0
01:56 740.41 5.17 63 1.79 0
01:57 740.41 5.17 63 .89 0
01:58 740.41 5.17 63 2.24 0
01:59 740.41 5.17 63 2.68 0
02:00 740.41 5.11 63 4.02 0
02:01 740.41 5.11 63 2.68 0
02:02 740.41 5.11 63 2.68 0
02:03 740.41 5.11 63 2.24 0
02:04 740.41 5.11 63 2.68 0
02:05 740.41 5.11 63 3.58 0
02:06 740.41 5.11 63 2.68 0
02:07 740.41 5.11 63 1.79 0
02:08 740.41 5.11 63 1.79 0
02:09 740.41 5.11 63 .89 0
02:10 740.41 5.11 63 2.24 0
02:11 740.41 5.11 63 3.13 0
02:12 740.41 5.11 63 1.34 0
02:13 740.66 5.11 63 .89 0
02:14 740.66 5.11 63 3.13 0
02:15 740.66 5.11 63 2.24 0
02:16 740.66 5 63 1.34 0
02:17 740.66 5 63 1.79 0
02:18 740.66 5 63 1.79 0
02:19 740.66 5 63 2.68 0
02:20 740.66 5 63 1.34 0
02:21 740.66 5 63 .89 0
02:22 740.66 5 63 3.13 0
02:23 740.66 5 63 3.58 0
02:24 740.66 4.94 64 0 0
02:25 740.66 4.94 63 1.34 0
02:26 740.66 4.94 64 2.24 0
02:27 740.66 4.94 64 .45 0
02:28 740.66 4.94 64 1.34 0
02:29 740.66 4.94 64 1.34 0
02:30 740.66 4.83 64 1.79 0
02:31 740.66 4.83 64 2.24 0
02:32 740.66 4.83 64 2.24 0
02:33 740.66 4.83 64 3.13 0
02:34 740.66 4.83 64 2.68 0
02:35 740.66 4.83 64 2.24 0
02:36 740.66 4.83 64 3.58 0
02:37 740.66 4.83 64 2.24 0
02:38 740.66 4.83 64 3.58 0
02:39 740.66 4.83 64 2.68 0
02:40 740.66 4.83 64 2.68 0
02:41 740.66 4.83 64 2.24 0
02:42 740.66 4.83 64 2.24 0
02:43 740.92 4.83 64 2.68 0
02:44 740.92 4.83 64 1.79 0
02:45 740.92 4.83 64 2.24 0
02:46 740.92 4.83 64 1.34 0
02:47 740.92 4.83 64 .89 0
02:48 740.92 4.78 64 2.68 0
02:49 740.92 4.78 64 3.13 0
02:50 740.92 4.78 64 3.58 0
02:51 740.92 4.78 64 2.68 0
02:52 740.92 4.78 64 3.13 0
02:53 740.92 4.78 64 2.68 0
02:54 740.92 4.83 64 2.24 0
02:55 740.92 4.83 64 1.79 0
02:56 740.92 4.83 64 4.02 0
02:57 740.92 4.83 64 2.68 0
02:58 740.92 4.78 64 3.13 0
02:59 740.92 4.78 64 4.02 0
03:00 740.92 4.78 64 1.79 0
03:01 740.92 4.78 64 2.24 0
03:02 740.92 4.78 64 2.68 0
03:03 740.92 4.78 64 2.68 0
03:04 740.92 4.78 64 1.34 0
03:05 740.92 4.78 64 4.02 0
03:06 740.92 4.78 64 2.68 0
03:07 740.92 4.78 64 3.13 0
03:08 740.92 4.78 64 2.24 0
03:09 740.92 4.78 64 1.34 0
03:10 740.92 4.78 64 2.24 0
03:11 740.92 4.78 64 3.13 0
03:12 740.92 4.78 64 2.24 0
03:13 740.92 4.78 64 2.24 0
03:14 740.92 4.78 64 3.13 0
03:15 740.92 4.78 64 3.13 0
03:16 740.92 4.78 64 1.79 0
03:17 740.92 4.78 64 2.68 0
03:18 740.92 4.78 65 3.13 0
03:19 740.92 4.78 64 4.02 0
03:20 740.92 4.83 64 2.24 0
03:21 740.92 4.83 64 3.58 0
03:22 740.92 4.83 64 4.02 0
03:23 740.92 4.83 64 1.79 0
03:24 740.92 4.83 64 .89 0
03:25 740.92 4.83 64 3.13 0
03:26 740.92 4.83 64 2.68 0
03:27 740.92 4.83 64 2.24 0
03:28 740.92 4.83 64 4.92 0
03:29 740.92 4.83 64 2.68 0
03:30 740.92 4.83 64 2.68 0
03:31 740.92 4.83 64 2.68 0
03:32 740.92 4.83 64 2.24 0
03:33 740.92 4.83 64 4.02 0
03:34 740.92 4.83 64 2.24 0
03:35 740.92 4.83 64 1.79 0
03:36 740.92 4.83 64 2.68 0
03:37 740.92 4.83 64 2.24 0
03:38 740.92 4.83 64 1.79 0
03:39 740.92 4.83 64 1.34 0
03:40 740.92 4.83 64 1.79 0
03:41 740.92 4.83 64 2.24 0
03:42 740.92 4.83 64 2.24 0
03:43 741.17 4.83 64 3.13 0
03:44 741.17 4.83 64 1.79 0
03:45 741.17 4.83 64 1.34 0
03:46 741.17 4.83 64 2.68 0
03:47 741.17 4.83 64 2.68 0
03:48 741.17 4.83 64 3.58 0
03:49 741.17 4.83 64 2.24 0
03:50 741.17 4.83 64 1.79 0
03:51 741.17 4.83 64 1.34 0
03:52 741.17 4.83 64 3.13 0
03:53 741.17 4.83 64 2.68 0
03:54 741.17 4.83 64 1.34 0
03:55 741.17 4.83 64 1.79 0
03:56 741.17 4.83 64 2.24 0
03:57 741.17 4.83 64 5.36 0
03:58 741.17 4.83 64 2.68 0
03:59 741.17 4.83 64 1.79 0
04:00 741.17 4.83 64 1.34 0
04:01 741.17 4.83 64 1.79 0
04:02 741.17 4.83 64 1.34 0
04:03 741.17 4.83 64 3.13 0
04:04 741.17 4.83 64 1.79 0
04:05 741.17 4.83 64 2.68 0
04:06 741.17 4.83 64 2.24 0
04:07 741.17 4.83 64 1.34 0
04:08 741.17 4.78 64 2.24 0
04:09 741.17 4.78 64 2.24 0
04:10 741.17 4.78 64 1.34 0
04:11 741.17 4.78 64 3.13 0
04:12 741.17 4.78 64 4.02 0
04:13 741.43 4.78 64 3.13 0
04:14 741.43 4.78 64 1.79 0
04:15 741.43 4.78 63 3.13 0
04:16 741.43 4.78 64 2.68 0
04:17 741.43 4.78 64 2.68 0
04:18 741.43 4.67 63 4.92 0
04:19 741.43 4.67 63 2.24 0
04:20 741.43 4.67 63 3.13 0
04:21 741.43 4.67 63 2.24 0
04:22 741.43 4.67 63 0 0
04:23 741.43 4.61 63 4.47 0
04:24 741.43 4.61 63 1.79 0
04:25 741.43 4.61 63 1.79 0
04:26 741.43 4.56 63 2.24 0
04:27 741.43 4.56 64 2.24 0
04:28 741.43 4.56 64 3.13 0
04:29 741.43 4.56 64 2.68 0
04:30 741.43 4.56 63 4.92 0
04:31 741.43 4.56 63 2.68 0
04:32 741.43 4.56 63 5.36 0
04:33 741.43 4.56 62 4.47 0
04:34 741.43 4.56 62 6.71 0
04:35 741.43 4.56 62 4.92 0
04:36 741.43 4.56 62 2.24 0
04:37 741.43 4.56 62 4.92 0
04:38 741.43 4.56 62 2.68 0
04:39 741.43 4.44 62 2.68 0
04:40 741.43 4.44 62 3.58 0
04:41 741.43 4.44 62 5.36 0
04:42 741.43 4.44 62 4.47 0
04:43 741.68 4.44 62 4.47 0
04:44 741.68 4.44 62 2.24 0
04:45 741.68 4.44 62 4.02 0
04:46 741.68 4.39 62 5.81 0
04:47 741.68 4.39 62 3.58 0
04:48 741.68 4.39 62 5.36 0
04:49 741.68 4.39 62 4.02 0
04:50 741.68 4.39 62 6.26 0
04:51 741.68 4.39 62 4.02 0
04:52 741.68 4.39 62 3.58 0
04:53 741.68 4.39 62 3.13 0
04:54 741.68 4.28 62 4.47 0
04:55 741.68 4.28 62 1.34 0
04:56 741.68 4.28 62 2.68 0
04:57 741.68 4.28 62 2.68 0
04:58 741.68 4.22 62 3.13 0
04:59 741.68 4.22 63 2.68 0
05:00 741.68 4.22 63 4.47 0
05:01 741.68 4.11 63 2.68 0
05:02 741.68 4.11 63 4.92 0
05:03 741.68 4.22 62 4.47 0
05:04 741.68 4.22 62 2.24 0
05:05 741.68 4.22 62 2.68 0
05:06 741.68 4.11 63 1.79 0
05:07 741.68 4.11 63 4.02 0
05:08 741.68 4.06 63 4.02 0
05:09 741.68 4.06 63 3.13 0
05:10 741.68 4.06 63 3.58 0
05:11 741.68 4.06 63 2.24 0
05:12 741.68 4 63 4.47 0
05:13 741.93 4 63 5.36 0
05:14 741.93 4 63 4.92 0
05:15 741.93 4 63 2.68 0
05:16 741.93 4 63 4.02 0
05:17 741.93 4 63 2.24 0
05:18 741.93 3.89 63 1.79 0
05:19 741.93 3.89 63 1.79 0
05:20 741.93 3.89 64 3.13 0
05:21 741.93 3.83 64 4.02 0
05:22 741.93 3.83 64 4.47 0
05:23 741.93 3.83 63 3.13 0
05:24 741.93 3.83 64 1.34 0
05:25 741.93 3.83 64 2.68 0
05:26 741.93 3.83 64 4.02 0
05:27 741.93 3.83 64 4.47 0
05:28 741.93 3.83 64 1.79 0
05:29 741.93 3.72 64 3.13 0
05:30 741.93 3.72 64 3.58 0
05:31 741.93 3.72 64 3.58 0
05:32 741.93 3.72 64 3.58 0
05:33 741.93 3.67 64 4.02 0
05:34 741.93 3.67 64 2.68 0
05:35 741.93 3.67 64 2.24 0
05:36 741.93 3.67 64 2.24 0
05:37 741.93 3.67 64 2.68 0
05:38 741.93 3.56 64 1.34 0
05:39 741.93 3.56 64 2.24 0
05:40 741.93 3.56 64 2.68 0
05:41 741.93 3.5 64 4.02 0
05:42 741.93 3.5 65 1.79 0
05:43 742.19 3.5 65 1.79 0
05:44 742.19 3.5 65 1.79 0
05:45 742.19 3.39 65 2.24 0
05:46 742.19 3.39 65 2.24 0
05:47 742.19 3.39 65 2.24 0
05:48 742.19 3.33 65 2.68 0
05:49 742.19 3.39 65 2.68 0
05:50 742.19 3.39 65 2.24 0
05:51 742.19 3.33 65 1.79 0
05:52 742.19 3.33 65 1.34 0
05:53 742.19 3.33 66 3.13 0
05:54 742.19 3.28 66 3.13 0
05:55 742.19 3.33 66 4.47 0
05:56 742.19 3.28 66 2.68 0
05:57 742.19 3.28 66 1.79 0
05:58 742.44 3.28 66 2.24 0
05:59 742.44 3.28 66 2.24 0
06:00 742.44 3.17 66 1.79 0
06:01 742.44 3.17 66 4.47 0
06:02 742.44 3.17 66 1.79 0
06:03 742.44 3.17 66 2.68 0
06:04 742.44 3.17 66 2.68 0
06:05 742.44 3.17 66 3.13 0
06:06 742.44 3.11 66 4.47 0
06:07 742.44 3.11 66 3.13 0
06:08 742.44 3.11 66 2.24 0
06:09 742.44 3.11 66 3.13 0
06:10 742.44 3.11 66 2.24 0
06:11 742.44 3.11 66 2.68 0
06:12 742.44 3.11 66 3.13 0
06:13 742.44 3.11 66 1.79 0
06:14 742.44 3.11 67 4.02 0
06:15 742.44 3.11 66 3.13 0
06:16 742.44 3.11 66 1.79 0
06:17 742.44 3.11 67 1.34 0
06:18 742.44 3.11 67 1.34 0
06:19 742.44 3 67 2.68 0
06:20 742.44 3 67 2.68 0
06:21 742.44 3 67 2.24 0
06:22 742.44 3 67 .89 0
06:23 742.44 3 67 4.02 0
06:24 742.44 3 67 1.79 0
06:25 742.44 3 67 2.68 0
06:26 742.44 3 67 2.24 0
06:27 742.44 3 67 2.24 0
06:28 742.7 3 67 2.24 0
06:29 742.7 3 67 4.47 0
06:30 742.7 3 67 2.24 0
06:31 742.7 3 67 4.02 0
06:32 742.7 3 67 1.79 0
06:33 742.7 3 67 1.34 0
06:34 742.7 2.94 67 2.68 0
06:35 742.7 2.94 67 3.13 0
06:36 742.7 2.94 67 2.68 0
06:37 742.7 3 67 2.24 0
06:38 742.7 3 67 2.24 0
06:39 742.7 3 67 1.79 0
06:40 742.7 3 67 1.79 0
06:41 742.7 3 67 2.68 0
06:42 742.7 3 67 .89 0
06:43 742.95 3 67 4.02 0
06:44 742.95 3 67 2.68 0
06:45 742.95 3 67 2.24 0
06:46 742.95 3 67 2.24 0
06:47 742.95 3 67 2.68 0
06:48 742.95 3.11 67 3.13 0
06:49 742.95 3.11 67 2.24 0
06:50 742.95 3.11 67 2.68 0
06:51 742.95 3.11 67 1.79 0
06:52 742.95 3.11 67 5.36 0
06:53 742.95 3.11 67 1.34 0
06:54 742.95 3.17 66 2.24 0
06:55 742.95 3.17 66 2.24 0
06:56 742.95 3.17 65 3.13 0
06:57 742.95 3.17 66 2.24 0
06:58 742.95 3.17 66 3.13 0
06:59 742.95 3.28 66 2.68 0
07:00 742.95 3.28 66 3.13 0
07:01 742.95 3.28 66 3.13 0
07:02 742.95 3.28 66 3.13 0
07:03 742.95 3.28 66 1.79 0
07:04 742.95 3.33 66 3.13 0
07:05 742.95 3.33 66 2.68 0
07:06 742.95 3.33 66 3.13 0
07:07 742.95 3.33 66 2.24 0
07:08 742.95 3.33 66 3.13 0
07:09 742.95 3.33 65 2.24 0
07:10 742.95 3.39 66 2.24 0
07:11 742.95 3.39 66 4.47 0
07:12 742.95 3.39 65 4.92 0
07:13 743.2 3.39 65 6.71 0
07:14 743.2 3.5 65 4.47 0
07:15 743.2 3.5 65 3.58 0
07:16 743.2 3.5 65 1.79 0
07:17 743.2 3.5 65 4.47 0
07:18 743.2 3.5 65 2.24 0
07:19 743.2 3.56 65 3.58 0
07:20 743.2 3.56 65 2.68 0
07:21 743.2 3.56 65 2.68 0
07:22 743.2 3.56 65 3.58 0
07:23 743.2 3.56 65 5.36 0
07:24 743.2 3.56 64 4.02 0
07:25 743.2 3.56 64 4.02 0
07:26 743.2 3.67 64 4.02 0
07:27 743.2 3.67 64 2.24 0
07:28 743.2 3.67 64 3.13 0
07:29 743.2 3.67 64 5.36 0
07:30 743.2 3.67 64 6.71 0
07:31 743.2 3.67 64 4.92 0
07:32 743.2 3.67 64 4.47 0
07:33 743.2 3.67 64 1.79 0
07:34 743.2 3.67 64 4.02 0
07:35 743.2 3.67 64 2.24 0
07:36 743.2 3.72 64 4.02 0
07:37 743.2 3.72 64 6.71 0
07:38 743.2 3.72 64 5.36 0
07:39 743.2 3.72 64 4.02 0
07:40 743.2 3.72 64 5.36 0
07:41 743.2 3.72 64 5.81 0
07:42 743.2 3.72 64 6.71 0
07:43 743.46 3.72 64 6.26 0
07:44 743.46 3.72 64 2.24 0
07:45 743.46 3.72 64 3.58 0
07:46 743.46 3.72 64 4.92 0
07:47 743.46 3.72 64 2.68 0
07:48 743.46 3.72 60 4.47 0
07:49 743.46 3.83 64 2.68 0
07:50 743.46 3.83 63 1.79 0
07:51 743.46 3.89 63 2.24 0
07:52 743.46 3.89 63 5.36 0
07:53 743.46 3.89 61 2.24 0
07:54 743.46 3.89 61 4.02 0
07:55 743.46 3.89 60 5.81 0
07:56 743.46 3.89 59 5.36 0
07:57 743.46 3.89 59 2.68 0
07:58 743.46 3.89 59 4.92 0
07:59 743.46 3.89 59 5.36 0
08:00 743.46 4 59 2.24 0
08:01 743.46 4 59 4.47 0
08:02 743.46 4 58 4.92 0
08:03 743.46 4.06 58 6.71 0
08:04 743.46 4.06 56 5.81 0
08:05 743.46 4.06 56 3.58 0
08:06 743.46 4.06 56 4.92 0
08:07 743.46 4.06 56 4.02 0
08:08 743.46 4.06 55 4.47 0
08:09 743.46 4.11 54 4.92 0
08:10 743.46 4.11 54 2.24 0
08:11 743.46 4.11 53 7.15 0
08:12 743.46 4.11 53 4.47 0
08:13 743.46 4.11 53 4.92 0
08:14 743.46 4.11 53 4.02 0
08:15 743.46 4.11 54 4.92 0
08:16 743.46 4.22 53 5.36 0
08:17 743.46 4.11 49 4.92 0
08:18 743.46 4.11 49 2.68 0
08:19 743.46 4.11 50 5.36 0
08:20 743.46 4.22 50 6.26 0
08:21 743.46 4.22 49 7.6 0
08:22 743.46 4.11 49 6.26 0
08:23 743.46 4.11 49 4.47 0
08:24 743.46 4.11 49 5.36 0
08:25 743.46 4.22 48 4.92 0
08:26 743.46 4.22 47 7.15 0
08:27 743.46 4.22 48 5.36 0
08:28 743.71 4.22 48 4.47 0
08:29 743.71 4.22 49 2.24 0
08:30 743.71 4.28 49 4.92 0
08:31 743.71 4.28 48 4.02 0
08:32 743.71 4.28 48 5.36 0
08:33 743.71 4.28 48 2.68 0
08:34 743.71 4.39 49 4.02 0
08:35 743.71 4.39 49 4.02 0
08:36 743.71 4.44 49 3.58 0
08:37 743.71 4.44 48 1.79 0
08:38 743.71 4.44 48 4.47 0
08:39 743.71 4.56 47 4.02 0
08:40 743.71 4.56 46 4.02 0
08:41 743.71 4.56 46 6.26 0
08:42 743.71 4.56 46 6.26 0
08:43 743.97 4.56 45 6.26 0
08:44 743.97 4.56 46 4.47 0
08:45 743.97 4.44 47 3.13 0
08:46 743.97 4.56 47 3.58 0
08:47 743.97 4.56 47 3.13 0
08:48 743.97 4.56 46 4.92 0
08:49 743.97 4.56 45 3.13 0
08:50 743.97 4.61 46 1.79 0
08:51 743.97 4.61 46 3.58 0
08:52 743.97 4.67 47 5.36 0
08:53 743.97 4.67 44 2.68 0
08:54 743.97 4.67 44 4.92 0
08:55 743.97 4.78 45 1.79 0
08:56 743.97 4.78 45 4.92 0
08:57 743.97 4.83 45 2.24 0
08:58 743.97 4.94 45 1.79 0
08:59 743.97 4.94 45 2.24 0
09:00 743.97 4.94 44 2.68 0
09:01 743.97 5 45 1.79 0
09:02 743.97 5 44 2.68 0
09:03 743.97 5.11 43 3.58 0
09:04 743.97 5.17 41 3.13 0
09:05 743.97 5.17 40 5.81 0
09:06 743.97 5.17 40 1.79 0
09:07 743.97 5.22 41 3.13 0
09:08 743.97 5.22 40 6.71 0
09:09 743.97 5.22 37 3.13 0
09:10 743.97 5.22 36 5.36 0
09:11 743.97 5.17 36 5.81 0
09:12 743.97 5.17 36 4.47 0
09:13 744.22 5.17 36 4.47 0
09:14 744.22 5.17 36 5.81 0
09:15 744.22 5.17 33 4.02 0
09:16 744.22 5.22 34 4.02 0
09:17 744.22 5.22 35 5.81 0
09:18 744.22 5.33 35 4.02 0
09:19 744.22 5.33 35 6.26 0
09:20 744.22 5.33 33 4.92 0
09:21 744.22 5.33 32 7.6 0
09:22 744.22 5.33 32 6.26 0
09:23 744.22 5.39 31 5.36 0
09:24 744.22 5.39 31 6.26 0
09:25 744.22 5.39 31 4.47 0
09:26 744.22 5.5 32 4.47 0
09:27 744.22 5.56 32 4.92 0
09:28 744.22 5.67 31 5.81 0
09:29 744.22 5.67 31 5.81 0
09:30 744.22 5.56 30 6.26 0
09:31 744.22 5.56 30 4.47 0
09:32 744.22 5.56 31 .89 0
09:33 744.22 5.67 31 4.92 0
09:34 744.22 5.72 31 2.68 0
09:35 744.22 5.72 30 8.94 0
09:36 744.22 5.56 29 4.02 0
09:37 744.22 5.56 30 7.6 0
09:38 744.22 5.56 31 4.92 0
09:39 744.22 5.56 30 3.13 0
09:40 744.22 5.5 30 4.92 0
09:41 744.22 5.5 31 6.26 0
09:42 744.22 5.5 32 5.36 0
09:43 744.47 5.5 32 5.81 0
09:44 744.47 5.39 32 4.92 0
09:45 744.47 5.39 32 4.47 0
09:46 744.47 5.39 32 1.79 0
09:47 744.47 5.39 32 6.71 0
09:48 744.47 5.39 32 4.47 0
09:49 744.47 5.39 32 4.92 0
09:50 744.47 5.39 32 5.81 0
09:51 744.47 5.5 32 4.02 0
09:52 744.47 5.56 31 4.92 0
09:53 744.47 5.56 32 5.36 0
09:54 744.47 5.56 32 4.47 0
09:55 744.47 5.72 33 4.92 0
09:56 744.47 5.72 30 5.36 0
09:57 744.47 5.67 31 4.92 0
09:58 744.47 5.72 31 .45 0
09:59 744.47 5.78 32 4.47 0
10:00 744.47 5.89 31 6.71 0
10:01 744.47 5.78 31 6.71 0
10:02 744.47 5.72 31 5.81 0
10:03 744.47 5.67 31 6.26 0
10:04 744.47 5.56 31 4.02 0
10:05 744.47 5.56 31 5.36 0
10:06 744.47 5.56 31 4.92 0
10:07 744.47 5.72 31 4.02 0
10:08 744.47 5.89 31 .89 0
10:09 744.47 5.94 32 1.79 0
10:10 744.47 6.06 31 2.68 0
10:11 744.47 6.11 31 3.13 0
10:12 744.47 6.11 31 2.24 0
10:13 744.73 6.22 31 5.81 0
10:14 744.73 6.11 30 5.81 0
10:15 744.73 6.11 31 7.15 0
10:16 744.73 6.11 30 3.58 0
10:17 744.73 6.11 31 4.92 0
10:18 744.73 6.11 30 2.68 0
10:19 744.73 6.06 30 6.26 0
10:20 744.73 6.06 31 4.47 0
10:21 744.73 6.06 30 3.58 0
10:22 744.73 5.94 29 6.26 0
10:23 744.73 5.94 30 4.92 0
10:24 744.73 5.78 30 4.47 0
10:25 744.73 5.78 31 1.34 0
10:26 744.73 5.89 31 4.47 0
10:27 744.73 5.89 31 4.02 0
10:28 744.73 5.89 31 5.81 0
10:29 744.73 5.89 31 3.13 0
10:30 744.73 5.89 31 4.02 0
10:31 744.73 5.89 31 2.24 0
10:32 744.73 5.94 32 6.26 0
10:33 744.73 5.94 31 4.47 0
10:34 744.73 6.06 31 1.79 0
10:35 744.73 6.11 32 5.36 0
10:36 744.73 6.22 31 2.68 0
10:37 744.73 6.28 32 .89 0
10:38 744.73 6.33 32 4.02 0
10:39 744.73 6.44 31 5.36 0
10:40 744.73 6.33 31 5.36 0
10:41 744.73 6.22 31 3.13 0
10:42 744.73 6.11 31 4.02 0
10:43 744.73 6.11 33 4.02 0
10:44 744.73 6.11 32 4.02 0
10:45 744.73 6.06 32 3.13 0
10:46 744.73 6.11 33 2.68 0
10:47 744.73 6.11 33 4.47 0
10:48 744.73 6.22 33 5.36 0
10:49 744.73 6.28 33 4.47 0
10:50 744.73 6.28 32 2.68 0
10:51 744.73 6.22 32 1.79 0
10:52 744.73 6.22 33 7.15 0
10:53 744.73 6.28 33 2.68 0
10:54 744.73 6.5 34 2.24 0
10:55 744.73 6.61 32 1.34 0
10:56 744.73 6.67 32 .45 0
10:57 744.73 6.78 32 2.24 0
10:58 744.73 6.67 32 6.26 0
10:59 744.73 6.67 32 4.02 0
11:00 744.73 6.78 32 2.24 0
11:01 744.73 6.67 32 1.79 0
11:02 744.73 6.67 32 1.34 0
11:03 744.73 6.61 32 1.34 0
11:04 744.73 6.61 32 5.81 0
11:05 744.73 6.61 32 3.13 0
11:06 744.73 6.61 31 6.26 0
11:07 744.73 6.5 31 2.24 0
11:08 744.73 6.33 31 2.24 0
11:09 744.73 6.44 32 5.81 0
11:10 744.73 6.33 32 2.68 0
11:11 744.73 6.44 32 7.6 0
11:12 744.73 6.44 32 6.26 0
11:13 744.73 6.44 33 4.47 0
11:14 744.73 6.5 32 4.47 0
11:15 744.73 6.5 32 4.47 0
11:16 744.73 6.5 32 5.36 0
11:17 744.73 6.44 31 2.24 0
11:18 744.73 6.33 32 4.92 0
11:19 744.73 6.33 31 7.15 0
11:20 744.73 6.33 31 5.36 0
11:21 744.73 6.44 31 5.81 0
11:22 744.73 6.61 32 5.81 0
11:23 744.73 6.67 32 3.13 0
11:24 744.73 6.78 31 6.26 0
11:25 744.73 6.78 30 6.26 0
11:26 744.73 6.67 30 1.79 0
11:27 744.73 6.67 31 5.36 0
11:28 744.98 6.67 31 4.02 0
11:29 744.98 6.67 31 2.68 0
11:30 744.98 6.67 31 2.24 0
11:31 744.98 6.67 31 4.02 0
11:32 744.98 6.67 33 4.92 0
11:33 744.98 6.83 33 1.79 0
11:34 744.98 6.89 34 5.81 0
11:35 744.98 6.89 30 8.05 0
11:36 744.98 6.83 29 9.39 0
11:37 744.98 6.78 30 6.71 0
11:38 744.98 6.78 30 8.05 0
11:39 744.98 6.67 29 7.15 0
11:40 744.98 6.61 30 4.92 0
11:41 744.98 6.61 30 4.02 0
11:42 744.98 6.67 31 8.05 0
11:43 745.24 6.78 32 4.47 0
11:44 745.24 6.89 31 7.6 0
11:45 745.24 6.89 31 4.92 0
11:46 745.24 7 31 2.24 0
11:47 745.24 6.89 31 4.47 0
11:48 745.24 6.89 31 4.02 0
11:49 745.24 7 32 5.81 0
11:50 745.24 7.06 31 4.02 0
11:51 745.24 7.17 31 5.81 0
11:52 745.24 7 31 7.6 0
11:53 745.24 7 32 8.94 0
11:54 745.24 7 32 5.81 0
11:55 745.24 7 32 6.26 0
11:56 745.24 7 32 5.81 0
11:57 745.24 6.89 32 8.05 0
11:58 745.24 6.83 31 4.02 0
11:59 745.24 6.83 32 8.05 0
12:00 745.24 6.78 32 5.36 0
12:01 745.24 6.67 32 6.26 0
12:02 745.24 6.61 33 6.71 0
12:03 745.24 6.61 32 7.15 0
12:04 745.24 6.5 33 2.68 0
12:05 745.24 6.5 34 5.36 0
12:06 745.24 6.61 35 2.68 0
12:07 745.24 6.67 34 2.68 0
12:08 745.24 6.83 34 6.26 0
12:09 745.24 6.89 33 5.81 0
12:10 745.24 7 33 5.36 0
12:11 745.24 7 33 5.81 0
12:12 745.24 6.89 32 5.81 0
12:13 745.24 7 33 5.36 0
12:14 745.24 7.06 33 3.13 0
12:15 745.24 7.17 33 2.24 0
12:16 745.24 7.17 33 6.71 0
12:17 745.24 7.06 32 6.26 0
12:18 745.24 6.89 33 4.47 0
12:19 745.24 6.78 33 5.36 0
12:20 745.24 6.67 33 3.13 0
12:21 745.24 6.67 34 3.13 0
12:22 745.24 6.67 34 6.71 0
12:23 745.24 6.67 34 5.36 0
12:24 745.24 6.67 34 4.02 0
12:25 745.24 6.67 34 4.92 0
12:26 745.24 6.67 34 4.02 0
12:27 745.24 6.67 34 4.47 0
12:28 745.24 6.67 34 4.02 0
12:29 745.24 6.67 34 2.24 0
12:30 745.24 6.78 35 5.36 0
12:31 745.24 6.78 35 7.15 0
12:32 745.24 6.67 34 5.36 0
12:33 745.24 6.67 34 5.36 0
12:34 745.24 6.61 34 4.92 0
12:35 745.24 6.61 34 2.24 0
12:36 745.24 6.61 35 .89 0
12:37 745.24 6.61 35 2.68 0
12:38 745.24 6.67 35 2.68 0
12:39 745.24 6.78 35 4.47 0
12:40 745.24 6.78 34 2.24 0
12:41 745.24 6.83 35 2.68 0
12:42 745.24 6.83 34 4.92 0
12:43 745.49 6.83 34 2.24 0
12:44 745.49 6.83 34 4.92 0
12:45 745.49 6.78 34 6.26 0
12:46 745.49 6.78 35 6.71 0
12:47 745.49 6.78 35 7.15 0
12:48 745.49 6.67 35 4.02 0
12:49 745.49 6.67 35 5.36 0
12:50 745.49 6.61 35 6.71 0
12:51 745.49 6.5 35 4.47 0
12:52 745.49 6.5 36 1.34 0
12:53 745.49 6.61 36 5.81 0
12:54 745.49 6.61 36 5.81 0
12:55 745.49 6.61 35 1.34 0
12:56 745.49 6.61 36 6.26 0
12:57 745.49 6.5 36 5.81 0
12:58 745.49 6.5 36 4.02 0
12:59 745.49 6.5 36 5.81 0
13:00 745.49 6.5 36 4.92 0
13:01 745.49 6.5 36 2.68 0
13:02 745.49 6.5 37 5.36 0
13:03 745.49 6.61 37 3.13 0
13:04 745.49 6.67 37 4.02 0
13:05 745.49 6.67 37 5.36 0
13:06 745.49 6.78 37 4.47 0
13:07 745.49 6.78 37 3.13 0
13:08 745.49 6.67 36 7.15 0
13:09 745.49 6.67 36 5.36 0
13:10 745.49 6.67 37 3.13 0
13:11 745.49 6.67 36 6.26 0
13:12 745.49 6.61 36 5.36 0
13:13 745.74 6.61 37 4.47 0
13:14 745.74 6.61 38 2.68 0
13:15 745.74 6.67 38 3.13 0
13:16 745.74 6.67 39 7.15 0
13:17 745.74 6.78 39 3.13 0
13:18 745.74 6.83 40 4.02 0
13:19 745.74 7 40 4.92 0
13:20 745.74 6.89 38 4.92 0
13:21 745.74 6.83 38 2.24 0
13:22 745.74 6.89 39 4.92 0
13:23 745.74 6.89 38 4.92 0
13:24 745.74 6.89 39 6.26 0
13:25 745.74 6.83 39 5.36 0
13:26 745.74 6.78 38 5.81 0
13:27 745.74 6.67 38 6.71 0
13:28 745.74 6.67 38 4.92 0
13:29 745.74 6.61 38 4.92 0
13:30 745.74 6.61 38 4.92 0
13:31 745.74 6.61 39 2.24 0
13:32 745.74 6.5 40 3.13 0
13:33 745.74 6.44 40 4.92 0
13:34 745.74 6.44 41 2.24 0
13:35 745.74 6.44 40 2.24 0
13:36 745.74 6.44 41 4.47 0
13:37 745.74 6.5 40 6.71 0
13:38 745.74 6.44 41 6.71 0
13:39 745.74 6.33 44 4.92 0
13:40 745.74 6.28 44 4.02 0
13:41 745.74 6.28 45 2.24 0
13:42 745.74 6.28 45 3.58 0
13:43 746 6.33 44 4.92 0
13:44 746 6.28 43 3.58 0
13:45 746 6.28 43 4.47 0
13:46 746 6.22 43 1.34 0
13:47 746 6.28 43 4.92 0
13:48 746 6.33 43 5.81 0
13:49 746 6.44 44 7.15 0
13:50 746 6.44 44 3.13 0
13:51 746 6.44 44 1.79 0
13:52 746 6.44 45 4.47 0
13:53 746 6.5 44 4.92 0
13:54 746 6.5 44 5.36 0
13:55 746 6.5 43 5.36 0
13:56 746 6.44 43 4.92 0
13:57 746 6.44 43 4.02 0
13:58 746 6.44 43 1.79 0
13:59 746 6.44 42 3.13 0
14:00 746 6.5 43 2.24 0
14:01 746 6.61 43 2.68 0
14:02 746 6.67 42 4.47 0
14:03 746 6.67 42 7.15 0
14:04 746 6.78 42 1.79 0
14:05 746 6.78 42 2.68 0
14:06 746 6.78 42 5.36 0
14:07 746 6.78 42 3.58 0
14:08 746 6.67 40 4.92 0
14:09 746 6.67 41 4.92 0
14:10 746 6.78 41 5.81 0
14:11 746 6.78 40 7.15 0
14:12 746 6.83 39 3.13 0
14:13 746 6.83 39 5.36 0
14:14 746 6.78 37 7.15 0
14:15 746 6.67 37 5.81 0
14:16 746 6.67 37 4.47 0
14:17 746 6.67 36 2.68 0
14:18 746 6.67 36 5.36 0
14:19 746 6.67 35 5.81 0
14:20 746 6.67 33 4.47 0
14:21 746 6.67 34 3.58 0
14:22 746 6.78 35 2.68 0
14:23 746 6.83 34 5.81 0
14:24 746 6.89 34 3.58 0
14:25 746 6.89 35 4.92 0
14:26 746 6.83 37 3.58 0
14:27 746 6.83 36 5.81 0
14:28 746.25 6.83 36 5.36 0
14:29 746.25 6.78 37 5.36 0
14:30 746.25 6.78 41 3.58 0
14:31 746.25 6.67 44 4.92 0
14:32 746.25 6.5 44 6.26 0
14:33 746.25 6.33 44 5.36 0
14:34 746.25 6.28 45 4.92 0
14:35 746.25 6.22 45 4.92 0
14:36 746.25 6.11 45 7.15 0
14:37 746.25 6.06 44 2.68 0
14:38 746.25 5.94 44 4.92 0
14:39 746.25 5.89 44 3.13 0
14:40 746.25 5.89 45 2.68 0
14:41 746.25 5.89 45 6.71 0
14:42 746.25 5.89 45 5.36 0
14:43 746.51 5.89 45 2.68 0
14:44 746.51 5.89 46 2.68 0
14:45 746.51 5.89 46 1.79 0
14:46 746.51 5.94 45 1.79 0
14:47 746.51 5.94 46 4.47 0
14:48 746.51 5.94 45 4.92 0
14:49 746.51 5.94 45 2.24 0
14:50 746.51 5.94 45 3.13 0
14:51 746.51 5.94 45 .45 0
14:52 746.51 6.06 45 5.81 0
14:53 746.51 6.06 45 4.47 0
14:54 746.51 6.06 46 4.92 0
14:55 746.51 6.06 46 6.71 0
14:56 746.51 6.06 46 5.36 0
14:57 746.51 5.94 46 7.6 0
14:58 746.76 5.94 46 5.81 0
14:59 746.76 5.94 46 2.68 0
15:00 746.76 5.94 47 5.81 0
15:01 746.76 5.94 47 5.36 0
15:02 746.76 5.94 47 4.47 0
15:03 746.76 5.89 47 7.15 0
15:04 746.76 5.89 47 4.92 0
15:05 746.76 5.89 47 5.81 0
15:06 746.76 5.78 48 5.81 0
15:07 746.76 5.78 48 3.13 0
15:08 746.76 5.78 49 3.58 0
15:09 746.76 5.78 49 4.47 0
15:10 746.76 5.78 48 4.92 0
15:11 746.76 5.78 49 4.47 0
15:12 746.76 5.78 49 2.68 0
15:13 746.76 5.78 49 1.79 0
15:14 746.76 5.78 49 2.68 0
15:15 746.76 5.78 49 2.68 0
15:16 746.76 5.78 49 2.68 0
15:17 746.76 5.78 49 1.79 0
15:18 746.76 5.78 49 6.26 0
15:19 746.76 5.78 49 2.24 0
15:20 746.76 5.78 49 5.81 0
15:21 746.76 5.78 48 4.47 0
15:22 746.76 5.72 48 4.92 0
15:23 746.76 5.72 49 5.36 0
15:24 746.76 5.72 48 5.36 0
15:25 746.76 5.72 48 2.68 0
15:26 746.76 5.72 48 4.47 0
15:27 746.76 5.72 49 4.47 0
15:28 746.76 5.72 49 4.02 0
15:29 746.76 5.78 49 4.92 0
15:30 746.76 5.78 49 5.36 0
15:31 746.76 5.72 49 .89 0
15:32 746.76 5.72 49 5.36 0
15:33 746.76 5.72 49 5.36 0
15:34 746.76 5.67 50 4.47 0
15:35 746.76 5.67 50 3.13 0
15:36 746.76 5.56 51 1.79 0
15:37 746.76 5.56 51 2.24 0
15:38 746.76 5.56 52 7.6 0
15:39 746.76 5.56 51 5.81 0
15:40 746.76 5.5 51 3.13 0
15:41 746.76 5.5 49 4.02 0
15:42 746.76 5.5 52 3.13 0
15:43 747.01 5.5 53 2.68 0
15:44 747.01 5.5 53 3.58 0
15:45 747.01 5.5 54 4.92 0
15:46 747.01 5.39 53 2.24 0
15:47 747.01 5.39 54 3.13 0
15:48 747.01 5.5 54 .89 0
15:49 747.01 5.56 53 3.58 0
15:50 747.01 5.56 53 4.02 0
15:51 747.01 5.56 52 2.68 0
15:52 747.01 5.56 53 3.13 0
15:53 747.01 5.67 54 3.13 0
15:54 747.01 5.72 53 4.02 0
15:55 747.01 5.78 52 3.13 0
15:56 747.01 5.78 52 1.79 0
15:57 747.01 5.89 52 2.68 0
15:58 746.76 5.94 51 .89 0
15:59 746.76 5.94 51 2.68 0
16:00 746.76 6.11 50 3.13 0
16:01 746.76 6.11 49 2.24 0
16:02 746.76 6.22 49 2.24 0
16:03 746.76 6.28 48 1.34 0
16:04 746.76 6.28 48 4.92 0
16:05 746.76 6.33 46 2.24 0
16:06 746.76 6.44 47 1.79 0
16:07 746.76 6.5 47 4.02 0
16:08 746.76 6.67 47 3.13 0
16:09 746.76 6.78 47 3.58 0
16:10 746.76 6.78 47 4.47 0
16:11 746.76 6.67 47 1.79 0
16:12 746.76 6.67 47 .45 0
16:13 747.01 6.67 46 2.24 0
16:14 747.01 6.67 46 4.92 0
16:15 747.01 6.67 46 2.24 0
16:16 747.01 6.61 46 4.92 0
16:17 747.01 6.67 45 2.24 0
16:18 747.01 6.67 44 2.68 0
16:19 747.01 6.61 44 4.02 0
16:20 747.01 6.61 45 2.68 0
16:21 747.01 6.61 45 2.24 0
16:22 747.01 6.5 45 4.02 0
16:23 747.01 6.5 45 3.13 0
16:24 747.01 6.44 46 2.68 0
16:25 747.01 6.44 46 2.68 0
16:26 747.01 6.33 46 4.02 0
16:27 747.01 6.33 46 1.34 0
16:28 747.01 6.44 46 4.92 0
16:29 747.01 6.44 46 5.36 0
16:30 747.01 6.61 45 4.92 0
16:31 747.01 6.61 45 2.68 0
16:32 747.01 6.61 44 1.34 0
16:33 747.01 6.67 44 .89 0
16:34 747.01 6.83 44 4.47 0
16:35 747.01 6.83 43 1.79 0
16:36 747.01 6.83 43 .45 0
16:37 747.01 6.89 44 1.79 0
16:38 747.01 7.06 43 5.81 0
16:39 747.01 7.17 41 1.34 0
16:40 747.01 7.17 42 1.79 0
16:41 747.01 7.22 42 4.47 0
16:42 747.01 7.17 42 4.02 0
16:43 747.01 7.06 41 3.13 0
16:44 747.01 7 41 4.02 0
16:45 747.01 7 42 2.68 0
16:46 747.01 6.89 41 2.24 0
16:47 747.01 7 42 4.92 0
16:48 747.01 7 43 3.13 0
16:49 747.01 7 42 4.47 0
16:50 747.01 7 42 4.02 0
16:51 747.01 7 43 2.24 0
16:52 747.01 7 42 2.68 0
16:53 747.01 7.06 43 3.13 0
16:54 747.01 7.06 41 3.58 0
16:55 747.01 7.17 40 1.34 0
16:56 747.01 7.17 41 4.02 0
16:57 747.01 7.17 40 1.79 0
16:58 747.27 7.17 40 4.02 0
16:59 747.27 7.22 39 4.02 0
17:00 747.27 7.22 39 7.15 0
17:01 747.27 7.22 35 4.92 0
17:02 747.27 7.22 35 7.15 0
17:03 747.27 7.17 33 7.15 0
17:04 747.27 7.17 33 5.81 0
17:05 747.27 7.17 33 3.13 0
17:06 747.27 7.17 33 4.92 0
17:07 747.27 7.17 33 5.81 0
17:08 747.27 7.17 31 4.92 0
17:09 747.27 7.17 31 6.26 0
17:10 747.27 7.17 28 8.05 0
17:11 747.27 7.17 27 7.15 0
17:12 747.27 7.17 27 3.13 0
17:13 747.27 7.22 27 3.13 0
17:14 747.27 7.33 28 6.26 0
17:15 747.27 7.33 23 4.47 0
17:16 747.27 7.39 22 4.47 0
17:17 747.27 7.5 22 2.24 0
17:18 747.27 7.56 23 4.47 0
17:19 747.27 7.56 22 3.13 0
17:20 747.27 7.56 23 3.13 0
17:21 747.27 7.56 23 5.36 0
17:22 747.27 7.56 22 5.81 0
17:23 747.27 7.56 22 6.71 0
17:24 747.27 7.56 22 4.92 0
17:25 747.27 7.5 22 5.81 0
17:26 747.27 7.5 22 4.92 0
17:27 747.27 7.5 23 3.13 0
17:28 747.52 7.5 22 5.36 0
17:29 747.52 7.39 23 6.71 0
17:30 747.52 7.33 22 7.6 0
17:31 747.52 7.17 22 9.39 0
17:32 747.52 7.06 21 4.92 0
17:33 747.52 7 21 4.02 0
17:34 747.52 7 22 4.92 0
17:35 747.52 6.89 21 5.36 0
17:36 747.52 6.89 22 5.81 0
17:37 747.52 6.83 22 3.58 0
17:38 747.52 6.83 22 2.68 0
17:39 747.52 6.83 22 6.26 0
17:40 747.52 6.83 22 4.47 0
17:41 747.52 6.83 22 4.92 0
17:42 747.52 6.83 22 4.92 0
17:43 747.78 6.78 22 5.36 0
17:44 747.78 6.78 22 3.58 0
17:45 747.78 6.67 22 4.47 0
17:46 747.78 6.67 22 3.13 0
17:47 747.78 6.67 23 4.02 0
17:48 747.78 6.61 22 4.02 0
17:49 747.78 6.61 23 2.68 0
17:50 747.78 6.61 23 2.68 0
17:51 747.78 6.5 23 4.02 0
17:52 747.78 6.5 23 4.47 0
17:53 747.78 6.5 23 5.36 0
17:54 747.78 6.5 23 7.15 0
17:55 747.78 6.44 23 4.47 0
17:56 747.78 6.44 23 4.02 0
17:57 747.78 6.44 23 4.02 0
17:58 748.03 6.44 23 4.92 0
17:59 748.03 6.33 23 3.58 0
18:00 748.03 6.33 23 2.24 0
18:01 748.03 6.33 23 4.47 0
18:02 748.03 6.33 23 4.47 0
18:03 748.03 6.28 24 4.02 0
18:04 748.03 6.28 24 2.24 0
18:05 748.03 6.22 25 2.24 0
18:06 748.03 6.22 24 1.79 0
18:07 748.03 6.22 24 4.47 0
18:08 748.03 6.22 24 2.24 0
18:09 748.03 6.22 25 2.24 0
18:10 748.03 6.11 24 4.47 0
18:11 748.03 6.11 24 2.68 0
18:12 748.03 6.11 25 1.79 0
18:13 748.03 6.11 25 2.24 0
18:14 748.03 6.11 25 1.79 0
18:15 748.03 6.11 25 2.24 0
18:16 748.03 6.11 25 1.79 0
18:17 748.03 6.06 25 1.34 0
18:18 748.03 6.06 25 1.34 0
18:19 748.03 6.06 25 2.24 0
18:20 748.03 6.06 25 1.34 0
18:21 748.03 6.06 25 1.34 0
18:22 748.03 5.94 26 1.34 0
18:23 748.03 5.94 25 1.79 0
18:24 748.03 5.94 26 3.13 0
18:25 748.03 5.94 25 2.24 0
18:26 748.03 5.94 25 2.68 0
18:27 748.03 5.94 25 1.34 0
18:28 748.28 6.06 25 .89 0
18:29 748.28 6.06 26 1.34 0
18:30 748.28 5.94 26 1.79 0
18:31 748.28 5.94 26 2.24 0
18:32 748.28 5.94 26 1.34 0
18:33 748.28 5.94 26 2.24 0
18:34 748.28 5.94 26 1.79 0
18:35 748.28 5.94 26 1.34 0
18:36 748.28 5.94 26 2.68 0
18:37 748.28 5.94 26 3.13 0
18:38 748.28 5.94 25 1.79 0
18:39 748.28 6.06 26 2.24 0
18:40 748.28 5.94 26 3.58 0
18:41 748.28 5.94 26 5.36 0
18:42 748.28 5.94 26 2.68 0
18:43 748.54 5.94 26 4.47 0
18:44 748.54 5.89 26 2.68 0
18:45 748.54 5.89 27 3.13 0
18:46 748.54 5.89 27 4.02 0
18:47 748.54 5.89 27 4.47 0
18:48 748.54 5.78 27 3.13 0
18:49 748.54 5.78 27 3.13 0
18:50 748.54 5.78 27 4.02 0
18:51 748.54 5.78 27 2.24 0
18:52 748.54 5.78 27 3.13 0
18:53 748.54 5.78 27 3.13 0
18:54 748.54 5.78 27 2.68 0
18:55 748.54 5.78 28 7.15 0
18:56 748.54 5.78 27 3.13 0
18:57 748.54 5.78 28 1.79 0
18:58 748.79 5.78 28 4.02 0
18:59 748.79 5.72 28 6.71 0
19:00 748.79 5.72 27 4.92 0
19:01 748.79 5.67 27 4.47 0
19:02 748.79 5.67 28 7.15 0
19:03 748.79 5.67 28 4.47 0
19:04 748.79 5.67 28 2.24 0
19:05 748.79 5.56 29 6.71 0
19:06 748.79 5.56 29 3.58 0
19:07 748.79 5.5 29 4.92 0
19:08 748.79 5.5 29 4.47 0
19:09 748.79 5.5 30 3.13 0
19:10 748.79 5.5 30 3.13 0
19:11 748.79 5.39 30 5.36 0
19:12 748.79 5.39 30 4.92 0
19:13 749.05 5.39 30 3.13 0
19:14 749.05 5.33 31 1.79 0
19:15 749.05 5.33 31 4.47 0
19:16 749.05 5.33 31 4.47 0
19:17 749.05 5.33 31 3.58 0
19:18 749.05 5.33 31 2.68 0
19:19 749.05 5.22 31 3.58 0
19:20 749.05 5.22 31 3.13 0
19:21 749.05 5.22 32 1.79 0
19:22 749.05 5.17 32 2.68 0
19:23 749.05 5.11 32 2.24 0
19:24 749.05 5.11 32 4.47 0
19:25 749.05 5 32 2.24 0
19:26 749.05 5 33 1.34 0
19:27 749.05 5 33 3.13 0
19:28 749.05 4.94 33 2.24 0
19:29 749.05 4.94 33 2.24 0
19:30 749.05 4.94 33 4.92 0
19:31 749.05 4.94 33 2.68 0
19:32 749.05 4.83 33 1.34 0
19:33 749.05 4.83 33 2.24 0
19:34 749.05 4.83 33 2.68 0
19:35 749.05 4.83 33 1.34 0
19:36 749.05 4.83 33 1.79 0
19:37 749.05 4.78 33 1.79 0
19:38 749.05 4.78 33 2.24 0
19:39 749.05 4.78 33 1.79 0
19:40 749.05 4.67 34 1.34 0
19:41 749.05 4.67 34 2.24 0
19:42 749.05 4.67 34 1.79 0
19:43 749.3 4.67 34 2.68 0
19:44 749.3 4.61 34 2.24 0
19:45 749.3 4.61 34 2.24 0
19:46 749.3 4.61 33 3.13 0
19:47 749.3 4.61 34 3.13 0
19:48 749.3 4.56 35 2.24 0
19:49 749.3 4.56 35 4.02 0
19:50 749.3 4.44 35 2.68 0
19:51 749.3 4.44 35 1.79 0
19:52 749.3 4.44 35 2.68 0
19:53 749.3 4.39 35 2.68 0
19:54 749.3 4.39 35 2.68 0
19:55 749.3 4.39 35 1.79 0
19:56 749.3 4.28 34 1.79 0
19:57 749.3 4.28 35 2.24 0
19:58 749.55 4.22 36 1.79 0
19:59 749.55 4.22 36 1.79 0
20:00 749.55 4.11 36 2.24 0
20:01 749.55 4.06 37 2.24 0
20:02 749.55 4.06 37 1.79 0
20:03 749.55 4 37 1.79 0
20:04 749.55 4 37 4.02 0
20:05 749.55 4.06 37 4.02 0
20:06 749.55 4.06 37 4.47 0
20:07 749.55 4.06 37 2.68 0
20:08 749.55 4.11 37 2.68 0
20:09 749.55 4.11 37 1.34 0
20:10 749.55 4.11 37 3.13 0
20:11 749.55 4.11 37 2.68 0
20:12 749.55 4.11 37 0 0
20:13 749.55 4.11 37 2.68 0
20:14 749.55 4.06 38 3.58 0
20:15 749.55 4.06 38 4.47 0
20:16 749.55 4.06 38 2.68 0
20:17 749.55 4.06 38 1.34 0
20:18 749.55 4.06 38 4.92 0
20:19 749.55 4.06 38 4.47 0
20:20 749.55 4.06 38 3.13 0
20:21 749.55 4.06 38 2.24 0
20:22 749.55 4.06 38 3.13 0
20:23 749.55 4.06 39 1.34 0
20:24 749.55 4.06 39 1.34 0
20:25 749.55 4 39 3.13 0
20:26 749.55 4 39 4.47 0
20:27 749.55 4 39 3.13 0
20:28 749.81 4 40 3.13 0
20:29 749.81 4 40 1.34 0
20:30 749.81 3.89 40 2.24 0
20:31 749.81 3.89 40 2.68 0
20:32 749.81 3.89 40 3.13 0
20:33 749.81 3.83 41 2.68 0
20:34 749.81 3.83 41 2.24 0
20:35 749.81 3.83 41 4.02 0
20:36 749.81 3.83 41 3.13 0
20:37 749.81 3.83 41 1.79 0
20:38 749.81 3.83 41 2.24 0
20:39 749.81 3.72 41 2.24 0
20:40 749.81 3.72 42 3.13 0
20:41 749.81 3.72 42 2.68 0
20:42 749.81 3.72 42 2.24 0
20:43 749.81 3.67 42 2.24 0
20:44 749.81 3.67 43 4.02 0
20:45 749.81 3.67 43 2.24 0
20:46 749.81 3.67 43 2.24 0
20:47 749.81 3.67 43 1.79 0
20:48 749.81 3.56 43 1.79 0
20:49 749.81 3.56 43 2.68 0
20:50 749.81 3.56 44 2.24 0
20:51 749.81 3.56 44 1.79 0
20:52 749.81 3.5 44 2.24 0
20:53 749.81 3.5 44 1.79 0
20:54 749.81 3.39 44 1.34 0
20:55 749.81 3.39 44 2.24 0
20:56 749.81 3.39 44 1.34 0
20:57 749.81 3.39 44 2.24 0
20:58 750.06 3.39 44 1.79 0
20:59 750.06 3.39 45 2.24 0
21:00 750.06 3.39 45 2.24 0
21:01 750.06 3.39 45 .89 0
21:02 750.06 3.39 45 1.34 0
21:03 750.06 3.33 45 .89 0
21:04 750.06 3.33 45 .89 0
21:05 750.06 3.33 45 1.34 0
21:06 750.06 3.33 45 2.68 0
21:07 750.06 3.33 45 2.24 0
21:08 750.06 3.33 45 .89 0
21:09 750.06 3.28 45 2.24 0
21:10 750.06 3.28 45 1.79 0
21:11 750.06 3.28 45 1.79 0
21:12 750.06 3.17 45 1.34 0
21:13 750.06 3.17 45 1.79 0
21:14 750.06 3.17 46 3.13 0
21:15 750.06 3.17 46 2.24 0
21:16 750.06 3.17 46 2.68 0
21:17 750.06 3.17 46 2.68 0
21:18 750.06 3.11 46 2.68 0
21:19 750.06 3.11 46 1.79 0
21:20 750.06 3 46 2.24 0
21:21 750.06 3 46 2.24 0
21:22 750.06 3 46 1.34 0
21:23 750.06 2.94 47 1.79 0
21:24 750.06 2.94 47 1.79 0
21:25 750.06 2.94 46 1.79 0
21:26 750.06 2.94 47 1.79 0
21:27 750.06 2.94 47 1.34 0
21:28 750.32 2.94 47 2.24 0
21:29 750.32 2.94 47 1.34 0
21:30 750.32 2.94 47 1.79 0
21:31 750.32 2.83 47 1.34 0
21:32 750.32 2.83 47 1.79 0
21:33 750.32 2.83 47 2.24 0
21:34 750.32 2.78 47 1.79 0
21:35 750.32 2.78 47 1.79 0
21:36 750.32 2.78 47 2.68 0
21:37 750.32 2.78 47 2.24 0
21:38 750.32 2.72 47 1.34 0
21:39 750.32 2.72 47 1.79 0
21:40 750.32 2.72 47 1.79 0
21:41 750.32 2.72 47 1.79 0
21:42 750.32 2.72 47 2.24 0
21:43 750.32 2.72 47 2.24 0
21:44 750.32 2.61 47 1.79 0
21:45 750.32 2.61 47 1.79 0
21:46 750.32 2.72 47 1.79 0
21:47 750.32 2.72 47 1.79 0
21:48 750.32 2.72 47 1.34 0
21:49 750.32 2.61 47 1.79 0
21:50 750.32 2.61 47 1.79 0
21:51 750.32 2.61 47 2.24 0
21:52 750.32 2.61 47 2.24 0
21:53 750.32 2.56 47 1.79 0
21:54 750.32 2.56 47 1.34 0
21:55 750.32 2.56 47 1.34 0
21:56 750.32 2.56 47 1.34 0
21:57 750.32 2.56 48 1.79 0
21:58 750.57 2.44 48 1.34 0
21:59 750.57 2.44 48 2.24 0
22:00 750.57 2.44 48 1.34 0
22:01 750.57 2.39 48 1.34 0
22:02 750.57 2.39 48 2.24 0
22:03 750.57 2.39 48 1.79 0
22:04 750.57 2.28 48 1.34 0
22:05 750.57 2.28 48 1.79 0
22:06 750.57 2.28 48 2.24 0
22:07 750.57 2.28 48 1.79 0
22:08 750.57 2.28 48 1.34 0
22:09 750.57 2.22 48 1.34 0
22:10 750.57 2.22 48 1.79 0
22:11 750.57 2.17 48 1.34 0
22:12 750.57 2.17 48 .89 0
22:13 750.57 2.17 49 1.34 0
22:14 750.57 2.17 49 .89 0
22:15 750.57 2.17 49 1.34 0
22:16 750.57 2.17 49 1.34 0
22:17 750.57 2.17 49 1.34 0
22:18 750.57 2.06 49 1.34 0
22:19 750.57 2.06 49 1.79 0
22:20 750.57 2 49 1.34 0
22:21 750.57 2 50 1.34 0
22:22 750.57 2 50 1.34 0
22:23 750.57 1.89 50 .89 0
22:24 750.57 1.83 51 1.34 0
22:25 750.57 1.83 51 1.34 0
22:26 750.57 1.72 51 .89 0
22:27 750.57 1.67 51 1.34 0
22:28 750.57 1.67 51 1.34 0
22:29 750.57 1.56 51 1.34 0
22:30 750.57 1.56 51 1.79 0
22:31 750.57 1.5 51 1.34 0
22:32 750.57 1.39 52 1.34 0
22:33 750.57 1.39 53 .89 0
22:34 750.57 1.33 53 1.34 0
22:35 750.57 1.22 54 1.79 0
22:36 750.57 1.17 54 1.34 0
22:37 750.57 1.17 54 1.79 0
22:38 750.57 1.06 55 1.34 0
22:39 750.57 1.06 55 1.34 0
22:40 750.57 1 55 1.34 0
22:41 750.57 1 55 1.34 0
22:42 750.57 .89 55 1.34 0
22:43 750.57 .89 55 .89 0
22:44 750.57 .83 56 1.34 0
22:45 750.57 .72 55 1.34 0
22:46 750.57 .72 56 .89 0
22:47 750.57 .67 56 1.34 0
22:48 750.57 .67 56 .89 0
22:49 750.57 .67 56 .89 0
22:50 750.57 .56 57 1.34 0
22:51 750.57 .56 57 1.34 0
22:52 750.57 .5 57 .89 0
22:53 750.57 .5 57 .89 0
22:54 750.57 .5 56 .89 0
22:55 750.57 .5 57 1.34 0
22:56 750.57 .44 58 1.34 0
22:57 750.57 .5 58 1.34 0
22:58 750.82 .5 58 1.34 0
22:59 750.82 .5 57 1.34 0
23:00 750.82 .5 58 1.34 0
23:01 750.82 .5 57 1.79 0
23:02 750.82 .5 57 1.34 0
23:03 750.82 .5 57 1.34 0
23:04 750.82 .5 57 1.34 0
23:05 750.82 .5 57 1.34 0
23:06 750.82 .44 57 1.34 0
23:07 750.82 .44 57 1.79 0
23:08 750.82 .44 57 1.79 0
23:09 750.82 .33 57 1.34 0
23:10 750.82 .44 57 .89 0
23:11 750.82 .44 57 1.34 0
23:12 750.82 .44 57 1.79 0
23:13 751.08 .5 57 1.79 0
23:14 751.08 .56 56 1.34 0
23:15 751.08 .56 56 1.79 0
23:16 751.08 .67 56 1.79 0
23:17 751.08 .67 56 1.34 0
23:18 751.08 .67 56 1.79 0
23:19 751.08 .72 56 1.79 0
23:20 751.08 .72 56 .89 0
23:21 751.08 .83 56 1.79 0
23:22 751.08 .83 56 1.34 0
23:23 751.08 .83 56 1.79 0
23:24 751.08 .83 56 1.79 0
23:25 751.08 .83 56 1.79 0
23:26 751.08 .83 56 1.34 0
23:27 751.08 .83 56 .89 0
23:28 751.08 .83 56 .89 0
23:29 751.08 .72 56 2.68 0
23:30 751.08 .72 56 1.34 0
23:31 751.08 .83 56 1.79 0
23:32 751.08 .83 56 1.34 0
23:33 751.08 .83 56 2.24 0
23:34 751.08 .83 56 .89 0
23:35 751.08 .83 56 2.24 0
23:36 751.08 .83 56 2.24 0
23:37 751.08 .83 56 1.79 0
23:38 751.08 .72 56 1.79 0
23:39 751.08 .83 56 1.34 0
23:40 751.08 .83 56 1.79 0
23:41 751.08 .83 56 3.13 0
23:42 751.08 .89 55 2.68 0
23:43 751.08 .89 55 2.24 0
23:44 751.08 1 55 2.24 0
23:45 751.08 1 55 3.13 0
23:46 751.08 1 55 2.24 0
23:47 751.08 1 56 4.02 0
23:48 751.08 .89 56 2.68 0
23:49 751.08 .89 56 1.79 0
23:50 751.08 .89 56 2.24 0
23:51 751.08 .83 56 3.13 0
23:52 751.08 .83 56 3.13 0
23:53 751.08 .89 56 2.68 0
23:54 751.08 .89 56 1.79 0
23:55 751.08 .83 56 2.68 0
23:56 751.08 .83 56 1.79 0
23:57 751.08 .83 56 2.24 0
23:58 751.33 .83 56 4.02 0
23:59 751.33 .83 56 2.24 0
