00:00 750.06 -1.67 77 .89 0
00:01 750.06 -1.67 77 2.68 0
00:02 750.06 -1.67 77 1.79 0
00:03 750.06 -1.67 77 2.24 0
00:04 750.06 -1.67 77 1.79 0
00:05 750.06 -1.67 77 2.24 0
00:06 750.06 -1.67 77 2.24 0
00:07 750.06 -1.67 77 3.58 0
00:08 750.06 -1.67 77 1.34 0
00:09 750.06 -1.67 77 2.24 0
00:10 750.06 -1.67 77 1.79 0
00:11 750.06 -1.67 77 2.24 0
00:12 750.06 -1.67 77 2.24 0
00:13 750.06 -1.72 77 .89 0
00:14 750.06 -1.67 77 1.79 0
00:15 750.06 -1.67 77 2.68 0
00:16 750.06 -1.67 77 .89 0
00:17 750.06 -1.67 77 1.79 0
00:18 750.06 -1.67 77 1.34 0
00:19 750.06 -1.67 77 2.24 0
00:20 750.06 -1.67 77 2.24 0
00:21 750.06 -1.67 77 1.79 0
00:22 750.06 -1.67 77 1.34 0
00:23 750.06 -1.67 77 2.68 0
00:24 750.06 -1.67 77 2.24 0
00:25 750.06 -1.67 77 1.79 0
00:26 750.06 -1.67 77 2.68 0
00:27 750.06 -1.67 77 1.79 0
00:28 750.06 -1.67 77 1.34 0
00:29 750.06 -1.67 77 1.79 0
00:30 750.06 -1.67 77 1.79 0
00:31 750.06 -1.67 77 .89 0
00:32 750.06 -1.67 77 1.79 0
00:33 750.06 -1.67 77 2.68 0
00:34 750.06 -1.67 77 1.34 0
00:35 750.06 -1.67 77 2.24 0
00:36 750.06 -1.67 77 1.79 0
00:37 750.06 -1.61 77 1.79 0
00:38 750.06 -1.67 77 1.79 0
00:39 750.06 -1.67 77 1.34 0
00:40 750.06 -1.61 77 1.79 0
00:41 750.06 -1.61 77 1.34 0
00:42 749.81 -1.61 77 1.79 0
00:43 749.81 -1.67 77 1.79 0
00:44 749.81 -1.67 77 2.68 0
00:45 749.81 -1.61 77 1.34 0
00:46 749.81 -1.61 77 1.79 0
00:47 749.81 -1.61 77 2.24 0
00:48 749.81 -1.67 77 1.34 0
00:49 750.06 -1.61 77 1.34 0
00:50 750.06 -1.61 77 1.34 0
00:51 749.81 -1.61 77 1.79 0
00:52 749.81 -1.67 77 3.13 0
00:53 749.81 -1.61 77 2.24 0
00:54 749.81 -1.67 77 1.79 0
00:55 749.81 -1.67 77 1.79 0
00:56 749.81 -1.61 77 1.34 0
00:57 749.81 -1.61 77 1.79 0
00:58 749.81 -1.61 77 .89 0
00:59 749.81 -1.61 77 3.13 0
01:00 749.81 -1.61 77 1.79 0
01:01 749.81 -1.61 77 2.68 0
01:02 749.81 -1.61 77 .45 0
01:03 749.81 -1.61 77 1.79 0
01:04 749.81 -1.61 77 3.13 0
01:05 749.81 -1.61 77 2.24 0
01:06 749.81 -1.61 77 1.34 0
01:07 749.81 -1.61 77 2.68 0
01:08 749.81 -1.61 77 4.02 0
01:09 749.81 -1.56 77 1.79 0
01:10 749.81 -1.61 77 2.68 0
01:11 749.81 -1.56 77 2.24 0
01:12 749.81 -1.61 77 1.79 0
01:13 749.81 -1.61 77 4.02 0
01:14 749.81 -1.56 77 2.24 0
01:15 749.81 -1.56 77 1.79 0
01:16 749.81 -1.56 77 1.79 0
01:17 749.81 -1.56 77 2.24 0
01:18 749.81 -1.56 77 2.24 0
01:19 749.81 -1.56 77 2.68 0
01:20 749.81 -1.56 77 2.68 0
01:21 749.81 -1.56 77 1.34 0
01:22 749.81 -1.56 77 .89 0
01:23 749.81 -1.56 77 3.58 0
01:24 749.81 -1.56 77 2.24 0
01:25 749.81 -1.56 77 2.24 0
01:26 749.81 -1.56 77 2.68 0
01:27 749.81 -1.56 77 1.34 0
01:28 749.81 -1.56 77 3.13 0
01:29 749.81 -1.56 77 2.68 0
01:30 749.81 -1.56 77 2.68 0
01:31 749.55 -1.56 77 3.13 0
01:32 749.55 -1.56 77 2.24 0
01:33 749.55 -1.56 77 3.13 0
01:34 749.55 -1.56 77 1.34 0
01:35 749.55 -1.5 77 2.24 0
01:36 749.55 -1.56 77 2.24 0
01:37 749.55 -1.56 77 2.68 0
01:38 749.55 -1.5 77 3.13 0
01:39 749.55 -1.56 77 2.68 0
01:40 749.55 -1.56 76 1.79 0
01:41 749.55 -1.56 77 1.34 0
01:42 749.55 -1.5 77 .45 0
01:43 749.55 -1.5 77 1.79 0
01:44 749.55 -1.5 77 1.79 0
01:45 749.55 -1.5 77 1.79 0
01:46 749.55 -1.5 76 1.79 0
01:47 749.55 -1.5 76 2.24 0
01:48 749.55 -1.5 76 2.24 0
01:49 749.55 -1.5 76 1.34 0
01:50 749.55 -1.5 76 .45 0
01:51 749.55 -1.5 76 1.79 0
01:52 749.55 -1.5 76 2.24 0
01:53 749.55 -1.44 76 1.79 0
01:54 749.55 -1.44 76 2.68 0
01:55 749.55 -1.5 76 2.24 0
01:56 749.55 -1.44 76 2.68 0
01:57 749.55 -1.44 76 2.24 0
01:58 749.3 -1.44 76 2.68 0
01:59 749.55 -1.44 76 1.79 0
02:00 749.3 -1.44 76 2.68 0
02:01 749.55 -1.44 76 1.34 0
02:02 749.3 -1.44 76 1.79 0
02:03 749.55 -1.44 76 2.24 0
02:04 749.3 -1.44 76 1.34 0
02:05 749.3 -1.44 76 2.68 0
02:06 749.3 -1.44 76 1.34 0
02:07 749.3 -1.44 76 2.68 0
02:08 749.3 -1.44 76 2.24 0
02:09 749.3 -1.44 76 3.58 0
02:10 749.3 -1.44 76 3.13 0
02:11 749.3 -1.44 76 2.68 0
02:12 749.3 -1.44 76 4.02 0
02:13 749.3 -1.44 76 2.24 0
02:14 749.3 -1.44 76 4.47 0
02:15 749.3 -1.44 76 1.79 0
02:16 749.3 -1.39 76 4.02 0
02:17 749.3 -1.39 76 1.34 0
02:18 749.3 -1.44 76 .89 0
02:19 749.3 -1.39 76 3.58 0
02:20 749.3 -1.39 76 2.68 0
02:21 749.3 -1.39 76 1.34 0
02:22 749.3 -1.44 76 4.47 0
02:23 749.3 -1.39 76 2.24 0
02:24 749.3 -1.39 76 2.68 0
02:25 749.3 -1.39 76 4.02 0
02:26 749.3 -1.39 76 2.68 0
02:27 749.3 -1.39 76 4.02 0
02:28 749.3 -1.39 75 3.58 0
02:29 749.3 -1.33 75 3.13 0
02:30 749.3 -1.39 75 2.24 0
02:31 749.3 -1.44 75 .89 0
02:32 749.3 -1.39 75 1.79 0
02:33 749.3 -1.39 75 3.13 0
02:34 749.3 -1.39 75 3.13 0
02:35 749.3 -1.39 75 2.24 0
02:36 749.3 -1.39 75 2.68 0
02:37 749.3 -1.39 75 3.58 0
02:38 749.3 -1.33 75 2.24 0
02:39 749.3 -1.39 75 2.24 0
02:40 749.3 -1.33 75 3.13 0
02:41 749.3 -1.33 75 3.13 0
02:42 749.3 -1.39 75 4.47 0
02:43 749.3 -1.39 75 2.24 0
02:44 749.3 -1.39 75 1.79 0
02:45 749.3 -1.33 75 1.79 0
02:46 749.3 -1.39 75 .89 0
02:47 749.3 -1.39 75 1.79 0
02:48 749.3 -1.33 75 2.68 0
02:49 749.3 -1.39 75 6.26 0
02:50 749.3 -1.39 75 3.13 0
02:51 749.3 -1.33 75 3.58 0
02:52 749.3 -1.39 75 1.34 0
02:53 749.3 -1.39 75 1.34 0
02:54 749.3 -1.39 75 1.79 0
02:55 749.3 -1.33 75 2.24 0
02:56 749.3 -1.39 75 1.79 0
02:57 749.3 -1.39 75 1.34 0
02:58 749.3 -1.39 75 2.24 0
02:59 749.3 -1.39 75 2.68 0
03:00 749.3 -1.39 75 4.02 0
03:01 749.3 -1.39 75 3.13 0
03:02 749.3 -1.39 75 1.79 0
03:03 749.3 -1.39 75 2.68 0
03:04 749.3 -1.39 75 1.34 0
03:05 749.3 -1.39 75 2.24 0
03:06 749.3 -1.39 75 4.02 0
03:07 749.3 -1.39 75 3.13 0
03:08 749.3 -1.33 75 3.58 0
03:09 749.3 -1.39 75 3.58 0
03:10 749.3 -1.39 75 4.02 0
03:11 749.3 -1.39 75 1.79 0
03:12 749.3 -1.39 75 1.79 0
03:13 749.3 -1.39 75 3.58 0
03:14 749.3 -1.39 75 3.58 0
03:15 749.3 -1.33 75 4.02 0
03:16 749.3 -1.39 75 3.13 0
03:17 749.3 -1.33 75 1.34 0
03:18 749.3 -1.33 75 2.68 0
03:19 749.3 -1.39 75 3.13 0
03:20 749.05 -1.33 75 1.34 0
03:21 749.3 -1.39 75 .89 0
03:22 749.3 -1.33 75 3.58 0
03:23 749.3 -1.39 75 4.02 0
03:24 749.3 -1.33 75 3.13 0
03:25 749.3 -1.39 75 2.24 0
03:26 749.3 -1.39 75 2.68 0
03:27 749.3 -1.39 75 2.68 0
03:28 749.3 -1.33 75 2.24 0
03:29 749.3 -1.39 75 1.79 0
03:30 749.3 -1.39 75 2.68 0
03:31 749.3 -1.39 75 2.68 0
03:32 749.05 -1.39 75 2.24 0
03:33 749.3 -1.39 75 2.24 0
03:34 749.3 -1.39 75 3.13 0
03:35 749.05 -1.39 75 3.13 0
03:36 749.3 -1.39 75 .89 0
03:37 749.3 -1.39 75 2.68 0
03:38 749.3 -1.33 75 2.24 0
03:39 749.05 -1.39 75 3.13 0
03:40 749.05 -1.39 75 1.79 0
03:41 749.3 -1.39 75 2.68 0
03:42 749.05 -1.39 75 1.34 0
03:43 749.05 -1.39 75 1.34 0
03:44 749.05 -1.39 75 .45 0
03:45 749.05 -1.39 75 1.79 0
03:46 749.05 -1.44 75 3.58 0
03:47 749.05 -1.44 75 .89 0
03:48 749.05 -1.44 75 1.79 0
03:49 749.05 -1.39 75 1.79 0
03:50 749.05 -1.44 75 2.24 0
03:51 749.05 -1.44 75 .89 0
03:52 749.05 -1.44 75 .89 0
03:53 749.05 -1.44 75 1.34 0
03:54 749.05 -1.44 75 1.79 0
03:55 749.05 -1.44 75 2.68 0
03:56 749.05 -1.44 75 1.34 0
03:57 749.05 -1.44 75 1.79 0
03:58 749.05 -1.44 75 1.34 0
03:59 749.05 -1.44 75 2.68 0
04:00 749.05 -1.44 75 1.79 0
04:01 749.05 -1.44 75 2.68 0
04:02 749.05 -1.44 75 1.34 0
04:03 749.05 -1.44 75 2.68 0
04:04 749.05 -1.44 75 2.24 0
04:05 749.05 -1.44 75 2.24 0
04:06 749.05 -1.44 75 2.24 0
04:07 749.05 -1.44 75 2.24 0
04:08 749.05 -1.44 75 3.13 0
04:09 748.79 -1.44 75 .89 0
04:10 749.05 -1.44 75 1.34 0
04:11 749.05 -1.44 75 1.79 0
04:12 749.05 -1.44 75 2.68 0
04:13 749.05 -1.44 75 3.13 0
04:14 749.05 -1.44 75 2.68 0
04:15 749.05 -1.44 75 1.34 0
04:16 749.05 -1.44 75 .89 0
04:17 749.05 -1.44 75 2.24 0
04:18 749.05 -1.44 75 .45 0
04:19 749.05 -1.44 75 1.34 0
04:20 749.05 -1.44 75 4.02 0
04:21 749.05 -1.44 75 2.68 0
04:22 749.05 -1.44 75 1.34 0
04:23 748.79 -1.44 75 3.58 0
04:24 749.05 -1.44 75 2.68 0
04:25 748.79 -1.44 75 5.36 0
04:26 748.79 -1.44 75 3.13 0
04:27 748.79 -1.44 75 3.58 0
04:28 748.79 -1.44 74 2.24 0
04:29 748.79 -1.44 74 3.13 0
04:30 748.79 -1.44 74 3.13 0
04:31 748.79 -1.44 74 2.68 0
04:32 748.79 -1.44 74 2.24 0
04:33 748.79 -1.44 74 2.24 0
04:34 748.79 -1.44 75 3.13 0
04:35 748.79 -1.44 74 2.24 0
04:36 748.79 -1.44 74 3.13 0
04:37 748.79 -1.5 74 2.24 0
04:38 748.79 -1.5 74 .89 0
04:39 748.79 -1.5 74 4.47 0
04:40 748.79 -1.5 74 2.68 0
04:41 748.79 -1.44 74 1.79 0
04:42 748.79 -1.5 74 2.68 0
04:43 748.79 -1.5 74 4.02 0
04:44 748.79 -1.5 74 4.47 0
04:45 748.79 -1.5 74 2.24 0
04:46 748.79 -1.56 74 2.68 0
04:47 748.79 -1.5 74 1.79 0
04:48 748.79 -1.56 74 2.68 0
04:49 748.79 -1.5 74 3.13 0
04:50 748.79 -1.5 74 4.47 0
04:51 748.79 -1.56 74 1.34 0
04:52 748.79 -1.56 74 4.47 0
04:53 748.79 -1.56 74 1.79 0
04:54 748.54 -1.56 74 2.68 0
04:55 748.54 -1.56 74 3.13 0
04:56 748.54 -1.56 74 1.34 0
04:57 748.54 -1.56 74 4.47 0
04:58 748.54 -1.56 74 1.34 0
04:59 748.54 -1.56 74 .89 0
05:00 748.54 -1.56 74 2.24 0
05:01 748.54 -1.56 74 2.24 0
05:02 748.54 -1.56 74 1.79 0
05:03 748.54 -1.56 74 2.68 0
05:04 748.54 -1.56 74 1.79 0
05:05 748.54 -1.61 74 2.24 0
05:06 748.54 -1.61 74 .89 0
05:07 748.54 -1.56 74 2.68 0
05:08 748.54 -1.56 74 1.79 0
05:09 748.54 -1.56 74 2.68 0
05:10 748.54 -1.56 74 1.34 0
05:11 748.54 -1.61 74 1.79 0
05:12 748.54 -1.61 74 3.58 0
05:13 748.54 -1.56 74 4.02 0
05:14 748.54 -1.61 74 3.58 0
05:15 748.54 -1.61 74 2.24 0
05:16 748.54 -1.61 74 2.68 0
05:17 748.54 -1.61 74 4.02 0
05:18 748.54 -1.61 74 1.79 0
05:19 748.54 -1.61 74 .89 0
05:20 748.54 -1.61 74 2.24 0
05:21 748.54 -1.61 74 1.79 0
05:22 748.54 -1.61 74 2.24 0
05:23 748.54 -1.61 74 .89 0
05:24 748.54 -1.61 74 3.58 0
05:25 748.54 -1.61 74 2.68 0
05:26 748.54 -1.61 74 1.34 0
05:27 748.54 -1.61 74 2.68 0
05:28 748.54 -1.61 74 1.34 0
05:29 748.54 -1.61 74 2.24 0
05:30 748.54 -1.61 74 1.79 0
05:31 748.54 -1.61 74 2.24 0
05:32 748.54 -1.61 74 3.58 0
05:33 748.54 -1.61 74 1.79 0
05:34 748.54 -1.61 74 2.24 0
05:35 748.54 -1.61 74 1.79 0
05:36 748.54 -1.61 74 4.02 0
05:37 748.54 -1.61 74 1.79 0
05:38 748.54 -1.61 74 2.24 0
05:39 748.54 -1.61 74 2.68 0
05:40 748.54 -1.61 74 2.24 0
05:41 748.54 -1.61 74 3.58 0
05:42 748.54 -1.61 74 1.34 0
05:43 748.54 -1.67 74 2.24 0
05:44 748.54 -1.61 74 2.24 0
05:45 748.54 -1.61 74 .89 0
05:46 748.54 -1.61 74 1.79 0
05:47 748.54 -1.61 74 3.58 0
05:48 748.54 -1.61 74 3.58 0
05:49 748.54 -1.61 74 3.13 0
05:50 748.54 -1.67 74 3.58 0
05:51 748.54 -1.67 74 2.24 0
05:52 748.54 -1.67 74 1.79 0
05:53 748.54 -1.67 74 2.68 0
05:54 748.54 -1.67 74 1.79 0
05:55 748.54 -1.67 74 3.13 0
05:56 748.54 -1.67 74 2.68 0
05:57 748.54 -1.67 74 1.34 0
05:58 748.54 -1.67 74 2.68 0
05:59 748.54 -1.67 74 2.68 0
06:00 748.54 -1.67 74 1.34 0
06:01 748.54 -1.72 74 2.24 0
06:02 748.54 -1.72 74 2.24 0
06:03 748.54 -1.67 74 2.68 0
06:04 748.54 -1.67 74 .89 0
06:05 748.54 -1.67 74 2.68 0
06:06 748.54 -1.67 74 2.68 0
06:07 748.54 -1.67 74 2.68 0
06:08 748.54 -1.72 74 .89 0
06:09 748.54 -1.72 74 3.13 0
06:10 748.54 -1.72 74 1.79 0
06:11 748.54 -1.72 74 3.58 0
06:12 748.54 -1.72 74 2.24 0
06:13 748.54 -1.72 74 1.34 0
06:14 748.54 -1.72 74 .89 0
06:15 748.54 -1.72 74 1.79 0
06:16 748.54 -1.72 74 4.02 0
06:17 748.54 -1.72 75 .45 0
06:18 748.54 -1.72 75 2.24 0
06:19 748.54 -1.72 75 2.68 0
06:20 748.54 -1.72 75 1.34 0
06:21 748.54 -1.78 75 2.24 0
06:22 748.54 -1.72 75 2.68 0
06:23 748.54 -1.72 75 3.58 0
06:24 748.54 -1.72 75 2.24 0
06:25 748.54 -1.78 75 4.02 0
06:26 748.54 -1.78 75 4.02 0
06:27 748.54 -1.78 75 2.68 0
06:28 748.28 -1.78 75 4.47 0
06:29 748.28 -1.78 75 4.02 0
06:30 748.28 -1.78 75 1.34 0
06:31 748.28 -1.78 75 3.58 0
06:32 748.28 -1.78 75 1.79 0
06:33 748.54 -1.78 75 .89 0
06:34 748.28 -1.78 75 1.34 0
06:35 748.28 -1.78 75 2.24 0
06:36 748.28 -1.78 75 2.68 0
06:37 748.28 -1.78 75 1.79 0
06:38 748.28 -1.78 75 2.24 0
06:39 748.28 -1.78 75 2.68 0
06:40 748.28 -1.83 75 2.24 0
06:41 748.28 -1.83 75 1.34 0
06:42 748.28 -1.83 75 1.79 0
06:43 748.28 -1.83 75 1.34 0
06:44 748.28 -1.83 75 1.79 0
06:45 748.28 -1.83 75 2.68 0
06:46 748.28 -1.83 75 2.24 0
06:47 748.28 -1.83 75 1.34 0
06:48 748.28 -1.78 75 2.24 0
06:49 748.28 -1.83 75 2.24 0
06:50 748.28 -1.83 75 1.34 0
06:51 748.28 -1.83 75 .89 0
06:52 748.28 -1.83 75 3.13 0
06:53 748.28 -1.83 75 3.58 0
06:54 748.28 -1.83 75 3.13 0
06:55 748.28 -1.83 75 1.79 0
06:56 748.28 -1.83 75 2.68 0
06:57 748.28 -1.83 75 .89 0
06:58 748.28 -1.83 75 1.79 0
06:59 748.03 -1.89 75 .89 0
07:00 748.03 -1.83 75 1.79 0
07:01 748.28 -1.89 75 1.79 0
07:02 748.03 -1.89 75 3.58 0
07:03 748.03 -1.83 75 1.79 0
07:04 748.03 -1.83 75 6.71 0
07:05 748.03 -1.83 75 2.68 0
07:06 748.03 -1.89 75 4.02 0
07:07 748.03 -1.89 75 .45 0
07:08 748.03 -1.89 75 1.79 0
07:09 748.03 -1.89 75 3.58 0
07:10 748.03 -1.89 75 .45 0
07:11 748.03 -1.89 75 1.79 0
07:12 748.03 -1.89 75 1.79 0
07:13 748.03 -1.89 75 1.79 0
07:14 748.03 -1.89 75 2.68 0
07:15 748.03 -1.89 75 1.79 0
07:16 748.03 -1.89 75 3.58 0
07:17 748.03 -1.89 75 .89 0
07:18 748.03 -1.89 75 3.13 0
07:19 748.03 -1.89 75 4.02 0
07:20 748.03 -1.89 75 3.13 0
07:21 748.03 -1.89 75 3.13 0
07:22 748.03 -1.89 75 3.58 0
07:23 748.03 -1.89 75 2.68 0
07:24 748.03 -1.89 75 2.68 0
07:25 748.03 -1.89 75 2.24 0
07:26 748.03 -1.89 75 3.13 0
07:27 748.28 -1.89 75 2.24 0
07:28 748.03 -1.89 75 2.68 0
07:29 748.03 -1.89 75 1.79 0
07:30 748.03 -1.89 75 .45 0
07:31 748.28 -1.89 75 3.13 0
07:32 748.28 -1.89 75 2.68 0
07:33 748.03 -1.89 75 2.68 0
07:34 748.28 -1.89 75 2.68 0
07:35 748.03 -1.89 75 2.24 0
07:36 748.03 -1.89 75 1.79 0
07:37 748.03 -1.89 75 3.13 0
07:38 748.28 -1.89 75 2.68 0
07:39 748.03 -1.89 75 4.47 0
07:40 748.03 -1.89 75 1.34 0
07:41 748.28 -1.89 75 2.68 0
07:42 748.03 -1.89 75 2.24 0
07:43 748.28 -1.89 75 4.02 0
07:44 748.28 -1.89 75 4.02 0
07:45 748.03 -1.89 75 3.58 0
07:46 748.28 -1.89 75 3.58 0
07:47 748.03 -1.89 75 1.79 0
07:48 748.28 -1.89 75 2.68 0
07:49 748.03 -1.89 75 3.13 0
07:50 748.28 -1.89 75 3.58 0
07:51 748.03 -1.89 76 3.13 0
07:52 748.03 -1.89 75 3.58 0
07:53 748.28 -1.89 75 1.79 0
07:54 748.03 -1.89 76 1.79 0
07:55 748.03 -1.89 76 4.02 0
07:56 748.03 -1.89 76 2.68 0
07:57 748.28 -1.89 76 3.13 0
07:58 748.28 -1.89 76 2.24 0
07:59 748.28 -1.89 76 3.13 0
08:00 748.28 -1.89 76 2.24 0
08:01 748.28 -1.89 76 2.68 0
08:02 748.28 -1.94 76 2.68 0
08:03 748.28 -1.89 76 3.13 0
08:04 748.28 -1.89 76 4.92 0
08:05 748.28 -1.89 76 3.13 0
08:06 748.28 -1.94 76 4.92 0
08:07 748.28 -1.89 76 1.79 0
08:08 748.28 -1.89 76 3.13 0
08:09 748.28 -1.89 76 2.24 0
08:10 748.28 -1.89 76 2.24 0
08:11 748.28 -1.89 76 2.24 0
08:12 748.28 -1.89 76 1.79 0
08:13 748.28 -1.89 76 1.79 0
08:14 748.28 -1.89 77 .89 0
08:15 748.28 -1.89 77 4.02 0
08:16 748.28 -1.89 77 2.68 0
08:17 748.28 -1.89 77 4.02 0
08:18 748.28 -1.89 77 2.68 0
08:19 748.28 -1.89 77 3.58 0
08:20 748.28 -1.89 77 2.68 0
08:21 748.28 -1.89 77 4.02 0
08:22 748.28 -1.89 77 .89 0
08:23 748.28 -1.89 77 2.68 0
08:24 748.28 -1.89 77 .89 0
08:25 748.28 -1.89 77 1.79 0
08:26 748.03 -1.89 77 4.92 0
08:27 748.28 -1.89 77 1.79 0
08:28 748.28 -1.89 77 2.24 0
08:29 748.28 -1.89 77 2.68 0
08:30 748.28 -1.89 77 1.79 0
08:31 748.28 -1.94 78 4.92 0
08:32 748.28 -1.89 78 2.68 0
08:33 748.28 -1.89 78 3.58 0
08:34 748.28 -1.89 78 3.13 0
08:35 748.28 -1.94 78 2.24 0
08:36 748.28 -1.89 78 2.24 0
08:37 748.28 -1.94 78 3.13 0
08:38 748.28 -1.89 78 2.24 0
08:39 748.28 -1.94 78 3.58 0
08:40 748.28 -1.89 78 3.58 0
08:41 748.28 -1.94 78 1.79 0
08:42 748.28 -1.89 78 2.68 0
08:43 748.28 -1.89 79 1.79 0
08:44 748.28 -1.94 79 3.13 0
08:45 748.28 -1.89 79 5.36 0
08:46 748.28 -1.89 79 4.02 0
08:47 748.28 -1.89 79 3.13 0
08:48 748.28 -1.89 79 1.34 0
08:49 748.28 -1.94 79 2.68 0
08:50 748.28 -1.89 79 4.47 0
08:51 748.28 -1.89 79 3.58 0
08:52 748.28 -1.89 79 2.68 0
08:53 748.28 -1.89 79 .89 0
08:54 748.28 -1.89 79 5.36 0
08:55 748.28 -1.89 79 2.24 0
08:56 748.28 -1.89 80 3.13 0
08:57 748.28 -1.89 80 3.13 0
08:58 748.28 -1.89 80 3.13 0
08:59 748.28 -1.89 80 4.92 0
09:00 748.28 -1.89 80 3.58 0
09:01 748.28 -1.89 80 3.58 0
09:02 748.28 -1.89 80 4.92 0
09:03 748.28 -1.89 80 .89 0
09:04 748.28 -1.89 80 5.81 0
09:05 748.28 -1.89 80 3.13 0
09:06 748.28 -1.89 80 4.92 0
09:07 748.28 -1.89 81 3.13 0
09:08 748.28 -1.89 80 4.47 0
09:09 748.28 -1.83 81 3.13 0
09:10 748.28 -1.83 81 3.58 0
09:11 748.28 -1.89 81 2.24 0
09:12 748.28 -1.89 81 2.24 0
09:13 748.28 -1.89 81 2.24 0
09:14 748.28 -1.83 81 .89 0
09:15 748.03 -1.83 81 4.02 0
09:16 748.03 -1.83 81 2.68 0
09:17 748.03 -1.83 81 2.24 0
09:18 748.03 -1.83 81 3.13 0
09:19 748.03 -1.83 81 .89 0
09:20 748.03 -1.83 81 4.02 0
09:21 748.03 -1.83 81 2.24 0
09:22 748.03 -1.83 81 1.34 0
09:23 748.03 -1.83 81 4.92 0
09:24 748.03 -1.83 81 1.34 0
09:25 748.03 -1.83 81 1.34 0
09:26 748.03 -1.83 81 3.58 0
09:27 748.03 -1.83 81 2.24 0
09:28 748.03 -1.83 82 2.24 0
09:29 748.03 -1.83 82 .89 0
09:30 748.03 -1.78 82 3.58 0
09:31 748.03 -1.83 82 3.58 0
09:32 748.03 -1.83 82 3.13 0
09:33 748.03 -1.83 82 4.02 0
09:34 748.28 -1.78 82 1.79 0
09:35 748.03 -1.83 82 4.47 0
09:36 748.03 -1.83 82 2.68 0
09:37 748.03 -1.78 82 3.13 0
09:38 748.03 -1.78 82 4.02 0
09:39 748.03 -1.78 82 4.47 0
09:40 748.03 -1.78 82 2.68 0
09:41 748.03 -1.78 82 1.79 0
09:42 748.03 -1.78 82 3.58 0
09:43 748.03 -1.78 82 2.68 0
09:44 748.03 -1.78 82 1.79 0
09:45 748.28 -1.78 82 2.68 0
09:46 748.03 -1.78 82 3.58 0
09:47 748.28 -1.78 82 2.68 0
09:48 748.03 -1.78 82 3.13 0
09:49 748.28 -1.78 82 3.58 0
09:50 748.28 -1.78 82 2.24 0
09:51 748.03 -1.78 82 3.13 0
09:52 748.28 -1.78 82 2.24 0
09:53 748.03 -1.78 82 2.24 0
09:54 748.03 -1.78 82 3.13 0
09:55 748.03 -1.78 82 3.58 0
09:56 748.03 -1.72 82 4.47 0
09:57 748.03 -1.78 82 4.47 0
09:58 748.28 -1.78 82 3.13 0
09:59 748.28 -1.78 82 1.79 0
10:00 748.03 -1.78 82 3.58 0
10:01 748.03 -1.78 82 1.34 0
10:02 748.28 -1.78 82 3.13 0
10:03 748.28 -1.78 82 4.92 0
10:04 748.03 -1.78 82 .89 0
10:05 748.28 -1.78 82 2.24 0
10:06 748.03 -1.78 82 2.68 0
10:07 748.28 -1.78 82 2.24 0
10:08 748.03 -1.78 82 3.58 0
10:09 748.28 -1.78 82 1.34 0
10:10 748.28 -1.78 82 1.34 0
10:11 748.03 -1.72 82 2.24 0
10:12 748.28 -1.72 82 1.34 0
10:13 748.28 -1.72 82 2.68 0
10:14 748.28 -1.72 82 4.92 0
10:15 748.28 -1.72 82 4.02 0
10:16 748.03 -1.78 82 4.47 0
10:17 748.03 -1.78 82 1.79 0
10:18 748.28 -1.72 82 2.68 0
10:19 748.28 -1.72 82 1.79 0
10:20 748.28 -1.72 82 4.92 0
10:21 748.03 -1.78 82 3.58 0
10:22 748.28 -1.78 82 3.58 0
10:23 748.28 -1.78 82 4.02 0
10:24 748.28 -1.78 82 2.68 0
10:25 748.28 -1.78 82 3.58 0
10:26 748.28 -1.78 82 2.68 0
10:27 748.28 -1.78 82 4.47 0
10:28 748.03 -1.78 82 1.79 0
10:29 748.03 -1.78 82 1.79 0
10:30 748.03 -1.78 82 2.24 0
10:31 748.03 -1.78 82 4.02 0
10:32 748.03 -1.78 82 3.58 0
10:33 748.03 -1.78 82 4.47 0
10:34 748.03 -1.72 82 2.68 0
10:35 748.28 -1.78 82 1.79 0
10:36 748.28 -1.78 82 3.13 0
10:37 748.03 -1.78 82 3.13 0
10:38 748.03 -1.78 82 3.58 0
10:39 748.03 -1.78 82 2.68 0
10:40 748.03 -1.78 82 2.24 0
10:41 748.03 -1.78 82 3.58 0
10:42 748.03 -1.78 82 2.68 0
10:43 748.03 -1.78 82 4.92 0
10:44 748.03 -1.78 82 1.79 0
10:45 748.03 -1.78 82 1.34 0
10:46 748.28 -1.78 82 1.79 0
10:47 748.03 -1.78 82 4.02 0
10:48 748.03 -1.78 82 3.58 0
10:49 748.03 -1.72 82 1.79 0
10:50 748.03 -1.72 82 2.68 0
10:51 748.03 -1.72 82 2.68 0
10:52 748.03 -1.72 82 2.24 0
10:53 748.03 -1.72 82 3.13 0
10:54 748.03 -1.72 82 2.24 0
10:55 748.03 -1.72 82 .89 0
10:56 748.03 -1.72 82 2.24 0
10:57 748.03 -1.72 82 3.13 0
10:58 748.03 -1.72 82 3.58 0
10:59 748.03 -1.72 82 3.13 0
11:00 748.03 -1.72 82 2.24 0
11:01 748.03 -1.72 82 2.68 0
11:02 748.03 -1.72 82 2.68 0
11:03 748.03 -1.72 82 .89 0
11:04 748.03 -1.67 82 1.79 0
11:05 748.03 -1.72 82 2.24 0
11:06 748.03 -1.72 82 3.13 0
11:07 748.03 -1.67 82 3.58 0
11:08 748.03 -1.67 82 3.58 0
11:09 748.03 -1.72 82 3.13 0
11:10 748.03 -1.72 82 1.34 0
11:11 748.03 -1.72 82 4.47 0
11:12 748.03 -1.72 82 4.02 0
11:13 748.03 -1.72 82 4.47 0
11:14 748.03 -1.72 82 2.24 0
11:15 748.03 -1.72 82 3.13 0
11:16 748.03 -1.67 82 3.13 0
11:17 748.03 -1.72 82 4.02 0
11:18 748.03 -1.72 82 2.24 0
11:19 748.03 -1.72 82 3.58 0
11:20 748.03 -1.67 82 3.58 0
11:21 748.03 -1.67 82 3.58 0
11:22 748.03 -1.67 82 4.02 0
11:23 748.03 -1.67 82 3.13 0
11:24 748.03 -1.67 82 1.34 0
11:25 748.03 -1.67 82 3.58 0
11:26 748.03 -1.67 82 3.58 0
11:27 748.03 -1.67 82 4.47 0
11:28 748.03 -1.67 82 2.24 0
11:29 748.03 -1.67 82 3.58 0
11:30 748.03 -1.67 82 3.58 0
11:31 748.03 -1.67 82 3.58 0
11:32 748.03 -1.67 82 4.92 0
11:33 748.03 -1.67 82 4.47 0
11:34 748.03 -1.67 82 1.34 0
11:35 748.03 -1.67 82 4.02 0
11:36 748.03 -1.67 82 0 0
11:37 748.03 -1.67 82 2.68 0
11:38 748.03 -1.67 82 1.79 0
11:39 748.03 -1.67 82 4.47 0
11:40 748.03 -1.67 82 2.24 0
11:41 748.03 -1.67 82 2.24 0
11:42 748.03 -1.61 82 4.92 0
11:43 748.03 -1.61 82 2.68 0
11:44 747.78 -1.61 82 5.36 0
11:45 747.78 -1.61 82 4.92 0
11:46 748.03 -1.61 82 4.92 0
11:47 748.03 -1.61 82 4.92 0
11:48 747.78 -1.61 82 1.79 0
11:49 747.78 -1.61 82 2.24 0
11:50 747.78 -1.61 82 4.92 0
11:51 748.03 -1.61 82 3.13 0
11:52 747.78 -1.61 81 4.02 0
11:53 747.78 -1.61 81 4.02 0
11:54 747.78 -1.61 82 1.79 0
11:55 747.78 -1.61 82 5.36 0
11:56 747.78 -1.61 82 3.58 0
11:57 747.78 -1.61 82 4.02 0
11:58 747.78 -1.61 82 3.13 0
11:59 747.78 -1.61 82 2.68 0
12:00 747.78 -1.61 82 4.92 0
12:01 747.78 -1.61 82 4.02 0
12:02 748.03 -1.61 82 3.58 0
12:03 747.78 -1.61 82 3.13 0
12:04 747.78 -1.61 82 4.02 0
12:05 747.78 -1.61 82 2.24 0
12:06 747.78 -1.61 82 3.13 0
12:07 747.78 -1.61 82 4.47 0
12:08 747.78 -1.61 82 4.02 0
12:09 747.78 -1.61 82 5.36 0
12:10 747.78 -1.56 82 2.68 0
12:11 747.78 -1.61 82 4.92 0
12:12 747.78 -1.56 82 2.68 0
12:13 747.78 -1.61 82 2.24 0
12:14 747.78 -1.61 82 3.13 0
12:15 747.78 -1.56 82 1.79 0
12:16 747.78 -1.56 82 3.13 0
12:17 747.78 -1.56 82 3.58 0
12:18 747.78 -1.56 82 2.24 0
12:19 747.52 -1.56 82 3.13 0
12:20 747.78 -1.56 82 3.13 0
12:21 747.52 -1.56 82 2.24 0
12:22 747.52 -1.56 82 1.79 0
12:23 747.52 -1.56 82 3.13 0
12:24 747.52 -1.56 82 2.68 0
12:25 747.78 -1.56 82 2.24 0
12:26 747.78 -1.5 82 1.34 0
12:27 747.52 -1.56 82 2.68 0
12:28 747.52 -1.5 82 2.68 0
12:29 747.78 -1.5 82 1.79 0
12:30 747.78 -1.5 82 1.34 0
12:31 747.78 -1.5 82 5.36 0
12:32 747.78 -1.5 82 1.79 0
12:33 747.52 -1.5 82 3.13 0
12:34 747.78 -1.5 82 3.58 0
12:35 747.78 -1.5 82 4.02 0
12:36 747.78 -1.5 82 3.58 0
12:37 747.78 -1.5 82 2.68 0
12:38 747.52 -1.5 82 3.13 0
12:39 747.52 -1.5 82 3.58 0
12:40 747.78 -1.5 82 3.13 0
12:41 747.78 -1.5 82 6.26 0
12:42 747.78 -1.5 82 3.13 0
12:43 747.52 -1.5 82 3.13 0
12:44 747.78 -1.5 82 4.02 0
12:45 747.78 -1.44 82 3.58 0
12:46 747.78 -1.5 82 1.79 0
12:47 747.78 -1.44 82 5.36 0
12:48 747.78 -1.44 82 2.24 0
12:49 747.78 -1.44 82 2.68 0
12:50 747.78 -1.5 82 2.68 0
12:51 747.78 -1.44 82 4.02 0
12:52 747.78 -1.44 82 4.47 0
12:53 747.78 -1.44 82 2.68 0
12:54 747.78 -1.44 82 1.79 0
12:55 747.78 -1.44 82 .89 0
12:56 747.78 -1.44 82 3.13 0
12:57 747.78 -1.44 82 3.13 0
12:58 747.78 -1.44 82 2.24 0
12:59 747.78 -1.39 82 2.24 0
13:00 747.78 -1.44 82 2.24 0
13:01 747.78 -1.39 82 5.36 0
13:02 747.78 -1.39 82 4.47 0
13:03 747.78 -1.39 82 2.68 0
13:04 747.78 -1.44 82 2.24 0
13:05 747.78 -1.44 82 3.13 0
13:06 747.78 -1.39 82 1.34 0
13:07 747.78 -1.44 82 .45 0
13:08 747.78 -1.39 82 2.24 0
13:09 747.78 -1.39 82 3.13 0
13:10 747.78 -1.39 82 2.68 0
13:11 747.78 -1.39 82 3.58 0
13:12 747.78 -1.33 83 1.79 0
13:13 747.78 -1.39 82 .45 0
13:14 747.78 -1.39 83 2.68 0
13:15 747.78 -1.33 83 2.24 0
13:16 747.78 -1.33 83 2.68 0
13:17 747.78 -1.33 82 1.34 0
13:18 747.78 -1.33 82 3.58 0
13:19 747.78 -1.33 82 2.68 0
13:20 747.78 -1.33 82 3.13 0
13:21 747.78 -1.33 82 4.47 0
13:22 747.78 -1.33 82 1.79 0
13:23 747.78 -1.33 82 1.79 0
13:24 747.78 -1.33 82 1.79 0
13:25 747.78 -1.33 83 1.34 0
13:26 747.78 -1.33 83 2.24 0
13:27 747.52 -1.33 82 2.24 0
13:28 747.52 -1.33 82 3.13 0
13:29 747.78 -1.33 82 3.58 0
13:30 747.52 -1.33 82 3.13 0
13:31 747.52 -1.33 82 1.34 0
13:32 747.78 -1.33 82 1.79 0
13:33 747.78 -1.33 82 1.34 0
13:34 747.52 -1.33 82 2.68 0
13:35 747.78 -1.33 82 2.24 0
13:36 747.78 -1.33 83 4.02 0
13:37 747.78 -1.33 83 1.79 0
13:38 747.78 -1.33 83 2.68 0
13:39 747.52 -1.33 83 2.68 0
13:40 747.52 -1.33 83 1.34 0
13:41 747.78 -1.33 83 2.68 0
13:42 747.78 -1.33 83 .89 0
13:43 747.78 -1.28 83 .89 0
13:44 747.78 -1.28 83 2.24 0
13:45 747.78 -1.28 83 3.13 0
13:46 747.78 -1.28 83 4.47 0
13:47 747.78 -1.28 83 3.13 0
13:48 747.78 -1.28 83 4.02 0
13:49 747.78 -1.28 82 .89 0
13:50 747.78 -1.28 83 4.02 0
13:51 747.52 -1.33 83 3.13 0
13:52 747.52 -1.33 83 3.58 0
13:53 747.52 -1.33 83 1.79 0
13:54 747.52 -1.28 83 2.68 0
13:55 747.52 -1.28 83 2.24 0
13:56 747.52 -1.33 83 3.58 0
13:57 747.52 -1.33 83 .45 0
13:58 747.52 -1.33 83 2.68 0
13:59 747.52 -1.33 83 3.13 0
14:00 747.52 -1.33 83 3.13 0
14:01 747.52 -1.33 83 3.58 0
14:02 747.52 -1.33 83 2.68 0
14:03 747.52 -1.33 83 3.58 0
14:04 747.52 -1.33 83 2.68 0
14:05 747.52 -1.33 83 3.58 0
14:06 747.52 -1.33 83 2.24 0
14:07 747.52 -1.33 83 3.58 0
14:08 747.52 -1.33 83 4.92 0
14:09 747.52 -1.39 83 2.68 0
14:10 747.52 -1.39 83 3.13 0
14:11 747.52 -1.39 83 3.13 0
14:12 747.52 -1.39 83 3.58 0
14:13 747.52 -1.44 83 4.02 0
14:14 747.52 -1.44 83 2.68 0
14:15 747.52 -1.44 83 3.58 0
14:16 747.52 -1.44 83 3.13 0
14:17 747.52 -1.44 83 2.68 0
14:18 747.52 -1.44 83 2.24 0
14:19 747.52 -1.44 83 5.36 0
14:20 747.52 -1.44 83 1.79 0
14:21 747.52 -1.44 83 3.13 0
14:22 747.52 -1.44 83 2.68 0
14:23 747.52 -1.44 83 2.68 0
14:24 747.52 -1.44 83 2.24 0
14:25 747.52 -1.5 83 1.79 0
14:26 747.52 -1.44 83 4.02 0
14:27 747.52 -1.44 83 2.68 0
14:28 747.52 -1.44 83 2.68 0
14:29 747.52 -1.44 83 4.02 0
14:30 747.52 -1.5 83 3.13 0
14:31 747.52 -1.5 83 1.79 0
14:32 747.52 -1.5 83 2.24 0
14:33 747.52 -1.5 84 2.68 0
14:34 747.52 -1.5 83 2.68 0
14:35 747.52 -1.5 83 2.24 0
14:36 747.52 -1.5 83 2.24 0
14:37 747.52 -1.5 83 1.34 0
14:38 747.52 -1.5 83 2.24 0
14:39 747.52 -1.5 83 2.24 0
14:40 747.52 -1.5 83 2.68 0
14:41 747.52 -1.5 83 2.68 0
14:42 747.52 -1.5 84 4.02 0
14:43 747.52 -1.44 84 .89 0
14:44 747.52 -1.44 84 4.02 0
14:45 747.52 -1.44 83 1.79 0
14:46 747.52 -1.5 83 2.24 0
14:47 747.52 -1.44 83 3.58 0
14:48 747.52 -1.5 83 4.02 0
14:49 747.52 -1.5 83 3.58 0
14:50 747.52 -1.5 83 2.68 0
14:51 747.52 -1.5 83 3.58 0
14:52 747.52 -1.5 83 4.92 0
14:53 747.52 -1.56 83 2.24 0
14:54 747.52 -1.56 83 4.47 0
14:55 747.52 -1.56 83 4.02 0
14:56 747.52 -1.56 83 4.02 0
14:57 747.52 -1.56 83 4.47 0
14:58 747.52 -1.56 83 .89 0
14:59 747.52 -1.56 83 4.47 0
15:00 747.52 -1.56 83 3.13 0
15:01 747.52 -1.56 83 1.79 0
15:02 747.52 -1.56 83 2.24 0
15:03 747.52 -1.61 83 2.68 0
15:04 747.52 -1.56 83 2.68 0
15:05 747.52 -1.56 83 3.58 0
15:06 747.52 -1.56 83 3.13 0
15:07 747.52 -1.56 83 1.79 0
15:08 747.52 -1.56 83 2.68 0
15:09 747.52 -1.56 83 2.24 0
15:10 747.52 -1.56 83 4.47 0
15:11 747.52 -1.56 83 4.02 0
15:12 747.52 -1.56 83 4.02 0
15:13 747.52 -1.56 83 2.24 0
15:14 747.52 -1.61 83 2.24 0
15:15 747.52 -1.61 83 2.68 0
15:16 747.52 -1.61 83 4.47 0
15:17 747.52 -1.56 83 2.24 0
15:18 747.52 -1.56 83 3.58 0
15:19 747.52 -1.56 83 2.24 0
15:20 747.52 -1.56 83 2.24 0
15:21 747.52 -1.56 83 2.24 0
15:22 747.52 -1.61 83 3.13 0
15:23 747.52 -1.56 83 3.13 0
15:24 747.52 -1.61 83 2.68 0
15:25 747.52 -1.56 83 1.79 0
15:26 747.52 -1.56 83 2.24 0
15:27 747.52 -1.56 83 2.68 0
15:28 747.52 -1.61 83 4.02 0
15:29 747.52 -1.56 82 2.24 0
15:30 747.52 -1.56 82 3.13 0
15:31 747.52 -1.56 82 3.58 0
15:32 747.52 -1.56 82 4.47 0
15:33 747.52 -1.61 82 3.13 0
15:34 747.52 -1.56 82 2.24 0
15:35 747.52 -1.56 82 2.68 0
15:36 747.52 -1.56 82 3.58 0
15:37 747.52 -1.56 82 3.58 0
15:38 747.52 -1.56 82 3.13 0
15:39 747.52 -1.56 82 4.92 0
15:40 747.52 -1.56 82 1.34 0
15:41 747.52 -1.56 82 2.68 0
15:42 747.52 -1.56 82 3.58 0
15:43 747.52 -1.56 82 2.68 0
15:44 747.52 -1.56 82 1.34 0
15:45 747.52 -1.56 82 4.92 0
15:46 747.52 -1.56 82 2.68 0
15:47 747.52 -1.56 82 3.13 0
15:48 747.52 -1.56 82 1.79 0
15:49 747.52 -1.5 82 2.24 0
15:50 747.52 -1.5 82 .89 0
15:51 747.52 -1.5 82 3.13 0
15:52 747.52 -1.5 82 2.24 0
15:53 747.52 -1.5 82 2.24 0
15:54 747.52 -1.56 82 2.24 0
15:55 747.52 -1.5 82 4.02 0
15:56 747.52 -1.5 82 .89 0
15:57 747.52 -1.5 82 3.58 0
15:58 747.52 -1.5 81 4.92 0
15:59 747.52 -1.5 81 2.68 0
16:00 747.52 -1.56 81 2.24 0
16:01 747.52 -1.56 81 1.34 0
16:02 747.52 -1.5 81 2.24 0
16:03 747.52 -1.56 81 2.68 0
16:04 747.52 -1.5 81 4.92 0
16:05 747.52 -1.56 81 1.79 0
16:06 747.52 -1.56 81 2.24 0
16:07 747.52 -1.56 81 2.24 0
16:08 747.52 -1.56 81 1.34 0
16:09 747.52 -1.56 81 2.24 0
16:10 747.52 -1.56 81 2.24 0
16:11 747.52 -1.61 81 1.79 0
16:12 747.52 -1.56 81 1.79 0
16:13 747.52 -1.56 82 2.68 0
16:14 747.52 -1.61 82 3.58 0
16:15 747.78 -1.61 82 2.24 0
16:16 747.78 -1.61 82 3.13 0
16:17 747.52 -1.61 82 2.68 0
16:18 747.52 -1.61 82 3.13 0
16:19 747.52 -1.61 82 4.02 0
16:20 747.78 -1.61 82 3.13 0
16:21 747.52 -1.61 82 2.68 0
16:22 747.78 -1.61 82 3.13 0
16:23 747.52 -1.61 82 3.13 0
16:24 747.52 -1.61 82 1.79 0
16:25 747.52 -1.61 82 3.58 0
16:26 747.52 -1.61 82 2.68 0
16:27 747.52 -1.61 82 3.13 0
16:28 747.52 -1.61 82 2.24 0
16:29 747.78 -1.61 82 1.79 0
16:30 747.52 -1.67 82 1.79 0
16:31 747.78 -1.61 82 2.24 0
16:32 747.52 -1.61 82 3.58 0
16:33 747.78 -1.67 82 1.34 0
16:34 747.52 -1.61 82 1.79 0
16:35 747.52 -1.67 82 2.68 0
16:36 747.52 -1.61 82 1.34 0
16:37 747.52 -1.61 82 2.24 0
16:38 747.52 -1.61 82 2.24 0
16:39 747.52 -1.61 82 3.13 0
16:40 747.52 -1.61 82 3.13 0
16:41 747.52 -1.61 82 2.68 0
16:42 747.78 -1.67 82 3.58 0
16:43 747.52 -1.67 82 1.79 0
16:44 747.78 -1.61 82 1.79 0
16:45 747.52 -1.61 82 1.79 0
16:46 747.52 -1.67 83 3.13 0
16:47 747.52 -1.67 83 4.47 0
16:48 747.52 -1.61 82 1.79 0
16:49 747.52 -1.67 82 3.13 0
16:50 747.52 -1.67 83 4.92 0
16:51 747.52 -1.67 82 2.68 0
16:52 747.52 -1.72 83 3.58 0
16:53 747.52 -1.67 83 1.79 0
16:54 747.52 -1.72 83 1.79 0
16:55 747.52 -1.72 83 2.68 0
16:56 747.52 -1.72 83 4.02 0
16:57 747.52 -1.72 83 3.58 0
16:58 747.52 -1.72 83 .89 0
16:59 747.52 -1.67 83 2.24 0
17:00 747.52 -1.67 83 5.36 0
17:01 747.52 -1.67 83 1.34 0
17:02 747.52 -1.72 83 3.13 0
17:03 747.52 -1.72 83 3.13 0
17:04 747.52 -1.67 83 1.79 0
17:05 747.52 -1.72 83 4.02 0
17:06 747.52 -1.72 83 4.47 0
17:07 747.52 -1.67 83 .89 0
17:08 747.52 -1.72 83 2.68 0
17:09 747.52 -1.72 83 4.92 0
17:10 747.52 -1.72 83 2.68 0
17:11 747.52 -1.72 83 3.58 0
17:12 747.52 -1.78 83 4.02 0
17:13 747.52 -1.78 83 .45 0
17:14 747.52 -1.72 83 4.92 0
17:15 747.52 -1.78 83 4.02 0
17:16 747.52 -1.78 83 4.92 0
17:17 747.52 -1.78 83 4.92 0
17:18 747.52 -1.78 83 .89 0
17:19 747.52 -1.78 83 1.79 0
17:20 747.52 -1.78 83 3.13 0
17:21 747.52 -1.78 83 1.34 0
17:22 747.52 -1.78 83 2.24 0
17:23 747.52 -1.78 83 2.68 0
17:24 747.52 -1.78 83 1.79 0
17:25 747.52 -1.78 83 .89 0
17:26 747.52 -1.78 83 2.68 0
17:27 747.52 -1.78 83 2.24 0
17:28 747.52 -1.78 83 2.24 0
17:29 747.52 -1.78 83 1.34 0
17:30 747.52 -1.78 83 .45 0
17:31 747.52 -1.72 83 1.79 0
17:32 747.52 -1.78 83 2.24 0
17:33 747.52 -1.78 83 1.34 0
17:34 747.52 -1.78 83 2.24 0
17:35 747.52 -1.78 83 1.79 0
17:36 747.52 -1.78 83 3.58 0
17:37 747.52 -1.78 83 4.02 0
17:38 747.52 -1.78 83 2.68 0
17:39 747.52 -1.78 83 3.58 0
17:40 747.52 -1.78 83 2.68 0
17:41 747.52 -1.78 83 3.58 0
17:42 747.52 -1.78 83 2.68 0
17:43 747.52 -1.78 83 1.34 0
17:44 747.52 -1.78 83 2.24 0
17:45 747.52 -1.78 83 3.13 0
17:46 747.52 -1.78 83 1.34 0
17:47 747.52 -1.78 83 4.02 0
17:48 747.52 -1.78 83 3.58 0
17:49 747.52 -1.78 83 2.68 0
17:50 747.52 -1.78 83 3.13 0
17:51 747.52 -1.78 83 1.34 0
17:52 747.52 -1.78 83 2.68 0
17:53 747.52 -1.78 83 .45 0
17:54 747.52 -1.78 83 1.79 0
17:55 747.52 -1.78 83 3.13 0
17:56 747.52 -1.78 83 1.34 0
17:57 747.52 -1.78 83 2.68 0
17:58 747.52 -1.78 83 3.13 0
17:59 747.52 -1.78 83 2.24 0
18:00 747.52 -1.78 83 1.79 0
18:01 747.27 -1.78 83 2.24 0
18:02 747.27 -1.78 83 1.34 0
18:03 747.52 -1.78 83 1.79 0
18:04 747.27 -1.78 83 .45 0
18:05 747.52 -1.78 83 2.68 0
18:06 747.52 -1.78 83 1.79 0
18:07 747.27 -1.78 83 .89 0
18:08 747.52 -1.78 83 .45 0
18:09 747.27 -1.78 83 .45 0
18:10 747.27 -1.78 83 1.79 0
18:11 747.52 -1.78 83 .45 0
18:12 747.52 -1.78 83 3.13 0
18:13 747.52 -1.78 83 2.24 0
18:14 747.52 -1.78 83 4.02 0
18:15 747.52 -1.78 83 1.79 0
18:16 747.52 -1.83 83 2.68 0
18:17 747.27 -1.83 83 2.68 0
18:18 747.27 -1.83 83 3.13 0
18:19 747.52 -1.83 83 3.13 0
18:20 747.27 -1.83 83 1.79 0
18:21 747.52 -1.83 83 2.24 0
18:22 747.27 -1.83 83 3.58 0
18:23 747.52 -1.89 83 4.47 0
18:24 747.27 -1.83 83 1.34 0
18:25 747.52 -1.83 83 1.79 0
18:26 747.52 -1.83 83 2.24 0
18:27 747.52 -1.89 83 .89 0
18:28 747.52 -1.89 83 .89 0
18:29 747.52 -1.89 83 .45 0
18:30 747.52 -1.89 83 4.02 0
18:31 747.52 -1.89 83 3.13 0
18:32 747.52 -1.89 83 1.34 0
18:33 747.52 -1.83 83 1.34 0
18:34 747.52 -1.83 83 2.24 0
18:35 747.52 -1.89 83 2.24 0
18:36 747.52 -1.83 83 2.68 0
18:37 747.52 -1.89 83 1.79 0
18:38 747.52 -1.89 83 3.58 0
18:39 747.52 -1.89 83 2.24 0
18:40 747.52 -1.89 83 2.24 0
18:41 747.27 -1.89 83 1.79 0
18:42 747.52 -1.89 83 .89 0
18:43 747.52 -1.89 83 1.34 0
18:44 747.52 -1.89 83 2.24 0
18:45 747.52 -1.89 83 2.68 0
18:46 747.52 -1.89 83 3.13 0
18:47 747.52 -1.89 83 3.13 0
18:48 747.27 -1.89 83 4.02 0
18:49 747.27 -1.94 83 3.58 0
18:50 747.27 -1.89 83 1.34 0
18:51 747.27 -1.94 83 .89 0
18:52 747.27 -1.94 83 1.34 0
18:53 747.27 -1.89 83 2.24 0
18:54 747.27 -1.89 83 2.68 0
18:55 747.27 -1.94 83 2.68 0
18:56 747.27 -1.89 83 2.24 0
18:57 747.27 -1.94 83 1.79 0
18:58 747.27 -1.89 83 .89 0
18:59 747.27 -1.89 83 3.58 0
19:00 747.27 -1.89 82 2.24 0
19:01 747.27 -1.89 82 .89 0
19:02 747.27 -1.89 82 3.13 0
19:03 747.27 -1.89 82 1.79 0
19:04 747.27 -1.89 82 1.79 0
19:05 747.27 -1.94 82 4.47 0
19:06 747.27 -1.89 82 .45 0
19:07 747.27 -1.94 82 2.68 0
19:08 747.27 -1.89 82 1.79 0
19:09 747.27 -1.89 82 1.34 0
19:10 747.27 -1.94 82 3.13 0
19:11 747.27 -1.89 82 2.68 0
19:12 747.27 -1.89 82 2.68 0
19:13 747.27 -1.94 82 5.81 0
19:14 747.27 -1.94 82 3.13 0
19:15 747.01 -1.94 82 1.34 0
19:16 747.01 -1.94 82 .89 0
19:17 747.01 -1.94 82 .89 0
19:18 747.01 -1.94 82 2.68 0
19:19 747.01 -1.94 82 4.02 0
19:20 747.01 -1.94 82 2.68 0
19:21 747.01 -1.94 82 1.79 0
19:22 747.01 -1.94 82 2.24 0
19:23 747.01 -1.94 82 .89 0
19:24 747.01 -1.94 82 1.34 0
19:25 747.01 -1.89 82 2.24 0
19:26 747.01 -1.89 82 2.24 0
19:27 747.01 -1.89 82 1.34 0
19:28 747.27 -1.89 82 2.24 0
19:29 747.27 -1.89 82 1.34 0
19:30 747.27 -1.89 82 1.34 0
19:31 747.27 -1.89 82 4.02 0
19:32 747.27 -1.89 82 4.02 0
19:33 747.27 -1.94 82 2.68 0
19:34 747.27 -1.94 82 3.58 0
19:35 747.27 -1.94 82 2.68 0
19:36 747.27 -1.94 82 2.24 0
19:37 747.27 -1.94 82 2.68 0
19:38 747.27 -1.94 82 2.24 0
19:39 747.27 -1.94 82 1.79 0
19:40 747.01 -1.94 82 2.24 0
19:41 747.27 -1.94 82 0 0
19:42 747.27 -1.94 82 3.13 0
19:43 747.27 -1.94 82 1.79 0
19:44 747.27 -1.94 82 4.02 0
19:45 747.01 -1.94 82 3.13 0
19:46 747.27 -1.94 82 1.79 0
19:47 747.01 -1.94 82 2.68 0
19:48 747.01 -2 82 3.58 0
19:49 747.01 -2 82 2.68 0
19:50 747.01 -2 82 2.68 0
19:51 747.01 -2 82 2.24 0
19:52 747.01 -2 82 1.34 0
19:53 747.01 -2 82 1.79 0
19:54 747.01 -2 82 3.58 0
19:55 747.27 -2 82 2.24 0
19:56 747.27 -2 82 2.24 0
19:57 747.27 -2 82 1.79 0
19:58 747.27 -2.06 82 .45 0
19:59 747.27 -2 82 1.34 0
20:00 747.01 -2 82 4.02 0
20:01 747.27 -2 82 3.13 0
20:02 747.27 -2 82 2.24 0
20:03 747.27 -2 82 1.79 0
20:04 747.01 -2 82 .89 0
20:05 747.01 -2 82 2.24 0
20:06 747.01 -2 82 2.24 0
20:07 747.01 -2 82 1.79 0
20:08 747.01 -2 81 2.24 0
20:09 747.01 -2 81 3.13 0
20:10 747.01 -2 81 1.34 0
20:11 747.27 -2 81 1.79 0
20:12 747.27 -2.06 81 2.24 0
20:13 747.27 -2 81 1.79 0
20:14 747.01 -2 81 .89 0
20:15 747.01 -2 82 2.24 0
20:16 747.27 -2 81 1.79 0
20:17 747.27 -2 81 3.13 0
20:18 747.27 -2.06 81 2.24 0
20:19 747.27 -2.06 81 2.24 0
20:20 747.27 -2.06 81 2.68 0
20:21 747.01 -2.06 81 2.24 0
20:22 747.01 -2.06 81 3.13 0
20:23 747.27 -2.06 81 4.47 0
20:24 747.27 -2.06 81 3.13 0
20:25 747.27 -2.06 81 3.58 0
20:26 747.27 -2.11 81 3.13 0
20:27 747.27 -2.11 81 4.92 0
20:28 747.01 -2.11 81 3.58 0
20:29 747.27 -2.17 81 2.68 0
20:30 747.27 -2.17 81 .89 0
20:31 747.27 -2.11 81 .89 0
20:32 747.27 -2.11 81 .89 0
20:33 747.27 -2.17 81 4.92 0
20:34 747.27 -2.11 81 3.13 0
20:35 747.27 -2.11 81 .89 0
20:36 747.01 -2.11 81 3.13 0
20:37 747.01 -2.11 81 2.68 0
20:38 747.01 -2.11 81 2.24 0
20:39 747.01 -2.17 81 1.79 0
20:40 747.01 -2.17 81 .89 0
20:41 747.01 -2.17 81 2.68 0
20:42 747.01 -2.17 81 2.68 0
20:43 747.01 -2.17 81 1.79 0
20:44 747.01 -2.11 81 2.68 0
20:45 747.01 -2.17 81 4.47 0
20:46 747.27 -2.17 81 2.24 0
20:47 747.27 -2.17 81 3.13 0
20:48 747.27 -2.17 81 2.24 0
20:49 747.01 -2.17 81 1.79 0
20:50 747.27 -2.17 81 1.34 0
20:51 747.01 -2.17 81 .45 0
20:52 747.01 -2.17 81 2.24 0
20:53 747.01 -2.17 81 4.47 0
20:54 747.27 -2.17 81 2.68 0
20:55 747.01 -2.17 81 4.02 0
20:56 747.01 -2.17 81 1.79 0
20:57 747.01 -2.17 81 4.02 0
20:58 747.27 -2.17 81 1.79 0
20:59 747.01 -2.17 81 .45 0
21:00 747.01 -2.17 81 2.24 0
21:01 747.01 -2.17 81 2.24 0
21:02 747.27 -2.17 81 1.79 0
21:03 747.27 -2.17 81 2.68 0
21:04 747.01 -2.17 81 3.13 0
21:05 747.01 -2.17 81 2.24 0
21:06 747.01 -2.17 81 3.13 0
21:07 747.01 -2.17 81 1.34 0
21:08 747.01 -2.17 81 1.79 0
21:09 747.01 -2.22 81 3.13 0
21:10 747.01 -2.17 81 2.68 0
21:11 747.01 -2.17 81 3.13 0
21:12 747.01 -2.22 81 2.68 0
21:13 747.01 -2.22 81 2.68 0
21:14 747.01 -2.22 81 1.79 0
21:15 747.01 -2.17 81 3.13 0
21:16 747.01 -2.22 81 2.68 0
21:17 747.01 -2.22 81 2.68 0
21:18 747.01 -2.22 81 3.58 0
21:19 747.01 -2.22 81 1.79 0
21:20 747.01 -2.28 81 1.79 0
21:21 747.01 -2.22 81 .89 0
21:22 747.01 -2.22 81 1.34 0
21:23 747.01 -2.17 81 1.79 0
21:24 747.01 -2.22 81 .89 0
21:25 747.01 -2.22 81 2.24 0
21:26 747.01 -2.22 81 1.34 0
21:27 747.01 -2.22 81 2.68 0
21:28 747.01 -2.22 81 2.68 0
21:29 747.01 -2.22 81 2.24 0
21:30 747.01 -2.22 81 3.13 0
21:31 747.01 -2.17 81 1.79 0
21:32 747.01 -2.22 81 2.24 0
21:33 747.01 -2.17 81 1.79 0
21:34 747.01 -2.17 81 1.79 0
21:35 747.01 -2.22 81 2.68 0
21:36 747.01 -2.22 81 3.13 0
21:37 747.01 -2.22 81 3.13 0
21:38 747.01 -2.17 81 2.24 0
21:39 747.01 -2.22 81 2.24 0
21:40 747.01 -2.22 81 1.34 0
21:41 747.01 -2.17 81 3.58 0
21:42 747.01 -2.17 81 2.68 0
21:43 747.01 -2.22 81 .89 0
21:44 747.01 -2.22 81 2.68 0
21:45 747.01 -2.22 81 2.24 0
21:46 747.01 -2.22 81 3.58 0
21:47 747.01 -2.17 81 2.24 0
21:48 747.01 -2.17 81 .89 0
21:49 747.01 -2.17 81 2.24 0
21:50 747.01 -2.17 81 .89 0
21:51 747.01 -2.17 81 1.34 0
21:52 747.01 -2.17 81 3.13 0
21:53 747.01 -2.17 81 .45 0
21:54 747.01 -2.17 81 4.92 0
21:55 747.01 -2.17 81 3.13 0
21:56 747.01 -2.17 81 4.47 0
21:57 747.01 -2.17 81 3.13 0
21:58 747.01 -2.17 81 2.24 0
21:59 747.01 -2.17 81 2.24 0
22:00 747.01 -2.17 81 2.68 0
22:01 747.01 -2.17 81 1.34 0
22:02 747.01 -2.17 81 2.24 0
22:03 747.01 -2.17 81 1.34 0
22:04 747.01 -2.17 81 .89 0
22:05 747.01 -2.17 81 .89 0
22:06 747.01 -2.17 81 3.13 0
22:07 747.01 -2.17 81 .89 0
22:08 747.01 -2.17 81 2.24 0
22:09 747.01 -2.17 81 3.13 0
22:10 747.01 -2.17 81 1.79 0
22:11 746.76 -2.17 81 3.58 0
22:12 747.01 -2.17 81 3.13 0
22:13 747.01 -2.22 81 2.24 0
22:14 746.76 -2.17 81 .89 0
22:15 747.01 -2.17 81 1.34 0
22:16 747.01 -2.17 81 2.24 0
22:17 746.76 -2.17 81 2.24 0
22:18 746.76 -2.17 80 1.34 0
22:19 746.76 -2.17 80 2.24 0
22:20 746.76 -2.22 81 3.13 0
22:21 746.76 -2.17 81 1.34 0
22:22 746.76 -2.17 81 2.24 0
22:23 746.76 -2.17 81 3.13 0
22:24 747.01 -2.17 81 2.24 0
22:25 747.01 -2.22 81 2.24 0
22:26 746.76 -2.17 80 3.13 0
22:27 746.76 -2.22 80 2.68 0
22:28 746.76 -2.22 80 1.79 0
22:29 746.76 -2.22 81 2.68 0
22:30 746.76 -2.22 80 3.13 0
22:31 746.76 -2.22 80 2.68 0
22:32 747.01 -2.22 80 1.34 0
22:33 747.01 -2.22 80 2.68 0
22:34 746.76 -2.22 81 3.58 0
22:35 746.76 -2.22 80 1.34 0
22:36 746.76 -2.22 80 .45 0
22:37 746.76 -2.22 81 1.79 0
22:38 746.76 -2.22 81 4.47 0
22:39 746.76 -2.22 81 3.58 0
22:40 746.76 -2.22 81 .45 0
22:41 746.76 -2.22 81 .89 0
22:42 746.76 -2.22 81 .89 0
22:43 746.76 -2.17 81 3.13 0
22:44 746.76 -2.22 80 1.79 0
22:45 746.76 -2.22 80 2.68 0
22:46 746.76 -2.22 80 2.68 0
22:47 746.76 -2.17 80 2.24 0
22:48 746.76 -2.22 80 1.79 0
22:49 746.76 -2.22 81 1.34 0
22:50 746.76 -2.22 81 2.68 0
22:51 746.76 -2.17 81 2.68 0
22:52 746.76 -2.17 81 2.24 0
22:53 746.76 -2.17 81 2.24 0
22:54 746.76 -2.22 81 1.79 0
22:55 746.76 -2.22 81 2.24 0
22:56 746.76 -2.17 81 2.68 0
22:57 746.76 -2.22 81 .45 0
22:58 746.76 -2.22 81 2.24 0
22:59 746.76 -2.17 81 3.13 0
23:00 746.76 -2.22 81 2.68 0
23:01 746.76 -2.17 81 .89 0
23:02 746.76 -2.17 81 3.13 0
23:03 746.76 -2.22 81 .89 0
23:04 746.76 -2.17 81 1.79 0
23:05 746.76 -2.17 81 1.79 0
23:06 746.76 -2.22 81 .89 0
23:07 746.76 -2.22 81 .89 0
23:08 746.76 -2.17 81 4.02 0
23:09 746.76 -2.17 81 2.24 0
23:10 746.76 -2.22 80 2.24 0
23:11 746.76 -2.22 80 1.34 0
23:12 746.76 -2.22 81 1.34 0
23:13 746.76 -2.17 81 1.34 0
23:14 746.76 -2.17 81 1.79 0
23:15 746.76 -2.22 81 1.79 0
23:16 746.76 -2.22 80 2.68 0
23:17 746.76 -2.22 80 1.79 0
23:18 746.76 -2.22 80 2.68 0
23:19 746.76 -2.22 80 3.58 0
23:20 746.76 -2.28 80 3.13 0
23:21 746.76 -2.22 80 2.68 0
23:22 746.76 -2.22 80 3.13 0
23:23 746.76 -2.22 80 2.24 0
23:24 746.76 -2.22 81 1.79 0
23:25 746.76 -2.28 80 2.24 0
23:26 746.76 -2.28 80 2.68 0
23:27 747.01 -2.28 80 .89 0
23:28 746.76 -2.28 80 2.68 0
23:29 746.76 -2.28 80 .89 0
23:30 746.76 -2.28 80 2.24 0
23:31 746.76 -2.28 80 1.34 0
23:32 746.76 -2.22 80 2.24 0
23:33 746.76 -2.28 80 2.68 0
23:34 746.76 -2.28 80 1.79 0
23:35 746.76 -2.28 80 2.68 0
23:36 746.76 -2.28 80 1.79 0
23:37 746.76 -2.22 80 2.24 0
23:38 746.76 -2.28 80 4.02 0
23:39 746.76 -2.28 80 3.13 0
23:40 746.76 -2.28 80 3.13 0
23:41 746.76 -2.28 80 1.79 0
23:42 746.76 -2.28 80 1.34 0
23:43 746.76 -2.28 80 1.79 0
23:44 746.76 -2.28 80 1.79 0
23:45 746.76 -2.28 80 1.34 0
23:46 746.76 -2.22 81 1.79 0
23:47 746.76 -2.28 80 1.34 0
23:48 746.76 -2.28 80 1.79 0
23:49 746.76 -2.22 80 2.24 0
23:50 746.76 -2.22 81 2.68 0
23:51 746.76 -2.28 80 2.24 0
23:52 746.76 -2.22 80 1.79 0
23:53 746.76 -2.28 80 3.58 0
23:54 746.76 -2.28 80 1.79 0
23:55 746.76 -2.28 80 3.13 0
23:56 746.76 -2.22 80 2.24 0
23:57 746.76 -2.22 80 1.34 0
23:58 746.76 -2.22 80 .89 0
23:59 746.76 -2.28 80 1.34 0
