00:00 751.08 13.33 91 .89 0
00:01 751.08 13.33 91 1.34 0
00:02 751.33 13.33 91 1.34 0
00:03 751.33 13.33 91 1.79 0
00:04 751.08 13.33 91 1.34 0
00:05 751.33 13.28 91 1.79 0
00:06 751.33 13.28 91 1.34 0
00:07 751.33 13.28 91 1.34 0
00:08 751.33 13.28 90 1.34 0
00:09 751.33 13.22 90 1.34 0
00:10 751.33 13.22 91 .89 0
00:11 751.33 13.22 90 .89 0
00:12 751.33 13.22 90 .89 0
00:13 751.33 13.17 90 .89 0
00:14 751.33 13.17 90 1.34 0
00:15 751.33 13.17 90 1.34 0
00:16 751.33 13.17 90 1.34 0
00:17 751.33 13.17 91 1.79 0
00:18 751.33 13.17 90 1.79 0
00:19 751.33 13.17 90 1.34 0
00:20 751.33 13.17 90 1.34 0
00:21 751.33 13.11 90 1.34 0
00:22 751.33 13.11 90 .89 0
00:23 751.33 13.11 90 .89 0
00:24 751.33 13.06 90 .89 0
00:25 751.33 13 90 1.34 0
00:26 751.33 13 90 .89 0
00:27 751.33 12.94 90 1.34 0
00:28 751.33 12.94 91 1.34 0
00:29 751.33 12.89 91 .89 0
00:30 751.33 12.89 91 .89 0
00:31 751.33 12.89 91 1.34 0
00:32 751.33 12.89 91 .89 0
00:33 751.33 12.83 91 .89 0
00:34 751.33 12.89 91 .89 0
00:35 751.33 12.89 91 1.34 0
00:36 751.33 12.89 91 1.79 0
00:37 751.33 12.89 91 .89 0
00:38 751.33 12.94 91 1.79 0
00:39 751.33 12.89 91 1.34 0
00:40 751.33 12.83 91 1.79 0
00:41 751.33 12.83 91 1.34 0
00:42 751.33 12.83 91 1.79 0
00:43 751.33 12.83 91 1.34 0
00:44 751.59 12.83 91 1.34 0
00:45 751.33 12.83 91 1.79 0
00:46 751.33 12.89 91 1.34 0
00:47 751.33 12.89 91 2.24 0
00:48 751.59 12.94 91 1.34 0
00:49 751.33 12.94 91 1.79 0
00:50 751.33 12.89 91 1.79 0
00:51 751.33 12.94 91 2.24 0
00:52 751.59 12.94 91 1.79 0
00:53 751.59 12.94 91 1.34 0
00:54 751.59 12.94 91 1.34 0
00:55 751.59 13 91 2.24 0
00:56 751.59 13 91 1.79 0
00:57 751.59 13.06 91 1.79 0
00:58 751.59 13.06 91 2.24 0
00:59 751.59 13 91 1.34 0
01:00 751.59 13 91 2.24 0
01:01 751.59 13.06 91 2.24 0
01:02 751.59 13.06 91 1.79 0
01:03 751.59 13.06 91 .89 0
01:04 751.59 13.06 91 1.79 0
01:05 751.59 13.06 91 1.34 0
01:06 751.59 13.06 91 1.79 0
01:07 751.59 13.06 91 1.34 0
01:08 751.59 13.06 91 1.79 0
01:09 751.59 13 90 1.34 0
01:10 751.59 13 90 1.34 0
01:11 751.59 13.06 90 1.34 0
01:12 751.59 13 90 1.34 0
01:13 751.59 12.94 90 1.79 0
01:14 751.59 12.94 90 1.34 0
01:15 751.59 12.94 90 1.34 0
01:16 751.59 12.94 90 1.34 0
01:17 751.59 12.89 90 1.34 0
01:18 751.59 12.89 90 1.79 0
01:19 751.59 12.89 90 1.34 0
01:20 751.59 12.89 91 1.34 0
01:21 751.59 12.83 91 .89 0
01:22 751.59 12.83 91 .89 0
01:23 751.59 12.83 91 1.34 0
01:24 751.59 12.83 90 1.79 0
01:25 751.59 12.83 90 1.79 0
01:26 751.59 12.83 91 .89 0
01:27 751.59 12.83 91 1.79 0
01:28 751.59 12.78 91 1.34 0
01:29 751.59 12.78 91 1.79 0
01:30 751.59 12.78 91 1.79 0
01:31 751.84 12.78 91 1.34 0
01:32 751.84 12.78 91 1.34 0
01:33 751.84 12.72 90 1.34 0
01:34 751.84 12.72 90 .89 0
01:35 751.84 12.67 90 1.79 0
01:36 751.84 12.72 90 1.79 0
01:37 751.84 12.72 91 1.79 0
01:38 751.84 12.72 91 1.79 0
01:39 751.84 12.72 91 2.24 0
01:40 751.84 12.72 91 1.79 0
01:41 751.84 12.67 91 1.79 0
01:42 751.84 12.67 91 1.79 0
01:43 751.84 12.67 91 1.79 0
01:44 751.84 12.67 91 1.79 0
01:45 751.84 12.67 91 1.79 0
01:46 751.84 12.67 91 1.79 0
01:47 751.84 12.67 91 1.34 0
01:48 751.84 12.67 91 1.34 0
01:49 751.84 12.61 91 1.79 0
01:50 751.84 12.61 91 1.79 0
01:51 751.84 12.61 91 1.34 0
01:52 751.84 12.61 91 1.34 0
01:53 751.84 12.61 91 1.79 0
01:54 751.84 12.56 91 1.34 0
01:55 751.84 12.56 91 .89 0
01:56 751.84 12.5 90 1.34 0
01:57 751.84 12.5 91 .89 0
01:58 751.84 12.44 91 .89 0
01:59 751.84 12.5 91 .89 0
02:00 751.84 12.44 91 1.34 0
02:01 751.84 12.44 91 .89 0
02:02 751.84 12.44 91 .89 0
02:03 751.84 12.5 91 1.79 0
02:04 751.84 12.5 91 .89 0
02:05 751.84 12.5 91 1.34 0
02:06 751.84 12.5 91 1.34 0
02:07 751.84 12.5 91 1.79 0
02:08 751.84 12.44 91 1.79 0
02:09 751.84 12.44 91 .89 0
02:10 751.84 12.44 91 1.34 0
02:11 751.84 12.39 91 1.34 0
02:12 751.84 12.39 91 1.34 0
02:13 751.84 12.33 91 1.34 0
02:14 751.84 12.33 91 .89 0
02:15 751.84 12.28 91 1.34 0
02:16 751.84 12.28 91 1.34 0
02:17 751.84 12.28 91 1.34 0
02:18 751.84 12.28 91 1.34 0
02:19 751.84 12.28 91 .89 0
02:20 751.84 12.28 91 .89 0
02:21 751.84 12.22 91 1.34 0
02:22 751.84 12.28 91 .89 0
02:23 751.84 12.28 91 1.34 0
02:24 751.84 12.22 91 1.34 0
02:25 751.84 12.22 91 .89 0
02:26 751.84 12.22 91 .89 0
02:27 751.84 12.22 91 .89 0
02:28 751.84 12.17 91 1.34 0
02:29 751.84 12.17 91 .89 0
02:30 751.84 12.17 91 .89 0
02:31 751.84 12.11 91 .89 0
02:32 751.84 12.11 91 .89 0
02:33 751.84 12.06 91 .89 0
02:34 751.84 12 91 1.34 0
02:35 751.84 12 91 .89 0
02:36 751.84 11.94 91 .89 0
02:37 751.84 11.94 91 1.34 0
02:38 751.84 11.94 91 .89 0
02:39 751.84 11.94 91 .89 0
02:40 751.84 11.89 91 .45 0
02:41 751.84 11.89 91 .89 0
02:42 751.84 11.83 91 .89 0
02:43 751.84 11.83 91 .89 0
02:44 751.84 11.83 91 .45 0
02:45 751.84 11.83 91 0 0
02:46 751.84 11.83 91 0 0
02:47 751.84 11.83 91 0 0
02:48 752.09 11.83 92 .89 0
02:49 751.84 11.83 92 .45 0
02:50 751.84 11.78 92 .45 0
02:51 751.84 11.78 91 .45 0
02:52 752.09 11.72 91 .89 0
02:53 751.84 11.72 91 .89 0
02:54 752.09 11.67 91 .89 0
02:55 752.09 11.61 91 .89 0
02:56 752.09 11.61 91 .89 0
02:57 752.09 11.61 91 .45 0
02:58 752.09 11.61 92 .45 0
02:59 752.09 11.56 92 .45 0
03:00 752.09 11.56 92 .45 0
03:01 752.09 11.56 92 .45 0
03:02 752.09 11.56 92 .45 0
03:03 752.09 11.56 92 .45 0
03:04 751.84 11.56 92 .45 0
03:05 752.09 11.56 92 .45 0
03:06 752.09 11.56 92 .45 0
03:07 752.09 11.56 92 0 0
03:08 752.09 11.56 92 .45 0
03:09 752.09 11.56 92 .89 0
03:10 752.09 11.56 92 .45 0
03:11 752.09 11.56 92 1.34 0
03:12 752.09 11.56 92 1.34 0
03:13 752.09 11.56 92 .89 0
03:14 752.09 11.5 92 .89 0
03:15 752.09 11.44 92 .89 0
03:16 752.09 11.39 92 .89 0
03:17 752.09 11.39 91 .89 0
03:18 752.09 11.39 91 .89 0
03:19 752.09 11.33 91 1.34 0
03:20 752.09 11.39 91 1.79 0
03:21 752.09 11.44 92 .89 0
03:22 752.09 11.5 92 1.34 0
03:23 752.09 11.56 92 1.79 0
03:24 752.09 11.67 92 1.79 0
03:25 752.09 11.72 93 2.24 0
03:26 752.09 11.78 92 1.34 0
03:27 752.09 11.78 92 .89 0
03:28 752.09 11.83 92 1.34 0
03:29 752.09 11.83 92 1.34 0
03:30 752.09 11.94 92 .89 0
03:31 752.09 11.89 92 1.34 0
03:32 752.09 11.94 91 1.34 0
03:33 752.09 11.94 91 1.34 0
03:34 752.09 11.94 91 .89 0
03:35 752.09 11.94 91 .89 0
03:36 752.09 11.94 90 1.34 0
03:37 752.09 11.83 90 1.34 0
03:38 752.09 11.83 90 .89 0
03:39 752.09 11.83 90 .89 0
03:40 752.09 11.78 90 .89 0
03:41 752.09 11.78 90 1.34 0
03:42 752.09 11.72 90 1.34 0
03:43 752.09 11.72 90 .89 0
03:44 752.09 11.67 90 1.34 0
03:45 752.09 11.67 90 1.34 0
03:46 752.09 11.67 90 .89 0
03:47 752.09 11.61 90 .89 0
03:48 752.09 11.61 90 1.79 0
03:49 752.09 11.61 91 1.34 0
03:50 752.09 11.61 91 .89 0
03:51 752.09 11.67 91 1.34 0
03:52 752.09 11.61 91 1.34 0
03:53 752.09 11.61 91 1.34 0
03:54 752.09 11.67 91 1.79 0
03:55 752.35 11.67 91 2.24 0
03:56 752.35 11.67 91 2.24 0
03:57 752.09 11.67 91 .89 0
03:58 752.35 11.67 91 1.79 0
03:59 752.35 11.67 91 1.79 0
04:00 752.09 11.67 91 1.34 0
04:01 752.35 11.67 91 1.34 0
04:02 752.35 11.61 91 1.34 0
04:03 752.35 11.61 91 1.34 0
04:04 752.35 11.56 91 1.34 0
04:05 752.35 11.56 91 1.34 0
04:06 752.35 11.56 91 1.79 0
04:07 752.35 11.5 91 2.24 0
04:08 752.35 11.44 91 1.34 0
04:09 752.35 11.44 91 .89 0
04:10 752.35 11.39 91 .89 0
04:11 752.35 11.33 90 1.34 0
04:12 752.35 11.28 90 .89 0
04:13 752.35 11.22 91 .89 0
04:14 752.35 11.22 91 .89 0
04:15 752.35 11.11 91 .89 0
04:16 752.35 11.11 91 1.34 0
04:17 752.35 11.06 91 .89 0
04:18 752.35 11.11 91 .89 0
04:19 752.35 11.06 91 .89 0
04:20 752.35 11 91 .45 0
04:21 752.35 11 91 .89 0
04:22 752.35 10.94 91 .89 0
04:23 752.35 10.94 91 .45 0
04:24 752.35 11 91 .89 0
04:25 752.35 10.94 91 .89 0
04:26 752.35 11 91 1.34 0
04:27 752.35 11 92 .89 0
04:28 752.35 11 92 .89 0
04:29 752.35 11 92 1.34 0
04:30 752.35 11 92 .45 0
04:31 752.35 11 92 1.34 0
04:32 752.35 11 92 1.34 0
04:33 752.35 11 92 .89 0
04:34 752.35 11.06 92 .89 0
04:35 752.35 11 92 1.34 0
04:36 752.6 11 92 .89 0
04:37 752.6 10.94 92 .89 0
04:38 752.35 10.94 92 .89 0
04:39 752.6 10.94 92 .89 0
04:40 752.6 10.94 92 .89 0
04:41 752.6 10.94 92 .89 0
04:42 752.6 10.94 92 .89 0
04:43 752.6 10.89 92 1.34 0
04:44 752.6 10.89 92 .89 0
04:45 752.6 10.89 92 1.34 0
04:46 752.6 10.83 92 1.34 0
04:47 752.6 10.83 92 .89 0
04:48 752.6 10.83 92 .89 0
04:49 752.6 10.83 92 .89 0
04:50 752.6 10.83 92 1.34 0
04:51 752.6 10.83 92 1.34 0
04:52 752.6 10.83 92 .89 0
04:53 752.6 10.89 92 1.34 0
04:54 752.6 10.83 92 1.34 0
04:55 752.6 10.83 92 .89 0
04:56 752.6 10.83 92 .89 0
04:57 752.6 10.83 92 1.34 0
04:58 752.6 10.78 92 .89 0
04:59 752.6 10.78 92 1.34 0
05:00 752.6 10.78 92 .89 0
05:01 752.86 10.78 92 1.34 0
05:02 752.6 10.78 92 1.34 0
05:03 752.6 10.78 92 1.79 0
05:04 752.6 10.78 92 1.34 0
05:05 752.6 10.78 92 .89 0
05:06 752.86 10.78 92 1.34 0
05:07 752.86 10.78 92 .89 0
05:08 752.86 10.78 92 1.34 0
05:09 752.6 10.72 92 .89 0
05:10 752.6 10.72 92 .89 0
05:11 752.86 10.72 92 1.34 0
05:12 752.86 10.67 92 1.34 0
05:13 752.86 10.67 92 .89 0
05:14 752.86 10.67 92 .89 0
05:15 752.86 10.67 92 1.34 0
05:16 752.86 10.67 92 1.34 0
05:17 752.86 10.67 92 1.34 0
05:18 752.86 10.67 92 .89 0
05:19 752.86 10.67 92 .89 0
05:20 752.86 10.67 92 .89 0
05:21 752.86 10.67 92 1.34 0
05:22 752.86 10.67 93 .89 0
05:23 752.86 10.67 93 .89 0
05:24 752.86 10.67 93 .45 0
05:25 752.86 10.61 92 .45 0
05:26 752.86 10.67 92 .89 0
05:27 752.86 10.67 92 .89 0
05:28 752.86 10.67 92 1.34 0
05:29 752.86 10.72 93 .89 0
05:30 752.86 10.72 93 .89 0
05:31 752.86 10.72 93 .89 0
05:32 752.86 10.67 93 .89 0
05:33 752.86 10.72 93 .89 0
05:34 752.86 10.67 93 .89 0
05:35 752.86 10.67 93 .89 0
05:36 752.86 10.72 93 .89 0
05:37 752.86 10.67 93 .89 0
05:38 752.86 10.67 93 1.34 0
05:39 752.86 10.72 93 1.34 0
05:40 752.86 10.67 93 1.34 0
05:41 752.86 10.67 93 .89 0
05:42 752.86 10.72 93 .89 0
05:43 752.86 10.72 93 1.34 0
05:44 752.86 10.72 93 1.34 0
05:45 752.86 10.78 93 1.34 0
05:46 753.11 10.78 93 1.34 0
05:47 753.11 10.78 93 1.34 0
05:48 753.11 10.78 93 1.34 0
05:49 753.11 10.78 92 1.34 0
05:50 753.11 10.78 92 1.34 0
05:51 753.11 10.78 92 1.34 0
05:52 753.11 10.78 92 1.34 0
05:53 753.11 10.83 92 1.34 0
05:54 753.11 10.83 92 1.34 0
05:55 753.11 10.83 92 1.34 0
05:56 753.11 10.89 92 1.34 0
05:57 753.11 10.89 92 .89 0
05:58 753.11 10.89 92 1.34 0
05:59 753.11 10.89 92 .89 0
06:00 753.11 10.89 92 1.34 0
06:01 753.11 10.94 92 1.34 0
06:02 753.11 10.94 92 1.79 0
06:03 753.11 10.94 92 1.34 0
06:04 753.11 10.94 92 1.34 0
06:05 753.11 11 92 .89 0
06:06 753.36 11 92 1.34 0
06:07 753.11 11 92 .89 0
06:08 753.11 11.06 92 1.79 0
06:09 753.36 11.06 92 1.34 0
06:10 753.11 11.11 92 .89 0
06:11 753.36 11.11 92 .89 0
06:12 753.36 11.11 92 .89 0
06:13 753.36 11.17 92 1.34 0
06:14 753.36 11.17 92 1.34 0
06:15 753.36 11.17 92 1.79 0
06:16 753.36 11.17 91 1.34 0
06:17 753.36 11.17 91 1.79 0
06:18 753.36 11.22 91 1.34 0
06:19 753.36 11.22 91 .89 0
06:20 753.36 11.28 91 1.34 0
06:21 753.36 11.28 91 .89 0
06:22 753.36 11.28 91 1.34 0
06:23 753.36 11.33 91 1.34 0
06:24 753.36 11.28 91 .89 0
06:25 753.36 11.33 91 1.34 0
06:26 753.36 11.33 91 .89 0
06:27 753.36 11.39 91 .89 0
06:28 753.36 11.39 91 .89 0
06:29 753.36 11.39 91 .89 0
06:30 753.36 11.44 91 1.34 0
06:31 753.36 11.44 91 .89 0
06:32 753.36 11.5 91 .89 0
06:33 753.36 11.5 91 1.34 0
06:34 753.36 11.56 91 .89 0
06:35 753.36 11.56 91 .89 0
06:36 753.36 11.61 91 .89 0
06:37 753.36 11.67 91 .89 0
06:38 753.36 11.72 91 1.34 0
06:39 753.36 11.72 91 .89 0
06:40 753.36 11.72 91 1.34 0
06:41 753.36 11.78 91 .89 0
06:42 753.36 11.78 90 .89 0
06:43 753.36 11.83 90 .89 0
06:44 753.36 11.89 90 .89 0
06:45 753.36 11.94 90 .89 0
06:46 753.36 12 90 1.34 0
06:47 753.36 12 90 1.34 0
06:48 753.36 12.06 90 .89 0
06:49 753.36 12.11 90 1.34 0
06:50 753.36 12.22 90 1.34 0
06:51 753.36 12.22 89 1.34 0
06:52 753.36 12.28 89 .89 0
06:53 753.36 12.39 89 1.34 0
06:54 753.36 12.33 89 .89 0
06:55 753.36 12.39 89 1.34 0
06:56 753.36 12.44 89 .45 0
06:57 753.36 12.5 89 .89 0
06:58 753.36 12.56 89 .45 0
06:59 753.36 12.61 88 1.34 0
07:00 753.36 12.61 88 1.34 0
07:01 753.36 12.72 88 .89 0
07:02 753.36 12.72 88 .89 0
07:03 753.36 12.83 88 .89 0
07:04 753.36 12.89 88 .45 0
07:05 753.36 12.94 87 .45 0
07:06 753.36 13 87 .89 0
07:07 753.36 13 87 .45 0
07:08 753.36 13.11 87 .45 0
07:09 753.36 13.17 87 .45 0
07:10 753.36 13.22 87 .89 0
07:11 753.36 13.28 86 .89 0
07:12 753.36 13.33 86 .45 0
07:13 753.36 13.33 86 0 0
07:14 753.36 13.33 86 .45 0
07:15 753.36 13.39 86 .89 0
07:16 753.36 13.44 85 .89 0
07:17 753.36 13.5 85 .45 0
07:18 753.36 13.5 85 .45 0
07:19 753.36 13.56 85 .45 0
07:20 753.36 13.56 85 0 0
07:21 753.36 13.61 85 .45 0
07:22 753.36 13.61 85 .89 0
07:23 753.36 13.67 85 .45 0
07:24 753.36 13.72 85 0 0
07:25 753.36 13.72 84 .89 0
07:26 753.36 13.78 84 .45 0
07:27 753.36 13.83 84 .89 0
07:28 753.36 13.94 84 .89 0
07:29 753.36 14 84 1.34 0
07:30 753.36 14.06 84 1.34 0
07:31 753.36 14.11 84 .89 0
07:32 753.36 14.17 84 .89 0
07:33 753.36 14.22 84 1.34 0
07:34 753.36 14.22 83 1.34 0
07:35 753.36 14.22 83 .89 0
07:36 753.36 14.28 83 .45 0
07:37 753.36 14.33 83 .45 0
07:38 753.36 14.39 83 .89 0
07:39 753.36 14.39 82 .89 0
07:40 753.36 14.44 82 .89 0
07:41 753.36 14.44 83 .45 0
07:42 753.36 14.5 83 .89 0
07:43 753.36 14.5 83 1.34 0
07:44 753.36 14.56 82 .45 0
07:45 753.36 14.61 82 .45 0
07:46 753.36 14.61 82 .89 0
07:47 753.36 14.61 82 0 0
07:48 753.36 14.67 82 0 0
07:49 753.36 14.72 82 1.34 0
07:50 753.36 14.78 81 .89 0
07:51 753.36 14.83 81 1.34 0
07:52 753.36 14.94 81 .89 0
07:53 753.62 15 80 .89 0
07:54 753.36 15.06 80 .89 0
07:55 753.36 15.17 80 .45 0
07:56 753.36 15.22 80 .89 0
07:57 753.62 15.22 79 .89 0
07:58 753.62 15.28 79 1.34 0
07:59 753.62 15.28 79 1.79 0
08:00 753.62 15.28 79 .89 0
08:01 753.62 15.33 79 .45 0
08:02 753.62 15.39 79 1.34 0
08:03 753.36 15.39 79 1.34 0
08:04 753.62 15.39 79 .89 0
08:05 753.62 15.44 79 1.34 0
08:06 753.62 15.44 78 1.34 0
08:07 753.36 15.5 78 .89 0
08:08 753.36 15.56 78 .89 0
08:09 753.62 15.56 78 .89 0
08:10 753.62 15.61 78 .89 0
08:11 753.62 15.67 79 1.34 0
08:12 753.62 15.72 77 1.34 0
08:13 753.62 15.72 78 1.34 0
08:14 753.62 15.78 77 1.34 0
08:15 753.62 15.78 78 1.34 0
08:16 753.62 15.78 78 1.34 0
08:17 753.62 15.83 78 .45 0
08:18 753.62 15.83 78 1.34 0
08:19 753.62 15.83 77 1.79 0
08:20 753.62 15.83 77 1.34 0
08:21 753.62 15.83 78 1.34 0
08:22 753.62 15.83 78 .45 0
08:23 753.62 15.83 78 1.34 0
08:24 753.62 15.89 77 1.79 0
08:25 753.62 15.89 77 1.79 0
08:26 753.62 15.89 77 1.79 0
08:27 753.62 15.89 77 .45 0
08:28 753.62 15.94 77 .89 0
08:29 753.62 16 77 1.34 0
08:30 753.62 16.06 77 1.79 0
08:31 753.62 16.06 76 1.79 0
08:32 753.62 16.11 76 2.24 0
08:33 753.62 16.17 76 1.34 0
08:34 753.62 16.22 76 1.79 0
08:35 753.62 16.28 76 1.34 0
08:36 753.62 16.33 76 1.34 0
08:37 753.62 16.44 76 1.34 0
08:38 753.62 16.44 76 1.34 0
08:39 753.62 16.56 75 1.79 0
08:40 753.62 16.56 75 1.34 0
08:41 753.62 16.61 74 1.79 0
08:42 753.62 16.61 74 .89 0
08:43 753.62 16.67 75 1.34 0
08:44 753.62 16.67 75 1.79 0
08:45 753.62 16.72 75 1.34 0
08:46 753.62 16.83 75 .89 0
08:47 753.62 16.94 74 .89 0
08:48 753.62 17 74 .45 0
08:49 753.62 17.06 74 2.68 0
08:50 753.62 17.17 72 2.24 0
08:51 753.62 17.11 71 2.68 0
08:52 753.62 17.11 72 1.34 0
08:53 753.62 17.11 72 2.24 0
08:54 753.62 17.06 72 .89 0
08:55 753.62 17.06 72 1.79 0
08:56 753.62 17.06 72 1.34 0
08:57 753.62 17.06 73 .89 0
08:58 753.62 17.17 72 1.34 0
08:59 753.62 17.17 72 2.68 0
09:00 753.62 17.22 71 3.13 0
09:01 753.62 17.28 71 3.58 0
09:02 753.62 17.22 70 1.34 0
09:03 753.62 17.22 70 2.68 0
09:04 753.62 17.22 70 2.24 0
09:05 753.62 17.22 70 1.79 0
09:06 753.62 17.22 70 1.34 0
09:07 753.62 17.28 71 .45 0
09:08 753.62 17.28 71 0 0
09:09 753.62 17.33 71 .45 0
09:10 753.62 17.44 71 .45 0
09:11 753.62 17.61 71 .89 0
09:12 753.62 17.72 69 1.79 0
09:13 753.62 17.78 68 2.24 0
09:14 753.62 17.83 68 .89 0
09:15 753.62 17.89 68 2.24 0
09:16 753.62 17.89 68 2.68 0
09:17 753.62 17.94 68 2.24 0
09:18 753.62 18 67 1.79 0
09:19 753.62 18.06 67 2.68 0
09:20 753.62 18.11 67 1.34 0
09:21 753.62 18.11 67 1.79 0
09:22 753.62 18.17 66 2.24 0
09:23 753.62 18.17 66 2.68 0
09:24 753.62 18.17 60 2.24 0
09:25 753.62 18.17 62 1.79 0
09:26 753.62 18.17 62 2.24 0
09:27 753.62 18.11 62 1.79 0
09:28 753.62 18.17 64 2.68 0
09:29 753.62 18.17 65 1.79 0
09:30 753.62 18.17 65 1.34 0
09:31 753.62 18.22 65 1.79 0
09:32 753.62 18.28 63 2.24 0
09:33 753.62 18.22 63 2.24 0
09:34 753.62 18.22 65 1.79 0
09:35 753.62 18.28 64 1.34 0
09:36 753.62 18.39 64 1.79 0
09:37 753.62 18.39 63 1.79 0
09:38 753.62 18.44 63 1.34 0
09:39 753.62 18.5 63 2.24 0
09:40 753.62 18.44 63 1.79 0
09:41 753.62 18.44 64 3.13 0
09:42 753.62 18.44 64 4.47 0
09:43 753.62 18.44 63 2.68 0
09:44 753.62 18.5 64 .89 0
09:45 753.62 18.56 64 .89 0
09:46 753.62 18.61 64 1.79 0
09:47 753.62 18.67 64 .89 0
09:48 753.62 18.78 64 .89 0
09:49 753.62 18.83 63 2.24 0
09:50 753.62 18.89 61 3.13 0
09:51 753.62 18.89 61 2.24 0
09:52 753.62 18.89 61 1.79 0
09:53 753.62 18.94 60 2.68 0
09:54 753.62 18.89 61 4.02 0
09:55 753.62 18.83 58 2.24 0
09:56 753.62 18.78 60 4.92 0
09:57 753.87 18.78 59 4.47 0
09:58 753.62 18.72 61 4.92 0
09:59 753.62 18.72 60 4.47 0
10:00 753.62 18.72 61 3.13 0
10:01 753.87 18.67 61 3.58 0
10:02 753.62 18.61 60 3.13 0
10:03 753.62 18.61 60 1.79 0
10:04 753.87 18.56 60 2.68 0
10:05 753.62 18.56 60 1.79 0
10:06 753.62 18.56 60 3.58 0
10:07 753.62 18.5 59 2.24 0
10:08 753.62 18.56 61 .89 0
10:09 753.62 18.56 60 1.34 0
10:10 753.87 18.61 59 1.34 0
10:11 753.87 18.67 60 1.79 0
10:12 753.87 18.78 60 1.79 0
10:13 753.87 18.78 59 1.34 0
10:14 753.62 18.78 57 2.68 0
10:15 753.62 18.72 57 1.79 0
10:16 753.87 18.61 57 2.24 0
10:17 753.87 18.61 57 1.79 0
10:18 753.62 18.56 58 1.34 0
10:19 753.62 18.61 58 2.24 0
10:20 753.62 18.61 57 2.24 0
10:21 753.62 18.61 57 1.79 0
10:22 753.87 18.61 58 4.02 0
10:23 753.62 18.67 57 .89 0
10:24 753.62 18.78 57 3.58 0
10:25 753.62 18.89 55 2.68 0
10:26 753.62 19 55 2.68 0
10:27 753.62 19.06 56 4.02 0
10:28 753.62 19.06 54 2.68 0
10:29 753.87 19.06 54 2.24 0
10:30 753.62 19.06 55 4.02 0
10:31 753.62 19 55 4.02 0
10:32 753.87 18.94 56 1.79 0
10:33 753.87 18.83 55 2.68 0
10:34 753.87 18.78 55 1.34 0
10:35 753.62 18.78 55 1.79 0
10:36 753.62 18.78 55 4.02 0
10:37 753.62 18.72 55 4.02 0
10:38 753.87 18.72 55 2.68 0
10:39 753.62 18.72 55 2.24 0
10:40 753.62 18.72 56 2.68 0
10:41 753.62 18.67 55 2.68 0
10:42 753.62 18.61 56 2.24 0
10:43 753.62 18.56 56 2.68 0
10:44 753.62 18.56 56 1.79 0
10:45 753.87 18.61 57 2.68 0
10:46 753.62 18.56 56 2.68 0
10:47 753.62 18.5 56 2.24 0
10:48 753.87 18.5 56 3.58 0
10:49 753.62 18.56 56 3.58 0
10:50 753.62 18.61 56 2.68 0
10:51 753.87 18.67 56 2.68 0
10:52 753.62 18.67 56 2.68 0
10:53 753.87 18.67 56 4.02 0
10:54 753.62 18.67 55 2.68 0
10:55 753.87 18.72 55 .89 0
10:56 753.62 18.72 54 1.79 0
10:57 753.87 18.78 54 .89 0
10:58 753.87 18.83 55 2.24 0
10:59 753.62 18.94 54 .89 0
11:00 753.62 19 54 1.79 0
11:01 753.62 19.11 54 1.79 0
11:02 753.62 19.28 54 2.24 0
11:03 753.62 19.39 54 2.24 0
11:04 753.62 19.44 54 3.13 0
11:05 753.62 19.61 54 3.13 0
11:06 753.87 19.61 54 3.13 0
11:07 753.62 19.67 54 4.47 0
11:08 753.62 19.67 55 4.92 0
11:09 753.62 19.67 55 4.02 0
11:10 753.62 19.56 55 1.34 0
11:11 753.62 19.56 56 4.02 0
11:12 753.62 19.44 56 1.79 0
11:13 753.62 19.39 57 3.58 0
11:14 753.62 19.33 58 .89 0
11:15 753.62 19.28 58 1.79 0
11:16 753.62 19.22 57 2.24 0
11:17 753.62 19.22 57 2.24 0
11:18 753.62 19.11 57 .89 0
11:19 753.62 19.11 58 2.68 0
11:20 753.62 19.11 56 3.13 0
11:21 753.62 19.11 55 .89 0
11:22 753.62 19.17 54 1.34 0
11:23 753.62 19.17 55 1.34 0
11:24 753.62 19.33 57 .89 0
11:25 753.62 19.5 56 .45 0
11:26 753.62 19.67 56 2.68 0
11:27 753.62 19.83 55 1.34 0
11:28 753.62 20 56 0 0
11:29 753.62 20.17 55 2.68 0
11:30 753.62 20.22 55 4.02 0
11:31 753.62 20.22 55 3.58 0
11:32 753.62 20.22 55 4.92 0
11:33 753.62 20.17 54 4.02 0
11:34 753.62 20.28 54 2.68 0
11:35 753.62 20.22 55 4.92 0
11:36 753.62 20.11 53 3.58 0
11:37 753.62 20 54 3.13 0
11:38 753.62 19.94 55 4.02 0
11:39 753.62 19.94 55 4.02 0
11:40 753.62 19.94 55 3.58 0
11:41 753.62 19.89 54 2.24 0
11:42 753.62 19.83 55 2.68 0
11:43 753.62 19.83 56 2.68 0
11:44 753.62 19.83 57 4.47 0
11:45 753.62 19.78 57 3.13 0
11:46 753.62 19.72 56 2.24 0
11:47 753.62 19.67 57 3.58 0
11:48 753.62 19.56 57 3.58 0
11:49 753.62 19.5 57 1.34 0
11:50 753.62 19.44 58 1.79 0
11:51 753.62 19.44 57 1.79 0
11:52 753.62 19.39 57 2.24 0
11:53 753.62 19.33 57 1.34 0
11:54 753.62 19.33 56 1.34 0
11:55 753.62 19.39 57 1.79 0
11:56 753.62 19.44 58 .89 0
11:57 753.62 19.5 58 .89 0
11:58 753.62 19.56 58 .89 0
11:59 753.62 19.72 57 .89 0
12:00 753.62 19.94 56 2.24 0
12:01 753.62 20 53 1.79 0
12:02 753.62 20.11 54 .89 0
12:03 753.62 20.28 54 2.24 0
12:04 753.62 20.39 54 1.34 0
12:05 753.62 20.39 54 4.47 0
12:06 753.62 20.33 55 5.36 0
12:07 753.62 20.17 55 1.79 0
12:08 753.62 20.06 54 4.47 0
12:09 753.62 19.94 54 1.79 0
12:10 753.62 19.89 56 4.02 0
12:11 753.62 19.78 56 2.24 0
12:12 753.62 19.72 56 3.58 0
12:13 753.62 19.67 55 4.02 0
12:14 753.62 19.61 55 3.13 0
12:15 753.62 19.61 56 2.24 0
12:16 753.62 19.56 56 1.34 0
12:17 753.62 19.56 56 3.58 0
12:18 753.62 19.56 56 3.13 0
12:19 753.62 19.56 55 2.68 0
12:20 753.62 19.56 55 1.34 0
12:21 753.62 19.56 56 .89 0
12:22 753.62 19.61 56 1.34 0
12:23 753.62 19.67 56 2.24 0
12:24 753.62 19.67 54 2.68 0
12:25 753.62 19.67 54 1.34 0
12:26 753.62 19.67 55 1.79 0
12:27 753.62 19.67 56 2.68 0
12:28 753.62 19.61 54 1.79 0
12:29 753.62 19.61 55 3.58 0
12:30 753.62 19.56 55 3.58 0
12:31 753.62 19.56 55 3.13 0
12:32 753.62 19.56 55 2.24 0
12:33 753.62 19.56 56 2.24 0
12:34 753.62 19.61 55 1.79 0
12:35 753.62 19.67 56 1.34 0
12:36 753.62 19.78 56 1.34 0
12:37 753.62 19.89 55 2.24 0
12:38 753.62 19.94 55 .89 0
12:39 753.62 20.06 53 4.02 0
12:40 753.62 20.11 52 2.68 0
12:41 753.62 20.22 53 3.58 0
12:42 753.62 20.28 54 3.58 0
12:43 753.62 20.44 53 .89 0
12:44 753.62 20.56 52 3.58 0
12:45 753.62 20.61 50 2.68 0
12:46 753.62 20.61 51 1.34 0
12:47 753.62 20.67 52 3.58 0
12:48 753.62 20.72 51 1.79 0
12:49 753.36 20.83 51 1.79 0
12:50 753.62 20.94 51 6.26 0
12:51 753.62 21.06 50 3.13 0
12:52 753.62 20.94 50 4.47 0
12:53 753.62 20.78 51 1.79 0
12:54 753.62 20.72 51 3.58 0
12:55 753.62 20.61 51 2.68 0
12:56 753.62 20.61 52 3.13 0
12:57 753.62 20.5 51 3.58 0
12:58 753.62 20.33 51 3.58 0
12:59 753.62 20.28 52 3.58 0
13:00 753.62 20.17 53 2.24 0
13:01 753.62 20.11 53 3.13 0
13:02 753.62 20.11 54 1.79 0
13:03 753.36 20.11 53 3.58 0
13:04 753.36 20.11 54 1.79 0
13:05 753.62 20.22 54 3.58 0
13:06 753.62 20.28 52 1.79 0
13:07 753.62 20.39 53 1.34 0
13:08 753.36 20.5 53 1.34 0
13:09 753.36 20.61 52 .89 0
13:10 753.36 20.72 50 3.13 0
13:11 753.36 20.89 49 1.79 0
13:12 753.36 20.94 48 2.68 0
13:13 753.36 20.94 49 3.58 0
13:14 753.36 21 48 2.24 0
13:15 753.36 21.06 49 1.34 0
13:16 753.36 21.11 49 2.68 0
13:17 753.36 21.17 50 1.34 0
13:18 753.36 21.28 51 .89 0
13:19 753.36 21.33 49 1.79 0
13:20 753.36 21.33 49 2.24 0
13:21 753.36 21.33 49 .89 0
13:22 753.36 21.33 49 1.34 0
13:23 753.36 21.33 49 2.68 0
13:24 753.36 21.28 49 1.79 0
13:25 753.36 21.28 48 3.13 0
13:26 753.36 21.28 50 2.24 0
13:27 753.36 21.28 49 2.68 0
13:28 753.36 21.28 49 4.02 0
13:29 753.36 21.22 50 4.92 0
13:30 753.36 21.11 50 4.02 0
13:31 753.36 21.06 50 4.47 0
13:32 753.36 21 50 2.24 0
13:33 753.36 21 50 1.34 0
13:34 753.36 20.94 51 4.02 0
13:35 753.36 20.94 51 3.58 0
13:36 753.36 20.94 50 2.68 0
13:37 753.36 21 50 4.47 0
13:38 753.36 20.94 50 2.68 0
13:39 753.36 20.94 49 3.58 0
13:40 753.36 20.89 49 1.34 0
13:41 753.36 20.89 49 1.79 0
13:42 753.36 20.89 49 .89 0
13:43 753.36 20.94 49 0 0
13:44 753.36 20.94 49 .45 0
13:45 753.36 21.06 52 1.34 0
13:46 753.36 21.17 50 .89 0
13:47 753.36 21.28 50 .45 0
13:48 753.36 21.44 50 1.79 0
13:49 753.36 21.67 50 1.34 0
13:50 753.36 21.78 48 2.24 0
13:51 753.36 21.83 48 3.58 0
13:52 753.36 21.89 46 3.13 0
13:53 753.36 21.89 48 .89 0
13:54 753.36 21.94 48 .89 0
13:55 753.36 22 47 .45 0
13:56 753.36 22.06 47 .89 0
13:57 753.36 22.17 47 1.79 0
13:58 753.36 22.17 46 1.34 0
13:59 753.36 22.11 46 1.79 0
14:00 753.36 22.06 46 1.79 0
14:01 753.36 22 45 1.34 0
14:02 753.36 21.83 46 1.34 0
14:03 753.36 21.78 46 1.34 0
14:04 753.36 21.67 47 2.68 0
14:05 753.36 21.61 47 .89 0
14:06 753.36 21.56 47 2.24 0
14:07 753.36 21.5 47 3.13 0
14:08 753.36 21.44 47 .89 0
14:09 753.36 21.44 47 1.79 0
14:10 753.36 21.44 47 1.79 0
14:11 753.36 21.39 47 1.34 0
14:12 753.36 21.39 48 1.34 0
14:13 753.36 21.39 49 2.24 0
14:14 753.36 21.39 49 3.58 0
14:15 753.36 21.28 48 3.13 0
14:16 753.36 21.22 50 4.47 0
14:17 753.36 21.22 49 2.24 0
14:18 753.36 21.11 50 3.58 0
14:19 753.36 21 49 2.68 0
14:20 753.36 20.94 51 3.58 0
14:21 753.36 20.94 52 1.34 0
14:22 753.36 20.94 50 3.13 0
14:23 753.36 20.89 50 4.47 0
14:24 753.36 20.83 51 3.13 0
14:25 753.36 20.78 50 1.79 0
14:26 753.36 20.72 51 2.68 0
14:27 753.36 20.67 51 2.68 0
14:28 753.36 20.67 51 1.79 0
14:29 753.36 20.61 51 .89 0
14:30 753.36 20.61 52 .45 0
14:31 753.36 20.67 52 1.34 0
14:32 753.36 20.78 51 1.79 0
14:33 753.36 20.83 50 2.68 0
14:34 753.36 20.89 51 2.68 0
14:35 753.36 20.94 49 2.24 0
14:36 753.36 20.94 49 1.34 0
14:37 753.36 20.94 49 .45 0
14:38 753.36 20.94 50 .89 0
14:39 753.36 21 50 1.34 0
14:40 753.36 21.11 50 .89 0
14:41 753.36 21.17 49 .89 0
14:42 753.36 21.17 49 .45 0
14:43 753.36 21.28 49 .89 0
14:44 753.36 21.33 49 1.79 0
14:45 753.36 21.39 48 1.34 0
14:46 753.36 21.5 49 1.34 0
14:47 753.36 21.61 49 2.68 0
14:48 753.36 21.67 48 2.24 0
14:49 753.36 21.67 47 1.79 0
14:50 753.36 21.61 48 3.13 0
14:51 753.36 21.61 48 1.79 0
14:52 753.36 21.61 47 1.79 0
14:53 753.11 21.61 47 1.34 0
14:54 753.36 21.61 48 .89 0
14:55 753.11 21.67 47 1.79 0
14:56 753.36 21.67 48 3.13 0
14:57 753.36 21.72 48 2.24 0
14:58 753.36 21.72 48 1.79 0
14:59 753.11 21.83 49 .45 0
15:00 753.11 21.94 49 2.68 0
15:01 753.11 21.94 48 1.79 0
15:02 753.11 21.94 48 2.24 0
15:03 753.36 21.94 47 1.34 0
15:04 753.36 21.94 48 2.24 0
15:05 753.11 21.83 47 2.68 0
15:06 753.11 21.72 49 3.13 0
15:07 753.36 21.67 48 1.34 0
15:08 753.11 21.61 49 2.24 0
15:09 753.11 21.56 48 4.02 0
15:10 753.11 21.44 48 4.02 0
15:11 753.11 21.44 49 2.24 0
15:12 753.11 21.44 48 1.79 0
15:13 753.11 21.39 49 3.13 0
15:14 753.11 21.39 48 2.24 0
15:15 753.11 21.44 48 3.58 0
15:16 753.11 21.39 47 2.68 0
15:17 753.11 21.39 48 .89 0
15:18 753.11 21.44 47 3.58 0
15:19 753.11 21.44 48 2.24 0
15:20 753.11 21.56 48 .89 0
15:21 753.11 21.61 48 3.58 0
15:22 753.11 21.72 47 2.24 0
15:23 753.11 21.72 47 4.02 0
15:24 753.11 21.72 47 2.68 0
15:25 753.11 21.72 47 .89 0
15:26 753.11 21.72 47 2.68 0
15:27 753.11 21.67 47 1.79 0
15:28 753.11 21.61 47 2.68 0
15:29 753.11 21.56 48 2.24 0
15:30 753.11 21.56 48 1.34 0
15:31 753.11 21.61 48 1.79 0
15:32 753.11 21.61 47 1.79 0
15:33 753.11 21.61 48 2.24 0
15:34 753.11 21.56 48 1.34 0
15:35 753.11 21.61 47 1.34 0
15:36 753.11 21.61 48 2.68 0
15:37 753.11 21.72 48 1.79 0
15:38 753.11 21.78 48 3.58 0
15:39 753.11 21.78 47 4.47 0
15:40 753.11 21.78 48 3.58 0
15:41 753.11 21.78 48 2.24 0
15:42 753.11 21.78 48 3.58 0
15:43 753.11 21.72 47 4.47 0
15:44 753.11 21.72 48 3.13 0
15:45 753.11 21.67 47 1.34 0
15:46 753.11 21.61 48 1.34 0
15:47 753.11 21.56 48 .89 0
15:48 753.11 21.61 48 2.68 0
15:49 753.11 21.61 48 1.34 0
15:50 753.11 21.56 47 .89 0
15:51 753.11 21.56 48 .89 0
15:52 753.11 21.56 47 .89 0
15:53 753.11 21.56 48 1.34 0
15:54 753.11 21.56 49 1.34 0
15:55 753.11 21.56 48 1.34 0
15:56 753.11 21.56 48 .89 0
15:57 753.11 21.61 49 1.79 0
15:58 753.11 21.61 49 2.68 0
15:59 753.11 21.61 48 1.34 0
16:00 753.11 21.56 47 2.68 0
16:01 753.11 21.61 48 1.79 0
16:02 753.11 21.56 47 1.79 0
16:03 753.11 21.56 47 .89 0
16:04 753.11 21.5 47 .45 0
16:05 753.11 21.56 48 .89 0
16:06 753.11 21.56 47 1.34 0
16:07 753.11 21.61 48 .45 0
16:08 753.11 21.67 47 .45 0
16:09 753.11 21.78 48 0 0
16:10 753.11 21.89 49 1.79 0
16:11 753.11 22 49 .89 0
16:12 753.11 22.06 49 1.79 0
16:13 753.11 22.11 48 2.68 0
16:14 753.11 22.17 48 4.47 0
16:15 753.11 22.17 47 4.47 0
16:16 753.11 22.06 46 3.13 0
16:17 753.11 21.94 47 3.13 0
16:18 753.11 21.89 47 2.24 0
16:19 753.11 21.89 47 1.79 0
16:20 753.11 21.89 47 .89 0
16:21 753.11 21.89 47 1.79 0
16:22 753.11 21.94 47 1.34 0
16:23 753.11 21.94 47 3.13 0
16:24 753.11 21.94 46 1.34 0
16:25 753.11 21.94 47 1.34 0
16:26 752.86 21.94 46 1.34 0
16:27 753.11 21.94 46 .89 0
16:28 752.86 22 47 .45 0
16:29 753.11 22.11 47 0 0
16:30 753.11 22.17 46 1.34 0
16:31 753.11 22.17 46 1.34 0
16:32 753.11 22.22 46 3.13 0
16:33 752.86 22.17 45 2.68 0
16:34 752.86 22.11 46 2.68 0
16:35 753.11 22.11 46 3.58 0
16:36 753.11 22.11 46 .89 0
16:37 752.86 22.06 45 .89 0
16:38 752.86 22.11 46 .89 0
16:39 753.11 22.17 47 1.34 0
16:40 753.11 22.17 46 1.79 0
16:41 752.86 22.22 46 1.34 0
16:42 752.86 22.22 46 1.34 0
16:43 752.86 22.22 45 1.79 0
16:44 752.86 22.17 45 3.58 0
16:45 752.86 22.06 45 4.02 0
16:46 752.86 22 47 4.02 0
16:47 753.11 21.94 47 2.68 0
16:48 752.86 21.94 46 4.02 0
16:49 752.86 21.89 46 2.24 0
16:50 752.86 21.89 46 1.34 0
16:51 752.86 21.89 46 2.24 0
16:52 752.86 21.83 46 2.24 0
16:53 752.86 21.83 45 1.79 0
16:54 752.86 21.83 46 1.34 0
16:55 752.86 21.83 46 2.68 0
16:56 752.86 21.83 45 2.68 0
16:57 752.86 21.78 45 2.24 0
16:58 752.86 21.72 45 2.24 0
16:59 752.86 21.72 45 3.13 0
17:00 752.86 21.72 46 1.34 0
17:01 752.86 21.72 45 2.68 0
17:02 752.86 21.67 46 2.68 0
17:03 752.86 21.67 45 2.24 0
17:04 752.86 21.67 46 1.34 0
17:05 752.86 21.61 46 2.24 0
17:06 752.86 21.61 47 2.24 0
17:07 752.86 21.67 47 3.58 0
17:08 752.86 21.67 47 3.13 0
17:09 752.86 21.72 46 1.79 0
17:10 752.86 21.72 47 1.79 0
17:11 752.86 21.72 47 1.79 0
17:12 752.86 21.78 46 .45 0
17:13 752.86 21.78 46 1.34 0
17:14 752.86 21.78 47 .45 0
17:15 752.86 21.83 46 1.79 0
17:16 752.86 21.83 45 1.79 0
17:17 752.86 21.78 45 .89 0
17:18 752.86 21.83 46 1.34 0
17:19 752.86 21.83 45 1.79 0
17:20 752.86 21.83 46 .89 0
17:21 752.86 21.83 46 2.68 0
17:22 752.86 21.83 46 2.68 0
17:23 752.86 21.78 46 3.58 0
17:24 752.86 21.72 46 1.79 0
17:25 752.86 21.72 46 3.13 0
17:26 752.86 21.67 47 1.34 0
17:27 752.86 21.67 48 2.68 0
17:28 752.86 21.67 48 4.02 0
17:29 752.86 21.67 47 2.24 0
17:30 752.86 21.67 48 1.79 0
17:31 752.86 21.67 48 4.02 0
17:32 752.86 21.67 47 3.58 0
17:33 752.86 21.61 48 1.79 0
17:34 752.86 21.61 48 1.34 0
17:35 752.86 21.61 48 2.24 0
17:36 752.86 21.61 48 2.68 0
17:37 752.86 21.61 48 3.13 0
17:38 752.86 21.61 48 1.79 0
17:39 752.86 21.56 48 1.34 0
17:40 752.86 21.56 48 .45 0
17:41 752.86 21.56 49 2.24 0
17:42 752.86 21.56 47 1.34 0
17:43 752.86 21.56 48 3.13 0
17:44 752.6 21.5 47 .45 0
17:45 752.86 21.5 49 3.13 0
17:46 752.6 21.5 49 2.68 0
17:47 752.6 21.5 49 3.58 0
17:48 752.6 21.5 49 1.79 0
17:49 752.86 21.5 50 2.24 0
17:50 752.86 21.5 50 1.79 0
17:51 752.6 21.44 49 3.13 0
17:52 752.6 21.44 49 2.24 0
17:53 752.6 21.39 50 1.34 0
17:54 752.6 21.33 50 2.24 0
17:55 752.6 21.39 50 3.58 0
17:56 752.6 21.39 50 2.68 0
17:57 752.6 21.39 49 2.68 0
17:58 752.6 21.33 50 1.34 0
17:59 752.6 21.33 50 2.24 0
18:00 752.6 21.33 49 2.24 0
18:01 752.6 21.33 50 2.68 0
18:02 752.6 21.33 50 2.68 0
18:03 752.6 21.33 50 1.79 0
18:04 752.6 21.33 51 2.68 0
18:05 752.6 21.33 50 4.02 0
18:06 752.6 21.33 50 2.68 0
18:07 752.6 21.33 50 3.58 0
18:08 752.86 21.33 50 1.79 0
18:09 752.6 21.33 50 .89 0
18:10 752.86 21.33 50 1.79 0
18:11 752.86 21.33 51 1.79 0
18:12 752.6 21.39 50 1.34 0
18:13 752.6 21.39 51 1.79 0
18:14 752.86 21.39 50 .89 0
18:15 752.86 21.44 51 1.79 0
18:16 752.86 21.44 50 1.34 0
18:17 752.6 21.44 49 2.68 0
18:18 752.6 21.44 49 3.13 0
18:19 752.6 21.33 49 1.79 0
18:20 752.86 21.33 49 3.13 0
18:21 752.6 21.28 49 2.24 0
18:22 752.6 21.28 49 2.24 0
18:23 752.6 21.22 49 2.68 0
18:24 752.6 21.22 49 3.13 0
18:25 752.86 21.17 48 1.34 0
18:26 752.6 21.17 50 1.34 0
18:27 752.6 21.17 49 2.24 0
18:28 752.6 21.17 50 2.24 0
18:29 752.6 21.17 50 1.34 0
18:30 752.6 21.17 50 1.79 0
18:31 752.6 21.17 49 2.24 0
18:32 752.6 21.11 49 2.24 0
18:33 752.6 21.11 49 1.34 0
18:34 752.6 21.11 49 2.24 0
18:35 752.86 21.06 50 1.34 0
18:36 752.86 21.06 50 1.34 0
18:37 752.86 21.06 50 2.68 0
18:38 752.86 21.06 50 1.79 0
18:39 752.86 21 50 1.34 0
18:40 752.86 21 51 2.68 0
18:41 752.86 21 50 1.34 0
18:42 752.86 20.94 51 2.24 0
18:43 752.86 20.94 51 1.79 0
18:44 752.86 20.94 51 1.34 0
18:45 752.86 20.94 51 2.24 0
18:46 752.86 20.89 51 2.24 0
18:47 752.86 20.89 51 2.68 0
18:48 752.86 20.89 50 2.24 0
18:49 752.86 20.83 51 1.79 0
18:50 752.86 20.83 52 .89 0
18:51 752.86 20.83 52 1.79 0
18:52 752.86 20.83 52 1.79 0
18:53 752.86 20.83 51 1.34 0
18:54 752.86 20.78 52 1.34 0
18:55 752.86 20.78 52 2.24 0
18:56 752.86 20.78 52 1.79 0
18:57 752.86 20.78 52 1.79 0
18:58 752.86 20.72 53 1.79 0
18:59 752.86 20.72 52 1.79 0
19:00 752.86 20.67 52 1.34 0
19:01 752.86 20.67 53 1.34 0
19:02 752.86 20.61 53 1.34 0
19:03 752.86 20.67 53 .45 0
19:04 752.86 20.61 53 1.34 0
19:05 752.86 20.61 53 2.24 0
19:06 752.86 20.56 53 1.79 0
19:07 752.86 20.56 53 1.34 0
19:08 752.86 20.56 53 .89 0
19:09 752.86 20.56 54 1.79 0
19:10 752.86 20.5 54 2.24 0
19:11 752.86 20.5 53 2.24 0
19:12 752.86 20.44 54 1.79 0
19:13 752.86 20.44 54 .89 0
19:14 752.86 20.44 54 1.79 0
19:15 752.86 20.39 53 1.34 0
19:16 752.86 20.39 54 .89 0
19:17 752.86 20.33 55 1.79 0
19:18 752.86 20.33 54 .89 0
19:19 752.86 20.28 55 .89 0
19:20 752.86 20.28 55 1.34 0
19:21 752.86 20.28 55 .45 0
19:22 752.86 20.28 55 .89 0
19:23 752.86 20.28 54 1.34 0
19:24 752.86 20.22 55 1.79 0
19:25 752.86 20.17 55 1.34 0
19:26 752.86 20.17 56 .89 0
19:27 752.86 20.11 56 .89 0
19:28 752.86 20.11 56 1.34 0
19:29 752.86 20 55 1.79 0
19:30 752.86 20 56 1.34 0
19:31 752.86 19.94 56 .89 0
19:32 752.86 19.89 56 .89 0
19:33 752.86 19.83 56 1.34 0
19:34 752.86 19.83 57 2.24 0
19:35 752.86 19.78 56 2.24 0
19:36 752.86 19.72 57 2.24 0
19:37 752.86 19.67 57 1.79 0
19:38 752.86 19.61 57 1.34 0
19:39 752.86 19.56 57 1.34 0
19:40 752.86 19.56 58 1.79 0
19:41 752.86 19.5 58 1.79 0
19:42 752.86 19.5 58 1.79 0
19:43 752.86 19.44 58 1.34 0
19:44 752.86 19.39 59 1.34 0
19:45 752.86 19.39 58 1.79 0
19:46 752.86 19.33 59 .89 0
19:47 752.86 19.33 59 .45 0
19:48 752.86 19.28 59 .45 0
19:49 752.86 19.28 59 .89 0
19:50 752.86 19.22 59 1.34 0
19:51 752.86 19.17 59 .89 0
19:52 752.86 19.17 59 .89 0
19:53 752.86 19.11 60 .45 0
19:54 752.86 19.06 60 .89 0
19:55 752.86 19.06 60 1.34 0
19:56 752.86 19 60 .89 0
19:57 753.11 18.94 61 .45 0
19:58 753.11 18.94 61 .89 0
19:59 753.11 18.89 61 .89 0
20:00 753.11 18.83 61 1.34 0
20:01 753.11 18.83 61 1.34 0
20:02 753.11 18.78 61 1.34 0
20:03 753.11 18.78 61 .89 0
20:04 753.11 18.72 61 1.79 0
20:05 753.11 18.67 62 .89 0
20:06 753.11 18.67 62 1.34 0
20:07 753.11 18.61 62 1.79 0
20:08 753.11 18.56 62 1.34 0
20:09 753.11 18.56 62 .89 0
20:10 753.11 18.56 62 1.34 0
20:11 753.11 18.5 63 .89 0
20:12 753.11 18.44 63 .89 0
20:13 753.11 18.44 63 .89 0
20:14 753.11 18.39 63 .89 0
20:15 753.11 18.39 63 .89 0
20:16 753.11 18.39 63 .89 0
20:17 753.11 18.33 63 1.34 0
20:18 753.11 18.28 63 1.34 0
20:19 753.11 18.33 63 .89 0
20:20 753.11 18.28 63 .89 0
20:21 753.11 18.22 63 1.34 0
20:22 753.11 18.22 63 1.34 0
20:23 753.11 18.22 63 1.34 0
20:24 753.11 18.17 63 .89 0
20:25 753.11 18.11 64 .89 0
20:26 753.11 18.11 64 1.79 0
20:27 753.11 18.06 64 .89 0
20:28 753.11 18.06 64 .89 0
20:29 753.11 18 65 .89 0
20:30 753.11 17.94 65 .89 0
20:31 753.11 17.94 65 1.34 0
20:32 753.11 17.89 65 1.34 0
20:33 753.11 17.89 65 .89 0
20:34 753.11 17.83 65 .45 0
20:35 753.11 17.78 65 1.79 0
20:36 753.11 17.78 65 1.34 0
20:37 753.11 17.78 66 .45 0
20:38 753.11 17.72 66 .89 0
20:39 753.11 17.72 66 .89 0
20:40 753.11 17.67 66 1.34 0
20:41 753.11 17.61 66 1.34 0
20:42 753.11 17.67 66 1.79 0
20:43 753.11 17.61 66 .89 0
20:44 753.11 17.61 66 1.34 0
20:45 753.11 17.56 66 1.34 0
20:46 753.11 17.56 66 1.79 0
20:47 753.11 17.5 66 1.34 0
20:48 753.11 17.5 67 1.34 0
20:49 753.11 17.44 67 1.34 0
20:50 753.11 17.44 67 1.34 0
20:51 753.11 17.39 67 1.79 0
20:52 753.11 17.33 67 1.34 0
20:53 753.11 17.33 67 1.34 0
20:54 753.11 17.33 67 1.79 0
20:55 753.11 17.33 67 1.34 0
20:56 753.11 17.33 67 1.79 0
20:57 753.11 17.28 67 1.34 0
20:58 753.11 17.28 67 1.79 0
20:59 753.11 17.22 68 .89 0
21:00 753.11 17.17 68 1.34 0
21:01 753.11 17.17 68 1.34 0
21:02 753.11 17.17 68 .89 0
21:03 753.11 17.17 68 1.34 0
21:04 753.11 17.17 68 1.34 0
21:05 753.11 17.11 68 1.34 0
21:06 753.11 17.11 68 1.34 0
21:07 753.11 17.11 68 1.79 0
21:08 753.11 17.06 68 1.34 0
21:09 753.11 17.06 68 1.34 0
21:10 753.11 17 68 1.34 0
21:11 753.11 17 68 1.34 0
21:12 753.11 17 68 1.79 0
21:13 753.11 17 68 1.34 0
21:14 753.11 17 68 .89 0
21:15 753.11 16.94 69 .89 0
21:16 753.11 16.94 68 1.34 0
21:17 753.11 16.94 69 1.34 0
21:18 753.11 16.89 69 2.24 0
21:19 753.11 16.89 68 1.79 0
21:20 753.11 16.89 69 1.34 0
21:21 753.11 16.89 69 2.24 0
21:22 753.11 16.89 69 .89 0
21:23 753.11 16.89 69 .89 0
21:24 753.11 16.89 69 .89 0
21:25 753.11 16.83 69 1.34 0
21:26 753.11 16.83 69 1.34 0
21:27 753.11 16.83 69 1.34 0
21:28 753.11 16.78 69 .45 0
21:29 753.11 16.78 69 .89 0
21:30 753.11 16.78 69 1.34 0
21:31 753.11 16.72 69 1.34 0
21:32 753.11 16.72 69 2.24 0
21:33 753.11 16.72 69 1.34 0
21:34 753.11 16.67 69 1.34 0
21:35 753.11 16.67 69 .89 0
21:36 753.11 16.61 69 .89 0
21:37 753.11 16.67 69 1.34 0
21:38 753.11 16.61 69 1.34 0
21:39 753.11 16.61 70 1.79 0
21:40 753.11 16.61 70 1.34 0
21:41 753.11 16.56 70 1.34 0
21:42 753.11 16.56 70 1.34 0
21:43 753.11 16.56 70 1.79 0
21:44 753.11 16.56 70 1.34 0
21:45 753.11 16.5 70 1.34 0
21:46 753.11 16.5 70 .89 0
21:47 753.11 16.5 70 .89 0
21:48 753.11 16.5 70 1.79 0
21:49 753.11 16.44 70 1.34 0
21:50 753.11 16.44 70 .89 0
21:51 753.11 16.44 70 1.34 0
21:52 753.11 16.44 70 .89 0
21:53 753.11 16.44 70 .89 0
21:54 753.11 16.39 70 1.34 0
21:55 753.11 16.39 70 1.34 0
21:56 753.11 16.33 70 1.34 0
21:57 753.11 16.33 70 .89 0
21:58 753.11 16.33 71 1.79 0
21:59 753.11 16.28 70 .89 0
22:00 753.11 16.28 71 1.34 0
22:01 753.11 16.28 71 1.34 0
22:02 753.11 16.28 71 1.34 0
22:03 753.11 16.28 71 1.34 0
22:04 753.11 16.22 71 .89 0
22:05 753.11 16.22 71 1.34 0
22:06 753.11 16.17 71 1.79 0
22:07 753.11 16.17 71 1.34 0
22:08 753.11 16.17 71 1.34 0
22:09 753.11 16.11 71 1.34 0
22:10 753.11 16.11 71 1.34 0
22:11 753.11 16.11 71 1.79 0
22:12 753.11 16.11 71 .89 0
22:13 753.11 16.06 71 .45 0
22:14 753.11 16.06 71 .89 0
22:15 753.11 16.06 71 1.34 0
22:16 753.11 16.06 71 1.79 0
22:17 753.11 16 71 1.34 0
22:18 753.11 16 71 .89 0
22:19 753.11 15.94 72 1.34 0
22:20 753.11 15.89 71 .89 0
22:21 753.11 15.83 72 .89 0
22:22 753.11 15.83 72 1.34 0
22:23 753.11 15.78 72 .89 0
22:24 753.11 15.78 72 .89 0
22:25 753.11 15.72 72 .45 0
22:26 753.11 15.67 72 .89 0
22:27 753.11 15.67 72 .89 0
22:28 753.11 15.61 72 1.34 0
22:29 753.11 15.56 73 .89 0
22:30 753.11 15.56 73 .89 0
22:31 753.11 15.5 73 .89 0
22:32 753.11 15.44 73 1.34 0
22:33 753.11 15.39 74 .45 0
22:34 753.11 15.33 73 1.34 0
22:35 753.11 15.28 73 .45 0
22:36 753.11 15.22 74 .89 0
22:37 753.11 15.17 74 .45 0
22:38 753.36 15.11 74 .89 0
22:39 753.11 15.06 74 .89 0
22:40 753.11 14.94 74 .89 0
22:41 753.36 14.83 75 .89 0
22:42 753.36 14.78 75 .89 0
22:43 753.36 14.72 75 .89 0
22:44 753.36 14.67 75 .89 0
22:45 753.36 14.61 75 .89 0
22:46 753.36 14.56 76 .89 0
22:47 753.36 14.56 76 .89 0
22:48 753.36 14.5 76 .89 0
22:49 753.36 14.5 76 .89 0
22:50 753.36 14.44 76 .45 0
22:51 753.36 14.44 76 .45 0
22:52 753.36 14.39 76 .45 0
22:53 753.36 14.39 76 .89 0
22:54 753.36 14.33 77 .45 0
22:55 753.36 14.28 76 .45 0
22:56 753.36 14.22 76 .45 0
22:57 753.36 14.17 77 .45 0
22:58 753.36 14.06 77 0 0
22:59 753.11 13.94 77 .45 0
23:00 753.36 13.83 77 .45 0
23:01 753.36 13.72 78 0 0
23:02 753.36 13.61 78 .45 0
23:03 753.36 13.56 78 0 0
23:04 753.36 13.44 78 .45 0
23:05 753.36 13.33 79 .45 0
23:06 753.11 13.28 79 .45 0
23:07 753.36 13.17 79 0 0
23:08 753.36 13.11 80 0 0
23:09 753.36 13.06 80 0 0
23:10 753.36 13 80 0 0
23:11 753.36 13 80 0 0
23:12 753.36 13 80 0 0
23:13 753.36 12.94 81 0 0
23:14 753.36 12.89 81 0 0
23:15 753.36 12.89 81 0 0
23:16 753.36 12.83 81 0 0
23:17 753.36 12.83 81 0 0
23:18 753.36 12.83 81 0 0
23:19 753.36 12.78 82 0 0
23:20 753.36 12.78 82 0 0
23:21 753.36 12.78 82 0 0
23:22 753.36 12.72 82 0 0
23:23 753.36 12.67 82 0 0
23:24 753.36 12.67 82 0 0
23:25 753.36 12.67 82 0 0
23:26 753.36 12.61 82 0 0
23:27 753.36 12.61 82 .45 0
23:28 753.36 12.61 82 0 0
23:29 753.36 12.56 82 .45 0
23:30 753.36 12.5 82 .45 0
23:31 753.36 12.5 82 .45 0
23:32 753.36 12.44 83 .45 0
23:33 753.36 12.44 83 0 0
23:34 753.36 12.39 83 .45 0
23:35 753.36 12.33 83 .45 0
23:36 753.36 12.33 83 .45 0
23:37 753.36 12.28 83 .45 0
23:38 753.36 12.28 83 0 0
23:39 753.36 12.22 83 0 0
23:40 753.36 12.22 84 0 0
23:41 753.36 12.22 84 0 0
23:42 753.36 12.17 84 0 0
23:43 753.36 12.17 84 0 0
23:44 753.36 12.17 84 0 0
23:45 753.36 12.11 84 0 0
23:46 753.36 12.11 84 0 0
23:47 753.36 12.11 84 0 0
23:48 753.36 12.11 84 0 0
23:49 753.36 12.06 84 0 0
23:50 753.36 12.11 84 0 0
23:51 753.36 12.11 84 0 0
23:52 753.36 12.06 84 0 0
23:53 753.36 12.11 84 0 0
23:54 753.36 12.06 84 0 0
23:55 753.36 12.06 84 0 0
23:56 753.36 12.06 84 0 0
23:57 753.36 12.06 84 0 0
23:58 753.36 12 84 0 0
23:59 753.36 11.94 84 0 0
