00:00 757.94 10.5 76 1.79 0
00:01 757.94 10.5 76 2.68 0
00:02 757.94 10.5 76 1.34 0
00:03 757.94 10.44 76 1.34 0
00:04 757.94 10.44 76 1.34 0
00:05 757.94 10.44 76 2.68 0
00:06 757.94 10.44 76 1.34 0
00:07 757.94 10.39 76 1.34 0
00:08 757.94 10.39 77 1.34 0
00:09 757.94 10.39 77 .89 0
00:10 757.94 10.39 77 1.79 0
00:11 757.94 10.39 77 1.34 0
00:12 757.94 10.39 77 1.34 0
00:13 757.94 10.33 77 .89 0
00:14 757.94 10.33 77 .89 0
00:15 757.94 10.33 77 1.34 0
00:16 757.94 10.33 77 2.68 0
00:17 757.94 10.33 77 1.34 0
00:18 757.94 10.33 77 .89 0
00:19 757.94 10.33 77 1.34 0
00:20 757.94 10.28 77 1.34 0
00:21 757.94 10.33 77 .89 0
00:22 757.94 10.28 77 1.34 0
00:23 757.94 10.28 77 .45 0
00:24 757.94 10.28 77 1.79 0
00:25 757.94 10.28 77 .89 0
00:26 757.94 10.28 77 .89 0
00:27 757.94 10.22 77 1.79 0
00:28 757.94 10.28 77 1.34 0
00:29 758.19 10.22 77 1.34 0
00:30 757.94 10.22 77 .89 0
00:31 757.94 10.28 77 .45 0
00:32 757.94 10.28 77 .45 0
00:33 757.94 10.28 77 .45 0
00:34 757.94 10.22 77 .89 0
00:35 757.94 10.28 77 1.34 0
00:36 757.94 10.22 77 1.34 0
00:37 757.94 10.22 77 .45 0
00:38 757.94 10.22 77 1.79 0
00:39 757.94 10.22 77 1.79 0
00:40 757.94 10.22 77 2.68 0
00:41 757.94 10.28 77 1.34 0
00:42 757.94 10.28 77 .89 0
00:43 757.94 10.28 77 .89 0
00:44 757.94 10.28 77 .89 0
00:45 757.94 10.33 77 1.34 0
00:46 757.94 10.33 77 1.79 0
00:47 757.94 10.33 77 1.34 0
00:48 757.94 10.33 77 2.24 0
00:49 757.94 10.33 77 1.79 0
00:50 757.94 10.33 77 1.34 0
00:51 757.94 10.33 77 2.24 0
00:52 757.94 10.33 77 1.79 0
00:53 757.94 10.33 77 .89 0
00:54 757.94 10.33 77 1.34 0
00:55 757.94 10.33 77 .89 0
00:56 758.19 10.33 77 .89 0
00:57 758.19 10.33 77 1.79 0
00:58 757.94 10.33 77 3.13 0
00:59 758.19 10.33 77 .89 0
01:00 758.19 10.33 77 2.68 0
01:01 758.19 10.28 77 1.79 0
01:02 758.19 10.33 77 2.24 0
01:03 757.94 10.33 77 .89 0
01:04 758.19 10.28 77 1.34 0
01:05 758.19 10.28 77 1.34 0
01:06 758.19 10.28 77 1.34 0
01:07 757.94 10.28 77 .89 0
01:08 757.94 10.22 77 1.79 0
01:09 757.94 10.17 77 .89 0
01:10 757.94 10.17 77 1.34 0
01:11 757.94 10.11 77 1.34 0
01:12 758.19 10.11 78 1.34 0
01:13 757.94 10.06 78 1.34 0
01:14 757.94 10.06 78 .89 0
01:15 758.19 10.06 78 .45 0
01:16 758.19 10 78 1.34 0
01:17 757.94 10 78 1.34 0
01:18 757.94 9.94 78 1.34 0
01:19 757.94 9.94 78 1.79 0
01:20 757.94 9.89 78 1.34 0
01:21 757.94 9.89 78 2.68 0
01:22 757.94 9.89 78 2.68 0
01:23 757.94 9.83 78 1.34 0
01:24 757.94 9.83 78 .89 0
01:25 757.94 9.83 78 3.58 0
01:26 757.94 9.78 79 3.13 0
01:27 757.94 9.78 79 1.34 0
01:28 757.94 9.78 79 1.79 0
01:29 757.94 9.72 79 .89 0
01:30 757.94 9.72 79 1.79 0
01:31 757.94 9.72 79 .89 0
01:32 758.19 9.67 79 1.34 0
01:33 758.19 9.67 79 .89 0
01:34 757.94 9.67 79 .89 0
01:35 757.94 9.67 79 1.34 0
01:36 757.94 9.67 79 .89 0
01:37 758.19 9.67 79 1.34 0
01:38 757.94 9.61 79 1.79 0
01:39 758.19 9.56 79 1.34 0
01:40 757.94 9.61 79 1.34 0
01:41 757.94 9.61 79 .89 0
01:42 757.94 9.56 79 .89 0
01:43 757.94 9.5 79 .89 0
01:44 757.94 9.5 79 1.34 0
01:45 757.94 9.5 79 .89 0
01:46 757.94 9.5 79 1.34 0
01:47 757.94 9.44 79 1.34 0
01:48 757.94 9.5 80 1.34 0
01:49 757.94 9.44 80 3.13 0
01:50 757.94 9.5 80 1.34 0
01:51 757.94 9.5 80 1.34 0
01:52 757.94 9.44 80 2.68 0
01:53 757.94 9.44 80 .89 0
01:54 757.94 9.44 80 .89 0
01:55 757.94 9.44 80 .89 0
01:56 757.94 9.44 80 2.68 0
01:57 757.94 9.44 80 2.24 0
01:58 757.94 9.44 80 .89 0
01:59 757.94 9.44 80 1.79 0
02:00 757.94 9.44 80 1.34 0
02:01 757.94 9.44 80 1.34 0
02:02 757.94 9.44 80 1.34 0
02:03 757.94 9.44 80 2.68 0
02:04 757.94 9.44 80 3.13 0
02:05 757.94 9.44 80 1.79 0
02:06 757.94 9.44 80 1.79 0
02:07 757.94 9.44 80 1.34 0
02:08 757.94 9.44 80 1.34 0
02:09 757.94 9.44 80 1.79 0
02:10 757.94 9.44 80 1.79 0
02:11 757.94 9.44 80 1.34 0
02:12 757.94 9.44 80 1.34 0
02:13 757.94 9.44 80 1.34 0
02:14 757.94 9.39 80 1.34 0
02:15 757.94 9.39 80 2.24 0
02:16 757.94 9.39 80 1.79 0
02:17 757.94 9.39 80 3.13 0
02:18 757.94 9.33 80 .89 0
02:19 757.94 9.33 80 .89 0
02:20 757.94 9.33 80 1.34 0
02:21 757.94 9.33 80 1.34 0
02:22 757.94 9.33 80 1.79 0
02:23 757.94 9.33 80 .45 0
02:24 757.94 9.33 80 .89 0
02:25 757.94 9.28 80 .89 0
02:26 757.94 9.28 80 1.34 0
02:27 757.94 9.28 80 .89 0
02:28 757.94 9.28 80 1.34 0
02:29 757.94 9.28 80 1.34 0
02:30 757.94 9.22 80 .89 0
02:31 757.94 9.28 80 1.34 0
02:32 757.94 9.28 80 .89 0
02:33 757.94 9.22 80 1.34 0
02:34 757.94 9.22 80 .45 0
02:35 757.94 9.22 80 .89 0
02:36 757.94 9.17 80 1.34 0
02:37 757.94 9.17 80 1.34 0
02:38 757.94 9.17 80 1.34 0
02:39 757.94 9.06 81 1.34 0
02:40 757.94 9.06 81 1.34 0
02:41 757.94 9.06 81 .89 0
02:42 757.94 9 81 1.34 0
02:43 757.94 9 81 1.34 0
02:44 757.94 8.94 81 1.79 0
02:45 757.94 8.89 81 1.79 0
02:46 757.94 8.89 81 1.34 0
02:47 757.94 8.89 81 .89 0
02:48 757.94 8.89 81 1.34 0
02:49 757.94 8.83 81 1.34 0
02:50 757.94 8.83 81 1.79 0
02:51 757.94 8.83 82 1.79 0
02:52 757.94 8.83 82 .89 0
02:53 757.94 8.83 82 3.13 0
02:54 757.94 8.83 82 1.34 0
02:55 757.94 8.83 82 1.79 0
02:56 757.68 8.83 82 1.34 0
02:57 757.94 8.83 82 .89 0
02:58 757.94 8.78 82 1.79 0
02:59 757.94 8.78 82 1.34 0
03:00 757.94 8.78 82 .89 0
03:01 757.94 8.78 82 1.34 0
03:02 757.94 8.78 82 .89 0
03:03 757.94 8.78 82 1.34 0
03:04 757.94 8.78 82 .89 0
03:05 757.94 8.72 82 1.34 0
03:06 757.94 8.72 82 .89 0
03:07 757.94 8.78 82 1.34 0
03:08 757.94 8.72 82 1.79 0
03:09 757.94 8.72 82 1.34 0
03:10 757.94 8.72 82 .89 0
03:11 757.94 8.72 82 1.34 0
03:12 757.94 8.72 82 1.79 0
03:13 757.94 8.67 82 1.34 0
03:14 757.94 8.67 82 1.79 0
03:15 757.94 8.67 82 1.34 0
03:16 757.94 8.67 82 .89 0
03:17 757.94 8.67 82 1.79 0
03:18 757.94 8.67 82 1.34 0
03:19 757.94 8.67 82 1.34 0
03:20 757.94 8.61 82 .89 0
03:21 757.94 8.61 82 1.34 0
03:22 757.94 8.61 82 1.34 0
03:23 757.94 8.61 82 1.79 0
03:24 757.94 8.56 82 1.34 0
03:25 757.94 8.56 82 .89 0
03:26 757.94 8.5 82 1.79 0
03:27 757.94 8.5 82 1.34 0
03:28 757.94 8.5 82 .89 0
03:29 757.94 8.5 82 .89 0
03:30 757.94 8.44 82 2.68 0
03:31 757.94 8.44 82 .89 0
03:32 757.94 8.44 82 1.34 0
03:33 757.94 8.44 83 1.34 0
03:34 757.94 8.44 82 .89 0
03:35 757.94 8.44 82 1.79 0
03:36 757.94 8.44 83 1.34 0
03:37 757.94 8.44 83 .45 0
03:38 757.94 8.44 82 1.79 0
03:39 757.94 8.44 82 1.79 0
03:40 757.94 8.44 83 1.79 0
03:41 757.94 8.44 83 .89 0
03:42 758.19 8.39 83 1.79 0
03:43 757.94 8.44 83 1.79 0
03:44 757.94 8.33 83 1.79 0
03:45 757.94 8.39 83 3.58 0
03:46 757.94 8.39 83 2.68 0
03:47 757.94 8.39 83 1.34 0
03:48 757.94 8.33 83 1.34 0
03:49 757.94 8.33 83 1.79 0
03:50 757.94 8.33 83 .89 0
03:51 757.94 8.33 83 1.34 0
03:52 757.94 8.28 83 .89 0
03:53 757.94 8.28 83 1.34 0
03:54 757.94 8.28 83 1.34 0
03:55 757.94 8.28 83 .89 0
03:56 757.94 8.28 83 .89 0
03:57 757.94 8.28 83 .89 0
03:58 757.94 8.28 83 1.79 0
03:59 757.94 8.28 83 1.34 0
04:00 758.19 8.28 83 .89 0
04:01 758.19 8.17 83 1.34 0
04:02 757.94 8.17 83 1.34 0
04:03 758.19 8.17 83 .45 0
04:04 758.19 8.17 83 1.79 0
04:05 758.19 8.17 83 .45 0
04:06 758.19 8.17 83 .89 0
04:07 758.19 8.11 83 1.34 0
04:08 758.19 8.11 83 .89 0
04:09 758.19 8.11 83 .89 0
04:10 758.19 8.06 83 .45 0
04:11 758.19 8.06 83 .89 0
04:12 758.19 8.06 83 .89 0
04:13 758.19 8 83 .89 0
04:14 758.19 8 83 .45 0
04:15 758.19 7.94 83 1.34 0
04:16 758.19 7.94 83 1.34 0
04:17 758.19 7.89 84 1.34 0
04:18 758.19 7.89 83 .89 0
04:19 758.19 7.89 84 1.34 0
04:20 758.19 7.83 84 .89 0
04:21 757.94 7.83 84 1.34 0
04:22 758.19 7.83 84 2.68 0
04:23 758.19 7.83 84 .45 0
04:24 758.19 7.83 84 1.79 0
04:25 758.19 7.83 84 .45 0
04:26 758.19 7.78 84 .89 0
04:27 758.19 7.78 84 3.13 0
04:28 758.19 7.72 84 2.68 0
04:29 758.19 7.78 84 1.79 0
04:30 758.19 7.78 84 1.34 0
04:31 758.19 7.72 84 2.24 0
04:32 758.19 7.72 84 1.34 0
04:33 758.19 7.72 84 1.34 0
04:34 758.19 7.72 84 2.68 0
04:35 758.19 7.72 84 1.34 0
04:36 758.19 7.72 84 1.34 0
04:37 758.19 7.72 84 1.34 0
04:38 758.19 7.72 84 .45 0
04:39 758.19 7.72 84 1.34 0
04:40 758.19 7.72 84 .89 0
04:41 758.19 7.72 84 .89 0
04:42 758.19 7.72 84 .45 0
04:43 758.19 7.67 84 1.34 0
04:44 758.19 7.67 84 .45 0
04:45 758.19 7.67 84 1.34 0
04:46 758.19 7.67 84 1.34 0
04:47 758.19 7.67 84 .45 0
04:48 758.19 7.61 84 .45 0
04:49 758.19 7.61 84 0 0
04:50 758.19 7.61 84 0 0
04:51 758.19 7.61 84 1.34 0
04:52 758.19 7.56 84 .89 0
04:53 758.19 7.56 84 .89 0
04:54 758.19 7.56 84 .89 0
04:55 758.19 7.56 84 1.34 0
04:56 758.19 7.56 84 .89 0
04:57 758.19 7.56 84 .89 0
04:58 758.19 7.56 84 .89 0
04:59 758.19 7.56 84 1.34 0
05:00 758.19 7.56 84 1.34 0
05:01 758.19 7.5 85 1.34 0
05:02 758.19 7.5 84 .45 0
05:03 758.19 7.44 84 1.34 0
05:04 758.19 7.44 85 1.34 0
05:05 758.19 7.39 85 .89 0
05:06 758.19 7.44 85 .45 0
05:07 758.19 7.44 85 1.79 0
05:08 758.19 7.39 85 1.79 0
05:09 758.19 7.33 85 .89 0
05:10 758.19 7.39 85 2.24 0
05:11 758.19 7.33 85 1.79 0
05:12 757.94 7.33 85 .45 0
05:13 758.19 7.39 85 1.34 0
05:14 758.19 7.33 85 1.34 0
05:15 758.19 7.33 85 1.79 0
05:16 758.19 7.33 85 2.24 0
05:17 758.19 7.33 85 .89 0
05:18 758.19 7.28 85 .89 0
05:19 758.19 7.28 85 2.24 0
05:20 758.19 7.28 85 1.34 0
05:21 758.19 7.28 85 1.79 0
05:22 758.19 7.28 85 1.34 0
05:23 758.19 7.28 85 1.34 0
05:24 758.19 7.28 85 .89 0
05:25 758.19 7.28 85 1.79 0
05:26 758.19 7.22 85 .89 0
05:27 758.19 7.28 85 3.13 0
05:28 758.19 7.22 85 1.34 0
05:29 758.19 7.22 85 1.34 0
05:30 758.19 7.22 85 2.24 0
05:31 758.19 7.22 85 1.79 0
05:32 758.19 7.22 85 2.68 0
05:33 758.19 7.22 85 2.68 0
05:34 758.19 7.22 85 1.79 0
05:35 758.19 7.22 85 1.34 0
05:36 758.19 7.22 85 1.79 0
05:37 758.19 7.22 85 .89 0
05:38 758.19 7.22 85 .89 0
05:39 758.19 7.22 85 .89 0
05:40 758.19 7.22 85 1.79 0
05:41 758.19 7.22 85 .89 0
05:42 758.19 7.22 85 .89 0
05:43 758.19 7.22 85 1.34 0
05:44 758.19 7.22 85 .89 0
05:45 758.19 7.22 85 .89 0
05:46 758.19 7.22 85 .45 0
05:47 758.19 7.28 85 .45 0
05:48 758.19 7.22 85 .89 0
05:49 758.19 7.22 85 1.34 0
05:50 758.19 7.22 85 .89 0
05:51 758.19 7.22 85 .89 0
05:52 758.19 7.22 85 .45 0
05:53 758.19 7.17 85 1.79 0
05:54 758.19 7.11 85 .89 0
05:55 758.19 7.17 85 1.34 0
05:56 758.19 7.17 85 .89 0
05:57 758.19 7.11 85 .89 0
05:58 758.19 7.11 85 .89 0
05:59 758.19 7.11 85 1.34 0
06:00 758.19 7.06 85 .89 0
06:01 758.19 7.06 85 1.34 0
06:02 758.19 7.11 85 .89 0
06:03 758.19 7.06 85 .89 0
06:04 758.19 7.06 85 .89 0
06:05 758.19 7.06 85 1.34 0
06:06 758.19 7 85 .89 0
06:07 758.19 7 85 .89 0
06:08 758.19 7 85 .89 0
06:09 758.19 6.94 85 1.79 0
06:10 758.19 6.94 85 1.79 0
06:11 758.19 6.94 86 .89 0
06:12 758.19 6.94 86 1.34 0
06:13 758.19 6.89 86 .89 0
06:14 758.19 6.89 86 1.34 0
06:15 758.19 6.83 86 .45 0
06:16 758.19 6.83 85 .89 0
06:17 758.19 6.83 85 1.34 0
06:18 758.19 6.83 86 1.79 0
06:19 758.19 6.83 86 1.79 0
06:20 758.19 6.83 86 1.34 0
06:21 758.19 6.83 86 .89 0
06:22 758.19 6.83 86 1.34 0
06:23 758.19 6.83 86 .89 0
06:24 758.19 6.78 86 2.68 0
06:25 758.19 6.78 86 0 0
06:26 758.19 6.72 86 .89 0
06:27 758.19 6.72 86 .89 0
06:28 758.19 6.72 86 1.79 0
06:29 758.19 6.72 86 2.24 0
06:30 758.19 6.67 86 1.34 0
06:31 758.19 6.67 86 1.34 0
06:32 758.19 6.67 86 3.58 0
06:33 758.19 6.72 86 1.79 0
06:34 758.19 6.67 86 3.13 0
06:35 758.19 6.67 86 1.34 0
06:36 758.19 6.67 86 1.79 0
06:37 758.19 6.67 86 2.68 0
06:38 758.19 6.72 86 1.79 0
06:39 758.19 6.72 86 1.34 0
06:40 758.19 6.67 86 3.13 0
06:41 758.19 6.67 86 2.24 0
06:42 758.19 6.72 86 2.24 0
06:43 758.19 6.78 86 3.13 0
06:44 758.19 6.78 86 1.34 0
06:45 758.19 6.83 86 3.13 0
06:46 758.19 6.83 86 1.34 0
06:47 758.19 6.83 86 2.68 0
06:48 758.19 6.89 86 1.34 0
06:49 758.19 6.89 86 2.68 0
06:50 758.19 6.94 86 2.24 0
06:51 758.19 6.94 86 1.34 0
06:52 758.19 6.94 86 1.79 0
06:53 758.19 6.94 86 3.58 0
06:54 758.19 6.94 86 3.58 0
06:55 758.19 6.94 86 1.79 0
06:56 758.19 6.94 85 1.79 0
06:57 758.19 6.94 85 1.34 0
06:58 758.19 7 85 .89 0
06:59 758.19 7 85 1.34 0
07:00 758.19 7 85 1.34 0
07:01 758.19 7 85 1.79 0
07:02 758.19 7 85 3.13 0
07:03 758.44 7 85 1.34 0
07:04 758.19 7 85 3.13 0
07:05 758.19 7.06 85 1.34 0
07:06 758.19 7.06 85 1.34 0
07:07 758.19 7.11 85 1.34 0
07:08 758.19 7.11 85 .89 0
07:09 758.19 7.11 85 1.34 0
07:10 758.19 7.11 85 1.79 0
07:11 758.19 7.06 85 1.34 0
07:12 758.19 7.11 85 2.68 0
07:13 758.19 7.11 85 2.68 0
07:14 758.19 7.06 85 1.79 0
07:15 758.19 7.06 85 1.34 0
07:16 758.19 7.06 85 1.34 0
07:17 758.19 7.06 85 .89 0
07:18 758.44 7.06 85 1.34 0
07:19 758.44 7.06 85 .89 0
07:20 758.44 7.11 85 1.34 0
07:21 758.44 7.11 85 1.34 0
07:22 758.44 7.11 85 1.34 0
07:23 758.19 7.11 85 1.34 0
07:24 758.44 7.11 85 1.79 0
07:25 758.44 7.06 85 1.34 0
07:26 758.44 7.11 85 1.34 0
07:27 758.44 7.06 85 1.79 0
07:28 758.44 7.11 85 .89 0
07:29 758.44 7.11 85 1.34 0
07:30 758.44 7.11 85 1.79 0
07:31 758.44 7.11 85 .89 0
07:32 758.19 7.11 85 1.34 0
07:33 758.44 7.11 85 .89 0
07:34 758.44 7.11 85 1.34 0
07:35 758.44 7.11 85 1.34 0
07:36 758.44 7.17 85 .89 0
07:37 758.44 7.17 85 .89 0
07:38 758.44 7.17 85 .89 0
07:39 758.44 7.17 85 .45 0
07:40 758.44 7.17 85 1.34 0
07:41 758.44 7.22 84 .89 0
07:42 758.44 7.22 84 .89 0
07:43 758.44 7.22 84 1.79 0
07:44 758.44 7.22 84 1.79 0
07:45 758.44 7.22 84 .89 0
07:46 758.44 7.28 84 .89 0
07:47 758.44 7.28 84 1.79 0
07:48 758.44 7.28 84 1.79 0
07:49 758.44 7.33 84 .89 0
07:50 758.44 7.28 84 1.79 0
07:51 758.44 7.33 84 1.34 0
07:52 758.44 7.33 84 .89 0
07:53 758.44 7.33 84 1.34 0
07:54 758.44 7.39 84 .89 0
07:55 758.44 7.39 84 1.34 0
07:56 758.44 7.44 84 .89 0
07:57 758.44 7.44 84 .45 0
07:58 758.44 7.5 84 1.79 0
07:59 758.44 7.56 84 1.34 0
08:00 758.44 7.56 84 1.79 0
08:01 758.44 7.56 83 .89 0
08:02 758.44 7.61 84 .45 0
08:03 758.44 7.61 84 .89 0
08:04 758.44 7.61 84 2.24 0
08:05 758.44 7.67 83 2.24 0
08:06 758.44 7.67 83 1.79 0
08:07 758.44 7.67 83 1.79 0
08:08 758.44 7.72 83 .45 0
08:09 758.44 7.72 83 1.79 0
08:10 758.44 7.78 83 2.24 0
08:11 758.44 7.78 83 1.34 0
08:12 758.44 7.78 83 1.34 0
08:13 758.44 7.78 83 1.79 0
08:14 758.44 7.83 83 .89 0
08:15 758.44 7.83 82 2.24 0
08:16 758.44 7.89 82 1.79 0
08:17 758.44 7.89 82 1.34 0
08:18 758.44 7.89 83 1.79 0
08:19 758.44 8 82 3.13 0
08:20 758.44 8 82 2.68 0
08:21 758.44 8 82 1.79 0
08:22 758.44 8 82 1.79 0
08:23 758.44 8.06 82 1.34 0
08:24 758.44 8.06 82 2.24 0
08:25 758.44 8.06 82 2.24 0
08:26 758.44 8.11 82 3.13 0
08:27 758.44 8.11 81 .89 0
08:28 758.44 8.17 82 2.24 0
08:29 758.44 8.17 81 1.34 0
08:30 758.44 8.22 81 .89 0
08:31 758.44 8.28 82 .89 0
08:32 758.44 8.28 81 .89 0
08:33 758.44 8.33 82 1.79 0
08:34 758.44 8.39 82 2.68 0
08:35 758.44 8.39 81 3.13 0
08:36 758.44 8.44 81 2.68 0
08:37 758.44 8.44 81 1.34 0
08:38 758.44 8.5 81 .45 0
08:39 758.44 8.56 81 1.34 0
08:40 758.44 8.56 81 .89 0
08:41 758.44 8.61 81 2.24 0
08:42 758.44 8.61 80 .89 0
08:43 758.44 8.67 80 1.34 0
08:44 758.44 8.72 80 1.34 0
08:45 758.44 8.72 80 3.13 0
08:46 758.44 8.78 80 3.13 0
08:47 758.44 8.78 80 .89 0
08:48 758.44 8.83 80 1.34 0
08:49 758.44 8.83 80 1.34 0
08:50 758.44 8.89 80 .45 0
08:51 758.44 8.94 80 2.24 0
08:52 758.44 9 79 2.68 0
08:53 758.44 9 79 2.24 0
08:54 758.44 9.06 79 1.34 0
08:55 758.44 9 79 1.79 0
08:56 758.44 9.06 79 2.68 0
08:57 758.44 9.06 79 1.34 0
08:58 758.44 9.11 79 1.34 0
08:59 758.44 9.17 79 1.79 0
09:00 758.44 9.22 79 2.24 0
09:01 758.44 9.28 79 .89 0
09:02 758.44 9.33 78 3.13 0
09:03 758.44 9.33 78 1.79 0
09:04 758.44 9.33 78 1.79 0
09:05 758.44 9.39 78 .89 0
09:06 758.44 9.44 78 3.58 0
09:07 758.44 9.5 77 1.79 0
09:08 758.44 9.5 77 1.79 0
09:09 758.44 9.56 77 .89 0
09:10 758.44 9.61 77 0 0
09:11 758.44 9.67 78 1.79 0
09:12 758.44 9.72 78 3.58 0
09:13 758.44 9.78 77 .89 0
09:14 758.44 9.83 77 3.58 0
09:15 758.44 9.89 76 2.68 0
09:16 758.44 9.89 76 2.24 0
09:17 758.19 9.94 76 .89 0
09:18 758.44 10 76 3.13 0
09:19 758.44 10.06 75 .89 0
09:20 758.44 10.06 75 1.79 0
09:21 758.44 10.17 75 2.68 0
09:22 758.44 10.22 75 4.02 0
09:23 758.44 10.28 74 2.24 0
09:24 758.44 10.28 74 1.34 0
09:25 758.44 10.33 74 2.24 0
09:26 758.44 10.39 74 1.34 0
09:27 758.44 10.5 74 1.34 0
09:28 758.44 10.5 74 2.68 0
09:29 758.44 10.56 74 3.13 0
09:30 758.44 10.67 73 .89 0
09:31 758.44 10.67 73 3.58 0
09:32 758.44 10.78 73 2.24 0
09:33 758.44 10.78 73 1.34 0
09:34 758.44 10.89 73 3.13 0
09:35 758.44 10.94 73 3.13 0
09:36 758.44 11 72 .89 0
09:37 758.44 11.06 72 2.24 0
09:38 758.44 11.06 72 .89 0
09:39 758.44 11.17 72 1.79 0
09:40 758.44 11.22 72 2.24 0
09:41 758.44 11.28 71 1.34 0
09:42 758.44 11.33 71 1.79 0
09:43 758.44 11.39 71 1.34 0
09:44 758.44 11.44 71 .89 0
09:45 758.44 11.44 71 2.24 0
09:46 758.44 11.56 71 3.13 0
09:47 758.44 11.56 71 .89 0
09:48 758.44 11.67 71 1.79 0
09:49 758.44 11.67 70 .45 0
09:50 758.44 11.78 70 .89 0
09:51 758.44 11.83 70 1.34 0
09:52 758.44 11.94 70 .45 0
09:53 758.44 12 70 2.68 0
09:54 758.44 12.11 69 .45 0
09:55 758.44 12.22 69 3.58 0
09:56 758.44 12.28 68 1.34 0
09:57 758.44 12.33 68 1.34 0
09:58 758.44 12.33 67 .89 0
09:59 758.44 12.39 67 3.58 0
10:00 758.44 12.39 67 2.68 0
10:01 758.44 12.44 66 2.24 0
10:02 758.44 12.44 66 .89 0
10:03 758.44 12.44 66 2.24 0
10:04 758.44 12.5 67 .89 0
10:05 758.44 12.56 67 .89 0
10:06 758.44 12.61 67 .45 0
10:07 758.44 12.67 67 .45 0
10:08 758.44 12.72 67 .89 0
10:09 758.44 12.78 67 .89 0
10:10 758.44 12.94 66 1.34 0
10:11 758.44 12.94 66 .89 0
10:12 758.44 13.06 65 .89 0
10:13 758.44 13.06 65 .45 0
10:14 758.44 13.17 65 1.79 0
10:15 758.44 13.22 65 0 0
10:16 758.44 13.28 65 1.34 0
10:17 758.44 13.33 64 1.34 0
10:18 758.44 13.44 65 .45 0
10:19 758.44 13.5 65 .89 0
10:20 758.44 13.61 64 .89 0
10:21 758.44 13.67 63 .45 0
10:22 758.44 13.72 63 1.79 0
10:23 758.44 13.78 62 4.47 0
10:24 758.44 13.78 61 2.24 0
10:25 758.44 13.72 61 3.13 0
10:26 758.44 13.67 62 .89 0
10:27 758.44 13.67 62 .89 0
10:28 758.44 13.67 62 1.79 0
10:29 758.44 13.72 63 2.24 0
10:30 758.44 13.78 62 1.79 0
10:31 758.44 13.83 62 .45 0
10:32 758.44 13.89 61 .45 0
10:33 758.44 14 61 .45 0
10:34 758.44 14.06 62 .45 0
10:35 758.44 14.11 61 2.24 0
10:36 758.44 14.22 60 2.68 0
10:37 758.44 14.22 60 2.24 0
10:38 758.44 14.22 60 .45 0
10:39 758.44 14.28 60 1.34 0
10:40 758.44 14.28 60 1.79 0
10:41 758.44 14.33 60 1.79 0
10:42 758.44 14.39 60 2.68 0
10:43 758.44 14.39 60 2.68 0
10:44 758.44 14.39 60 2.24 0
10:45 758.44 14.39 60 1.79 0
10:46 758.44 14.44 60 .89 0
10:47 758.44 14.44 60 1.79 0
10:48 758.44 14.5 60 1.34 0
10:49 758.44 14.61 60 .89 0
10:50 758.44 14.67 60 .89 0
10:51 758.44 14.78 60 1.79 0
10:52 758.44 14.83 59 1.79 0
10:53 758.44 14.89 59 .45 0
10:54 758.44 14.94 62 .45 0
10:55 758.44 15.06 61 .45 0
10:56 758.44 15.11 61 2.24 0
10:57 758.44 15.11 60 1.34 0
10:58 758.44 15.11 59 1.79 0
10:59 758.44 15.11 60 3.58 0
11:00 758.44 15.06 60 .89 0
11:01 758.44 15.06 60 1.79 0
11:02 758.44 15.11 60 1.79 0
11:03 758.44 15.11 60 .89 0
11:04 758.44 15.17 60 1.34 0
11:05 758.44 15.22 60 .89 0
11:06 758.44 15.28 60 3.13 0
11:07 758.44 15.33 59 1.34 0
11:08 758.44 15.39 59 3.13 0
11:09 758.44 15.44 59 1.34 0
11:10 758.44 15.5 59 3.13 0
11:11 758.44 15.56 59 1.79 0
11:12 758.44 15.56 59 1.34 0
11:13 758.44 15.56 59 2.24 0
11:14 758.19 15.56 58 1.79 0
11:15 758.19 15.61 58 1.34 0
11:16 758.19 15.67 58 4.92 0
11:17 758.19 15.67 57 4.02 0
11:18 758.19 15.67 57 3.58 0
11:19 758.19 15.67 57 1.34 0
11:20 758.19 15.72 57 3.58 0
11:21 758.19 15.72 57 3.13 0
11:22 758.19 15.83 57 3.58 0
11:23 758.19 15.83 57 5.36 0
11:24 758.19 15.89 57 2.68 0
11:25 758.19 15.89 57 1.34 0
11:26 758.19 15.89 57 1.34 0
11:27 758.19 15.94 57 3.58 0
11:28 758.19 15.94 57 3.58 0
11:29 758.19 16 57 .89 0
11:30 758.19 16.11 57 3.58 0
11:31 758.19 16.17 57 .89 0
11:32 758.19 16.28 57 2.68 0
11:33 758.19 16.33 57 1.79 0
11:34 758.19 16.39 57 1.34 0
11:35 758.19 16.44 56 1.79 0
11:36 758.19 16.44 56 2.68 0
11:37 758.19 16.5 56 2.24 0
11:38 758.19 16.56 57 1.34 0
11:39 758.19 16.67 55 2.68 0
11:40 758.19 16.67 55 3.58 0
11:41 758.19 16.72 55 4.02 0
11:42 758.19 16.72 55 2.24 0
11:43 758.19 16.78 55 4.02 0
11:44 758.19 16.78 54 .89 0
11:45 758.19 16.83 54 2.24 0
11:46 758.19 16.83 53 4.02 0
11:47 758.19 16.83 53 4.02 0
11:48 758.19 16.78 53 4.92 0
11:49 758.19 16.72 53 4.47 0
11:50 758.19 16.78 53 3.13 0
11:51 758.19 16.72 54 3.58 0
11:52 758.19 16.78 54 1.79 0
11:53 758.19 16.78 53 4.02 0
11:54 758.19 16.78 53 4.92 0
11:55 758.19 16.83 53 2.68 0
11:56 758.19 16.89 53 3.13 0
11:57 758.19 16.89 52 .45 0
11:58 758.19 16.94 52 3.13 0
11:59 758.19 16.94 52 3.58 0
12:00 758.19 16.94 52 2.24 0
12:01 758.19 16.94 52 4.02 0
12:02 758.19 17 52 5.36 0
12:03 758.19 17 52 3.58 0
12:04 758.19 17.06 51 2.68 0
12:05 758.19 17.17 51 4.02 0
12:06 758.19 17.17 51 4.02 0
12:07 758.19 17.17 51 1.34 0
12:08 758.19 17.22 52 2.68 0
12:09 758.19 17.28 52 4.92 0
12:10 758.19 17.33 51 2.24 0
12:11 758.19 17.39 51 4.47 0
12:12 758.19 17.44 51 3.58 0
12:13 758.19 17.44 51 1.34 0
12:14 758.19 17.5 52 .89 0
12:15 757.94 17.56 51 .89 0
12:16 758.19 17.61 52 5.36 0
12:17 757.94 17.61 51 3.58 0
12:18 758.19 17.61 50 2.68 0
12:19 757.94 17.61 50 2.68 0
12:20 757.94 17.61 51 .89 0
12:21 757.94 17.67 51 2.24 0
12:22 757.94 17.72 50 4.47 0
12:23 757.94 17.78 49 2.24 0
12:24 757.94 17.78 49 2.24 0
12:25 757.94 17.83 50 4.92 0
12:26 757.94 17.78 49 4.02 0
12:27 757.94 17.78 49 2.68 0
12:28 757.94 17.78 50 1.79 0
12:29 757.94 17.78 50 1.79 0
12:30 757.94 17.83 49 4.47 0
12:31 757.94 17.89 49 3.58 0
12:32 757.94 17.89 49 2.68 0
12:33 757.94 17.89 49 2.24 0
12:34 757.94 17.89 49 4.92 0
12:35 757.94 17.94 48 1.79 0
12:36 757.94 17.94 48 5.81 0
12:37 757.94 17.94 48 4.92 0
12:38 757.94 17.94 48 4.47 0
12:39 757.94 18 48 4.02 0
12:40 757.94 18.06 47 4.92 0
12:41 757.94 18.06 47 4.02 0
12:42 757.94 18.06 47 5.36 0
12:43 757.94 18.06 47 1.34 0
12:44 757.94 18.06 47 3.58 0
12:45 757.94 18.11 47 2.24 0
12:46 757.94 18.17 48 1.34 0
12:47 757.94 18.22 48 .89 0
12:48 757.94 18.22 47 3.13 0
12:49 757.94 18.28 47 5.36 0
12:50 757.94 18.39 47 1.79 0
12:51 757.94 18.44 47 .45 0
12:52 757.94 18.56 47 4.47 0
12:53 757.94 18.61 46 4.47 0
12:54 757.94 18.61 45 4.02 0
12:55 757.94 18.61 45 3.13 0
12:56 757.94 18.56 45 3.58 0
12:57 757.94 18.56 46 6.71 0
12:58 757.94 18.56 46 2.68 0
12:59 757.68 18.56 46 5.36 0
13:00 757.68 18.56 45 5.81 0
13:01 757.68 18.56 45 5.36 0
13:02 757.68 18.5 45 5.36 0
13:03 757.68 18.5 45 3.58 0
13:04 757.68 18.5 46 5.81 0
13:05 757.68 18.5 45 4.02 0
13:06 757.68 18.5 46 3.58 0
13:07 757.68 18.56 46 3.58 0
13:08 757.68 18.5 46 3.58 0
13:09 757.68 18.5 46 2.68 0
13:10 757.68 18.56 46 2.68 0
13:11 757.68 18.61 47 6.71 0
13:12 757.68 18.67 46 5.81 0
13:13 757.68 18.67 46 3.58 0
13:14 757.68 18.67 46 1.79 0
13:15 757.68 18.72 45 3.13 0
13:16 757.68 18.78 46 1.79 0
13:17 757.68 18.78 45 4.47 0
13:18 757.68 18.78 45 1.79 0
13:19 757.68 18.78 45 1.79 0
13:20 757.68 18.89 45 7.15 0
13:21 757.68 18.89 44 6.71 0
13:22 757.68 18.94 43 4.47 0
13:23 757.68 18.94 43 4.47 0
13:24 757.68 18.83 42 4.92 0
13:25 757.68 18.83 42 6.71 0
13:26 757.68 18.78 42 3.58 0
13:27 757.68 18.72 42 5.36 0
13:28 757.68 18.67 42 7.15 0
13:29 757.68 18.67 42 6.26 0
13:30 757.68 18.61 41 2.68 0
13:31 757.68 18.56 42 4.02 0
13:32 757.68 18.61 42 4.47 0
13:33 757.68 18.61 42 2.24 0
13:34 757.68 18.67 42 5.36 0
13:35 757.94 18.67 42 2.24 0
13:36 757.94 18.67 42 2.24 0
13:37 757.94 18.72 42 4.92 0
13:38 757.94 18.78 42 3.13 0
13:39 757.68 18.78 42 5.36 0
13:40 757.68 18.78 42 5.36 0
13:41 757.68 18.78 42 2.68 0
13:42 757.68 18.78 42 4.02 0
13:43 757.68 18.78 42 .45 0
13:44 757.68 18.89 43 2.24 0
13:45 757.68 18.94 43 1.79 0
13:46 757.68 19.06 42 1.34 0
13:47 757.68 19.11 42 2.24 0
13:48 757.68 19.17 42 1.34 0
13:49 757.68 19.22 42 3.13 0
13:50 757.68 19.28 42 2.24 0
13:51 757.94 19.28 42 4.02 0
13:52 757.68 19.33 42 6.26 0
13:53 757.68 19.33 42 3.13 0
13:54 757.68 19.28 41 3.58 0
13:55 757.68 19.22 41 3.13 0
13:56 757.68 19.17 41 8.94 0
13:57 757.68 19.17 41 4.02 0
13:58 757.68 19.17 42 1.34 0
13:59 757.68 19.17 42 3.58 0
14:00 757.68 19.17 41 4.47 0
14:01 757.68 19.17 41 5.81 0
14:02 757.68 19.11 42 3.58 0
14:03 757.68 19.11 41 1.79 0
14:04 757.68 19.06 42 2.24 0
14:05 757.68 19.11 42 1.79 0
14:06 757.68 19.11 42 4.47 0
14:07 757.68 19.11 42 1.34 0
14:08 757.68 19.17 42 6.71 0
14:09 757.68 19.17 42 5.36 0
14:10 757.68 19.11 42 4.02 0
14:11 757.68 19.11 42 2.24 0
14:12 757.68 19.11 42 5.36 0
14:13 757.68 19.11 42 .89 0
14:14 757.68 19.11 43 1.79 0
14:15 757.68 19.17 43 1.34 0
14:16 757.68 19.22 43 1.34 0
14:17 757.68 19.28 42 5.81 0
14:18 757.68 19.33 42 1.79 0
14:19 757.68 19.39 42 5.81 0
14:20 757.68 19.33 41 2.68 0
14:21 757.68 19.33 41 1.79 0
14:22 757.68 19.39 42 3.13 0
14:23 757.68 19.39 42 3.58 0
14:24 757.68 19.39 41 6.26 0
14:25 757.43 19.39 41 4.92 0
14:26 757.68 19.33 41 2.68 0
14:27 757.68 19.33 41 2.68 0
14:28 757.43 19.33 41 4.02 0
14:29 757.43 19.39 41 5.36 0
14:30 757.68 19.39 41 2.24 0
14:31 757.68 19.39 41 2.24 0
14:32 757.68 19.33 41 4.47 0
14:33 757.68 19.33 41 5.36 0
14:34 757.43 19.28 41 4.47 0
14:35 757.43 19.28 41 4.02 0
14:36 757.68 19.28 41 2.24 0
14:37 757.43 19.28 41 2.68 0
14:38 757.43 19.28 42 4.47 0
14:39 757.43 19.33 41 2.24 0
14:40 757.43 19.33 41 2.68 0
14:41 757.43 19.39 41 3.58 0
14:42 757.43 19.39 41 2.24 0
14:43 757.43 19.39 41 2.68 0
14:44 757.43 19.44 41 4.92 0
14:45 757.43 19.44 41 .89 0
14:46 757.43 19.5 40 4.92 0
14:47 757.43 19.44 40 5.36 0
14:48 757.43 19.44 40 5.81 0
14:49 757.43 19.39 39 5.36 0
14:50 757.43 19.33 40 4.02 0
14:51 757.43 19.33 40 5.81 0
14:52 757.43 19.33 40 1.79 0
14:53 757.43 19.33 40 4.92 0
14:54 757.43 19.33 40 4.92 0
14:55 757.43 19.28 40 5.36 0
14:56 757.43 19.28 40 1.34 0
14:57 757.43 19.33 40 2.68 0
14:58 757.43 19.33 41 4.02 0
14:59 757.43 19.39 40 2.24 0
15:00 757.43 19.33 41 3.58 0
15:01 757.43 19.39 41 4.92 0
15:02 757.43 19.33 40 2.68 0
15:03 757.43 19.33 41 4.47 0
15:04 757.43 19.39 40 4.47 0
15:05 757.43 19.33 40 3.13 0
15:06 757.43 19.28 40 1.34 0
15:07 757.43 19.28 40 3.13 0
15:08 757.43 19.22 40 1.79 0
15:09 757.43 19.22 41 1.34 0
15:10 757.43 19.22 41 2.68 0
15:11 757.43 19.28 41 4.92 0
15:12 757.43 19.28 40 4.92 0
15:13 757.43 19.28 40 1.79 0
15:14 757.43 19.33 40 4.92 0
15:15 757.43 19.28 40 5.81 0
15:16 757.43 19.22 39 4.47 0
15:17 757.43 19.22 39 2.68 0
15:18 757.43 19.22 39 5.81 0
15:19 757.43 19.17 39 3.58 0
15:20 757.43 19.11 39 3.58 0
15:21 757.43 19.11 39 2.24 0
15:22 757.43 19.11 40 5.36 0
15:23 757.43 19.11 40 4.02 0
15:24 757.43 19.11 40 1.34 0
15:25 757.43 19.11 40 3.58 0
15:26 757.43 19.06 40 4.47 0
15:27 757.43 19.06 40 3.58 0
15:28 757.43 19.06 40 4.47 0
15:29 757.43 19 40 .89 0
15:30 757.43 19 40 4.02 0
15:31 757.43 18.94 40 7.15 0
15:32 757.43 18.89 39 8.05 0
15:33 757.43 18.89 40 4.47 0
15:34 757.43 18.83 40 2.24 0
15:35 757.43 18.83 40 2.24 0
15:36 757.43 18.78 40 4.02 0
15:37 757.43 18.78 40 3.58 0
15:38 757.43 18.78 40 3.58 0
15:39 757.43 18.78 40 1.79 0
15:40 757.43 18.78 40 2.68 0
15:41 757.43 18.78 40 4.02 0
15:42 757.43 18.78 39 1.79 0
15:43 757.43 18.78 40 3.58 0
15:44 757.43 18.78 40 4.02 0
15:45 757.43 18.78 40 .45 0
15:46 757.43 18.78 39 1.79 0
15:47 757.43 18.78 40 3.13 0
15:48 757.43 18.78 40 3.13 0
15:49 757.43 18.78 40 3.58 0
15:50 757.43 18.78 40 4.47 0
15:51 757.68 18.72 40 4.02 0
15:52 757.68 18.78 40 2.24 0
15:53 757.68 18.72 40 3.13 0
15:54 757.68 18.67 41 1.79 0
15:55 757.68 18.72 41 4.02 0
15:56 757.68 18.67 41 4.02 0
15:57 757.68 18.61 41 1.79 0
15:58 757.68 18.61 41 4.02 0
15:59 757.68 18.61 41 4.92 0
16:00 757.68 18.56 41 2.68 0
16:01 757.68 18.56 41 1.79 0
16:02 757.68 18.5 42 5.36 0
16:03 757.68 18.5 41 6.26 0
16:04 757.68 18.44 42 4.02 0
16:05 757.68 18.39 42 3.13 0
16:06 757.68 18.39 42 3.58 0
16:07 757.68 18.39 42 3.58 0
16:08 757.68 18.39 42 3.58 0
16:09 757.68 18.33 42 3.13 0
16:10 757.68 18.33 42 3.13 0
16:11 757.68 18.28 42 2.24 0
16:12 757.68 18.28 42 3.13 0
16:13 757.68 18.28 43 .89 0
16:14 757.68 18.28 43 2.24 0
16:15 757.68 18.22 43 2.24 0
16:16 757.68 18.22 43 4.92 0
16:17 757.68 18.22 43 3.58 0
16:18 757.68 18.17 43 4.02 0
16:19 757.68 18.17 43 3.58 0
16:20 757.68 18.11 43 4.02 0
16:21 757.68 18.11 43 3.13 0
16:22 757.94 18.11 43 3.13 0
16:23 757.68 18.06 43 2.24 0
16:24 757.94 18.06 43 1.79 0
16:25 757.94 18.06 43 4.02 0
16:26 757.94 18.06 43 1.34 0
16:27 757.94 18 43 2.24 0
16:28 757.94 18 43 2.24 0
16:29 757.94 18 43 1.79 0
16:30 757.94 17.94 44 1.79 0
16:31 757.94 17.94 44 1.79 0
16:32 757.94 17.89 44 2.24 0
16:33 757.94 17.89 44 4.02 0
16:34 757.94 17.89 44 .89 0
16:35 757.94 17.89 44 .45 0
16:36 757.94 17.83 44 3.13 0
16:37 757.94 17.78 44 2.24 0
16:38 757.94 17.78 44 1.34 0
16:39 757.94 17.78 44 2.24 0
16:40 757.94 17.72 44 1.34 0
16:41 757.94 17.72 45 1.79 0
16:42 757.94 17.72 45 2.24 0
16:43 757.68 17.67 45 1.79 0
16:44 757.94 17.61 45 3.13 0
16:45 757.94 17.61 46 1.34 0
16:46 757.94 17.56 46 1.79 0
16:47 757.68 17.56 46 0 0
16:48 757.68 17.5 46 1.79 0
16:49 757.68 17.5 46 1.79 0
16:50 757.68 17.44 46 1.34 0
16:51 757.68 17.44 46 1.79 0
16:52 757.68 17.39 46 1.34 0
16:53 757.68 17.33 47 1.34 0
16:54 757.68 17.33 47 1.79 0
16:55 757.68 17.33 47 1.79 0
16:56 757.68 17.28 47 1.79 0
16:57 757.94 17.28 47 .89 0
16:58 757.94 17.28 48 1.34 0
16:59 757.94 17.22 47 2.24 0
17:00 757.94 17.17 47 1.34 0
17:01 757.94 17.17 48 1.79 0
17:02 757.94 17.11 48 1.34 0
17:03 757.94 17.06 48 .89 0
17:04 757.94 17.06 48 1.34 0
17:05 757.94 17 48 .89 0
17:06 757.94 17 48 1.34 0
17:07 757.68 16.94 48 .89 0
17:08 757.94 16.94 49 .89 0
17:09 757.68 16.89 49 .89 0
17:10 757.68 16.89 49 1.79 0
17:11 757.68 16.83 49 1.34 0
17:12 757.68 16.83 49 1.34 0
17:13 757.68 16.78 50 1.34 0
17:14 757.68 16.78 50 1.34 0
17:15 757.68 16.72 50 .89 0
17:16 757.68 16.72 50 2.24 0
17:17 757.94 16.67 50 1.79 0
17:18 757.68 16.61 50 2.24 0
17:19 757.68 16.61 50 1.79 0
17:20 757.68 16.56 50 2.24 0
17:21 757.68 16.56 51 1.79 0
17:22 757.68 16.56 51 1.79 0
17:23 757.68 16.5 51 1.79 0
17:24 757.68 16.44 51 1.34 0
17:25 757.68 16.44 51 .89 0
17:26 757.68 16.44 51 2.24 0
17:27 757.68 16.33 52 2.24 0
17:28 757.68 16.33 52 1.79 0
17:29 757.68 16.33 52 2.24 0
17:30 757.68 16.28 52 2.68 0
17:31 757.68 16.28 52 1.79 0
17:32 757.68 16.22 52 3.13 0
17:33 757.68 16.22 52 1.79 0
17:34 757.68 16.17 52 3.13 0
17:35 757.68 16.17 52 2.24 0
17:36 757.68 16.11 53 1.34 0
17:37 757.68 16.11 53 3.13 0
17:38 757.68 16.06 53 1.34 0
17:39 757.68 16.06 53 1.79 0
17:40 757.68 16 53 4.02 0
17:41 757.68 15.94 54 1.79 0
17:42 757.68 15.94 54 1.79 0
17:43 757.68 15.94 54 1.79 0
17:44 757.68 15.89 54 1.34 0
17:45 757.68 15.83 54 1.79 0
17:46 757.68 15.83 55 1.34 0
17:47 757.68 15.83 55 2.24 0
17:48 757.68 15.78 55 1.34 0
17:49 757.68 15.78 56 1.79 0
17:50 757.68 15.72 56 1.79 0
17:51 757.68 15.72 56 1.79 0
17:52 757.68 15.67 56 1.79 0
17:53 757.68 15.67 56 2.24 0
17:54 757.68 15.67 57 4.47 0
17:55 757.68 15.67 57 2.24 0
17:56 757.68 15.61 57 .89 0
17:57 757.68 15.56 57 1.34 0
17:58 757.68 15.56 57 2.24 0
17:59 757.68 15.56 57 2.24 0
18:00 757.68 15.5 57 3.13 0
18:01 757.68 15.44 58 2.68 0
18:02 757.68 15.44 58 3.58 0
18:03 757.68 15.44 58 2.68 0
18:04 757.68 15.39 58 1.79 0
18:05 757.68 15.39 58 2.24 0
18:06 757.68 15.39 59 3.13 0
18:07 757.68 15.33 59 3.58 0
18:08 757.68 15.33 59 2.68 0
18:09 757.68 15.33 59 3.13 0
18:10 757.68 15.33 59 3.13 0
18:11 757.68 15.33 59 3.58 0
18:12 757.68 15.28 59 4.02 0
18:13 757.68 15.28 59 2.68 0
18:14 757.68 15.33 59 3.58 0
18:15 757.68 15.28 59 3.13 0
18:16 757.68 15.28 59 2.24 0
18:17 757.68 15.28 59 2.24 0
18:18 757.68 15.28 59 .89 0
18:19 757.68 15.28 59 3.13 0
18:20 757.68 15.28 59 2.24 0
18:21 757.68 15.22 59 1.79 0
18:22 757.68 15.28 59 2.24 0
18:23 757.94 15.22 59 3.58 0
18:24 757.94 15.28 59 1.79 0
18:25 757.94 15.22 59 1.79 0
18:26 757.94 15.22 59 2.24 0
18:27 757.94 15.22 59 2.24 0
18:28 757.94 15.22 59 1.79 0
18:29 757.94 15.22 59 1.79 0
18:30 757.94 15.22 59 2.68 0
18:31 757.94 15.22 59 2.24 0
18:32 757.94 15.22 59 1.79 0
18:33 757.94 15.17 60 2.24 0
18:34 757.94 15.17 60 3.13 0
18:35 757.94 15.17 60 1.34 0
18:36 757.94 15.17 60 1.79 0
18:37 757.94 15.17 60 2.68 0
18:38 757.94 15.17 60 1.34 0
18:39 757.94 15.11 60 1.34 0
18:40 757.94 15.17 60 3.13 0
18:41 757.94 15.11 60 1.34 0
18:42 757.94 15.11 60 .89 0
18:43 757.94 15.11 60 2.24 0
18:44 757.94 15.06 60 2.24 0
18:45 757.94 15.06 60 2.24 0
18:46 757.94 15.06 60 1.34 0
18:47 757.94 15.06 61 1.79 0
18:48 757.94 15 60 1.34 0
18:49 757.94 15 61 1.34 0
18:50 757.94 14.94 60 1.34 0
18:51 757.94 14.94 61 1.34 0
18:52 757.94 14.89 61 1.34 0
18:53 757.94 14.89 61 1.34 0
18:54 758.19 14.83 61 1.79 0
18:55 757.94 14.83 61 2.24 0
18:56 757.94 14.83 61 1.34 0
18:57 758.19 14.83 61 1.79 0
18:58 757.94 14.78 61 1.34 0
18:59 757.94 14.78 61 1.79 0
19:00 757.94 14.78 61 2.24 0
19:01 757.94 14.72 61 2.24 0
19:02 758.19 14.72 62 1.79 0
19:03 758.19 14.67 62 1.79 0
19:04 757.94 14.67 62 1.34 0
19:05 757.94 14.67 62 1.34 0
19:06 758.19 14.61 62 1.79 0
19:07 757.94 14.61 62 1.34 0
19:08 757.94 14.56 62 1.79 0
19:09 757.94 14.56 62 1.79 0
19:10 757.94 14.5 62 2.24 0
19:11 757.94 14.5 63 3.13 0
19:12 757.94 14.44 63 2.24 0
19:13 757.94 14.39 63 1.79 0
19:14 757.94 14.39 63 1.79 0
19:15 757.94 14.33 63 2.24 0
19:16 758.19 14.39 63 1.79 0
19:17 757.94 14.39 63 3.13 0
19:18 757.94 14.33 63 1.79 0
19:19 758.19 14.39 63 2.24 0
19:20 757.94 14.33 63 1.79 0
19:21 758.19 14.33 63 1.79 0
19:22 758.19 14.33 63 3.58 0
19:23 758.19 14.33 63 3.13 0
19:24 758.19 14.33 63 1.34 0
19:25 758.19 14.33 63 3.58 0
19:26 758.19 14.33 63 2.24 0
19:27 758.19 14.33 63 2.24 0
19:28 758.19 14.33 63 1.34 0
19:29 758.19 14.28 63 2.24 0
19:30 758.19 14.28 63 1.34 0
19:31 758.19 14.28 63 2.24 0
19:32 758.19 14.22 63 1.34 0
19:33 758.19 14.22 63 .89 0
19:34 758.19 14.22 63 3.13 0
19:35 758.19 14.17 63 1.79 0
19:36 758.19 14.17 63 1.34 0
19:37 758.19 14.17 63 1.79 0
19:38 758.19 14.17 63 1.79 0
19:39 758.19 14.11 64 1.79 0
19:40 758.19 14.06 64 1.34 0
19:41 758.19 14.06 64 .89 0
19:42 758.19 14.06 64 1.79 0
19:43 758.19 14 64 1.79 0
19:44 758.19 14 64 1.34 0
19:45 758.19 13.94 64 .45 0
19:46 758.19 13.94 64 .89 0
19:47 758.19 13.89 64 .45 0
19:48 758.19 13.89 65 1.79 0
19:49 758.19 13.83 64 .89 0
19:50 758.19 13.83 64 1.34 0
19:51 758.19 13.78 65 .89 0
19:52 758.19 13.83 65 1.34 0
19:53 758.19 13.78 65 1.79 0
19:54 758.19 13.67 65 1.79 0
19:55 758.19 13.67 65 1.34 0
19:56 758.19 13.67 65 1.34 0
19:57 758.19 13.61 66 1.34 0
19:58 758.19 13.56 66 1.34 0
19:59 758.19 13.56 66 1.79 0
20:00 758.19 13.56 66 1.79 0
20:01 758.19 13.5 66 2.24 0
20:02 758.19 13.44 66 1.34 0
20:03 758.19 13.44 66 1.34 0
20:04 758.19 13.39 66 .89 0
20:05 758.19 13.33 66 1.34 0
20:06 758.19 13.33 66 1.34 0
20:07 758.19 13.33 67 1.79 0
20:08 758.19 13.33 67 1.34 0
20:09 758.19 13.28 67 1.34 0
20:10 758.19 13.28 67 1.79 0
20:11 758.19 13.28 67 .89 0
20:12 758.19 13.22 67 1.34 0
20:13 758.19 13.22 67 2.24 0
20:14 758.19 13.17 67 1.79 0
20:15 758.19 13.17 67 .89 0
20:16 758.19 13.11 67 .89 0
20:17 758.19 13.11 68 .89 0
20:18 758.19 13.11 68 1.34 0
20:19 758.19 13.06 68 1.34 0
20:20 758.19 13 68 .89 0
20:21 758.19 13 68 1.79 0
20:22 758.19 13 68 2.24 0
20:23 758.19 12.94 68 1.34 0
20:24 758.19 12.94 68 1.34 0
20:25 758.19 12.94 68 1.79 0
20:26 758.19 12.94 68 .89 0
20:27 758.19 12.94 68 1.79 0
20:28 758.19 12.94 68 1.79 0
20:29 758.19 12.94 68 1.79 0
20:30 758.19 12.89 68 1.79 0
20:31 758.19 12.89 68 1.34 0
20:32 758.19 12.89 68 1.34 0
20:33 758.44 12.89 68 1.34 0
20:34 758.19 12.83 68 1.79 0
20:35 758.19 12.83 69 1.34 0
20:36 758.19 12.78 69 .89 0
20:37 758.19 12.78 69 .89 0
20:38 758.44 12.78 69 2.24 0
20:39 758.19 12.72 69 .89 0
20:40 758.19 12.78 69 .89 0
20:41 758.19 12.72 69 1.34 0
20:42 758.19 12.72 69 1.79 0
20:43 758.44 12.72 69 1.79 0
20:44 758.44 12.67 69 .89 0
20:45 758.19 12.67 70 1.79 0
20:46 758.19 12.61 70 1.34 0
20:47 758.44 12.61 69 .89 0
20:48 758.44 12.61 70 .45 0
20:49 758.44 12.61 70 1.34 0
20:50 758.44 12.56 70 1.34 0
20:51 758.19 12.61 70 1.34 0
20:52 758.19 12.61 70 .89 0
20:53 758.44 12.61 70 1.34 0
20:54 758.19 12.56 70 1.34 0
20:55 758.19 12.56 70 1.34 0
20:56 758.19 12.56 70 1.34 0
20:57 758.19 12.5 70 1.79 0
20:58 758.19 12.56 70 1.34 0
20:59 758.19 12.5 70 2.24 0
21:00 758.19 12.44 70 1.34 0
21:01 758.19 12.5 70 1.34 0
21:02 758.19 12.44 71 .89 0
21:03 758.19 12.5 71 .89 0
21:04 758.19 12.44 71 1.79 0
21:05 758.19 12.44 71 1.79 0
21:06 758.19 12.44 71 1.79 0
21:07 758.19 12.44 71 1.34 0
21:08 758.19 12.44 71 2.24 0
21:09 758.19 12.44 71 2.24 0
21:10 758.19 12.44 71 1.34 0
21:11 758.19 12.44 71 1.79 0
21:12 758.44 12.39 71 1.34 0
21:13 758.44 12.44 71 1.34 0
21:14 758.44 12.39 71 .45 0
21:15 758.44 12.33 71 .89 0
21:16 758.44 12.33 71 .89 0
21:17 758.19 12.33 71 1.79 0
21:18 758.44 12.33 71 1.79 0
21:19 758.44 12.33 71 1.79 0
21:20 758.44 12.28 71 1.34 0
21:21 758.44 12.28 72 1.79 0
21:22 758.19 12.28 71 1.34 0
21:23 758.19 12.28 71 1.34 0
21:24 758.19 12.28 72 2.24 0
21:25 758.44 12.28 72 1.79 0
21:26 758.19 12.28 72 1.79 0
21:27 758.19 12.28 72 3.13 0
21:28 758.44 12.28 72 1.79 0
21:29 758.19 12.22 72 2.24 0
21:30 758.44 12.22 72 2.24 0
21:31 758.19 12.28 72 1.79 0
21:32 758.19 12.28 72 2.24 0
21:33 758.19 12.28 72 .89 0
21:34 758.19 12.28 72 1.79 0
21:35 758.19 12.28 72 1.34 0
21:36 758.19 12.28 72 1.79 0
21:37 758.19 12.28 72 1.79 0
21:38 758.19 12.28 72 2.68 0
21:39 758.19 12.28 72 1.79 0
21:40 758.19 12.28 72 2.24 0
21:41 758.19 12.28 72 2.24 0
21:42 758.19 12.28 72 2.68 0
21:43 758.19 12.33 72 2.24 0
21:44 758.19 12.28 72 1.79 0
21:45 758.19 12.33 72 1.79 0
21:46 758.19 12.33 72 4.47 0
21:47 758.19 12.39 72 2.68 0
21:48 758.19 12.39 72 1.79 0
21:49 758.19 12.39 72 2.68 0
21:50 758.19 12.39 72 1.79 0
21:51 758.19 12.39 72 1.79 0
21:52 758.19 12.44 72 2.68 0
21:53 758.19 12.44 72 2.24 0
21:54 758.19 12.44 72 3.58 0
21:55 758.19 12.44 72 1.79 0
21:56 758.19 12.44 72 2.24 0
21:57 758.19 12.44 72 1.34 0
21:58 758.19 12.44 72 3.13 0
21:59 758.19 12.44 72 2.24 0
22:00 758.19 12.44 72 1.34 0
22:01 758.19 12.44 72 1.79 0
22:02 758.19 12.44 72 1.79 0
22:03 758.19 12.44 72 2.24 0
22:04 758.19 12.44 72 .89 0
22:05 758.19 12.44 72 .89 0
22:06 758.19 12.44 72 .89 0
22:07 758.19 12.44 72 .89 0
22:08 758.19 12.44 72 .89 0
22:09 758.19 12.44 72 1.79 0
22:10 758.19 12.44 72 .89 0
22:11 758.19 12.44 72 1.79 0
22:12 758.19 12.44 72 1.79 0
22:13 758.19 12.44 72 2.24 0
22:14 758.19 12.44 72 1.79 0
22:15 758.19 12.44 72 2.68 0
22:16 758.19 12.44 72 .89 0
22:17 758.19 12.39 72 .89 0
22:18 758.19 12.44 72 .89 0
22:19 758.19 12.44 72 .89 0
22:20 758.19 12.39 72 1.79 0
22:21 758.19 12.39 72 .45 0
22:22 758.19 12.39 72 .45 0
22:23 758.19 12.33 72 .89 0
22:24 758.19 12.39 72 2.24 0
22:25 758.19 12.33 72 1.79 0
22:26 758.19 12.39 72 3.13 0
22:27 758.19 12.33 72 3.13 0
22:28 758.19 12.33 72 1.79 0
22:29 758.19 12.33 72 1.34 0
22:30 758.19 12.33 72 .89 0
22:31 758.19 12.33 72 2.24 0
22:32 758.19 12.33 72 2.68 0
22:33 758.19 12.33 72 1.79 0
22:34 758.19 12.33 72 1.34 0
22:35 758.19 12.33 72 2.24 0
22:36 758.19 12.33 72 .89 0
22:37 758.19 12.33 72 2.24 0
22:38 758.19 12.33 72 2.68 0
22:39 758.19 12.33 72 1.34 0
22:40 758.19 12.33 72 4.02 0
22:41 758.19 12.33 72 3.58 0
22:42 758.19 12.33 72 1.34 0
22:43 758.19 12.39 72 2.68 0
22:44 758.19 12.33 72 2.68 0
22:45 758.19 12.39 72 2.24 0
22:46 758.19 12.33 72 1.79 0
22:47 758.19 12.33 72 2.24 0
22:48 758.19 12.33 72 2.68 0
22:49 758.19 12.33 72 1.79 0
22:50 758.19 12.28 72 2.68 0
22:51 757.94 12.28 72 1.79 0
22:52 758.19 12.28 72 1.79 0
22:53 758.19 12.28 72 3.13 0
22:54 758.19 12.22 72 3.13 0
22:55 758.19 12.28 72 2.24 0
22:56 758.19 12.28 72 2.68 0
22:57 758.19 12.28 72 2.24 0
22:58 758.19 12.28 72 .89 0
22:59 758.19 12.28 72 2.68 0
23:00 758.19 12.28 72 .89 0
23:01 758.19 12.28 72 1.34 0
23:02 758.19 12.28 72 3.13 0
23:03 758.19 12.28 72 3.58 0
23:04 758.19 12.28 72 1.34 0
23:05 758.19 12.33 72 1.79 0
23:06 758.19 12.33 72 2.24 0
23:07 758.19 12.33 72 3.13 0
23:08 758.19 12.33 72 3.13 0
23:09 758.19 12.33 72 1.34 0
23:10 758.19 12.33 72 .89 0
23:11 758.19 12.33 72 3.13 0
23:12 758.19 12.33 72 2.24 0
23:13 758.19 12.33 72 3.58 0
23:14 758.19 12.33 72 1.34 0
23:15 758.19 12.33 72 1.79 0
23:16 758.19 12.33 72 1.34 0
23:17 758.19 12.28 72 3.58 0
23:18 758.19 12.33 72 2.24 0
23:19 758.19 12.33 72 1.79 0
23:20 758.19 12.33 72 .89 0
23:21 758.19 12.33 72 2.68 0
23:22 758.19 12.28 72 1.79 0
23:23 758.19 12.33 72 2.24 0
23:24 758.19 12.28 72 .89 0
23:25 758.19 12.28 72 1.79 0
23:26 758.19 12.28 72 1.34 0
23:27 758.19 12.28 72 2.68 0
23:28 758.19 12.28 72 1.34 0
23:29 758.19 12.28 72 1.34 0
23:30 758.19 12.28 72 2.24 0
23:31 758.19 12.28 72 1.79 0
23:32 758.19 12.28 72 .89 0
23:33 758.19 12.28 72 1.79 0
23:34 758.19 12.28 72 2.68 0
23:35 758.19 12.28 72 1.34 0
23:36 758.19 12.28 72 2.24 0
23:37 758.19 12.28 72 1.34 0
23:38 758.19 12.28 72 2.24 0
23:39 758.19 12.28 72 1.79 0
23:40 758.19 12.28 72 2.24 0
23:41 758.19 12.28 72 1.34 0
23:42 758.19 12.28 72 .89 0
23:43 758.19 12.28 72 2.24 0
23:44 758.19 12.28 72 3.13 0
23:45 758.19 12.28 72 4.47 0
23:46 758.19 12.33 72 2.24 0
23:47 758.19 12.28 72 2.24 0
23:48 758.19 12.33 72 4.02 0
23:49 758.44 12.28 71 1.79 0
23:50 758.19 12.33 71 1.79 0
23:51 758.19 12.33 71 2.24 0
23:52 758.19 12.33 71 2.24 0
23:53 758.19 12.33 71 1.79 0
23:54 758.19 12.28 72 4.02 0
23:55 758.44 12.28 71 2.68 0
23:56 758.44 12.28 72 3.13 0
23:57 758.44 12.28 72 1.79 0
23:58 758.44 12.28 72 3.58 0
23:59 758.44 12.28 72 2.68 0
