00:00 743.97 16.44 90 0 0
00:01 743.97 16.44 90 0 0
00:02 743.97 16.44 90 0 0
00:03 743.97 16.44 90 .89 0
00:04 743.97 16.44 90 0 0
00:05 743.97 16.44 90 1.34 0
00:06 743.97 16.44 90 1.34 0
00:07 743.97 16.44 90 .89 0
00:08 743.97 16.44 90 1.34 0
00:09 743.97 16.44 90 .89 0
00:10 743.97 16.44 90 1.34 0
00:11 743.71 16.44 90 1.34 0
00:12 743.97 16.44 90 1.34 0
00:13 743.71 16.44 90 1.79 0
00:14 743.97 16.44 90 2.24 0
00:15 743.71 16.44 90 1.34 0
00:16 743.71 16.44 90 1.34 0
00:17 743.71 16.44 90 1.79 0
00:18 743.71 16.39 90 .89 0
00:19 743.71 16.44 90 .89 0
00:20 743.71 16.39 90 1.34 0
00:21 743.71 16.39 90 3.13 0
00:22 743.97 16.39 90 1.34 0
00:23 743.71 16.39 90 1.79 0
00:24 743.97 16.39 90 1.79 0
00:25 743.97 16.39 90 1.34 0
00:26 743.97 16.39 90 1.79 0
00:27 743.97 16.39 90 2.24 0
00:28 743.97 16.33 90 1.34 0
00:29 743.97 16.39 90 .89 0
00:30 743.97 16.39 90 1.79 0
00:31 743.97 16.39 90 1.79 0
00:32 743.97 16.39 90 1.34 0
00:33 743.97 16.33 90 .89 0
00:34 743.97 16.39 90 2.24 0
00:35 743.97 16.39 90 1.79 0
00:36 743.97 16.33 90 .89 0
00:37 743.97 16.33 90 1.34 0
00:38 743.97 16.33 90 2.24 0
00:39 743.97 16.33 90 1.34 0
00:40 743.97 16.33 90 .89 0
00:41 743.97 16.33 90 .89 0
00:42 743.71 16.33 90 .89 0
00:43 743.97 16.33 90 .89 0
00:44 743.71 16.33 90 .45 0
00:45 743.71 16.33 90 .45 0
00:46 743.71 16.33 90 2.24 0
00:47 743.71 16.33 90 1.34 0
00:48 743.71 16.33 90 1.34 0
00:49 743.71 16.33 90 .89 0
00:50 743.97 16.33 90 1.79 0
00:51 743.97 16.33 90 1.34 0
00:52 743.97 16.33 90 .45 0
00:53 743.97 16.28 90 1.34 0
00:54 743.97 16.28 90 .45 0
00:55 743.71 16.28 90 .45 0
00:56 743.71 16.28 90 1.34 0
00:57 743.97 16.28 90 1.34 0
00:58 743.71 16.28 90 2.24 0
00:59 743.97 16.28 90 .89 0
01:00 743.97 16.28 90 .89 0
01:01 743.97 16.28 90 0 0
01:02 743.97 16.28 90 1.34 0
01:03 743.97 16.28 90 .89 0
01:04 743.97 16.28 90 1.34 0
01:05 743.97 16.28 90 1.34 0
01:06 743.97 16.28 90 .89 0
01:07 743.97 16.28 90 .45 0
01:08 743.97 16.28 90 1.34 0
01:09 743.97 16.28 90 .89 0
01:10 743.97 16.28 90 .89 0
01:11 743.97 16.28 90 1.79 0
01:12 743.97 16.28 90 1.34 0
01:13 743.97 16.28 90 .89 0
01:14 743.97 16.28 90 2.24 0
01:15 743.97 16.28 90 1.79 0
01:16 743.97 16.28 90 1.79 0
01:17 743.97 16.28 90 .45 0
01:18 743.71 16.28 90 1.34 0
01:19 743.71 16.28 90 1.79 0
01:20 743.71 16.28 90 .89 0
01:21 743.71 16.28 90 1.34 0
01:22 743.71 16.28 90 1.34 0
01:23 743.71 16.28 90 1.34 0
01:24 743.71 16.28 90 1.34 0
01:25 743.71 16.22 90 1.79 0
01:26 743.71 16.22 90 1.34 0
01:27 743.71 16.22 90 1.34 0
01:28 743.71 16.17 90 1.79 0
01:29 743.71 16.17 90 .89 0
01:30 743.71 16.22 90 1.34 0
01:31 743.71 16.17 90 2.24 0
01:32 743.71 16.17 90 .89 0
01:33 743.71 16.17 90 .45 0
01:34 743.71 16.17 90 0 0
01:35 743.71 16.17 91 .89 0
01:36 743.71 16.17 91 .45 0
01:37 743.71 16.17 91 3.13 0
01:38 743.71 16.11 91 1.79 0
01:39 743.71 16.11 91 .89 0
01:40 743.71 16.11 91 .89 0
01:41 743.71 16.11 91 1.34 0
01:42 743.71 16.11 91 1.34 0
01:43 743.71 16.11 91 .89 0
01:44 743.71 16.06 91 .45 0
01:45 743.71 16.11 91 .89 0
01:46 743.71 16.06 91 .89 0
01:47 743.71 16.06 91 .89 0
01:48 743.71 16.06 91 .89 0
01:49 743.71 16.06 91 .89 0
01:50 743.71 16.06 91 .89 0
01:51 743.71 16.06 91 .89 0
01:52 743.71 16.06 91 .89 0
01:53 743.71 16.06 91 .89 0
01:54 743.71 16.06 91 .89 0
01:55 743.71 16 91 1.34 0
01:56 743.71 16 91 .45 0
01:57 743.71 16 91 .89 0
01:58 743.71 16 91 .89 0
01:59 743.71 16 92 .89 0
02:00 743.71 16 92 .45 0
02:01 743.71 16 92 .89 0
02:02 743.71 16 92 .45 0
02:03 743.71 16 92 0 0
02:04 743.71 16 92 0 0
02:05 743.71 16 91 0 0
02:06 743.71 16 92 .45 0
02:07 743.71 16 92 .89 0
02:08 743.71 16 92 .89 0
02:09 743.71 16 92 .45 0
02:10 743.71 16 92 .89 0
02:11 743.71 16 92 1.34 0
02:12 743.97 15.94 92 .45 0
02:13 743.71 15.94 92 .89 0
02:14 743.71 15.94 92 .45 0
02:15 743.71 15.94 92 .45 0
02:16 743.71 15.94 92 .45 0
02:17 743.71 15.94 92 .89 0
02:18 743.71 15.94 92 1.34 0
02:19 743.71 15.94 92 .89 0
02:20 743.97 15.94 92 .89 0
02:21 743.71 15.94 92 .89 0
02:22 743.71 15.94 92 .45 0
02:23 743.71 15.94 92 .45 0
02:24 743.71 15.94 92 .45 0
02:25 743.71 15.94 92 .89 0
02:26 743.71 15.94 92 .89 0
02:27 743.71 15.94 92 .45 0
02:28 743.71 15.94 92 .45 0
02:29 743.71 15.94 92 0 0
02:30 743.71 15.94 92 .45 0
02:31 743.71 15.94 92 .45 0
02:32 743.71 15.94 92 .45 0
02:33 743.71 15.94 92 0 0
02:34 743.71 15.94 92 .89 0
02:35 743.71 15.94 92 .45 0
02:36 743.71 15.94 92 .45 0
02:37 743.71 15.94 92 0 0
02:38 743.71 15.94 92 .89 0
02:39 743.71 15.94 92 1.34 0
02:40 743.71 15.89 92 .45 0
02:41 743.71 15.94 92 1.34 0
02:42 743.71 15.94 92 1.34 0
02:43 743.71 15.94 92 .45 0
02:44 743.71 15.94 92 .89 0
02:45 743.71 15.94 92 .45 0
02:46 743.71 15.89 92 .45 0
02:47 743.71 15.89 92 .45 0
02:48 743.71 15.89 92 0 0
02:49 743.71 15.89 92 0 0
02:50 743.71 15.89 92 .89 0
02:51 743.71 15.89 92 .89 0
02:52 743.71 15.89 92 .89 0
02:53 743.71 15.89 92 .89 0
02:54 743.71 15.89 92 .45 0
02:55 743.71 15.89 92 .89 0
02:56 743.71 15.89 92 .89 0
02:57 743.71 15.89 92 .45 0
02:58 743.71 15.89 92 .45 0
02:59 743.71 15.89 92 1.34 0
03:00 743.71 15.89 92 .45 0
03:01 743.71 15.89 92 .89 0
03:02 743.71 15.89 92 .89 0
03:03 743.71 15.89 92 .45 0
03:04 743.46 15.89 92 .89 0
03:05 743.71 15.83 92 1.34 0
03:06 743.46 15.83 92 1.34 0
03:07 743.46 15.83 92 .45 0
03:08 743.46 15.83 92 .45 0
03:09 743.46 15.83 92 .45 0
03:10 743.46 15.83 92 .45 0
03:11 743.46 15.83 92 1.34 0
03:12 743.46 15.83 92 .45 0
03:13 743.46 15.83 92 .89 0
03:14 743.46 15.83 92 .89 0
03:15 743.46 15.78 92 .89 0
03:16 743.46 15.78 92 .45 0
03:17 743.46 15.78 92 .45 0
03:18 743.46 15.78 92 .45 0
03:19 743.46 15.78 92 0 0
03:20 743.46 15.78 92 .45 0
03:21 743.46 15.78 92 0 0
03:22 743.46 15.78 92 0 0
03:23 743.46 15.78 92 0 0
03:24 743.71 15.78 92 .89 0
03:25 743.71 15.78 92 .89 0
03:26 743.46 15.78 92 .45 0
03:27 743.46 15.78 92 .89 0
03:28 743.46 15.72 92 .89 0
03:29 743.71 15.78 92 .45 0
03:30 743.71 15.78 92 1.34 0
03:31 743.46 15.78 92 .89 0
03:32 743.46 15.78 92 .89 0
03:33 743.71 15.78 93 .89 0
03:34 743.46 15.78 92 .89 0
03:35 743.71 15.78 92 .89 0
03:36 743.46 15.78 92 .89 0
03:37 743.46 15.78 92 0 0
03:38 743.46 15.78 93 0 0
03:39 743.46 15.78 93 .45 0
03:40 743.71 15.78 93 0 0
03:41 743.46 15.78 93 0 0
03:42 743.71 15.78 93 .89 0
03:43 743.46 15.78 93 1.34 0
03:44 743.46 15.78 93 .45 0
03:45 743.46 15.72 93 .45 0
03:46 743.46 15.78 93 1.79 0
03:47 743.46 15.78 93 1.79 0
03:48 743.46 15.72 93 1.34 0
03:49 743.46 15.72 93 1.34 0
03:50 743.46 15.72 93 .89 0
03:51 743.46 15.72 92 1.34 0
03:52 743.46 15.72 93 1.79 0
03:53 743.46 15.72 93 1.34 0
03:54 743.46 15.72 92 1.79 0
03:55 743.46 15.72 92 1.34 0
03:56 743.46 15.72 92 .89 0
03:57 743.46 15.72 92 1.79 0
03:58 743.46 15.67 92 .89 0
03:59 743.46 15.67 92 1.34 0
04:00 743.46 15.67 92 1.34 0
04:01 743.46 15.67 92 1.34 0
04:02 743.46 15.67 93 1.34 0
04:03 743.71 15.67 93 .89 0
04:04 743.71 15.67 93 .89 0
04:05 743.46 15.67 93 .45 0
04:06 743.46 15.67 93 .45 0
04:07 743.71 15.67 93 1.34 0
04:08 743.46 15.67 93 .45 0
04:09 743.46 15.67 93 .45 0
04:10 743.46 15.67 93 .45 0
04:11 743.71 15.67 93 .45 0
04:12 743.46 15.67 93 .45 0
04:13 743.46 15.67 93 0 0
04:14 743.46 15.72 93 0 0
04:15 743.46 15.67 93 .89 0
04:16 743.46 15.67 93 .45 0
04:17 743.46 15.67 93 .45 0
04:18 743.46 15.67 93 .45 0
04:19 743.46 15.67 93 .89 0
04:20 743.46 15.67 93 .45 0
04:21 743.46 15.67 93 .45 0
04:22 743.46 15.67 93 0 0
04:23 743.46 15.67 93 1.34 0
04:24 743.46 15.67 93 1.34 0
04:25 743.46 15.67 93 .45 0
04:26 743.46 15.67 93 .45 0
04:27 743.46 15.67 93 .89 0
04:28 743.46 15.67 93 1.79 0
04:29 743.46 15.67 93 1.34 0
04:30 743.46 15.67 93 .45 0
04:31 743.46 15.67 93 1.79 0
04:32 743.46 15.61 93 .89 0
04:33 743.46 15.67 93 1.34 0
04:34 743.46 15.67 93 .89 0
04:35 743.46 15.61 93 .89 0
04:36 743.46 15.67 93 1.34 0
04:37 743.46 15.67 93 .45 0
04:38 743.46 15.61 93 .45 0
04:39 743.46 15.67 93 .89 0
04:40 743.46 15.67 93 .45 0
04:41 743.46 15.67 93 .45 0
04:42 743.46 15.61 93 0 0
04:43 743.46 15.67 93 0 0
04:44 743.46 15.67 93 .45 0
04:45 743.46 15.67 93 .89 0
04:46 743.46 15.61 93 .89 0
04:47 743.46 15.67 93 .45 0
04:48 743.46 15.61 93 .45 0
04:49 743.46 15.61 93 .45 0
04:50 743.46 15.61 93 .45 0
04:51 743.46 15.67 93 .89 0
04:52 743.46 15.67 93 .45 0
04:53 743.46 15.67 93 .45 0
04:54 743.46 15.61 93 .45 0
04:55 743.46 15.61 93 .45 0
04:56 743.46 15.61 93 0 0
04:57 743.46 15.61 93 0 0
04:58 743.46 15.61 93 0 0
04:59 743.46 15.61 93 0 0
05:00 743.46 15.61 93 0 0
05:01 743.46 15.67 93 0 0
05:02 743.46 15.67 93 0 0
05:03 743.46 15.67 93 0 0
05:04 743.46 15.67 93 0 0
05:05 743.46 15.67 93 0 0
05:06 743.46 15.61 93 0 0
05:07 743.46 15.67 93 0 0
05:08 743.46 15.67 93 0 0
05:09 743.46 15.67 93 0 0
05:10 743.46 15.67 93 0 0
05:11 743.46 15.67 93 0 0
05:12 743.46 15.67 93 0 0
05:13 743.46 15.61 93 0 0
05:14 743.46 15.67 93 0 0
05:15 743.46 15.67 93 0 0
05:16 743.46 15.67 93 0 0
05:17 743.46 15.67 93 0 0
05:18 743.46 15.67 93 0 0
05:19 743.46 15.67 93 0 0
05:20 743.46 15.67 93 0 0
05:21 743.46 15.67 93 0 0
05:22 743.46 15.67 93 0 0
05:23 743.46 15.67 93 .45 0
05:24 743.46 15.67 93 .45 0
05:25 743.46 15.67 93 .45 0
05:26 743.46 15.72 93 .45 0
05:27 743.46 15.72 93 1.34 0
05:28 743.46 15.67 93 .89 0
05:29 743.46 15.67 93 .45 0
05:30 743.46 15.67 93 .89 0
05:31 743.46 15.67 93 .89 0
05:32 743.46 15.67 93 .89 0
05:33 743.46 15.67 93 1.34 0
05:34 743.46 15.67 93 .89 0
05:35 743.46 15.67 93 .45 0
05:36 743.46 15.67 93 1.34 0
05:37 743.46 15.72 93 1.34 0
05:38 743.46 15.67 93 1.79 0
05:39 743.46 15.67 93 .89 0
05:40 743.46 15.67 93 .89 0
05:41 743.46 15.67 93 1.34 0
05:42 743.46 15.67 93 1.34 0
05:43 743.46 15.72 93 1.34 0
05:44 743.46 15.67 93 1.79 0
05:45 743.46 15.67 93 .89 0
05:46 743.46 15.72 93 1.34 0
05:47 743.46 15.67 93 1.79 0
05:48 743.46 15.67 93 1.34 0
05:49 743.46 15.67 93 1.34 0
05:50 743.46 15.67 93 .89 0
05:51 743.46 15.72 93 .89 0
05:52 743.46 15.72 93 1.34 0
05:53 743.46 15.67 93 1.34 0
05:54 743.46 15.67 93 .89 0
05:55 743.46 15.67 93 .89 0
05:56 743.46 15.72 93 .89 0
05:57 743.46 15.72 93 1.34 0
05:58 743.46 15.72 93 1.34 0
05:59 743.46 15.67 93 1.79 0
06:00 743.46 15.67 93 1.34 0
06:01 743.46 15.67 93 1.79 0
06:02 743.46 15.67 93 1.34 0
06:03 743.46 15.67 94 1.79 0
06:04 743.46 15.67 93 1.79 0
06:05 743.46 15.67 93 .89 0
06:06 743.46 15.72 93 .45 0
06:07 743.46 15.67 93 .89 0
06:08 743.46 15.67 94 .45 0
06:09 743.46 15.72 94 0 0
06:10 743.46 15.72 94 0 0
06:11 743.46 15.72 94 .89 0
06:12 743.46 15.78 94 1.34 0
06:13 743.71 15.78 94 .45 0
06:14 743.71 15.78 94 0 0
06:15 743.46 15.78 94 0 0
06:16 743.46 15.78 94 .45 0
06:17 743.46 15.78 94 1.34 0
06:18 743.46 15.78 94 .89 0
06:19 743.46 15.78 94 .45 0
06:20 743.46 15.83 94 1.34 0
06:21 743.46 15.78 94 .89 0
06:22 743.46 15.78 94 .89 0
06:23 743.46 15.83 94 .89 0
06:24 743.46 15.83 94 .89 0
06:25 743.46 15.83 94 1.34 0
06:26 743.46 15.83 94 .89 0
06:27 743.46 15.78 94 .45 0
06:28 743.46 15.83 94 1.34 0
06:29 743.46 15.83 94 .45 0
06:30 743.46 15.83 94 .89 0
06:31 743.46 15.83 94 .89 0
06:32 743.46 15.83 94 .45 0
06:33 743.46 15.83 94 .45 0
06:34 743.46 15.83 94 .89 0
06:35 743.46 15.89 94 .89 0
06:36 743.46 15.89 94 .89 0
06:37 743.46 15.89 94 .89 0
06:38 743.46 15.89 94 .89 0
06:39 743.46 15.89 94 1.34 0
06:40 743.46 15.83 94 .45 0
06:41 743.46 15.83 94 .45 0
06:42 743.46 15.89 94 .45 0
06:43 743.46 15.89 94 .45 0
06:44 743.46 15.89 94 .45 0
06:45 743.46 15.89 94 .89 0
06:46 743.46 15.89 94 .89 0
06:47 743.46 15.89 94 .89 0
06:48 743.46 15.89 94 .89 0
06:49 743.46 15.89 94 .89 0
06:50 743.46 15.94 94 .45 0
06:51 743.46 15.89 94 .89 0
06:52 743.46 15.89 94 1.79 0
06:53 743.46 15.89 94 .89 0
06:54 743.46 15.89 94 1.34 0
06:55 743.71 15.89 94 1.79 0
06:56 743.71 15.89 94 .89 0
06:57 743.46 15.89 94 1.34 0
06:58 743.46 15.89 94 1.34 0
06:59 743.46 15.89 94 1.34 0
07:00 743.46 15.89 94 .89 0
07:01 743.46 15.89 94 .89 0
07:02 743.71 15.89 94 .45 0
07:03 743.46 15.89 94 .45 0
07:04 743.46 15.89 94 .45 0
07:05 743.46 15.89 94 1.79 0
07:06 743.71 15.89 94 1.79 0
07:07 743.46 15.89 94 1.34 0
07:08 743.46 15.89 94 1.34 0
07:09 743.46 15.89 94 1.79 0
07:10 743.46 15.89 94 .89 0
07:11 743.71 15.89 94 .89 0
07:12 743.46 15.89 94 .89 0
07:13 743.71 15.89 94 .89 0
07:14 743.71 15.94 94 0 0
07:15 743.71 15.94 94 .89 0
07:16 743.71 16 94 .45 0
07:17 743.71 16 94 .89 0
07:18 743.71 16 94 .89 0
07:19 743.71 16 94 .45 0
07:20 743.71 16 94 .45 0
07:21 743.71 16 94 .89 0
07:22 743.71 16 94 1.79 0
07:23 743.71 16.06 94 .89 0
07:24 743.71 16 94 .45 0
07:25 743.71 16.06 94 0 0
07:26 743.71 16.06 94 0 0
07:27 743.71 16.06 94 .45 0
07:28 743.71 16.06 94 .45 0
07:29 743.71 16.11 94 .45 0
07:30 743.71 16.11 94 1.34 0
07:31 743.71 16.06 94 1.34 0
07:32 743.71 16.11 94 1.34 0
07:33 743.71 16.06 94 1.79 0
07:34 743.71 16.06 94 1.34 0
07:35 743.71 16 94 .45 0
07:36 743.71 16 94 2.24 0
07:37 743.71 16.06 94 1.34 0
07:38 743.71 16 94 .45 0
07:39 743.71 16.06 94 1.34 0
07:40 743.71 16.06 94 .89 0
07:41 743.71 16.06 94 0 0
07:42 743.71 16.06 94 .45 0
07:43 743.71 16.06 94 .45 0
07:44 743.71 16.06 94 0 0
07:45 743.71 16.11 94 0 0
07:46 743.71 16.11 94 0 0
07:47 743.71 16.17 94 0 0
07:48 743.71 16.17 94 0 0
07:49 743.71 16.17 94 0 0
07:50 743.71 16.22 94 0 0
07:51 743.71 16.28 94 0 0
07:52 743.71 16.28 94 0 0
07:53 743.71 16.28 94 .45 0
07:54 743.71 16.28 94 0 0
07:55 743.71 16.28 94 .45 0
07:56 743.71 16.28 94 .45 0
07:57 743.71 16.28 94 .89 0
07:58 743.71 16.28 94 .45 0
07:59 743.71 16.28 94 .45 0
08:00 743.71 16.28 94 .89 0
08:01 743.71 16.33 94 1.34 0
08:02 743.71 16.28 94 1.34 0
08:03 743.71 16.28 94 .89 0
08:04 743.71 16.28 94 .89 0
08:05 743.71 16.28 94 .89 0
08:06 743.71 16.28 94 .89 0
08:07 743.71 16.28 94 .89 0
08:08 743.71 16.28 94 .89 0
08:09 743.71 16.28 94 1.34 0
08:10 743.71 16.28 93 .45 0
08:11 743.71 16.28 93 1.34 0
08:12 743.71 16.28 93 1.34 0
08:13 743.71 16.28 93 1.34 0
08:14 743.71 16.28 93 1.79 0
08:15 743.97 16.28 93 1.79 0
08:16 743.71 16.28 93 1.34 0
08:17 743.71 16.28 93 1.34 0
08:18 743.71 16.28 93 1.79 0
08:19 743.71 16.28 93 1.79 0
08:20 743.71 16.28 93 1.34 0
08:21 743.71 16.28 93 .89 0
08:22 743.71 16.28 93 .45 0
08:23 743.71 16.28 93 .45 0
08:24 743.71 16.28 93 1.79 0
08:25 743.71 16.28 93 1.34 0
08:26 743.71 16.28 93 .89 0
08:27 743.71 16.28 93 .89 0
08:28 743.71 16.33 93 .89 0
08:29 743.71 16.33 93 .45 0
08:30 743.71 16.33 93 .45 0
08:31 743.71 16.39 93 .89 0
08:32 743.71 16.39 93 .45 0
08:33 743.71 16.44 93 .45 0
08:34 743.71 16.44 93 0 0
08:35 743.71 16.5 93 .89 0
08:36 743.71 16.56 93 0 0
08:37 743.71 16.56 93 .89 0
08:38 743.71 16.61 93 .45 0
08:39 743.71 16.61 93 .45 0
08:40 743.71 16.67 93 0 0
08:41 743.71 16.67 93 .45 0
08:42 743.71 16.67 93 0 0
08:43 743.71 16.72 92 0 0
08:44 743.71 16.72 92 0 0
08:45 743.71 16.78 92 .45 0
08:46 743.71 16.83 92 .89 0
08:47 743.71 16.83 92 1.79 0
08:48 743.46 16.78 92 1.79 0
08:49 743.46 16.78 92 1.34 0
08:50 743.46 16.83 92 1.34 0
08:51 743.71 16.89 92 .45 0
08:52 743.71 16.94 92 .45 0
08:53 743.71 16.94 91 .45 0
08:54 743.71 17.06 91 .45 0
08:55 743.71 17.11 91 .89 0
08:56 743.71 17.17 91 .89 0
08:57 743.71 17.17 91 1.79 0
08:58 743.71 17.17 90 1.34 0
08:59 743.71 17.22 90 1.34 0
09:00 743.71 17.17 89 .45 0
09:01 743.71 17.22 89 .45 0
09:02 743.71 17.22 89 0 0
09:03 743.71 17.22 89 .45 0
09:04 743.71 17.28 89 .89 0
09:05 743.71 17.28 89 .89 0
09:06 743.71 17.33 89 1.34 0
09:07 743.71 17.33 89 .89 0
09:08 743.71 17.33 89 .89 0
09:09 743.71 17.33 89 .89 0
09:10 743.71 17.33 88 .89 0
09:11 743.71 17.33 88 .89 0
09:12 743.71 17.33 88 .45 0
09:13 743.71 17.33 88 .45 0
09:14 743.71 17.39 88 .45 0
09:15 743.71 17.39 88 .45 0
09:16 743.71 17.5 88 .45 0
09:17 743.71 17.5 88 .45 0
09:18 743.71 17.56 88 .45 0
09:19 743.71 17.61 88 .45 0
09:20 743.71 17.67 88 0 0
09:21 743.71 17.72 88 0 0
09:22 743.71 17.78 88 0 0
09:23 743.71 17.83 87 .45 0
09:24 743.71 17.89 87 .45 0
09:25 743.71 17.94 87 1.34 0
09:26 743.71 17.94 87 .45 0
09:27 743.71 18 86 1.34 0
09:28 743.97 17.94 86 1.79 0
09:29 743.71 17.94 85 1.79 0
09:30 743.97 17.94 85 1.79 0
09:31 743.97 17.89 86 2.68 0
09:32 743.97 17.83 86 .89 0
09:33 743.97 17.83 86 .89 0
09:34 743.97 17.89 86 1.79 0
09:35 743.97 17.83 86 2.24 0
09:36 743.97 17.83 86 1.34 0
09:37 743.97 17.83 86 1.79 0
09:38 743.97 17.78 86 1.79 0
09:39 743.97 17.78 86 1.79 0
09:40 743.97 17.72 86 1.34 0
09:41 743.97 17.72 86 1.34 0
09:42 743.97 17.72 86 .45 0
09:43 743.97 17.72 86 .89 0
09:44 743.97 17.72 86 2.24 0
09:45 743.97 17.78 86 2.68 0
09:46 743.97 17.72 86 .89 0
09:47 743.97 17.72 86 .89 0
09:48 743.97 17.72 86 .89 0
09:49 743.97 17.78 86 .89 0
09:50 743.97 17.78 86 1.34 0
09:51 743.97 17.78 86 1.79 0
09:52 743.97 17.78 86 2.24 0
09:53 743.97 17.78 86 1.34 0
09:54 743.97 17.78 86 1.34 0
09:55 743.97 17.72 86 2.68 0
09:56 743.97 17.78 86 1.34 0
09:57 743.97 17.78 86 .89 0
09:58 743.97 17.72 86 1.79 0
09:59 743.97 17.72 86 1.79 0
10:00 743.97 17.72 86 .89 0
10:01 743.97 17.72 86 .89 0
10:02 743.97 17.78 86 1.34 0
10:03 743.97 17.78 86 1.79 0
10:04 743.97 17.78 86 .89 0
10:05 743.97 17.83 86 .45 0
10:06 743.97 17.83 86 1.34 0
10:07 743.97 17.83 86 1.79 0
10:08 743.97 17.89 86 1.34 0
10:09 743.97 17.89 86 .89 0
10:10 743.97 17.89 85 1.79 0
10:11 743.97 17.94 85 1.79 0
10:12 743.97 17.94 85 2.68 0
10:13 743.97 17.94 85 2.68 0
10:14 743.97 17.94 85 1.34 0
10:15 743.97 17.94 85 1.79 0
10:16 743.97 18 85 .89 0
10:17 743.97 18 85 2.68 0
10:18 743.97 18 85 1.79 0
10:19 743.97 18.06 85 2.24 0
10:20 743.97 18.06 85 1.34 0
10:21 743.97 18.06 85 1.34 0
10:22 743.97 18.11 85 .45 0
10:23 743.97 18.17 85 2.24 0
10:24 743.97 18.22 85 1.34 0
10:25 743.97 18.28 85 .45 0
10:26 743.97 18.28 84 0 0
10:27 743.97 18.33 84 .45 0
10:28 743.97 18.39 84 1.34 0
10:29 743.97 18.39 84 1.34 0
10:30 743.97 18.39 84 .89 0
10:31 743.97 18.44 84 1.34 0
10:32 743.97 18.44 84 .89 0
10:33 743.97 18.5 83 1.34 0
10:34 743.97 18.5 84 .89 0
10:35 743.97 18.5 83 .45 0
10:36 743.97 18.5 83 .45 0
10:37 743.97 18.56 84 .89 0
10:38 743.97 18.56 84 .45 0
10:39 743.97 18.61 84 .45 0
10:40 743.97 18.72 84 1.34 0
10:41 743.97 18.78 83 .45 0
10:42 743.97 18.78 83 .45 0
10:43 743.97 18.83 82 0 0
10:44 743.97 18.89 82 1.34 0
10:45 743.97 19 82 .45 0
10:46 743.97 19.06 82 1.34 0
10:47 743.97 19.11 82 1.34 0
10:48 743.97 19.22 82 2.68 0
10:49 743.97 19.28 81 1.79 0
10:50 743.97 19.28 80 .89 0
10:51 743.97 19.28 80 .89 0
10:52 743.97 19.33 80 1.79 0
10:53 743.97 19.33 80 2.24 0
10:54 743.97 19.39 80 2.24 0
10:55 743.97 19.33 80 1.79 0
10:56 743.97 19.33 80 .89 0
10:57 743.97 19.33 80 .89 0
10:58 743.97 19.39 80 1.34 0
10:59 743.97 19.39 80 1.34 0
11:00 743.97 19.44 80 .89 0
11:01 743.97 19.44 80 1.34 0
11:02 743.97 19.44 80 1.79 0
11:03 743.97 19.5 80 .89 0
11:04 743.97 19.5 80 .45 0
11:05 743.97 19.56 80 .89 0
11:06 743.97 19.56 79 1.79 0
11:07 743.97 19.61 79 .89 0
11:08 743.97 19.67 79 1.34 0
11:09 743.97 19.67 78 0 0
11:10 743.97 19.67 78 .45 0
11:11 743.97 19.67 78 .45 0
11:12 743.97 19.78 78 1.79 0
11:13 743.97 19.78 78 1.34 0
11:14 743.97 19.78 78 .89 0
11:15 743.97 19.78 79 1.79 0
11:16 743.97 19.78 79 1.79 0
11:17 743.97 19.78 79 1.34 0
11:18 743.97 19.83 80 3.58 0
11:19 743.97 19.78 79 4.02 0
11:20 743.97 19.72 79 1.34 0
11:21 743.97 19.67 79 .45 0
11:22 743.97 19.72 79 1.34 0
11:23 743.97 19.72 78 1.34 0
11:24 743.97 19.78 78 .89 0
11:25 743.97 19.72 79 .45 0
11:26 743.97 19.83 79 1.79 0
11:27 743.97 19.83 79 .89 0
11:28 743.97 19.94 79 4.02 0
11:29 743.97 19.89 79 3.58 0
11:30 744.22 19.83 78 4.92 0
11:31 744.22 19.72 78 1.79 0
11:32 744.22 19.72 79 1.34 0
11:33 744.22 19.67 79 1.79 0
11:34 744.22 19.67 79 1.79 0
11:35 744.22 19.67 79 3.13 0
11:36 743.97 19.61 79 1.34 0
11:37 743.97 19.61 79 2.24 0
11:38 743.97 19.61 79 3.13 0
11:39 744.22 19.67 78 2.24 0
11:40 743.97 19.61 79 2.24 0
11:41 744.22 19.67 79 1.34 0
11:42 743.97 19.67 79 1.34 0
11:43 744.22 19.78 80 2.24 0
11:44 743.97 19.83 79 1.79 0
11:45 743.97 19.83 79 .45 0
11:46 743.97 19.94 80 1.79 0
11:47 743.97 20 79 .89 0
11:48 743.97 20.06 79 1.79 0
11:49 743.97 20.17 79 .89 0
11:50 743.97 20.28 79 .89 0
11:51 743.97 20.28 78 1.79 0
11:52 743.97 20.39 77 .89 0
11:53 743.97 20.44 77 1.34 0
11:54 743.97 20.5 78 1.34 0
11:55 743.97 20.5 77 2.24 0
11:56 743.97 20.44 76 1.79 0
11:57 743.97 20.44 76 1.34 0
11:58 743.97 20.39 77 1.79 0
11:59 743.97 20.39 76 1.79 0
12:00 743.97 20.33 76 .89 0
12:01 743.97 20.33 77 1.34 0
12:02 743.97 20.33 77 2.68 0
12:03 743.97 20.39 76 1.79 0
12:04 743.97 20.39 76 1.79 0
12:05 743.97 20.39 76 3.13 0
12:06 743.97 20.33 75 1.79 0
12:07 743.97 20.33 76 1.34 0
12:08 743.97 20.33 76 .89 0
12:09 743.97 20.33 76 1.34 0
12:10 743.97 20.33 76 1.79 0
12:11 743.97 20.33 76 1.79 0
12:12 743.97 20.33 76 .89 0
12:13 743.97 20.33 77 1.34 0
12:14 743.97 20.28 77 1.34 0
12:15 743.97 20.33 78 .89 0
12:16 743.97 20.28 77 1.79 0
12:17 743.97 20.28 77 .89 0
12:18 743.97 20.28 77 .89 0
12:19 743.97 20.28 77 1.34 0
12:20 743.97 20.28 77 1.34 0
12:21 743.97 20.28 77 1.34 0
12:22 743.97 20.22 76 .89 0
12:23 743.97 20.17 77 1.79 0
12:24 743.97 20.17 77 1.34 0
12:25 743.97 20.17 77 2.68 0
12:26 743.97 20.11 77 1.34 0
12:27 743.97 20.06 77 .89 0
12:28 743.97 20.06 77 1.34 0
12:29 743.97 20.06 77 1.79 0
12:30 743.97 20.06 78 1.79 0
12:31 743.97 20 78 2.68 0
12:32 743.97 20.06 78 2.68 0
12:33 743.97 20.06 78 .89 0
12:34 743.97 20 78 1.34 0
12:35 743.97 20.06 78 1.79 0
12:36 743.97 20.06 78 1.34 0
12:37 743.97 20.06 78 .45 0
12:38 743.97 20.06 79 1.79 0
12:39 743.97 20.06 77 1.79 0
12:40 743.97 20.11 77 .89 0
12:41 743.97 20.11 77 1.34 0
12:42 743.97 20.11 77 1.79 0
12:43 743.97 20.11 77 0 0
12:44 743.97 20.11 77 .89 0
12:45 743.97 20.11 77 1.34 0
12:46 743.97 20.17 78 1.34 0
12:47 743.97 20.17 78 2.68 0
12:48 743.97 20.11 78 2.24 0
12:49 743.97 20.06 78 2.24 0
12:50 743.97 19.94 79 4.02 0
12:51 743.97 19.83 80 2.68 0
12:52 743.97 19.67 80 3.58 0
12:53 743.97 19.56 81 4.02 0
12:54 744.22 19.33 83 4.47 12.45
12:55 744.22 19.06 83 3.58 38.35
12:56 744.22 18.83 84 3.58 27.94
12:57 744.22 18.67 85 1.79 22.61
12:58 744.22 18.5 85 1.79 14.99
12:59 744.22 18.39 86 1.34 12.7
13:00 744.22 18.33 87 2.24 13.72
13:01 744.22 18.28 87 2.24 12.45
13:02 744.22 18.17 87 2.24 12.45
13:03 744.22 18.11 87 3.13 13.72
13:04 744.22 18.06 88 .89 8.64
13:05 744.22 18.06 88 2.24 8.38
13:06 744.22 18 89 1.79 7.62
13:07 744.22 17.94 88 1.79 5.08
13:08 744.22 17.94 89 3.13 4.83
13:09 744.22 17.89 89 1.79 4.83
13:10 744.22 17.94 89 1.34 4.83
13:11 744.22 17.89 89 .89 4.06
13:12 744.22 17.89 89 .45 3.05
13:13 744.22 17.94 89 .89 2.54
13:14 744.22 18 89 .45 2.29
13:15 744.22 18.06 90 .89 2.03
13:16 744.22 18.06 90 1.34 1.78
13:17 744.22 18.06 90 2.24 1.52
13:18 744.22 18.06 90 2.68 1.52
13:19 744.22 18.06 90 1.34 1.27
13:20 744.22 18.11 90 1.34 1.27
13:21 744.22 18.17 90 .45 1.02
13:22 744.22 18.17 90 1.34 1.02
13:23 744.22 18.22 90 .45 1.02
13:24 744.22 18.22 90 2.24 1.02
13:25 744.22 18.22 90 .89 0
13:26 744.22 18.28 90 .89 0
13:27 744.22 18.28 90 .89 0
13:28 744.22 18.28 89 .89 0
13:29 744.22 18.33 89 .89 0
13:30 744.22 18.33 89 .45 0
13:31 744.22 18.39 89 .89 0
13:32 744.22 18.39 89 .89 0
13:33 744.22 18.44 89 1.79 0
13:34 744.22 18.44 89 2.68 0
13:35 744.22 18.39 88 1.79 0
13:36 744.22 18.39 88 3.13 0
13:37 744.22 18.39 87 1.79 0
13:38 744.22 18.44 87 3.58 0
13:39 744.22 18.39 87 1.79 0
13:40 744.22 18.44 87 1.34 0
13:41 744.22 18.5 87 0 0
13:42 744.22 18.5 87 2.24 0
13:43 744.22 18.56 87 2.24 0
13:44 744.22 18.61 87 .89 0
13:45 744.22 18.56 86 2.24 0
13:46 744.22 18.56 86 1.34 0
13:47 744.22 18.56 86 1.34 0
13:48 744.22 18.61 86 3.13 0
13:49 744.22 18.61 86 1.34 0
13:50 744.22 18.61 86 1.34 0
13:51 744.22 18.61 86 2.24 0
13:52 744.22 18.61 86 1.79 0
13:53 744.22 18.61 85 2.24 0
13:54 744.22 18.61 85 3.13 0
13:55 744.22 18.67 86 .89 0
13:56 744.22 18.67 86 .89 0
13:57 744.22 18.72 86 1.34 0
13:58 744.22 18.72 85 1.34 0
13:59 744.22 18.72 85 2.24 0
14:00 744.22 18.72 85 .45 0
14:01 743.97 18.72 85 1.79 0
14:02 744.22 18.78 85 .89 0
14:03 744.22 18.78 84 1.79 0
14:04 743.97 18.78 84 1.34 0
14:05 743.97 18.78 85 1.79 0
14:06 743.97 18.78 85 3.58 0
14:07 743.97 18.78 85 1.34 0
14:08 743.97 18.78 85 .89 0
14:09 743.97 18.78 86 1.79 0
14:10 743.97 18.78 85 1.79 0
14:11 743.97 18.78 84 3.13 0
14:12 743.97 18.72 84 3.13 0
14:13 743.97 18.72 84 1.34 0
14:14 743.97 18.67 84 1.79 0
14:15 743.97 18.67 84 2.24 0
14:16 743.97 18.61 84 2.24 0
14:17 743.97 18.61 84 1.79 0
14:18 743.97 18.56 84 1.79 0
14:19 743.97 18.56 84 1.79 0
14:20 743.97 18.56 84 1.34 0
14:21 743.97 18.56 85 4.02 0
14:22 743.97 18.5 84 3.13 0
14:23 743.97 18.5 84 3.13 0
14:24 743.97 18.44 85 3.13 0
14:25 743.97 18.44 85 3.13 0
14:26 743.97 18.39 85 2.24 0
14:27 743.97 18.39 85 3.13 0
14:28 743.97 18.39 85 3.13 0
14:29 743.97 18.33 85 3.13 0
14:30 743.97 18.33 85 3.13 0
14:31 743.97 18.33 85 3.13 0
14:32 743.97 18.33 85 3.13 0
14:33 743.97 18.28 85 2.24 0
14:34 743.97 18.28 85 2.24 0
14:35 743.97 18.28 86 1.34 0
14:36 743.97 18.28 86 1.79 0
14:37 744.22 18.33 86 1.34 0
14:38 744.22 18.33 86 .89 0
14:39 743.97 18.28 86 1.79 0
14:40 744.22 18.28 86 1.34 0
14:41 744.22 18.28 87 3.13 0
14:42 744.22 18.28 87 1.34 0
14:43 744.22 18.28 87 3.58 0
14:44 744.22 18.22 87 3.13 0
14:45 743.97 18.22 87 2.24 0
14:46 743.97 18.22 86 1.79 0
14:47 743.97 18.17 86 2.68 0
14:48 743.97 18.17 87 1.79 0
14:49 743.97 18.17 87 2.68 0
14:50 743.97 18.11 87 2.68 0
14:51 743.97 18.11 87 1.79 0
14:52 743.97 18.11 87 2.24 0
14:53 743.97 18.11 87 3.13 0
14:54 743.97 18.11 87 2.24 0
14:55 743.97 18.11 87 1.79 0
14:56 743.97 18.11 86 1.79 0
14:57 743.97 18.11 86 1.34 0
14:58 743.97 18.11 86 1.34 0
14:59 743.97 18.17 86 .45 0
15:00 743.97 18.22 87 1.79 0
15:01 743.97 18.17 86 2.24 0
15:02 743.97 18.17 86 1.79 0
15:03 743.97 18.17 86 2.68 0
15:04 743.97 18.17 86 1.34 0
15:05 743.97 18.11 86 .89 0
15:06 743.97 18.17 86 1.79 0
15:07 743.97 18.11 86 1.34 0
15:08 743.97 18.11 86 1.34 0
15:09 743.97 18.06 85 3.13 0
15:10 743.97 18.06 85 1.34 0
15:11 744.22 18.06 85 .45 0
15:12 744.22 18.06 85 0 0
15:13 744.22 18.11 85 .45 0
15:14 744.22 18.17 86 .89 0
15:15 744.22 18.17 86 2.68 0
15:16 744.22 18.17 85 1.34 0
15:17 744.22 18.17 85 .89 0
15:18 744.22 18.17 86 .89 0
15:19 744.22 18.17 86 1.34 0
15:20 744.22 18.17 86 1.34 0
15:21 744.22 18.17 85 1.79 0
15:22 744.22 18.11 85 2.24 0
15:23 744.22 18.11 85 1.34 0
15:24 744.22 18.17 85 3.58 0
15:25 744.22 18.11 85 2.24 0
15:26 744.22 18.11 85 1.79 0
15:27 744.22 18.11 85 .89 0
15:28 744.22 18.06 85 1.79 0
15:29 743.97 18.06 85 1.34 0
15:30 743.97 18.06 85 .89 0
15:31 743.97 18.06 85 .89 0
15:32 743.97 18.06 85 .89 0
15:33 743.97 18.06 86 .89 0
15:34 743.97 18.06 86 .89 0
15:35 743.97 18.06 85 1.34 0
15:36 743.97 18.06 86 .89 0
15:37 743.97 18.06 86 1.34 0
15:38 743.97 18.06 86 1.34 0
15:39 743.97 18.06 86 1.79 0
15:40 743.97 18.06 86 1.79 0
15:41 743.97 18.06 86 1.34 0
15:42 744.22 18 87 .89 0
15:43 743.97 18 87 1.34 0
15:44 743.97 18 87 1.34 0
15:45 743.97 17.94 87 .89 0
15:46 743.97 17.94 87 .89 0
15:47 743.97 17.94 87 .45 0
15:48 743.97 17.89 88 1.34 0
15:49 744.22 17.89 87 .89 0
15:50 744.22 17.89 87 .89 0
15:51 743.97 17.89 87 .45 0
15:52 743.97 17.89 88 1.34 0
15:53 743.97 17.89 88 1.34 0
15:54 743.97 17.83 88 1.34 0
15:55 743.97 17.83 87 1.79 0
15:56 743.97 17.78 87 .45 0
15:57 743.97 17.78 88 .89 0
15:58 743.97 17.78 88 .89 0
15:59 743.97 17.72 88 1.34 0
16:00 743.97 17.78 88 1.34 0
16:01 743.97 17.72 88 1.34 0
16:02 743.97 17.72 88 1.79 0
16:03 743.97 17.72 88 .89 0
16:04 743.97 17.72 88 1.34 0
16:05 743.97 17.67 88 .89 0
16:06 743.97 17.67 88 .89 0
16:07 743.97 17.67 88 1.34 0
16:08 743.97 17.67 88 .45 0
16:09 743.97 17.72 89 .45 0
16:10 743.97 17.78 89 .45 0
16:11 744.22 17.72 89 .89 0
16:12 743.97 17.72 89 .89 0
16:13 743.97 17.78 89 .89 0
16:14 743.97 17.72 88 .89 0
16:15 743.97 17.78 89 0 0
16:16 743.97 17.78 89 .45 0
16:17 743.97 17.83 89 0 0
16:18 743.97 17.83 89 0 0
16:19 743.97 17.89 89 .89 0
16:20 743.97 17.89 88 .89 0
16:21 743.97 17.89 88 .45 0
16:22 743.97 17.89 87 0 0
16:23 743.97 17.83 87 .45 0
16:24 743.97 17.83 87 0 0
16:25 743.97 17.89 86 0 0
16:26 743.97 17.89 86 1.34 0
16:27 743.97 17.94 86 1.34 0
16:28 743.97 17.89 85 1.34 0
16:29 743.97 17.89 85 1.34 0
16:30 743.97 17.89 84 .45 0
16:31 743.97 17.94 85 1.34 0
16:32 743.97 17.94 85 .89 0
16:33 743.97 18 85 .89 0
16:34 743.97 18.06 85 1.79 0
16:35 743.97 18.06 85 1.34 0
16:36 743.97 18.06 86 .89 0
16:37 743.97 18.11 86 .89 0
16:38 743.97 18.11 86 1.79 0
16:39 743.97 18.11 86 1.79 0
16:40 743.97 18.06 86 1.34 0
16:41 743.97 18.11 86 2.24 0
16:42 743.97 18.06 86 1.79 0
16:43 743.97 18.06 86 1.79 0
16:44 743.97 18.06 86 1.34 0
16:45 743.97 18.06 86 2.24 0
16:46 743.97 18.06 87 1.34 0
16:47 743.97 18.06 87 1.79 0
16:48 743.97 18 87 .89 0
16:49 743.97 18 87 2.24 0
16:50 743.97 17.94 86 2.24 0
16:51 743.97 17.94 86 2.24 0
16:52 743.97 17.94 86 1.79 0
16:53 743.97 17.94 86 2.24 0
16:54 743.97 17.94 86 1.79 0
16:55 743.97 17.94 86 2.24 0
16:56 743.97 17.94 86 1.79 0
16:57 743.97 17.94 86 2.24 0
16:58 743.97 18 87 1.79 0
16:59 743.97 18 87 .89 0
17:00 743.97 18 87 1.34 0
17:01 743.97 18.06 87 1.79 0
17:02 743.97 18.06 87 1.34 0
17:03 743.97 18.06 87 1.79 0
17:04 743.97 18.06 87 2.24 0
17:05 743.97 18.06 87 .89 0
17:06 743.97 18.06 87 1.34 0
17:07 743.97 18.06 87 1.34 0
17:08 743.97 18.06 87 1.79 0
17:09 743.97 18.06 87 1.34 0
17:10 743.97 18.06 87 1.34 0
17:11 743.97 18.06 87 .45 0
17:12 743.97 18.06 87 1.34 0
17:13 743.97 18.06 87 1.79 0
17:14 743.97 18.06 86 1.79 0
17:15 743.97 18.06 86 1.34 0
17:16 743.97 18.06 87 1.34 0
17:17 743.97 18.06 86 .89 0
17:18 743.97 18.06 87 .89 0
17:19 743.97 18.06 87 .45 0
17:20 743.97 18.17 87 1.34 0
17:21 743.97 18.17 87 .45 0
17:22 743.97 18.17 87 .89 0
17:23 743.97 18.17 87 1.34 0
17:24 743.97 18.22 87 .89 0
17:25 743.97 18.22 87 .89 0
17:26 744.22 18.22 87 .45 0
17:27 744.22 18.28 87 .45 0
17:28 744.22 18.33 87 0 0
17:29 744.22 18.33 87 .89 0
17:30 744.22 18.33 87 .45 0
17:31 744.22 18.33 86 .89 0
17:32 744.22 18.33 86 .45 0
17:33 744.22 18.39 86 0 0
17:34 744.22 18.39 86 0 0
17:35 744.22 18.39 86 .45 0
17:36 744.22 18.39 86 .89 0
17:37 744.22 18.39 86 .89 0
17:38 744.22 18.39 86 .45 0
17:39 744.22 18.39 86 .45 0
17:40 744.22 18.39 86 .45 0
17:41 744.22 18.39 86 .89 0
17:42 744.22 18.39 86 .89 0
17:43 744.22 18.39 85 .45 0
17:44 744.22 18.33 85 .45 0
17:45 744.22 18.39 85 .45 0
17:46 744.22 18.39 85 .45 0
17:47 744.22 18.39 85 .89 0
17:48 744.22 18.39 85 .45 0
17:49 744.22 18.39 85 0 0
17:50 744.22 18.39 85 .89 0
17:51 744.22 18.44 85 .89 0
17:52 744.22 18.44 84 .45 0
17:53 744.22 18.5 85 1.34 0
17:54 744.22 18.5 85 .89 0
17:55 744.22 18.5 85 1.79 0
17:56 744.22 18.5 85 .89 0
17:57 744.22 18.5 85 1.34 0
17:58 744.22 18.56 85 .45 0
17:59 744.22 18.5 85 .45 0
18:00 743.97 18.56 85 .89 0
18:01 744.22 18.56 85 .89 0
18:02 743.97 18.56 85 1.34 0
18:03 743.97 18.56 85 .89 0
18:04 744.22 18.56 85 .89 0
18:05 743.97 18.56 86 .45 0
18:06 744.22 18.56 86 .45 0
18:07 743.97 18.56 86 .45 0
18:08 743.97 18.56 85 .45 0
18:09 744.22 18.56 85 .45 0
18:10 744.22 18.56 85 .45 0
18:11 743.97 18.56 85 0 0
18:12 743.97 18.67 85 0 0
18:13 743.97 18.67 85 .45 0
18:14 743.97 18.67 85 0 0
18:15 743.97 18.67 85 1.34 0
18:16 743.97 18.72 85 .89 0
18:17 743.97 18.72 85 .89 0
18:18 743.97 18.67 84 1.34 0
18:19 743.97 18.67 84 1.34 0
18:20 743.97 18.67 85 1.34 0
18:21 743.97 18.67 84 1.34 0
18:22 743.97 18.61 84 1.34 0
18:23 743.97 18.61 84 .89 0
18:24 743.97 18.56 85 .45 0
18:25 743.97 18.56 85 .89 0
18:26 743.97 18.56 85 .45 0
18:27 743.97 18.5 85 .89 0
18:28 743.97 18.5 85 .89 0
18:29 743.97 18.5 85 1.34 0
18:30 744.22 18.5 85 .89 0
18:31 743.97 18.5 84 .89 0
18:32 743.97 18.44 85 .89 0
18:33 743.97 18.44 84 .89 0
18:34 743.97 18.44 84 .89 0
18:35 743.97 18.44 84 1.34 0
18:36 743.97 18.39 84 1.34 0
18:37 743.97 18.44 84 1.34 0
18:38 743.97 18.44 84 1.79 0
18:39 743.97 18.39 85 1.79 0
18:40 743.97 18.39 85 1.34 0
18:41 743.97 18.39 85 1.79 0
18:42 743.97 18.39 86 1.79 0
18:43 743.97 18.33 86 1.79 0
18:44 743.97 18.33 86 2.68 0
18:45 743.97 18.28 86 2.24 0
18:46 743.97 18.28 86 1.79 0
18:47 743.97 18.28 86 .89 0
18:48 743.97 18.28 86 1.79 0
18:49 743.97 18.22 86 3.13 0
18:50 743.97 18.22 86 .89 0
18:51 743.97 18.22 86 1.34 0
18:52 744.22 18.22 86 .89 0
18:53 743.97 18.22 86 .45 0
18:54 744.22 18.22 86 .45 0
18:55 744.22 18.22 86 .45 0
18:56 743.97 18.22 86 .89 0
18:57 744.22 18.22 86 1.34 0
18:58 744.22 18.22 86 .89 0
18:59 744.22 18.17 86 1.79 0
19:00 744.22 18.17 86 2.24 0
19:01 743.97 18.17 86 2.24 0
19:02 744.22 18.11 86 1.34 0
19:03 744.22 18.11 86 1.34 0
19:04 744.22 18.11 86 2.24 0
19:05 744.22 18.06 86 .89 0
19:06 744.22 18.06 86 1.79 0
19:07 744.22 18.06 86 .89 0
19:08 743.97 18.06 86 .89 0
19:09 743.97 18.06 86 1.34 0
19:10 743.97 18.06 86 1.34 0
19:11 743.97 18.06 87 1.34 0
19:12 743.97 18.06 87 1.34 0
19:13 743.97 18 87 .89 0
19:14 743.97 18 87 .89 0
19:15 743.97 17.94 87 1.34 0
19:16 743.97 17.94 87 .89 0
19:17 744.22 17.94 87 .45 0
19:18 744.22 17.94 87 .89 0
19:19 744.22 17.94 87 .45 0
19:20 743.97 17.94 87 .89 0
19:21 743.97 17.94 87 .45 0
19:22 744.22 17.94 87 .45 0
19:23 744.22 17.94 87 .45 0
19:24 744.22 17.89 87 0 0
19:25 743.97 17.94 87 .45 0
19:26 744.22 17.89 87 0 0
19:27 744.22 17.89 88 0 0
19:28 743.97 17.94 88 0 0
19:29 743.97 17.94 88 .45 0
19:30 744.22 17.94 88 .89 0
19:31 744.22 17.89 87 .89 0
19:32 743.97 17.89 87 .89 0
19:33 744.22 17.94 87 1.79 0
19:34 744.22 17.89 87 1.34 0
19:35 744.22 17.89 87 1.34 0
19:36 744.22 17.89 87 .45 0
19:37 744.22 17.89 87 .89 0
19:38 744.22 17.89 87 1.34 0
19:39 744.22 17.89 87 1.79 0
19:40 744.22 17.89 87 .45 0
19:41 744.22 17.89 87 .45 0
19:42 744.22 17.89 87 1.34 0
19:43 744.22 17.89 87 .89 0
19:44 744.22 17.89 87 1.34 0
19:45 744.22 17.89 87 1.79 0
19:46 744.22 17.83 87 1.34 0
19:47 744.22 17.83 87 .89 0
19:48 744.22 17.83 87 .89 0
19:49 744.22 17.83 87 1.34 0
19:50 744.22 17.78 88 1.79 0
19:51 744.22 17.78 88 1.34 0
19:52 744.22 17.78 88 .45 0
19:53 744.22 17.72 88 .89 0
19:54 744.22 17.72 88 .89 0
19:55 744.22 17.72 88 .45 0
19:56 744.22 17.72 88 .45 0
19:57 744.22 17.72 88 0 0
19:58 744.22 17.72 88 .45 0
19:59 744.22 17.67 88 .45 0
20:00 744.22 17.67 88 0 0
20:01 744.22 17.67 88 .45 0
20:02 744.22 17.67 88 0 0
20:03 744.22 17.67 89 .45 0
20:04 744.22 17.61 89 .45 0
20:05 744.22 17.61 89 0 0
20:06 744.22 17.61 89 0 0
20:07 744.22 17.61 89 0 0
20:08 744.22 17.61 89 0 0
20:09 744.22 17.61 89 0 0
20:10 744.22 17.61 89 0 0
20:11 744.22 17.61 89 0 0
20:12 744.22 17.61 89 0 0
20:13 744.22 17.61 89 0 0
20:14 744.22 17.61 89 0 0
20:15 744.22 17.61 89 0 0
20:16 744.22 17.61 89 0 0
20:17 744.22 17.56 89 0 0
20:18 744.47 17.56 89 0 0
20:19 744.47 17.61 89 0 0
20:20 744.47 17.56 89 0 0
20:21 744.22 17.61 89 0 0
20:22 744.47 17.56 89 0 0
20:23 744.47 17.56 89 0 0
20:24 744.22 17.56 89 0 0
20:25 744.47 17.56 89 0 0
20:26 744.47 17.56 89 0 0
20:27 744.47 17.5 89 0 0
20:28 744.47 17.5 89 0 0
20:29 744.47 17.5 89 0 0
20:30 744.47 17.5 89 0 0
20:31 744.47 17.5 89 0 0
20:32 744.47 17.44 89 0 0
20:33 744.47 17.44 89 0 0
20:34 744.47 17.44 89 .89 0
20:35 744.47 17.39 89 0 0
20:36 744.47 17.39 89 .45 0
20:37 744.47 17.33 89 .45 0
20:38 744.47 17.39 89 0 0
20:39 744.47 17.39 89 .45 0
20:40 744.47 17.33 89 0 0
20:41 744.47 17.33 89 0 0
20:42 744.47 17.33 89 0 0
20:43 744.47 17.33 90 0 0
20:44 744.47 17.33 90 .45 0
20:45 744.47 17.33 89 .89 0
20:46 744.47 17.28 89 .89 0
20:47 744.22 17.28 89 0 0
20:48 744.47 17.22 89 .45 0
20:49 744.47 17.17 90 .45 0
20:50 744.47 17.17 90 0 0
20:51 744.22 17.17 90 0 0
20:52 744.47 17.11 90 0 0
20:53 744.47 17.06 90 0 0
20:54 744.47 17.06 90 0 0
20:55 744.47 17.06 90 0 0
20:56 744.47 17 90 0 0
20:57 744.47 17 90 0 0
20:58 744.22 17 90 0 0
20:59 744.47 16.94 90 0 0
21:00 744.22 16.94 90 0 0
21:01 744.47 16.94 90 0 0
21:02 744.22 16.94 90 0 0
21:03 744.47 16.94 90 0 0
21:04 744.47 16.89 90 0 0
21:05 744.47 16.89 90 0 0
21:06 744.47 16.89 90 0 0
21:07 744.47 16.89 91 0 0
21:08 744.47 16.83 91 0 0
21:09 744.22 16.83 91 0 0
21:10 744.22 16.89 91 0 0
21:11 744.47 16.83 91 0 0
21:12 744.22 16.83 91 0 0
21:13 744.22 16.83 91 0 0
21:14 744.47 16.83 91 0 0
21:15 744.22 16.83 91 0 0
21:16 744.22 16.83 91 0 0
21:17 744.22 16.83 91 0 0
21:18 744.47 16.78 91 0 0
21:19 744.22 16.78 91 0 0
21:20 744.22 16.78 91 .89 0
21:21 744.22 16.72 91 .89 0
21:22 744.47 16.72 91 .89 0
21:23 744.47 16.72 91 0 0
21:24 744.47 16.72 91 .45 0
21:25 744.47 16.72 91 .89 0
21:26 744.47 16.72 91 .89 0
21:27 744.22 16.72 91 .89 0
21:28 744.47 16.72 91 .89 0
21:29 744.47 16.72 91 .89 0
21:30 744.47 16.72 91 .45 0
21:31 744.47 16.72 91 .45 0
21:32 744.47 16.67 91 .89 0
21:33 744.47 16.67 91 .89 0
21:34 744.47 16.67 91 .45 0
21:35 744.47 16.72 91 .89 0
21:36 744.47 16.67 91 .89 0
21:37 744.47 16.67 91 .89 0
21:38 744.47 16.67 91 .89 0
21:39 744.47 16.67 92 1.34 0
21:40 744.47 16.67 92 1.34 0
21:41 744.47 16.67 92 .89 0
21:42 744.47 16.67 92 .89 0
21:43 744.47 16.67 92 1.34 0
21:44 744.47 16.67 92 1.34 0
21:45 744.47 16.67 92 .89 0
21:46 744.47 16.67 92 1.34 0
21:47 744.47 16.72 92 .89 0
21:48 744.47 16.72 92 .89 0
21:49 744.47 16.72 92 .89 0
21:50 744.47 16.72 92 .89 0
21:51 744.47 16.72 92 .89 0
21:52 744.47 16.72 92 .45 0
21:53 744.47 16.72 92 0 0
21:54 744.47 16.72 92 .45 0
21:55 744.47 16.72 92 0 0
21:56 744.47 16.67 92 .45 0
21:57 744.47 16.72 91 .45 0
21:58 744.47 16.72 92 .45 0
21:59 744.47 16.72 91 .45 0
22:00 744.47 16.72 91 .45 0
22:01 744.47 16.72 91 .89 0
22:02 744.47 16.67 91 .89 0
22:03 744.47 16.72 91 .45 0
22:04 744.47 16.67 91 1.34 0
22:05 744.47 16.67 91 .89 0
22:06 744.47 16.61 91 .89 0
22:07 744.47 16.61 91 .89 0
22:08 744.47 16.61 91 .89 0
22:09 744.47 16.61 91 .45 0
22:10 744.47 16.61 91 .45 0
22:11 744.47 16.56 92 .45 0
22:12 744.47 16.56 92 .45 0
22:13 744.47 16.56 92 0 0
22:14 744.47 16.56 92 0 0
22:15 744.73 16.56 92 0 0
22:16 744.73 16.5 92 0 0
22:17 744.73 16.5 92 0 0
22:18 744.73 16.56 92 0 0
22:19 744.73 16.5 92 0 0
22:20 744.47 16.5 92 0 0
22:21 744.73 16.56 92 0 0
22:22 744.73 16.56 92 0 0
22:23 744.73 16.5 92 0 0
22:24 744.73 16.56 92 0 0
22:25 744.73 16.56 92 0 0
22:26 744.73 16.56 92 0 0
22:27 744.73 16.56 92 0 0
22:28 744.73 16.56 92 0 0
22:29 744.73 16.56 92 0 0
22:30 744.73 16.56 92 0 0
22:31 744.73 16.56 92 0 0
22:32 744.73 16.56 92 0 0
22:33 744.73 16.56 92 0 0
22:34 744.73 16.56 92 0 0
22:35 744.73 16.56 92 0 0
22:36 744.73 16.61 92 0 0
22:37 744.73 16.61 92 0 0
22:38 744.73 16.61 92 .89 0
22:39 744.73 16.61 92 .89 0
22:40 744.73 16.61 92 .89 0
22:41 744.73 16.61 92 1.34 0
22:42 744.73 16.61 92 1.34 0
22:43 744.73 16.61 92 .89 0
22:44 744.73 16.61 92 .45 0
22:45 744.73 16.61 92 .45 0
22:46 744.73 16.61 92 .45 0
22:47 744.73 16.61 92 .45 0
22:48 744.73 16.61 92 .45 0
22:49 744.73 16.61 92 0 0
22:50 744.73 16.61 92 0 0
22:51 744.73 16.61 92 0 0
22:52 744.73 16.56 92 0 0
22:53 744.73 16.56 92 0 0
22:54 744.73 16.56 92 .45 0
22:55 744.73 16.56 92 .45 0
22:56 744.73 16.56 92 .45 0
22:57 744.73 16.5 92 .89 0
22:58 744.73 16.56 92 .89 0
22:59 744.73 16.56 92 .89 0
23:00 744.73 16.5 92 .89 0
23:01 744.73 16.44 92 .89 0
23:02 744.73 16.5 92 .45 0
23:03 744.73 16.44 92 .89 0
23:04 744.73 16.44 92 .89 0
23:05 744.73 16.44 92 1.34 0
23:06 744.73 16.5 92 1.34 0
23:07 744.73 16.5 92 .89 0
23:08 744.73 16.44 92 .89 0
23:09 744.73 16.44 92 .45 0
23:10 744.73 16.44 92 1.34 0
23:11 744.73 16.44 92 .89 0
23:12 744.73 16.44 92 1.34 0
23:13 744.73 16.44 92 1.34 0
23:14 744.73 16.44 92 1.34 0
23:15 744.73 16.44 92 .89 0
23:16 744.73 16.44 92 .89 0
23:17 744.73 16.44 92 .89 0
23:18 744.73 16.44 92 .89 0
23:19 744.73 16.44 92 1.34 0
23:20 744.73 16.44 92 .89 0
23:21 744.73 16.5 92 .89 0
23:22 744.73 16.44 92 .89 0
23:23 744.73 16.44 92 1.34 0
23:24 744.73 16.44 92 1.34 0
23:25 744.73 16.44 92 1.34 0
23:26 744.73 16.44 92 1.34 0
23:27 744.73 16.44 92 .89 0
23:28 744.73 16.44 92 1.34 0
23:29 744.73 16.44 92 1.79 0
23:30 744.73 16.44 92 .89 0
23:31 744.73 16.44 92 .89 0
23:32 744.73 16.44 92 1.34 0
23:33 744.73 16.44 92 .89 0
23:34 744.73 16.44 92 1.34 0
23:35 744.73 16.39 92 .89 0
23:36 744.73 16.39 92 .89 0
23:37 744.73 16.39 92 .45 0
23:38 744.73 16.33 92 1.34 0
23:39 744.73 16.33 92 1.34 0
23:40 744.73 16.33 92 .89 0
23:41 744.73 16.33 92 .89 0
23:42 744.73 16.28 92 .45 0
23:43 744.73 16.28 92 1.34 0
23:44 744.73 16.28 92 .89 0
23:45 744.73 16.28 92 .45 0
23:46 744.73 16.28 92 .45 0
23:47 744.73 16.28 92 .45 0
23:48 744.73 16.22 92 0 0
23:49 744.73 16.22 92 0 0
23:50 744.73 16.22 92 0 0
23:51 744.73 16.22 92 0 0
23:52 744.98 16.22 92 .45 0
23:53 744.98 16.22 92 .89 0
23:54 744.98 16.17 92 .89 0
23:55 744.73 16.17 92 .89 0
23:56 744.98 16.22 93 1.34 0
23:57 744.73 16.17 93 .89 0
23:58 744.73 16.17 93 1.34 0
23:59 744.98 16.17 93 1.34 0
