00:00 755.9 1.11 93 1.34 0
00:01 755.9 1.11 93 .45 0
00:02 755.9 1.11 93 1.34 0
00:03 755.9 1.11 93 1.79 0
00:04 755.9 1.11 93 .89 0
00:05 755.9 1.17 93 1.34 0
00:06 755.9 1.17 93 .45 0
00:07 755.9 1.17 93 .45 0
00:08 755.9 1.17 93 0 0
00:09 755.9 1.22 93 .45 0
00:10 755.9 1.17 93 .45 0
00:11 755.9 1.22 93 .45 0
00:12 755.9 1.17 93 .89 0
00:13 755.9 1.22 93 0 0
00:14 755.9 1.17 93 .45 0
00:15 755.9 1.22 93 1.34 0
00:16 755.9 1.22 93 3.13 0
00:17 755.9 1.22 94 2.68 0
00:18 755.9 1.17 93 .89 0
00:19 755.9 1.17 93 1.79 0
00:20 755.9 1.11 93 1.79 0
00:21 755.9 1.17 93 .89 0
00:22 755.9 1.11 93 2.24 0
00:23 756.16 1.17 93 1.79 0
00:24 756.16 1.11 93 1.34 0
00:25 755.9 1.11 93 1.79 0
00:26 756.16 1.11 93 2.24 0
00:27 756.16 1.11 93 1.34 0
00:28 756.16 1.11 93 1.79 0
00:29 756.16 1.11 93 1.79 0
00:30 756.16 1.11 93 .45 0
00:31 756.16 1.06 93 1.34 0
00:32 756.16 1.11 93 1.34 0
00:33 756.16 1.06 93 1.79 0
00:34 756.16 1.06 93 1.34 0
00:35 756.16 1.06 93 .89 0
00:36 756.16 1.06 93 1.34 0
00:37 756.16 1.06 93 2.24 0
00:38 756.16 1.11 93 1.79 0
00:39 756.16 1.11 93 2.24 0
00:40 756.41 1.11 93 1.34 0
00:41 756.41 1.06 93 1.34 0
00:42 756.41 1.06 93 1.79 0
00:43 756.41 1.11 93 .45 0
00:44 756.16 1.06 93 .45 0
00:45 756.16 1.11 93 2.24 0
00:46 756.41 1.11 93 1.34 0
00:47 756.41 1.11 93 .89 0
00:48 756.16 1.11 93 .89 0
00:49 756.16 1.06 93 .45 0
00:50 756.16 1.06 93 .89 0
00:51 756.16 1.06 93 .89 0
00:52 756.16 1.06 93 1.34 0
00:53 756.16 1.06 93 .45 0
00:54 756.16 1.06 93 .89 0
00:55 756.16 1.06 93 .89 0
00:56 756.16 1.06 93 1.34 0
00:57 756.16 1.06 93 .89 0
00:58 756.16 1.06 93 .89 0
00:59 756.16 1.06 93 .89 0
01:00 756.16 1.06 93 0 0
01:01 756.16 1.06 93 0 0
01:02 756.16 1.06 93 0 0
01:03 756.16 1.06 93 0 0
01:04 756.16 1 94 0 0
01:05 756.16 1.06 93 0 0
01:06 756.16 1 93 0 0
01:07 756.16 1.06 93 0 0
01:08 756.16 1.06 94 0 0
01:09 756.16 1.06 94 .89 0
01:10 756.16 1.06 93 0 0
01:11 756.16 1.06 93 .89 0
01:12 756.16 1.06 93 0 0
01:13 756.16 1.06 93 0 0
01:14 756.16 1.06 93 .45 0
01:15 756.16 1.11 93 .45 0
01:16 756.16 1.11 93 1.34 0
01:17 756.16 1.11 94 1.34 0
01:18 756.16 1.06 93 .45 0
01:19 756.16 1.06 93 .89 0
01:20 756.16 1.06 93 .89 0
01:21 756.16 1.06 93 .45 0
01:22 756.16 1.11 93 0 0
01:23 756.16 1.11 94 .45 0
01:24 756.16 1.11 93 .45 0
01:25 756.16 1.11 93 1.34 0
01:26 756.16 1.11 93 1.34 0
01:27 756.16 1.11 93 1.79 0
01:28 756.16 1.11 93 .89 0
01:29 756.16 1.11 93 1.34 0
01:30 756.16 1.11 93 .89 0
01:31 756.16 1.06 93 .89 0
01:32 756.16 1.06 94 .89 0
01:33 756.16 1.06 93 1.34 0
01:34 756.16 1.06 94 .89 0
01:35 756.16 1.06 94 .89 0
01:36 756.16 1.06 94 1.79 0
01:37 756.16 1.06 94 1.34 0
01:38 756.16 1.06 94 1.34 0
01:39 756.16 1.06 94 1.34 0
01:40 756.16 1.06 94 1.34 0
01:41 756.16 1 94 1.34 0
01:42 756.16 1.06 94 .89 0
01:43 756.16 1.06 94 .89 0
01:44 756.16 1.06 94 .89 0
01:45 756.16 1.06 93 1.34 0
01:46 756.16 1.06 94 .89 0
01:47 756.16 1.06 94 .89 0
01:48 756.16 1.06 94 .89 0
01:49 756.16 1.06 93 .89 0
01:50 756.16 1.06 93 1.34 0
01:51 756.16 1.06 94 .89 0
01:52 756.16 1.06 94 1.79 0
01:53 756.16 1.11 94 .89 0
01:54 756.16 1.11 94 1.79 0
01:55 756.16 1.11 94 .45 0
01:56 756.16 1.11 94 .45 0
01:57 756.16 1.06 93 1.34 0
01:58 756.16 1.11 93 .45 0
01:59 756.16 1.11 94 .45 0
02:00 756.16 1.06 93 1.34 0
02:01 756.16 1.11 93 .45 0
02:02 756.16 1.06 94 1.34 0
02:03 756.16 1.11 93 1.34 0
02:04 756.16 1.06 94 1.79 0
02:05 756.16 1.06 94 .89 0
02:06 756.16 1.06 94 1.34 0
02:07 756.16 1.06 94 1.34 0
02:08 756.16 1.06 94 0 0
02:09 756.16 1.06 94 0 0
02:10 756.16 1.06 94 1.79 0
02:11 756.16 1.06 94 .45 0
02:12 756.16 1.06 94 .89 0
02:13 756.16 1.06 94 .89 0
02:14 756.16 1 94 .89 0
02:15 756.16 1 94 2.68 0
02:16 756.16 1 94 1.79 0
02:17 756.16 .94 94 1.79 0
02:18 756.16 .94 94 .89 0
02:19 756.16 .94 94 1.79 0
02:20 756.16 .94 94 1.34 0
02:21 755.9 .94 94 2.24 0
02:22 756.16 .94 94 3.13 0
02:23 755.9 .89 94 2.24 0
02:24 755.9 .89 94 3.13 0
02:25 755.9 .83 94 1.79 0
02:26 755.9 .83 94 1.79 0
02:27 755.9 .83 93 2.68 0
02:28 755.9 .83 93 1.34 0
02:29 755.9 .83 93 1.34 0
02:30 755.9 .83 93 2.68 0
02:31 755.9 .83 93 3.13 0
02:32 755.9 .83 94 3.13 0
02:33 755.9 .89 94 2.24 0
02:34 755.9 .89 93 2.24 0
02:35 755.9 .83 94 2.68 0
02:36 755.9 .83 94 1.79 0
02:37 755.9 .83 93 2.68 0
02:38 755.9 .83 93 3.13 0
02:39 755.9 .83 94 1.34 0
02:40 755.9 .83 94 1.79 0
02:41 755.9 .89 94 .89 0
02:42 756.16 .89 94 .89 0
02:43 755.9 .94 94 0 0
02:44 755.9 .94 94 1.34 0
02:45 755.9 .94 94 1.79 0
02:46 756.16 .94 94 1.79 0
02:47 756.16 .94 94 1.79 0
02:48 755.9 .89 94 2.68 0
02:49 756.16 .89 94 1.34 0
02:50 756.16 .83 93 1.79 0
02:51 756.16 .78 93 2.24 0
02:52 755.9 .78 93 1.79 0
02:53 755.9 .78 93 3.58 0
02:54 755.9 .78 93 4.02 0
02:55 755.9 .72 93 3.58 0
02:56 755.9 .72 93 1.34 0
02:57 755.9 .72 93 4.47 0
02:58 755.9 .67 94 2.24 0
02:59 756.16 .67 94 1.34 0
03:00 755.9 .67 94 2.24 0
03:01 755.9 .67 94 3.13 0
03:02 755.9 .67 94 3.58 0
03:03 755.9 .67 93 1.79 0
03:04 755.9 .67 93 2.24 0
03:05 755.9 .67 93 2.68 0
03:06 755.9 .67 93 1.79 0
03:07 755.9 .67 94 2.24 0
03:08 755.9 .67 94 3.58 0
03:09 755.9 .61 94 3.58 0
03:10 755.9 .61 94 4.02 0
03:11 755.9 .61 94 4.02 0
03:12 756.16 .56 94 4.02 0
03:13 756.16 .56 94 3.58 0
03:14 756.16 .5 94 3.13 0
03:15 756.16 .5 94 2.24 0
03:16 756.16 .5 94 2.68 0
03:17 756.16 .5 93 3.58 0
03:18 756.16 .5 94 2.24 0
03:19 756.16 .5 93 2.68 0
03:20 756.16 .5 93 .89 0
03:21 756.16 .5 93 1.34 0
03:22 756.16 .5 93 1.79 0
03:23 756.16 .5 94 1.34 0
03:24 756.16 .5 94 3.13 0
03:25 756.16 .56 94 1.34 0
03:26 756.16 .56 94 3.58 0
03:27 756.16 .56 94 2.24 0
03:28 756.16 .56 94 2.24 0
03:29 756.16 .5 94 .45 0
03:30 756.16 .5 94 2.24 0
03:31 756.16 .5 93 2.68 0
03:32 756.16 .44 93 .89 0
03:33 756.16 .5 93 1.79 0
03:34 756.16 .44 93 .45 0
03:35 756.16 .44 93 3.13 0
03:36 756.16 .44 93 1.79 0
03:37 756.16 .44 93 .45 0
03:38 756.16 .44 93 2.24 0
03:39 756.16 .44 93 1.79 0
03:40 756.16 .44 93 2.24 0
03:41 756.16 .44 93 2.24 0
03:42 756.16 .39 93 .45 0
03:43 756.16 .39 93 1.79 0
03:44 756.16 .39 93 1.79 0
03:45 756.16 .39 93 2.68 0
03:46 756.16 .39 93 2.24 0
03:47 756.16 .39 94 .89 0
03:48 756.16 .39 94 .89 0
03:49 756.41 .44 94 .89 0
03:50 756.41 .44 93 .45 0
03:51 756.41 .44 94 .89 0
03:52 756.41 .44 93 .89 0
03:53 756.41 .44 93 1.79 0
03:54 756.41 .44 94 2.24 0
03:55 756.41 .39 93 1.34 0
03:56 756.41 .39 93 3.13 0
03:57 756.41 .39 94 1.79 0
03:58 756.41 .39 93 1.34 0
03:59 756.16 .39 94 .89 0
04:00 756.41 .39 93 .89 0
04:01 756.41 .39 94 .89 0
04:02 756.41 .39 93 .89 0
04:03 756.41 .39 94 1.79 0
04:04 756.41 .39 93 1.79 0
04:05 756.41 .39 94 .89 0
04:06 756.41 .39 94 1.34 0
04:07 756.41 .39 93 1.34 0
04:08 756.41 .33 94 .45 0
04:09 756.41 .39 93 2.24 0
04:10 756.41 .39 94 1.79 0
04:11 756.41 .39 94 .45 0
04:12 756.41 .39 93 .89 0
04:13 756.41 .39 94 .45 0
04:14 756.41 .39 93 1.34 0
04:15 756.41 .39 94 .89 0
04:16 756.41 .39 94 .89 0
04:17 756.41 .39 94 1.79 0
04:18 756.41 .39 93 .45 0
04:19 756.41 .39 94 1.34 0
04:20 756.41 .39 94 1.34 0
04:21 756.41 .39 94 2.68 0
04:22 756.41 .39 94 2.68 0
04:23 756.41 .33 94 1.79 0
04:24 756.41 .33 94 2.68 0
04:25 756.67 .33 94 2.24 0
04:26 756.41 .33 94 2.68 0
04:27 756.67 .33 94 2.24 0
04:28 756.67 .33 94 .89 0
04:29 756.67 .39 94 2.24 0
04:30 756.67 .33 94 .89 0
04:31 756.67 .39 94 2.68 0
04:32 756.67 .39 94 1.79 0
04:33 756.67 .33 94 1.34 0
04:34 756.67 .33 94 1.79 0
04:35 756.67 .33 94 1.34 0
04:36 756.67 .33 94 2.68 0
04:37 756.67 .28 94 3.13 0
04:38 756.67 .28 94 3.13 0
04:39 756.67 .28 94 3.58 0
04:40 756.67 .22 94 2.24 0
04:41 756.67 .22 93 3.13 0
04:42 756.67 .17 93 2.68 0
04:43 756.67 .17 93 2.68 0
04:44 756.67 .17 93 3.13 0
04:45 756.67 .17 93 1.79 0
04:46 756.67 .11 93 1.79 0
04:47 756.67 .17 93 2.24 0
04:48 756.67 .17 93 2.24 0
04:49 756.67 .11 93 1.34 0
04:50 756.92 .11 93 2.68 0
04:51 756.92 .11 93 2.24 0
04:52 756.92 .06 93 1.79 0
04:53 756.92 .06 93 2.68 0
04:54 756.92 .11 93 1.34 0
04:55 756.92 .06 93 .45 0
04:56 756.92 .11 93 .45 0
04:57 756.92 .11 93 1.79 0
04:58 756.92 .11 93 2.24 0
04:59 756.92 .11 93 1.79 0
05:00 756.92 .11 93 1.34 0
05:01 756.92 .11 93 .45 0
05:02 756.92 .06 93 .89 0
05:03 756.92 .06 93 2.24 0
05:04 756.92 .06 93 1.79 0
05:05 756.92 .06 94 .89 0
05:06 756.92 .06 94 .89 0
05:07 756.92 0 94 .45 0
05:08 756.92 .06 94 2.24 0
05:09 756.92 .06 94 1.34 0
05:10 756.92 .06 94 1.79 0
05:11 756.92 0 94 0 0
05:12 756.92 0 94 2.24 0
05:13 756.67 .06 94 .89 0
05:14 756.92 .06 94 1.34 0
05:15 756.92 0 94 .45 0
05:16 756.92 0 94 2.68 0
05:17 756.67 0 94 1.34 0
05:18 756.92 0 94 1.79 0
05:19 756.92 0 94 2.24 0
05:20 756.92 0 94 3.13 0
05:21 756.92 .06 94 1.79 0
05:22 756.92 0 94 .45 0
05:23 756.92 .06 94 1.34 0
05:24 756.92 .06 94 .89 0
05:25 756.92 .06 93 .89 0
05:26 756.92 .11 93 2.24 0
05:27 756.92 .11 93 0 0
05:28 756.92 .17 93 .89 0
05:29 756.92 .17 93 1.34 0
05:30 756.67 .17 93 .89 0
05:31 756.92 .11 93 1.34 0
05:32 756.92 .17 93 .89 0
05:33 756.67 .11 93 3.13 0
05:34 756.67 .11 93 4.02 0
05:35 756.67 .11 93 .89 0
05:36 756.67 .06 93 2.68 0
05:37 756.67 .06 94 .89 0
05:38 756.67 .06 93 2.24 0
05:39 756.67 .06 93 1.34 0
05:40 756.67 .06 94 1.79 0
05:41 756.67 .06 93 .89 0
05:42 756.67 .06 94 1.34 0
05:43 756.67 .06 93 1.34 0
05:44 756.67 .06 93 .89 0
05:45 756.92 .06 93 3.13 0
05:46 756.92 .11 93 1.79 0
05:47 756.92 .06 93 2.68 0
05:48 756.92 .06 93 3.13 0
05:49 756.92 .11 93 1.79 0
05:50 756.92 .11 93 .89 0
05:51 756.92 .11 93 2.68 0
05:52 756.92 .06 93 .89 0
05:53 756.92 .11 93 .89 0
05:54 756.92 .11 93 2.68 0
05:55 756.92 .11 93 3.58 0
05:56 756.92 .17 93 1.34 0
05:57 756.92 .11 94 2.24 0
05:58 756.92 .17 93 1.79 0
05:59 756.92 .11 93 2.24 0
06:00 756.92 .11 93 .89 0
06:01 756.92 .17 93 2.24 0
06:02 756.92 .17 93 .89 0
06:03 756.92 .17 93 1.79 0
06:04 756.92 .17 93 2.24 0
06:05 756.92 .17 93 3.13 0
06:06 756.92 .22 93 3.13 0
06:07 756.92 .17 93 3.13 0
06:08 756.92 .17 93 2.68 0
06:09 756.92 .17 93 .89 0
06:10 756.92 .17 94 2.24 0
06:11 756.92 .17 93 1.79 0
06:12 756.92 .17 93 .89 0
06:13 756.92 .17 94 3.13 0
06:14 756.92 .17 93 1.79 0
06:15 756.92 .22 93 1.79 0
06:16 756.92 .17 94 3.58 0
06:17 756.92 .22 93 3.58 0
06:18 756.92 .17 94 3.58 0
06:19 756.92 .22 94 1.79 0
06:20 756.92 .22 94 1.79 0
06:21 756.92 .22 94 1.79 0
06:22 756.92 .22 94 1.79 0
06:23 756.92 .22 94 4.02 0
06:24 756.67 .22 93 .45 0
06:25 756.67 .28 94 1.34 0
06:26 756.67 .28 94 1.79 0
06:27 756.67 .28 94 1.79 0
06:28 756.67 .28 94 1.34 0
06:29 756.67 .28 94 2.24 0
06:30 756.67 .28 94 2.24 0
06:31 756.67 .28 94 3.58 0
06:32 756.92 .22 94 1.34 0
06:33 756.92 .22 94 0 0
06:34 756.92 .28 94 2.68 0
06:35 756.92 .28 94 1.34 0
06:36 756.92 .28 94 4.47 0
06:37 756.92 .33 94 4.47 0
06:38 756.92 .28 94 2.68 0
06:39 756.92 .28 94 .89 0
06:40 756.92 .28 94 2.24 0
06:41 756.92 .28 94 1.79 0
06:42 756.92 .28 94 1.79 0
06:43 756.92 .33 94 2.24 0
06:44 756.92 .33 94 2.24 0
06:45 756.92 .33 94 2.24 0
06:46 756.92 .33 94 .89 0
06:47 756.92 .33 94 2.68 0
06:48 756.92 .33 94 1.79 0
06:49 756.92 .33 94 .89 0
06:50 756.92 .33 94 1.79 0
06:51 756.92 .33 94 2.24 0
06:52 756.92 .33 94 1.79 0
06:53 756.92 .39 94 3.13 0
06:54 756.92 .33 94 2.24 0
06:55 756.92 .33 94 1.79 0
06:56 756.92 .33 94 1.34 0
06:57 757.17 .39 94 2.68 0
06:58 756.92 .33 94 1.34 0
06:59 756.92 .39 94 1.79 0
07:00 756.92 .39 94 .89 0
07:01 756.92 .44 94 2.68 0
07:02 756.92 .44 94 2.24 0
07:03 756.92 .44 94 2.68 0
07:04 756.92 .44 94 .89 0
07:05 756.92 .44 94 2.68 0
07:06 756.92 .44 94 3.58 0
07:07 756.92 .44 94 .89 0
07:08 756.92 .5 94 4.47 0
07:09 756.92 .44 94 2.68 0
07:10 756.92 .5 94 2.68 0
07:11 756.92 .5 94 2.24 0
07:12 756.92 .5 94 2.24 0
07:13 756.92 .5 94 .89 0
07:14 756.92 .44 94 0 0
07:15 756.92 .5 94 1.34 0
07:16 756.92 .5 94 .89 0
07:17 756.92 .5 94 .89 0
07:18 756.92 .56 94 1.34 0
07:19 756.92 .56 94 .89 0
07:20 756.92 .56 94 3.13 0
07:21 756.92 .61 94 .45 0
07:22 756.92 .61 94 4.02 0
07:23 756.92 .61 94 .45 0
07:24 756.92 .67 94 .89 0
07:25 756.92 .61 94 .89 0
07:26 756.92 .67 94 1.79 0
07:27 756.92 .67 94 3.58 0
07:28 756.92 .67 94 2.68 0
07:29 756.92 .67 94 2.24 0
07:30 756.92 .67 94 1.79 0
07:31 756.92 .67 94 1.34 0
07:32 756.92 .67 94 1.34 0
07:33 756.92 .67 94 1.34 0
07:34 756.92 .67 94 1.79 0
07:35 756.92 .72 94 .89 0
07:36 756.92 .72 94 4.02 0
07:37 756.92 .72 94 2.24 0
07:38 756.92 .72 94 1.79 0
07:39 756.92 .72 94 4.02 0
07:40 756.92 .67 94 1.34 0
07:41 756.92 .67 94 2.68 0
07:42 756.92 .72 94 1.34 0
07:43 756.92 .72 94 1.34 0
07:44 757.17 .72 94 1.79 0
07:45 757.17 .72 94 2.24 0
07:46 757.17 .72 94 3.58 0
07:47 757.17 .72 94 2.24 0
07:48 757.17 .78 94 1.79 0
07:49 757.17 .72 94 .45 0
07:50 757.17 .72 94 1.34 0
07:51 757.17 .78 94 1.34 0
07:52 757.17 .72 94 3.58 0
07:53 756.92 .78 94 .89 0
07:54 756.92 .78 94 2.24 0
07:55 757.17 .72 94 1.34 0
07:56 757.17 .72 94 3.58 0
07:57 757.17 .72 94 .89 0
07:58 757.17 .78 94 1.79 0
07:59 757.17 .78 94 1.34 0
08:00 757.17 .78 94 1.79 0
08:01 757.17 .78 94 1.79 0
08:02 757.17 .78 94 1.34 0
08:03 757.17 .78 94 2.24 0
08:04 757.17 .78 94 2.24 0
08:05 757.17 .78 94 3.58 0
08:06 757.17 .78 94 1.34 0
08:07 757.17 .83 94 .45 0
08:08 757.17 .83 94 .89 0
08:09 757.17 .83 94 2.68 0
08:10 757.17 .83 94 3.13 0
08:11 757.17 .83 94 1.34 0
08:12 757.17 .83 94 1.79 0
08:13 757.17 .83 94 1.34 0
08:14 757.17 .89 94 1.34 0
08:15 757.17 .89 94 .89 0
08:16 757.17 .89 94 1.79 0
08:17 757.17 .89 94 .89 0
08:18 757.17 .94 94 3.13 0
08:19 757.17 .94 94 2.24 0
08:20 757.17 .94 94 .89 0
08:21 757.17 .94 94 1.34 0
08:22 757.17 .94 94 1.79 0
08:23 757.17 .94 94 .89 0
08:24 757.17 .94 94 2.24 0
08:25 757.17 .94 94 3.13 0
08:26 757.17 .94 94 1.34 0
08:27 757.17 .94 94 .89 0
08:28 757.17 1 94 1.79 0
08:29 757.17 1 94 2.68 0
08:30 757.17 1 94 2.68 0
08:31 757.17 1 94 2.24 0
08:32 757.17 1 94 .89 0
08:33 756.92 1 94 3.13 0
08:34 756.92 1 94 4.02 0
08:35 756.92 1 94 2.24 0
08:36 756.92 1.06 94 3.13 0
08:37 756.92 1 94 1.79 0
08:38 756.92 1.06 94 2.24 0
08:39 756.92 1.06 94 1.79 0
08:40 756.92 1.06 94 4.92 0
08:41 756.92 1.06 94 4.47 0
08:42 756.92 1 94 1.34 0
08:43 756.92 1.06 94 1.34 0
08:44 756.92 1.06 94 1.79 0
08:45 757.17 1.06 94 4.02 0
08:46 757.17 1.06 94 3.58 0
08:47 757.17 1.06 94 4.02 0
08:48 757.17 1.06 94 3.13 0
08:49 757.17 1 94 4.47 0
08:50 757.17 1.06 94 3.13 0
08:51 757.17 1.06 94 1.34 0
08:52 757.17 1.06 94 1.79 0
08:53 757.17 1.06 94 .89 0
08:54 757.17 1.06 94 1.79 0
08:55 757.17 1.11 94 .45 0
08:56 757.17 1.11 94 .89 0
08:57 757.17 1.11 94 3.13 0
08:58 757.17 1.11 94 1.79 0
08:59 757.43 1.11 94 2.24 0
09:00 757.17 1.06 94 1.79 0
09:01 757.17 1.11 94 3.13 0
09:02 757.43 1.06 94 1.34 0
09:03 757.43 1.11 94 .89 0
09:04 757.17 1.11 94 2.68 0
09:05 757.17 1.11 94 1.79 0
09:06 757.17 1.11 94 1.34 0
09:07 757.17 1.11 94 1.34 0
09:08 757.17 1.11 94 2.68 0
09:09 757.17 1.17 94 1.34 0
09:10 757.17 1.11 94 1.79 0
09:11 757.17 1.11 94 1.34 0
09:12 757.17 1.17 94 3.58 0
09:13 757.17 1.17 94 2.68 0
09:14 757.17 1.17 94 1.79 0
09:15 757.17 1.17 94 1.34 0
09:16 757.17 1.17 94 4.02 0
09:17 757.17 1.17 94 3.13 0
09:18 757.17 1.17 94 4.02 0
09:19 757.17 1.11 94 2.68 0
09:20 757.17 1.11 94 1.34 0
09:21 757.17 1.06 94 2.68 0
09:22 757.17 1.06 94 4.47 0
09:23 757.17 1.06 94 .45 0
09:24 757.17 1.06 94 2.68 0
09:25 757.17 1.06 94 2.68 0
09:26 757.17 1.06 94 1.79 0
09:27 757.17 1.06 94 1.79 0
09:28 757.17 1.06 94 3.13 0
09:29 757.17 1.11 94 3.13 0
09:30 757.17 1.11 94 2.68 0
09:31 757.17 1.11 94 3.13 0
09:32 757.17 1.06 94 3.58 0
09:33 757.17 1.06 94 4.47 0
09:34 757.17 1.06 94 3.58 0
09:35 756.92 1 94 2.68 0
09:36 757.17 1 94 3.58 0
09:37 757.17 1.06 94 4.02 0
09:38 757.17 1 94 2.24 0
09:39 757.17 1 94 2.24 0
09:40 757.17 1 94 .89 0
09:41 756.92 1.06 94 1.34 0
09:42 756.92 1 94 5.36 0
09:43 756.92 1 94 4.02 0
09:44 756.92 .94 94 3.13 0
09:45 756.92 .94 94 4.92 0
09:46 756.92 .89 94 4.92 0
09:47 756.92 .89 94 3.58 0
09:48 757.17 .89 94 2.68 0
09:49 756.92 .94 94 4.02 0
09:50 756.92 .89 94 3.58 0
09:51 756.92 .89 94 3.58 0
09:52 757.17 .94 94 4.02 0
09:53 757.17 .94 94 4.47 0
09:54 756.92 .89 94 5.36 0
09:55 757.17 .83 94 4.92 0
09:56 757.17 .83 94 4.92 0
09:57 757.17 .83 94 1.79 0
09:58 757.17 .83 94 1.34 0
09:59 757.17 .89 94 2.24 0
10:00 757.17 .94 94 1.79 0
10:01 757.17 .94 94 3.13 0
10:02 757.17 .94 94 4.47 0
10:03 757.17 .89 94 1.79 0
10:04 757.17 .89 94 3.58 0
10:05 757.17 .94 94 4.92 0
10:06 757.17 .94 94 2.68 0
10:07 757.17 .94 94 2.68 0
10:08 757.17 .94 94 1.34 0
10:09 757.17 .94 94 4.47 0
10:10 757.17 .94 94 1.79 0
10:11 757.17 .94 94 5.36 0
10:12 757.17 .94 94 4.02 0
10:13 757.17 .83 94 3.13 0
10:14 757.17 .83 94 4.02 0
10:15 757.17 .83 94 2.68 0
10:16 757.17 .83 94 4.02 0
10:17 757.17 .78 94 4.02 0
10:18 757.17 .78 94 4.02 0
10:19 757.17 .78 94 2.68 0
10:20 757.17 .72 94 2.24 0
10:21 757.17 .72 94 4.47 0
10:22 757.17 .72 94 4.02 0
10:23 757.17 .67 94 3.58 0
10:24 757.17 .67 94 3.58 0
10:25 757.17 .61 94 2.24 0
10:26 757.17 .67 94 1.34 0
10:27 757.17 .67 94 2.24 0
10:28 757.17 .67 94 4.02 0
10:29 757.17 .67 94 2.24 0
10:30 757.17 .67 94 .89 0
10:31 757.17 .72 94 1.79 0
10:32 757.17 .72 94 2.24 0
10:33 757.17 .72 94 2.24 0
10:34 757.17 .72 94 1.34 0
10:35 757.17 .72 94 4.02 0
10:36 757.17 .72 94 1.79 0
10:37 757.17 .72 94 4.47 0
10:38 757.17 .72 94 4.92 0
10:39 757.17 .67 94 2.24 0
10:40 757.17 .67 94 3.58 0
10:41 757.17 .72 94 1.34 0
10:42 757.17 .72 94 1.79 0
10:43 757.17 .72 94 .89 0
10:44 757.17 .72 94 2.24 0
10:45 757.17 .72 94 5.36 0
10:46 757.17 .72 94 4.92 0
10:47 757.17 .67 94 4.02 0
10:48 757.17 .67 94 4.47 0
10:49 757.17 .67 94 2.24 0
10:50 757.17 .67 94 1.79 0
10:51 757.17 .67 94 2.24 0
10:52 757.17 .67 94 .45 0
10:53 757.17 .67 94 4.02 0
10:54 757.17 .67 94 2.24 0
10:55 757.17 .61 94 1.79 0
10:56 757.17 .61 93 1.79 0
10:57 757.17 .61 94 3.58 0
10:58 757.17 .61 94 4.47 0
10:59 757.17 .56 93 4.47 0
11:00 757.17 .56 94 4.02 0
11:01 757.17 .56 94 2.68 0
11:02 757.17 .56 94 .89 0
11:03 757.17 .56 93 3.13 0
11:04 757.17 .56 93 5.36 0
11:05 757.17 .56 93 4.47 0
11:06 757.17 .56 93 4.02 0
11:07 757.17 .61 94 2.24 0
11:08 757.17 .61 94 4.02 0
11:09 756.92 .61 93 4.47 0
11:10 756.92 .56 93 5.36 0
11:11 756.92 .56 94 5.36 0
11:12 756.92 .5 94 4.02 0
11:13 756.92 .5 94 3.58 0
11:14 756.92 .44 93 2.24 0
11:15 756.92 .5 93 4.92 0
11:16 756.92 .5 93 2.24 0
11:17 756.92 .5 94 3.58 0
11:18 756.92 .56 93 1.79 0
11:19 756.92 .56 93 3.58 0
11:20 756.92 .56 94 1.79 0
11:21 756.92 .61 94 1.79 0
11:22 756.92 .67 94 4.02 0
11:23 756.92 .67 94 1.34 0
11:24 756.92 .67 94 3.13 0
11:25 756.92 .67 94 1.79 0
11:26 756.92 .67 94 4.47 0
11:27 756.92 .61 94 4.92 0
11:28 756.92 .61 94 4.02 0
11:29 756.92 .61 94 4.02 0
11:30 756.67 .61 94 1.34 0
11:31 756.92 .61 94 2.68 0
11:32 756.92 .67 94 1.34 0
11:33 756.92 .67 94 3.13 0
11:34 756.92 .67 94 3.13 0
11:35 756.92 .67 94 2.68 0
11:36 756.92 .72 94 6.71 0
11:37 756.92 .67 94 3.13 0
11:38 756.92 .67 94 3.13 0
11:39 756.92 .72 94 .89 0
11:40 756.92 .67 94 3.58 0
11:41 756.92 .67 94 1.79 0
11:42 756.92 .67 94 1.79 0
11:43 756.92 .67 94 1.79 0
11:44 756.92 .72 94 1.79 0
11:45 756.92 .72 94 2.68 0
11:46 756.92 .72 94 1.34 0
11:47 756.92 .72 94 1.34 0
11:48 756.92 .78 94 3.58 0
11:49 756.92 .78 94 1.34 0
11:50 756.92 .78 94 3.13 0
11:51 756.92 .78 94 1.79 0
11:52 756.92 .83 94 .45 0
11:53 756.67 .83 94 1.34 0
11:54 756.67 .83 94 1.79 0
11:55 756.67 .83 94 5.81 0
11:56 756.67 .83 94 1.34 0
11:57 756.67 .89 94 4.02 0
11:58 756.67 .89 94 4.47 0
11:59 756.67 .94 94 4.02 0
12:00 756.67 .94 94 1.79 0
12:01 756.67 .94 94 3.13 0
12:02 756.67 .94 94 4.02 0
12:03 756.67 .94 94 5.36 0
12:04 756.67 .94 94 1.79 0
12:05 756.67 .94 94 3.58 0
12:06 756.67 .94 94 5.81 0
12:07 756.67 .94 94 4.47 0
12:08 756.67 .94 94 5.36 0
12:09 756.67 .94 94 3.13 0
12:10 756.67 .94 94 4.47 0
12:11 756.67 .94 94 4.02 0
12:12 756.67 .94 94 3.58 0
12:13 756.67 1 94 2.24 0
12:14 756.67 1 94 2.24 0
12:15 756.67 1 94 .89 0
12:16 756.67 1 94 1.79 0
12:17 756.67 1.06 94 3.58 0
12:18 756.67 1.06 94 3.58 0
12:19 756.67 1.06 94 2.24 0
12:20 756.67 1.06 94 4.92 0
12:21 756.67 1.06 94 2.68 0
12:22 756.67 1.11 94 4.47 0
12:23 756.67 1.11 94 4.02 0
12:24 756.67 1.11 94 5.36 0
12:25 756.67 1.06 94 4.47 0
12:26 756.67 1.11 94 4.92 0
12:27 756.67 1.06 94 2.68 0
12:28 756.67 1.06 94 4.92 0
12:29 756.67 1.11 94 1.79 0
12:30 756.67 1.11 94 2.24 0
12:31 756.41 1.11 94 4.47 0
12:32 756.41 1.11 94 4.47 0
12:33 756.41 1.11 94 2.24 0
12:34 756.41 1.11 94 3.13 0
12:35 756.41 1.11 94 6.26 0
12:36 756.41 1.06 94 3.58 0
12:37 756.41 1.06 94 4.47 0
12:38 756.41 1.06 94 1.34 0
12:39 756.41 1.06 94 3.13 0
12:40 756.41 1.06 94 3.13 0
12:41 756.41 1.06 94 2.68 0
12:42 756.16 1.06 94 2.24 0
12:43 756.16 1.06 94 3.13 0
12:44 756.16 1.11 94 5.81 0
12:45 756.16 1.06 94 2.24 0
12:46 756.16 1.06 94 4.92 0
12:47 756.16 1 94 4.47 0
12:48 756.16 1.06 94 .89 0
12:49 756.16 1.06 94 1.34 0
12:50 756.16 1.06 94 2.68 0
12:51 756.16 1.06 94 3.13 0
12:52 756.16 1.11 94 1.34 0
12:53 756.16 1.11 94 2.24 0
12:54 756.16 1.11 94 .45 0
12:55 756.16 1.17 94 4.02 0
12:56 756.16 1.17 94 .89 0
12:57 756.16 1.11 94 3.58 0
12:58 756.16 1.11 94 4.92 0
12:59 756.16 1.11 94 4.92 0
13:00 756.16 1.11 94 3.13 0
13:01 756.16 1.06 94 2.24 0
13:02 756.16 1.06 94 1.34 0
13:03 756.16 1.11 94 2.24 0
13:04 756.16 1.11 94 2.68 0
13:05 756.16 1.11 94 4.47 0
13:06 756.16 1.11 94 2.24 0
13:07 756.16 1.17 94 3.13 0
13:08 756.16 1.11 94 1.79 0
13:09 756.16 1.11 94 4.02 0
13:10 756.16 1.11 94 .89 0
13:11 756.16 1.11 94 2.68 0
13:12 756.16 1.17 94 4.92 0
13:13 756.16 1.17 94 3.13 0
13:14 756.16 1.17 94 2.24 0
13:15 756.16 1.11 94 4.02 0
13:16 756.16 1.17 94 .89 0
13:17 756.16 1.17 94 1.34 0
13:18 756.16 1.17 94 3.58 0
13:19 756.16 1.11 94 5.81 0
13:20 756.16 1.11 94 4.92 0
13:21 756.16 1.11 94 4.92 0
13:22 756.16 1.17 94 2.68 0
13:23 756.16 1.11 94 2.24 0
13:24 756.16 1.11 94 4.47 0
13:25 756.16 1.11 94 4.02 0
13:26 756.16 1.17 94 4.02 0
13:27 756.16 1.17 94 3.58 0
13:28 756.16 1.17 94 6.71 0
13:29 756.16 1.17 94 3.58 0
13:30 756.16 1.17 94 4.47 0
13:31 756.16 1.17 94 4.02 0
13:32 756.16 1.11 94 4.47 0
13:33 756.16 1.11 94 5.81 0
13:34 756.16 1.11 94 4.02 0
13:35 756.16 1.11 94 4.92 0
13:36 756.16 1.06 94 4.47 0
13:37 756.16 1.11 94 5.81 0
13:38 756.16 1.11 94 3.13 0
13:39 756.16 1.11 94 4.02 0
13:40 756.16 1.11 94 4.92 0
13:41 756.16 1.11 94 3.58 0
13:42 756.16 1.11 94 3.58 0
13:43 756.16 1.17 94 4.02 0
13:44 756.16 1.17 94 1.79 0
13:45 756.16 1.17 94 3.13 0
13:46 756.16 1.17 94 1.34 0
13:47 756.16 1.17 94 3.58 0
13:48 756.16 1.17 94 2.24 0
13:49 756.16 1.22 94 5.36 0
13:50 756.16 1.17 94 4.92 0
13:51 756.16 1.17 94 5.81 0
13:52 756.16 1.17 94 5.81 0
13:53 755.9 1.17 94 6.26 0
13:54 755.9 1.11 94 4.02 0
13:55 755.9 1.17 94 .89 0
13:56 756.16 1.17 94 6.26 0
13:57 756.16 1.17 94 2.68 0
13:58 756.16 1.17 94 2.68 0
13:59 756.16 1.11 94 2.68 0
14:00 755.9 1.11 94 4.02 0
14:01 756.16 1.11 94 1.34 0
14:02 756.16 1.17 94 3.13 0
14:03 755.9 1.11 94 4.02 0
14:04 756.16 1.17 94 3.13 0
14:05 756.16 1.17 94 3.58 0
14:06 756.16 1.17 94 2.24 0
14:07 755.9 1.22 94 3.58 0
14:08 755.9 1.17 94 2.24 0
14:09 755.9 1.22 94 3.58 0
14:10 755.9 1.17 94 3.58 0
14:11 755.9 1.22 94 3.13 0
14:12 755.9 1.22 94 4.02 0
14:13 755.9 1.22 94 4.92 0
14:14 755.9 1.22 94 6.26 0
14:15 755.9 1.22 94 4.02 0
14:16 755.9 1.22 94 2.68 0
14:17 755.9 1.17 94 4.02 0
14:18 755.9 1.17 94 3.58 0
14:19 755.9 1.17 94 1.79 0
14:20 755.9 1.22 94 4.02 0
14:21 755.9 1.22 94 6.26 0
14:22 755.9 1.17 94 4.92 0
14:23 755.65 1.17 94 3.13 0
14:24 755.65 1.11 94 4.92 0
14:25 755.65 1.11 94 4.92 0
14:26 755.65 1.11 94 4.02 0
14:27 755.65 1.11 94 5.36 0
14:28 755.65 1.06 94 7.6 0
14:29 755.65 1.06 94 5.36 0
14:30 755.65 1 94 8.05 0
14:31 755.65 .94 94 1.34 0
14:32 755.65 1 94 2.68 0
14:33 755.65 1.06 94 1.79 0
14:34 755.65 1.06 94 1.79 0
14:35 755.65 1.06 94 5.81 0
14:36 755.65 1.06 94 1.34 0
14:37 755.65 1.06 94 2.24 0
14:38 755.65 1.06 94 4.92 0
14:39 755.65 1.06 94 5.36 0
14:40 755.65 1.06 94 3.58 0
14:41 755.65 1 94 4.92 0
14:42 755.65 1.06 94 .89 0
14:43 755.65 1.06 94 4.02 0
14:44 755.65 1.06 94 3.58 0
14:45 755.65 1.11 94 4.02 0
14:46 755.65 1.11 94 3.58 0
14:47 755.65 1.06 94 2.24 0
14:48 755.65 1.11 94 1.34 0
14:49 755.65 1.11 94 4.02 0
14:50 755.65 1.11 94 3.58 0
14:51 755.65 1.11 94 4.92 0
14:52 755.65 1.06 94 5.36 0
14:53 755.65 1.06 94 2.68 0
14:54 755.65 1.06 94 1.34 0
14:55 755.65 1.06 94 3.58 0
14:56 755.65 1.11 94 2.24 0
14:57 755.65 1.11 94 3.58 0
14:58 755.65 1.11 94 3.13 0
14:59 755.4 1.11 94 5.81 0
15:00 755.4 1.11 94 3.13 0
15:01 755.4 1.11 94 8.49 0
15:02 755.4 1.11 94 2.68 0
15:03 755.4 1.11 94 6.26 0
15:04 755.4 1.11 94 1.79 0
15:05 755.4 1.11 94 2.68 0
15:06 755.4 1.11 94 1.34 0
15:07 755.4 1.11 94 5.36 0
15:08 755.4 1.11 94 .89 0
15:09 755.4 1.11 94 2.24 0
15:10 755.4 1.17 94 2.68 0
15:11 755.4 1.17 94 5.36 0
15:12 755.4 1.17 94 2.68 0
15:13 755.4 1.11 94 4.92 0
15:14 755.4 1.17 94 6.71 0
15:15 755.14 1.11 94 3.58 0
15:16 755.14 1.17 94 5.81 0
15:17 755.4 1.11 94 1.34 0
15:18 755.4 1.11 94 4.47 0
15:19 755.4 1.11 94 2.68 0
15:20 755.4 1.11 94 4.02 0
15:21 755.14 1.11 94 4.47 0
15:22 755.4 1.17 94 2.24 0
15:23 755.4 1.17 94 6.71 0
15:24 755.4 1.11 94 5.81 0
15:25 755.4 1.11 94 4.92 0
15:26 755.4 1.11 94 2.24 0
15:27 755.4 1.11 94 4.92 0
15:28 755.14 1.11 94 2.68 0
15:29 755.4 1.11 94 1.34 0
15:30 755.14 1.11 94 .89 0
15:31 755.14 1.11 94 3.13 0
15:32 755.14 1.11 94 5.81 0
15:33 755.14 1.11 94 5.81 0
15:34 755.14 1.11 94 6.71 0
15:35 755.14 1.17 94 4.92 0
15:36 755.14 1.17 94 8.05 0
15:37 755.14 1.17 94 1.34 0
15:38 755.14 1.17 94 4.02 0
15:39 755.14 1.17 94 1.79 0
15:40 755.14 1.17 94 3.58 0
15:41 755.14 1.17 94 2.68 0
15:42 755.14 1.11 94 2.68 0
15:43 755.14 1.11 94 4.47 0
15:44 755.14 1.11 94 1.79 0
15:45 755.14 1.11 94 5.36 0
15:46 755.14 1.17 94 2.24 0
15:47 755.14 1.17 94 3.13 0
15:48 755.14 1.17 94 4.92 0
15:49 755.14 1.17 94 1.34 0
15:50 755.14 1.17 94 5.81 0
15:51 755.14 1.17 94 6.71 0
15:52 755.14 1.17 94 2.24 0
15:53 755.14 1.17 94 1.34 0
15:54 755.14 1.17 94 1.34 0
15:55 755.14 1.17 94 4.47 0
15:56 755.14 1.17 94 4.92 0
15:57 755.14 1.17 94 4.47 0
15:58 755.14 1.11 94 4.92 0
15:59 755.14 1.17 94 5.81 0
16:00 755.14 1.17 94 2.24 0
16:01 755.14 1.17 94 4.92 0
16:02 755.14 1.17 94 5.36 0
16:03 755.14 1.17 94 2.24 0
16:04 755.14 1.17 94 4.47 0
16:05 755.14 1.17 94 1.79 0
16:06 755.14 1.17 94 1.79 0
16:07 754.89 1.17 94 1.79 0
16:08 754.89 1.17 94 5.81 0
16:09 755.14 1.17 94 3.58 0
16:10 754.89 1.17 94 2.68 0
16:11 754.89 1.17 94 5.81 0
16:12 754.89 1.17 94 5.81 0
16:13 754.89 1.17 94 3.13 0
16:14 754.89 1.17 94 2.24 0
16:15 754.89 1.22 94 3.58 0
16:16 754.89 1.22 94 3.58 0
16:17 754.89 1.22 94 4.47 0
16:18 754.89 1.22 94 4.92 0
16:19 754.89 1.22 94 4.02 0
16:20 754.89 1.22 94 4.02 0
16:21 754.89 1.17 94 3.13 0
16:22 754.89 1.17 94 4.02 0
16:23 754.89 1.22 94 3.58 0
16:24 754.89 1.22 94 2.24 0
16:25 754.89 1.22 94 6.26 0
16:26 754.89 1.22 94 5.36 0
16:27 754.89 1.22 94 4.47 0
16:28 754.89 1.28 94 2.68 0
16:29 754.89 1.28 94 1.79 0
16:30 754.89 1.28 94 .89 0
16:31 754.89 1.28 94 4.02 0
16:32 754.89 1.22 94 1.34 0
16:33 754.89 1.28 94 3.58 0
16:34 754.63 1.22 94 4.92 0
16:35 754.63 1.22 94 3.58 0
16:36 754.63 1.28 94 6.71 0
16:37 754.63 1.28 94 2.24 0
16:38 754.63 1.22 94 6.71 0
16:39 754.63 1.22 94 6.26 0
16:40 754.63 1.22 94 3.58 0
16:41 754.63 1.17 94 6.71 0
16:42 754.63 1.22 94 4.02 0
16:43 754.89 1.22 94 4.02 0
16:44 754.89 1.22 94 4.47 0
16:45 754.63 1.22 94 1.34 0
16:46 754.89 1.22 94 4.47 0
16:47 754.63 1.22 94 5.81 0
16:48 754.63 1.22 94 4.92 0
16:49 754.63 1.22 94 4.47 0
16:50 754.63 1.28 94 1.34 0
16:51 754.63 1.28 94 4.02 0
16:52 754.89 1.28 94 4.02 0
16:53 754.63 1.28 94 4.02 0
16:54 754.89 1.28 94 7.6 0
16:55 754.63 1.22 94 2.68 0
16:56 754.63 1.22 94 8.49 0
16:57 754.63 1.22 94 4.02 0
16:58 754.63 1.22 94 6.71 0
16:59 754.63 1.22 94 6.26 0
17:00 754.63 1.22 94 3.13 0
17:01 754.63 1.22 94 4.47 0
17:02 754.63 1.22 94 8.94 0
17:03 754.63 1.17 94 7.6 0
17:04 754.63 1.17 94 4.47 0
17:05 754.63 1.17 94 5.81 0
17:06 754.63 1.17 94 4.02 0
17:07 754.63 1.11 94 2.68 0
17:08 754.63 1.11 94 5.36 0
17:09 754.63 1.17 94 4.47 0
17:10 754.63 1.17 94 2.68 0
17:11 754.63 1.17 94 5.81 0
17:12 754.63 1.17 94 3.58 0
17:13 754.89 1.17 94 3.58 0
17:14 754.63 1.17 94 4.02 0
17:15 754.63 1.17 94 4.02 0
17:16 754.63 1.17 94 1.79 0
17:17 754.63 1.17 94 3.13 0
17:18 754.63 1.17 94 3.13 0
17:19 754.63 1.17 94 7.6 0
17:20 754.63 1.17 94 2.68 0
17:21 754.63 1.17 94 5.36 0
17:22 754.63 1.17 94 4.47 0
17:23 754.63 1.17 94 3.58 0
17:24 754.63 1.17 94 2.68 0
17:25 754.63 1.17 94 4.92 0
17:26 754.63 1.17 94 4.47 0
17:27 754.63 1.17 94 4.47 0
17:28 754.63 1.17 94 4.02 0
17:29 754.63 1.17 94 1.79 0
17:30 754.63 1.17 94 4.47 0
17:31 754.63 1.17 94 5.36 0
17:32 754.63 1.17 94 3.13 0
17:33 754.63 1.17 94 4.02 0
17:34 754.63 1.17 94 3.13 0
17:35 754.38 1.17 94 7.6 0
17:36 754.38 1.22 94 6.26 0
17:37 754.63 1.17 94 4.47 0
17:38 754.38 1.17 94 7.15 0
17:39 754.63 1.17 94 3.13 0
17:40 754.38 1.22 94 4.02 0
17:41 754.63 1.22 94 4.92 0
17:42 754.38 1.17 94 5.81 0
17:43 754.63 1.17 94 5.81 0
17:44 754.38 1.17 94 4.47 0
17:45 754.63 1.22 94 2.68 0
17:46 754.38 1.22 94 5.81 0
17:47 754.38 1.17 94 6.71 0
17:48 754.38 1.17 94 4.47 0
17:49 754.38 1.22 94 3.13 0
17:50 754.38 1.22 94 2.68 0
17:51 754.38 1.22 94 6.71 0
17:52 754.63 1.22 94 2.24 0
17:53 754.63 1.22 94 8.49 0
17:54 754.63 1.22 94 6.26 0
17:55 754.63 1.22 94 5.36 0
17:56 754.63 1.22 94 2.24 0
17:57 754.63 1.22 94 1.79 0
17:58 754.63 1.22 94 3.13 0
17:59 754.63 1.28 94 1.79 0
18:00 754.63 1.22 94 3.58 0
18:01 754.63 1.22 94 1.79 0
18:02 754.38 1.28 94 4.02 0
18:03 754.38 1.22 94 1.34 0
18:04 754.38 1.28 94 4.47 0
18:05 754.38 1.22 94 5.36 0
18:06 754.38 1.28 94 1.34 0
18:07 754.38 1.28 94 2.24 0
18:08 754.63 1.28 94 7.15 0
18:09 754.38 1.28 94 2.68 0
18:10 754.38 1.33 94 4.02 0
18:11 754.38 1.33 94 3.58 0
18:12 754.38 1.28 94 2.68 0
18:13 754.38 1.28 94 1.79 0
18:14 754.38 1.33 94 .89 0
18:15 754.38 1.33 94 1.34 0
18:16 754.38 1.33 94 4.02 0
18:17 754.38 1.33 94 4.47 0
18:18 754.38 1.28 94 3.13 0
18:19 754.38 1.33 94 4.47 0
18:20 754.38 1.33 94 3.58 0
18:21 754.38 1.33 94 2.24 0
18:22 754.13 1.33 94 .45 0
18:23 754.13 1.33 94 6.26 0
18:24 754.13 1.33 94 6.26 0
18:25 754.13 1.33 94 5.36 0
18:26 754.38 1.33 94 4.47 0
18:27 754.13 1.33 94 3.58 0
18:28 754.13 1.33 94 2.68 0
18:29 754.13 1.33 94 6.71 0
18:30 754.13 1.33 94 2.68 0
18:31 754.13 1.33 94 6.26 0
18:32 754.13 1.39 94 3.13 0
18:33 754.13 1.39 94 4.47 0
18:34 754.13 1.39 94 5.81 0
18:35 754.13 1.39 94 .45 0
18:36 754.13 1.39 94 4.02 0
18:37 754.13 1.39 94 .89 0
18:38 754.13 1.44 94 2.24 0
18:39 754.13 1.39 94 5.81 0
18:40 754.13 1.44 94 2.24 0
18:41 754.13 1.44 94 7.15 0
18:42 754.13 1.44 94 1.79 0
18:43 754.13 1.44 94 3.58 0
18:44 754.13 1.44 94 1.79 0
18:45 754.13 1.44 94 2.24 0
18:46 754.13 1.44 94 2.68 0
18:47 754.13 1.5 94 3.13 0
18:48 754.13 1.44 94 1.34 0
18:49 754.13 1.5 94 6.26 0
18:50 754.13 1.5 94 3.58 0
18:51 753.87 1.5 94 5.36 0
18:52 754.13 1.56 94 5.36 0
18:53 753.87 1.56 94 .89 0
18:54 753.87 1.56 94 1.34 0
18:55 753.87 1.56 94 4.02 0
18:56 753.87 1.56 94 5.36 0
18:57 753.87 1.56 94 5.36 0
18:58 753.87 1.56 94 7.15 0
18:59 753.87 1.56 94 4.92 0
19:00 753.87 1.56 94 2.24 0
19:01 753.87 1.61 94 4.92 0
19:02 753.87 1.61 94 5.36 0
19:03 753.87 1.61 94 3.13 0
19:04 753.87 1.61 94 2.68 0
19:05 753.87 1.61 94 3.13 0
19:06 753.62 1.67 94 6.26 0
19:07 753.62 1.67 94 4.92 0
19:08 753.87 1.67 94 4.92 0
19:09 753.62 1.67 94 3.13 0
19:10 753.62 1.67 94 4.92 0
19:11 753.62 1.67 94 2.68 0
19:12 753.87 1.67 94 2.24 0
19:13 753.87 1.67 94 2.68 0
19:14 753.62 1.72 94 4.92 0
19:15 753.87 1.72 94 4.92 0
19:16 753.62 1.72 94 1.79 0
19:17 753.62 1.72 94 3.58 0
19:18 753.62 1.72 94 1.34 0
19:19 753.62 1.78 94 2.24 0
19:20 753.62 1.78 94 5.81 0
19:21 753.62 1.78 94 1.79 0
19:22 753.62 1.78 94 1.79 0
19:23 753.62 1.78 94 .45 0
19:24 753.87 1.78 94 2.24 0
19:25 753.87 1.78 94 1.79 0
19:26 753.87 1.83 94 1.79 0
19:27 753.87 1.83 94 2.24 0
19:28 753.87 1.83 94 3.58 0
19:29 753.87 1.83 94 3.13 0
19:30 753.62 1.83 94 2.68 0
19:31 753.87 1.83 94 4.02 0
19:32 753.62 1.83 94 4.47 0
19:33 753.62 1.83 94 1.79 0
19:34 753.62 1.83 94 2.68 0
19:35 753.62 1.83 94 5.81 0
19:36 753.62 1.83 94 5.36 0
19:37 753.62 1.83 94 3.13 0
19:38 753.87 1.83 94 2.24 0
19:39 753.87 1.83 94 1.79 0
19:40 753.87 1.89 94 2.24 0
19:41 753.62 1.89 94 8.05 0
19:42 753.62 1.89 94 5.81 0
19:43 753.62 1.94 94 3.58 0
19:44 753.62 1.89 94 1.79 0
19:45 753.87 1.89 94 2.24 0
19:46 753.87 1.94 94 .89 0
19:47 753.87 1.94 94 4.92 0
19:48 753.62 1.94 94 2.24 0
19:49 753.62 1.94 94 4.02 0
19:50 753.62 1.94 94 1.34 0
19:51 753.62 1.94 94 3.13 0
19:52 753.62 1.94 94 2.68 0
19:53 753.62 1.94 94 1.79 0
19:54 753.62 2 94 2.24 0
19:55 753.62 2 94 4.47 0
19:56 753.62 2 94 3.13 0
19:57 753.62 2 94 3.58 0
19:58 753.62 2 94 1.34 0
19:59 753.62 2.06 94 1.34 0
20:00 753.62 2.06 94 1.79 0
20:01 753.62 2.06 94 4.02 0
20:02 753.62 2.06 94 4.47 0
20:03 753.62 2.11 94 5.36 0
20:04 753.62 2.11 94 2.68 0
20:05 753.62 2.06 94 1.79 0
20:06 753.62 2.11 94 3.58 0
20:07 753.62 2.11 94 3.13 0
20:08 753.62 2.11 94 3.58 0
20:09 753.62 2.17 94 1.79 0
20:10 753.62 2.11 94 1.79 0
20:11 753.62 2.17 94 3.13 0
20:12 753.87 2.17 94 4.02 0
20:13 753.62 2.17 94 1.79 0
20:14 753.62 2.17 94 3.58 0
20:15 753.62 2.17 94 4.02 0
20:16 753.62 2.17 94 3.58 0
20:17 753.62 2.17 94 4.47 0
20:18 753.62 2.17 94 3.58 0
20:19 753.62 2.22 94 3.58 0
20:20 753.62 2.22 94 4.02 0
20:21 753.62 2.22 94 5.81 0
20:22 753.62 2.22 94 4.47 0
20:23 753.62 2.28 94 5.36 0
20:24 753.62 2.22 94 4.47 0
20:25 753.62 2.22 94 1.79 0
20:26 753.62 2.28 94 1.34 0
20:27 753.62 2.28 94 2.24 0
20:28 753.62 2.28 94 3.13 0
20:29 753.62 2.28 94 2.68 0
20:30 753.36 2.28 94 2.68 0
20:31 753.36 2.28 94 1.79 0
20:32 753.36 2.28 94 3.58 0
20:33 753.36 2.28 94 3.58 0
20:34 753.36 2.28 94 2.24 0
20:35 753.36 2.33 94 .89 0
20:36 753.36 2.33 94 2.24 0
20:37 753.36 2.33 94 4.02 0
20:38 753.36 2.33 94 2.24 0
20:39 753.36 2.39 94 4.47 0
20:40 753.36 2.33 94 2.68 0
20:41 753.36 2.39 94 1.79 0
20:42 753.36 2.39 94 3.58 0
20:43 753.36 2.44 94 2.24 0
20:44 753.36 2.39 94 3.13 0
20:45 753.36 2.39 94 3.13 0
20:46 753.36 2.44 94 1.79 0
20:47 753.36 2.44 94 3.58 0
20:48 753.36 2.44 94 2.24 0
20:49 753.36 2.44 94 2.24 0
20:50 753.36 2.44 94 2.68 0
20:51 753.36 2.44 94 4.47 0
20:52 753.36 2.44 94 3.13 0
20:53 753.36 2.44 94 3.13 0
20:54 753.36 2.5 94 4.02 0
20:55 753.36 2.5 94 5.81 0
20:56 753.36 2.5 94 4.02 0
20:57 753.11 2.5 94 4.92 0
20:58 753.36 2.5 94 5.81 0
20:59 753.36 2.56 94 1.34 0
21:00 753.11 2.56 94 5.36 0
21:01 753.11 2.56 94 3.13 0
21:02 753.11 2.56 94 3.58 0
21:03 753.36 2.56 94 .45 0
21:04 753.36 2.56 94 2.24 0
21:05 753.11 2.56 94 5.81 0
21:06 753.36 2.56 94 1.79 0
21:07 753.36 2.61 94 4.02 0
21:08 753.36 2.61 94 5.81 0
21:09 753.36 2.61 94 1.34 0
21:10 753.36 2.67 94 5.81 0
21:11 753.36 2.61 94 3.58 0
21:12 753.36 2.67 94 3.13 0
21:13 753.36 2.67 94 3.13 0
21:14 753.36 2.67 94 7.15 0
21:15 753.36 2.67 94 1.34 0
21:16 753.36 2.67 94 3.13 0
21:17 753.36 2.67 94 5.36 0
21:18 753.36 2.67 94 4.02 0
21:19 753.36 2.72 94 5.36 0
21:20 753.11 2.72 94 2.24 0
21:21 753.11 2.78 94 5.81 0
21:22 753.11 2.78 94 3.58 0
21:23 753.11 2.78 94 8.05 0
21:24 753.11 2.78 94 4.47 0
21:25 753.11 2.78 94 4.02 0
21:26 753.11 2.78 94 5.36 0
21:27 753.11 2.83 94 1.79 0
21:28 753.11 2.78 94 4.47 0
21:29 753.11 2.83 94 3.58 0
21:30 753.11 2.83 94 7.15 0
21:31 753.11 2.83 94 4.02 0
21:32 753.11 2.83 94 3.13 0
21:33 753.11 2.89 94 3.13 0
21:34 753.11 2.89 94 1.34 0
21:35 753.36 2.89 94 7.15 0
21:36 753.11 2.89 94 2.24 0
21:37 753.11 2.94 94 2.68 0
21:38 753.11 2.94 94 2.68 0
21:39 753.11 2.94 94 2.68 0
21:40 753.36 2.94 94 3.13 0
21:41 753.36 3 94 4.02 0
21:42 753.11 3 94 3.13 0
21:43 753.11 3 94 4.92 0
21:44 753.36 3 94 6.71 0
21:45 753.11 3 94 2.68 0
21:46 753.11 3.06 94 3.58 0
21:47 753.11 3.06 94 4.02 0
21:48 753.11 3.06 94 4.92 0
21:49 753.11 3.11 94 4.47 0
21:50 753.11 3.11 94 3.13 0
21:51 753.11 3.11 94 3.13 0
21:52 753.11 3.11 94 2.68 0
21:53 753.11 3.11 94 2.68 0
21:54 753.11 3.17 94 3.58 0
21:55 753.11 3.11 94 5.36 0
21:56 753.11 3.11 94 8.49 0
21:57 753.11 3.11 94 4.02 0
21:58 753.11 3.17 94 4.92 0
21:59 753.11 3.17 94 8.05 0
22:00 753.11 3.17 94 6.26 0
22:01 753.11 3.17 94 5.36 0
22:02 753.11 3.17 94 8.05 0
22:03 753.11 3.17 94 4.47 0
22:04 753.11 3.17 94 6.26 0
22:05 753.11 3.17 94 1.34 0
22:06 753.11 3.17 94 6.26 0
22:07 753.11 3.17 94 3.58 0
22:08 753.11 3.17 94 3.13 0
22:09 753.11 3.22 94 4.47 0
22:10 753.11 3.17 94 7.15 0
22:11 753.11 3.22 94 2.68 0
22:12 753.11 3.22 94 3.58 0
22:13 753.11 3.22 94 1.79 0
22:14 753.11 3.22 94 4.02 0
22:15 753.11 3.28 94 3.13 0
22:16 753.11 3.22 94 4.47 0
22:17 753.11 3.22 94 5.36 0
22:18 753.11 3.22 94 5.36 0
22:19 753.11 3.22 94 4.02 0
22:20 753.11 3.22 94 4.92 0
22:21 753.11 3.22 94 3.58 0
22:22 753.11 3.22 94 2.68 0
22:23 753.11 3.22 94 3.58 0
22:24 753.11 3.28 94 3.13 0
22:25 753.11 3.28 94 4.92 0
22:26 753.11 3.28 94 3.58 0
22:27 753.11 3.22 94 4.47 0
22:28 752.86 3.28 94 4.47 0
22:29 752.86 3.28 94 6.26 0
22:30 752.86 3.28 94 2.24 0
22:31 752.86 3.28 94 2.68 0
22:32 752.86 3.28 94 1.79 0
22:33 752.86 3.22 94 4.02 0
22:34 752.86 3.22 94 4.47 0
22:35 752.86 3.28 94 4.92 0
22:36 752.86 3.28 94 4.92 0
22:37 752.86 3.28 94 3.13 0
22:38 752.86 3.28 94 4.92 0
22:39 752.86 3.28 94 2.24 0
22:40 752.86 3.28 94 2.24 0
22:41 752.86 3.28 94 2.68 0
22:42 752.86 3.28 94 4.47 0
22:43 752.86 3.28 94 4.47 0
22:44 752.86 3.28 94 6.26 0
22:45 752.86 3.28 94 5.36 0
22:46 752.86 3.28 94 2.68 0
22:47 752.86 3.28 94 3.58 0
22:48 752.86 3.28 94 1.34 0
22:49 752.86 3.22 94 2.68 0
22:50 752.86 3.28 94 3.58 0
22:51 752.86 3.28 94 6.26 0
22:52 752.86 3.28 94 5.36 0
22:53 752.86 3.28 94 3.13 0
22:54 752.86 3.28 94 2.68 0
22:55 752.86 3.22 94 1.34 0
22:56 752.86 3.22 94 7.15 0
22:57 752.86 3.22 94 3.58 0
22:58 752.86 3.22 94 4.02 0
22:59 752.86 3.22 94 1.79 0
23:00 752.86 3.28 94 2.68 0
23:01 752.86 3.22 94 4.02 0
23:02 753.11 3.22 94 1.79 0
23:03 752.86 3.22 94 1.79 0
23:04 752.86 3.28 94 4.92 0
23:05 752.86 3.22 94 4.02 0
23:06 752.86 3.28 94 6.26 0
23:07 753.11 3.22 94 8.05 0
23:08 753.11 3.22 94 5.81 0
23:09 753.11 3.22 94 4.02 0
23:10 752.86 3.22 94 4.47 0
23:11 753.11 3.22 94 5.36 0
23:12 753.11 3.22 94 4.02 0
23:13 753.11 3.22 94 1.34 0
23:14 752.86 3.22 94 1.34 0
23:15 752.86 3.22 94 4.92 0
23:16 752.86 3.22 94 4.02 0
23:17 752.86 3.22 94 3.13 0
23:18 752.86 3.22 94 7.15 0
23:19 752.86 3.28 94 6.26 0
23:20 752.86 3.22 94 2.68 0
23:21 752.86 3.28 94 3.58 0
23:22 752.86 3.22 94 4.47 0
23:23 752.86 3.28 94 5.81 0
23:24 752.86 3.22 94 7.15 0
23:25 752.86 3.22 94 1.34 0
23:26 752.86 3.28 94 4.02 0
23:27 752.6 3.22 94 5.81 0
23:28 752.6 3.28 94 6.26 0
23:29 752.86 3.22 94 3.58 0
23:30 752.86 3.28 94 4.02 0
23:31 752.6 3.28 94 5.36 0
23:32 752.6 3.28 94 2.24 0
23:33 752.6 3.28 94 2.24 0
23:34 752.6 3.28 94 1.34 0
23:35 752.6 3.28 94 4.47 0
23:36 752.6 3.28 94 4.47 0
23:37 752.6 3.28 94 4.92 0
23:38 752.6 3.28 94 1.79 0
23:39 752.6 3.28 94 3.58 0
23:40 752.6 3.28 94 .89 0
23:41 752.86 3.28 94 2.24 0
23:42 752.86 3.28 94 2.24 0
23:43 752.86 3.28 94 2.68 0
23:44 752.86 3.28 94 3.58 0
23:45 752.86 3.28 94 .45 0
23:46 752.6 3.28 94 3.13 0
23:47 752.6 3.28 94 2.24 0
23:48 752.6 3.28 94 3.13 0
23:49 752.6 3.28 94 5.81 0
23:50 752.6 3.28 94 3.13 0
23:51 752.6 3.33 94 3.13 0
23:52 752.6 3.33 94 4.02 0
23:53 752.6 3.33 94 4.92 0
23:54 752.6 3.28 93 5.36 0
23:55 752.6 3.33 94 4.92 0
23:56 752.6 3.33 93 2.24 0
23:57 752.6 3.33 93 2.68 0
23:58 752.6 3.33 93 4.92 0
23:59 752.6 3.33 93 4.02 0
