00:00 734.06 16.39 89 1.34 0
00:01 734.06 16.39 89 .89 0
00:02 734.06 16.39 89 .89 0
00:03 734.06 16.33 89 1.34 0
00:04 734.06 16.33 89 .89 0
00:05 734.06 16.33 89 1.79 0
00:06 734.06 16.28 89 1.79 0
00:07 734.06 16.33 89 1.79 0
00:08 734.06 16.28 89 2.68 0
00:09 734.06 16.28 89 2.68 0
00:10 734.06 16.28 89 1.79 0
00:11 734.06 16.28 89 2.68 0
00:12 734.06 16.28 89 1.34 0
00:13 733.81 16.22 89 1.79 0
00:14 733.81 16.22 89 .89 0
00:15 734.06 16.22 89 3.58 0
00:16 734.06 16.22 89 1.79 0
00:17 733.81 16.22 89 1.79 0
00:18 733.81 16.22 89 1.34 0
00:19 734.06 16.17 89 1.34 0
00:20 733.81 16.17 89 1.34 0
00:21 733.81 16.17 89 .89 0
00:22 733.81 16.17 89 1.79 0
00:23 733.81 16.17 89 2.68 0
00:24 733.81 16.17 89 2.68 0
00:25 734.06 16.11 89 2.24 0
00:26 733.81 16.11 89 1.34 0
00:27 733.81 16.11 89 .89 0
00:28 733.81 16.11 89 4.02 0
00:29 733.81 16.06 89 3.13 0
00:30 733.81 16.06 89 2.24 0
00:31 733.81 16.11 88 1.34 0
00:32 734.06 16.06 88 3.13 0
00:33 734.06 16.06 88 3.58 0
00:34 733.81 16.06 88 1.79 0
00:35 733.81 16.06 88 1.34 0
00:36 733.81 16.06 88 1.79 0
00:37 733.81 16 88 1.34 0
00:38 734.06 16 88 1.34 0
00:39 733.81 16 88 1.34 0
00:40 733.81 16 88 1.79 0
00:41 734.06 15.94 88 1.34 0
00:42 733.81 15.94 88 1.79 0
00:43 733.81 15.94 88 1.34 0
00:44 733.81 15.94 88 1.79 0
00:45 733.81 15.94 88 .89 0
00:46 733.81 15.89 88 .89 0
00:47 733.81 15.89 88 1.34 0
00:48 733.81 15.89 88 1.79 0
00:49 733.81 15.83 88 1.34 0
00:50 733.81 15.83 88 1.79 0
00:51 733.81 15.83 88 1.79 0
00:52 733.81 15.78 88 2.24 0
00:53 733.81 15.78 88 2.24 0
00:54 733.81 15.78 88 2.24 0
00:55 733.81 15.72 88 1.79 0
00:56 733.81 15.72 88 1.34 0
00:57 733.81 15.72 88 1.79 0
00:58 733.81 15.67 88 3.58 0
00:59 733.81 15.67 88 2.68 0
01:00 733.81 15.67 88 1.79 0
01:01 733.81 15.67 88 1.34 0
01:02 733.81 15.67 88 1.34 0
01:03 733.81 15.61 88 1.79 0
01:04 734.06 15.56 88 1.79 0
01:05 733.81 15.56 88 1.34 0
01:06 734.06 15.56 88 1.79 0
01:07 733.81 15.5 88 .89 0
01:08 733.81 15.5 88 1.34 0
01:09 733.81 15.44 88 1.34 0
01:10 733.81 15.44 88 1.34 0
01:11 733.81 15.44 88 1.34 0
01:12 733.81 15.39 88 .89 0
01:13 733.81 15.39 88 .89 0
01:14 733.81 15.33 88 .89 0
01:15 733.81 15.33 88 1.34 0
01:16 733.81 15.33 88 .89 0
01:17 733.81 15.33 88 1.79 0
01:18 733.81 15.33 88 1.34 0
01:19 733.81 15.28 88 1.34 0
01:20 733.81 15.22 88 .89 0
01:21 733.81 15.22 88 1.34 0
01:22 733.81 15.22 88 1.79 0
01:23 733.81 15.22 88 .89 0
01:24 733.81 15.22 88 .89 0
01:25 733.81 15.22 88 3.13 0
01:26 733.81 15.22 88 1.79 0
01:27 733.81 15.17 88 2.24 0
01:28 733.81 15.17 88 .89 0
01:29 733.81 15.17 88 1.34 0
01:30 733.81 15.17 88 1.79 0
01:31 733.81 15.11 88 1.34 0
01:32 733.81 15.11 88 .89 0
01:33 733.81 15.11 88 1.34 0
01:34 733.81 15.06 88 1.34 0
01:35 733.81 15.06 88 .89 0
01:36 733.81 15.06 88 1.34 0
01:37 733.81 15 88 .89 0
01:38 733.81 15 89 .45 0
01:39 733.81 14.94 89 .89 0
01:40 733.81 14.94 89 .89 0
01:41 733.81 14.89 89 .89 0
01:42 733.81 14.89 89 1.34 0
01:43 733.81 14.83 89 1.34 0
01:44 733.81 14.78 89 .89 0
01:45 733.81 14.78 89 .89 0
01:46 733.81 14.78 89 1.34 0
01:47 733.81 14.78 89 .89 0
01:48 733.81 14.78 89 1.34 0
01:49 733.81 14.78 89 1.34 0
01:50 733.81 14.72 89 .89 0
01:51 733.81 14.72 89 .89 0
01:52 733.81 14.67 89 .89 0
01:53 733.81 14.67 89 1.34 0
01:54 733.81 14.67 89 .89 0
01:55 733.81 14.61 89 .89 0
01:56 733.81 14.61 89 .89 0
01:57 733.81 14.56 89 .89 0
01:58 733.81 14.56 89 1.34 0
01:59 733.81 14.56 89 .45 0
02:00 734.06 14.5 89 .45 0
02:01 733.81 14.5 89 1.34 0
02:02 734.06 14.5 89 1.34 0
02:03 733.81 14.44 90 .89 0
02:04 734.06 14.44 90 1.34 0
02:05 734.06 14.39 90 .89 0
02:06 733.81 14.39 90 1.34 0
02:07 734.06 14.39 90 .89 0
02:08 733.81 14.33 90 1.34 0
02:09 733.81 14.33 90 .45 0
02:10 733.81 14.33 90 1.34 0
02:11 734.06 14.33 90 .89 0
02:12 733.81 14.33 90 1.79 0
02:13 734.06 14.28 90 1.34 0
02:14 734.06 14.28 90 .45 0
02:15 733.81 14.28 90 .45 0
02:16 734.06 14.28 90 1.34 0
02:17 733.81 14.28 90 .89 0
02:18 733.81 14.28 90 .89 0
02:19 734.06 14.22 90 1.34 0
02:20 733.81 14.22 90 1.34 0
02:21 733.81 14.22 90 .89 0
02:22 734.06 14.22 90 1.34 0
02:23 734.06 14.22 90 1.34 0
02:24 734.06 14.22 90 .89 0
02:25 734.06 14.17 90 .45 0
02:26 734.06 14.17 90 .89 0
02:27 734.06 14.17 91 1.34 0
02:28 734.06 14.17 91 .45 0
02:29 733.81 14.17 91 .89 0
02:30 733.81 14.17 91 1.34 0
02:31 734.06 14.17 91 1.79 0
02:32 733.81 14.17 91 1.79 0
02:33 733.81 14.17 91 1.34 0
02:34 733.81 14.17 91 2.68 0
02:35 733.81 14.17 91 1.79 0
02:36 733.81 14.17 91 1.34 0
02:37 733.81 14.17 91 1.34 0
02:38 733.81 14.17 91 1.34 0
02:39 733.81 14.17 91 1.34 0
02:40 733.81 14.11 90 1.34 0
02:41 733.81 14.11 90 1.34 0
02:42 733.81 14.11 90 1.34 0
02:43 733.81 14.11 90 1.79 0
02:44 733.81 14.11 90 1.34 0
02:45 733.81 14.11 90 1.79 0
02:46 733.81 14.11 90 1.79 0
02:47 733.81 14.06 90 2.68 0
02:48 733.81 14.06 90 2.68 0
02:49 733.81 14.06 90 1.79 0
02:50 733.81 14.06 90 1.79 0
02:51 733.81 14.06 90 1.34 0
02:52 733.81 14.06 90 1.34 0
02:53 733.81 14.06 91 2.68 0
02:54 733.81 14.06 91 1.79 0
02:55 733.81 14.06 91 1.79 0
02:56 733.81 14.06 91 2.68 0
02:57 733.81 14.06 91 2.68 0
02:58 733.81 14.06 91 3.13 0
02:59 733.81 14.06 91 2.68 0
03:00 733.81 14.06 90 1.79 0
03:01 733.81 14.06 90 2.68 0
03:02 733.81 14.06 90 2.68 0
03:03 733.81 14.06 90 2.24 0
03:04 733.81 14.06 90 1.79 0
03:05 733.81 14.06 90 1.79 0
03:06 733.81 14 90 2.68 0
03:07 733.81 14 90 1.34 0
03:08 733.81 14 90 2.68 0
03:09 733.81 14 90 3.58 0
03:10 733.81 14 90 2.24 0
03:11 733.81 13.94 90 2.24 0
03:12 733.81 13.94 90 2.24 0
03:13 733.81 13.94 90 1.79 0
03:14 733.81 13.89 90 2.68 0
03:15 733.81 13.89 90 1.79 0
03:16 733.81 13.83 90 1.79 0
03:17 733.81 13.83 90 .89 0
03:18 733.81 13.83 90 1.79 0
03:19 733.81 13.78 90 1.79 0
03:20 733.81 13.78 90 1.79 0
03:21 733.81 13.78 90 1.79 0
03:22 733.81 13.78 90 1.34 0
03:23 733.81 13.78 90 1.34 0
03:24 733.81 13.72 90 2.24 0
03:25 733.81 13.72 91 3.13 0
03:26 733.81 13.78 91 1.34 0
03:27 733.81 13.78 91 1.34 0
03:28 733.81 13.78 90 .89 0
03:29 733.81 13.78 91 2.68 0
03:30 733.81 13.83 91 3.13 0
03:31 733.81 13.83 91 3.13 0
03:32 733.81 13.83 90 3.13 0
03:33 734.06 13.83 90 2.68 0
03:34 733.81 13.89 90 4.02 0
03:35 733.81 13.89 90 4.92 0
03:36 733.81 13.94 90 1.34 0
03:37 733.81 13.94 90 5.36 0
03:38 733.81 14 90 3.13 0
03:39 733.81 13.94 90 .89 0
03:40 733.81 14 90 4.02 0
03:41 734.06 14 90 4.92 0
03:42 733.81 14 89 1.79 0
03:43 734.06 14 89 1.79 0
03:44 734.06 14.06 89 2.68 0
03:45 734.06 14 89 2.68 0
03:46 734.06 14 89 1.79 0
03:47 734.06 14 89 1.79 0
03:48 734.06 13.94 90 1.79 0
03:49 734.06 14 90 4.02 0
03:50 734.06 14 90 4.02 0
03:51 733.81 14 90 3.58 0
03:52 734.06 14 90 .89 0
03:53 734.06 13.94 90 3.13 0
03:54 734.06 14 90 1.34 0
03:55 734.06 14 90 2.68 0
03:56 733.81 14 89 1.34 0
03:57 733.81 14.06 89 1.79 0
03:58 734.06 14 89 3.13 0
03:59 734.06 14 89 1.79 0
04:00 734.06 14 89 2.24 0
04:01 734.06 14 89 2.68 0
04:02 734.06 14 89 5.81 0
04:03 734.06 14 89 4.47 0
04:04 734.06 14.06 89 4.47 0
04:05 734.06 14.06 89 4.02 0
04:06 734.06 14.06 89 2.24 0
04:07 734.06 14.06 89 4.92 0
04:08 734.06 14.06 89 1.34 0
04:09 734.06 14.06 89 4.47 0
04:10 734.06 14.06 89 5.36 0
04:11 734.06 14.06 89 5.36 0
04:12 734.06 14.06 89 6.26 0
04:13 734.06 14.06 88 3.58 0
04:14 734.06 14.06 88 4.02 0
04:15 734.06 14.06 88 4.47 0
04:16 734.06 14.06 88 1.34 0
04:17 734.06 14.06 89 1.79 0
04:18 734.06 14.06 88 1.79 0
04:19 734.06 14 89 2.24 0
04:20 734.06 14 89 3.58 0
04:21 734.06 14 89 4.92 0
04:22 734.06 14 88 4.02 0
04:23 734.06 14 88 2.68 0
04:24 734.06 14 88 2.24 0
04:25 734.06 14 88 3.13 0
04:26 734.06 13.94 88 2.24 0
04:27 734.06 14 88 3.13 0
04:28 734.06 14 88 3.58 0
04:29 734.06 14 88 1.34 0
04:30 734.06 13.94 88 .45 0
04:31 734.06 14 88 .89 0
04:32 734.06 14 89 .89 0
04:33 734.06 13.94 89 3.13 0
04:34 734.06 14 89 2.68 0
04:35 734.06 13.94 89 3.13 0
04:36 734.06 13.94 89 3.13 0
04:37 734.06 13.94 89 2.24 0
04:38 734.06 13.94 89 1.34 0
04:39 734.06 13.94 89 2.24 0
04:40 734.06 13.94 89 .89 0
04:41 734.06 14 89 2.24 0
04:42 734.06 13.94 89 1.79 0
04:43 734.31 13.94 89 .89 0
04:44 734.06 14 89 3.13 0
04:45 734.31 14 89 3.58 0
04:46 734.06 13.94 89 1.34 0
04:47 734.06 13.94 89 1.79 0
04:48 734.31 13.94 89 1.79 0
04:49 734.06 14 89 3.13 0
04:50 734.31 13.94 89 2.24 0
04:51 734.31 14 89 1.79 0
04:52 734.31 14 89 1.79 0
04:53 734.31 14 89 2.24 0
04:54 734.31 14 89 1.79 0
04:55 734.31 14 89 4.92 0
04:56 734.31 13.94 89 1.79 0
04:57 734.31 13.94 89 1.79 0
04:58 734.31 14 89 1.79 0
04:59 734.31 14 89 1.34 0
05:00 734.31 14 89 3.13 0
05:01 734.31 14 89 2.68 0
05:02 734.31 13.94 89 2.24 0
05:03 734.31 13.94 88 3.58 0
05:04 734.31 13.94 88 1.34 0
05:05 734.31 13.94 88 5.81 0
05:06 734.31 13.94 88 2.24 0
05:07 734.31 13.94 88 4.02 0
05:08 734.31 13.89 88 2.24 0
05:09 734.31 13.94 88 3.58 0
05:10 734.31 13.89 88 4.47 0
05:11 734.31 13.94 88 1.79 0
05:12 734.31 13.89 88 4.02 0
05:13 734.31 13.89 88 4.47 0
05:14 734.31 13.89 88 3.13 0
05:15 734.31 13.89 88 4.92 0
05:16 734.31 13.89 88 5.36 0
05:17 734.31 13.89 88 3.58 0
05:18 734.31 13.89 88 2.24 0
05:19 734.57 13.89 88 4.02 0
05:20 734.57 13.89 88 2.68 0
05:21 734.57 13.83 88 4.02 0
05:22 734.57 13.83 88 2.24 0
05:23 734.57 13.83 88 3.58 0
05:24 734.57 13.83 88 2.24 0
05:25 734.57 13.83 88 3.58 0
05:26 734.57 13.83 88 2.68 0
05:27 734.57 13.83 88 4.02 0
05:28 734.57 13.83 88 .89 0
05:29 734.57 13.83 88 2.68 0
05:30 734.57 13.83 88 2.24 0
05:31 734.57 13.83 88 1.79 0
05:32 734.57 13.83 88 .89 0
05:33 734.57 13.83 88 1.79 0
05:34 734.57 13.83 89 3.13 0
05:35 734.57 13.83 88 1.79 0
05:36 734.57 13.78 88 2.24 0
05:37 734.57 13.83 88 2.68 0
05:38 734.57 13.78 88 1.34 0
05:39 734.57 13.83 88 2.24 0
05:40 734.57 13.78 88 3.58 0
05:41 734.57 13.83 88 5.36 0
05:42 734.57 13.83 88 1.34 0
05:43 734.57 13.83 88 1.79 0
05:44 734.57 13.83 88 3.13 0
05:45 734.57 13.83 88 4.02 0
05:46 734.57 13.83 88 2.68 0
05:47 734.57 13.83 88 1.34 0
05:48 734.57 13.83 88 1.34 0
05:49 734.57 13.83 88 2.24 0
05:50 734.57 13.83 88 2.24 0
05:51 734.57 13.83 88 1.34 0
05:52 734.57 13.83 88 3.13 0
05:53 734.57 13.83 88 1.34 0
05:54 734.57 13.83 88 1.79 0
05:55 734.57 13.83 88 1.79 0
05:56 734.57 13.89 88 3.13 0
05:57 734.57 13.83 88 1.79 0
05:58 734.57 13.83 88 4.02 0
05:59 734.57 13.89 88 2.24 0
06:00 734.57 13.83 88 4.02 0
06:01 734.57 13.89 88 3.13 0
06:02 734.57 13.89 88 1.79 0
06:03 734.57 13.89 88 1.79 0
06:04 734.57 13.94 88 2.24 0
06:05 734.57 13.94 88 1.79 0
06:06 734.57 13.94 88 2.24 0
06:07 734.57 13.94 88 3.13 0
06:08 734.57 14 88 .45 0
06:09 734.57 14 88 3.58 0
06:10 734.57 14 88 3.13 0
06:11 734.82 14 88 1.34 0
06:12 734.82 14.06 88 2.24 0
06:13 734.82 14.06 88 3.13 0
06:14 734.82 14.06 88 2.24 0
06:15 734.82 14.06 88 1.79 0
06:16 734.82 14.06 88 1.34 0
06:17 734.82 14.06 88 2.24 0
06:18 734.82 14.06 88 2.24 0
06:19 734.82 14.06 88 1.34 0
06:20 734.82 14.06 88 1.79 0
06:21 734.82 14.06 88 2.24 0
06:22 734.82 14.06 88 .89 0
06:23 734.82 14.06 88 2.68 0
06:24 734.82 14.06 88 .89 0
06:25 734.82 14.06 88 3.13 0
06:26 734.82 14.06 88 1.79 0
06:27 734.82 14.06 88 2.24 0
06:28 734.82 14.06 88 1.79 0
06:29 734.82 14.06 88 1.79 0
06:30 734.82 14.06 88 2.68 0
06:31 734.82 14.06 88 4.02 0
06:32 734.82 14.06 87 4.02 0
06:33 734.82 14.06 87 4.02 0
06:34 734.82 14.06 87 2.24 0
06:35 734.82 14.06 87 1.34 0
06:36 734.82 14.06 87 2.24 0
06:37 734.82 14.11 87 2.24 0
06:38 734.82 14.11 87 4.02 0
06:39 734.82 14.06 87 4.47 0
06:40 734.82 14.06 87 2.24 0
06:41 734.82 14.06 87 3.13 0
06:42 734.82 14.06 87 3.58 0
06:43 734.82 14.06 87 1.34 0
06:44 734.82 14.06 87 2.24 0
06:45 734.82 14.06 87 3.13 0
06:46 734.82 14.06 88 1.79 0
06:47 734.82 14.06 88 3.13 0
06:48 734.82 14.06 88 2.68 0
06:49 734.82 14.06 88 2.24 0
06:50 734.82 14.06 88 1.79 0
06:51 734.82 14.06 88 1.34 0
06:52 734.82 14.06 88 .45 0
06:53 734.82 14.06 88 1.79 0
06:54 734.82 14 88 1.34 0
06:55 734.82 14 88 4.02 0
06:56 734.82 14.06 88 1.79 0
06:57 734.82 14 88 .45 0
06:58 734.82 14 88 3.13 0
06:59 734.82 14 88 4.02 0
07:00 735.08 14 88 1.34 0
07:01 735.08 13.94 88 4.02 0
07:02 734.82 14 88 1.79 0
07:03 735.08 14 88 2.68 0
07:04 735.08 14 88 1.79 0
07:05 735.08 14.06 88 1.79 0
07:06 735.08 14 88 2.24 0
07:07 735.08 14 88 4.02 0
07:08 735.08 14.06 88 1.34 0
07:09 735.08 14.06 88 2.68 0
07:10 735.08 14.06 88 1.34 0
07:11 735.08 14.11 88 3.13 0
07:12 735.08 14.17 88 3.13 0
07:13 735.08 14.22 87 3.58 0
07:14 735.08 14.22 87 3.13 0
07:15 735.08 14.22 87 .89 0
07:16 735.08 14.28 87 2.68 0
07:17 735.08 14.28 87 4.02 0
07:18 735.08 14.33 87 3.58 0
07:19 735.08 14.33 87 2.24 0
07:20 735.08 14.33 87 1.79 0
07:21 735.08 14.39 87 1.34 0
07:22 735.08 14.39 87 1.34 0
07:23 735.08 14.39 87 .89 0
07:24 735.08 14.44 87 4.02 0
07:25 735.08 14.44 86 2.24 0
07:26 735.08 14.44 86 1.34 0
07:27 735.08 14.44 86 3.13 0
07:28 735.08 14.44 86 4.47 0
07:29 735.08 14.39 86 3.13 0
07:30 735.08 14.39 86 3.58 0
07:31 735.08 14.44 86 2.24 0
07:32 735.08 14.39 86 1.34 0
07:33 735.08 14.44 86 1.34 0
07:34 735.08 14.44 86 3.13 0
07:35 735.08 14.44 86 .89 0
07:36 735.33 14.5 86 1.34 0
07:37 735.08 14.5 86 1.79 0
07:38 735.08 14.56 86 6.71 0
07:39 735.08 14.5 85 4.02 0
07:40 735.08 14.5 86 3.13 0
07:41 735.08 14.5 86 1.79 0
07:42 735.33 14.56 86 3.58 0
07:43 735.08 14.56 86 4.47 0
07:44 735.08 14.56 86 1.79 0
07:45 735.33 14.61 86 4.02 0
07:46 735.08 14.61 85 .45 0
07:47 735.33 14.61 85 4.02 0
07:48 735.33 14.67 85 3.13 0
07:49 735.33 14.67 85 3.58 0
07:50 735.33 14.67 85 2.24 0
07:51 735.33 14.67 85 2.24 0
07:52 735.33 14.72 85 1.79 0
07:53 735.33 14.72 85 4.02 0
07:54 735.33 14.72 85 1.34 0
07:55 735.33 14.78 85 3.13 0
07:56 735.33 14.78 85 3.58 0
07:57 735.33 14.78 84 2.68 0
07:58 735.33 14.78 84 4.92 0
07:59 735.33 14.72 84 4.02 0
08:00 735.33 14.72 84 2.24 0
08:01 735.33 14.72 85 2.24 0
08:02 735.33 14.72 85 1.79 0
08:03 735.33 14.78 85 4.92 0
08:04 735.33 14.78 83 4.02 0
08:05 735.33 14.72 83 2.24 0
08:06 735.33 14.72 84 4.92 0
08:07 735.33 14.67 83 4.47 0
08:08 735.33 14.72 83 3.58 0
08:09 735.33 14.72 84 4.02 0
08:10 735.33 14.72 84 2.68 0
08:11 735.33 14.72 83 3.58 0
08:12 735.58 14.72 84 2.68 0
08:13 735.33 14.72 84 5.36 0
08:14 735.33 14.67 84 1.79 0
08:15 735.33 14.67 84 4.92 0
08:16 735.58 14.67 84 3.58 0
08:17 735.58 14.67 84 5.81 0
08:18 735.33 14.67 84 4.02 0
08:19 735.58 14.67 84 2.24 0
08:20 735.58 14.61 84 2.24 0
08:21 735.58 14.67 84 4.02 0
08:22 735.58 14.67 84 4.47 0
08:23 735.58 14.67 84 6.26 0
08:24 735.58 14.67 83 4.47 0
08:25 735.58 14.67 84 4.47 0
08:26 735.58 14.72 83 4.92 0
08:27 735.58 14.72 83 3.13 0
08:28 735.58 14.72 83 2.24 0
08:29 735.58 14.72 83 5.36 0
08:30 735.58 14.72 82 6.26 0
08:31 735.58 14.78 82 2.68 0
08:32 735.58 14.72 83 3.13 0
08:33 735.58 14.78 83 2.24 0
08:34 735.58 14.78 83 4.02 0
08:35 735.58 14.78 83 2.24 0
08:36 735.58 14.78 83 3.58 0
08:37 735.58 14.78 83 4.02 0
08:38 735.58 14.78 82 6.71 0
08:39 735.58 14.83 82 3.58 0
08:40 735.58 14.83 83 2.24 0
08:41 735.58 14.94 83 5.36 0
08:42 735.58 15 82 2.24 0
08:43 735.58 15 82 1.34 0
08:44 735.58 15.06 82 1.34 0
08:45 735.58 15.11 83 1.34 0
08:46 735.58 15.22 83 3.13 0
08:47 735.58 15.33 82 3.13 0
08:48 735.58 15.39 82 .89 0
08:49 735.58 15.44 81 5.81 0
08:50 735.58 15.44 80 3.13 0
08:51 735.58 15.5 80 3.58 0
08:52 735.58 15.5 80 4.47 0
08:53 735.84 15.5 80 4.02 0
08:54 735.84 15.44 79 5.81 0
08:55 735.84 15.44 78 4.47 0
08:56 735.84 15.44 80 3.58 0
08:57 735.84 15.44 80 2.68 0
08:58 735.84 15.44 79 4.92 0
08:59 735.84 15.39 80 4.02 0
09:00 735.84 15.33 80 2.68 0
09:01 735.84 15.33 80 4.02 0
09:02 735.84 15.33 79 3.13 0
09:03 735.84 15.28 79 4.02 0
09:04 735.84 15.28 80 1.79 0
09:05 735.84 15.22 80 4.02 0
09:06 735.84 15.22 80 4.47 0
09:07 735.84 15.22 79 3.58 0
09:08 735.84 15.22 80 6.71 0
09:09 735.84 15.22 79 4.92 0
09:10 735.84 15.28 80 4.02 0
09:11 735.84 15.28 80 5.36 0
09:12 735.84 15.33 80 4.02 0
09:13 735.84 15.39 80 6.26 0
09:14 736.09 15.39 79 3.58 0
09:15 735.84 15.39 79 5.36 0
09:16 735.84 15.39 79 3.58 0
09:17 735.84 15.33 80 3.58 0
09:18 735.84 15.39 79 4.47 0
09:19 735.84 15.44 79 3.13 0
09:20 736.09 15.44 79 6.26 0
09:21 735.84 15.44 79 4.92 0
09:22 735.84 15.44 79 4.92 0
09:23 735.84 15.44 79 4.92 0
09:24 736.09 15.44 79 4.02 0
09:25 736.09 15.44 79 2.68 0
09:26 736.09 15.44 80 5.36 0
09:27 736.09 15.44 79 4.02 0
09:28 736.09 15.44 80 4.47 0
09:29 736.09 15.44 79 5.36 0
09:30 736.09 15.39 79 7.6 0
09:31 736.09 15.33 79 2.24 0
09:32 736.09 15.33 79 5.81 0
09:33 736.09 15.28 79 4.47 0
09:34 736.09 15.22 80 5.36 0
09:35 736.09 15.22 80 1.79 0
09:36 736.09 15.28 80 5.81 0
09:37 736.09 15.22 79 6.71 0
09:38 736.09 15.22 80 3.58 0
09:39 736.09 15.22 81 1.79 0
09:40 736.09 15.22 80 5.36 0
09:41 736.09 15.22 80 4.02 0
09:42 736.09 15.22 80 7.6 0
09:43 736.09 15.22 80 5.36 0
09:44 736.09 15.17 80 4.02 0
09:45 736.09 15.17 80 6.71 0
09:46 736.09 15.22 80 2.68 0
09:47 736.09 15.22 81 3.58 0
09:48 736.09 15.33 80 3.58 0
09:49 736.09 15.44 81 2.24 0
09:50 736.09 15.67 81 1.79 0
09:51 736.09 15.78 80 4.02 0
09:52 736.09 15.89 80 4.92 0
09:53 736.09 15.94 80 4.92 0
09:54 736.09 16 78 8.05 0
09:55 736.09 15.94 78 5.36 0
09:56 736.09 15.89 78 4.02 0
09:57 736.09 15.83 77 5.36 0
09:58 736.35 15.78 78 6.71 0
09:59 736.35 15.78 78 8.05 0
10:00 736.35 15.72 78 7.15 0
10:01 736.35 15.72 78 4.92 0
10:02 736.35 15.67 78 7.6 0
10:03 736.35 15.67 78 7.15 0
10:04 736.35 15.72 79 3.58 0
10:05 736.35 15.83 79 4.47 0
10:06 736.35 15.72 79 4.02 0
10:07 736.35 15.67 79 5.81 0
10:08 736.35 15.61 79 4.02 0
10:09 736.35 15.61 79 4.47 0
10:10 736.35 15.61 80 4.02 0
10:11 736.35 15.67 79 5.81 0
10:12 736.6 15.61 80 3.13 0
10:13 736.6 15.67 80 2.24 0
10:14 736.6 15.67 80 3.58 0
10:15 736.6 15.61 80 4.47 0
10:16 736.6 15.56 79 4.92 0
10:17 736.6 15.5 80 3.58 0
10:18 736.6 15.5 80 4.02 0
10:19 736.6 15.44 80 3.58 0
10:20 736.6 15.39 80 5.81 0
10:21 736.6 15.33 80 2.68 0
10:22 736.6 15.33 80 5.81 0
10:23 736.6 15.28 80 1.34 0
10:24 736.6 15.33 80 4.47 0
10:25 736.6 15.28 80 4.92 0
10:26 736.6 15.33 80 4.02 0
10:27 736.85 15.28 80 5.81 0
10:28 736.85 15.28 80 5.81 0
10:29 736.85 15.22 80 4.47 0
10:30 736.85 15.17 80 6.26 0
10:31 736.85 15.06 80 5.81 0
10:32 736.85 15.06 80 3.58 0
10:33 736.85 15 81 4.92 0
10:34 736.85 14.94 80 4.02 0
10:35 736.85 14.94 80 4.92 0
10:36 736.85 14.94 80 3.13 0
10:37 736.85 15 81 2.24 0
10:38 736.85 15.06 81 1.34 0
10:39 736.85 15.11 81 3.58 0
10:40 736.85 15.11 80 1.79 0
10:41 736.85 15.17 81 2.24 0
10:42 736.85 15.22 80 3.13 0
10:43 736.85 15.28 79 4.92 0
10:44 736.85 15.22 79 4.92 0
10:45 736.85 15.22 79 4.02 0
10:46 736.85 15.22 79 1.79 0
10:47 736.85 15.28 80 1.34 0
10:48 736.85 15.33 80 2.24 0
10:49 736.85 15.39 80 2.68 0
10:50 736.85 15.44 79 2.68 0
10:51 736.85 15.56 79 1.79 0
10:52 736.85 15.61 79 2.68 0
10:53 736.85 15.72 79 3.13 0
10:54 736.85 15.72 77 4.02 0
10:55 736.85 15.78 77 4.47 0
10:56 736.85 15.78 76 5.36 0
10:57 736.85 15.72 75 2.24 0
10:58 736.85 15.72 76 3.58 0
10:59 736.85 15.78 76 4.92 0
11:00 737.11 15.78 76 1.79 0
11:01 737.11 15.83 77 1.79 0
11:02 737.11 15.83 77 2.24 0
11:03 737.11 15.83 75 4.92 0
11:04 736.85 15.78 76 3.58 0
11:05 736.85 15.89 76 2.24 0
11:06 737.11 15.94 76 2.24 0
11:07 737.11 16.06 76 2.24 0
11:08 737.11 16.06 75 5.36 0
11:09 737.11 16.11 74 4.92 0
11:10 737.11 16.11 75 4.47 0
11:11 737.11 16.11 74 3.58 0
11:12 737.11 16.11 75 5.36 0
11:13 737.11 16.17 75 3.58 0
11:14 737.11 16.22 76 5.81 0
11:15 737.11 16.22 74 4.02 0
11:16 737.11 16.28 73 4.02 0
11:17 737.11 16.28 74 3.58 0
11:18 737.11 16.28 74 1.79 0
11:19 737.11 16.33 75 .45 0
11:20 737.11 16.44 75 2.24 0
11:21 737.11 16.61 75 4.02 0
11:22 737.11 16.61 73 1.79 0
11:23 737.11 16.61 73 1.79 0
11:24 737.11 16.61 74 2.24 0
11:25 737.11 16.61 74 .89 0
11:26 737.11 16.67 75 .89 0
11:27 737.11 16.78 75 1.79 0
11:28 737.11 16.89 73 2.24 0
11:29 737.11 16.89 73 2.68 0
11:30 737.11 17 73 4.92 0
11:31 737.11 16.94 72 3.58 0
11:32 737.11 17 72 4.92 0
11:33 737.11 16.94 70 4.02 0
11:34 737.11 16.89 72 4.47 0
11:35 737.11 16.89 72 2.24 0
11:36 737.11 16.83 72 5.36 0
11:37 737.11 16.78 72 4.92 0
11:38 737.11 16.72 72 5.36 0
11:39 737.11 16.72 72 2.24 0
11:40 737.11 16.72 72 2.68 0
11:41 737.11 16.78 71 4.47 0
11:42 737.11 16.83 72 1.79 0
11:43 737.11 16.89 72 3.58 0
11:44 737.11 17.06 73 4.02 0
11:45 737.11 17.11 70 3.58 0
11:46 737.11 17.17 70 4.92 0
11:47 737.11 17.22 69 4.02 0
11:48 737.11 17.28 70 1.79 0
11:49 737.11 17.33 71 1.34 0
11:50 737.11 17.5 70 3.58 0
11:51 737.11 17.61 70 1.34 0
11:52 737.11 17.61 68 2.24 0
11:53 737.11 17.67 69 1.79 0
11:54 737.11 17.61 68 2.24 0
11:55 737.11 17.67 69 1.79 0
11:56 737.11 17.72 69 4.02 0
11:57 737.11 17.67 68 1.79 0
11:58 737.11 17.67 70 3.58 0
11:59 737.36 17.67 70 4.02 0
12:00 737.11 17.61 68 3.13 0
12:01 737.36 17.56 69 5.81 0
12:02 737.36 17.44 68 4.47 0
12:03 737.36 17.39 69 2.24 0
12:04 737.36 17.39 69 4.02 0
12:05 737.36 17.33 69 .89 0
12:06 737.36 17.33 70 3.58 0
12:07 737.36 17.33 70 3.58 0
12:08 737.36 17.33 70 2.24 0
12:09 737.36 17.33 70 1.79 0
12:10 737.36 17.28 69 2.24 0
12:11 737.36 17.22 69 3.58 0
12:12 737.36 17.17 70 3.13 0
12:13 737.36 17.11 70 3.13 0
12:14 737.36 17.06 70 3.58 0
12:15 737.36 17.06 70 3.58 0
12:16 737.36 16.94 70 5.36 0
12:17 737.36 16.94 70 2.68 0
12:18 737.36 16.89 71 3.58 0
12:19 737.36 16.89 71 4.02 0
12:20 737.62 16.89 71 3.58 0
12:21 737.36 16.94 71 4.02 0
12:22 737.62 16.89 71 5.36 0
12:23 737.36 16.89 71 2.24 0
12:24 737.62 16.94 71 3.13 0
12:25 737.62 16.94 72 3.58 0
12:26 737.62 16.94 71 1.34 0
12:27 737.62 17 72 2.24 0
12:28 737.62 17 72 4.47 0
12:29 737.62 17 71 4.47 0
12:30 737.62 16.94 71 1.79 0
12:31 737.62 16.94 72 1.34 0
12:32 737.62 16.94 73 2.24 0
12:33 737.62 16.94 71 4.92 0
12:34 737.62 16.89 72 2.24 0
12:35 737.62 16.83 73 6.26 0
12:36 737.87 16.78 72 5.36 0
12:37 737.87 16.72 72 5.36 0
12:38 737.87 16.67 72 4.92 0
12:39 737.87 16.67 72 3.13 0
12:40 737.87 16.67 72 5.36 0
12:41 737.87 16.67 72 3.13 0
12:42 737.87 16.67 72 4.92 0
12:43 737.87 16.72 72 2.24 0
12:44 737.87 16.83 74 .89 0
12:45 737.87 16.94 72 3.13 0
12:46 737.87 17 72 5.36 0
12:47 737.87 17.17 72 4.02 0
12:48 737.87 17.28 72 2.68 0
12:49 737.87 17.28 71 4.92 0
12:50 737.87 17.39 71 4.02 0
12:51 737.87 17.44 70 2.68 0
12:52 737.87 17.5 70 1.34 0
12:53 737.87 17.5 70 4.47 0
12:54 737.87 17.44 69 6.26 0
12:55 737.87 17.33 69 4.47 0
12:56 737.87 17.28 70 4.47 0
12:57 737.87 17.33 70 7.6 0
12:58 737.87 17.33 69 6.26 0
12:59 737.87 17.33 70 6.26 0
13:00 737.87 17.28 69 4.02 0
13:01 737.87 17.22 69 6.71 0
13:02 737.87 17.17 70 4.47 0
13:03 737.87 17.17 70 4.92 0
13:04 737.87 17.22 69 2.68 0
13:05 737.87 17.28 70 4.92 0
13:06 737.87 17.33 69 4.92 0
13:07 738.12 17.33 69 2.68 0
13:08 738.12 17.44 69 3.58 0
13:09 738.12 17.5 69 4.92 0
13:10 737.87 17.44 68 5.36 0
13:11 737.87 17.28 68 6.71 0
13:12 738.12 17.28 68 4.47 0
13:13 737.87 17.28 69 4.02 0
13:14 738.12 17.39 69 1.79 0
13:15 738.12 17.5 70 4.92 0
13:16 738.12 17.61 68 3.58 0
13:17 738.12 17.67 68 5.36 0
13:18 738.12 17.61 67 4.02 0
13:19 737.87 17.67 68 3.13 0
13:20 738.12 17.78 68 1.79 0
13:21 738.12 17.83 68 4.02 0
13:22 737.87 17.89 67 1.34 0
13:23 737.87 18.06 69 1.79 0
13:24 738.12 18.11 69 4.02 0
13:25 737.87 18.17 67 3.58 0
13:26 738.12 18.17 67 4.92 0
13:27 738.12 18.17 67 3.58 0
13:28 738.12 18.11 68 3.58 0
13:29 737.87 18.17 67 3.58 0
13:30 738.12 18.22 68 1.34 0
13:31 738.12 18.33 68 5.36 0
13:32 738.12 18.33 65 4.47 0
13:33 738.12 18.28 65 4.02 0
13:34 738.12 18.28 66 5.36 0
13:35 737.87 18.22 64 4.92 0
13:36 738.12 18.17 64 5.36 0
13:37 738.12 18 65 4.47 0
13:38 738.12 17.89 65 4.92 0
13:39 738.12 17.83 66 3.58 0
13:40 738.12 17.83 66 4.92 0
13:41 738.12 17.89 67 3.58 0
13:42 738.12 18 67 1.79 0
13:43 738.12 18 66 4.02 0
13:44 738.12 18.06 67 1.34 0
13:45 738.12 18.06 66 2.24 0
13:46 738.12 18.06 66 3.13 0
13:47 738.12 18.06 65 6.71 0
13:48 738.12 18 65 4.02 0
13:49 738.12 17.94 66 2.68 0
13:50 738.12 17.89 65 1.79 0
13:51 738.12 17.89 66 3.58 0
13:52 738.12 17.89 66 2.24 0
13:53 738.12 17.83 66 2.24 0
13:54 738.12 17.89 66 3.58 0
13:55 738.12 17.94 67 2.24 0
13:56 738.12 17.94 67 4.47 0
13:57 738.12 17.89 66 4.92 0
13:58 738.12 17.78 66 4.02 0
13:59 738.12 17.83 67 2.24 0
14:00 738.12 17.83 68 2.24 0
14:01 738.12 17.89 68 1.79 0
14:02 738.12 17.94 69 2.68 0
14:03 738.12 18.06 68 5.81 0
14:04 738.38 18.06 67 4.47 0
14:05 738.38 18.06 66 4.47 0
14:06 738.38 18 65 3.58 0
14:07 738.38 17.94 65 2.24 0
14:08 738.12 18 66 6.26 0
14:09 738.38 18.06 62 3.13 0
14:10 738.38 18.06 61 4.47 0
14:11 738.12 18.11 62 1.34 0
14:12 738.12 18.22 62 4.92 0
14:13 738.38 18.28 63 4.47 0
14:14 738.12 18.39 62 4.47 0
14:15 738.12 18.44 61 3.58 0
14:16 738.38 18.5 62 2.68 0
14:17 738.38 18.56 61 3.58 0
14:18 738.38 18.67 62 5.81 0
14:19 738.38 18.56 61 3.58 0
14:20 738.12 18.61 62 2.68 0
14:21 738.38 18.56 63 4.02 0
14:22 738.38 18.61 62 2.24 0
14:23 738.38 18.61 61 2.68 0
14:24 738.38 18.56 62 8.49 0
14:25 738.38 18.33 62 7.6 0
14:26 738.38 18.06 63 6.26 0
14:27 738.38 17.94 64 4.92 0
14:28 738.38 17.83 64 4.47 0
14:29 738.38 17.78 65 6.26 0
14:30 738.38 17.67 64 4.92 0
14:31 738.38 17.61 63 3.58 0
14:32 738.38 17.61 64 5.36 0
14:33 738.38 17.61 65 2.24 0
14:34 738.38 17.67 66 3.58 0
14:35 738.38 17.78 65 4.02 0
14:36 738.38 17.89 66 3.58 0
14:37 738.38 17.94 64 4.02 0
14:38 738.38 18 64 2.68 0
14:39 738.38 18 63 4.47 0
14:40 738.38 18 64 6.71 0
14:41 738.38 17.94 60 4.92 0
14:42 738.38 17.94 61 4.47 0
14:43 738.38 17.89 61 3.58 0
14:44 738.38 17.89 61 5.81 0
14:45 738.63 17.89 60 5.81 0
14:46 738.38 17.78 60 6.26 0
14:47 738.63 17.72 60 4.92 0
14:48 738.38 17.72 61 4.02 0
14:49 738.38 17.78 61 4.92 0
14:50 738.38 17.78 61 3.58 0
14:51 738.38 17.89 61 6.26 0
14:52 738.63 17.94 58 4.92 0
14:53 738.38 18.06 58 4.92 0
14:54 738.63 18.11 57 5.36 0
14:55 738.38 18.22 57 5.81 0
14:56 738.38 18.28 57 4.47 0
14:57 738.38 18.33 57 5.81 0
14:58 738.38 18.33 57 3.58 0
14:59 738.63 18.44 58 3.13 0
15:00 738.63 18.56 58 .89 0
15:01 738.38 18.67 58 4.47 0
15:02 738.63 18.83 56 4.92 0
15:03 738.63 18.89 55 6.26 0
15:04 738.63 18.78 54 3.13 0
15:05 738.63 18.83 54 6.71 0
15:06 738.63 18.83 56 6.71 0
15:07 738.63 18.78 54 4.47 0
15:08 738.63 18.83 55 2.68 0
15:09 738.63 18.89 55 2.24 0
15:10 738.63 18.89 55 2.68 0
15:11 738.63 18.89 55 6.26 0
15:12 738.63 18.89 54 2.68 0
15:13 738.63 18.94 56 5.36 0
15:14 738.63 19 54 4.92 0
15:15 738.63 18.94 54 4.92 0
15:16 738.63 18.83 57 2.68 0
15:17 738.63 18.78 57 1.79 0
15:18 738.63 18.83 58 2.68 0
15:19 738.63 19 58 .89 0
15:20 738.63 19.11 58 1.79 0
15:21 738.63 19.22 59 4.47 0
15:22 738.63 19.39 59 1.79 0
15:23 738.63 19.5 57 5.81 0
15:24 738.63 19.56 56 4.47 0
15:25 738.63 19.56 56 2.24 0
15:26 738.63 19.67 56 4.47 0
15:27 738.63 19.67 57 4.47 0
15:28 738.63 19.67 55 5.36 0
15:29 738.63 19.56 54 4.02 0
15:30 738.63 19.44 55 1.34 0
15:31 738.63 19.44 56 3.58 0
15:32 738.63 19.5 56 4.92 0
15:33 738.63 19.56 55 5.36 0
15:34 738.63 19.5 55 3.13 0
15:35 738.63 19.56 56 4.47 0
15:36 738.63 19.56 54 4.47 0
15:37 738.63 19.56 54 4.92 0
15:38 738.63 19.56 54 7.15 0
15:39 738.63 19.44 54 1.79 0
15:40 738.63 19.39 54 6.26 0
15:41 738.63 19.28 55 4.47 0
15:42 738.63 19.22 56 5.36 0
15:43 738.63 19.17 55 3.58 0
15:44 738.63 19.17 56 4.92 0
15:45 738.63 19.17 55 5.81 0
15:46 738.63 19.22 57 4.02 0
15:47 738.63 19.28 57 3.58 0
15:48 738.63 19.33 58 4.92 0
15:49 738.63 19.33 57 4.02 0
15:50 738.63 19.39 56 2.24 0
15:51 738.63 19.39 56 4.02 0
15:52 738.63 19.5 56 2.24 0
15:53 738.63 19.44 57 1.79 0
15:54 738.63 19.5 57 4.02 0
15:55 738.63 19.56 55 3.58 0
15:56 738.63 19.61 56 4.92 0
15:57 738.63 19.67 52 2.68 0
15:58 738.63 19.67 53 5.36 0
15:59 738.63 19.67 52 1.79 0
16:00 738.89 19.72 55 3.58 0
16:01 738.89 19.61 55 2.24 0
16:02 738.89 19.56 56 4.47 0
16:03 738.89 19.44 56 4.92 0
16:04 738.89 19.33 56 4.92 0
16:05 738.89 19.22 57 4.47 0
16:06 738.89 19.17 57 5.81 0
16:07 738.89 19 57 6.26 0
16:08 738.89 18.83 57 5.36 0
16:09 738.89 18.78 59 4.02 0
16:10 738.89 18.78 59 2.68 0
16:11 738.89 18.72 60 1.79 0
16:12 738.89 18.72 60 6.26 0
16:13 738.89 18.61 59 5.36 0
16:14 738.89 18.56 59 5.36 0
16:15 738.89 18.56 59 6.26 0
16:16 738.89 18.5 58 2.68 0
16:17 738.89 18.56 59 5.36 0
16:18 738.89 18.61 58 4.92 0
16:19 739.14 18.61 56 4.02 0
16:20 739.14 18.72 57 5.36 0
16:21 738.89 18.78 54 4.92 0
16:22 739.14 18.89 55 4.02 0
16:23 739.14 18.94 56 4.47 0
16:24 739.14 19 55 4.92 0
16:25 739.14 19.06 55 4.92 0
16:26 739.14 19.17 54 2.24 0
16:27 739.14 19.28 57 1.79 0
16:28 739.14 19.39 57 4.02 0
16:29 739.14 19.56 54 4.02 0
16:30 739.14 19.5 52 5.81 0
16:31 739.14 19.44 52 4.47 0
16:32 739.14 19.5 52 6.26 0
16:33 739.14 19.56 53 5.36 0
16:34 739.14 19.61 52 6.71 0
16:35 739.14 19.61 53 5.81 0
16:36 739.14 19.56 52 7.15 0
16:37 739.14 19.44 53 4.02 0
16:38 739.14 19.44 54 4.47 0
16:39 739.14 19.5 55 4.47 0
16:40 739.14 19.56 54 5.81 0
16:41 739.14 19.56 55 6.26 0
16:42 739.14 19.56 55 4.02 0
16:43 739.14 19.56 55 7.15 0
16:44 739.14 19.56 55 4.92 0
16:45 739.14 19.56 55 8.49 0
16:46 739.14 19.5 55 4.92 0
16:47 739.14 19.5 56 8.94 0
16:48 739.14 19.44 55 7.15 0
16:49 739.14 19.39 56 4.47 0
16:50 739.14 19.44 56 6.26 0
16:51 739.14 19.39 56 7.15 0
16:52 739.14 19.22 57 5.36 0
16:53 739.14 19.22 58 2.68 0
16:54 739.14 19.22 58 3.58 0
16:55 739.14 19.22 58 4.92 0
16:56 739.14 19.22 59 4.92 0
16:57 739.14 19.22 59 4.92 0
16:58 739.14 19.17 59 7.6 0
16:59 739.39 19.06 59 6.71 0
17:00 739.39 19 59 5.36 0
17:01 739.39 18.89 60 6.26 0
17:02 739.39 18.89 60 7.15 0
17:03 739.39 18.83 60 6.71 0
17:04 739.39 18.83 60 4.92 0
17:05 739.39 18.83 60 5.81 0
17:06 739.39 18.83 60 4.92 0
17:07 739.39 18.89 60 4.02 0
17:08 739.39 19 61 3.58 0
17:09 739.39 19.11 60 4.02 0
17:10 739.39 19.11 60 5.36 0
17:11 739.39 19.11 59 2.68 0
17:12 739.39 19.17 60 4.02 0
17:13 739.39 19.17 60 4.47 0
17:14 739.39 19.17 59 3.58 0
17:15 739.39 19.17 59 5.36 0
17:16 739.39 19.11 59 2.68 0
17:17 739.39 19.11 59 1.79 0
17:18 739.39 19.17 59 2.24 0
17:19 739.39 19.17 60 4.47 0
17:20 739.39 19.17 60 5.36 0
17:21 739.39 19.11 60 3.58 0
17:22 739.65 19.11 61 4.92 0
17:23 739.65 19.06 61 4.47 0
17:24 739.65 18.83 59 4.02 0
17:25 739.65 18.83 60 3.58 0
17:26 739.65 18.83 61 3.58 0
17:27 739.65 18.89 61 4.92 0
17:28 739.65 18.94 61 4.02 0
17:29 739.65 18.94 61 6.26 0
17:30 739.65 18.83 61 4.47 0
17:31 739.65 18.72 62 5.36 0
17:32 739.65 18.67 62 5.81 0
17:33 739.65 18.56 63 5.81 0
17:34 739.65 18.5 63 5.36 0
17:35 739.65 18.44 63 6.26 0
17:36 739.65 18.33 64 4.92 0
17:37 739.9 18.22 64 7.15 0
17:38 739.9 18.17 65 5.36 0
17:39 739.9 18.06 65 8.94 0
17:40 739.9 17.94 65 6.26 0
17:41 739.9 17.83 66 7.15 0
17:42 739.9 17.83 66 5.36 0
17:43 739.9 17.89 67 5.36 0
17:44 739.9 17.94 67 7.15 0
17:45 739.9 17.83 66 6.71 0
17:46 739.9 17.83 67 5.36 0
17:47 739.9 17.83 67 5.81 0
17:48 739.9 17.94 67 5.36 0
17:49 739.9 17.89 67 5.81 0
17:50 739.9 17.83 67 7.6 0
17:51 739.9 17.78 67 6.26 0
17:52 740.16 17.67 67 7.15 0
17:53 739.9 17.56 67 7.6 0
17:54 740.16 17.5 67 6.26 0
17:55 740.16 17.33 67 9.83 0
17:56 740.16 17.22 67 8.49 0
17:57 740.16 17.17 68 3.58 0
17:58 740.16 17.17 68 4.02 0
17:59 740.16 17.22 68 4.47 0
18:00 740.16 17.22 67 5.81 0
18:01 740.16 17.17 68 4.02 0
18:02 740.16 17.17 68 4.47 0
18:03 740.16 17.17 69 4.92 0
18:04 740.41 17.11 68 5.36 0
18:05 740.41 17.06 67 4.92 0
18:06 740.41 17 67 4.92 0
18:07 740.41 16.89 68 6.71 0
18:08 740.41 16.89 67 4.47 0
18:09 740.41 16.89 68 5.81 0
18:10 740.41 16.89 68 6.26 0
18:11 740.41 16.89 68 6.26 0
18:12 740.41 16.83 67 6.26 0
18:13 740.41 16.83 68 7.15 0
18:14 740.41 16.78 68 4.02 0
18:15 740.41 16.78 68 6.71 0
18:16 740.41 16.72 68 7.6 0
18:17 740.41 16.72 67 5.36 0
18:18 740.41 16.72 68 8.05 0
18:19 740.66 16.72 68 6.26 0
18:20 740.66 16.72 68 4.02 0
18:21 740.66 16.78 68 4.47 0
18:22 740.66 16.78 68 6.71 0
18:23 741.93 16.89 61 3.58 0
18:24 740.66 16.89 68 4.02 0
18:25 740.66 16.94 68 4.02 0
18:26 740.66 17 68 4.92 0
18:27 740.66 17 67 4.47 0
18:28 740.66 17 67 4.92 0
18:29 740.66 16.89 67 4.47 0
18:30 740.66 16.89 68 4.02 0
18:31 740.66 16.89 68 4.47 0
18:32 740.66 16.89 67 6.26 0
18:33 740.66 16.78 67 4.02 0
18:34 740.66 16.83 68 4.47 0
18:35 740.66 16.83 67 4.47 0
18:36 740.66 16.78 67 6.71 0
18:37 740.66 16.78 67 5.36 0
18:38 740.66 16.72 67 6.71 0
18:39 740.66 16.72 67 6.26 0
18:40 740.66 16.72 67 6.26 0
18:41 740.66 16.67 67 4.02 0
18:42 740.66 16.61 68 6.71 0
18:43 740.66 16.61 68 4.92 0
18:44 740.66 16.61 68 3.58 0
18:45 740.66 16.61 68 4.47 0
18:46 740.66 16.61 68 5.36 0
18:47 740.66 16.56 67 2.68 0
18:48 740.66 16.56 68 4.02 0
18:49 740.66 16.56 67 2.24 0
18:50 740.66 16.61 68 4.92 0
18:51 740.66 16.67 68 6.26 0
18:52 740.66 16.67 68 3.58 0
18:53 740.66 16.67 67 4.47 0
18:54 740.66 16.67 67 5.81 0
18:55 740.92 16.67 67 5.81 0
18:56 740.66 16.67 67 5.81 0
18:57 740.92 16.61 67 5.36 0
18:58 740.92 16.56 67 5.81 0
18:59 740.66 16.56 67 3.58 0
19:00 740.66 16.56 67 5.81 0
19:01 740.66 16.5 67 4.02 0
19:02 740.66 16.5 67 6.26 0
19:03 740.92 16.44 67 5.36 0
19:04 740.66 16.44 67 4.47 0
19:05 740.92 16.44 67 5.81 0
19:06 740.92 16.39 67 4.02 0
19:07 740.92 16.33 67 2.68 0
19:08 740.92 16.33 67 3.58 0
19:09 740.92 16.33 67 5.81 0
19:10 740.92 16.28 67 6.26 0
19:11 740.92 16.22 67 5.81 0
19:12 740.92 16.22 67 4.02 0
19:13 740.92 16.17 67 4.92 0
19:14 740.92 16.17 67 4.02 0
19:15 740.92 16.17 67 3.58 0
19:16 740.92 16.17 67 5.81 0
19:17 740.92 16.11 66 3.58 0
19:18 740.92 16.11 67 2.68 0
19:19 740.92 16.11 67 4.02 0
19:20 740.92 16.06 67 4.92 0
19:21 740.92 16.06 67 2.24 0
19:22 740.92 16.11 67 4.47 0
19:23 740.92 16.06 66 4.92 0
19:24 740.92 16.06 67 3.58 0
19:25 740.92 16.06 67 5.81 0
19:26 740.92 16.06 66 4.47 0
19:27 740.92 16.06 66 4.92 0
19:28 740.92 16.06 67 3.58 0
19:29 740.92 16 67 4.02 0
19:30 740.92 16.06 66 4.92 0
19:31 740.92 16 66 4.47 0
19:32 740.92 16.06 66 3.13 0
19:33 740.92 16 67 4.02 0
19:34 740.92 16 67 4.02 0
19:35 740.92 16 67 4.47 0
19:36 740.92 16 67 2.24 0
19:37 740.92 16.06 67 1.79 0
19:38 740.92 16.06 67 2.24 0
19:39 740.92 16.06 67 2.68 0
19:40 740.92 16.06 67 4.47 0
19:41 740.92 16.06 67 5.36 0
19:42 740.92 16 67 4.47 0
19:43 740.92 16 66 4.02 0
19:44 740.92 15.89 67 4.02 0
19:45 740.92 15.89 67 5.36 0
19:46 740.92 15.89 66 5.36 0
19:47 740.92 15.83 66 5.81 0
19:48 740.92 15.78 66 3.13 0
19:49 741.17 15.78 67 4.02 0
19:50 741.17 15.72 66 4.02 0
19:51 741.17 15.72 67 4.02 0
19:52 741.17 15.67 67 4.02 0
19:53 741.17 15.67 66 4.92 0
19:54 741.17 15.61 67 3.13 0
19:55 741.17 15.61 67 2.24 0
19:56 741.17 15.61 67 4.47 0
19:57 741.17 15.61 67 4.47 0
19:58 741.17 15.56 67 2.68 0
19:59 741.17 15.56 67 3.13 0
20:00 741.17 15.56 67 3.58 0
20:01 741.17 15.56 67 4.47 0
20:02 741.17 15.5 66 2.24 0
20:03 741.17 15.44 67 2.24 0
20:04 741.17 15.44 67 2.68 0
20:05 741.17 15.44 67 2.24 0
20:06 741.17 15.39 67 2.68 0
20:07 741.17 15.39 67 3.58 0
20:08 741.17 15.39 67 1.79 0
20:09 741.17 15.39 67 2.24 0
20:10 741.17 15.33 67 3.58 0
20:11 741.17 15.33 67 2.24 0
20:12 741.17 15.33 68 3.13 0
20:13 741.17 15.33 68 2.68 0
20:14 741.17 15.28 68 1.79 0
20:15 741.43 15.28 68 2.24 0
20:16 741.43 15.28 68 2.68 0
20:17 741.43 15.22 68 1.79 0
20:18 741.43 15.22 68 2.24 0
20:19 741.43 15.17 68 2.24 0
20:20 741.43 15.17 69 1.79 0
20:21 741.43 15.17 69 1.79 0
20:22 741.43 15.11 69 1.79 0
20:23 741.43 15.11 69 3.58 0
20:24 741.43 15.11 69 2.24 0
20:25 741.43 15.11 69 2.68 0
20:26 741.43 15.06 69 2.24 0
20:27 741.68 15.06 69 2.24 0
20:28 741.68 15 70 .89 0
20:29 741.68 15.06 70 1.79 0
20:30 741.68 15 70 1.34 0
20:31 741.68 15 70 2.68 0
20:32 741.68 14.94 70 2.24 0
20:33 741.68 14.89 70 2.24 0
20:34 741.68 14.89 70 1.79 0
20:35 741.68 14.83 69 4.02 0
20:36 741.68 14.83 70 3.58 0
20:37 741.68 14.78 69 3.58 0
20:38 741.68 14.78 69 2.24 0
20:39 741.68 14.72 69 1.79 0
20:40 741.68 14.67 69 3.13 0
20:41 741.68 14.67 69 1.79 0
20:42 741.68 14.61 69 2.24 0
20:43 741.68 14.61 69 1.79 0
20:44 741.68 14.56 70 2.24 0
20:45 741.68 14.56 70 .89 0
20:46 741.68 14.56 70 3.58 0
20:47 741.68 14.5 70 1.34 0
20:48 741.68 14.5 70 2.24 0
20:49 741.93 14.44 70 1.34 0
20:50 741.93 14.39 70 1.34 0
20:51 741.93 14.39 70 .89 0
20:52 741.93 14.33 70 3.58 0
20:53 741.93 14.28 70 3.58 0
20:54 741.93 14.28 70 2.24 0
20:55 741.93 14.22 71 3.13 0
20:56 741.93 14.17 71 2.68 0
20:57 741.93 14.11 71 1.79 0
20:58 741.93 14.06 71 3.13 0
20:59 741.93 14.06 71 2.24 0
21:00 741.93 14 71 3.13 0
21:01 741.93 13.89 71 3.13 0
21:02 741.93 13.89 71 1.79 0
21:03 741.93 13.83 71 2.24 0
21:04 741.93 13.78 71 3.13 0
21:05 741.93 13.78 71 1.79 0
21:06 741.93 13.72 72 1.79 0
21:07 741.93 13.72 72 3.58 0
21:08 741.93 13.67 72 3.58 0
21:09 741.93 13.67 72 1.79 0
21:10 741.93 13.67 72 2.68 0
21:11 741.93 13.67 72 2.68 0
21:12 741.93 13.61 72 2.68 0
21:13 741.93 13.61 72 1.34 0
21:14 741.93 13.56 72 4.02 0
21:15 741.93 13.56 72 2.24 0
21:16 741.93 13.56 72 3.13 0
21:17 742.19 13.5 72 3.58 0
21:18 741.93 13.5 72 2.68 0
21:19 741.93 13.44 72 2.24 0
21:20 742.19 13.44 72 3.13 0
21:21 742.19 13.44 72 2.24 0
21:22 742.19 13.39 72 2.24 0
21:23 742.19 13.39 72 3.58 0
21:24 742.19 13.33 72 2.24 0
21:25 742.19 13.33 72 3.13 0
21:26 742.19 13.33 72 3.58 0
21:27 742.19 13.28 72 3.13 0
21:28 742.19 13.28 72 2.24 0
21:29 742.19 13.22 72 2.24 0
21:30 742.19 13.17 73 1.34 0
21:31 742.19 13.17 72 2.68 0
21:32 742.19 13.11 73 1.79 0
21:33 742.44 13.06 73 2.24 0
21:34 742.44 13.06 73 2.68 0
21:35 742.44 13 73 1.79 0
21:36 742.44 13 73 1.34 0
21:37 742.44 12.94 73 1.34 0
21:38 742.44 12.89 73 2.24 0
21:39 742.44 12.89 73 1.79 0
21:40 742.44 12.83 73 1.79 0
21:41 742.44 12.78 73 .89 0
21:42 742.44 12.78 73 .89 0
21:43 742.44 12.78 73 1.34 0
21:44 742.44 12.72 73 2.24 0
21:45 742.44 12.72 73 2.24 0
21:46 742.44 12.67 73 2.24 0
21:47 742.44 12.67 74 1.34 0
21:48 742.44 12.61 74 3.58 0
21:49 742.44 12.61 74 3.13 0
21:50 742.44 12.56 74 2.24 0
21:51 742.44 12.5 74 3.13 0
21:52 742.44 12.44 74 3.13 0
21:53 742.44 12.44 74 1.79 0
21:54 742.7 12.39 74 3.13 0
21:55 742.44 12.33 74 1.79 0
21:56 742.7 12.28 74 1.79 0
21:57 742.7 12.28 74 2.24 0
21:58 742.7 12.22 74 1.79 0
21:59 742.7 12.28 74 2.24 0
22:00 742.7 12.22 74 .89 0
22:01 742.7 12.17 75 1.34 0
22:02 742.7 12.17 75 1.34 0
22:03 742.7 12.17 75 1.34 0
22:04 742.7 12.17 75 1.79 0
22:05 742.7 12.11 75 1.79 0
22:06 742.7 12.11 75 1.34 0
22:07 742.7 12.11 75 1.79 0
22:08 742.7 12.06 75 1.34 0
22:09 742.7 12 75 1.79 0
22:10 742.7 12 75 2.24 0
22:11 742.7 12 75 2.24 0
22:12 742.7 11.94 75 2.24 0
22:13 742.7 11.89 75 1.79 0
22:14 742.95 11.89 75 1.79 0
22:15 742.95 11.83 75 2.24 0
22:16 742.95 11.83 75 1.79 0
22:17 742.95 11.78 75 2.24 0
22:18 742.95 11.78 75 2.24 0
22:19 742.95 11.78 75 2.24 0
22:20 742.95 11.72 75 2.68 0
22:21 742.95 11.72 75 2.24 0
22:22 742.95 11.72 75 1.79 0
22:23 742.95 11.72 75 1.79 0
22:24 742.95 11.72 74 2.24 0
22:25 742.95 11.72 75 4.47 0
22:26 742.95 11.72 74 1.79 0
22:27 742.95 11.67 74 2.68 0
22:28 742.95 11.72 74 2.24 0
22:29 742.95 11.72 74 2.68 0
22:30 742.95 11.67 74 2.68 0
22:31 742.95 11.67 74 2.24 0
22:32 742.95 11.61 74 1.79 0
22:33 742.95 11.61 74 4.02 0
22:34 742.95 11.56 74 2.24 0
22:35 742.95 11.56 74 2.68 0
22:36 742.95 11.56 74 1.79 0
22:37 743.2 11.5 74 3.58 0
22:38 742.95 11.44 74 3.13 0
22:39 743.2 11.44 74 2.24 0
22:40 743.2 11.44 74 1.79 0
22:41 743.2 11.39 74 2.68 0
22:42 742.95 11.39 74 2.68 0
22:43 743.2 11.39 75 2.24 0
22:44 743.2 11.33 75 1.79 0
22:45 743.2 11.33 75 2.68 0
22:46 743.2 11.28 75 3.13 0
22:47 743.2 11.28 75 1.79 0
22:48 743.2 11.22 75 3.58 0
22:49 743.2 11.17 75 2.24 0
22:50 743.2 11.17 75 2.68 0
22:51 743.2 11.17 75 2.24 0
22:52 743.2 11.17 75 2.24 0
22:53 743.2 11.11 75 2.68 0
22:54 743.2 11.11 75 2.24 0
22:55 743.2 11.11 75 2.68 0
22:56 743.2 11.11 75 1.79 0
22:57 743.2 11.06 75 3.13 0
22:58 743.2 11.06 75 2.24 0
22:59 743.2 11 75 1.79 0
23:00 743.2 11.06 75 2.24 0
23:01 743.2 11 75 3.13 0
23:02 743.2 11 75 1.34 0
23:03 743.2 11 75 2.68 0
23:04 743.2 10.94 76 2.24 0
23:05 743.2 10.89 76 1.79 0
23:06 743.2 10.83 76 1.79 0
23:07 743.2 10.83 76 1.34 0
23:08 743.2 10.83 76 .89 0
23:09 743.2 10.78 76 1.79 0
23:10 743.2 10.72 77 1.34 0
23:11 743.2 10.67 77 1.79 0
23:12 743.2 10.56 77 1.34 0
23:13 743.2 10.56 77 1.34 0
23:14 743.46 10.5 77 1.34 0
23:15 743.46 10.5 77 1.34 0
23:16 743.46 10.44 78 1.79 0
23:17 743.46 10.39 78 1.34 0
23:18 743.46 10.39 78 .89 0
23:19 743.46 10.39 78 .89 0
23:20 743.2 10.33 78 1.79 0
23:21 743.46 10.33 78 1.79 0
23:22 743.46 10.28 78 1.34 0
23:23 743.46 10.28 78 1.34 0
23:24 743.46 10.22 78 1.34 0
23:25 743.46 10.22 78 3.13 0
23:26 743.46 10.17 78 3.58 0
23:27 743.46 10.17 78 1.79 0
23:28 743.46 10.17 78 2.24 0
23:29 743.46 10.17 78 2.68 0
23:30 743.46 10.17 78 1.79 0
23:31 743.46 10.17 78 3.58 0
23:32 743.46 10.17 78 3.58 0
23:33 743.46 10.17 77 3.58 0
23:34 743.46 10.11 78 1.34 0
23:35 743.46 10.11 78 2.24 0
23:36 743.46 10.11 77 2.24 0
23:37 743.46 10.06 77 2.68 0
23:38 743.46 10.06 77 2.24 0
23:39 743.46 10.06 78 2.68 0
23:40 743.46 10.06 77 2.24 0
23:41 743.46 10.06 77 1.34 0
23:42 743.46 10.06 77 2.68 0
23:43 743.46 10.06 77 2.24 0
23:44 743.46 10 77 1.79 0
23:45 743.46 10.06 77 1.34 0
23:46 743.46 10 77 1.79 0
23:47 743.46 9.94 77 1.79 0
23:48 743.46 9.94 77 1.34 0
23:49 743.46 9.94 77 2.24 0
23:50 743.46 9.94 77 2.68 0
23:51 743.46 9.94 77 2.24 0
23:52 743.46 9.89 77 1.79 0
23:53 743.71 9.89 77 1.79 0
23:54 743.46 9.89 77 2.24 0
23:55 743.46 9.83 77 2.24 0
23:56 743.71 9.83 78 1.34 0
23:57 743.46 9.78 78 1.34 0
23:58 743.71 9.78 78 1.79 0
23:59 743.71 9.72 78 1.34 0
