00:00 743.2 1.78 87 4.47 0
00:01 743.2 1.78 87 4.92 0
00:02 743.2 1.78 87 4.92 0
00:03 742.95 1.78 87 8.05 0
00:04 742.95 1.78 87 6.26 0
00:05 742.95 1.78 87 5.36 0
00:06 742.95 1.78 87 3.58 0
00:07 742.95 1.78 87 3.58 0
00:08 742.95 1.78 87 5.36 0
00:09 742.95 1.78 87 5.36 0
00:10 742.95 1.78 87 4.47 0
00:11 742.95 1.78 87 4.47 0
00:12 742.95 1.78 87 6.71 0
00:13 742.95 1.78 88 7.6 0
00:14 742.95 1.78 88 6.71 0
00:15 742.95 1.78 88 6.26 0
00:16 742.95 1.78 88 4.47 0
00:17 742.95 1.78 87 6.26 0
00:18 742.95 1.78 88 6.26 0
00:19 742.95 1.78 87 1.79 0
00:20 742.95 1.78 87 5.36 0
00:21 742.95 1.78 87 5.81 0
00:22 742.95 1.78 87 4.92 0
00:23 742.95 1.78 88 4.47 0
00:24 742.95 1.78 88 5.36 0
00:25 742.95 1.78 88 4.92 0
00:26 742.95 1.78 88 4.92 0
00:27 742.95 1.78 88 3.58 0
00:28 742.95 1.78 87 6.26 0
00:29 742.95 1.78 88 4.47 0
00:30 742.95 1.72 88 5.36 0
00:31 742.95 1.72 88 6.26 0
00:32 742.7 1.78 88 4.02 0
00:33 742.7 1.78 88 4.47 0
00:34 742.7 1.72 88 2.24 0
00:35 742.7 1.78 88 6.71 0
00:36 742.7 1.78 88 5.36 0
00:37 742.7 1.72 88 6.26 0
00:38 742.7 1.72 88 8.05 0
00:39 742.44 1.78 88 6.26 0
00:40 742.7 1.72 88 4.92 0
00:41 742.7 1.72 88 5.81 0
00:42 742.7 1.72 88 5.81 0
00:43 742.7 1.72 88 6.26 0
00:44 742.44 1.72 88 4.92 0
00:45 742.7 1.72 88 5.36 0
00:46 742.44 1.72 88 5.36 0
00:47 742.44 1.72 88 6.71 0
00:48 742.44 1.67 88 6.71 0
00:49 742.44 1.72 88 6.26 0
00:50 742.44 1.67 88 4.92 0
00:51 742.44 1.67 88 5.81 0
00:52 742.44 1.72 88 3.58 0
00:53 742.44 1.67 88 4.47 0
00:54 742.44 1.67 88 3.58 0
00:55 742.44 1.67 88 5.81 0
00:56 742.44 1.67 88 5.81 0
00:57 742.44 1.67 88 5.81 0
00:58 742.19 1.67 88 4.47 0
00:59 742.19 1.67 88 4.47 0
01:00 742.19 1.61 88 4.92 0
01:01 742.19 1.67 88 1.79 0
01:02 742.19 1.61 88 3.58 0
01:03 742.19 1.61 88 4.92 0
01:04 742.19 1.61 88 5.36 0
01:05 742.19 1.61 88 5.36 0
01:06 742.19 1.61 88 3.58 0
01:07 742.19 1.61 88 5.36 0
01:08 742.19 1.61 88 4.02 0
01:09 742.19 1.61 88 3.13 0
01:10 742.19 1.61 88 3.13 0
01:11 741.93 1.61 88 2.24 0
01:12 741.93 1.61 88 4.47 0
01:13 742.19 1.61 88 4.47 0
01:14 741.93 1.61 89 2.68 0
01:15 741.93 1.61 89 4.47 0
01:16 741.93 1.56 89 2.24 0
01:17 741.93 1.61 89 4.47 0
01:18 741.93 1.61 89 5.81 0
01:19 741.93 1.61 89 4.47 0
01:20 741.93 1.56 89 4.02 0
01:21 741.93 1.56 89 3.13 0
01:22 741.93 1.61 89 1.79 0
01:23 741.93 1.56 89 4.02 0
01:24 741.93 1.56 89 2.68 0
01:25 741.93 1.56 89 2.24 0
01:26 741.93 1.56 89 4.92 0
01:27 741.93 1.56 89 4.92 0
01:28 741.93 1.56 89 2.24 0
01:29 741.93 1.56 89 4.47 0
01:30 741.93 1.56 89 3.58 0
01:31 741.93 1.56 89 4.92 0
01:32 741.93 1.61 89 5.81 0
01:33 741.93 1.61 89 8.94 0
01:34 741.93 1.61 89 6.26 0
01:35 741.93 1.61 89 7.15 0
01:36 741.68 1.61 89 4.92 0
01:37 741.68 1.61 89 5.81 0
01:38 741.68 1.61 89 7.6 0
01:39 741.68 1.61 89 6.26 0
01:40 741.93 1.61 89 8.05 0
01:41 741.68 1.67 89 8.05 0
01:42 741.68 1.61 89 5.36 0
01:43 741.93 1.67 89 8.94 0
01:44 741.68 1.67 89 5.81 0
01:45 741.93 1.67 89 6.26 0
01:46 741.68 1.67 89 5.36 0
01:47 741.68 1.67 89 5.81 0
01:48 741.68 1.67 89 7.15 0
01:49 741.68 1.67 89 4.02 0
01:50 741.93 1.61 89 6.71 0
01:51 741.68 1.67 89 5.81 0
01:52 741.68 1.67 89 4.47 0
01:53 741.93 1.67 89 7.15 0
01:54 741.68 1.61 89 8.49 0
01:55 741.68 1.61 89 5.81 0
01:56 741.68 1.61 89 6.26 0
01:57 741.68 1.61 89 8.05 0
01:58 741.68 1.67 89 6.26 0
01:59 741.68 1.61 89 6.71 0
02:00 741.68 1.61 89 6.71 0
02:01 741.68 1.61 89 5.81 0
02:02 741.93 1.61 89 3.13 0
02:03 741.93 1.61 89 6.26 0
02:04 741.68 1.61 89 5.36 0
02:05 741.93 1.67 90 5.36 0
02:06 741.93 1.61 90 4.02 0
02:07 741.68 1.61 90 5.81 0
02:08 741.68 1.61 90 5.36 0
02:09 741.68 1.61 90 6.26 0
02:10 741.68 1.61 90 4.92 0
02:11 741.68 1.67 90 6.26 0
02:12 741.68 1.61 90 5.81 0
02:13 741.68 1.61 90 6.71 0
02:14 741.68 1.56 90 5.36 0
02:15 741.68 1.61 90 7.15 0
02:16 741.68 1.61 90 8.05 0
02:17 741.68 1.61 90 7.15 0
02:18 741.68 1.61 90 5.36 0
02:19 741.43 1.61 90 6.26 0
02:20 741.68 1.56 90 5.81 0
02:21 741.68 1.61 90 5.36 0
02:22 741.68 1.61 90 4.92 0
02:23 741.68 1.61 90 5.36 0
02:24 741.68 1.61 90 6.26 0
02:25 741.68 1.61 90 3.58 0
02:26 741.68 1.56 90 7.15 0
02:27 741.43 1.56 90 7.15 0
02:28 741.68 1.56 90 7.15 0
02:29 741.43 1.56 90 7.15 0
02:30 741.43 1.56 90 7.6 0
02:31 741.43 1.56 90 4.92 0
02:32 741.68 1.56 90 5.36 0
02:33 741.43 1.56 90 5.81 0
02:34 741.43 1.56 90 8.49 0
02:35 741.43 1.56 90 5.81 0
02:36 741.43 1.56 90 5.36 0
02:37 741.43 1.56 90 6.26 0
02:38 741.43 1.56 90 5.36 0
02:39 741.43 1.56 90 4.92 0
02:40 741.43 1.5 90 4.92 0
02:41 741.43 1.56 90 5.81 0
02:42 741.17 1.56 90 6.26 0
02:43 741.43 1.5 90 5.81 0
02:44 741.43 1.5 90 4.47 0
02:45 741.43 1.5 90 8.49 0
02:46 741.43 1.5 91 5.36 0
02:47 741.43 1.5 91 5.36 0
02:48 741.17 1.56 91 5.36 0
02:49 741.17 1.5 91 6.71 0
02:50 741.17 1.5 91 4.92 0
02:51 741.17 1.56 91 3.13 0
02:52 741.17 1.5 91 5.36 0
02:53 741.17 1.5 91 5.36 0
02:54 741.17 1.56 91 6.26 0
02:55 741.17 1.5 91 7.15 0
02:56 741.17 1.56 91 5.36 0
02:57 741.17 1.5 91 5.36 0
02:58 741.17 1.5 91 6.71 0
02:59 741.17 1.5 91 2.24 0
03:00 741.17 1.5 91 6.71 0
03:01 741.17 1.5 91 7.6 0
03:02 741.17 1.5 91 4.02 0
03:03 741.17 1.5 91 4.47 0
03:04 741.17 1.5 91 6.71 0
03:05 741.17 1.5 91 4.92 0
03:06 741.17 1.56 91 3.58 0
03:07 741.17 1.5 91 4.02 0
03:08 741.17 1.5 91 9.39 0
03:09 741.17 1.56 91 6.71 0
03:10 741.17 1.56 91 4.47 0
03:11 740.92 1.56 91 4.92 0
03:12 741.17 1.56 91 7.6 0
03:13 741.17 1.56 91 5.81 0
03:14 741.17 1.56 91 5.36 0
03:15 741.17 1.56 91 5.81 0
03:16 741.17 1.56 91 5.81 0
03:17 741.17 1.56 91 5.81 0
03:18 740.92 1.56 91 3.58 0
03:19 741.17 1.56 91 4.92 0
03:20 741.17 1.56 91 5.36 0
03:21 741.17 1.56 91 4.47 0
03:22 741.17 1.56 91 5.81 0
03:23 741.17 1.56 91 4.92 0
03:24 740.92 1.56 91 6.71 0
03:25 740.92 1.56 91 5.81 0
03:26 740.92 1.56 91 4.02 0
03:27 740.92 1.56 91 5.81 0
03:28 741.17 1.56 91 4.92 0
03:29 740.92 1.61 91 5.36 0
03:30 740.92 1.56 91 6.26 0
03:31 740.92 1.61 91 4.92 0
03:32 740.92 1.61 92 5.36 0
03:33 740.92 1.61 91 4.47 0
03:34 740.92 1.61 91 6.71 0
03:35 740.92 1.61 91 3.58 0
03:36 740.92 1.61 92 6.71 0
03:37 740.92 1.61 92 6.26 0
03:38 740.92 1.61 92 7.6 0
03:39 740.92 1.61 92 5.81 0
03:40 740.92 1.61 92 4.92 0
03:41 740.92 1.67 92 5.36 0
03:42 740.92 1.61 92 6.71 0
03:43 740.92 1.61 92 5.81 0
03:44 740.92 1.61 92 4.92 0
03:45 740.92 1.61 92 4.92 0
03:46 740.92 1.61 92 8.05 0
03:47 740.92 1.61 92 6.71 0
03:48 740.92 1.67 92 4.02 0
03:49 740.92 1.67 92 4.92 0
03:50 740.92 1.67 92 7.15 0
03:51 740.92 1.67 92 6.26 0
03:52 740.92 1.67 92 4.92 0
03:53 740.66 1.67 92 5.81 0
03:54 740.92 1.67 92 6.26 0
03:55 740.66 1.67 92 6.26 0
03:56 740.66 1.67 92 6.26 0
03:57 740.66 1.67 92 4.47 0
03:58 740.66 1.67 92 5.36 0
03:59 740.66 1.67 92 2.68 0
04:00 740.66 1.67 92 5.36 0
04:01 740.66 1.67 92 4.92 0
04:02 740.66 1.67 92 4.47 0
04:03 740.66 1.67 92 5.81 0
04:04 740.66 1.67 92 8.94 0
04:05 740.66 1.67 92 8.49 0
04:06 740.66 1.67 92 8.05 0
04:07 740.66 1.67 92 4.92 0
04:08 740.66 1.67 92 4.92 0
04:09 740.66 1.67 92 5.81 0
04:10 740.66 1.67 92 3.13 0
04:11 740.66 1.67 92 6.26 0
04:12 740.66 1.67 92 5.81 0
04:13 740.66 1.72 92 8.05 0
04:14 740.66 1.72 92 4.92 0
04:15 740.66 1.72 92 2.68 0
04:16 740.66 1.72 92 7.15 0
04:17 740.66 1.72 92 5.36 0
04:18 740.66 1.72 92 2.24 0
04:19 740.66 1.72 92 5.36 0
04:20 740.66 1.78 92 3.13 0
04:21 740.66 1.72 92 5.81 0
04:22 740.66 1.78 92 5.81 0
04:23 740.66 1.78 92 4.02 0
04:24 740.66 1.78 92 4.92 0
04:25 740.66 1.78 92 1.79 0
04:26 740.66 1.78 92 6.26 0
04:27 740.66 1.78 92 5.36 0
04:28 740.66 1.83 92 7.15 0
04:29 740.66 1.83 92 5.81 0
04:30 740.41 1.83 92 5.36 0
04:31 740.41 1.83 92 8.94 0
04:32 740.41 1.83 92 8.49 0
04:33 740.41 1.83 92 2.24 0
04:34 740.41 1.83 92 5.36 0
04:35 740.41 1.83 92 7.15 0
04:36 740.41 1.83 92 6.26 0
04:37 740.41 1.83 92 6.26 0
04:38 740.41 1.89 92 7.6 0
04:39 740.41 1.83 92 4.92 0
04:40 740.41 1.89 92 5.36 0
04:41 740.41 1.89 92 8.49 0
04:42 740.41 1.89 92 4.92 0
04:43 740.41 1.83 92 5.36 0
04:44 740.41 1.89 92 4.92 0
04:45 740.41 1.89 92 4.92 0
04:46 740.41 1.89 92 4.92 0
04:47 740.41 1.89 92 6.71 0
04:48 740.41 1.94 92 7.6 0
04:49 740.16 1.94 92 4.47 0
04:50 740.41 1.94 92 7.6 0
04:51 740.16 1.94 92 4.92 0
04:52 740.16 1.94 92 4.92 0
04:53 740.41 1.94 92 4.02 0
04:54 740.41 1.94 92 4.02 0
04:55 740.16 1.89 92 6.26 0
04:56 740.16 1.94 92 5.36 0
04:57 740.16 1.94 92 4.92 0
04:58 740.16 1.94 92 4.02 0
04:59 740.16 1.94 92 7.15 0
05:00 740.16 1.94 92 7.15 0
05:01 740.16 1.94 92 5.36 0
05:02 740.16 1.94 92 4.92 0
05:03 740.16 1.94 92 6.71 0
05:04 740.16 1.94 92 5.36 0
05:05 740.16 1.94 92 5.81 0
05:06 740.16 1.94 92 5.81 0
05:07 740.16 2 92 6.71 0
05:08 740.16 1.94 92 7.6 0
05:09 740.16 1.94 92 4.92 0
05:10 740.16 1.94 92 3.13 0
05:11 740.16 2 92 4.02 0
05:12 740.16 1.94 92 5.36 0
05:13 740.16 2 92 5.36 0
05:14 739.9 2 92 6.26 0
05:15 740.16 2 92 7.6 0
05:16 739.9 2 92 4.92 0
05:17 740.16 2 92 4.02 0
05:18 740.16 2.06 92 6.71 0
05:19 740.16 2.06 92 4.92 0
05:20 740.16 2.06 92 5.36 0
05:21 740.16 2 92 4.47 0
05:22 740.16 2.06 92 6.71 0
05:23 740.16 2.06 92 6.26 0
05:24 740.16 2.06 92 4.02 0
05:25 740.16 2.11 92 4.92 0
05:26 740.16 2.11 92 4.47 0
05:27 740.16 2.11 92 3.58 0
05:28 740.16 2.11 92 4.02 0
05:29 740.16 2.11 92 6.26 0
05:30 740.16 2.11 91 4.92 0
05:31 739.9 2.11 92 4.47 0
05:32 740.16 2.11 91 6.71 0
05:33 740.16 2.17 91 4.02 0
05:34 740.16 2.11 91 5.36 0
05:35 739.9 2.11 91 4.92 0
05:36 740.16 2.17 91 5.36 0
05:37 740.16 2.17 91 5.81 0
05:38 740.16 2.17 91 4.92 0
05:39 740.16 2.17 91 5.36 0
05:40 740.16 2.17 91 4.02 0
05:41 740.16 2.17 91 6.71 0
05:42 739.9 2.17 91 4.02 0
05:43 739.9 2.17 91 5.81 0
05:44 739.9 2.17 91 3.13 0
05:45 739.9 2.17 91 6.26 0
05:46 739.9 2.22 91 6.26 0
05:47 739.9 2.17 91 3.58 0
05:48 739.9 2.22 91 5.81 0
05:49 739.9 2.22 91 4.47 0
05:50 739.9 2.28 91 6.71 0
05:51 739.9 2.28 91 5.36 0
05:52 739.9 2.28 91 5.36 0
05:53 739.9 2.28 91 5.36 0
05:54 739.9 2.28 91 4.02 0
05:55 739.9 2.33 91 7.15 0
05:56 739.9 2.33 91 8.49 0
05:57 739.9 2.33 91 5.36 0
05:58 739.9 2.33 91 3.13 0
05:59 739.9 2.33 91 6.26 0
06:00 739.9 2.33 91 4.02 0
06:01 739.65 2.39 91 5.81 0
06:02 739.9 2.39 90 4.47 0
06:03 739.9 2.39 90 6.26 0
06:04 739.65 2.39 90 4.02 0
06:05 739.9 2.39 90 4.47 0
06:06 739.65 2.39 90 5.36 0
06:07 739.65 2.39 90 5.36 0
06:08 739.65 2.44 90 5.81 0
06:09 739.65 2.44 90 6.26 0
06:10 739.65 2.44 90 4.02 0
06:11 739.65 2.39 90 5.36 0
06:12 739.65 2.39 90 5.36 0
06:13 739.65 2.44 90 6.26 0
06:14 739.65 2.44 90 5.81 0
06:15 739.65 2.44 90 6.71 0
06:16 739.65 2.44 90 3.13 0
06:17 739.65 2.44 90 5.36 0
06:18 739.65 2.44 90 5.36 0
06:19 739.65 2.44 90 5.81 0
06:20 739.65 2.5 90 5.81 0
06:21 739.65 2.5 90 4.92 0
06:22 739.65 2.56 90 4.92 0
06:23 739.65 2.56 89 4.92 0
06:24 739.65 2.56 89 4.47 0
06:25 739.65 2.56 89 7.6 0
06:26 739.65 2.56 89 4.02 0
06:27 739.65 2.56 89 4.92 0
06:28 739.65 2.56 89 5.36 0
06:29 739.65 2.56 89 2.68 0
06:30 739.65 2.56 89 6.26 0
06:31 739.65 2.56 89 4.92 0
06:32 739.39 2.56 89 3.58 0
06:33 739.65 2.56 89 5.36 0
06:34 739.65 2.56 89 4.47 0
06:35 739.39 2.61 89 3.13 0
06:36 739.39 2.61 89 5.81 0
06:37 739.39 2.61 89 4.47 0
06:38 739.39 2.61 89 4.47 0
06:39 739.65 2.61 89 5.81 0
06:40 739.65 2.67 89 3.13 0
06:41 739.39 2.61 89 4.92 0
06:42 739.39 2.67 89 4.92 0
06:43 739.39 2.67 89 5.81 0
06:44 739.39 2.67 89 3.13 0
06:45 739.39 2.67 89 4.02 0
06:46 739.39 2.67 89 5.81 0
06:47 739.39 2.67 89 5.81 0
06:48 739.39 2.67 89 5.36 0
06:49 739.39 2.67 88 6.26 0
06:50 739.39 2.67 88 3.58 0
06:51 739.39 2.67 88 5.81 0
06:52 739.39 2.67 88 6.26 0
06:53 739.39 2.72 88 4.47 0
06:54 739.39 2.72 88 5.36 0
06:55 739.39 2.72 88 6.26 0
06:56 739.39 2.72 88 6.71 0
06:57 739.39 2.72 88 4.92 0
06:58 739.39 2.72 88 6.26 0
06:59 739.39 2.78 88 4.92 0
07:00 739.39 2.78 88 6.71 0
07:01 739.39 2.78 88 3.13 0
07:02 739.39 2.78 88 4.92 0
07:03 739.39 2.78 88 4.47 0
07:04 739.39 2.78 88 4.92 0
07:05 739.39 2.78 88 4.47 0
07:06 739.39 2.78 88 5.81 0
07:07 739.14 2.78 88 7.6 0
07:08 739.39 2.83 88 3.58 0
07:09 739.39 2.83 88 5.81 0
07:10 739.14 2.83 88 3.58 0
07:11 739.14 2.83 88 4.02 0
07:12 739.14 2.83 88 6.71 0
07:13 739.14 2.83 88 4.02 0
07:14 739.14 2.83 88 4.92 0
07:15 739.39 2.83 88 5.36 0
07:16 739.14 2.83 88 4.92 0
07:17 739.14 2.83 88 7.15 0
07:18 739.14 2.83 88 4.92 0
07:19 739.14 2.89 88 4.02 0
07:20 739.14 2.89 88 6.71 0
07:21 739.14 2.89 87 6.26 0
07:22 739.14 2.89 87 6.71 0
07:23 739.14 2.94 87 4.02 0
07:24 739.14 2.94 87 4.47 0
07:25 739.14 2.94 87 4.02 0
07:26 739.14 2.94 87 6.26 0
07:27 739.14 3 87 5.36 0
07:28 739.14 3 87 5.36 0
07:29 739.14 3 87 8.49 0
07:30 738.89 3 87 7.6 0
07:31 739.14 3 87 5.36 0
07:32 739.14 3.06 87 6.71 0
07:33 739.14 3.06 87 5.36 0
07:34 739.14 3.06 87 6.26 0
07:35 739.14 3.11 87 2.68 0
07:36 739.14 3.06 87 6.26 0
07:37 739.14 3.11 87 4.47 0
07:38 739.14 3.11 86 4.02 0
07:39 739.14 3.11 86 4.92 0
07:40 738.89 3.17 86 4.92 0
07:41 739.14 3.17 86 7.15 0
07:42 739.14 3.17 86 5.81 0
07:43 739.14 3.17 86 5.36 0
07:44 739.14 3.22 86 4.92 0
07:45 738.89 3.22 86 5.36 0
07:46 738.89 3.22 86 5.36 0
07:47 738.89 3.22 86 4.47 0
07:48 738.89 3.22 86 2.24 0
07:49 739.14 3.28 86 5.81 0
07:50 738.89 3.28 86 4.47 0
07:51 738.89 3.28 85 6.71 0
07:52 738.89 3.28 85 2.68 0
07:53 738.89 3.28 85 2.68 0
07:54 738.89 3.28 85 6.71 0
07:55 738.89 3.33 85 4.92 0
07:56 738.89 3.33 85 3.13 0
07:57 738.89 3.39 85 4.92 0
07:58 738.89 3.39 85 4.02 0
07:59 738.89 3.44 85 5.36 0
08:00 738.89 3.44 85 3.58 0
08:01 738.89 3.44 85 2.68 0
08:02 738.89 3.5 85 5.81 0
08:03 738.89 3.56 85 7.6 0
08:04 738.89 3.56 84 4.47 0
08:05 738.89 3.56 84 8.49 0
08:06 738.89 3.56 84 5.81 0
08:07 738.89 3.56 84 6.71 0
08:08 738.89 3.61 84 7.6 0
08:09 738.63 3.61 84 4.47 0
08:10 738.63 3.61 84 4.92 0
08:11 738.89 3.61 84 7.15 0
08:12 738.89 3.61 84 4.47 0
08:13 738.89 3.61 84 5.36 0
08:14 738.63 3.61 84 2.24 0
08:15 738.89 3.61 84 2.68 0
08:16 738.89 3.61 84 4.47 0
08:17 738.89 3.61 84 5.36 0
08:18 738.89 3.61 84 4.02 0
08:19 738.63 3.61 84 4.47 0
08:20 738.89 3.61 84 4.02 0
08:21 738.63 3.61 84 3.58 0
08:22 738.63 3.61 84 5.36 0
08:23 738.63 3.61 84 5.36 0
08:24 738.63 3.61 84 1.34 0
08:25 738.63 3.61 84 3.13 0
08:26 738.63 3.61 84 3.58 0
08:27 738.89 3.61 84 6.26 0
08:28 738.89 3.67 84 7.15 0
08:29 738.63 3.67 84 4.92 0
08:30 738.63 3.61 83 8.05 0
08:31 738.63 3.67 83 6.26 0
08:32 738.63 3.67 83 6.26 0
08:33 738.63 3.67 83 7.6 0
08:34 738.63 3.67 83 3.58 0
08:35 738.63 3.67 83 7.6 0
08:36 738.63 3.67 83 4.02 0
08:37 738.63 3.67 83 4.02 0
08:38 738.63 3.67 83 2.24 0
08:39 738.63 3.72 83 2.24 0
08:40 738.89 3.72 83 4.02 0
08:41 738.89 3.72 83 3.58 0
08:42 738.89 3.78 83 4.02 0
08:43 738.89 3.78 83 1.79 0
08:44 738.89 3.78 83 3.58 0
08:45 738.89 3.83 83 1.34 0
08:46 738.89 3.83 83 3.58 0
08:47 738.89 3.83 83 5.81 0
08:48 738.89 3.83 83 4.02 0
08:49 738.89 3.83 82 4.92 0
08:50 738.89 3.83 82 8.05 0
08:51 738.89 3.83 82 4.92 0
08:52 738.89 3.89 82 1.34 0
08:53 738.89 3.89 82 3.13 0
08:54 738.89 3.89 82 4.92 0
08:55 738.89 3.89 82 4.02 0
08:56 738.89 3.94 82 1.79 0
08:57 738.89 3.94 82 3.13 0
08:58 738.89 4 82 3.13 0
08:59 738.89 4 82 5.36 0
09:00 738.89 4 82 4.92 0
09:01 738.63 4.06 82 8.49 0
09:02 738.89 4.06 81 5.81 0
09:03 738.63 4.11 81 3.58 0
09:04 738.89 4.06 81 4.92 0
09:05 738.89 4.11 81 3.13 0
09:06 738.89 4.11 81 6.71 0
09:07 738.89 4.11 81 4.92 0
09:08 738.89 4.17 81 1.79 0
09:09 738.89 4.17 81 2.68 0
09:10 738.89 4.17 81 3.13 0
09:11 738.89 4.17 81 4.02 0
09:12 738.89 4.17 81 1.79 0
09:13 738.89 4.11 81 3.13 0
09:14 738.89 4.17 81 3.58 0
09:15 738.89 4.17 81 5.36 0
09:16 738.89 4.17 81 3.58 0
09:17 738.89 4.17 81 3.13 0
09:18 738.89 4.22 81 2.68 0
09:19 738.89 4.22 81 3.58 0
09:20 738.89 4.28 81 3.13 0
09:21 738.89 4.33 81 1.79 0
09:22 738.89 4.39 81 .89 0
09:23 738.89 4.44 80 4.92 0
09:24 738.89 4.5 80 3.58 0
09:25 738.89 4.5 80 6.26 0
09:26 738.89 4.56 80 4.47 0
09:27 738.89 4.56 80 4.92 0
09:28 738.89 4.5 80 8.05 0
09:29 738.89 4.56 80 4.47 0
09:30 738.89 4.56 80 8.05 0
09:31 738.89 4.56 80 4.47 0
09:32 738.89 4.61 80 4.47 0
09:33 738.89 4.67 80 4.92 0
09:34 738.89 4.67 79 4.92 0
09:35 738.89 4.67 79 5.81 0
09:36 738.89 4.67 79 5.81 0
09:37 738.89 4.67 79 4.02 0
09:38 738.89 4.67 79 7.6 0
09:39 738.89 4.67 79 4.92 0
09:40 738.89 4.67 79 2.24 0
09:41 738.89 4.67 79 6.26 0
09:42 738.89 4.67 79 4.02 0
09:43 738.89 4.67 79 5.81 0
09:44 738.89 4.61 79 4.47 0
09:45 738.89 4.61 79 4.92 0
09:46 738.89 4.61 79 7.15 0
09:47 738.89 4.61 79 4.92 0
09:48 738.89 4.61 79 8.05 0
09:49 738.89 4.61 79 3.58 0
09:50 738.89 4.67 79 1.34 0
09:51 738.89 4.67 79 2.68 0
09:52 738.89 4.67 79 4.92 0
09:53 738.89 4.72 79 4.47 0
09:54 738.89 4.72 79 4.47 0
09:55 738.89 4.72 79 4.02 0
09:56 738.89 4.78 79 4.02 0
09:57 738.89 4.83 79 3.58 0
09:58 738.89 4.83 79 4.92 0
09:59 738.89 4.83 78 7.15 0
10:00 738.89 4.83 78 8.94 0
10:01 738.89 4.83 78 4.02 0
10:02 738.63 4.83 78 4.47 0
10:03 738.89 4.83 78 5.81 0
10:04 738.63 4.78 79 3.13 0
10:05 738.89 4.78 79 4.02 0
10:06 738.63 4.83 79 5.81 0
10:07 738.63 4.83 79 4.92 0
10:08 738.63 4.83 78 3.58 0
10:09 738.63 4.83 78 3.58 0
10:10 738.63 4.83 78 3.13 0
10:11 738.63 4.83 78 5.36 0
10:12 738.63 4.83 78 6.26 0
10:13 738.63 4.89 78 2.24 0
10:14 738.63 4.89 78 6.71 0
10:15 738.63 4.89 78 6.26 0
10:16 738.63 4.94 78 5.81 0
10:17 738.63 5 78 6.26 0
10:18 738.63 5 78 4.47 0
10:19 738.38 5.06 78 5.36 0
10:20 738.63 5.06 78 5.36 0
10:21 738.38 5.11 78 4.02 0
10:22 738.38 5.06 78 4.47 0
10:23 738.38 5.11 78 6.26 0
10:24 738.63 5.17 78 4.92 0
10:25 738.38 5.11 78 8.49 0
10:26 738.63 5.11 78 5.36 0
10:27 738.38 5.11 77 4.92 0
10:28 738.38 5.17 78 5.36 0
10:29 738.38 5.17 78 1.79 0
10:30 738.38 5.17 78 5.36 0
10:31 738.38 5.22 77 6.26 0
10:32 738.38 5.22 77 5.36 0
10:33 738.38 5.22 77 4.92 0
10:34 738.38 5.22 77 6.71 0
10:35 738.38 5.22 77 8.05 0
10:36 738.38 5.22 77 9.83 0
10:37 738.63 5.28 77 8.94 0
10:38 738.38 5.22 77 4.92 0
10:39 738.63 5.22 77 7.15 0
10:40 738.63 5.22 77 4.02 0
10:41 738.63 5.28 77 2.24 0
10:42 738.63 5.28 77 8.49 0
10:43 738.63 5.22 77 5.81 0
10:44 738.63 5.28 77 4.92 0
10:45 738.63 5.22 77 8.94 0
10:46 738.89 5.28 77 2.24 0
10:47 738.89 5.28 77 7.15 0
10:48 738.89 5.28 77 5.36 0
10:49 738.89 5.33 77 4.02 0
10:50 738.89 5.28 77 2.68 0
10:51 738.89 5.33 77 5.36 0
10:52 738.89 5.33 77 4.92 0
10:53 738.89 5.33 77 5.36 0
10:54 738.89 5.39 77 4.47 0
10:55 738.89 5.39 77 4.02 0
10:56 738.63 5.44 77 3.13 0
10:57 738.63 5.44 76 3.58 0
10:58 738.63 5.44 76 2.24 0
10:59 738.63 5.5 76 3.13 0
11:00 738.89 5.5 76 2.24 0
11:01 738.63 5.5 76 4.02 0
11:02 738.63 5.5 76 3.13 0
11:03 738.63 5.56 76 4.47 0
11:04 738.63 5.5 76 1.79 0
11:05 738.38 5.5 76 2.24 0
11:06 738.38 5.5 76 4.92 0
11:07 738.38 5.5 76 6.71 0
11:08 738.38 5.5 76 2.24 0
11:09 738.38 5.5 76 2.68 0
11:10 738.63 5.56 76 4.92 0
11:11 738.63 5.5 76 3.58 0
11:12 738.63 5.56 76 4.92 0
11:13 738.63 5.56 76 4.47 0
11:14 738.63 5.5 76 4.47 0
11:15 738.38 5.56 76 4.92 0
11:16 738.38 5.61 76 1.79 0
11:17 738.38 5.61 75 4.47 0
11:18 738.38 5.61 76 2.68 0
11:19 738.38 5.61 75 2.68 0
11:20 738.38 5.61 75 3.58 0
11:21 738.38 5.67 75 2.24 0
11:22 738.38 5.67 75 3.58 0
11:23 738.38 5.67 75 4.92 0
11:24 738.38 5.67 75 4.02 0
11:25 738.38 5.67 75 4.47 0
11:26 738.38 5.61 75 2.68 0
11:27 738.38 5.67 75 2.68 0
11:28 738.38 5.67 75 1.34 0
11:29 738.38 5.67 75 6.71 0
11:30 738.38 5.72 75 4.47 0
11:31 738.38 5.72 75 5.81 0
11:32 738.38 5.78 75 5.81 0
11:33 738.38 5.78 75 8.49 0
11:34 738.38 5.78 75 3.58 0
11:35 738.38 5.83 75 5.81 0
11:36 738.38 5.83 74 4.92 0
11:37 738.38 5.89 74 4.02 0
11:38 738.38 5.94 74 3.13 0
11:39 738.38 5.94 74 2.68 0
11:40 738.38 6 74 1.34 0
11:41 738.38 6.06 74 2.24 0
11:42 738.38 6.06 74 4.92 0
11:43 738.38 6.11 73 2.24 0
11:44 738.38 6.17 73 4.92 0
11:45 738.38 6.17 73 3.13 0
11:46 738.38 6.17 73 6.26 0
11:47 738.38 6.17 73 4.47 0
11:48 738.38 6.22 73 3.58 0
11:49 738.38 6.22 73 6.26 0
11:50 738.38 6.22 73 5.81 0
11:51 738.38 6.22 73 7.15 0
11:52 738.38 6.28 73 4.02 0
11:53 738.38 6.28 73 6.71 0
11:54 738.38 6.33 72 8.49 0
11:55 738.38 6.33 72 3.58 0
11:56 738.38 6.39 72 6.26 0
11:57 738.38 6.44 72 5.36 0
11:58 738.38 6.44 72 7.6 0
11:59 738.38 6.5 72 4.47 0
12:00 738.38 6.56 72 5.36 0
12:01 738.38 6.61 72 4.47 0
12:02 738.38 6.67 71 7.6 0
12:03 738.38 6.61 71 9.39 0
12:04 738.38 6.67 71 3.13 0
12:05 738.38 6.67 71 5.81 0
12:06 738.38 6.67 71 4.02 0
12:07 738.38 6.67 71 6.71 0
12:08 738.38 6.67 71 6.26 0
12:09 738.38 6.67 71 2.24 0
12:10 738.38 6.72 71 6.71 0
12:11 738.12 6.72 71 5.36 0
12:12 738.38 6.72 71 4.02 0
12:13 738.38 6.78 71 3.13 0
12:14 738.38 6.83 71 2.24 0
12:15 738.38 6.94 71 4.47 0
12:16 738.12 6.94 70 3.58 0
12:17 738.38 7.06 70 6.26 0
12:18 738.12 7.11 70 3.58 0
12:19 738.38 7.22 70 5.36 0
12:20 738.38 7.33 70 3.58 0
12:21 738.12 7.39 69 1.34 0
12:22 738.12 7.39 69 2.68 0
12:23 738.12 7.44 69 3.13 0
12:24 738.38 7.44 69 4.02 0
12:25 738.12 7.5 69 5.81 0
12:26 738.12 7.44 68 5.81 0
12:27 738.12 7.44 69 4.47 0
12:28 738.12 7.39 69 4.47 0
12:29 738.38 7.39 69 6.26 0
12:30 738.12 7.39 69 6.71 0
12:31 738.12 7.39 68 7.15 0
12:32 738.12 7.33 69 2.24 0
12:33 738.12 7.33 69 5.81 0
12:34 738.12 7.33 68 6.71 0
12:35 738.12 7.28 69 7.6 0
12:36 738.38 7.33 69 2.24 0
12:37 738.12 7.33 69 2.24 0
12:38 738.12 7.33 68 7.15 0
12:39 738.12 7.39 69 1.79 0
12:40 738.12 7.39 69 4.47 0
12:41 738.12 7.44 69 7.15 0
12:42 738.12 7.44 69 7.15 0
12:43 738.12 7.44 68 2.24 0
12:44 738.12 7.5 68 4.02 0
12:45 738.12 7.5 68 2.24 0
12:46 738.12 7.56 68 1.79 0
12:47 738.38 7.56 68 5.36 0
12:48 738.12 7.61 68 4.02 0
12:49 738.12 7.61 68 3.13 0
12:50 738.38 7.56 68 2.24 0
12:51 738.12 7.67 68 4.02 0
12:52 738.38 7.61 68 4.47 0
12:53 738.38 7.67 68 4.92 0
12:54 738.38 7.67 68 6.71 0
12:55 738.38 7.67 67 4.92 0
12:56 738.12 7.61 68 8.05 0
12:57 738.12 7.56 67 2.68 0
12:58 738.12 7.56 68 7.6 0
12:59 738.38 7.56 68 7.6 0
13:00 738.12 7.5 68 6.26 0
13:01 738.38 7.44 68 3.58 0
13:02 738.38 7.44 68 6.26 0
13:03 738.38 7.33 68 5.36 0
13:04 738.12 7.33 68 1.79 0
13:05 738.38 7.33 69 8.49 0
13:06 738.12 7.28 69 8.94 0
13:07 738.38 7.28 69 11.18 0
13:08 738.38 7.22 69 6.26 0
13:09 738.38 7.22 69 4.02 0
13:10 738.38 7.22 69 8.49 0
13:11 738.12 7.22 69 6.26 0
13:12 738.12 7.22 69 4.47 0
13:13 738.12 7.17 69 1.79 0
13:14 738.12 7.22 69 4.02 0
13:15 738.12 7.22 69 5.36 0
13:16 738.12 7.17 69 5.36 0
13:17 738.12 7.17 69 7.15 0
13:18 738.12 7.17 69 6.26 0
13:19 738.12 7.17 69 2.68 0
13:20 738.12 7.17 69 5.36 0
13:21 738.12 7.22 69 3.58 0
13:22 738.12 7.28 69 4.02 0
13:23 738.12 7.28 69 2.24 0
13:24 738.12 7.33 69 2.24 0
13:25 738.12 7.39 69 3.58 0
13:26 738.12 7.44 68 4.02 0
13:27 738.12 7.5 68 3.13 0
13:28 738.38 7.56 68 3.58 0
13:29 738.12 7.61 68 3.58 0
13:30 738.12 7.61 68 1.34 0
13:31 738.12 7.67 67 5.36 0
13:32 738.12 7.67 67 5.36 0
13:33 738.12 7.67 67 4.47 0
13:34 738.12 7.67 67 3.58 0
13:35 738.12 7.72 67 5.81 0
13:36 738.12 7.67 67 4.92 0
13:37 738.12 7.61 67 4.02 0
13:38 738.12 7.56 67 7.15 0
13:39 738.38 7.56 67 6.71 0
13:40 738.38 7.5 68 9.83 0
13:41 738.12 7.44 67 4.02 0
13:42 738.12 7.39 68 2.24 0
13:43 738.38 7.44 68 2.24 0
13:44 738.38 7.39 68 7.15 0
13:45 738.38 7.39 68 6.26 0
13:46 738.38 7.33 68 2.24 0
13:47 738.38 7.33 68 5.36 0
13:48 738.38 7.28 68 4.02 0
13:49 738.38 7.28 68 4.92 0
13:50 738.12 7.28 68 3.58 0
13:51 738.12 7.33 68 2.68 0
13:52 738.12 7.33 68 2.68 0
13:53 738.12 7.33 68 9.39 0
13:54 738.12 7.33 68 4.92 0
13:55 738.12 7.33 68 .89 0
13:56 738.12 7.33 68 4.92 0
13:57 738.12 7.33 68 1.79 0
13:58 738.12 7.33 68 5.36 0
13:59 738.12 7.28 68 5.36 0
14:00 738.12 7.22 68 1.79 0
14:01 738.12 7.17 68 4.92 0
14:02 738.12 7.17 68 1.79 0
14:03 738.12 7.11 69 4.47 0
14:04 738.12 7.11 69 7.15 0
14:05 738.12 7.06 69 5.81 0
14:06 738.12 7 69 6.71 0
14:07 738.12 7 69 4.47 0
14:08 738.12 6.94 69 1.79 0
14:09 738.12 6.94 69 4.92 0
14:10 738.12 6.94 69 3.58 0
14:11 737.87 6.89 69 5.81 0
14:12 738.12 6.89 69 3.58 0
14:13 738.12 6.89 69 2.68 0
14:14 737.87 6.83 69 2.24 0
14:15 737.87 6.83 70 5.36 0
14:16 737.87 6.83 70 6.26 0
14:17 737.87 6.78 70 6.26 0
14:18 737.87 6.72 70 3.58 0
14:19 737.87 6.78 70 3.13 0
14:20 737.87 6.72 70 4.47 0
14:21 737.87 6.72 70 2.24 0
14:22 737.87 6.78 70 4.02 0
14:23 737.87 6.78 70 4.02 0
14:24 737.87 6.78 70 2.68 0
14:25 737.62 6.83 70 4.02 0
14:26 737.62 6.78 70 3.58 0
14:27 737.62 6.78 70 5.36 0
14:28 737.62 6.78 70 5.36 0
14:29 737.62 6.78 70 11.18 0
14:30 737.62 6.78 70 4.47 0
14:31 737.62 6.78 70 8.49 0
14:32 737.36 6.72 70 3.58 0
14:33 737.36 6.78 70 2.68 0
14:34 737.62 6.78 70 4.47 0
14:35 737.87 6.78 70 3.58 0
14:36 737.87 6.78 70 7.6 0
14:37 737.87 6.78 70 5.81 0
14:38 737.87 6.78 70 2.24 0
14:39 737.87 6.78 70 8.94 0
14:40 737.87 6.83 70 5.36 0
14:41 738.12 6.78 70 4.92 0
14:42 738.12 6.83 70 2.24 0
14:43 737.87 6.83 70 4.92 0
14:44 737.87 6.83 70 3.13 0
14:45 737.87 6.83 70 6.71 0
14:46 737.87 6.78 70 4.02 0
14:47 737.87 6.78 70 5.81 0
14:48 737.87 6.78 70 4.02 0
14:49 737.87 6.78 70 3.13 0
14:50 737.87 6.72 70 6.71 0
14:51 737.87 6.72 70 4.92 0
14:52 737.87 6.72 70 6.71 0
14:53 737.87 6.67 70 8.94 0
14:54 737.87 6.67 70 2.68 0
14:55 737.87 6.61 70 4.47 0
14:56 737.87 6.67 70 7.6 0
14:57 737.87 6.61 70 4.47 0
14:58 738.12 6.56 70 3.13 0
14:59 738.12 6.61 70 4.02 0
15:00 737.87 6.56 70 3.13 0
15:01 737.87 6.56 71 3.58 0
15:02 737.87 6.56 71 4.92 0
15:03 737.62 6.5 71 4.92 0
15:04 737.36 6.5 71 4.02 0
15:05 737.36 6.5 71 5.36 0
15:06 737.62 6.5 71 4.02 0
15:07 737.87 6.44 71 2.24 0
15:08 737.87 6.44 71 5.36 0
15:09 737.87 6.44 71 4.92 0
15:10 737.87 6.44 71 7.15 0
15:11 737.87 6.44 71 3.58 0
15:12 737.62 6.39 71 3.58 0
15:13 737.62 6.39 71 8.94 0
15:14 737.87 6.39 71 3.58 0
15:15 738.12 6.39 71 4.92 0
15:16 738.12 6.39 71 9.83 0
15:17 738.12 6.33 71 4.02 0
15:18 737.87 6.39 71 4.47 0
15:19 738.12 6.39 71 8.49 0
15:20 738.12 6.39 71 5.36 0
15:21 738.12 6.39 71 5.81 0
15:22 737.87 6.39 71 4.47 0
15:23 737.87 6.39 71 6.71 0
15:24 737.87 6.39 71 8.05 0
15:25 737.87 6.39 71 4.47 0
15:26 737.87 6.44 71 6.71 0
15:27 737.87 6.39 71 3.58 0
15:28 737.87 6.39 71 8.49 0
15:29 737.87 6.39 71 3.13 0
15:30 737.87 6.39 71 6.26 0
15:31 737.87 6.33 71 1.79 0
15:32 737.87 6.39 71 5.36 0
15:33 737.62 6.33 71 4.02 0
15:34 737.62 6.33 71 2.24 0
15:35 737.87 6.33 71 9.39 0
15:36 737.87 6.33 71 7.15 0
15:37 737.87 6.39 71 4.47 0
15:38 737.87 6.39 71 10.73 0
15:39 737.87 6.39 71 3.58 0
15:40 737.62 6.39 71 10.73 0
15:41 737.62 6.39 71 8.49 0
15:42 737.36 6.39 71 3.58 0
15:43 737.36 6.44 71 4.92 0
15:44 737.62 6.44 71 3.58 0
15:45 737.87 6.39 71 4.47 0
15:46 737.87 6.44 71 7.15 0
15:47 737.87 6.44 71 1.34 0
15:48 737.87 6.44 71 8.05 0
15:49 737.87 6.44 71 1.79 0
15:50 738.12 6.5 71 6.26 0
15:51 738.12 6.5 71 11.62 0
15:52 737.87 6.5 71 4.92 0
15:53 737.87 6.5 71 .89 0
15:54 737.87 6.5 71 6.26 0
15:55 737.87 6.44 71 6.26 0
15:56 737.62 6.44 71 6.71 0
15:57 737.87 6.39 71 5.36 0
15:58 737.87 6.39 71 4.47 0
15:59 737.62 6.33 71 5.36 0
16:00 737.62 6.33 71 1.79 0
16:01 737.62 6.33 71 3.13 0
16:02 737.62 6.33 71 6.26 0
16:03 737.87 6.33 71 4.02 0
16:04 737.62 6.33 71 9.39 0
16:05 737.62 6.33 71 1.79 0
16:06 737.87 6.33 71 1.34 0
16:07 737.87 6.33 71 7.15 0
16:08 737.87 6.33 71 9.39 0
16:09 737.87 6.33 71 5.36 0
16:10 737.87 6.28 71 2.24 0
16:11 737.87 6.28 71 2.68 0
16:12 737.87 6.28 71 4.47 0
16:13 737.87 6.22 71 4.02 0
16:14 737.87 6.22 71 7.15 0
16:15 737.87 6.17 71 4.02 0
16:16 737.87 6.11 71 5.81 0
16:17 737.87 6.11 71 9.39 0
16:18 737.87 6.06 71 3.58 0
16:19 737.87 6.06 71 1.34 0
16:20 737.87 6.06 72 7.15 0
16:21 737.87 6 72 4.47 0
16:22 737.62 6 72 2.68 0
16:23 737.62 6 72 5.36 0
16:24 737.62 6 72 4.02 0
16:25 737.62 5.94 72 8.49 0
16:26 737.62 5.94 72 3.58 0
16:27 737.36 5.94 72 4.47 0
16:28 737.36 5.94 72 2.68 0
16:29 737.11 5.89 72 7.6 0
16:30 737.11 5.89 72 4.92 0
16:31 737.11 5.89 72 8.05 0
16:32 737.11 5.94 72 3.13 0
16:33 737.36 5.89 72 4.47 0
16:34 737.62 5.89 72 3.58 0
16:35 737.62 5.89 72 6.26 0
16:36 737.62 5.83 72 4.47 0
16:37 737.62 5.83 72 5.36 0
16:38 737.62 5.89 72 3.13 0
16:39 737.62 5.89 72 4.47 0
16:40 737.62 5.83 72 5.36 0
16:41 737.62 5.83 72 2.68 0
16:42 737.62 5.83 71 4.02 0
16:43 737.62 5.78 71 6.26 0
16:44 737.62 5.78 71 3.13 0
16:45 737.62 5.78 72 4.47 0
16:46 737.62 5.78 72 .89 0
16:47 737.62 5.78 72 1.34 0
16:48 737.62 5.78 72 3.13 0
16:49 737.87 5.83 71 8.94 0
16:50 737.87 5.78 71 6.71 0
16:51 737.62 5.78 71 4.02 0
16:52 737.62 5.78 71 3.58 0
16:53 737.87 5.78 71 5.36 0
16:54 737.87 5.83 71 5.81 0
16:55 737.87 5.83 71 9.39 0
16:56 737.87 5.83 70 8.05 0
16:57 737.87 5.78 70 4.02 0
16:58 737.62 5.83 70 4.02 0
16:59 737.87 5.83 70 8.49 0
17:00 737.62 5.78 70 6.71 0
17:01 737.62 5.78 70 4.92 0
17:02 737.62 5.78 70 7.15 0
17:03 737.62 5.78 70 7.15 0
17:04 737.62 5.78 70 4.02 0
17:05 737.62 5.78 70 8.05 0
17:06 737.62 5.78 70 4.47 0
17:07 737.87 5.78 70 4.47 0
17:08 737.62 5.72 70 8.05 0
17:09 737.62 5.78 70 4.02 0
17:10 737.87 5.72 70 5.36 0
17:11 738.89 5.72 68 9.39 0
17:12 738.89 5.67 68 7.15 0
17:13 738.89 5.67 68 8.94 0
17:14 739.39 5.67 68 10.73 0
17:15 739.39 5.56 68 6.26 0
17:16 737.87 5.61 70 1.34 0
17:17 737.87 5.61 70 4.02 0
17:18 737.87 5.61 70 3.13 0
17:19 737.87 5.56 70 9.39 0
17:20 737.62 5.56 70 3.58 0
17:21 737.62 5.5 70 8.05 0
17:22 737.62 5.5 70 4.02 0
17:23 737.62 5.44 70 6.26 0
17:24 737.87 5.44 70 5.36 0
17:25 737.87 5.39 70 3.58 0
17:26 737.87 5.39 70 6.26 0
17:27 737.87 5.33 70 4.92 0
17:28 737.87 5.33 70 6.26 0
17:29 737.87 5.28 70 8.05 0
17:30 737.87 5.28 70 5.81 0
17:31 737.87 5.22 70 4.02 0
17:32 737.87 5.22 70 9.39 0
17:33 737.87 5.17 70 7.15 0
17:34 737.87 5.17 70 9.39 0
17:35 737.87 5.11 70 8.05 0
17:36 737.87 5.06 70 6.71 0
17:37 737.87 5.06 70 2.68 0
17:38 737.87 5.06 70 5.81 0
17:39 737.87 5 71 5.81 0
17:40 737.87 5 71 3.58 0
17:41 737.87 4.94 71 8.05 0
17:42 737.87 4.94 71 4.02 0
17:43 737.87 4.89 71 4.02 0
17:44 737.87 4.89 71 3.13 0
17:45 737.87 4.83 71 3.58 0
17:46 737.87 4.83 71 9.83 0
17:47 737.87 4.83 71 5.81 0
17:48 738.12 4.78 71 5.36 0
17:49 738.12 4.72 71 7.6 0
17:50 738.12 4.72 71 4.47 0
17:51 738.12 4.67 71 4.47 0
17:52 738.12 4.67 71 1.79 0
17:53 738.12 4.61 71 5.36 0
17:54 738.12 4.61 71 5.81 0
17:55 738.12 4.61 71 4.47 0
17:56 738.12 4.56 71 6.26 0
17:57 738.12 4.56 71 4.92 0
17:58 738.12 4.56 71 3.58 0
17:59 738.12 4.56 72 7.6 0
18:00 737.87 4.5 72 3.58 0
18:01 738.12 4.5 72 5.36 0
18:02 738.12 4.5 72 8.05 0
18:03 738.12 4.44 72 7.6 0
18:04 738.12 4.44 72 4.02 0
18:05 738.12 4.39 72 10.73 0
18:06 738.12 4.39 72 3.13 0
18:07 738.12 4.33 72 6.26 0
18:08 738.12 4.33 72 8.49 0
18:09 737.87 4.33 72 9.39 0
18:10 738.12 4.28 72 7.6 0
18:11 738.12 4.28 73 5.81 0
18:12 738.12 4.22 73 2.68 0
18:13 738.12 4.22 73 8.05 0
18:14 738.12 4.22 73 5.81 0
18:15 738.12 4.17 73 3.58 0
18:16 738.12 4.17 73 5.36 0
18:17 738.12 4.17 73 5.81 0
18:18 737.87 4.17 73 7.15 0
18:19 738.12 4.11 73 4.47 0
18:20 738.12 4.11 73 5.81 0
18:21 738.12 4.06 73 2.68 0
18:22 738.12 4.06 73 4.02 0
18:23 738.12 4 73 8.94 0
18:24 737.87 4 73 5.36 0
18:25 738.12 4 73 6.71 0
18:26 738.12 4 73 .89 0
18:27 738.12 4 74 4.02 0
18:28 738.12 3.94 73 3.13 0
18:29 738.12 3.94 74 9.39 0
18:30 738.12 3.94 74 3.58 0
18:31 738.12 3.94 74 2.24 0
18:32 738.12 3.94 74 4.02 0
18:33 738.12 3.89 74 4.92 0
18:34 738.12 3.89 74 4.02 0
18:35 738.12 3.89 74 2.24 0
18:36 737.87 3.89 74 12.52 0
18:37 738.12 3.89 74 10.73 0
18:38 738.12 3.83 74 3.58 0
18:39 738.12 3.83 74 5.36 0
18:40 738.12 3.83 74 2.68 0
18:41 738.12 3.78 74 2.68 0
18:42 738.12 3.83 74 2.68 0
18:43 738.12 3.78 74 3.13 0
18:44 738.12 3.78 74 7.15 0
18:45 738.12 3.78 74 1.79 0
18:46 738.12 3.78 74 4.92 0
18:47 738.12 3.78 74 3.58 0
18:48 738.12 3.72 74 3.58 0
18:49 738.12 3.72 74 11.18 0
18:50 738.12 3.72 74 4.92 0
18:51 738.12 3.67 74 7.15 0
18:52 737.87 3.67 74 5.81 0
18:53 738.12 3.67 75 4.92 0
18:54 738.12 3.67 75 4.47 0
18:55 738.12 3.61 75 2.68 0
18:56 738.12 3.61 75 6.26 0
18:57 738.12 3.61 75 5.81 0
18:58 737.87 3.61 75 8.49 0
18:59 738.12 3.61 75 8.94 0
19:00 738.12 3.61 75 7.15 0
19:01 738.12 3.61 75 6.26 0
19:02 738.12 3.61 75 4.47 0
19:03 738.12 3.56 75 3.58 0
19:04 738.12 3.61 75 4.92 0
19:05 738.12 3.56 75 3.58 0
19:06 738.12 3.56 75 10.28 0
19:07 739.39 3.72 73 12.96 0
19:08 738.12 3.56 75 8.05 0
19:09 739.39 3.72 73 8.49 0
19:10 739.39 3.72 73 7.15 0
19:11 737.87 3.5 75 3.58 0
19:12 737.87 3.5 75 6.71 0
19:13 737.87 3.5 75 6.26 0
19:14 737.87 3.44 75 4.47 0
19:15 737.87 3.44 76 3.58 0
19:16 737.87 3.44 76 5.36 0
19:17 739.14 3.67 74 6.26 0
19:18 739.14 3.67 74 7.6 0
19:19 739.14 3.56 74 8.05 0
19:20 739.14 3.56 74 8.49 0
19:21 739.14 3.56 74 7.15 0
19:22 739.14 3.56 74 5.81 0
19:23 739.14 3.56 74 7.6 0
19:24 739.14 3.56 74 9.83 0
19:25 739.14 3.56 74 4.47 0
19:26 739.14 3.56 74 10.73 0
19:27 739.14 3.56 74 8.49 0
19:28 739.14 3.56 74 9.83 0
19:29 739.65 3.5 74 7.6 0
19:30 739.65 3.5 74 9.39 0
19:31 739.65 3.5 74 7.6 0
19:32 739.65 3.5 75 7.15 0
19:33 739.65 3.5 75 6.26 0
19:34 739.65 3.39 75 7.15 0
19:35 739.65 3.39 75 6.71 0
19:36 739.65 3.39 75 5.36 0
19:37 739.65 3.39 75 6.71 0
19:38 739.65 3.39 75 12.52 0
19:39 739.65 3.39 75 9.83 0
19:40 739.65 3.39 75 7.6 0
19:41 739.65 3.39 75 5.81 0
19:42 739.65 3.39 75 10.28 0
19:43 739.65 3.33 75 4.92 0
19:44 739.65 3.33 75 8.94 0
19:45 739.65 3.33 75 9.83 0
19:46 739.65 3.33 75 9.39 0
19:47 739.65 3.33 75 7.15 0
19:48 739.65 3.33 75 4.02 0
19:49 739.65 3.28 76 4.92 0
19:50 739.65 3.28 76 8.94 0
19:51 739.65 3.28 76 6.71 0
19:52 739.65 3.28 76 8.05 0
19:53 739.65 3.28 76 10.28 0
19:54 739.65 3.28 76 8.94 0
19:55 739.65 3.28 76 9.39 0
19:56 739.65 3.17 76 7.6 0
19:57 739.65 3.17 76 9.83 0
19:58 739.65 3.17 76 6.26 0
19:59 739.39 3.17 76 6.71 0
20:00 739.39 3.17 76 6.26 0
20:01 739.39 3.17 76 6.71 0
20:02 739.39 3.17 76 7.6 0
20:03 739.39 3.11 76 4.92 0
20:04 739.39 3.11 76 6.71 0
20:05 739.39 3.11 77 8.05 0
20:06 739.39 3.11 77 9.39 0
20:07 739.39 3.11 77 8.05 0
20:08 739.39 3.11 77 7.15 0
20:09 739.39 3 77 7.15 0
20:10 739.39 3 77 10.73 0
20:11 739.39 3 77 8.49 0
20:12 739.39 3 77 7.6 0
20:13 739.39 3 77 8.05 0
20:14 739.65 3 77 8.05 0
20:15 739.65 3 77 4.47 0
20:16 739.65 3 77 6.26 0
20:17 739.65 2.94 77 5.81 0
20:18 739.65 2.94 77 6.26 0
20:19 739.65 2.94 77 8.05 0
20:20 739.65 2.94 77 5.81 0
20:21 739.65 2.94 78 4.47 0
20:22 739.65 2.94 78 6.71 0
20:23 739.65 2.83 78 8.49 0
20:24 739.65 2.83 75 8.05 0
20:25 739.65 2.83 78 8.49 0
20:26 739.65 2.83 78 6.71 0
20:27 739.65 2.83 78 5.81 0
20:28 739.65 2.83 78 4.47 0
20:29 739.65 2.83 78 5.81 0
20:30 739.65 2.78 78 6.71 0
20:31 739.65 2.78 78 5.81 0
20:32 739.65 2.78 78 9.83 0
20:33 739.65 2.78 78 6.26 0
20:34 739.65 2.78 78 7.15 0
20:35 739.65 2.72 78 8.05 0
20:36 739.65 2.72 78 9.39 0
20:37 739.65 2.72 78 7.6 0
20:38 739.65 2.72 78 6.26 0
20:39 739.65 2.72 78 5.81 0
20:40 739.65 2.72 79 8.05 0
20:41 739.65 2.72 79 5.81 0
20:42 739.65 2.72 79 8.94 0
20:43 739.65 2.72 79 7.15 0
20:44 739.65 2.61 79 6.71 0
20:45 739.65 2.61 79 5.36 0
20:46 739.65 2.61 79 8.05 0
20:47 739.65 2.61 79 6.71 0
20:48 739.65 2.61 79 6.26 0
20:49 739.65 2.61 79 5.36 0
20:50 739.65 2.61 79 8.05 0
20:51 739.65 2.61 79 6.26 0
20:52 739.65 2.61 79 4.02 0
20:53 739.65 2.56 79 7.6 0
20:54 739.65 2.56 79 8.49 0
20:55 739.65 2.56 79 7.15 0
20:56 739.65 2.56 79 6.71 0
20:57 739.65 2.56 79 6.26 0
20:58 739.65 2.56 80 8.49 0
20:59 739.65 2.56 80 7.6 0
21:00 739.65 2.56 80 7.6 0
21:01 739.65 2.44 80 4.47 0
21:02 739.65 2.44 80 6.71 0
21:03 739.65 2.44 80 5.36 0
21:04 739.65 2.44 80 8.49 0
21:05 739.65 2.44 80 5.81 0
21:06 739.65 2.44 80 4.47 0
21:07 739.65 2.44 80 6.26 0
21:08 739.65 2.44 80 5.36 0
21:09 739.65 2.44 80 6.71 0
21:10 739.65 2.44 80 7.6 0
21:11 739.65 2.44 80 6.26 0
21:12 739.65 2.44 80 8.05 0
21:13 739.65 2.39 80 6.71 0
21:14 739.65 2.39 80 7.15 0
21:15 739.65 2.39 80 8.05 0
21:16 739.65 2.39 80 5.36 0
21:17 739.65 2.39 80 5.81 0
21:18 739.65 2.39 81 7.15 0
21:19 739.65 2.39 81 6.71 0
21:20 739.65 2.39 81 5.81 0
21:21 739.65 2.39 81 9.39 0
21:22 739.65 2.39 81 7.15 0
21:23 739.65 2.39 81 8.49 0
21:24 739.65 2.39 81 5.81 0
21:25 739.65 2.39 81 7.6 0
21:26 739.65 2.39 81 7.15 0
21:27 739.65 2.39 81 8.94 0
21:28 739.65 2.39 81 5.36 0
21:29 739.9 2.39 81 4.02 0
21:30 739.9 2.39 81 6.26 0
21:31 739.9 2.39 81 9.39 0
21:32 739.9 2.39 81 4.92 0
21:33 739.9 2.39 81 4.92 0
21:34 739.9 2.39 81 8.05 0
21:35 739.9 2.28 81 5.81 0
21:36 739.9 2.28 81 6.26 0
21:37 739.9 2.28 81 7.15 0
21:38 739.9 2.28 81 7.6 0
21:39 739.9 2.28 81 8.94 0
21:40 739.9 2.28 81 8.49 0
21:41 739.9 2.28 81 6.71 0
21:42 739.9 2.28 81 8.94 0
21:43 739.9 2.28 81 8.05 0
21:44 740.16 2.28 81 5.36 0
21:45 740.16 2.22 81 8.94 0
21:46 740.16 2.22 81 8.05 0
21:47 740.16 2.22 81 8.05 0
21:48 740.16 2.22 81 8.05 0
21:49 740.16 2.22 81 5.36 0
21:50 740.16 2.22 81 7.6 0
21:51 740.16 2.22 81 4.92 0
21:52 740.16 2.22 81 6.26 0
21:53 740.16 2.22 82 8.49 0
21:54 740.16 2.22 81 5.81 0
21:55 740.16 2.22 82 9.39 0
21:56 740.16 2.22 82 5.81 0
21:57 740.16 2.22 82 7.6 0
21:58 740.16 2.22 82 8.94 0
21:59 740.16 2.17 82 6.26 0
22:00 740.16 2.17 82 4.92 0
22:01 740.16 2.17 82 6.26 0
22:02 740.16 2.17 82 7.6 0
22:03 740.16 2.17 82 7.15 0
22:04 740.16 2.17 82 7.15 0
22:05 740.16 2.17 82 6.26 0
22:06 740.16 2.17 82 7.15 0
22:07 740.16 2.17 82 6.26 0
22:08 740.16 2.17 82 7.6 0
22:09 740.16 2.17 82 6.26 0
22:10 740.16 2.17 82 5.36 0
22:11 740.16 2.17 82 6.26 0
22:12 740.16 2.17 82 8.49 0
22:13 740.16 2.17 82 9.83 0
22:14 740.16 2.17 82 10.28 0
22:15 740.16 2.17 82 4.47 0
22:16 740.16 2.17 82 7.15 0
22:17 740.16 2.17 82 8.05 0
22:18 740.16 2.17 82 5.36 0
22:19 740.16 2.06 82 6.26 0
22:20 740.16 2.06 82 8.05 0
22:21 740.16 2.06 82 5.36 0
22:22 740.16 2.06 82 8.49 0
22:23 740.16 2.06 83 5.81 0
22:24 740.16 2.06 83 5.81 0
22:25 740.16 2.06 83 8.05 0
22:26 740.16 2.06 83 7.6 0
22:27 740.16 2.06 83 5.81 0
22:28 740.16 2.06 83 9.83 0
22:29 739.9 2.06 83 5.36 0
22:30 739.9 2.06 83 7.15 0
22:31 739.9 2.06 83 5.36 0
22:32 739.9 2.06 83 6.26 0
22:33 739.9 2 83 4.92 0
22:34 739.9 2 83 4.92 0
22:35 739.9 2 83 5.81 0
22:36 739.9 2 83 7.15 0
22:37 739.9 2 83 3.13 0
22:38 739.9 2 84 8.05 0
22:39 739.9 2 84 8.94 0
22:40 739.9 2 84 8.49 0
22:41 739.9 2 84 8.49 0
22:42 739.9 2 84 7.15 0
22:43 739.9 2 84 5.36 0
22:44 740.16 2 84 4.92 0
22:45 740.16 2 84 6.26 0
22:46 740.16 2 84 5.36 0
22:47 740.16 2 84 4.92 0
22:48 740.16 2 84 6.26 0
22:49 740.16 2 84 6.71 0
22:50 740.16 2 84 4.92 0
22:51 740.16 2 84 5.81 0
22:52 740.16 2 84 4.92 0
22:53 740.16 2 84 5.36 0
22:54 740.16 2 85 4.47 0
22:55 740.16 1.89 85 8.49 0
22:56 740.16 2 85 7.6 0
22:57 740.16 1.89 85 5.36 0
22:58 740.16 1.89 85 5.36 0
22:59 740.16 1.89 85 8.05 0
23:00 740.16 1.89 85 7.6 0
23:01 740.16 1.89 85 7.6 0
23:02 740.16 1.89 85 4.92 0
23:03 740.16 1.89 85 5.36 0
23:04 740.16 1.89 85 6.71 0
23:05 740.16 1.89 85 6.71 0
23:06 740.16 1.89 85 6.26 0
23:07 740.16 1.89 85 6.26 0
23:08 740.16 1.89 85 6.71 0
23:09 740.16 1.89 85 8.49 0
23:10 740.16 1.89 85 7.15 0
23:11 740.16 1.89 85 6.26 0
23:12 740.16 1.89 85 7.6 0
23:13 740.16 1.89 85 8.49 0
23:14 740.16 1.89 85 7.6 0
23:15 740.16 1.89 85 4.92 0
23:16 740.16 1.89 85 8.05 0
23:17 740.16 1.89 86 7.15 0
23:18 740.16 1.89 86 8.49 0
23:19 740.16 1.89 86 7.15 0
23:20 740.16 1.89 86 6.26 0
23:21 740.16 1.89 86 5.81 0
23:22 740.16 1.89 86 5.36 0
23:23 740.16 1.89 86 7.15 0
23:24 740.16 1.89 86 5.81 0
23:25 740.16 1.89 86 3.58 0
23:26 740.16 1.89 86 5.36 0
23:27 740.16 1.89 86 8.49 0
23:28 740.16 1.89 86 7.15 0
23:29 740.16 1.89 86 7.6 0
23:30 740.16 1.89 87 11.18 0
23:31 740.16 1.89 87 9.83 0
23:32 740.16 1.89 87 8.94 0
23:33 740.16 1.83 87 6.26 0
23:34 740.16 1.83 87 7.15 0
23:35 740.16 1.83 87 7.15 0
23:36 740.16 1.83 87 5.81 0
23:37 740.16 1.83 87 9.39 0
23:38 740.16 1.83 87 8.05 0
23:39 740.16 1.83 87 6.71 0
23:40 740.16 1.83 87 9.39 0
23:41 740.16 1.83 87 8.94 0
23:42 740.16 1.83 87 8.94 0
23:43 740.16 1.83 87 5.81 0
23:44 740.16 1.83 87 4.47 0
23:45 740.16 1.83 87 5.81 0
23:46 740.16 1.83 87 5.36 0
23:47 740.16 1.83 87 5.36 0
23:48 740.16 1.83 87 5.81 0
23:49 740.16 1.83 87 6.26 0
23:50 740.16 1.83 87 5.36 0
23:51 740.16 1.83 87 6.71 0
23:52 740.16 1.83 87 5.36 0
23:53 740.16 1.83 87 7.6 0
23:54 740.16 1.83 87 5.81 0
23:55 740.16 1.83 88 8.49 0
23:56 740.16 1.83 88 8.94 0
23:57 740.16 1.83 88 5.81 0
23:58 740.16 1.83 88 6.26 0
23:59 740.16 1.83 88 6.71 0
