00:00 752.86 -12.83 63 .89 0
00:01 753.11 -12.83 63 1.79 0
00:02 753.11 -12.83 63 .89 0
00:03 752.86 -12.83 64 1.79 0
00:04 752.86 -12.89 64 2.24 0
00:05 752.86 -12.89 64 .45 0
00:06 752.86 -12.89 64 .89 0
00:07 752.86 -12.83 64 .45 0
00:08 752.86 -12.89 64 .45 0
00:09 752.86 -12.94 64 .89 0
00:10 752.86 -12.94 64 .89 0
00:11 752.86 -12.94 64 .89 0
00:12 752.86 -12.94 64 2.24 0
00:13 752.86 -13 64 .89 0
00:14 752.86 -13 64 1.79 0
00:15 752.86 -13 64 .89 0
00:16 752.86 -13 64 1.34 0
00:17 752.86 -13.06 64 1.34 0
00:18 752.86 -13.06 64 3.13 0
00:19 752.86 -13.06 64 1.34 0
00:20 752.86 -13.11 64 1.34 0
00:21 752.86 -13.06 64 2.68 0
00:22 752.86 -13.11 64 .89 0
00:23 752.86 -13.06 64 3.13 0
00:24 752.86 -13.11 64 .89 0
00:25 752.86 -13.11 64 1.34 0
00:26 752.86 -13.11 64 .89 0
00:27 752.86 -13.17 64 1.79 0
00:28 752.86 -13.17 64 2.24 0
00:29 752.86 -13.17 64 .89 0
00:30 752.86 -13.17 64 .89 0
00:31 752.86 -13.17 64 2.24 0
00:32 752.86 -13.17 64 1.79 0
00:33 752.86 -13.17 64 .89 0
00:34 752.86 -13.17 64 2.24 0
00:35 752.86 -13.17 64 2.68 0
00:36 752.86 -13.22 64 2.24 0
00:37 752.86 -13.22 64 .89 0
00:38 752.86 -13.22 64 2.68 0
00:39 752.86 -13.28 64 1.34 0
00:40 752.86 -13.28 65 .45 0
00:41 752.6 -13.28 65 .89 0
00:42 752.6 -13.28 65 1.34 0
00:43 752.86 -13.28 65 1.34 0
00:44 752.86 -13.33 65 .89 0
00:45 752.6 -13.33 65 .45 0
00:46 752.86 -13.33 65 .89 0
00:47 752.86 -13.33 65 .89 0
00:48 752.6 -13.33 65 .89 0
00:49 752.6 -13.33 65 2.24 0
00:50 752.6 -13.33 65 .45 0
00:51 752.6 -13.33 65 0 0
00:52 752.6 -13.33 65 .89 0
00:53 752.6 -13.39 65 .45 0
00:54 752.6 -13.39 65 .45 0
00:55 752.6 -13.44 65 .45 0
00:56 752.6 -13.44 65 1.34 0
00:57 752.6 -13.44 65 .89 0
00:58 752.6 -13.5 65 1.34 0
00:59 752.6 -13.5 65 .89 0
01:00 752.6 -13.56 65 1.34 0
01:01 752.6 -13.56 65 1.34 0
01:02 752.6 -13.61 65 .45 0
01:03 752.6 -13.61 65 1.34 0
01:04 752.6 -13.61 65 2.24 0
01:05 752.6 -13.67 65 .89 0
01:06 752.6 -13.67 66 1.34 0
01:07 752.6 -13.67 66 1.34 0
01:08 752.6 -13.67 66 .45 0
01:09 752.6 -13.72 66 1.34 0
01:10 752.6 -13.72 66 .45 0
01:11 752.6 -13.72 66 .89 0
01:12 752.6 -13.78 66 .45 0
01:13 752.6 -13.78 66 .89 0
01:14 752.6 -13.78 66 .45 0
01:15 752.6 -13.83 66 1.34 0
01:16 752.6 -13.83 66 .89 0
01:17 752.6 -13.89 66 .89 0
01:18 752.6 -13.89 66 .45 0
01:19 752.6 -13.94 67 2.24 0
01:20 752.6 -13.89 67 .89 0
01:21 752.6 -13.94 67 1.34 0
01:22 752.6 -13.94 67 1.34 0
01:23 752.6 -13.94 67 1.34 0
01:24 752.6 -13.94 67 1.34 0
01:25 752.6 -14 67 1.34 0
01:26 752.6 -14 67 .89 0
01:27 752.6 -14 67 .89 0
01:28 752.6 -14 67 2.24 0
01:29 752.6 -14.06 67 .89 0
01:30 752.6 -14.06 67 1.34 0
01:31 752.6 -14.06 67 3.13 0
01:32 752.6 -14.06 67 .45 0
01:33 752.6 -14.06 67 2.24 0
01:34 752.6 -14.06 67 1.34 0
01:35 752.6 -14.06 67 1.34 0
01:36 752.6 -14.06 67 2.24 0
01:37 752.6 -14 67 2.68 0
01:38 752.6 -14 67 2.24 0
01:39 752.6 -14 67 3.13 0
01:40 752.6 -14 67 1.34 0
01:41 752.6 -14 67 3.13 0
01:42 752.6 -14 67 2.68 0
01:43 752.6 -14.06 67 2.24 0
01:44 752.35 -14 67 .89 0
01:45 752.6 -14.06 67 2.68 0
01:46 752.6 -14.06 67 2.68 0
01:47 752.35 -14.06 67 3.13 0
01:48 752.6 -14.06 67 .45 0
01:49 752.6 -14.06 67 1.79 0
01:50 752.6 -14 67 2.24 0
01:51 752.6 -14.06 67 2.24 0
01:52 752.6 -14.06 67 2.24 0
01:53 752.6 -14.06 67 1.79 0
01:54 752.6 -14.06 67 .89 0
01:55 752.6 -14.06 67 1.79 0
01:56 752.35 -14.11 67 1.34 0
01:57 752.35 -14.17 67 1.34 0
01:58 752.35 -14.17 67 1.34 0
01:59 752.35 -14.17 67 1.79 0
02:00 752.35 -14.22 67 1.34 0
02:01 752.35 -14.22 67 3.13 0
02:02 752.35 -14.28 67 1.79 0
02:03 752.35 -14.28 67 1.79 0
02:04 752.35 -14.28 67 2.24 0
02:05 752.35 -14.33 67 2.24 0
02:06 752.35 -14.33 67 2.68 0
02:07 752.35 -14.28 67 2.68 0
02:08 752.35 -14.28 67 .89 0
02:09 752.35 -14.33 67 2.68 0
02:10 752.35 -14.28 67 .89 0
02:11 752.35 -14.33 67 .89 0
02:12 752.35 -14.33 67 1.79 0
02:13 752.35 -14.33 67 1.79 0
02:14 752.35 -14.39 67 2.68 0
02:15 752.35 -14.39 67 2.68 0
02:16 752.35 -14.39 67 2.24 0
02:17 752.35 -14.39 67 2.24 0
02:18 752.35 -14.44 67 2.68 0
02:19 752.35 -14.44 67 1.79 0
02:20 752.35 -14.5 68 .45 0
02:21 752.35 -14.5 68 2.24 0
02:22 752.35 -14.5 68 1.79 0
02:23 752.35 -14.5 68 .45 0
02:24 752.35 -14.5 68 .89 0
02:25 752.35 -14.5 68 1.79 0
02:26 752.35 -14.5 68 .89 0
02:27 752.35 -14.56 68 .89 0
02:28 752.35 -14.56 68 .89 0
02:29 752.35 -14.56 68 .89 0
02:30 752.35 -14.56 68 1.79 0
02:31 752.35 -14.61 68 .45 0
02:32 752.35 -14.67 68 .45 0
02:33 752.35 -14.67 68 1.79 0
02:34 752.35 -14.67 68 .45 0
02:35 752.35 -14.72 68 2.68 0
02:36 752.35 -14.67 68 1.79 0
02:37 752.35 -14.72 68 .89 0
02:38 752.35 -14.72 68 2.24 0
02:39 752.35 -14.72 68 1.34 0
02:40 752.35 -14.78 68 .89 0
02:41 752.35 -14.78 68 1.34 0
02:42 752.35 -14.78 68 1.34 0
02:43 752.35 -14.83 68 2.24 0
02:44 752.35 -14.83 68 2.24 0
02:45 752.35 -14.83 68 .89 0
02:46 752.35 -14.83 68 2.24 0
02:47 752.35 -14.83 69 .89 0
02:48 752.35 -14.83 69 .89 0
02:49 752.09 -14.83 69 1.79 0
02:50 752.35 -14.83 69 1.34 0
02:51 752.09 -14.83 69 .89 0
02:52 752.09 -14.83 69 2.24 0
02:53 752.09 -14.83 69 .89 0
02:54 752.09 -14.78 69 2.68 0
02:55 752.09 -14.78 68 2.24 0
02:56 752.09 -14.72 68 4.02 0
02:57 752.09 -14.78 68 1.34 0
02:58 752.09 -14.72 68 4.47 0
02:59 752.09 -14.72 68 1.79 0
03:00 752.09 -14.67 68 .89 0
03:01 752.09 -14.67 68 2.68 0
03:02 752.09 -14.67 68 1.34 0
03:03 752.09 -14.67 68 .89 0
03:04 752.09 -14.61 67 .89 0
03:05 752.09 -14.61 68 1.34 0
03:06 752.09 -14.61 67 1.79 0
03:07 752.09 -14.61 67 1.79 0
03:08 752.09 -14.61 67 2.24 0
03:09 752.09 -14.61 67 3.13 0
03:10 752.09 -14.61 67 .89 0
03:11 752.09 -14.61 67 3.13 0
03:12 752.09 -14.61 67 2.68 0
03:13 752.09 -14.61 67 1.79 0
03:14 752.09 -14.61 67 3.13 0
03:15 752.09 -14.67 67 3.13 0
03:16 752.09 -14.61 67 3.58 0
03:17 752.09 -14.61 67 2.24 0
03:18 752.09 -14.61 67 3.58 0
03:19 752.09 -14.67 67 2.24 0
03:20 752.09 -14.67 67 .89 0
03:21 752.09 -14.67 67 1.79 0
03:22 752.09 -14.67 67 .89 0
03:23 752.09 -14.72 67 1.34 0
03:24 752.09 -14.72 67 3.58 0
03:25 752.09 -14.78 67 1.34 0
03:26 752.09 -14.78 67 2.24 0
03:27 751.84 -14.78 67 1.79 0
03:28 751.84 -14.83 67 .89 0
03:29 751.84 -14.83 67 2.24 0
03:30 751.84 -14.89 67 2.24 0
03:31 752.09 -14.89 67 .89 0
03:32 751.84 -14.94 67 3.13 0
03:33 751.84 -14.94 67 1.79 0
03:34 751.84 -14.94 67 2.68 0
03:35 751.84 -15 67 2.24 0
03:36 751.84 -15 67 .45 0
03:37 751.84 -15.06 67 1.79 0
03:38 751.84 -15.06 67 1.79 0
03:39 751.84 -15.06 67 .89 0
03:40 751.84 -15.11 67 2.68 0
03:41 751.84 -15.11 67 1.79 0
03:42 751.84 -15.11 67 1.79 0
03:43 751.84 -15.17 67 3.13 0
03:44 751.84 -15.17 67 4.02 0
03:45 751.84 -15.17 67 2.68 0
03:46 751.84 -15.17 67 .89 0
03:47 751.84 -15.22 67 2.68 0
03:48 751.84 -15.22 67 2.68 0
03:49 751.84 -15.28 67 .89 0
03:50 751.84 -15.28 67 1.34 0
03:51 751.84 -15.28 67 1.34 0
03:52 751.84 -15.28 67 1.34 0
03:53 751.84 -15.28 67 2.24 0
03:54 751.84 -15.33 67 2.68 0
03:55 751.84 -15.33 67 1.34 0
03:56 751.84 -15.33 67 1.79 0
03:57 751.84 -15.39 67 1.79 0
03:58 751.84 -15.39 67 3.13 0
03:59 751.84 -15.39 67 2.24 0
04:00 751.59 -15.39 67 1.79 0
04:01 751.84 -15.39 67 2.24 0
04:02 751.84 -15.44 67 1.34 0
04:03 751.84 -15.44 67 3.58 0
04:04 751.84 -15.44 67 .89 0
04:05 751.84 -15.44 67 1.34 0
04:06 751.84 -15.44 68 1.34 0
04:07 751.84 -15.44 68 1.79 0
04:08 751.84 -15.44 67 1.79 0
04:09 751.84 -15.44 67 2.24 0
04:10 751.59 -15.44 67 1.79 0
04:11 751.59 -15.5 67 1.79 0
04:12 751.84 -15.5 67 3.13 0
04:13 751.59 -15.5 67 2.68 0
04:14 751.59 -15.56 67 3.58 0
04:15 751.59 -15.56 67 2.24 0
04:16 751.84 -15.56 67 2.24 0
04:17 751.59 -15.56 67 .89 0
04:18 751.59 -15.56 67 1.34 0
04:19 751.59 -15.56 67 1.79 0
04:20 751.59 -15.61 67 .45 0
04:21 751.59 -15.61 67 .89 0
04:22 751.59 -15.61 68 2.24 0
04:23 751.59 -15.56 68 2.68 0
04:24 751.59 -15.56 67 .45 0
04:25 751.59 -15.56 67 1.79 0
04:26 751.59 -15.67 67 .45 0
04:27 751.59 -15.67 67 2.68 0
04:28 751.59 -15.67 67 .45 0
04:29 751.59 -15.67 67 .89 0
04:30 751.59 -15.67 67 1.79 0
04:31 751.59 -15.67 67 .89 0
04:32 751.59 -15.67 68 .89 0
04:33 751.59 -15.67 68 1.34 0
04:34 751.59 -15.67 67 1.34 0
04:35 751.59 -15.67 67 2.24 0
04:36 751.59 -15.72 67 4.02 0
04:37 751.59 -15.72 67 1.79 0
04:38 751.59 -15.72 67 2.24 0
04:39 751.59 -15.72 67 1.34 0
04:40 751.59 -15.72 67 1.34 0
04:41 751.59 -15.72 67 1.79 0
04:42 751.59 -15.72 67 .89 0
04:43 751.59 -15.72 67 1.79 0
04:44 751.59 -15.72 67 2.24 0
04:45 751.59 -15.78 67 .89 0
04:46 751.59 -15.78 67 1.34 0
04:47 751.59 -15.78 67 0 0
04:48 751.59 -15.78 67 1.79 0
04:49 751.59 -15.78 68 2.24 0
04:50 751.59 -15.78 67 1.34 0
04:51 751.59 -15.78 67 2.24 0
04:52 751.59 -15.78 67 3.13 0
04:53 751.59 -15.83 67 2.24 0
04:54 751.59 -15.78 67 1.34 0
04:55 751.33 -15.78 67 3.13 0
04:56 751.33 -15.78 67 4.02 0
04:57 751.33 -15.78 67 .45 0
04:58 751.33 -15.78 67 .89 0
04:59 751.33 -15.78 67 2.24 0
05:00 751.33 -15.78 67 2.68 0
05:01 751.33 -15.83 67 2.68 0
05:02 751.33 -15.78 67 2.24 0
05:03 751.33 -15.78 67 2.24 0
05:04 751.33 -15.78 67 .89 0
05:05 751.33 -15.78 67 1.79 0
05:06 751.33 -15.83 67 .45 0
05:07 751.33 -15.83 67 2.24 0
05:08 751.33 -15.83 67 .89 0
05:09 751.33 -15.83 67 1.79 0
05:10 751.33 -15.83 67 1.79 0
05:11 751.33 -15.83 67 .45 0
05:12 751.33 -15.83 67 1.34 0
05:13 751.33 -15.83 67 1.34 0
05:14 751.33 -15.83 67 .45 0
05:15 751.33 -15.94 67 1.34 0
05:16 751.33 -15.89 67 1.34 0
05:17 751.33 -15.94 67 3.13 0
05:18 751.33 -15.94 67 .89 0
05:19 751.33 -16 67 1.34 0
05:20 751.33 -16.06 67 .45 0
05:21 751.33 -16.06 67 4.47 0
05:22 751.33 -16.06 67 .89 0
05:23 751.33 -16.11 67 2.24 0
05:24 751.33 -16.11 68 .89 0
05:25 751.33 -16.17 68 .89 0
05:26 751.33 -16.17 68 3.13 0
05:27 751.33 -16.17 68 .45 0
05:28 751.33 -16.22 68 1.79 0
05:29 751.33 -16.22 68 2.68 0
05:30 751.33 -16.22 68 3.58 0
05:31 751.33 -16.22 68 .89 0
05:32 751.33 -16.28 68 .89 0
05:33 751.33 -16.28 68 1.79 0
05:34 751.33 -16.28 68 .89 0
05:35 751.33 -16.28 68 1.79 0
05:36 751.33 -16.28 68 2.24 0
05:37 751.33 -16.28 68 1.34 0
05:38 751.33 -16.28 68 .89 0
05:39 751.33 -16.33 68 2.24 0
05:40 751.33 -16.33 68 1.34 0
05:41 751.33 -16.33 68 2.68 0
05:42 751.33 -16.33 68 .45 0
05:43 751.33 -16.33 68 1.79 0
05:44 751.08 -16.33 68 1.34 0
05:45 751.33 -16.33 69 1.34 0
05:46 751.33 -16.33 69 2.24 0
05:47 751.33 -16.39 68 2.24 0
05:48 751.33 -16.39 68 .89 0
05:49 751.33 -16.44 69 2.24 0
05:50 751.33 -16.44 69 2.24 0
05:51 751.08 -16.44 69 1.79 0
05:52 751.08 -16.44 69 1.34 0
05:53 751.33 -16.5 69 4.02 0
05:54 751.08 -16.5 69 2.68 0
05:55 751.08 -16.56 69 .89 0
05:56 751.08 -16.56 69 1.34 0
05:57 751.08 -16.56 69 .45 0
05:58 751.08 -16.56 69 1.79 0
05:59 751.08 -16.61 69 2.24 0
06:00 751.08 -16.61 69 1.34 0
06:01 751.08 -16.61 69 2.68 0
06:02 751.08 -16.61 69 1.34 0
06:03 751.08 -16.67 69 .89 0
06:04 751.08 -16.67 69 3.13 0
06:05 751.08 -16.67 69 1.79 0
06:06 751.08 -16.67 69 2.24 0
06:07 751.08 -16.72 69 1.79 0
06:08 751.08 -16.72 69 2.68 0
06:09 751.08 -16.72 70 3.13 0
06:10 751.08 -16.78 70 4.47 0
06:11 751.08 -16.78 70 2.24 0
06:12 751.08 -16.83 70 1.79 0
06:13 751.08 -16.78 70 2.24 0
06:14 751.08 -16.78 70 2.68 0
06:15 751.08 -16.83 70 1.34 0
06:16 751.08 -16.83 70 1.34 0
06:17 751.08 -16.83 70 2.24 0
06:18 751.08 -16.83 70 3.13 0
06:19 751.08 -16.83 70 4.02 0
06:20 751.08 -16.83 70 2.68 0
06:21 751.08 -16.83 70 .89 0
06:22 751.08 -16.83 70 3.13 0
06:23 751.08 -16.83 70 2.68 0
06:24 751.08 -16.83 70 2.68 0
06:25 751.08 -16.83 70 2.68 0
06:26 751.08 -16.83 70 2.24 0
06:27 751.08 -16.83 70 1.34 0
06:28 751.08 -16.89 70 3.58 0
06:29 751.08 -16.83 70 4.47 0
06:30 751.08 -16.89 70 .45 0
06:31 751.08 -16.89 70 3.13 0
06:32 751.08 -16.89 70 1.79 0
06:33 751.08 -16.89 70 2.24 0
06:34 751.08 -16.89 70 4.47 0
06:35 751.08 -16.89 70 1.79 0
06:36 751.08 -16.89 70 2.24 0
06:37 751.08 -16.89 70 2.24 0
06:38 751.08 -16.89 70 3.13 0
06:39 751.08 -16.94 70 1.79 0
06:40 751.08 -16.89 70 2.24 0
06:41 751.08 -16.89 70 1.34 0
06:42 751.08 -16.94 70 .89 0
06:43 751.08 -16.89 70 2.68 0
06:44 751.08 -16.89 70 2.24 0
06:45 751.08 -16.94 70 2.24 0
06:46 751.08 -16.94 70 2.68 0
06:47 751.08 -16.94 70 3.13 0
06:48 751.08 -16.94 70 1.34 0
06:49 751.08 -16.94 70 3.13 0
06:50 751.08 -16.94 70 .45 0
06:51 751.08 -16.94 70 3.13 0
06:52 751.08 -16.94 71 2.68 0
06:53 751.08 -17 70 .45 0
06:54 751.08 -17 70 0 0
06:55 751.08 -17 71 1.79 0
06:56 751.08 -16.94 71 .89 0
06:57 751.08 -17 71 2.68 0
06:58 751.08 -17 71 .89 0
06:59 751.08 -17 71 1.34 0
07:00 751.08 -17 71 .45 0
07:01 750.82 -17 71 2.68 0
07:02 751.08 -17 71 1.79 0
07:03 750.82 -17 71 4.02 0
07:04 750.82 -17 71 1.79 0
07:05 750.82 -17 71 1.79 0
07:06 751.08 -17 71 2.68 0
07:07 750.82 -16.94 71 2.24 0
07:08 750.82 -17 71 1.34 0
07:09 750.82 -16.94 71 1.79 0
07:10 750.82 -16.94 71 1.79 0
07:11 750.82 -16.94 71 3.58 0
07:12 750.82 -16.94 71 2.24 0
07:13 750.82 -16.94 71 .45 0
07:14 750.82 -16.94 71 2.24 0
07:15 751.08 -16.89 71 .45 0
07:16 750.82 -16.89 71 2.68 0
07:17 750.82 -16.83 71 .89 0
07:18 750.82 -16.83 71 .45 0
07:19 750.82 -16.83 71 1.79 0
07:20 750.82 -16.83 71 .89 0
07:21 750.82 -16.78 71 1.79 0
07:22 750.82 -16.78 71 1.34 0
07:23 750.82 -16.78 71 1.34 0
07:24 750.82 -16.72 71 3.13 0
07:25 750.82 -16.72 71 .45 0
07:26 750.82 -16.72 71 1.79 0
07:27 750.82 -16.67 71 1.34 0
07:28 750.82 -16.67 71 0 0
07:29 750.82 -16.67 71 2.24 0
07:30 750.82 -16.61 71 2.68 0
07:31 750.82 -16.61 71 0 0
07:32 750.82 -16.61 71 .89 0
07:33 750.82 -16.61 71 .45 0
07:34 750.82 -16.61 71 5.36 0
07:35 750.82 -16.56 70 1.79 0
07:36 750.82 -16.56 70 1.79 0
07:37 750.82 -16.56 70 2.68 0
07:38 750.82 -16.56 70 .45 0
07:39 750.82 -16.56 70 .89 0
07:40 750.82 -16.5 70 1.79 0
07:41 750.57 -16.5 70 1.34 0
07:42 750.82 -16.44 70 .89 0
07:43 750.82 -16.44 70 1.34 0
07:44 750.57 -16.44 70 1.34 0
07:45 750.57 -16.39 70 2.24 0
07:46 750.57 -16.39 70 2.68 0
07:47 750.57 -16.39 70 2.24 0
07:48 750.57 -16.39 70 1.79 0
07:49 750.57 -16.39 70 1.34 0
07:50 750.57 -16.33 70 1.34 0
07:51 750.57 -16.33 70 2.24 0
07:52 750.57 -16.33 70 1.79 0
07:53 750.57 -16.28 70 3.58 0
07:54 750.57 -16.33 70 3.58 0
07:55 750.57 -16.33 70 2.68 0
07:56 750.57 -16.33 69 2.24 0
07:57 750.57 -16.33 70 .45 0
07:58 750.57 -16.33 70 .45 0
07:59 750.57 -16.28 70 3.13 0
08:00 750.57 -16.22 70 .89 0
08:01 750.57 -16.17 70 1.34 0
08:02 750.57 -16.17 70 .45 0
08:03 750.57 -16.11 69 0 0
08:04 750.57 -16.11 70 4.02 0
08:05 750.57 -16.06 70 2.24 0
08:06 750.57 -16 69 2.24 0
08:07 750.57 -16 69 2.68 0
08:08 750.57 -15.94 69 3.58 0
08:09 750.57 -15.94 69 2.68 0
08:10 750.57 -15.94 69 1.34 0
08:11 750.57 -15.94 69 5.81 0
08:12 750.57 -15.94 69 3.13 0
08:13 750.57 -15.94 69 .89 0
08:14 750.57 -15.94 69 2.68 0
08:15 750.57 -15.94 69 2.24 0
08:16 750.57 -15.94 69 0 0
08:17 750.57 -15.89 69 3.13 0
08:18 750.57 -15.83 69 2.24 0
08:19 750.57 -15.83 69 1.79 0
08:20 750.57 -15.83 69 2.68 0
08:21 750.57 -15.83 69 1.34 0
08:22 750.57 -15.78 69 4.02 0
08:23 750.57 -15.83 69 .89 0
08:24 750.57 -15.78 69 1.79 0
08:25 750.57 -15.78 69 4.47 0
08:26 750.57 -15.72 69 3.13 0
08:27 750.57 -15.67 69 2.24 0
08:28 750.57 -15.67 69 1.79 0
08:29 750.57 -15.67 69 3.58 0
08:30 750.57 -15.67 69 6.26 0
08:31 750.57 -15.67 69 2.68 0
08:32 750.57 -15.61 69 4.02 0
08:33 750.57 -15.61 69 4.02 0
08:34 750.57 -15.56 69 3.58 0
08:35 750.57 -15.56 69 3.58 0
08:36 750.57 -15.56 69 1.34 0
08:37 750.57 -15.5 68 .45 0
08:38 750.57 -15.44 68 2.24 0
08:39 750.57 -15.44 69 4.92 0
08:40 750.57 -15.39 68 4.02 0
08:41 750.57 -15.39 68 4.92 0
08:42 750.57 -15.39 68 2.68 0
08:43 750.57 -15.39 68 5.36 0
08:44 750.57 -15.39 68 3.13 0
08:45 750.57 -15.39 68 4.02 0
08:46 750.57 -15.39 68 1.34 0
08:47 750.57 -15.33 68 .89 0
08:48 750.57 -15.22 68 3.13 0
08:49 750.57 -15.22 68 2.24 0
08:50 750.57 -15.22 68 2.24 0
08:51 750.57 -15.17 68 4.02 0
08:52 750.57 -15.17 68 2.24 0
08:53 750.57 -15.11 68 3.13 0
08:54 750.57 -15.11 68 3.13 0
08:55 750.57 -15.06 68 6.26 0
08:56 750.57 -15 68 4.02 0
08:57 750.57 -14.94 68 3.58 0
08:58 750.57 -14.94 68 2.68 0
08:59 750.57 -14.89 68 1.34 0
09:00 750.57 -14.83 68 2.68 0
09:01 750.57 -14.83 68 4.47 0
09:02 750.57 -14.78 68 3.13 0
09:03 750.57 -14.78 68 2.24 0
09:04 750.57 -14.72 67 2.24 0
09:05 750.57 -14.67 67 2.68 0
09:06 750.57 -14.61 67 3.13 0
09:07 750.57 -14.5 68 2.68 0
09:08 750.57 -14.5 67 2.68 0
09:09 750.57 -14.39 67 5.36 0
09:10 750.57 -14.39 67 3.58 0
09:11 750.57 -14.39 67 .45 0
09:12 750.57 -14.33 67 3.13 0
09:13 750.57 -14.28 67 4.47 0
09:14 750.57 -14.28 67 2.68 0
09:15 750.57 -14.22 67 4.47 0
09:16 750.57 -14.17 67 3.13 0
09:17 750.57 -14.17 67 1.34 0
09:18 750.57 -14.11 67 4.47 0
09:19 750.57 -14.06 67 3.58 0
09:20 750.57 -14 67 2.68 0
09:21 750.57 -13.94 67 4.47 0
09:22 750.57 -13.94 66 1.34 0
09:23 750.57 -13.89 66 3.13 0
09:24 750.57 -13.83 66 4.02 0
09:25 750.57 -13.78 66 4.02 0
09:26 750.57 -13.78 66 1.34 0
09:27 750.57 -13.72 66 3.58 0
09:28 750.57 -13.67 66 3.58 0
09:29 750.57 -13.61 66 3.13 0
09:30 750.57 -13.61 66 2.68 0
09:31 750.57 -13.56 66 4.47 0
09:32 750.57 -13.44 66 1.79 0
09:33 750.57 -13.39 66 7.6 0
09:34 750.57 -13.33 66 6.26 0
09:35 750.57 -13.33 65 2.24 0
09:36 750.57 -13.39 65 .89 0
09:37 750.57 -13.33 66 5.81 0
09:38 750.57 -13.28 66 4.92 0
09:39 750.57 -13.22 66 3.13 0
09:40 750.57 -13.17 66 6.26 0
09:41 750.57 -13.11 66 4.02 0
09:42 750.57 -13.11 66 2.68 0
09:43 750.57 -13.11 65 4.92 0
09:44 750.57 -13.11 65 2.24 0
09:45 750.57 -13 65 2.68 0
09:46 750.57 -12.94 66 2.68 0
09:47 750.57 -12.89 65 3.58 0
09:48 750.32 -12.83 65 3.13 0
09:49 750.32 -12.83 65 4.92 0
09:50 750.32 -12.83 65 3.13 0
09:51 750.32 -12.83 65 4.92 0
09:52 750.57 -12.78 65 2.68 0
09:53 750.32 -12.72 65 3.13 0
09:54 750.57 -12.67 65 5.36 0
09:55 750.32 -12.67 65 3.13 0
09:56 750.57 -12.67 65 2.68 0
09:57 750.57 -12.61 65 1.79 0
09:58 750.32 -12.56 65 2.24 0
09:59 750.32 -12.5 65 3.58 0
10:00 750.32 -12.44 65 2.68 0
10:01 750.32 -12.33 65 1.79 0
10:02 750.32 -12.28 65 1.34 0
10:03 750.57 -12.17 65 4.02 0
10:04 750.32 -12.17 65 5.36 0
10:05 750.32 -12.11 64 1.34 0
10:06 750.32 -12.06 64 3.58 0
10:07 750.57 -12 65 .89 0
10:08 750.32 -11.94 65 2.68 0
10:09 750.57 -11.83 65 4.02 0
10:10 750.32 -11.78 65 1.79 0
10:11 750.32 -11.78 64 5.36 0
10:12 750.32 -11.72 64 3.13 0
10:13 750.32 -11.72 64 5.81 0
10:14 750.32 -11.67 64 3.58 0
10:15 750.32 -11.61 64 3.13 0
10:16 750.32 -11.56 64 1.34 0
10:17 750.32 -11.56 64 3.13 0
10:18 750.32 -11.5 64 4.92 0
10:19 750.32 -11.39 64 3.58 0
10:20 750.32 -11.28 64 3.13 0
10:21 750.32 -11.22 64 2.24 0
10:22 750.32 -11.17 64 5.81 0
10:23 750.32 -11.17 63 5.81 0
10:24 750.32 -11.22 63 4.02 0
10:25 750.32 -11.22 63 4.02 0
10:26 750.32 -11.17 63 3.13 0
10:27 750.32 -11.17 64 3.13 0
10:28 750.32 -11.11 64 3.13 0
10:29 750.32 -11 64 5.36 0
10:30 750.32 -10.94 64 4.47 0
10:31 750.32 -10.83 64 3.58 0
10:32 750.32 -10.78 64 4.92 0
10:33 750.32 -10.78 64 4.92 0
10:34 750.32 -10.72 64 3.58 0
10:35 750.32 -10.67 64 3.13 0
10:36 750.32 -10.61 64 2.68 0
10:37 750.32 -10.56 64 1.79 0
10:38 750.32 -10.5 64 4.02 0
10:39 750.32 -10.44 64 3.13 0
10:40 750.32 -10.39 63 3.13 0
10:41 750.32 -10.33 63 4.92 0
10:42 750.06 -10.33 63 3.58 0
10:43 750.32 -10.39 63 4.92 0
10:44 750.06 -10.33 63 4.47 0
10:45 750.06 -10.33 63 5.81 0
10:46 750.32 -10.28 63 4.92 0
10:47 750.06 -10.28 63 2.24 0
10:48 750.06 -10.22 63 3.13 0
10:49 750.06 -10.22 63 3.58 0
10:50 750.06 -10.11 63 4.02 0
10:51 750.06 -10.06 63 3.58 0
10:52 750.06 -10.06 63 5.36 0
10:53 750.06 -10 63 4.47 0
10:54 750.06 -10 63 4.02 0
10:55 750.06 -9.94 63 4.02 0
10:56 750.06 -9.89 63 5.36 0
10:57 750.06 -9.78 63 3.58 0
10:58 750.06 -9.72 63 4.47 0
10:59 750.06 -9.67 63 4.02 0
11:00 750.06 -9.67 62 4.92 0
11:01 750.06 -9.67 62 8.05 0
11:02 750.06 -9.72 62 4.47 0
11:03 750.06 -9.67 62 3.58 0
11:04 750.06 -9.67 62 5.81 0
11:05 750.06 -9.61 62 2.68 0
11:06 750.06 -9.61 62 3.58 0
11:07 749.81 -9.56 62 6.71 0
11:08 749.81 -9.61 62 5.36 0
11:09 749.81 -9.56 62 6.26 0
11:10 749.81 -9.56 62 3.58 0
11:11 749.81 -9.56 62 3.13 0
11:12 749.81 -9.5 62 6.26 0
11:13 750.06 -9.5 62 3.58 0
11:14 749.81 -9.44 62 5.36 0
11:15 749.81 -9.39 62 3.13 0
11:16 749.81 -9.33 62 1.34 0
11:17 749.81 -9.28 63 4.02 0
11:18 749.81 -9.22 63 3.13 0
11:19 749.81 -9.17 62 4.47 0
11:20 749.81 -9.06 62 4.47 0
11:21 749.81 -9.06 62 2.24 0
11:22 749.81 -8.94 62 4.02 0
11:23 749.81 -8.83 62 3.58 0
11:24 749.81 -8.83 62 6.26 0
11:25 749.81 -8.78 62 3.13 0
11:26 749.81 -8.78 61 4.47 0
11:27 749.81 -8.78 62 2.68 0
11:28 749.81 -8.67 62 5.36 0
11:29 749.81 -8.67 61 3.58 0
11:30 749.81 -8.67 61 4.47 0
11:31 749.81 -8.67 61 6.26 0
11:32 749.81 -8.72 61 3.13 0
11:33 749.81 -8.67 61 4.47 0
11:34 749.81 -8.67 61 3.58 0
11:35 749.81 -8.61 61 4.92 0
11:36 749.81 -8.61 61 1.79 0
11:37 749.81 -8.56 61 4.47 0
11:38 749.81 -8.44 61 5.81 0
11:39 749.81 -8.44 61 4.02 0
11:40 749.81 -8.44 61 2.24 0
11:41 749.81 -8.39 61 3.13 0
11:42 749.81 -8.39 61 4.02 0
11:43 749.81 -8.33 61 1.79 0
11:44 749.81 -8.28 62 4.47 0
11:45 749.81 -8.22 61 3.13 0
11:46 749.81 -8.22 61 2.68 0
11:47 749.81 -8.22 60 6.71 0
11:48 749.81 -8.22 60 3.13 0
11:49 749.81 -8.17 61 5.81 0
11:50 749.81 -8.22 60 4.92 0
11:51 749.81 -8.28 60 5.81 0
11:52 749.55 -8.22 61 4.02 0
11:53 749.55 -8.17 61 2.68 0
11:54 749.55 -8.17 61 2.24 0
11:55 749.55 -8.17 61 5.36 0
11:56 749.55 -8.11 61 4.02 0
11:57 749.55 -8.11 60 4.47 0
11:58 749.55 -8.11 61 2.68 0
11:59 749.55 -8.11 61 3.58 0
12:00 749.55 -8.06 61 6.26 0
12:01 749.55 -8.11 61 5.36 0
12:02 749.55 -8.11 60 7.6 0
12:03 749.55 -8.11 61 5.81 0
12:04 749.55 -8.17 60 4.92 0
12:05 749.55 -8.11 61 2.24 0
12:06 749.55 -8.11 61 7.6 0
12:07 749.55 -8.11 61 3.58 0
12:08 749.55 -8.06 61 4.47 0
12:09 749.55 -8.06 61 5.81 0
12:10 749.55 -8.06 60 4.47 0
12:11 749.55 -8.06 61 3.58 0
12:12 749.3 -8.06 61 2.68 0
12:13 749.55 -8.06 61 4.02 0
12:14 749.55 -8 60 3.13 0
12:15 749.55 -8 61 4.47 0
12:16 749.55 -7.94 61 4.47 0
12:17 749.55 -7.94 61 4.92 0
12:18 749.55 -7.94 60 2.68 0
12:19 749.55 -7.89 60 1.79 0
12:20 749.55 -7.89 61 7.15 0
12:21 749.55 -7.89 60 6.71 0
12:22 749.55 -7.89 60 6.26 0
12:23 749.55 -7.89 60 4.92 0
12:24 749.3 -7.83 61 5.36 0
12:25 749.55 -7.83 61 2.68 0
12:26 749.55 -7.72 61 1.79 0
12:27 749.3 -7.67 61 3.58 0
12:28 749.3 -7.61 61 6.71 0
12:29 749.3 -7.56 60 3.13 0
12:30 749.3 -7.56 60 4.92 0
12:31 749.3 -7.56 60 5.81 0
12:32 749.3 -7.56 60 3.13 0
12:33 749.3 -7.56 60 1.79 0
12:34 749.3 -7.44 61 4.02 0
12:35 749.3 -7.39 60 1.79 0
12:36 749.3 -7.33 60 6.26 0
12:37 749.3 -7.33 59 4.47 0
12:38 749.3 -7.28 59 4.02 0
12:39 749.3 -7.28 59 3.58 0
12:40 749.3 -7.22 60 4.02 0
12:41 749.3 -7.17 59 3.58 0
12:42 749.3 -7.11 59 3.13 0
12:43 749.3 -7.06 59 4.92 0
12:44 749.3 -7.06 59 8.05 0
12:45 749.3 -7.06 59 3.58 0
12:46 749.3 -7 59 1.34 0
12:47 749.3 -6.89 59 4.92 0
12:48 749.3 -6.83 60 4.92 0
12:49 749.3 -6.78 59 6.71 0
12:50 749.05 -6.83 58 2.68 0
12:51 749.05 -6.78 58 3.58 0
12:52 749.05 -6.78 58 6.71 0
12:53 749.05 -6.83 57 3.13 0
12:54 749.05 -6.89 58 5.36 0
12:55 749.05 -6.89 58 .89 0
12:56 749.05 -6.83 58 4.92 0
12:57 749.05 -6.83 58 5.36 0
12:58 749.05 -6.83 58 3.58 0
12:59 749.05 -6.83 58 4.02 0
13:00 749.05 -6.83 58 6.71 0
13:01 749.05 -6.94 57 7.6 0
13:02 749.05 -7.06 57 9.83 0
13:03 749.05 -7.17 57 5.36 0
13:04 749.05 -7.22 58 4.02 0
13:05 749.05 -7.17 58 2.68 0
13:06 749.05 -7.17 58 1.34 0
13:07 749.05 -7.11 58 4.02 0
13:08 749.05 -7.11 58 6.71 0
13:09 749.05 -7.06 58 6.26 0
13:10 749.05 -7.11 57 4.02 0
13:11 749.05 -7.17 58 7.15 0
13:12 749.05 -7.22 58 3.58 0
13:13 748.79 -7.28 57 6.26 0
13:14 749.05 -7.28 58 4.92 0
13:15 748.79 -7.22 58 2.68 0
13:16 748.79 -7.22 58 9.83 0
13:17 748.79 -7.22 58 7.6 0
13:18 748.79 -7.22 58 8.05 0
13:19 748.79 -7.22 57 4.02 0
13:20 748.79 -7.22 58 5.81 0
13:21 748.79 -7.17 58 6.71 0
13:22 749.05 -7.11 58 4.47 0
13:23 748.79 -7.11 58 3.58 0
13:24 748.79 -7.11 58 4.02 0
13:25 748.79 -7.06 58 4.47 0
13:26 748.79 -7 57 4.47 0
13:27 748.79 -7 57 6.26 0
13:28 748.79 -7 57 4.02 0
13:29 748.79 -7 56 7.15 0
13:30 748.79 -7 56 4.47 0
13:31 748.79 -7 56 4.02 0
13:32 748.79 -7 56 6.26 0
13:33 748.79 -7 56 7.15 0
13:34 748.79 -7 56 5.81 0
13:35 748.79 -7 56 7.6 0
13:36 748.79 -7 56 2.24 0
13:37 748.79 -6.94 56 5.81 0
13:38 748.79 -7 56 4.92 0
13:39 748.79 -6.94 55 4.92 0
13:40 748.79 -7 55 3.58 0
13:41 748.79 -6.94 56 2.24 0
13:42 748.79 -6.94 56 1.79 0
13:43 748.79 -6.94 56 5.81 0
13:44 748.54 -6.89 55 7.6 0
13:45 748.79 -6.94 55 5.36 0
13:46 748.54 -6.94 55 6.26 0
13:47 748.54 -7 54 6.71 0
13:48 748.54 -7 54 6.26 0
13:49 748.54 -7 55 5.81 0
13:50 748.54 -7 55 3.13 0
13:51 748.54 -7 55 .89 0
13:52 748.54 -6.94 55 3.13 0
13:53 748.54 -6.89 55 2.68 0
13:54 748.54 -6.83 55 3.13 0
13:55 748.54 -6.83 54 4.47 0
13:56 748.54 -6.83 54 4.02 0
13:57 748.54 -6.78 54 3.13 0
13:58 748.28 -6.72 54 4.47 0
13:59 748.54 -6.72 54 4.02 0
14:00 748.28 -6.67 54 6.26 0
14:01 748.28 -6.67 54 4.92 0
14:02 748.28 -6.67 54 3.13 0
14:03 748.28 -6.61 54 2.24 0
14:04 748.28 -6.56 54 3.58 0
14:05 748.28 -6.56 53 5.81 0
14:06 748.28 -6.61 53 8.05 0
14:07 748.28 -6.67 52 7.15 0
14:08 748.28 -6.67 52 1.79 0
14:09 748.28 -6.67 53 5.36 0
14:10 748.28 -6.72 53 7.15 0
14:11 748.28 -6.78 52 5.36 0
14:12 748.28 -6.78 52 6.71 0
14:13 748.28 -6.78 52 4.92 0
14:14 748.28 -6.72 52 3.58 0
14:15 748.28 -6.67 52 1.79 0
14:16 748.28 -6.61 52 4.02 0
14:17 748.28 -6.56 52 5.81 0
14:18 748.28 -6.56 51 3.13 0
14:19 748.28 -6.56 51 1.79 0
14:20 748.28 -6.56 52 6.71 0
14:21 748.28 -6.56 51 4.92 0
14:22 748.28 -6.56 51 6.71 0
14:23 748.28 -6.5 51 3.58 0
14:24 748.28 -6.44 50 7.6 0
14:25 748.03 -6.44 50 4.92 0
14:26 748.03 -6.5 50 6.71 0
14:27 748.03 -6.44 51 2.68 0
14:28 748.03 -6.44 50 4.92 0
14:29 748.03 -6.44 50 4.92 0
14:30 748.03 -6.44 50 4.92 0
14:31 748.03 -6.39 50 5.36 0
14:32 748.03 -6.39 50 5.36 0
14:33 748.03 -6.39 49 2.68 0
14:34 748.03 -6.33 49 2.68 0
14:35 748.03 -6.28 50 6.71 0
14:36 748.03 -6.28 49 4.47 0
14:37 748.03 -6.28 49 .89 0
14:38 748.03 -6.28 49 2.24 0
14:39 748.03 -6.28 49 8.94 0
14:40 748.03 -6.33 48 3.13 0
14:41 747.78 -6.39 49 4.47 0
14:42 748.03 -6.33 49 4.02 0
14:43 748.03 -6.33 49 7.15 0
14:44 748.03 -6.39 48 4.02 0
14:45 747.78 -6.39 49 6.26 0
14:46 747.78 -6.39 49 4.92 0
14:47 747.78 -6.39 49 3.58 0
14:48 747.78 -6.33 49 3.58 0
14:49 747.78 -6.39 48 7.15 0
14:50 747.78 -6.33 49 4.47 0
14:51 747.78 -6.39 48 4.47 0
14:52 747.78 -6.39 48 7.15 0
14:53 747.78 -6.44 48 4.02 0
14:54 747.78 -6.39 49 4.02 0
14:55 747.78 -6.33 49 1.79 0
14:56 747.78 -6.33 49 4.92 0
14:57 747.78 -6.33 49 6.71 0
14:58 747.78 -6.28 48 4.47 0
14:59 747.78 -6.28 48 2.24 0
15:00 747.78 -6.28 49 7.6 0
15:01 747.78 -6.22 48 7.6 0
15:02 747.78 -6.22 48 4.02 0
15:03 747.78 -6.22 49 2.24 0
15:04 747.78 -6.22 49 6.71 0
15:05 747.78 -6.22 48 4.47 0
15:06 747.78 -6.22 48 5.81 0
15:07 747.78 -6.22 48 3.58 0
15:08 747.78 -6.22 49 7.6 0
15:09 747.52 -6.22 48 6.26 0
15:10 747.52 -6.28 48 10.73 0
15:11 747.52 -6.33 47 7.6 0
15:12 747.52 -6.33 47 4.02 0
15:13 747.52 -6.33 48 8.05 0
15:14 747.52 -6.39 48 3.58 0
15:15 747.52 -6.39 48 7.6 0
15:16 747.52 -6.39 48 4.02 0
15:17 747.52 -6.39 48 6.71 0
15:18 747.52 -6.44 48 8.05 0
15:19 747.52 -6.44 48 4.47 0
15:20 747.52 -6.44 48 9.83 0
15:21 747.52 -6.5 48 4.47 0
15:22 747.52 -6.44 49 7.15 0
15:23 747.52 -6.5 48 .89 0
15:24 747.52 -6.44 49 4.47 0
15:25 747.52 -6.44 50 3.13 0
15:26 747.52 -6.44 49 6.26 0
15:27 747.52 -6.44 49 6.71 0
15:28 747.52 -6.5 48 7.6 0
15:29 747.52 -6.5 48 3.58 0
15:30 747.52 -6.56 48 8.05 0
15:31 747.52 -6.56 49 6.26 0
15:32 747.52 -6.56 49 2.24 0
15:33 747.52 -6.56 49 5.81 0
15:34 747.52 -6.5 49 9.39 0
15:35 747.52 -6.5 49 8.94 0
15:36 747.52 -6.56 48 6.71 0
15:37 747.52 -6.56 48 4.02 0
15:38 747.52 -6.61 48 8.05 0
15:39 747.52 -6.67 48 6.71 0
15:40 747.52 -6.72 48 4.02 0
15:41 747.52 -6.72 49 4.02 0
15:42 747.52 -6.67 49 4.92 0
15:43 747.52 -6.72 48 5.81 0
15:44 747.52 -6.67 48 4.92 0
15:45 747.52 -6.67 48 7.6 0
15:46 747.52 -6.72 47 7.6 0
15:47 747.52 -6.72 47 5.81 0
15:48 747.52 -6.72 48 4.92 0
15:49 747.52 -6.72 48 2.24 0
15:50 747.52 -6.67 49 3.13 0
15:51 747.52 -6.67 48 6.26 0
15:52 747.52 -6.67 48 3.58 0
15:53 747.52 -6.67 48 5.81 0
15:54 747.52 -6.67 48 7.15 0
15:55 747.52 -6.67 48 3.13 0
15:56 747.52 -6.67 48 4.92 0
15:57 747.52 -6.67 48 4.92 0
15:58 747.52 -6.67 47 9.83 0
15:59 747.52 -6.67 47 4.92 0
16:00 747.27 -6.72 47 4.92 0
16:01 747.52 -6.78 47 7.6 0
16:02 747.52 -6.83 47 9.83 0
16:03 747.27 -6.83 47 6.26 0
16:04 747.52 -6.83 47 5.81 0
16:05 747.52 -6.83 47 5.36 0
16:06 747.52 -6.83 48 3.13 0
16:07 747.27 -6.83 48 4.02 0
16:08 747.27 -6.83 48 4.47 0
16:09 747.52 -6.78 48 6.71 0
16:10 747.52 -6.78 49 6.26 0
16:11 747.27 -6.78 49 4.02 0
16:12 747.27 -6.78 48 4.92 0
16:13 747.52 -6.83 48 4.02 0
16:14 747.52 -6.83 48 4.47 0
16:15 747.27 -6.83 47 7.6 0
16:16 747.52 -6.89 48 8.05 0
16:17 747.27 -6.94 48 3.58 0
16:18 747.27 -6.89 48 8.49 0
16:19 747.27 -6.94 47 4.92 0
16:20 747.27 -6.94 48 4.92 0
16:21 747.27 -6.94 48 .89 0
16:22 747.27 -6.94 48 4.02 0
16:23 747.27 -7 48 4.02 0
16:24 747.27 -7 48 3.13 0
16:25 747.52 -7 48 4.92 0
16:26 747.27 -7 48 7.15 0
16:27 747.27 -7 48 2.24 0
16:28 747.27 -7 48 4.02 0
16:29 747.27 -7 48 3.13 0
16:30 747.27 -7 48 8.05 0
16:31 747.27 -7.06 47 5.81 0
16:32 747.27 -7.06 47 4.92 0
16:33 747.27 -7.06 47 7.6 0
16:34 747.27 -7.06 47 5.36 0
16:35 747.27 -7.06 48 3.58 0
16:36 747.27 -7.11 48 6.71 0
16:37 747.27 -7.06 48 5.36 0
16:38 747.27 -7.11 48 12.96 0
16:39 747.01 -7.11 47 14.3 0
16:40 747.27 -7.17 47 8.49 0
16:41 747.27 -7.22 47 8.94 0
16:42 747.01 -7.22 47 4.92 0
16:43 747.27 -7.22 48 6.26 0
16:44 747.27 -7.22 48 5.36 0
16:45 747.01 -7.28 48 7.6 0
16:46 747.27 -7.22 48 3.58 0
16:47 747.01 -7.22 48 5.81 0
16:48 747.01 -7.22 48 2.24 0
16:49 747.01 -7.22 48 5.36 0
16:50 747.01 -7.28 48 8.94 0
16:51 747.01 -7.28 48 4.02 0
16:52 747.01 -7.28 48 7.15 0
16:53 747.01 -7.28 48 3.13 0
16:54 747.01 -7.28 48 3.58 0
16:55 747.01 -7.28 48 4.02 0
16:56 747.01 -7.28 48 4.47 0
16:57 747.01 -7.28 48 12.96 0
16:58 747.01 -7.28 48 7.6 0
16:59 747.01 -7.28 48 2.24 0
17:00 747.01 -7.33 48 6.71 0
17:01 747.01 -7.33 48 8.05 0
17:02 747.01 -7.33 48 7.15 0
17:03 747.01 -7.33 49 2.68 0
17:04 747.01 -7.33 50 3.58 0
17:05 747.01 -7.33 49 4.47 0
17:06 747.01 -7.33 49 4.47 0
17:07 747.01 -7.33 48 3.58 0
17:08 747.01 -7.33 49 1.34 0
17:09 747.01 -7.39 49 6.26 0
17:10 747.01 -7.39 49 1.79 0
17:11 747.01 -7.39 49 10.28 0
17:12 746.76 -7.44 48 8.05 0
17:13 747.01 -7.44 48 8.05 0
17:14 747.01 -7.44 48 8.49 0
17:15 746.76 -7.44 48 5.81 0
17:16 746.76 -7.5 48 11.62 0
17:17 746.76 -7.5 48 10.28 0
17:18 746.76 -7.5 48 7.15 0
17:19 746.76 -7.56 48 8.05 0
17:20 746.76 -7.56 49 5.36 0
17:21 746.76 -7.56 49 1.34 0
17:22 746.76 -7.56 50 3.58 0
17:23 746.76 -7.56 50 8.94 0
17:24 746.76 -7.56 49 4.02 0
17:25 746.76 -7.61 49 3.13 0
17:26 746.76 -7.56 50 7.6 0
17:27 746.76 -7.56 50 5.36 0
17:28 746.76 -7.61 50 8.94 0
17:29 746.76 -7.61 50 2.68 0
17:30 746.76 -7.61 50 3.58 0
17:31 746.76 -7.61 50 4.47 0
17:32 746.76 -7.61 50 7.15 0
17:33 746.76 -7.67 50 2.68 0
17:34 746.76 -7.67 50 2.24 0
17:35 746.76 -7.61 50 1.79 0
17:36 746.76 -7.67 51 4.47 0
17:37 746.76 -7.67 51 2.24 0
17:38 746.76 -7.67 51 4.47 0
17:39 746.51 -7.67 51 5.36 0
17:40 746.76 -7.72 51 4.47 0
17:41 746.76 -7.72 51 8.49 0
17:42 746.76 -7.72 51 7.6 0
17:43 746.51 -7.78 51 4.92 0
17:44 746.51 -7.78 51 3.58 0
17:45 746.76 -7.83 51 7.15 0
17:46 746.76 -7.83 52 11.18 0
17:47 746.76 -7.83 51 3.58 0
17:48 746.51 -7.83 52 4.47 0
17:49 746.76 -7.89 52 7.15 0
17:50 746.76 -7.83 52 4.02 0
17:51 746.51 -7.89 52 4.92 0
17:52 746.51 -7.89 52 3.58 0
17:53 746.51 -7.89 53 2.68 0
17:54 746.51 -7.89 53 5.81 0
17:55 746.51 -7.94 53 4.02 0
17:56 746.51 -7.94 53 6.71 0
17:57 746.51 -7.94 52 1.79 0
17:58 746.51 -8 53 4.47 0
17:59 746.51 -8.06 53 4.02 0
18:00 746.51 -8.06 53 4.47 0
18:01 746.51 -8.06 53 5.36 0
18:02 746.51 -8.06 53 5.36 0
18:03 746.51 -8.06 54 6.71 0
18:04 746.51 -8.06 54 3.58 0
18:05 746.51 -8.06 54 4.92 0
18:06 746.51 -8.11 54 5.36 0
18:07 746.51 -8.11 54 6.26 0
18:08 746.51 -8.11 54 3.58 0
18:09 746.51 -8.11 54 5.36 0
18:10 746.51 -8.17 54 3.58 0
18:11 746.51 -8.17 55 3.13 0
18:12 746.51 -8.17 55 4.02 0
18:13 746.51 -8.17 55 4.02 0
18:14 746.51 -8.17 55 8.49 0
18:15 746.51 -8.22 55 5.81 0
18:16 746.51 -8.22 55 3.13 0
18:17 746.51 -8.22 55 .89 0
18:18 746.51 -8.28 55 3.58 0
18:19 746.51 -8.28 55 6.26 0
18:20 746.51 -8.28 55 8.05 0
18:21 746.51 -8.33 55 7.6 0
18:22 746.51 -8.33 55 5.81 0
18:23 746.51 -8.33 55 8.05 0
18:24 746.51 -8.33 55 6.71 0
18:25 746.51 -8.39 55 7.15 0
18:26 746.51 -8.39 55 6.26 0
18:27 746.51 -8.39 56 3.58 0
18:28 746.51 -8.39 56 5.81 0
18:29 746.51 -8.39 56 5.36 0
18:30 746.51 -8.44 56 6.71 0
18:31 746.51 -8.44 56 7.15 0
18:32 746.51 -8.44 56 4.47 0
18:33 746.51 -8.44 56 2.24 0
18:34 746.51 -8.44 57 5.81 0
18:35 746.51 -8.44 56 .89 0
18:36 746.51 -8.44 57 3.58 0
18:37 746.51 -8.5 57 4.92 0
18:38 746.51 -8.5 57 4.92 0
18:39 746.76 -8.5 57 4.02 0
18:40 746.76 -8.5 57 4.47 0
18:41 746.51 -8.56 57 4.02 0
18:42 746.51 -8.56 57 10.28 0
18:43 746.51 -8.56 57 8.94 0
18:44 746.51 -8.56 57 5.36 0
18:45 746.76 -8.56 57 5.36 0
18:46 746.51 -8.56 57 11.18 0
18:47 746.51 -8.56 57 8.05 0
18:48 746.76 -8.61 57 5.81 0
18:49 746.76 -8.56 57 5.36 0
18:50 746.76 -8.56 57 4.02 0
18:51 746.76 -8.56 58 3.58 0
18:52 746.51 -8.56 58 4.92 0
18:53 746.76 -8.56 58 5.36 0
18:54 746.76 -8.56 58 4.47 0
18:55 746.51 -8.56 57 5.81 0
18:56 746.76 -8.56 57 4.02 0
18:57 746.51 -8.56 58 5.36 0
18:58 746.51 -8.56 58 2.68 0
18:59 746.76 -8.56 58 3.58 0
19:00 746.51 -8.56 57 8.05 0
19:01 746.76 -8.5 58 6.71 0
19:02 746.51 -8.56 58 4.92 0
19:03 746.76 -8.56 58 7.6 0
19:04 746.51 -8.56 58 4.02 0
19:05 746.51 -8.56 58 5.36 0
19:06 746.51 -8.56 58 4.92 0
19:07 746.51 -8.56 58 7.15 0
19:08 746.51 -8.56 58 5.81 0
19:09 746.51 -8.56 58 3.58 0
19:10 746.51 -8.56 58 2.24 0
19:11 746.51 -8.56 58 7.15 0
19:12 746.51 -8.56 58 1.79 0
19:13 746.51 -8.56 58 11.18 0
19:14 746.51 -8.56 58 7.6 0
19:15 746.51 -8.56 58 4.02 0
19:16 746.51 -8.56 58 1.34 0
19:17 746.51 -8.56 59 7.15 0
19:18 746.51 -8.56 58 4.02 0
19:19 746.51 -8.56 59 4.92 0
19:20 746.51 -8.56 58 7.15 0
19:21 746.51 -8.56 58 3.58 0
19:22 746.51 -8.56 58 3.13 0
19:23 746.51 -8.56 59 8.05 0
19:24 746.51 -8.61 58 5.81 0
19:25 746.51 -8.56 59 3.58 0
19:26 746.51 -8.61 59 4.92 0
19:27 746.51 -8.56 59 7.15 0
19:28 746.51 -8.56 59 2.24 0
19:29 746.51 -8.61 59 8.05 0
19:30 746.51 -8.56 60 7.15 0
19:31 746.51 -8.61 60 4.47 0
19:32 746.51 -8.56 60 4.47 0
19:33 746.51 -8.61 60 9.39 0
19:34 746.51 -8.56 60 4.92 0
19:35 746.51 -8.56 60 8.94 0
19:36 746.25 -8.61 60 2.68 0
19:37 746.51 -8.61 60 11.62 0
19:38 746.51 -8.56 60 5.81 0
19:39 746.51 -8.56 60 4.92 0
19:40 746.51 -8.56 60 8.94 0
19:41 746.25 -8.56 60 4.47 0
19:42 746.25 -8.56 60 2.68 0
19:43 746.25 -8.56 60 3.13 0
19:44 746.25 -8.56 60 10.73 0
19:45 746.25 -8.56 60 4.92 0
19:46 746.25 -8.56 60 7.15 0
19:47 746.25 -8.56 60 4.92 0
19:48 746.25 -8.56 60 4.02 0
19:49 746.25 -8.56 60 4.47 0
19:50 746.25 -8.56 60 4.47 0
19:51 746.51 -8.56 60 4.02 0
19:52 746.51 -8.61 61 5.81 0
19:53 746.51 -8.56 60 4.02 0
19:54 746.51 -8.56 60 5.81 0
19:55 746.51 -8.56 60 1.79 0
19:56 746.51 -8.56 60 8.05 0
19:57 746.51 -8.61 61 4.47 0
19:58 746.51 -8.56 61 5.36 0
19:59 746.51 -8.61 61 4.47 0
20:00 746.51 -8.61 61 4.02 0
20:01 746.51 -8.56 61 6.26 0
20:02 746.51 -8.61 61 4.47 0
20:03 746.51 -8.61 61 4.92 0
20:04 746.51 -8.56 61 9.83 0
20:05 746.51 -8.61 61 7.15 0
20:06 746.51 -8.61 61 3.13 0
20:07 746.51 -8.56 61 5.81 0
20:08 746.51 -8.61 61 4.92 0
20:09 746.51 -8.61 62 4.92 0
20:10 746.25 -8.61 62 4.92 0
20:11 746.51 -8.61 62 4.92 0
20:12 746.51 -8.56 62 8.05 0
20:13 746.25 -8.61 62 3.13 0
20:14 746.25 -8.61 62 4.02 0
20:15 746.25 -8.61 62 2.24 0
20:16 746.25 -8.61 63 5.36 0
20:17 746.25 -8.61 63 4.02 0
20:18 746.25 -8.61 63 6.71 0
20:19 746.25 -8.56 63 2.68 0
20:20 746.25 -8.56 63 6.26 0
20:21 746.25 -8.56 63 4.92 0
20:22 746.25 -8.61 63 4.47 0
20:23 746.25 -8.61 63 1.34 0
20:24 746.25 -8.56 63 5.36 0
20:25 746.25 -8.56 63 4.47 0
20:26 746 -8.61 64 8.49 0
20:27 746 -8.61 64 2.24 0
20:28 746 -8.61 64 6.26 0
20:29 746 -8.56 64 6.26 0
20:30 746 -8.61 65 5.81 0
20:31 746 -8.61 65 7.6 0
20:32 746 -8.61 65 7.15 0
20:33 746 -8.56 65 .89 0
20:34 746 -8.61 65 4.02 0
20:35 746 -8.61 65 4.47 0
20:36 745.74 -8.61 65 7.6 0
20:37 745.74 -8.61 65 4.47 0
20:38 745.74 -8.56 65 3.58 0
20:39 745.74 -8.56 65 7.15 0
20:40 746 -8.56 65 8.05 0
20:41 745.74 -8.56 65 8.94 0
20:42 745.74 -8.61 65 5.36 0
20:43 745.74 -8.56 65 4.02 0
20:44 745.74 -8.56 65 6.71 0
20:45 745.74 -8.56 65 9.39 0
20:46 745.74 -8.56 66 7.6 0
20:47 745.74 -8.56 65 3.58 0
20:48 745.74 -8.56 65 3.58 0
20:49 745.74 -8.56 66 2.24 0
20:50 745.74 -8.56 66 4.02 0
20:51 745.74 -8.56 66 3.58 0
20:52 745.74 -8.5 66 5.81 0
20:53 745.74 -8.5 66 7.6 0
20:54 745.74 -8.5 65 5.36 0
20:55 745.74 -8.5 65 6.71 0
20:56 745.74 -8.5 65 3.58 0
20:57 745.74 -8.5 66 9.83 0
20:58 745.74 -8.5 66 11.18 0
20:59 745.74 -8.5 65 5.81 0
21:00 745.74 -8.5 65 3.13 0
21:01 745.74 -8.44 66 6.71 0
21:02 745.74 -8.44 65 7.15 0
21:03 745.74 -8.44 66 5.36 0
21:04 745.74 -8.44 66 2.68 0
21:05 745.74 -8.44 66 11.18 0
21:06 745.74 -8.44 66 6.26 0
21:07 745.74 -8.39 66 4.02 0
21:08 745.74 -8.39 66 8.05 0
21:09 745.74 -8.44 66 3.58 0
21:10 745.74 -8.39 67 4.47 0
21:11 745.74 -8.44 67 9.83 0
21:12 745.74 -8.44 68 8.49 0
21:13 745.74 -8.5 68 4.92 0
21:14 745.74 -8.5 69 4.02 0
21:15 745.74 -8.5 70 5.81 0
21:16 745.74 -8.5 70 4.02 0
21:17 745.74 -8.56 71 5.81 0
21:18 745.74 -8.56 71 4.02 0
21:19 745.74 -8.56 71 3.13 0
21:20 745.74 -8.61 71 8.05 0
21:21 745.74 -8.61 71 4.47 0
21:22 745.74 -8.61 71 4.92 0
21:23 745.74 -8.61 71 4.92 0
21:24 745.74 -8.56 71 4.47 0
21:25 745.74 -8.61 71 4.92 0
21:26 745.74 -8.56 71 3.58 0
21:27 745.74 -8.56 71 4.02 0
21:28 745.74 -8.56 71 8.49 0
21:29 745.74 -8.56 70 5.36 0
21:30 745.49 -8.5 70 4.92 0
21:31 745.74 -8.5 70 4.92 0
21:32 745.74 -8.44 69 4.47 0
21:33 745.49 -8.44 69 6.71 0
21:34 745.49 -8.44 69 3.58 0
21:35 745.49 -8.44 69 2.68 0
21:36 745.74 -8.44 69 4.92 0
21:37 745.49 -8.39 69 4.02 0
21:38 745.49 -8.39 68 3.58 0
21:39 745.49 -8.33 68 4.47 0
21:40 745.49 -8.33 68 3.13 0
21:41 745.49 -8.33 68 4.02 0
21:42 745.74 -8.28 67 7.6 0
21:43 745.49 -8.28 67 2.24 0
21:44 745.49 -8.28 67 5.36 0
21:45 745.74 -8.28 67 4.47 0
21:46 745.49 -8.22 67 4.47 0
21:47 745.49 -8.22 67 5.36 0
21:48 745.74 -8.17 67 2.24 0
21:49 745.49 -8.17 67 3.13 0
21:50 745.49 -8.17 66 3.13 0
21:51 745.49 -8.17 66 3.13 0
21:52 745.49 -8.17 66 10.73 0
21:53 745.49 -8.11 66 3.58 0
21:54 745.74 -8.11 67 4.92 0
21:55 745.49 -8.06 66 5.36 0
21:56 745.49 -8.06 67 4.02 0
21:57 745.49 -8.06 67 1.79 0
21:58 745.49 -8.06 67 8.94 0
21:59 745.49 -8.06 67 3.58 0
22:00 745.49 -8.06 67 7.15 0
22:01 745.74 -8 67 7.6 0
22:02 745.49 -7.94 67 5.36 0
22:03 745.49 -7.94 67 3.58 0
22:04 745.49 -7.94 67 8.05 0
22:05 745.49 -7.94 67 5.81 0
22:06 745.49 -7.94 67 6.71 0
22:07 745.49 -7.94 67 3.58 0
22:08 745.49 -7.89 67 3.58 0
22:09 745.49 -7.94 67 2.24 0
22:10 745.49 -7.89 67 5.36 0
22:11 745.49 -7.94 67 5.81 0
22:12 745.49 -7.89 67 4.92 0
22:13 745.49 -7.89 67 4.02 0
22:14 745.49 -7.94 67 2.24 0
22:15 745.49 -7.89 67 1.79 0
22:16 745.49 -7.89 68 4.92 0
22:17 745.49 -7.89 67 8.49 0
22:18 745.49 -7.89 68 4.47 0
22:19 745.49 -7.89 67 4.02 0
22:20 745.49 -7.89 68 .89 0
22:21 745.49 -7.89 68 4.02 0
22:22 745.49 -7.89 68 2.24 0
22:23 745.49 -7.83 68 4.92 0
22:24 745.49 -7.83 68 2.68 0
22:25 745.49 -7.89 68 4.92 0
22:26 745.49 -7.83 68 4.92 0
22:27 745.49 -7.83 68 5.81 0
22:28 745.49 -7.89 68 4.02 0
22:29 745.49 -7.89 69 2.68 0
22:30 745.49 -7.83 69 4.02 0
22:31 745.24 -7.83 69 7.15 0
22:32 745.49 -7.83 69 5.36 0
22:33 745.24 -7.83 69 6.26 0
22:34 745.24 -7.83 69 3.58 0
22:35 745.24 -7.83 69 6.26 0
22:36 745.24 -7.89 69 4.47 0
22:37 745.24 -7.89 69 4.02 0
22:38 745.24 -7.89 69 5.36 0
22:39 745.24 -7.83 69 3.13 0
22:40 745.24 -7.83 69 4.92 0
22:41 745.24 -7.83 69 4.92 0
22:42 745.24 -7.83 69 4.02 0
22:43 745.24 -7.83 69 1.79 0
22:44 745.24 -7.83 69 5.36 0
22:45 745.24 -7.83 69 3.58 0
22:46 745.24 -7.83 69 3.58 0
22:47 745.24 -7.83 69 3.13 0
22:48 745.24 -7.83 69 7.15 0
22:49 745.24 -7.83 69 2.68 0
22:50 745.24 -7.83 69 3.58 0
22:51 745.24 -7.78 69 4.02 0
22:52 745.24 -7.78 69 5.36 0
22:53 745.24 -7.78 69 5.81 0
22:54 745.24 -7.78 69 4.02 0
22:55 745.24 -7.78 69 9.39 0
22:56 745.24 -7.72 69 5.81 0
22:57 745.24 -7.72 69 8.05 0
22:58 745.24 -7.72 69 8.05 0
22:59 745.24 -7.72 69 4.02 0
23:00 745.24 -7.67 69 4.02 0
23:01 745.24 -7.67 69 4.47 0
23:02 745.24 -7.67 69 4.02 0
23:03 745.24 -7.67 69 3.58 0
23:04 745.24 -7.67 69 4.92 0
23:05 745.24 -7.67 69 4.92 0
23:06 745.24 -7.67 69 5.81 0
23:07 745.24 -7.67 69 8.49 0
23:08 745.24 -7.67 69 6.71 0
23:09 745.24 -7.67 69 3.58 0
23:10 744.98 -7.61 69 8.05 0
23:11 745.24 -7.61 69 7.6 0
23:12 744.98 -7.61 69 4.92 0
23:13 745.24 -7.56 69 8.94 0
23:14 745.24 -7.56 69 4.47 0
23:15 745.24 -7.56 69 2.68 0
23:16 745.24 -7.56 69 4.02 0
23:17 744.98 -7.56 69 4.92 0
23:18 745.24 -7.56 69 7.15 0
23:19 744.98 -7.56 69 5.81 0
23:20 744.98 -7.56 69 4.02 0
23:21 744.98 -7.56 69 5.36 0
23:22 744.98 -7.56 69 3.13 0
23:23 744.98 -7.5 69 2.68 0
23:24 744.98 -7.56 69 7.6 0
23:25 744.98 -7.5 69 4.02 0
23:26 744.98 -7.5 69 4.02 0
23:27 744.98 -7.56 69 4.47 0
23:28 744.98 -7.56 69 6.71 0
23:29 744.98 -7.5 69 4.92 0
23:30 744.98 -7.5 69 5.81 0
23:31 744.98 -7.5 69 4.92 0
23:32 744.98 -7.5 69 6.71 0
23:33 744.98 -7.5 70 2.68 0
23:34 744.98 -7.5 70 7.6 0
23:35 744.98 -7.5 70 2.68 0
23:36 744.98 -7.5 70 4.02 0
23:37 744.98 -7.5 70 7.15 0
23:38 744.98 -7.5 70 5.36 0
23:39 744.98 -7.5 70 1.34 0
23:40 744.98 -7.44 70 4.02 0
23:41 744.98 -7.44 70 3.58 0
23:42 744.98 -7.44 70 8.94 0
23:43 744.98 -7.44 70 2.24 0
23:44 744.98 -7.44 70 6.71 0
23:45 744.98 -7.44 70 5.36 0
23:46 744.98 -7.39 70 6.26 0
23:47 744.73 -7.44 69 4.92 0
23:48 744.98 -7.44 69 4.47 0
23:49 744.73 -7.39 69 5.36 0
23:50 744.98 -7.39 69 6.71 0
23:51 744.98 -7.39 69 5.81 0
23:52 744.73 -7.39 69 3.58 0
23:53 744.73 -7.33 69 4.92 0
23:54 744.73 -7.33 69 4.92 0
23:55 744.73 -7.33 69 7.6 0
23:56 744.73 -7.33 69 5.81 0
23:57 744.73 -7.33 69 4.47 0
23:58 744.73 -7.33 69 5.36 0
23:59 744.98 -7.33 69 4.47 0
