00:00 761.49 4.44 84 .89 0
00:01 761.49 4.44 84 .89 0
00:02 761.49 4.44 84 .45 0
00:03 761.49 4.5 84 .45 0
00:04 761.49 4.44 84 .89 0
00:05 761.49 4.44 84 0 0
00:06 761.49 4.44 84 0 0
00:07 761.49 4.5 84 .45 0
00:08 761.49 4.44 84 .45 0
00:09 761.49 4.44 84 0 0
00:10 761.49 4.44 84 0 0
00:11 761.49 4.5 84 .45 0
00:12 761.49 4.44 84 0 0
00:13 761.49 4.44 84 .45 0
00:14 761.49 4.44 84 .89 0
00:15 761.49 4.44 84 1.34 0
00:16 761.49 4.44 84 1.34 0
00:17 761.49 4.44 84 .89 0
00:18 761.24 4.44 84 2.24 0
00:19 761.49 4.44 84 1.34 0
00:20 761.49 4.44 84 0 0
00:21 761.49 4.44 84 .89 0
00:22 761.49 4.44 84 .89 0
00:23 761.24 4.5 84 .45 0
00:24 761.24 4.44 84 0 0
00:25 761.49 4.5 84 0 0
00:26 761.49 4.44 84 0 0
00:27 761.24 4.5 84 0 0
00:28 761.24 4.5 84 0 0
00:29 761.24 4.5 84 .89 0
00:30 761.49 4.5 84 1.34 0
00:31 761.49 4.44 84 1.34 0
00:32 761.24 4.44 84 .45 0
00:33 761.49 4.44 84 .45 0
00:34 761.24 4.5 84 .89 0
00:35 761.24 4.5 84 .45 0
00:36 761.24 4.5 85 .45 0
00:37 761.24 4.5 84 .89 0
00:38 761.24 4.5 85 .45 0
00:39 761.24 4.5 85 0 0
00:40 761.49 4.5 85 .45 0
00:41 761.49 4.5 85 .45 0
00:42 761.49 4.5 85 0 0
00:43 761.24 4.5 85 0 0
00:44 761.49 4.5 85 0 0
00:45 761.49 4.5 85 0 0
00:46 761.24 4.56 84 0 0
00:47 761.49 4.5 84 0 0
00:48 761.49 4.56 84 0 0
00:49 761.49 4.5 84 0 0
00:50 761.49 4.56 84 0 0
00:51 761.49 4.56 84 0 0
00:52 761.49 4.56 84 0 0
00:53 761.49 4.56 84 0 0
00:54 761.49 4.56 84 0 0
00:55 761.49 4.56 84 0 0
00:56 761.49 4.56 84 0 0
00:57 761.49 4.61 84 0 0
00:58 761.49 4.56 84 0 0
00:59 761.49 4.61 84 0 0
01:00 761.49 4.61 85 0 0
01:01 761.49 4.61 85 0 0
01:02 761.49 4.61 85 0 0
01:03 761.49 4.61 85 0 0
01:04 761.49 4.61 85 0 0
01:05 761.49 4.61 85 0 0
01:06 761.49 4.67 85 0 0
01:07 761.49 4.61 85 0 0
01:08 761.49 4.61 84 0 0
01:09 761.49 4.61 85 0 0
01:10 761.49 4.61 85 0 0
01:11 761.49 4.61 85 0 0
01:12 761.49 4.61 85 0 0
01:13 761.49 4.61 85 0 0
01:14 761.49 4.61 85 0 0
01:15 761.49 4.61 85 0 0
01:16 761.49 4.61 85 0 0
01:17 761.49 4.61 85 0 0
01:18 761.49 4.61 85 0 0
01:19 761.49 4.61 85 0 0
01:20 761.49 4.61 85 0 0
01:21 761.49 4.61 85 0 0
01:22 761.49 4.61 85 0 0
01:23 761.49 4.61 85 0 0
01:24 761.49 4.61 85 0 0
01:25 761.49 4.61 85 0 0
01:26 761.49 4.61 85 0 0
01:27 761.49 4.61 85 0 0
01:28 761.49 4.61 85 0 0
01:29 761.49 4.61 85 0 0
01:30 761.49 4.61 85 0 0
01:31 761.49 4.61 85 0 0
01:32 761.49 4.61 85 0 0
01:33 761.49 4.56 85 0 0
01:34 761.49 4.56 85 0 0
01:35 761.49 4.56 85 0 0
01:36 761.49 4.56 86 0 0
01:37 761.49 4.56 86 0 0
01:38 761.49 4.56 86 0 0
01:39 761.49 4.61 86 0 0
01:40 761.49 4.56 86 0 0
01:41 761.49 4.56 86 0 0
01:42 761.49 4.56 86 0 0
01:43 761.49 4.56 86 0 0
01:44 761.49 4.61 86 0 0
01:45 761.49 4.56 86 0 0
01:46 761.49 4.61 86 0 0
01:47 761.49 4.56 86 0 0
01:48 761.49 4.61 86 0 0
01:49 761.49 4.61 86 0 0
01:50 761.49 4.61 86 0 0
01:51 761.49 4.61 86 0 0
01:52 761.49 4.61 86 0 0
01:53 761.49 4.61 86 0 0
01:54 761.49 4.61 86 0 0
01:55 761.49 4.61 86 0 0
01:56 761.49 4.61 86 0 0
01:57 761.49 4.61 86 0 0
01:58 761.49 4.61 86 0 0
01:59 761.49 4.61 86 0 0
02:00 761.49 4.61 86 0 0
02:01 761.49 4.61 86 0 0
02:02 761.49 4.61 86 0 0
02:03 761.49 4.61 86 0 0
02:04 761.49 4.61 86 0 0
02:05 761.49 4.56 87 0 0
02:06 761.49 4.56 87 0 0
02:07 761.49 4.56 87 0 0
02:08 761.49 4.56 87 0 0
02:09 761.49 4.56 87 0 0
02:10 761.49 4.56 87 0 0
02:11 761.49 4.56 87 0 0
02:12 761.49 4.56 87 0 0
02:13 761.49 4.56 87 0 0
02:14 761.49 4.56 87 0 0
02:15 761.24 4.56 87 0 0
02:16 761.49 4.56 87 0 0
02:17 761.49 4.56 87 0 0
02:18 761.49 4.61 87 0 0
02:19 761.49 4.56 87 0 0
02:20 761.24 4.56 87 0 0
02:21 761.49 4.56 87 0 0
02:22 761.24 4.56 87 0 0
02:23 761.24 4.56 87 0 0
02:24 761.49 4.56 87 0 0
02:25 761.49 4.56 87 0 0
02:26 761.24 4.56 87 0 0
02:27 761.24 4.56 87 0 0
02:28 761.24 4.56 87 0 0
02:29 761.49 4.56 87 0 0
02:30 761.49 4.56 87 0 0
02:31 761.24 4.56 87 0 0
02:32 761.24 4.56 87 0 0
02:33 761.24 4.56 87 0 0
02:34 761.24 4.56 87 0 0
02:35 761.24 4.56 87 0 0
02:36 761.24 4.56 87 0 0
02:37 761.24 4.56 86 0 0
02:38 761.24 4.56 86 0 0
02:39 761.24 4.56 86 0 0
02:40 761.24 4.56 86 0 0
02:41 761.24 4.56 86 0 0
02:42 761.24 4.56 86 0 0
02:43 761.24 4.56 86 0 0
02:44 761.24 4.56 86 0 0
02:45 761.24 4.61 86 0 0
02:46 761.24 4.56 86 0 0
02:47 761.24 4.56 86 0 0
02:48 761.24 4.56 86 0 0
02:49 761.24 4.56 86 0 0
02:50 761.24 4.56 85 0 0
02:51 761.24 4.56 85 0 0
02:52 761.24 4.61 85 0 0
02:53 761.24 4.61 85 0 0
02:54 761.24 4.56 85 0 0
02:55 761.24 4.61 85 0 0
02:56 761.24 4.56 85 0 0
02:57 761.24 4.56 85 0 0
02:58 761.24 4.61 86 0 0
02:59 761.24 4.61 86 0 0
03:00 761.24 4.61 86 0 0
03:01 761.24 4.61 86 0 0
03:02 761.49 4.61 86 0 0
03:03 761.49 4.61 86 0 0
03:04 761.49 4.56 86 0 0
03:05 761.24 4.56 86 0 0
03:06 761.49 4.56 86 0 0
03:07 761.49 4.5 86 0 0
03:08 761.49 4.5 87 0 0
03:09 761.49 4.5 87 0 0
03:10 761.49 4.5 87 0 0
03:11 761.49 4.5 87 0 0
03:12 761.49 4.5 87 0 0
03:13 761.49 4.44 87 0 0
03:14 761.24 4.44 87 0 0
03:15 761.24 4.44 87 0 0
03:16 761.49 4.44 87 0 0
03:17 761.49 4.39 87 0 0
03:18 761.49 4.39 87 0 0
03:19 761.49 4.39 87 0 0
03:20 761.49 4.33 88 0 0
03:21 761.49 4.33 88 0 0
03:22 761.49 4.33 88 0 0
03:23 761.49 4.33 88 0 0
03:24 761.24 4.33 88 0 0
03:25 761.49 4.28 88 0 0
03:26 761.49 4.28 88 0 0
03:27 761.24 4.28 88 0 0
03:28 761.49 4.28 88 0 0
03:29 761.49 4.28 88 0 0
03:30 761.24 4.28 88 0 0
03:31 761.24 4.28 88 0 0
03:32 761.49 4.28 88 0 0
03:33 761.49 4.28 88 0 0
03:34 761.49 4.28 88 0 0
03:35 761.24 4.22 88 0 0
03:36 761.24 4.28 89 0 0
03:37 761.24 4.28 89 0 0
03:38 761.49 4.28 89 0 0
03:39 761.49 4.28 89 0 0
03:40 761.24 4.22 89 0 0
03:41 761.49 4.28 89 0 0
03:42 761.49 4.28 89 0 0
03:43 761.49 4.28 89 0 0
03:44 761.24 4.28 89 0 0
03:45 761.49 4.28 89 0 0
03:46 761.49 4.28 89 0 0
03:47 761.24 4.28 89 0 0
03:48 761.24 4.28 89 0 0
03:49 761.24 4.22 89 0 0
03:50 761.49 4.22 89 0 0
03:51 761.49 4.22 89 0 0
03:52 761.24 4.22 89 0 0
03:53 761.24 4.22 89 0 0
03:54 761.49 4.22 89 0 0
03:55 761.49 4.22 89 0 0
03:56 761.49 4.17 89 0 0
03:57 761.49 4.22 89 0 0
03:58 761.49 4.17 89 0 0
03:59 761.49 4.22 89 0 0
04:00 761.49 4.22 89 0 0
04:01 761.49 4.17 89 0 0
04:02 761.49 4.22 89 0 0
04:03 761.49 4.17 89 0 0
04:04 761.49 4.17 89 0 0
04:05 761.49 4.17 89 0 0
04:06 761.49 4.17 89 0 0
04:07 761.49 4.17 89 0 0
04:08 761.49 4.17 89 0 0
04:09 761.49 4.17 89 0 0
04:10 761.49 4.17 89 0 0
04:11 761.49 4.17 89 0 0
04:12 761.49 4.17 89 0 0
04:13 761.24 4.17 89 0 0
04:14 761.49 4.17 89 0 0
04:15 761.49 4.17 89 0 0
04:16 761.49 4.17 89 0 0
04:17 761.49 4.17 89 0 0
04:18 761.49 4.17 89 0 0
04:19 761.49 4.17 89 0 0
04:20 761.49 4.17 89 0 0
04:21 761.49 4.17 89 0 0
04:22 761.49 4.17 89 0 0
04:23 761.49 4.11 89 0 0
04:24 761.49 4.11 89 0 0
04:25 761.49 4.11 89 0 0
04:26 761.49 4.11 89 0 0
04:27 761.49 4.11 89 0 0
04:28 761.49 4.11 89 0 0
04:29 761.49 4.11 89 0 0
04:30 761.49 4.11 89 0 0
04:31 761.49 4.06 89 0 0
04:32 761.49 4.11 89 0 0
04:33 761.49 4.06 89 0 0
04:34 761.49 4.06 89 0 0
04:35 761.49 4.06 89 0 0
04:36 761.49 4.06 89 0 0
04:37 761.49 4.06 89 0 0
04:38 761.49 4.06 89 0 0
04:39 761.49 4.06 89 0 0
04:40 761.49 4.06 89 0 0
04:41 761.49 4.06 89 0 0
04:42 761.49 4.06 89 0 0
04:43 761.49 4.06 89 0 0
04:44 761.49 4 89 0 0
04:45 761.49 4 89 0 0
04:46 761.24 4 89 0 0
04:47 761.24 4 89 0 0
04:48 761.49 4 89 0 0
04:49 761.49 4 89 0 0
04:50 761.49 4 89 0 0
04:51 761.49 4 89 0 0
04:52 761.49 4 90 0 0
04:53 761.24 4 90 0 0
04:54 761.49 4 90 0 0
04:55 761.49 4 90 0 0
04:56 761.24 4 90 0 0
04:57 761.49 4 90 0 0
04:58 761.49 4 90 0 0
04:59 761.49 4 90 0 0
05:00 761.49 4 90 0 0
05:01 761.49 4 90 0 0
05:02 761.49 4 90 0 0
05:03 761.49 4 90 0 0
05:04 761.24 4 90 0 0
05:05 761.24 4 90 0 0
05:06 761.49 4 90 0 0
05:07 761.24 4 90 0 0
05:08 761.49 4 90 0 0
05:09 761.49 4 90 0 0
05:10 761.49 4 90 0 0
05:11 761.49 4.06 90 0 0
05:12 761.49 4 90 0 0
05:13 761.49 4 90 0 0
05:14 761.49 4 90 0 0
05:15 761.24 4 90 0 0
05:16 761.49 4.06 90 0 0
05:17 761.49 4.06 90 0 0
05:18 761.49 4.06 90 0 0
05:19 761.49 4.06 90 0 0
05:20 761.49 4.06 90 0 0
05:21 761.49 4 90 0 0
05:22 761.49 4.06 90 0 0
05:23 761.49 4.06 90 0 0
05:24 761.49 4.06 90 0 0
05:25 761.49 4.06 90 0 0
05:26 761.49 4 90 0 0
05:27 761.49 4.06 90 0 0
05:28 761.49 4.06 90 0 0
05:29 761.49 4 90 0 0
05:30 761.49 4 90 0 0
05:31 761.49 4 90 0 0
05:32 761.49 4 90 0 0
05:33 761.49 4.06 90 0 0
05:34 761.49 4.06 90 0 0
05:35 761.49 4.06 90 0 0
05:36 761.24 4.06 90 0 0
05:37 761.49 4.06 90 0 0
05:38 761.24 4.06 90 0 0
05:39 761.24 4.06 90 0 0
05:40 761.24 4.06 90 0 0
05:41 761.24 4.11 90 0 0
05:42 761.24 4.06 90 0 0
05:43 761.24 4.11 90 0 0
05:44 761.24 4.11 90 0 0
05:45 761.24 4.11 90 0 0
05:46 761.24 4.11 90 0 0
05:47 761.49 4.11 90 0 0
05:48 761.24 4.17 90 0 0
05:49 761.24 4.11 90 0 0
05:50 761.49 4.11 90 0 0
05:51 761.49 4.17 90 0 0
05:52 761.24 4.11 90 0 0
05:53 761.49 4.17 90 0 0
05:54 761.24 4.11 90 0 0
05:55 761.49 4.17 90 0 0
05:56 761.24 4.11 90 0 0
05:57 761.24 4.11 90 0 0
05:58 761.24 4.11 89 0 0
05:59 761.24 4.11 90 0 0
06:00 761.24 4.11 90 0 0
06:01 761.24 4.11 89 0 0
06:02 761.24 4.11 89 0 0
06:03 761.24 4.06 89 0 0
06:04 761.24 4.06 89 0 0
06:05 761.24 4.06 89 0 0
06:06 761.24 4.06 89 0 0
06:07 761.24 4.06 89 0 0
06:08 761.24 4.06 90 0 0
06:09 761.24 4 89 0 0
06:10 761.24 4 90 0 0
06:11 761.24 4 90 0 0
06:12 761.24 4 90 0 0
06:13 761.49 4 90 0 0
06:14 761.24 4 90 0 0
06:15 761.24 4 90 0 0
06:16 761.24 4 90 0 0
06:17 761.24 4 90 0 0
06:18 761.24 4 90 0 0
06:19 761.24 4 90 0 0
06:20 761.24 4 90 0 0
06:21 761.24 4 90 0 0
06:22 761.24 4 90 0 0
06:23 761.24 4 90 0 0
06:24 761.24 3.94 90 0 0
06:25 761.24 3.94 90 0 0
06:26 761.24 3.94 90 0 0
06:27 761.49 3.94 90 0 0
06:28 761.49 3.94 90 0 0
06:29 761.24 3.94 90 0 0
06:30 761.49 3.89 90 0 0
06:31 761.49 3.89 90 0 0
06:32 761.24 3.89 90 0 0
06:33 761.24 3.89 90 0 0
06:34 761.49 3.89 90 0 0
06:35 761.49 3.89 90 0 0
06:36 761.49 3.89 90 0 0
06:37 761.49 3.89 90 0 0
06:38 761.49 3.83 90 0 0
06:39 761.49 3.89 90 0 0
06:40 761.49 3.83 90 0 0
06:41 761.49 3.83 90 0 0
06:42 761.49 3.83 90 0 0
06:43 761.49 3.78 90 0 0
06:44 761.49 3.83 90 0 0
06:45 761.49 3.83 90 0 0
06:46 761.24 3.83 90 0 0
06:47 761.49 3.83 90 0 0
06:48 761.49 3.83 90 0 0
06:49 761.49 3.83 90 0 0
06:50 761.24 3.83 90 0 0
06:51 761.49 3.83 90 0 0
06:52 761.24 3.83 90 0 0
06:53 761.49 3.83 90 0 0
06:54 761.24 3.83 90 0 0
06:55 761.24 3.83 90 0 0
06:56 761.49 3.83 90 0 0
06:57 761.24 3.83 90 .45 0
06:58 761.24 3.89 90 .45 0
06:59 761.49 3.89 90 .45 0
07:00 761.49 3.89 90 .45 0
07:01 761.49 3.94 90 .89 0
07:02 761.49 3.94 90 0 0
07:03 761.49 4 90 0 0
07:04 761.49 4 91 0 0
07:05 761.49 4 91 .45 0
07:06 761.24 4 90 0 0
07:07 761.49 4 90 .45 0
07:08 761.24 4.06 91 .45 0
07:09 761.49 4.06 91 .45 0
07:10 761.24 4.11 91 .45 0
07:11 761.24 4.11 91 0 0
07:12 761.49 4.11 91 .45 0
07:13 761.24 4.17 91 .45 0
07:14 761.49 4.17 91 0 0
07:15 761.49 4.17 91 0 0
07:16 761.49 4.17 91 0 0
07:17 761.49 4.22 90 0 0
07:18 761.49 4.22 90 0 0
07:19 761.49 4.22 90 0 0
07:20 761.24 4.28 90 0 0
07:21 761.24 4.28 90 0 0
07:22 761.24 4.28 90 0 0
07:23 761.24 4.28 90 0 0
07:24 761.24 4.33 90 0 0
07:25 761.24 4.33 90 0 0
07:26 761.24 4.33 90 0 0
07:27 761.24 4.33 90 0 0
07:28 761.24 4.33 90 0 0
07:29 761.24 4.39 90 0 0
07:30 761.49 4.39 90 0 0
07:31 761.24 4.39 90 0 0
07:32 761.24 4.39 90 0 0
07:33 761.24 4.44 90 0 0
07:34 761.24 4.44 90 0 0
07:35 761.24 4.44 90 0 0
07:36 761.49 4.44 90 0 0
07:37 761.49 4.44 90 0 0
07:38 761.24 4.5 90 .89 0
07:39 761.49 4.5 90 0 0
07:40 761.49 4.44 89 .45 0
07:41 761.24 4.5 89 0 0
07:42 761.49 4.5 89 .45 0
07:43 761.49 4.5 89 0 0
07:44 761.49 4.56 89 .89 0
07:45 761.49 4.56 89 1.34 0
07:46 761.24 4.56 89 1.34 0
07:47 761.49 4.61 89 1.79 0
07:48 761.49 4.61 88 1.79 0
07:49 761.24 4.61 88 1.79 0
07:50 761.49 4.61 88 1.34 0
07:51 761.49 4.67 88 1.34 0
07:52 761.24 4.72 87 1.34 0
07:53 761.49 4.67 87 .89 0
07:54 761.49 4.72 87 .45 0
07:55 761.49 4.72 87 .89 0
07:56 761.49 4.78 87 .89 0
07:57 761.49 4.78 87 .89 0
07:58 761.49 4.83 87 1.34 0
07:59 761.49 4.83 87 1.34 0
08:00 761.49 4.83 86 .89 0
08:01 761.49 4.83 86 .89 0
08:02 761.49 4.83 86 1.34 0
08:03 761.49 4.89 86 1.34 0
08:04 761.49 4.89 86 .45 0
08:05 761.49 4.89 86 .45 0
08:06 761.49 4.94 86 .45 0
08:07 761.49 4.94 86 1.34 0
08:08 761.49 4.94 86 .89 0
08:09 761.49 4.94 85 .89 0
08:10 761.49 4.94 85 1.34 0
08:11 761.49 5 85 1.79 0
08:12 761.49 5 85 .89 0
08:13 761.49 4.94 84 1.34 0
08:14 761.49 5 84 .45 0
08:15 761.49 5 84 .89 0
08:16 761.49 5.06 85 1.34 0
08:17 761.49 5.06 85 .89 0
08:18 761.49 5.06 84 .89 0
08:19 761.49 5.06 84 .89 0
08:20 761.49 5.06 84 1.34 0
08:21 761.49 5.06 84 1.34 0
08:22 761.49 5.11 84 1.34 0
08:23 761.49 5.06 84 1.34 0
08:24 761.49 5.11 84 1.34 0
08:25 761.49 5.11 84 1.34 0
08:26 761.49 5.11 84 1.34 0
08:27 761.49 5.17 84 2.24 0
08:28 761.49 5.11 84 1.34 0
08:29 761.49 5.11 84 1.34 0
08:30 761.49 5.17 84 .45 0
08:31 761.49 5.17 84 .45 0
08:32 761.49 5.17 84 .89 0
08:33 761.49 5.22 84 .89 0
08:34 761.49 5.22 84 1.34 0
08:35 761.49 5.22 83 .89 0
08:36 761.49 5.28 83 .89 0
08:37 761.49 5.28 83 1.79 0
08:38 761.49 5.33 83 .89 0
08:39 761.49 5.33 83 .89 0
08:40 761.49 5.33 83 .89 0
08:41 761.49 5.39 83 .89 0
08:42 761.49 5.39 83 1.34 0
08:43 761.49 5.39 83 .89 0
08:44 761.49 5.39 82 .89 0
08:45 761.49 5.33 82 .45 0
08:46 761.49 5.33 82 0 0
08:47 761.49 5.39 82 .89 0
08:48 761.49 5.39 83 .89 0
08:49 761.49 5.44 82 .45 0
08:50 761.49 5.44 82 .45 0
08:51 761.49 5.5 82 .45 0
08:52 761.49 5.5 82 0 0
08:53 761.49 5.5 82 .45 0
08:54 761.49 5.56 82 1.79 0
08:55 761.49 5.56 82 1.34 0
08:56 761.49 5.61 82 .45 0
08:57 761.49 5.61 82 .89 0
08:58 761.49 5.61 82 1.34 0
08:59 761.49 5.61 81 1.34 0
09:00 761.49 5.61 81 1.34 0
09:01 761.49 5.61 81 .89 0
09:02 761.49 5.67 81 .89 0
09:03 761.49 5.67 81 1.79 0
09:04 761.49 5.67 81 1.34 0
09:05 761.49 5.67 81 1.34 0
09:06 761.49 5.67 81 1.34 0
09:07 761.49 5.67 81 1.79 0
09:08 761.49 5.67 81 .89 0
09:09 761.49 5.67 81 1.79 0
09:10 761.49 5.61 81 1.34 0
09:11 761.49 5.67 81 1.79 0
09:12 761.49 5.67 81 1.34 0
09:13 761.49 5.67 81 1.34 0
09:14 761.49 5.67 81 .89 0
09:15 761.49 5.67 81 1.34 0
09:16 761.49 5.72 81 1.79 0
09:17 761.49 5.78 81 1.34 0
09:18 761.49 5.78 81 1.79 0
09:19 761.49 5.78 81 1.34 0
09:20 761.49 5.78 81 1.79 0
09:21 761.49 5.83 81 1.34 0
09:22 761.49 5.83 81 .45 0
09:23 761.49 5.89 81 1.79 0
09:24 761.49 5.94 81 .89 0
09:25 761.49 5.94 80 2.24 0
09:26 761.49 5.94 80 2.24 0
09:27 761.49 6 80 1.79 0
09:28 761.49 6 80 1.79 0
09:29 761.49 6.06 80 .89 0
09:30 761.49 6.06 80 1.79 0
09:31 761.49 6.06 80 2.68 0
09:32 761.49 6.06 80 .89 0
09:33 761.49 6.06 80 .89 0
09:34 761.49 6.11 80 1.79 0
09:35 761.49 6.11 80 2.24 0
09:36 761.49 6.11 79 2.24 0
09:37 761.49 6.17 79 2.24 0
09:38 761.49 6.17 80 .89 0
09:39 761.49 6.17 80 .89 0
09:40 761.49 6.17 80 .89 0
09:41 761.49 6.22 79 .45 0
09:42 761.49 6.22 79 .89 0
09:43 761.49 6.22 80 .89 0
09:44 761.49 6.28 79 1.34 0
09:45 761.49 6.28 79 1.79 0
09:46 761.49 6.22 79 2.24 0
09:47 761.49 6.22 78 1.34 0
09:48 761.49 6.22 78 1.34 0
09:49 761.49 6.22 79 2.68 0
09:50 761.49 6.22 79 1.34 0
09:51 761.49 6.22 78 1.34 0
09:52 761.49 6.22 78 1.79 0
09:53 761.49 6.22 78 2.24 0
09:54 761.49 6.22 78 2.24 0
09:55 761.49 6.22 78 .89 0
09:56 761.49 6.22 78 .89 0
09:57 761.49 6.22 78 .45 0
09:58 761.49 6.28 78 .89 0
09:59 761.49 6.33 78 .89 0
10:00 761.49 6.33 78 1.79 0
10:01 761.49 6.33 78 1.79 0
10:02 761.49 6.39 78 2.68 0
10:03 761.49 6.39 78 1.34 0
10:04 761.49 6.44 78 2.24 0
10:05 761.49 6.39 78 .89 0
10:06 761.49 6.39 78 .89 0
10:07 761.49 6.44 77 .45 0
10:08 761.49 6.44 78 1.34 0
10:09 761.49 6.5 78 2.24 0
10:10 761.49 6.5 78 1.34 0
10:11 761.49 6.56 77 .89 0
10:12 761.49 6.56 77 .45 0
10:13 761.49 6.56 77 0 0
10:14 761.49 6.61 77 0 0
10:15 761.49 6.61 77 0 0
10:16 761.49 6.67 77 .89 0
10:17 761.49 6.67 77 1.34 0
10:18 761.49 6.67 77 1.34 0
10:19 761.49 6.72 77 2.24 0
10:20 761.49 6.72 77 2.68 0
10:21 761.49 6.72 76 2.24 0
10:22 761.75 6.67 76 .89 0
10:23 761.49 6.67 76 0 0
10:24 761.49 6.67 76 .89 0
10:25 761.49 6.67 76 .45 0
10:26 761.49 6.67 76 .89 0
10:27 761.49 6.72 76 .89 0
10:28 761.49 6.72 77 .89 0
10:29 761.49 6.78 77 1.34 0
10:30 761.49 6.78 76 1.34 0
10:31 761.49 6.78 76 .89 0
10:32 761.49 6.78 76 1.34 0
10:33 761.49 6.78 76 .45 0
10:34 761.49 6.78 76 0 0
10:35 761.49 6.78 76 .89 0
10:36 761.49 6.78 76 .89 0
10:37 761.49 6.83 76 2.24 0
10:38 761.49 6.83 76 1.34 0
10:39 761.49 6.83 76 1.34 0
10:40 761.49 6.83 76 .89 0
10:41 761.49 6.83 76 1.79 0
10:42 761.49 6.83 76 1.34 0
10:43 761.49 6.83 76 1.34 0
10:44 761.49 6.94 76 .89 0
10:45 761.49 6.94 76 2.68 0
10:46 761.49 6.89 76 2.24 0
10:47 761.49 6.94 76 2.24 0
10:48 761.49 6.89 76 1.79 0
10:49 761.49 6.89 76 .89 0
10:50 761.49 6.89 76 0 0
10:51 761.49 6.94 76 0 0
10:52 761.49 6.94 76 1.34 0
10:53 761.49 7 76 1.34 0
10:54 761.49 7.06 76 .89 0
10:55 761.49 7.06 75 1.34 0
10:56 761.49 7.06 75 .89 0
10:57 761.49 7.06 75 .89 0
10:58 761.49 7.06 75 0 0
10:59 761.49 7.06 75 .89 0
11:00 761.49 7.06 75 .45 0
11:01 761.49 7.11 75 .45 0
11:02 761.49 7.17 75 .89 0
11:03 761.49 7.17 75 1.34 0
11:04 761.49 7.22 75 .45 0
11:05 761.49 7.28 75 .45 0
11:06 761.49 7.28 75 1.34 0
11:07 761.49 7.33 75 1.34 0
11:08 761.49 7.33 74 1.79 0
11:09 761.49 7.33 74 1.34 0
11:10 761.49 7.28 74 .89 0
11:11 761.49 7.33 74 .89 0
11:12 761.49 7.28 74 1.34 0
11:13 761.49 7.28 74 1.79 0
11:14 761.49 7.28 74 .89 0
11:15 761.49 7.28 74 1.34 0
11:16 761.49 7.28 74 1.34 0
11:17 761.49 7.22 74 .45 0
11:18 761.49 7.28 74 1.34 0
11:19 761.49 7.28 74 .89 0
11:20 761.49 7.28 74 .45 0
11:21 761.49 7.22 74 1.34 0
11:22 761.49 7.22 74 .89 0
11:23 761.49 7.28 74 .45 0
11:24 761.49 7.33 75 2.24 0
11:25 761.49 7.33 74 1.79 0
11:26 761.49 7.33 74 1.79 0
11:27 761.49 7.33 74 1.79 0
11:28 761.49 7.39 74 1.79 0
11:29 761.49 7.33 74 1.79 0
11:30 761.49 7.33 74 .89 0
11:31 761.49 7.28 74 1.79 0
11:32 761.49 7.28 74 1.79 0
11:33 761.49 7.28 74 .89 0
11:34 761.49 7.28 74 1.34 0
11:35 761.49 7.33 75 .89 0
11:36 761.49 7.33 74 2.24 0
11:37 761.49 7.33 74 2.68 0
11:38 761.49 7.33 74 1.34 0
11:39 761.49 7.33 74 .89 0
11:40 761.49 7.33 74 .89 0
11:41 761.49 7.39 74 .89 0
11:42 761.49 7.39 74 .89 0
11:43 761.49 7.44 74 2.24 0
11:44 761.49 7.44 75 .89 0
11:45 761.49 7.44 74 1.34 0
11:46 761.49 7.56 74 1.34 0
11:47 761.49 7.56 74 .89 0
11:48 761.49 7.61 74 0 0
11:49 761.49 7.67 74 .89 0
11:50 761.49 7.67 74 .89 0
11:51 761.49 7.72 73 .89 0
11:52 761.49 7.72 74 0 0
11:53 761.49 7.78 74 .45 0
11:54 761.49 7.83 74 .89 0
11:55 761.49 7.83 74 .45 0
11:56 761.49 7.89 74 .45 0
11:57 761.49 7.94 73 .45 0
11:58 761.49 7.94 73 0 0
11:59 761.49 8 73 0 0
12:00 761.49 8.06 73 .89 0
12:01 761.49 8.11 73 1.34 0
12:02 761.49 8.17 73 .45 0
12:03 761.49 8.17 73 2.24 0
12:04 761.49 8.17 73 1.79 0
12:05 761.49 8.17 72 .89 0
12:06 761.49 8.17 72 1.79 0
12:07 761.49 8.17 72 1.34 0
12:08 761.49 8.17 73 1.79 0
12:09 761.49 8.17 72 .89 0
12:10 761.49 8.17 72 .45 0
12:11 761.49 8.17 72 2.24 0
12:12 761.49 8.17 72 1.34 0
12:13 761.49 8.11 72 1.34 0
12:14 761.49 8.11 72 .45 0
12:15 761.49 8.11 73 0 0
12:16 761.49 8.11 73 0 0
12:17 761.49 8.11 73 1.34 0
12:18 761.49 8.11 73 .45 0
12:19 761.49 8.11 73 .89 0
12:20 761.49 8.17 73 1.34 0
12:21 761.49 8.17 73 .89 0
12:22 761.49 8.17 73 2.24 0
12:23 761.49 8.17 72 1.79 0
12:24 761.49 8.17 73 .89 0
12:25 761.49 8.17 73 .45 0
12:26 761.49 8.17 73 .89 0
12:27 761.49 8.22 73 1.34 0
12:28 761.49 8.28 73 .89 0
12:29 761.49 8.28 72 .45 0
12:30 761.49 8.33 72 .45 0
12:31 761.49 8.33 72 .45 0
12:32 761.49 8.33 72 0 0
12:33 761.49 8.39 72 1.34 0
12:34 761.49 8.44 72 .45 0
12:35 761.49 8.44 72 .45 0
12:36 761.49 8.5 72 0 0
12:37 761.49 8.61 71 0 0
12:38 761.49 8.67 71 .45 0
12:39 761.49 8.72 71 0 0
12:40 761.49 8.78 70 1.34 0
12:41 761.49 8.78 70 .45 0
12:42 761.24 8.83 70 .89 0
12:43 761.24 8.83 69 .89 0
12:44 761.24 8.83 69 .89 0
12:45 761.24 8.83 69 0 0
12:46 761.24 8.83 69 0 0
12:47 761.24 8.83 69 .45 0
12:48 761.24 8.83 69 .89 0
12:49 761.24 8.78 69 .89 0
12:50 761.24 8.78 70 1.34 0
12:51 761.24 8.83 70 .45 0
12:52 761.24 8.83 70 1.34 0
12:53 761.24 8.83 70 .89 0
12:54 761.24 8.78 70 .89 0
12:55 761.24 8.78 70 1.34 0
12:56 761.24 8.72 70 .89 0
12:57 761.24 8.67 70 1.34 0
12:58 761.24 8.72 70 .45 0
12:59 761.24 8.67 70 .89 0
13:00 761.24 8.67 70 1.79 0
13:01 761.24 8.72 70 2.24 0
13:02 761.24 8.78 70 .45 0
13:03 761.24 8.78 70 0 0
13:04 761.24 8.83 70 0 0
13:05 761.24 8.89 71 1.79 0
13:06 761.24 8.89 70 1.79 0
13:07 761.24 8.94 69 0 0
13:08 761.24 8.94 69 2.24 0
13:09 761.24 8.94 69 1.79 0
13:10 761.24 9 68 1.34 0
13:11 761.24 9 68 1.34 0
13:12 761.24 9 68 .45 0
13:13 761.24 9.06 69 1.34 0
13:14 761.24 9.06 69 1.34 0
13:15 761.24 9.06 69 .45 0
13:16 761.24 9.06 68 1.34 0
13:17 761.24 9.06 68 .45 0
13:18 761.24 9.06 68 1.34 0
13:19 761.24 9.06 68 0 0
13:20 761.24 9.06 68 0 0
13:21 761.24 9 68 0 0
13:22 761.24 9 68 0 0
13:23 761.24 9 68 1.34 0
13:24 761.24 9 68 1.34 0
13:25 761.24 9 68 1.79 0
13:26 761.24 9 68 .45 0
13:27 761.24 8.94 68 1.79 0
13:28 761.24 8.94 68 1.34 0
13:29 761.24 8.89 68 1.79 0
13:30 761.24 8.89 68 1.79 0
13:31 761.24 8.83 68 1.34 0
13:32 761.24 8.83 68 1.79 0
13:33 761.24 8.83 68 .45 0
13:34 761.24 8.83 68 .45 0
13:35 761.24 8.83 68 1.34 0
13:36 761.24 8.78 68 1.79 0
13:37 761.24 8.78 68 0 0
13:38 761.24 8.83 68 1.79 0
13:39 761.24 8.78 68 2.24 0
13:40 761.24 8.78 67 1.79 0
13:41 761.24 8.72 67 .45 0
13:42 761.24 8.72 68 0 0
13:43 761.24 8.72 68 0 0
13:44 761.24 8.72 68 0 0
13:45 761.24 8.78 68 1.34 0
13:46 761.24 8.78 68 1.34 0
13:47 761.24 8.78 67 .45 0
13:48 761.24 8.78 67 0 0
13:49 761.24 8.78 68 .45 0
13:50 761.24 8.78 68 .45 0
13:51 761.24 8.78 68 0 0
13:52 761.24 8.78 68 1.34 0
13:53 761.24 8.83 68 1.79 0
13:54 761.24 8.83 68 1.34 0
13:55 761.24 8.83 68 1.34 0
13:56 761.24 8.83 68 .89 0
13:57 761.24 8.83 68 1.34 0
13:58 761.24 8.78 68 1.34 0
13:59 761.24 8.78 68 .89 0
14:00 761.24 8.72 68 .89 0
14:01 761.24 8.78 68 .45 0
14:02 761.24 8.78 68 0 0
14:03 761.24 8.72 68 0 0
14:04 761.24 8.72 68 .45 0
14:05 761.24 8.78 68 .89 0
14:06 761.24 8.78 68 .45 0
14:07 761.24 8.78 68 .45 0
14:08 761.24 8.78 68 .45 0
14:09 761.24 8.78 68 .45 0
14:10 761.24 8.78 68 .45 0
14:11 761.24 8.78 68 .89 0
14:12 761.24 8.78 68 .45 0
14:13 761.24 8.78 68 .45 0
14:14 761.24 8.78 68 .45 0
14:15 761.24 8.78 68 0 0
14:16 761.24 8.78 68 0 0
14:17 761.24 8.78 68 0 0
14:18 761.24 8.78 68 0 0
14:19 761.24 8.78 68 0 0
14:20 760.98 8.78 69 0 0
14:21 761.24 8.83 69 0 0
14:22 760.98 8.83 68 .45 0
14:23 760.98 8.83 68 .45 0
14:24 760.98 8.83 68 .45 0
14:25 760.98 8.83 68 .45 0
14:26 760.98 8.83 68 1.34 0
14:27 760.98 8.83 68 .45 0
14:28 760.98 8.83 68 0 0
14:29 760.98 8.83 68 0 0
14:30 760.98 8.83 68 0 0
14:31 760.98 8.83 68 0 0
14:32 760.98 8.83 68 .45 0
14:33 760.98 8.83 68 .45 0
14:34 760.98 8.89 68 .89 0
14:35 760.98 8.89 68 .89 0
14:36 760.98 8.94 68 .89 0
14:37 760.98 8.94 68 .45 0
14:38 760.98 8.94 68 .89 0
14:39 760.98 8.89 68 .89 0
14:40 760.98 8.89 68 .89 0
14:41 760.98 8.89 68 .45 0
14:42 760.98 8.89 68 0 0
14:43 760.98 8.89 68 .45 0
14:44 760.98 8.89 68 0 0
14:45 760.98 8.89 68 .45 0
14:46 760.98 8.89 68 .45 0
14:47 760.98 8.89 68 0 0
14:48 760.98 8.89 69 .89 0
14:49 760.98 8.89 69 .89 0
14:50 760.98 8.94 69 .45 0
14:51 760.98 8.94 69 1.79 0
14:52 760.98 8.94 69 1.34 0
14:53 760.98 8.94 68 1.34 0
14:54 760.98 8.94 68 .89 0
14:55 760.98 8.89 68 1.34 0
14:56 760.98 8.89 68 .89 0
14:57 760.98 8.83 68 .45 0
14:58 760.98 8.83 69 .45 0
14:59 760.98 8.83 69 0 0
15:00 760.98 8.78 69 .45 0
15:01 760.98 8.83 68 .89 0
15:02 760.98 8.78 69 1.34 0
15:03 760.98 8.78 68 1.34 0
15:04 760.98 8.78 69 1.34 0
15:05 760.98 8.78 69 .45 0
15:06 760.98 8.78 69 1.79 0
15:07 760.98 8.78 69 1.34 0
15:08 760.98 8.78 69 1.34 0
15:09 760.98 8.72 69 1.79 0
15:10 760.98 8.72 69 .89 0
15:11 760.98 8.72 69 1.34 0
15:12 760.98 8.72 69 .45 0
15:13 760.98 8.72 69 1.79 0
15:14 760.98 8.72 69 1.34 0
15:15 760.98 8.72 70 .45 0
15:16 760.98 8.72 69 .89 0
15:17 760.98 8.72 69 .89 0
15:18 760.98 8.72 69 .45 0
15:19 760.98 8.72 69 0 0
15:20 760.98 8.72 69 .89 0
15:21 760.98 8.72 69 1.34 0
15:22 760.98 8.72 69 1.34 0
15:23 760.98 8.72 69 .89 0
15:24 760.98 8.72 70 .45 0
15:25 760.98 8.78 70 .45 0
15:26 760.98 8.78 70 .89 0
15:27 760.98 8.72 69 .45 0
15:28 760.98 8.78 69 0 0
15:29 760.98 8.78 69 0 0
15:30 760.98 8.78 69 .45 0
15:31 760.98 8.78 69 0 0
15:32 760.98 8.78 69 .45 0
15:33 760.98 8.78 69 .89 0
15:34 760.98 8.78 69 .45 0
15:35 760.98 8.78 69 0 0
15:36 760.98 8.78 69 .89 0
15:37 760.98 8.78 68 .89 0
15:38 760.98 8.78 69 .45 0
15:39 760.98 8.78 69 .45 0
15:40 760.98 8.72 69 .45 0
15:41 760.98 8.72 69 .45 0
15:42 760.98 8.72 69 .89 0
15:43 760.98 8.78 69 .45 0
15:44 760.98 8.72 69 0 0
15:45 760.98 8.72 69 0 0
15:46 760.98 8.72 69 .45 0
15:47 760.98 8.78 69 .45 0
15:48 760.98 8.72 69 0 0
15:49 760.98 8.78 69 0 0
15:50 760.98 8.72 69 0 0
15:51 760.73 8.78 69 0 0
15:52 760.98 8.78 69 0 0
15:53 760.73 8.78 69 0 0
15:54 760.73 8.78 69 1.34 0
15:55 760.73 8.83 69 .89 0
15:56 760.73 8.78 69 .45 0
15:57 760.73 8.78 69 .89 0
15:58 760.73 8.78 69 0 0
15:59 760.73 8.78 69 .89 0
16:00 760.73 8.78 69 1.34 0
16:01 760.73 8.78 69 1.34 0
16:02 760.73 8.78 69 1.34 0
16:03 760.73 8.78 69 .89 0
16:04 760.73 8.78 69 .89 0
16:05 760.73 8.72 69 .89 0
16:06 760.73 8.72 69 .89 0
16:07 760.73 8.67 69 .89 0
16:08 760.73 8.72 69 .89 0
16:09 760.73 8.72 69 .89 0
16:10 760.73 8.67 69 .89 0
16:11 760.73 8.67 69 .89 0
16:12 760.73 8.72 69 .89 0
16:13 760.73 8.72 69 .45 0
16:14 760.73 8.72 69 .45 0
16:15 760.73 8.72 69 0 0
16:16 760.73 8.72 69 0 0
16:17 760.73 8.72 69 .45 0
16:18 760.73 8.72 69 .45 0
16:19 760.73 8.72 69 .45 0
16:20 760.73 8.78 69 1.34 0
16:21 760.73 8.72 69 1.34 0
16:22 760.48 8.72 69 .89 0
16:23 760.73 8.72 69 .89 0
16:24 760.73 8.72 69 .89 0
16:25 760.73 8.72 69 .45 0
16:26 760.73 8.72 69 0 0
16:27 760.48 8.72 69 .45 0
16:28 760.73 8.67 70 .89 0
16:29 760.48 8.72 69 .89 0
16:30 760.48 8.72 69 .89 0
16:31 760.48 8.72 69 .89 0
16:32 760.48 8.72 70 .89 0
16:33 760.73 8.72 70 .45 0
16:34 760.48 8.72 70 .45 0
16:35 760.48 8.72 70 .89 0
16:36 760.48 8.78 70 .45 0
16:37 760.48 8.72 70 .89 0
16:38 760.48 8.78 70 .89 0
16:39 760.48 8.72 70 1.34 0
16:40 760.48 8.72 70 1.34 0
16:41 760.48 8.72 70 2.24 0
16:42 760.48 8.72 70 1.79 0
16:43 760.48 8.67 70 1.34 0
16:44 760.48 8.67 70 1.79 0
16:45 760.48 8.61 70 1.34 0
16:46 760.48 8.61 70 .89 0
16:47 760.48 8.61 70 .89 0
16:48 760.48 8.61 70 .89 0
16:49 760.48 8.61 70 2.24 0
16:50 760.48 8.61 70 1.34 0
16:51 760.48 8.56 70 .89 0
16:52 760.48 8.56 70 1.34 0
16:53 760.48 8.5 70 1.34 0
16:54 760.48 8.56 70 1.79 0
16:55 760.48 8.56 70 1.79 0
16:56 760.48 8.5 70 1.79 0
16:57 760.48 8.5 71 1.79 0
16:58 760.48 8.5 71 1.34 0
16:59 760.48 8.5 71 1.79 0
17:00 760.48 8.5 71 .89 0
17:01 760.48 8.5 71 1.79 0
17:02 760.48 8.44 71 .89 0
17:03 760.48 8.5 71 1.34 0
17:04 760.48 8.5 71 1.79 0
17:05 760.48 8.44 71 1.79 0
17:06 760.48 8.44 71 1.79 0
17:07 760.48 8.44 71 .45 0
17:08 760.48 8.44 71 1.79 0
17:09 760.48 8.44 71 1.34 0
17:10 760.48 8.44 71 .89 0
17:11 760.48 8.44 71 .45 0
17:12 760.48 8.44 71 .89 0
17:13 760.48 8.44 71 1.34 0
17:14 760.48 8.44 71 1.34 0
17:15 760.48 8.44 71 .89 0
17:16 760.48 8.44 72 2.68 0
17:17 760.48 8.44 71 2.24 0
17:18 760.48 8.44 71 2.68 0
17:19 760.48 8.44 71 2.24 0
17:20 760.48 8.44 71 2.24 0
17:21 760.48 8.44 71 2.68 0
17:22 760.48 8.44 71 2.68 0
17:23 760.48 8.44 71 1.79 0
17:24 760.48 8.39 71 1.79 0
17:25 760.48 8.44 72 1.34 0
17:26 760.48 8.39 72 1.34 0
17:27 760.48 8.39 72 1.34 0
17:28 760.48 8.33 72 2.24 0
17:29 760.48 8.33 72 2.68 0
17:30 760.48 8.33 72 1.34 0
17:31 760.48 8.33 72 .89 0
17:32 760.48 8.28 72 .89 0
17:33 760.48 8.28 72 1.79 0
17:34 760.48 8.28 72 .89 0
17:35 760.48 8.28 72 1.34 0
17:36 760.48 8.28 72 1.34 0
17:37 760.48 8.22 72 .89 0
17:38 760.48 8.22 72 1.79 0
17:39 760.48 8.22 72 .89 0
17:40 760.48 8.22 72 .89 0
17:41 760.48 8.17 72 1.34 0
17:42 760.48 8.17 72 1.34 0
17:43 760.48 8.17 72 1.79 0
17:44 760.48 8.17 72 .89 0
17:45 760.48 8.11 72 1.34 0
17:46 760.48 8.11 72 1.34 0
17:47 760.48 8.11 72 .89 0
17:48 760.48 8.11 72 1.34 0
17:49 760.48 8.11 72 .89 0
17:50 760.48 8.11 72 0 0
17:51 760.48 8.11 73 0 0
17:52 760.48 8.06 73 .89 0
17:53 760.48 8.06 73 .45 0
17:54 760.48 8.06 73 .89 0
17:55 760.48 8 73 1.34 0
17:56 760.48 8 73 1.34 0
17:57 760.48 8.06 73 1.34 0
17:58 760.48 8 73 .45 0
17:59 760.48 8 73 0 0
18:00 760.48 8 73 0 0
18:01 760.48 8 73 0 0
18:02 760.48 7.94 74 0 0
18:03 760.48 7.94 74 0 0
18:04 760.48 7.94 74 .45 0
18:05 760.48 7.89 74 .45 0
18:06 760.48 7.89 74 0 0
18:07 760.48 7.83 74 0 0
18:08 760.48 7.89 74 0 0
18:09 760.48 7.83 74 .45 0
18:10 760.48 7.83 74 .89 0
18:11 760.48 7.83 74 0 0
18:12 760.48 7.83 74 0 0
18:13 760.48 7.78 74 0 0
18:14 760.48 7.78 74 0 0
18:15 760.48 7.78 75 0 0
18:16 760.48 7.72 75 0 0
18:17 760.73 7.72 75 0 0
18:18 760.48 7.72 75 0 0
18:19 760.73 7.67 75 0 0
18:20 760.73 7.67 75 0 0
18:21 760.48 7.67 75 0 0
18:22 760.73 7.67 75 0 0
18:23 760.73 7.67 75 0 0
18:24 760.48 7.61 75 0 0
18:25 760.48 7.61 75 .45 0
18:26 760.73 7.61 75 0 0
18:27 760.73 7.56 75 0 0
18:28 760.73 7.56 75 0 0
18:29 760.73 7.56 75 0 0
18:30 760.48 7.56 76 0 0
18:31 760.73 7.56 76 0 0
18:32 760.73 7.5 76 0 0
18:33 760.73 7.5 77 0 0
18:34 760.73 7.44 77 0 0
18:35 760.73 7.44 77 0 0
18:36 760.48 7.44 77 0 0
18:37 760.73 7.39 77 0 0
18:38 760.73 7.33 77 0 0
18:39 760.73 7.33 78 0 0
18:40 760.48 7.33 77 0 0
18:41 760.73 7.33 78 0 0
18:42 760.48 7.28 78 0 0
18:43 760.48 7.28 78 0 0
18:44 760.48 7.22 78 0 0
18:45 760.48 7.22 78 0 0
18:46 760.48 7.22 78 0 0
18:47 760.48 7.17 78 0 0
18:48 760.48 7.17 78 0 0
18:49 760.48 7.17 78 0 0
18:50 760.48 7.17 78 0 0
18:51 760.48 7.17 78 0 0
18:52 760.48 7.17 78 0 0
18:53 760.48 7.17 78 0 0
18:54 760.48 7.11 78 0 0
18:55 760.48 7.11 79 0 0
18:56 760.48 7.17 79 0 0
18:57 760.48 7.11 79 0 0
18:58 760.48 7.06 79 0 0
18:59 760.48 7.06 80 0 0
19:00 760.48 7 80 0 0
19:01 760.48 6.94 80 0 0
19:02 760.48 6.94 80 0 0
19:03 760.48 6.89 80 0 0
19:04 760.48 6.83 81 0 0
19:05 760.48 6.83 81 0 0
19:06 760.48 6.78 81 0 0
19:07 760.48 6.72 81 0 0
19:08 760.48 6.72 81 0 0
19:09 760.48 6.67 81 0 0
19:10 760.48 6.67 81 0 0
19:11 760.48 6.67 81 0 0
19:12 760.48 6.61 81 0 0
19:13 760.48 6.56 81 0 0
19:14 760.48 6.56 81 0 0
19:15 760.48 6.56 81 0 0
19:16 760.48 6.5 81 0 0
19:17 760.48 6.5 81 0 0
19:18 760.48 6.44 81 0 0
19:19 760.48 6.44 82 0 0
19:20 760.48 6.5 82 0 0
19:21 760.48 6.5 82 0 0
19:22 760.48 6.5 82 0 0
19:23 760.48 6.5 82 .89 0
19:24 760.48 6.5 82 .89 0
19:25 760.48 6.5 82 .89 0
19:26 760.48 6.5 82 .89 0
19:27 760.48 6.44 82 .45 0
19:28 760.48 6.39 82 .45 0
19:29 760.48 6.39 82 .45 0
19:30 760.48 6.33 82 .45 0
19:31 760.48 6.28 82 .89 0
19:32 760.48 6.28 82 .45 0
19:33 760.48 6.22 82 .89 0
19:34 760.48 6.22 83 .45 0
19:35 760.48 6.17 83 0 0
19:36 760.48 6.17 83 0 0
19:37 760.48 6.17 83 0 0
19:38 760.48 6.11 83 0 0
19:39 760.48 6.11 83 0 0
19:40 760.48 6.11 83 0 0
19:41 760.48 6.06 83 0 0
19:42 760.48 6.06 83 0 0
19:43 760.48 6.06 83 0 0
19:44 760.48 6.06 83 .45 0
19:45 760.48 6 83 .45 0
19:46 760.48 5.94 84 .45 0
19:47 760.48 5.94 84 .45 0
19:48 760.48 5.94 84 .45 0
19:49 760.73 5.94 83 0 0
19:50 760.48 5.94 84 0 0
19:51 760.48 6 84 0 0
19:52 760.48 5.94 84 0 0
19:53 760.48 5.94 83 0 0
19:54 760.48 5.94 84 0 0
19:55 760.48 5.94 83 0 0
19:56 760.48 5.94 83 0 0
19:57 760.48 5.94 83 0 0
19:58 760.48 5.94 83 0 0
19:59 760.48 5.94 83 0 0
20:00 760.48 5.94 83 0 0
20:01 760.48 5.89 83 0 0
20:02 760.48 5.89 83 0 0
20:03 760.48 5.83 83 0 0
20:04 760.48 5.78 83 0 0
20:05 760.48 5.78 83 0 0
20:06 760.73 5.72 83 0 0
20:07 760.48 5.67 83 0 0
20:08 760.48 5.61 83 0 0
20:09 760.48 5.56 83 0 0
20:10 760.73 5.56 83 0 0
20:11 760.48 5.5 84 0 0
20:12 760.48 5.44 83 0 0
20:13 760.48 5.39 84 0 0
20:14 760.48 5.33 84 0 0
20:15 760.48 5.28 84 0 0
20:16 760.73 5.22 84 0 0
20:17 760.48 5.17 84 0 0
20:18 760.48 5.11 84 0 0
20:19 760.73 5.06 85 0 0
20:20 760.73 5.06 85 0 0
20:21 760.73 5 85 0 0
20:22 760.73 4.94 85 0 0
20:23 760.73 4.94 85 0 0
20:24 760.73 4.89 85 0 0
20:25 760.73 4.89 86 0 0
20:26 760.73 4.89 85 0 0
20:27 760.73 4.83 86 0 0
20:28 760.73 4.83 86 0 0
20:29 760.73 4.83 86 0 0
20:30 760.73 4.83 86 0 0
20:31 760.73 4.83 86 0 0
20:32 760.73 4.83 86 0 0
20:33 760.73 4.78 86 0 0
20:34 760.73 4.78 86 0 0
20:35 760.73 4.72 86 0 0
20:36 760.73 4.72 86 0 0
20:37 760.73 4.67 86 0 0
20:38 760.73 4.67 86 0 0
20:39 760.73 4.61 86 0 0
20:40 760.73 4.61 86 0 0
20:41 760.73 4.56 86 0 0
20:42 760.73 4.5 86 0 0
20:43 760.73 4.44 86 0 0
20:44 760.73 4.44 86 0 0
20:45 760.73 4.39 86 0 0
20:46 760.73 4.33 86 0 0
20:47 760.73 4.28 86 0 0
20:48 760.73 4.22 86 0 0
20:49 760.73 4.22 86 0 0
20:50 760.73 4.17 86 0 0
20:51 760.73 4.17 86 0 0
20:52 760.73 4.11 87 0 0
20:53 760.73 4.06 87 0 0
20:54 760.73 4.06 87 0 0
20:55 760.73 4.06 87 0 0
20:56 760.73 4 87 0 0
20:57 760.73 3.94 87 0 0
20:58 760.73 3.94 87 0 0
20:59 760.73 3.94 87 0 0
21:00 760.73 3.94 87 0 0
21:01 760.73 3.89 87 0 0
21:02 760.73 3.89 88 0 0
21:03 760.73 3.89 87 0 0
21:04 760.73 3.89 88 0 0
21:05 760.73 3.83 88 0 0
21:06 760.73 3.89 88 0 0
21:07 760.73 3.83 88 0 0
21:08 760.73 3.83 88 0 0
21:09 760.73 3.78 88 0 0
21:10 760.73 3.72 88 0 0
21:11 760.48 3.72 88 0 0
21:12 760.73 3.67 88 0 0
21:13 760.48 3.67 88 0 0
21:14 760.73 3.67 88 0 0
21:15 760.73 3.61 88 0 0
21:16 760.48 3.61 88 0 0
21:17 760.48 3.61 88 0 0
21:18 760.48 3.61 88 0 0
21:19 760.48 3.61 88 0 0
21:20 760.48 3.56 88 0 0
21:21 760.48 3.56 88 0 0
21:22 760.48 3.56 88 0 0
21:23 760.73 3.56 89 0 0
21:24 760.73 3.5 88 0 0
21:25 760.73 3.44 89 0 0
21:26 760.48 3.44 88 0 0
21:27 760.73 3.39 88 0 0
21:28 760.48 3.39 88 0 0
21:29 760.73 3.39 88 0 0
21:30 760.48 3.33 88 0 0
21:31 760.48 3.28 88 0 0
21:32 760.48 3.28 88 0 0
21:33 760.48 3.28 88 0 0
21:34 760.48 3.22 88 0 0
21:35 760.48 3.17 88 0 0
21:36 760.73 3.11 88 0 0
21:37 760.48 3.11 88 0 0
21:38 760.73 3.06 88 0 0
21:39 760.48 3.06 89 0 0
21:40 760.48 3.06 89 0 0
21:41 760.73 3.06 89 0 0
21:42 760.48 3.06 89 0 0
21:43 760.48 3.06 89 0 0
21:44 760.48 3.06 89 0 0
21:45 760.48 3.06 89 0 0
21:46 760.48 3.06 89 0 0
21:47 760.48 3 89 0 0
21:48 760.48 3 89 0 0
21:49 760.48 3.06 89 0 0
21:50 760.48 3 89 0 0
21:51 760.48 3 89 0 0
21:52 760.73 3 89 0 0
21:53 760.48 3 89 0 0
21:54 760.48 3 89 0 0
21:55 760.48 3 89 0 0
21:56 760.48 3 89 0 0
21:57 760.73 3 89 0 0
21:58 760.73 2.94 89 0 0
21:59 760.73 2.94 89 0 0
22:00 760.73 2.89 89 0 0
22:01 760.48 2.83 89 0 0
22:02 760.48 2.83 89 0 0
22:03 760.48 2.83 89 0 0
22:04 760.73 2.78 89 0 0
22:05 760.73 2.78 89 0 0
22:06 760.73 2.72 89 0 0
22:07 760.73 2.72 89 0 0
22:08 760.73 2.67 89 0 0
22:09 760.73 2.67 89 0 0
22:10 760.73 2.67 89 0 0
22:11 760.73 2.61 89 0 0
22:12 760.73 2.61 89 0 0
22:13 760.73 2.61 89 0 0
22:14 760.73 2.56 89 0 0
22:15 760.73 2.56 89 0 0
22:16 760.73 2.56 89 0 0
22:17 760.73 2.56 89 0 0
22:18 760.73 2.56 89 0 0
22:19 760.48 2.56 89 0 0
22:20 760.48 2.56 89 0 0
22:21 760.73 2.56 90 0 0
22:22 760.73 2.56 90 0 0
22:23 760.73 2.56 90 0 0
22:24 760.73 2.56 90 0 0
22:25 760.73 2.56 90 0 0
22:26 760.73 2.56 90 0 0
22:27 760.73 2.56 90 0 0
22:28 760.73 2.56 90 0 0
22:29 760.73 2.56 90 0 0
22:30 760.73 2.5 90 0 0
22:31 760.73 2.5 90 0 0
22:32 760.73 2.44 90 0 0
22:33 760.73 2.44 90 0 0
22:34 760.73 2.39 90 0 0
22:35 760.73 2.39 89 0 0
22:36 760.73 2.33 89 0 0
22:37 760.73 2.33 90 0 0
22:38 760.73 2.28 89 0 0
22:39 760.73 2.28 89 0 0
22:40 760.73 2.22 89 0 0
22:41 760.73 2.17 89 0 0
22:42 760.73 2.17 89 0 0
22:43 760.73 2.17 89 0 0
22:44 760.73 2.11 90 0 0
22:45 760.73 2.11 90 0 0
22:46 760.73 2.11 90 0 0
22:47 760.73 2.06 90 0 0
22:48 760.73 2.06 90 0 0
22:49 760.73 2.06 90 0 0
22:50 760.73 2 89 0 0
22:51 760.73 2.06 89 0 0
22:52 760.73 2 89 0 0
22:53 760.73 1.94 90 0 0
22:54 760.73 2 90 0 0
22:55 760.73 2 90 0 0
22:56 760.73 2 90 0 0
22:57 760.73 2 90 0 0
22:58 760.73 2.06 90 0 0
22:59 760.73 2.06 90 0 0
23:00 760.73 2.06 90 0 0
23:01 760.73 2.11 90 0 0
23:02 760.73 2.06 90 0 0
23:03 760.73 2.11 90 0 0
23:04 760.73 2.11 90 0 0
23:05 760.73 2.11 90 0 0
23:06 760.73 2.11 90 0 0
23:07 760.73 2.11 90 0 0
23:08 760.73 2.11 90 0 0
23:09 760.73 2.11 90 0 0
23:10 760.73 2.11 90 0 0
23:11 760.73 2.17 90 0 0
23:12 760.73 2.17 90 0 0
23:13 760.73 2.11 90 0 0
23:14 760.73 2.17 90 0 0
23:15 760.73 2.17 90 0 0
23:16 760.73 2.22 90 0 0
23:17 760.73 2.22 90 0 0
23:18 760.73 2.28 90 0 0
23:19 760.73 2.28 91 0 0
23:20 760.73 2.33 91 0 0
23:21 760.73 2.33 91 0 0
23:22 760.73 2.33 91 0 0
23:23 760.73 2.39 91 0 0
23:24 760.73 2.39 91 0 0
23:25 760.98 2.44 91 0 0
23:26 760.73 2.44 91 0 0
23:27 760.73 2.5 91 0 0
23:28 760.73 2.5 91 0 0
23:29 760.73 2.56 91 0 0
23:30 760.98 2.61 91 0 0
23:31 760.73 2.61 91 0 0
23:32 760.73 2.61 91 0 0
23:33 760.73 2.61 91 0 0
23:34 760.73 2.61 91 0 0
23:35 760.73 2.56 91 0 0
23:36 760.73 2.56 91 0 0
23:37 760.73 2.56 91 0 0
23:38 760.73 2.56 91 0 0
23:39 760.73 2.61 91 0 0
23:40 760.73 2.56 91 0 0
23:41 760.73 2.61 91 0 0
23:42 760.73 2.56 90 0 0
23:43 760.98 2.61 90 0 0
23:44 760.73 2.61 90 0 0
23:45 760.73 2.61 90 0 0
23:46 760.73 2.56 90 0 0
23:47 760.73 2.61 90 0 0
23:48 760.73 2.61 90 0 0
23:49 760.73 2.61 90 0 0
23:50 760.73 2.61 90 0 0
23:51 760.73 2.61 90 0 0
23:52 760.73 2.61 90 0 0
23:53 760.73 2.61 90 0 0
23:54 760.73 2.67 90 0 0
23:55 760.73 2.61 90 0 0
23:56 760.73 2.61 90 0 0
23:57 760.73 2.67 90 0 0
23:58 760.73 2.67 91 0 0
23:59 760.73 2.67 91 0 0
