00:00 748.03 10.17 88 1.34 0
00:01 748.03 10.17 88 1.34 0
00:02 748.03 10.11 88 .89 0
00:03 748.03 10.06 88 .45 0
00:04 748.03 10.11 88 .89 0
00:05 748.03 10.06 88 .89 0
00:06 748.03 10.06 88 .89 0
00:07 748.03 10.06 88 .89 0
00:08 748.03 10.06 88 .45 0
00:09 748.03 10.06 88 .45 0
00:10 748.03 10 88 .89 0
00:11 748.03 10.06 88 .89 0
00:12 748.03 10 88 .89 0
00:13 748.03 10 88 .45 0
00:14 748.03 10 88 .89 0
00:15 748.03 10 88 .89 0
00:16 748.03 10 88 1.34 0
00:17 748.03 9.94 88 .89 0
00:18 748.03 9.94 88 .89 0
00:19 748.03 9.94 88 .89 0
00:20 748.03 9.94 88 .89 0
00:21 748.03 9.83 88 1.34 0
00:22 748.03 9.89 88 1.34 0
00:23 748.03 9.83 89 1.34 0
00:24 748.03 9.83 89 1.34 0
00:25 748.03 9.83 89 1.34 0
00:26 748.03 9.83 89 1.34 0
00:27 748.03 9.83 89 1.34 0
00:28 748.03 9.78 89 .89 0
00:29 748.03 9.78 89 .89 0
00:30 748.03 9.78 89 .89 0
00:31 748.03 9.72 88 .89 0
00:32 748.03 9.72 89 .89 0
00:33 748.03 9.72 89 .89 0
00:34 748.03 9.72 89 .45 0
00:35 748.03 9.67 89 .89 0
00:36 748.03 9.67 89 .45 0
00:37 748.03 9.67 89 .89 0
00:38 748.03 9.72 89 .89 0
00:39 748.03 9.67 89 .89 0
00:40 748.03 9.67 89 .45 0
00:41 748.03 9.67 89 .89 0
00:42 748.03 9.67 89 .89 0
00:43 747.78 9.67 89 .89 0
00:44 748.03 9.67 89 .89 0
00:45 748.03 9.61 89 .89 0
00:46 748.03 9.61 89 .89 0
00:47 748.03 9.56 89 .89 0
00:48 748.03 9.56 89 .89 0
00:49 748.03 9.56 89 .45 0
00:50 748.03 9.5 89 .89 0
00:51 748.03 9.5 89 .45 0
00:52 748.03 9.5 89 .45 0
00:53 748.03 9.5 89 .89 0
00:54 748.03 9.5 89 .45 0
00:55 748.03 9.5 89 .89 0
00:56 748.03 9.5 89 .89 0
00:57 748.03 9.5 89 .89 0
00:58 748.03 9.44 89 .45 0
00:59 748.03 9.5 89 .89 0
01:00 747.78 9.5 89 .89 0
01:01 748.03 9.44 89 .89 0
01:02 748.03 9.44 89 .89 0
01:03 748.03 9.44 89 .45 0
01:04 748.03 9.44 89 .89 0
01:05 748.03 9.39 89 .89 0
01:06 748.03 9.44 89 .45 0
01:07 748.03 9.39 89 .45 0
01:08 748.03 9.33 89 .89 0
01:09 748.03 9.33 89 .45 0
01:10 748.03 9.33 89 .45 0
01:11 748.03 9.33 89 .89 0
01:12 748.03 9.33 89 .45 0
01:13 748.03 9.33 89 .89 0
01:14 748.03 9.28 89 .89 0
01:15 748.03 9.28 90 .89 0
01:16 748.03 9.22 89 1.34 0
01:17 748.03 9.22 89 .89 0
01:18 748.03 9.17 89 .89 0
01:19 748.03 9.17 89 .89 0
01:20 748.03 9.11 89 1.34 0
01:21 747.78 9.06 89 .89 0
01:22 747.78 9.06 89 1.34 0
01:23 748.03 9.06 89 .89 0
01:24 748.03 9.06 89 .89 0
01:25 747.78 9.06 90 .89 0
01:26 748.03 9.06 90 .89 0
01:27 748.03 9 90 .89 0
01:28 747.78 9 90 1.34 0
01:29 748.03 8.94 90 .89 0
01:30 747.78 8.94 90 1.34 0
01:31 748.03 8.94 90 .89 0
01:32 747.78 8.89 90 .89 0
01:33 748.03 8.89 90 .89 0
01:34 748.03 8.89 90 .89 0
01:35 748.03 8.89 90 .89 0
01:36 747.78 8.83 90 1.34 0
01:37 747.78 8.89 90 .45 0
01:38 748.03 8.83 90 .89 0
01:39 748.03 8.89 90 .89 0
01:40 748.03 8.89 90 .89 0
01:41 748.03 8.89 90 .89 0
01:42 748.03 8.89 90 .89 0
01:43 748.03 8.83 90 .89 0
01:44 747.78 8.83 90 .45 0
01:45 748.03 8.83 90 .89 0
01:46 747.78 8.83 90 .89 0
01:47 748.03 8.78 90 .89 0
01:48 748.03 8.78 90 .89 0
01:49 747.78 8.78 90 .89 0
01:50 747.78 8.72 90 .89 0
01:51 748.03 8.72 90 .45 0
01:52 747.78 8.72 90 .45 0
01:53 747.78 8.67 90 .45 0
01:54 747.78 8.61 90 .45 0
01:55 747.78 8.61 90 .45 0
01:56 748.03 8.56 90 .89 0
01:57 748.03 8.5 90 .45 0
01:58 748.03 8.44 90 .45 0
01:59 748.03 8.39 90 .89 0
02:00 748.03 8.33 90 .89 0
02:01 748.03 8.28 90 .89 0
02:02 748.03 8.22 90 .45 0
02:03 748.03 8.17 90 .89 0
02:04 748.03 8.11 90 .45 0
02:05 748.03 8.11 90 .45 0
02:06 748.03 8.06 90 1.34 0
02:07 748.03 8 90 .89 0
02:08 748.03 8 90 .89 0
02:09 748.03 7.94 90 .89 0
02:10 748.03 7.94 90 .89 0
02:11 748.03 7.89 90 .89 0
02:12 748.03 7.83 90 .89 0
02:13 748.03 7.83 90 .89 0
02:14 748.03 7.78 90 .89 0
02:15 748.03 7.78 90 .89 0
02:16 748.03 7.72 90 .89 0
02:17 748.03 7.72 90 1.34 0
02:18 748.03 7.72 90 .89 0
02:19 748.03 7.67 90 1.34 0
02:20 748.03 7.67 90 .89 0
02:21 748.03 7.67 90 1.34 0
02:22 748.03 7.67 90 1.34 0
02:23 748.03 7.67 90 .89 0
02:24 748.03 7.67 91 1.34 0
02:25 748.03 7.72 91 .89 0
02:26 748.03 7.83 91 .89 0
02:27 748.03 7.83 91 .89 0
02:28 748.03 7.89 91 .89 0
02:29 748.03 7.94 91 .89 0
02:30 748.03 8 91 .89 0
02:31 748.03 8.06 91 .89 0
02:32 748.03 8.11 91 .89 0
02:33 748.03 8.11 91 .89 0
02:34 748.03 8.17 91 .89 0
02:35 748.03 8.22 91 .89 0
02:36 748.03 8.22 91 .89 0
02:37 748.03 8.22 91 0 0
02:38 748.03 8.28 91 0 0
02:39 748.03 8.22 91 0 0
02:40 748.03 8.28 92 0 0
02:41 748.03 8.28 92 0 0
02:42 748.03 8.28 91 0 0
02:43 748.03 8.28 91 0 0
02:44 748.03 8.33 92 0 0
02:45 748.03 8.28 92 0 0
02:46 748.03 8.28 92 0 0
02:47 748.03 8.28 91 0 0
02:48 748.03 8.28 91 0 0
02:49 748.03 8.28 91 0 0
02:50 748.03 8.28 91 0 0
02:51 748.03 8.28 91 0 0
02:52 748.03 8.28 91 0 0
02:53 748.03 8.28 91 0 0
02:54 748.03 8.28 91 0 0
02:55 748.03 8.22 91 0 0
02:56 748.03 8.17 91 0 0
02:57 748.03 8.11 91 0 0
02:58 748.03 8.11 91 0 0
02:59 748.03 8.06 91 0 0
03:00 748.03 8 91 0 0
03:01 748.03 7.94 91 0 0
03:02 748.03 7.94 91 .89 0
03:03 748.03 7.89 91 1.34 0
03:04 748.03 7.89 91 1.34 0
03:05 748.03 7.89 91 1.34 0
03:06 747.78 7.89 91 1.79 0
03:07 748.03 7.89 91 .89 0
03:08 748.03 7.83 91 .89 0
03:09 748.03 7.83 91 .89 0
03:10 748.03 7.78 91 .89 0
03:11 748.03 7.72 91 .45 0
03:12 748.03 7.78 91 .45 0
03:13 748.03 7.72 91 0 0
03:14 748.03 7.67 91 0 0
03:15 748.03 7.56 91 0 0
03:16 748.03 7.56 91 0 0
03:17 748.03 7.44 91 0 0
03:18 748.03 7.39 91 0 0
03:19 748.03 7.39 91 0 0
03:20 748.03 7.39 91 0 0
03:21 748.03 7.39 91 0 0
03:22 748.03 7.44 91 0 0
03:23 748.03 7.44 91 0 0
03:24 748.03 7.39 91 0 0
03:25 748.03 7.39 91 0 0
03:26 748.03 7.39 91 0 0
03:27 748.03 7.33 91 0 0
03:28 748.03 7.33 91 0 0
03:29 748.03 7.33 91 0 0
03:30 748.03 7.39 91 0 0
03:31 748.03 7.39 91 0 0
03:32 748.03 7.44 91 0 0
03:33 748.03 7.5 91 0 0
03:34 748.03 7.5 92 0 0
03:35 748.28 7.5 92 0 0
03:36 748.03 7.56 92 0 0
03:37 748.03 7.56 92 0 0
03:38 748.28 7.56 91 0 0
03:39 748.28 7.56 92 0 0
03:40 748.03 7.61 92 0 0
03:41 748.03 7.61 92 0 0
03:42 748.28 7.61 92 0 0
03:43 748.28 7.67 92 0 0
03:44 748.28 7.67 92 0 0
03:45 748.03 7.61 92 0 0
03:46 748.03 7.61 92 0 0
03:47 748.28 7.67 92 0 0
03:48 748.03 7.67 92 0 0
03:49 748.28 7.72 92 0 0
03:50 748.03 7.72 92 0 0
03:51 748.28 7.67 92 0 0
03:52 748.28 7.67 92 0 0
03:53 748.03 7.72 92 0 0
03:54 748.28 7.72 92 0 0
03:55 748.03 7.78 92 0 0
03:56 748.28 7.78 92 0 0
03:57 748.28 7.78 92 0 0
03:58 748.28 7.83 92 0 0
03:59 748.28 7.83 92 0 0
04:00 748.28 7.89 92 0 0
04:01 748.28 7.83 92 0 0
04:02 748.28 7.89 92 0 0
04:03 748.28 7.89 92 0 0
04:04 748.28 7.89 92 0 0
04:05 748.28 7.89 92 0 0
04:06 748.28 7.89 92 0 0
04:07 748.28 7.94 92 0 0
04:08 748.03 7.94 92 0 0
04:09 748.03 7.94 92 0 0
04:10 748.03 8 92 0 0
04:11 748.03 8 92 0 0
04:12 748.03 8 92 0 0
04:13 748.03 8.06 92 0 0
04:14 748.03 8.06 92 0 0
04:15 748.03 8.06 92 0 0
04:16 748.28 8.06 92 0 0
04:17 748.03 8.06 92 0 0
04:18 748.03 8.06 92 0 0
04:19 748.03 8.06 92 0 0
04:20 748.03 8.06 92 0 0
04:21 748.03 8.06 92 0 0
04:22 748.03 8 92 0 0
04:23 748.03 8 92 0 0
04:24 748.28 7.94 92 0 0
04:25 748.28 7.94 92 0 0
04:26 748.28 7.83 92 0 0
04:27 748.28 7.78 92 0 0
04:28 748.28 7.78 92 0 0
04:29 748.03 7.78 92 0 0
04:30 748.28 7.78 91 0 0
04:31 748.03 7.78 92 1.34 0
04:32 748.03 7.78 92 1.34 0
04:33 748.03 7.83 92 .89 0
04:34 748.03 7.89 92 1.34 0
04:35 748.28 7.89 92 1.34 0
04:36 748.28 7.94 92 1.34 0
04:37 748.28 8 92 1.34 0
04:38 748.03 8 92 2.24 0
04:39 748.03 8.06 92 1.79 0
04:40 748.03 8.06 92 1.79 0
04:41 748.03 8.17 92 .89 0
04:42 748.03 8.22 92 1.79 0
04:43 748.03 8.28 92 .89 0
04:44 748.28 8.28 92 .45 0
04:45 748.03 8.28 92 .89 0
04:46 748.03 8.33 92 .89 0
04:47 748.03 8.33 92 .89 0
04:48 748.03 8.39 92 .45 0
04:49 748.28 8.33 92 .45 0
04:50 748.03 8.44 92 .45 0
04:51 748.28 8.39 92 .45 0
04:52 748.03 8.44 92 .45 0
04:53 748.03 8.44 92 .89 0
04:54 748.03 8.44 92 .89 0
04:55 748.28 8.5 92 .45 0
04:56 748.28 8.5 92 .45 0
04:57 748.28 8.56 92 .89 0
04:58 748.28 8.56 92 .45 0
04:59 748.28 8.56 92 .89 0
05:00 748.28 8.56 92 .45 0
05:01 748.28 8.61 92 .89 0
05:02 748.03 8.67 92 1.34 0
05:03 748.03 8.72 92 .89 0
05:04 748.28 8.72 92 .89 0
05:05 748.28 8.78 92 1.34 0
05:06 748.28 8.78 92 1.34 0
05:07 748.28 8.78 92 .89 0
05:08 748.28 8.83 92 1.34 0
05:09 748.28 8.83 92 1.79 0
05:10 748.28 8.83 92 .89 0
05:11 748.28 8.89 92 .89 0
05:12 748.28 8.89 92 1.79 0
05:13 748.28 8.89 92 1.79 0
05:14 748.28 8.94 92 1.79 0
05:15 748.28 8.94 92 .89 0
05:16 748.28 9 92 .89 0
05:17 748.28 9 92 .89 0
05:18 748.28 9 92 1.79 0
05:19 748.28 9.06 92 1.79 0
05:20 748.28 9.06 92 1.34 0
05:21 748.28 9.11 92 1.79 0
05:22 748.28 9.11 92 .89 0
05:23 748.28 9.11 92 1.79 0
05:24 748.28 9.17 92 .89 0
05:25 748.03 9.17 92 1.79 0
05:26 748.03 9.17 92 1.34 0
05:27 748.28 9.22 92 .89 0
05:28 748.28 9.17 92 .89 0
05:29 748.28 9.22 92 .89 0
05:30 748.28 9.28 92 .89 0
05:31 748.03 9.28 92 .89 0
05:32 748.28 9.28 92 .89 0
05:33 748.28 9.22 92 .89 0
05:34 748.28 9.28 92 1.34 0
05:35 748.28 9.33 92 1.34 0
05:36 748.28 9.33 92 1.34 0
05:37 748.28 9.33 92 1.34 0
05:38 748.28 9.33 92 1.34 0
05:39 748.28 9.33 92 1.79 0
05:40 748.28 9.33 92 1.79 0
05:41 748.28 9.33 92 1.79 0
05:42 748.28 9.33 92 .89 0
05:43 748.28 9.33 92 1.34 0
05:44 748.28 9.33 92 1.79 0
05:45 748.28 9.39 92 1.34 0
05:46 748.28 9.39 92 1.34 0
05:47 748.28 9.39 91 1.79 0
05:48 748.28 9.44 91 1.34 0
05:49 748.28 9.44 91 1.79 0
05:50 748.28 9.44 91 1.79 0
05:51 748.28 9.44 91 1.79 0
05:52 748.28 9.5 91 1.34 0
05:53 748.28 9.5 91 1.79 0
05:54 748.28 9.5 91 1.34 0
05:55 748.28 9.56 91 1.34 0
05:56 748.28 9.56 91 1.79 0
05:57 748.28 9.56 91 1.34 0
05:58 748.28 9.56 91 2.24 0
05:59 748.28 9.61 91 1.79 0
06:00 748.28 9.61 91 2.24 0
06:01 748.28 9.67 91 1.79 0
06:02 748.28 9.67 91 1.79 0
06:03 748.28 9.72 91 1.34 0
06:04 748.28 9.72 91 .89 0
06:05 748.28 9.78 91 .89 0
06:06 748.28 9.78 90 .89 0
06:07 748.28 9.78 90 .89 0
06:08 748.28 9.83 91 1.34 0
06:09 748.28 9.83 90 .89 0
06:10 748.28 9.83 90 .89 0
06:11 748.28 9.83 90 1.34 0
06:12 748.28 9.83 90 .89 0
06:13 748.28 9.83 90 .89 0
06:14 748.28 9.89 90 1.34 0
06:15 748.28 9.89 90 1.34 0
06:16 748.28 9.89 90 .89 0
06:17 748.28 9.89 90 .89 0
06:18 748.28 9.94 90 1.34 0
06:19 748.28 9.94 90 1.34 0
06:20 748.28 9.89 90 .89 0
06:21 748.28 9.94 90 .89 0
06:22 748.28 9.94 90 .45 0
06:23 748.28 9.94 90 .89 0
06:24 748.28 9.94 90 .89 0
06:25 748.28 10 90 .89 0
06:26 748.28 10 90 1.34 0
06:27 748.28 10.06 90 .45 0
06:28 748.28 10.06 90 0 0
06:29 748.28 10.06 90 0 0
06:30 748.28 10.06 90 0 0
06:31 748.28 10.11 90 0 0
06:32 748.28 10.11 90 0 0
06:33 748.28 10.11 90 0 0
06:34 748.28 10.17 90 0 0
06:35 748.28 10.17 90 0 0
06:36 748.28 10.17 90 0 0
06:37 748.28 10.17 90 0 0
06:38 748.28 10.22 90 0 0
06:39 748.28 10.17 90 0 0
06:40 748.28 10.17 89 0 0
06:41 748.28 10.17 89 0 0
06:42 748.28 10.22 89 0 0
06:43 748.28 10.22 89 0 0
06:44 748.28 10.22 89 0 0
06:45 748.28 10.22 89 0 0
06:46 748.28 10.22 89 .89 0
06:47 748.28 10.22 89 .89 0
06:48 748.28 10.22 89 .45 0
06:49 748.28 10.28 89 .45 0
06:50 748.28 10.28 90 .89 0
06:51 748.28 10.28 89 .45 0
06:52 748.28 10.28 89 .89 0
06:53 748.54 10.28 89 .89 0
06:54 748.28 10.28 89 .89 0
06:55 748.28 10.28 89 .45 0
06:56 748.28 10.28 89 .89 0
06:57 748.28 10.28 89 .45 0
06:58 748.28 10.33 89 .89 0
06:59 748.28 10.33 89 0 0
07:00 748.28 10.33 89 0 0
07:01 748.28 10.33 90 0 0
07:02 748.28 10.39 89 0 0
07:03 748.28 10.39 89 0 0
07:04 748.28 10.39 89 0 0
07:05 748.28 10.39 90 0 0
07:06 748.28 10.44 90 1.34 0
07:07 748.28 10.44 90 .45 0
07:08 748.28 10.44 90 0 0
07:09 748.28 10.5 89 .89 0
07:10 748.28 10.5 90 1.34 0
07:11 748.28 10.5 89 1.34 0
07:12 748.28 10.5 89 .89 0
07:13 748.28 10.56 89 .45 0
07:14 748.28 10.56 89 .89 0
07:15 748.28 10.56 89 .45 0
07:16 748.28 10.61 89 .89 0
07:17 748.28 10.61 89 .45 0
07:18 748.28 10.67 89 .89 0
07:19 748.28 10.72 89 .89 0
07:20 748.28 10.72 89 .89 0
07:21 748.28 10.78 89 .89 0
07:22 748.28 10.78 89 1.34 0
07:23 748.28 10.78 89 .89 0
07:24 748.28 10.83 89 .89 0
07:25 748.28 10.78 89 .45 0
07:26 748.28 10.83 89 .89 0
07:27 748.28 10.89 89 .89 0
07:28 748.28 10.94 89 .89 0
07:29 748.28 10.94 89 .89 0
07:30 748.28 10.94 88 .89 0
07:31 748.28 11 88 .89 0
07:32 748.28 11.06 88 .89 0
07:33 748.28 11.11 88 .89 0
07:34 748.28 11.11 88 .45 0
07:35 748.28 11.11 88 .89 0
07:36 748.28 11.11 88 .45 0
07:37 748.28 11.17 88 .45 0
07:38 748.28 11.22 88 .89 0
07:39 748.28 11.22 88 .89 0
07:40 748.28 11.28 88 .89 0
07:41 748.28 11.28 87 1.34 0
07:42 748.28 11.28 87 1.34 0
07:43 748.28 11.33 87 .89 0
07:44 748.28 11.33 87 .45 0
07:45 748.28 11.33 86 1.34 0
07:46 748.28 11.33 86 2.68 0
07:47 748.28 11.39 86 1.79 0
07:48 748.28 11.44 86 .45 0
07:49 748.28 11.44 86 1.34 0
07:50 748.28 11.5 86 1.34 0
07:51 748.28 11.56 86 2.68 0
07:52 748.28 11.56 86 2.68 0
07:53 748.28 11.56 85 1.34 0
07:54 748.28 11.56 85 1.79 0
07:55 748.28 11.56 85 1.79 0
07:56 748.28 11.67 85 .89 0
07:57 748.28 11.61 85 .89 0
07:58 748.28 11.67 85 1.79 0
07:59 748.28 11.72 85 1.79 0
08:00 748.28 11.72 84 1.34 0
08:01 748.28 11.72 84 1.34 0
08:02 748.28 11.78 84 .45 0
08:03 748.28 11.83 85 .45 0
08:04 748.28 11.83 85 1.79 0
08:05 748.28 11.89 84 1.79 0
08:06 748.28 11.89 84 1.79 0
08:07 748.28 11.89 84 1.34 0
08:08 748.28 11.94 84 1.79 0
08:09 748.28 12 84 1.34 0
08:10 748.28 12 84 1.34 0
08:11 748.28 12.06 84 1.34 0
08:12 748.28 12.06 83 1.34 0
08:13 748.28 12.06 83 1.34 0
08:14 748.28 12.11 83 .45 0
08:15 748.28 12.11 83 1.79 0
08:16 748.28 12.11 83 .89 0
08:17 748.28 12.17 83 1.34 0
08:18 748.28 12.22 83 1.34 0
08:19 748.28 12.22 83 1.34 0
08:20 748.28 12.28 83 1.79 0
08:21 748.28 12.28 83 1.34 0
08:22 748.28 12.33 83 1.34 0
08:23 748.28 12.28 83 1.34 0
08:24 748.28 12.33 83 1.34 0
08:25 748.28 12.39 83 1.34 0
08:26 748.28 12.39 83 1.34 0
08:27 748.28 12.39 83 .89 0
08:28 748.28 12.44 83 .45 0
08:29 748.28 12.44 83 2.24 0
08:30 748.28 12.44 82 1.79 0
08:31 748.28 12.44 82 1.34 0
08:32 748.28 12.44 82 1.79 0
08:33 748.28 12.44 82 1.79 0
08:34 748.28 12.44 82 1.34 0
08:35 748.28 12.5 82 .45 0
08:36 748.28 12.5 82 .89 0
08:37 748.28 12.56 82 .89 0
08:38 748.28 12.56 82 1.79 0
08:39 748.28 12.61 82 .45 0
08:40 748.28 12.67 82 1.34 0
08:41 748.28 12.67 82 1.34 0
08:42 748.28 12.72 82 .45 0
08:43 748.28 12.72 82 1.34 0
08:44 748.28 12.78 82 .45 0
08:45 748.28 12.83 81 1.34 0
08:46 748.28 12.83 82 1.34 0
08:47 748.28 12.83 81 1.34 0
08:48 748.28 12.83 81 1.34 0
08:49 748.28 12.83 81 .89 0
08:50 748.28 12.83 81 .89 0
08:51 748.28 12.83 81 1.34 0
08:52 748.28 12.89 81 .45 0
08:53 748.28 12.89 81 .89 0
08:54 748.28 13 81 2.24 0
08:55 748.28 13 81 2.68 0
08:56 748.28 13.06 81 .89 0
08:57 748.28 13.06 81 1.79 0
08:58 748.28 13.06 80 1.34 0
08:59 748.28 13.06 80 .89 0
09:00 748.28 13.06 80 2.68 0
09:01 748.28 13.06 80 1.79 0
09:02 748.28 13.11 80 1.34 0
09:03 748.28 13.17 80 .89 0
09:04 748.28 13.17 80 1.79 0
09:05 748.28 13.17 80 .89 0
09:06 748.28 13.22 80 1.79 0
09:07 748.28 13.22 80 .89 0
09:08 748.28 13.28 80 .89 0
09:09 748.03 13.28 80 3.58 0
09:10 748.28 13.33 80 .89 0
09:11 748.28 13.39 80 2.68 0
09:12 748.28 13.39 79 2.24 0
09:13 748.28 13.39 79 2.24 0
09:14 748.28 13.39 79 3.58 0
09:15 748.28 13.39 79 4.02 0
09:16 748.28 13.39 78 2.24 0
09:17 748.03 13.39 78 2.24 0
09:18 748.03 13.33 79 2.24 0
09:19 748.03 13.39 79 .89 0
09:20 748.03 13.39 79 2.24 0
09:21 748.03 13.39 79 2.68 0
09:22 748.03 13.44 79 1.79 0
09:23 748.28 13.44 79 1.79 0
09:24 748.28 13.44 79 1.79 0
09:25 748.03 13.44 79 1.34 0
09:26 748.03 13.44 79 .89 0
09:27 748.03 13.44 79 1.34 0
09:28 748.28 13.5 79 1.34 0
09:29 748.28 13.5 80 .89 0
09:30 748.03 13.56 80 .45 0
09:31 748.28 13.56 80 1.34 0
09:32 748.28 13.61 80 1.79 0
09:33 748.28 13.67 80 .89 0
09:34 748.28 13.67 80 1.34 0
09:35 748.28 13.72 79 .89 0
09:36 748.03 13.72 79 1.34 0
09:37 748.28 13.72 79 1.34 0
09:38 748.28 13.72 79 1.34 0
09:39 748.28 13.72 79 .89 0
09:40 748.28 13.78 79 1.34 0
09:41 748.28 13.78 79 .89 0
09:42 748.28 13.83 79 .89 0
09:43 748.28 13.83 79 .45 0
09:44 748.28 13.89 79 1.34 0
09:45 748.28 13.89 78 1.34 0
09:46 748.28 13.89 78 1.79 0
09:47 748.03 13.94 79 .89 0
09:48 748.28 14 79 .45 0
09:49 748.03 14.06 79 1.34 0
09:50 748.03 14.06 78 1.34 0
09:51 748.03 14.11 78 .89 0
09:52 748.03 14.17 79 .89 0
09:53 748.03 14.22 78 1.79 0
09:54 748.03 14.22 77 1.79 0
09:55 748.03 14.28 77 2.24 0
09:56 748.03 14.28 76 1.34 0
09:57 748.03 14.28 77 1.79 0
09:58 748.03 14.28 77 1.34 0
09:59 748.03 14.33 77 .89 0
10:00 748.03 14.33 77 .89 0
10:01 748.03 14.33 77 0 0
10:02 748.03 14.39 77 .89 0
10:03 748.03 14.44 77 2.24 0
10:04 748.03 14.44 77 1.79 0
10:05 748.28 14.5 77 1.34 0
10:06 748.03 14.5 76 1.79 0
10:07 748.03 14.56 75 1.79 0
10:08 748.03 14.56 76 2.24 0
10:09 748.03 14.56 76 .89 0
10:10 748.03 14.61 76 1.34 0
10:11 748.03 14.67 75 1.34 0
10:12 748.03 14.67 75 .45 0
10:13 748.03 14.67 76 .89 0
10:14 748.03 14.72 76 .89 0
10:15 748.03 14.72 76 1.34 0
10:16 748.03 14.78 76 .89 0
10:17 748.03 14.78 76 1.34 0
10:18 748.03 14.83 76 1.34 0
10:19 748.03 14.89 76 1.34 0
10:20 748.03 14.89 76 .45 0
10:21 748.03 14.94 76 2.68 0
10:22 748.03 14.94 74 2.24 0
10:23 748.03 15 74 1.34 0
10:24 748.03 15.06 75 .89 0
10:25 748.03 15.11 75 .89 0
10:26 748.03 15.11 74 2.24 0
10:27 748.03 15.17 74 1.79 0
10:28 748.03 15.17 74 2.24 0
10:29 748.03 15.22 73 2.24 0
10:30 748.03 15.22 73 2.24 0
10:31 748.03 15.22 73 1.79 0
10:32 748.03 15.28 73 1.34 0
10:33 748.03 15.28 73 .89 0
10:34 748.03 15.33 73 1.79 0
10:35 748.03 15.33 73 1.34 0
10:36 748.03 15.33 73 1.79 0
10:37 748.03 15.33 72 2.68 0
10:38 748.03 15.33 72 1.34 0
10:39 748.03 15.33 71 1.34 0
10:40 748.03 15.39 72 .89 0
10:41 748.03 15.39 73 1.79 0
10:42 748.03 15.39 72 1.79 0
10:43 748.03 15.39 72 2.24 0
10:44 748.03 15.39 72 1.34 0
10:45 748.03 15.44 73 1.79 0
10:46 748.03 15.44 73 1.79 0
10:47 748.03 15.5 72 1.34 0
10:48 748.03 15.56 72 .89 0
10:49 748.03 15.61 72 1.79 0
10:50 748.03 15.61 72 1.34 0
10:51 748.03 15.67 72 .89 0
10:52 748.03 15.72 72 .45 0
10:53 748.03 15.78 72 2.68 0
10:54 748.03 15.78 71 3.13 0
10:55 748.03 15.83 71 3.58 0
10:56 748.03 15.89 70 2.24 0
10:57 748.03 15.94 70 4.02 0
10:58 748.03 15.94 69 2.24 0
10:59 748.03 15.94 70 3.58 0
11:00 748.03 16 70 2.24 0
11:01 748.03 16.06 69 4.02 0
11:02 748.03 16.11 69 .89 0
11:03 747.78 16.17 68 .45 0
11:04 747.78 16.28 67 2.24 0
11:05 747.78 16.39 67 2.68 0
11:06 747.78 16.39 68 6.71 0
11:07 747.78 16.44 65 2.24 0
11:08 747.78 16.5 66 4.47 0
11:09 747.78 16.56 64 4.02 0
11:10 747.78 16.56 63 3.58 0
11:11 747.78 16.56 63 2.24 0
11:12 747.78 16.56 64 4.02 0
11:13 747.78 16.56 65 1.34 0
11:14 747.78 16.56 65 3.58 0
11:15 747.78 16.61 65 4.47 0
11:16 747.78 16.67 65 2.24 0
11:17 747.78 16.67 65 2.24 0
11:18 747.78 16.72 64 6.26 0
11:19 747.78 16.72 63 3.58 0
11:20 747.78 16.72 64 6.71 0
11:21 747.78 16.78 63 5.81 0
11:22 747.78 16.78 63 4.47 0
11:23 747.78 16.83 64 4.47 0
11:24 747.78 16.94 63 1.34 0
11:25 747.78 17 64 4.47 0
11:26 747.78 17.11 64 4.02 0
11:27 747.78 17.17 63 2.68 0
11:28 747.78 17.28 64 1.34 0
11:29 747.78 17.33 64 3.58 0
11:30 747.78 17.28 62 3.58 0
11:31 747.78 17.17 61 1.79 0
11:32 747.78 17.17 62 2.24 0
11:33 747.78 17.17 62 4.92 0
11:34 747.78 17.17 62 6.26 0
11:35 747.78 17.11 62 4.47 0
11:36 747.78 17.06 62 3.58 0
11:37 747.78 17.06 63 5.36 0
11:38 747.78 17.17 62 5.36 0
11:39 747.78 17.17 63 4.02 0
11:40 747.78 17.22 62 1.34 0
11:41 747.78 17.28 63 4.47 0
11:42 747.78 17.33 60 4.92 0
11:43 747.52 17.44 61 6.71 0
11:44 747.78 17.44 60 4.92 0
11:45 747.78 17.44 59 3.58 0
11:46 747.52 17.44 60 4.02 0
11:47 747.78 17.39 63 5.81 0
11:48 747.52 17.33 61 2.68 0
11:49 747.78 17.28 61 3.13 0
11:50 747.52 17.28 61 4.47 0
11:51 747.78 17.33 62 5.81 0
11:52 747.52 17.39 60 4.47 0
11:53 747.52 17.33 60 4.47 0
11:54 747.52 17.33 61 3.13 0
11:55 747.52 17.28 60 4.47 0
11:56 747.52 17.22 60 2.68 0
11:57 747.52 17.22 61 3.58 0
11:58 747.52 17.22 61 3.58 0
11:59 747.52 17.17 60 .89 0
12:00 747.52 17.17 61 3.58 0
12:01 747.52 17.17 61 5.36 0
12:02 747.52 17.11 61 4.92 0
12:03 747.52 17.11 61 2.68 0
12:04 747.52 17.06 61 2.68 0
12:05 747.52 17 62 3.58 0
12:06 747.52 16.94 62 3.58 0
12:07 747.52 16.94 62 4.47 0
12:08 747.52 16.94 62 5.36 0
12:09 747.52 16.94 63 2.68 0
12:10 747.52 16.89 63 3.58 0
12:11 747.52 16.89 63 3.58 0
12:12 747.52 16.89 64 3.58 0
12:13 747.52 16.89 64 4.02 0
12:14 747.52 16.94 64 2.24 0
12:15 747.52 17 65 4.02 0
12:16 747.52 17 64 5.81 0
12:17 747.52 16.94 63 2.24 0
12:18 747.52 16.94 62 4.02 0
12:19 747.52 16.89 63 2.68 0
12:20 747.52 16.89 63 4.92 0
12:21 747.52 16.89 63 3.58 0
12:22 747.78 16.89 62 4.47 0
12:23 747.52 16.83 63 1.34 0
12:24 747.52 16.83 64 3.58 0
12:25 747.78 16.83 63 3.58 0
12:26 747.52 16.83 63 2.24 0
12:27 747.52 16.83 64 1.79 0
12:28 747.52 16.89 64 4.02 0
12:29 747.52 16.94 64 4.92 0
12:30 747.52 16.94 63 2.68 0
12:31 747.78 17.06 64 1.79 0
12:32 747.78 17.11 65 2.24 0
12:33 747.52 17.22 65 2.68 0
12:34 747.52 17.33 65 1.79 0
12:35 747.78 17.44 64 3.13 0
12:36 747.52 17.5 62 1.79 0
12:37 747.52 17.44 62 5.36 0
12:38 747.52 17.44 62 3.58 0
12:39 747.52 17.33 62 4.47 0
12:40 747.52 17.22 61 2.68 0
12:41 747.52 17.17 62 4.92 0
12:42 747.52 17.11 62 4.92 0
12:43 747.52 17.06 62 4.02 0
12:44 747.78 17.06 62 5.36 0
12:45 747.52 17.11 63 3.58 0
12:46 747.52 17.17 63 4.02 0
12:47 747.52 17.22 62 4.02 0
12:48 747.52 17.17 62 3.13 0
12:49 747.52 17.17 62 3.58 0
12:50 747.52 17.22 63 2.68 0
12:51 747.52 17.28 63 2.68 0
12:52 747.52 17.33 63 4.02 0
12:53 747.52 17.39 63 2.68 0
12:54 747.52 17.44 63 4.47 0
12:55 747.52 17.44 63 2.24 0
12:56 747.52 17.44 62 2.24 0
12:57 747.52 17.44 62 1.79 0
12:58 747.52 17.5 62 4.47 0
12:59 747.52 17.44 59 4.02 0
13:00 747.52 17.33 60 2.24 0
13:01 747.52 17.33 61 2.24 0
13:02 747.52 17.44 61 3.58 0
13:03 747.52 17.44 60 2.24 0
13:04 747.52 17.5 60 4.47 0
13:05 747.52 17.44 59 4.02 0
13:06 747.52 17.44 60 2.68 0
13:07 747.52 17.44 60 4.47 0
13:08 747.52 17.44 59 4.92 0
13:09 747.52 17.44 60 6.26 0
13:10 747.52 17.44 60 5.36 0
13:11 747.52 17.39 60 3.58 0
13:12 747.52 17.33 60 2.68 0
13:13 747.52 17.33 61 4.02 0
13:14 747.52 17.33 61 3.58 0
13:15 747.52 17.39 61 1.34 0
13:16 747.52 17.44 62 1.79 0
13:17 747.52 17.56 62 3.58 0
13:18 747.52 17.61 62 4.92 0
13:19 747.52 17.67 61 4.47 0
13:20 747.52 17.67 61 4.47 0
13:21 747.52 17.72 61 3.58 0
13:22 747.52 17.78 61 2.24 0
13:23 747.52 17.78 61 4.92 0
13:24 747.52 17.83 60 2.68 0
13:25 747.52 17.83 61 2.68 0
13:26 747.52 17.78 60 1.79 0
13:27 747.52 17.78 60 2.24 0
13:28 747.52 17.78 60 3.58 0
13:29 747.52 17.78 60 2.24 0
13:30 747.52 17.83 60 2.68 0
13:31 747.52 17.78 61 2.68 0
13:32 747.52 17.83 61 1.79 0
13:33 747.52 17.89 62 2.68 0
13:34 747.52 17.94 62 2.24 0
13:35 747.52 17.94 60 1.34 0
13:36 747.52 17.89 60 3.58 0
13:37 747.52 17.89 61 6.26 0
13:38 747.52 17.83 60 3.58 0
13:39 747.52 17.89 61 2.68 0
13:40 747.52 17.94 62 2.24 0
13:41 747.52 18 62 4.47 0
13:42 747.52 18.06 61 2.68 0
13:43 747.52 18.17 62 2.68 0
13:44 747.52 18.17 61 3.58 0
13:45 747.52 18.17 62 2.68 0
13:46 747.52 18.17 61 2.68 0
13:47 747.52 18.33 62 4.92 0
13:48 747.52 18.33 60 4.02 0
13:49 747.52 18.33 61 3.13 0
13:50 747.52 18.39 60 .89 0
13:51 747.52 18.39 61 1.79 0
13:52 747.52 18.5 60 7.6 0
13:53 747.52 18.44 60 2.24 0
13:54 747.52 18.39 61 4.92 0
13:55 747.52 18.28 60 2.24 0
13:56 747.52 18.17 59 4.47 0
13:57 747.52 18.06 61 2.68 0
13:58 747.52 18.06 61 4.47 0
13:59 747.52 18.06 61 4.47 0
14:00 747.52 18.06 61 1.79 0
14:01 747.52 18.06 62 4.02 0
14:02 747.52 18.17 61 2.24 0
14:03 747.52 18.22 62 3.58 0
14:04 747.52 18.33 62 4.47 0
14:05 747.52 18.39 62 3.58 0
14:06 747.52 18.39 61 2.68 0
14:07 747.27 18.44 61 1.79 0
14:08 747.52 18.5 61 4.47 0
14:09 747.52 18.56 62 4.02 0
14:10 747.52 18.61 62 4.47 0
14:11 747.52 18.61 60 4.47 0
14:12 747.52 18.56 60 4.92 0
14:13 747.52 18.44 60 2.68 0
14:14 747.52 18.39 60 1.79 0
14:15 747.52 18.28 61 .89 0
14:16 747.27 18.28 62 2.24 0
14:17 747.52 18.28 62 2.24 0
14:18 747.52 18.28 62 3.58 0
14:19 747.52 18.28 62 3.13 0
14:20 747.52 18.17 61 4.92 0
14:21 747.52 18.11 61 2.68 0
14:22 747.52 18.06 62 3.58 0
14:23 747.52 18.06 62 1.34 0
14:24 747.52 18.11 62 2.24 0
14:25 747.52 18.22 62 2.24 0
14:26 747.27 18.28 62 4.92 0
14:27 747.27 18.39 61 3.58 0
14:28 747.27 18.39 62 4.02 0
14:29 747.52 18.44 60 2.68 0
14:30 747.27 18.44 61 4.92 0
14:31 747.27 18.39 61 4.02 0
14:32 747.27 18.39 61 4.02 0
14:33 747.27 18.33 62 1.79 0
14:34 747.27 18.33 62 4.92 0
14:35 747.27 18.28 61 4.02 0
14:36 747.27 18.17 62 2.68 0
14:37 747.27 18.11 63 4.02 0
14:38 747.27 18 63 3.13 0
14:39 747.52 17.94 63 2.68 0
14:40 747.27 17.89 63 4.47 0
14:41 747.27 17.83 64 2.68 0
14:42 747.27 17.83 64 4.47 0
14:43 747.27 17.78 63 3.58 0
14:44 747.52 17.72 64 4.92 0
14:45 747.27 17.67 64 4.92 0
14:46 747.52 17.67 64 4.02 0
14:47 747.27 17.67 63 3.58 0
14:48 747.52 17.61 64 2.24 0
14:49 747.27 17.67 65 1.79 0
14:50 747.27 17.67 64 1.79 0
14:51 747.27 17.72 64 4.47 0
14:52 747.27 17.72 63 4.02 0
14:53 747.27 17.72 64 1.79 0
14:54 747.27 17.72 64 1.79 0
14:55 747.27 17.78 64 4.02 0
14:56 747.27 17.78 64 2.68 0
14:57 747.27 17.83 63 4.02 0
14:58 747.27 17.89 64 4.02 0
14:59 747.27 17.94 63 2.68 0
15:00 747.27 17.94 64 4.92 0
15:01 747.27 17.94 63 5.36 0
15:02 747.27 17.94 62 4.92 0
15:03 747.27 17.89 63 4.02 0
15:04 747.27 17.89 63 4.47 0
15:05 747.27 17.83 62 4.92 0
15:06 747.27 17.83 62 4.47 0
15:07 747.27 17.89 63 2.68 0
15:08 747.27 17.89 63 3.58 0
15:09 747.27 17.89 62 3.58 0
15:10 747.27 17.94 63 3.58 0
15:11 747.27 18 62 3.58 0
15:12 747.27 18.06 62 2.68 0
15:13 747.27 18.06 61 4.47 0
15:14 747.27 18.17 61 2.24 0
15:15 747.27 18.22 61 3.58 0
15:16 747.27 18.28 61 7.15 0
15:17 747.27 18.22 60 4.47 0
15:18 747.27 18.33 61 4.92 0
15:19 747.27 18.33 62 1.79 0
15:20 747.27 18.39 60 2.24 0
15:21 747.27 18.44 61 1.34 0
15:22 747.27 18.5 62 2.24 0
15:23 747.27 18.56 61 2.24 0
15:24 747.27 18.56 62 4.92 0
15:25 747.27 18.56 60 4.47 0
15:26 747.01 18.5 61 2.24 0
15:27 747.27 18.5 61 4.47 0
15:28 747.27 18.5 61 4.02 0
15:29 747.27 18.5 61 2.68 0
15:30 747.01 18.5 61 4.02 0
15:31 747.01 18.5 61 2.24 0
15:32 747.01 18.56 61 4.02 0
15:33 747.27 18.61 62 4.02 0
15:34 747.27 18.72 61 2.68 0
15:35 747.01 18.83 61 1.79 0
15:36 747.01 18.89 61 4.02 0
15:37 747.01 18.94 59 3.58 0
15:38 747.01 18.83 58 1.79 0
15:39 747.01 18.78 59 4.02 0
15:40 747.01 18.78 60 3.13 0
15:41 747.01 18.89 61 6.71 0
15:42 747.27 18.89 59 4.47 0
15:43 747.01 18.83 59 4.92 0
15:44 747.01 18.78 59 2.68 0
15:45 747.01 18.72 60 3.58 0
15:46 747.01 18.67 59 4.92 0
15:47 747.01 18.56 59 2.68 0
15:48 747.01 18.44 60 4.92 0
15:49 747.01 18.33 60 4.92 0
15:50 747.01 18.22 60 4.47 0
15:51 747.01 18.17 61 2.68 0
15:52 747.01 18.06 61 1.79 0
15:53 747.01 18 62 4.02 0
15:54 747.01 17.94 62 3.58 0
15:55 747.01 17.89 62 4.02 0
15:56 747.01 17.89 62 4.92 0
15:57 747.01 17.83 62 1.79 0
15:58 747.01 17.83 63 3.58 0
15:59 747.01 17.83 62 2.68 0
16:00 747.01 17.83 63 1.79 0
16:01 747.01 17.83 63 3.58 0
16:02 747.01 17.83 62 4.02 0
16:03 747.01 17.89 63 3.58 0
16:04 747.01 17.83 63 3.58 0
16:05 747.01 17.83 63 4.47 0
16:06 747.01 17.89 63 3.58 0
16:07 747.01 17.89 64 1.79 0
16:08 747.01 17.94 63 2.68 0
16:09 747.01 18.06 63 3.58 0
16:10 747.01 18.22 62 4.47 0
16:11 747.01 18.28 61 3.58 0
16:12 747.01 18.44 61 4.92 0
16:13 747.01 18.5 62 5.81 0
16:14 747.01 18.61 61 1.79 0
16:15 747.01 18.67 61 2.24 0
16:16 747.01 18.78 62 1.34 0
16:17 747.01 18.83 60 2.68 0
16:18 747.01 18.94 60 2.68 0
16:19 747.01 19.06 61 1.34 0
16:20 747.01 19.11 62 2.68 0
16:21 747.01 19.17 60 2.68 0
16:22 747.01 19.17 59 3.58 0
16:23 747.01 19.17 58 6.71 0
16:24 747.01 19.11 59 2.68 0
16:25 747.01 19.06 58 3.58 0
16:26 747.01 19 58 5.36 0
16:27 747.01 19 58 2.68 0
16:28 747.01 19 58 4.02 0
16:29 747.01 19 60 5.81 0
16:30 747.01 19 60 4.92 0
16:31 747.01 19.06 58 3.13 0
16:32 747.01 19.17 59 2.24 0
16:33 747.01 19.22 59 2.24 0
16:34 747.01 19.28 58 2.68 0
16:35 747.01 19.28 58 1.79 0
16:36 747.01 19.28 59 4.47 0
16:37 747.01 19.28 58 2.24 0
16:38 747.01 19.33 59 3.58 0
16:39 747.01 19.28 59 6.26 0
16:40 747.01 19.11 58 2.68 0
16:41 747.01 18.94 59 3.58 0
16:42 747.01 18.83 61 2.68 0
16:43 747.01 18.72 61 4.02 0
16:44 747.01 18.61 60 2.24 0
16:45 747.01 18.56 61 2.68 0
16:46 747.01 18.5 62 4.02 0
16:47 747.01 18.5 60 4.47 0
16:48 747.01 18.5 61 3.58 0
16:49 747.01 18.56 62 1.34 0
16:50 747.01 18.61 61 1.79 0
16:51 747.01 18.72 62 2.68 0
16:52 747.01 18.67 61 3.58 0
16:53 747.01 18.67 60 2.24 0
16:54 747.01 18.61 61 3.58 0
16:55 747.01 18.5 61 3.58 0
16:56 747.01 18.39 61 4.47 0
16:57 747.01 18.33 61 1.79 0
16:58 747.01 18.33 62 1.34 0
16:59 747.01 18.28 63 1.79 0
17:00 747.01 18.33 62 .89 0
17:01 747.01 18.39 62 1.79 0
17:02 747.01 18.44 62 3.58 0
17:03 747.01 18.39 61 2.24 0
17:04 747.01 18.39 62 3.13 0
17:05 747.01 18.44 61 2.68 0
17:06 747.01 18.44 62 2.68 0
17:07 747.01 18.44 62 1.79 0
17:08 747.01 18.5 62 2.24 0
17:09 747.01 18.56 61 3.58 0
17:10 747.01 18.67 62 1.34 0
17:11 747.01 18.72 62 1.79 0
17:12 747.01 18.83 62 3.58 0
17:13 747.01 18.94 62 1.79 0
17:14 747.01 19 62 1.79 0
17:15 747.01 19.06 60 1.34 0
17:16 747.01 19.11 59 5.36 0
17:17 746.76 19.11 58 4.02 0
17:18 747.01 19.11 59 2.24 0
17:19 747.01 19.11 58 3.58 0
17:20 747.01 19.06 58 4.92 0
17:21 747.01 19 57 2.68 0
17:22 747.01 18.94 58 3.13 0
17:23 746.76 18.94 58 1.34 0
17:24 746.76 19 58 2.24 0
17:25 746.76 18.94 58 4.47 0
17:26 746.76 18.94 58 1.34 0
17:27 746.76 18.89 58 1.79 0
17:28 746.76 18.94 58 2.68 0
17:29 747.01 18.94 59 1.79 0
17:30 747.01 19 60 2.24 0
17:31 747.01 19 59 2.68 0
17:32 747.01 18.94 59 2.24 0
17:33 747.01 18.89 59 4.02 0
17:34 747.01 18.83 60 2.24 0
17:35 747.01 18.78 60 2.68 0
17:36 747.01 18.78 60 3.13 0
17:37 747.01 18.78 60 2.24 0
17:38 747.01 18.78 60 1.34 0
17:39 747.01 18.78 60 4.47 0
17:40 747.01 18.78 60 .89 0
17:41 747.01 18.78 60 .89 0
17:42 747.01 18.83 61 2.24 0
17:43 747.01 18.83 61 3.13 0
17:44 747.01 18.83 61 1.34 0
17:45 747.01 18.83 61 4.02 0
17:46 747.01 18.78 61 3.58 0
17:47 747.01 18.72 61 4.47 0
17:48 747.01 18.67 61 1.34 0
17:49 747.01 18.72 61 3.58 0
17:50 747.01 18.67 61 2.24 0
17:51 747.01 18.67 62 1.34 0
17:52 747.01 18.78 62 1.34 0
17:53 747.01 18.78 61 2.68 0
17:54 747.01 18.83 61 4.92 0
17:55 747.01 18.67 60 3.58 0
17:56 747.01 18.61 60 4.92 0
17:57 747.01 18.56 60 6.71 0
17:58 747.01 18.44 60 3.58 0
17:59 747.01 18.39 60 4.02 0
18:00 747.01 18.33 60 3.58 0
18:01 747.01 18.28 60 4.92 0
18:02 747.01 18.28 60 3.58 0
18:03 747.01 18.28 61 4.02 0
18:04 747.01 18.22 61 3.58 0
18:05 747.01 18.28 61 4.02 0
18:06 747.01 18.22 61 4.02 0
18:07 747.01 18.28 62 4.92 0
18:08 747.01 18.28 61 .89 0
18:09 747.01 18.28 62 4.92 0
18:10 747.01 18.28 60 4.92 0
18:11 747.01 18.28 61 5.36 0
18:12 747.01 18.22 61 4.92 0
18:13 747.01 18.22 61 5.36 0
18:14 747.01 18.22 61 1.34 0
18:15 747.01 18.22 61 2.68 0
18:16 747.01 18.22 61 3.58 0
18:17 747.01 18.17 61 4.02 0
18:18 747.01 18.17 61 4.47 0
18:19 747.01 18.17 61 4.02 0
18:20 747.01 18.17 61 1.79 0
18:21 747.01 18.22 61 4.02 0
18:22 747.01 18.28 61 3.58 0
18:23 747.01 18.28 62 1.34 0
18:24 747.01 18.33 62 3.58 0
18:25 746.76 18.33 61 1.79 0
18:26 747.01 18.28 61 4.02 0
18:27 747.01 18.28 61 2.68 0
18:28 746.76 18.28 61 .89 0
18:29 747.01 18.33 62 .45 0
18:30 747.01 18.39 62 3.58 0
18:31 747.01 18.39 60 2.24 0
18:32 747.01 18.39 61 2.24 0
18:33 747.01 18.39 61 4.02 0
18:34 747.01 18.39 61 1.34 0
18:35 746.76 18.39 61 3.13 0
18:36 747.01 18.39 61 2.68 0
18:37 747.01 18.33 61 2.68 0
18:38 746.76 18.33 61 3.58 0
18:39 747.01 18.33 61 4.47 0
18:40 747.01 18.28 60 2.24 0
18:41 747.01 18.28 61 2.24 0
18:42 747.01 18.22 62 2.68 0
18:43 747.01 18.22 61 2.24 0
18:44 747.01 18.22 61 2.24 0
18:45 746.76 18.22 61 4.02 0
18:46 747.01 18.22 61 2.24 0
18:47 746.76 18.22 61 1.79 0
18:48 746.76 18.22 62 1.79 0
18:49 746.76 18.22 62 1.34 0
18:50 746.76 18.28 62 1.79 0
18:51 747.01 18.33 61 3.58 0
18:52 746.76 18.28 61 4.02 0
18:53 746.76 18.22 61 2.68 0
18:54 747.01 18.17 61 1.79 0
18:55 746.76 18.17 61 5.81 0
18:56 746.76 18.06 61 2.24 0
18:57 747.01 18 61 2.24 0
18:58 747.01 18 61 2.68 0
18:59 747.01 17.94 62 4.47 0
19:00 747.01 17.94 61 1.79 0
19:01 747.01 17.89 62 1.79 0
19:02 747.01 17.89 62 1.79 0
19:03 747.01 17.89 62 .89 0
19:04 747.01 17.89 62 1.79 0
19:05 746.76 17.89 62 1.79 0
19:06 746.76 17.83 62 2.68 0
19:07 747.01 17.83 62 1.34 0
19:08 747.01 17.78 63 1.79 0
19:09 747.01 17.72 63 2.24 0
19:10 747.01 17.67 63 2.24 0
19:11 747.01 17.61 63 1.79 0
19:12 747.01 17.56 63 1.34 0
19:13 747.01 17.44 64 1.79 0
19:14 747.01 17.44 64 1.34 0
19:15 747.01 17.33 64 1.79 0
19:16 747.01 17.33 64 1.34 0
19:17 747.01 17.28 64 1.34 0
19:18 747.01 17.22 65 1.34 0
19:19 747.01 17.17 65 1.34 0
19:20 747.01 17.17 65 1.79 0
19:21 747.01 17.17 65 1.34 0
19:22 747.01 17.11 66 1.34 0
19:23 747.01 17.06 66 1.79 0
19:24 747.01 17.06 65 1.34 0
19:25 747.01 17.06 66 1.79 0
19:26 747.01 17.06 66 1.79 0
19:27 747.01 17.06 66 .89 0
19:28 747.01 17 66 1.34 0
19:29 747.01 16.94 66 1.79 0
19:30 747.01 16.94 66 1.34 0
19:31 747.01 16.89 66 .89 0
19:32 747.01 16.78 67 .89 0
19:33 747.01 16.78 66 1.34 0
19:34 747.01 16.67 67 .89 0
19:35 747.01 16.67 67 1.34 0
19:36 747.01 16.61 67 1.34 0
19:37 747.01 16.56 67 1.34 0
19:38 747.01 16.5 67 1.34 0
19:39 747.01 16.5 67 1.34 0
19:40 747.01 16.44 68 1.79 0
19:41 747.01 16.39 68 1.79 0
19:42 747.01 16.33 68 1.34 0
19:43 747.01 16.28 69 1.34 0
19:44 747.01 16.17 69 1.34 0
19:45 747.01 16.11 69 .89 0
19:46 747.01 16.06 70 .89 0
19:47 747.01 16 69 1.34 0
19:48 747.01 15.89 70 1.34 0
19:49 747.01 15.89 70 1.34 0
19:50 747.01 15.78 70 1.34 0
19:51 747.01 15.78 70 .89 0
19:52 747.01 15.72 70 1.34 0
19:53 747.01 15.67 71 .89 0
19:54 747.01 15.56 72 1.34 0
19:55 747.01 15.56 72 .89 0
19:56 747.01 15.5 73 1.34 0
19:57 747.01 15.39 74 1.34 0
19:58 747.01 15.33 73 .89 0
19:59 747.01 15.28 73 .89 0
20:00 747.01 15.22 74 .89 0
20:01 747.01 15.17 74 .89 0
20:02 747.01 15.11 75 1.34 0
20:03 747.01 15 74 1.34 0
20:04 747.01 14.94 73 .45 0
20:05 747.01 14.89 74 .89 0
20:06 747.01 14.83 73 .89 0
20:07 747.01 14.83 74 .45 0
20:08 747.01 14.83 75 .45 0
20:09 747.01 14.78 74 .89 0
20:10 747.01 14.78 74 .89 0
20:11 747.01 14.72 75 .89 0
20:12 747.01 14.67 75 .89 0
20:13 747.01 14.67 75 .45 0
20:14 747.01 14.61 75 .89 0
20:15 747.01 14.61 75 .45 0
20:16 747.01 14.56 76 0 0
20:17 747.01 14.56 75 0 0
20:18 747.01 14.5 76 0 0
20:19 747.01 14.5 76 0 0
20:20 747.01 14.44 76 0 0
20:21 747.01 14.44 76 0 0
20:22 747.01 14.44 76 0 0
20:23 747.01 14.39 76 0 0
20:24 747.01 14.39 76 0 0
20:25 747.01 14.33 76 0 0
20:26 747.01 14.33 76 0 0
20:27 747.01 14.33 76 0 0
20:28 747.01 14.28 77 0 0
20:29 747.01 14.28 77 0 0
20:30 747.01 14.22 78 0 0
20:31 747.01 14.17 78 0 0
20:32 747.01 14.17 78 0 0
20:33 747.01 14.06 78 0 0
20:34 747.01 14.06 79 0 0
20:35 747.01 14.06 79 0 0
20:36 747.01 14 79 0 0
20:37 747.01 13.94 79 0 0
20:38 747.01 13.89 79 0 0
20:39 747.01 13.89 79 0 0
20:40 747.01 13.89 79 0 0
20:41 747.01 13.83 79 0 0
20:42 747.01 13.78 78 0 0
20:43 747.01 13.78 78 0 0
20:44 746.76 13.78 79 0 0
20:45 747.01 13.72 79 0 0
20:46 747.01 13.72 79 0 0
20:47 747.01 13.72 80 0 0
20:48 747.01 13.72 80 0 0
20:49 746.76 13.67 81 0 0
20:50 747.01 13.67 81 0 0
20:51 747.01 13.61 81 0 0
20:52 747.01 13.61 81 0 0
20:53 747.01 13.56 81 0 0
20:54 747.01 13.56 81 0 0
20:55 746.76 13.56 82 0 0
20:56 747.01 13.5 81 0 0
20:57 747.01 13.5 81 0 0
20:58 746.76 13.5 81 0 0
20:59 747.01 13.5 81 0 0
21:00 746.76 13.5 80 0 0
21:01 747.01 13.56 80 0 0
21:02 747.01 13.5 81 0 0
21:03 747.01 13.56 81 0 0
21:04 746.76 13.5 81 0 0
21:05 747.01 13.5 81 0 0
21:06 746.76 13.5 81 0 0
21:07 746.76 13.5 82 0 0
21:08 747.01 13.44 82 0 0
21:09 746.76 13.44 82 0 0
21:10 747.01 13.39 82 0 0
21:11 746.76 13.39 82 0 0
21:12 746.76 13.33 82 0 0
21:13 746.76 13.33 82 0 0
21:14 746.76 13.28 82 0 0
21:15 746.76 13.22 82 0 0
21:16 746.76 13.22 82 0 0
21:17 746.76 13.17 83 0 0
21:18 746.76 13.17 83 0 0
21:19 746.76 13.11 83 0 0
21:20 746.76 13.06 83 0 0
21:21 746.76 13 83 0 0
21:22 746.76 13 83 0 0
21:23 746.76 12.94 83 0 0
21:24 746.76 12.89 83 0 0
21:25 746.76 12.83 83 0 0
21:26 746.76 12.78 83 0 0
21:27 746.76 12.78 83 0 0
21:28 746.76 12.78 83 0 0
21:29 746.76 12.72 84 0 0
21:30 746.76 12.72 84 0 0
21:31 746.76 12.72 84 0 0
21:32 746.76 12.72 84 0 0
21:33 746.76 12.72 84 0 0
21:34 746.76 12.72 84 0 0
21:35 746.76 12.67 84 0 0
21:36 746.76 12.67 84 0 0
21:37 746.76 12.67 84 0 0
21:38 746.76 12.67 84 0 0
21:39 746.76 12.67 84 0 0
21:40 746.76 12.67 84 0 0
21:41 746.76 12.61 84 0 0
21:42 746.76 12.61 84 0 0
21:43 746.76 12.61 85 0 0
21:44 746.76 12.61 85 0 0
21:45 746.76 12.61 84 0 0
21:46 746.76 12.61 84 0 0
21:47 746.76 12.56 85 0 0
21:48 746.76 12.56 85 0 0
21:49 746.76 12.56 85 0 0
21:50 746.76 12.56 85 0 0
21:51 746.76 12.56 85 0 0
21:52 746.76 12.5 85 0 0
21:53 746.76 12.5 85 0 0
21:54 746.76 12.5 85 0 0
21:55 746.76 12.5 85 0 0
21:56 746.76 12.44 85 0 0
21:57 746.76 12.44 85 0 0
21:58 746.76 12.44 85 0 0
21:59 746.76 12.44 85 0 0
22:00 746.76 12.44 85 0 0
22:01 746.76 12.39 85 0 0
22:02 746.76 12.44 85 0 0
22:03 746.76 12.44 85 0 0
22:04 746.76 12.39 85 0 0
22:05 746.76 12.39 85 0 0
22:06 746.76 12.44 85 0 0
22:07 746.76 12.44 85 0 0
22:08 746.76 12.44 85 0 0
22:09 746.76 12.44 85 0 0
22:10 746.76 12.44 85 0 0
22:11 746.76 12.44 85 0 0
22:12 746.76 12.44 85 0 0
22:13 746.76 12.44 85 0 0
22:14 746.76 12.44 85 0 0
22:15 746.76 12.44 85 0 0
22:16 746.76 12.44 85 0 0
22:17 746.76 12.44 85 0 0
22:18 746.76 12.44 85 0 0
22:19 746.76 12.44 85 0 0
22:20 746.76 12.39 85 0 0
22:21 746.76 12.39 86 0 0
22:22 746.51 12.44 86 0 0
22:23 746.51 12.39 86 0 0
22:24 746.51 12.33 86 0 0
22:25 746.51 12.39 86 0 0
22:26 746.51 12.39 86 0 0
22:27 746.51 12.39 86 0 0
22:28 746.76 12.33 86 0 0
22:29 746.76 12.33 86 0 0
22:30 746.51 12.33 86 0 0
22:31 746.51 12.33 86 0 0
22:32 746.76 12.33 86 0 0
22:33 746.76 12.33 86 0 0
22:34 746.76 12.33 86 0 0
22:35 746.76 12.28 86 0 0
22:36 746.76 12.33 86 0 0
22:37 746.76 12.33 86 0 0
22:38 746.76 12.28 86 0 0
22:39 746.76 12.33 86 0 0
22:40 746.51 12.28 86 0 0
22:41 746.76 12.28 86 0 0
22:42 746.76 12.28 86 0 0
22:43 746.76 12.28 86 0 0
22:44 746.51 12.28 86 0 0
22:45 746.76 12.33 86 0 0
22:46 746.51 12.28 86 0 0
22:47 746.76 12.33 86 0 0
22:48 746.76 12.33 86 0 0
22:49 746.76 12.28 86 0 0
22:50 746.76 12.33 87 0 0
22:51 746.51 12.33 87 0 0
22:52 746.51 12.28 87 0 0
22:53 746.76 12.33 87 0 0
22:54 746.76 12.33 87 0 0
22:55 746.76 12.33 87 0 0
22:56 746.76 12.33 87 0 0
22:57 746.76 12.33 87 0 0
22:58 746.51 12.33 87 0 0
22:59 746.76 12.28 87 0 0
23:00 746.51 12.33 87 0 0
23:01 746.51 12.33 87 0 0
23:02 746.51 12.28 87 0 0
23:03 746.51 12.28 87 0 0
23:04 746.51 12.33 87 0 0
23:05 746.51 12.28 87 0 0
23:06 746.51 12.28 87 0 0
23:07 746.51 12.28 87 0 0
23:08 746.51 12.28 86 0 0
23:09 746.51 12.28 87 0 0
23:10 746.51 12.28 87 0 0
23:11 746.51 12.28 87 0 0
23:12 746.51 12.28 87 0 0
23:13 746.51 12.28 87 0 0
23:14 746.51 12.28 87 0 0
23:15 746.51 12.33 87 0 0
23:16 746.51 12.33 87 0 0
23:17 746.51 12.33 87 0 0
23:18 746.51 12.33 87 0 0
23:19 746.51 12.28 87 0 0
23:20 746.51 12.28 87 0 0
23:21 746.51 12.28 87 0 0
23:22 746.51 12.28 87 0 0
23:23 746.51 12.28 87 0 0
23:24 746.51 12.28 87 0 0
23:25 746.51 12.28 87 0 0
23:26 746.51 12.22 87 0 0
23:27 746.51 12.17 87 0 0
23:28 746.51 12.22 87 0 0
23:29 746.51 12.17 87 0 0
23:30 746.51 12.22 87 0 0
23:31 746.51 12.17 87 0 0
23:32 746.51 12.17 87 0 0
23:33 746.51 12.17 87 0 0
23:34 746.51 12.17 87 0 0
23:35 746.51 12.17 87 0 0
23:36 746.51 12.22 87 0 0
23:37 746.51 12.17 87 0 0
23:38 746.51 12.17 87 0 0
23:39 746.51 12.17 87 0 0
23:40 746.51 12.17 87 0 0
23:41 746.51 12.11 87 0 0
23:42 746.51 12.11 87 0 0
23:43 746.51 12.11 87 0 0
23:44 746.51 12.06 87 0 0
23:45 746.51 12.06 87 0 0
23:46 746.51 12.06 87 0 0
23:47 746.51 12 87 0 0
23:48 746.51 12 87 0 0
23:49 746.51 11.94 87 0 0
23:50 746.51 11.94 87 0 0
23:51 746.51 11.89 87 0 0
23:52 746.51 11.89 87 0 0
23:53 746.51 11.83 87 0 0
23:54 746.51 11.78 87 0 0
23:55 746.51 11.78 87 0 0
23:56 746.51 11.78 87 0 0
23:57 746.51 11.72 87 0 0
23:58 746.51 11.72 87 0 0
23:59 746.51 11.67 87 0 0
