00:00 734.31 19.33 75 1.34 0
00:01 734.31 19.33 75 3.13 0
00:02 734.31 19.28 76 2.24 0
00:03 734.31 19.28 76 3.58 0
00:04 734.31 19.22 76 1.34 0
00:05 734.31 19.22 76 1.79 0
00:06 734.31 19.22 76 1.34 0
00:07 734.31 19.22 76 3.13 0
00:08 734.31 19.17 76 3.58 0
00:09 734.31 19.17 76 3.58 0
00:10 734.31 19.11 77 1.34 0
00:11 734.31 19.11 76 1.34 0
00:12 734.31 19.06 77 1.34 0
00:13 734.31 19 77 3.58 0
00:14 734.31 19 77 1.79 0
00:15 734.31 19 77 3.13 0
00:16 734.31 19 77 1.34 0
00:17 734.31 18.94 77 1.79 0
00:18 734.31 18.94 77 2.68 0
00:19 734.31 18.94 77 .89 0
00:20 734.31 18.89 77 1.79 0
00:21 734.31 18.89 78 2.68 0
00:22 734.31 18.83 78 2.24 0
00:23 734.31 18.83 78 3.13 0
00:24 734.31 18.78 78 3.13 0
00:25 734.31 18.78 78 2.24 0
00:26 734.31 18.78 78 1.79 0
00:27 734.31 18.78 78 1.79 0
00:28 734.31 18.78 78 2.24 0
00:29 734.31 18.72 78 3.13 0
00:30 734.31 18.72 78 1.79 0
00:31 734.31 18.72 78 1.34 0
00:32 734.31 18.72 78 1.79 0
00:33 734.31 18.72 78 1.34 0
00:34 734.31 18.72 78 .45 0
00:35 734.31 18.67 78 1.34 0
00:36 734.31 18.67 78 1.34 0
00:37 734.31 18.67 78 .45 0
00:38 734.31 18.67 78 1.34 0
00:39 734.31 18.67 78 .89 0
00:40 734.31 18.61 79 1.34 0
00:41 734.31 18.61 79 1.34 0
00:42 734.31 18.61 79 1.79 0
00:43 734.31 18.56 79 1.34 0
00:44 734.31 18.56 79 .89 0
00:45 734.31 18.5 79 1.34 0
00:46 734.31 18.5 79 .89 0
00:47 734.31 18.5 79 1.34 0
00:48 734.31 18.44 79 1.79 0
00:49 734.31 18.44 79 1.79 0
00:50 734.31 18.39 79 2.68 0
00:51 734.31 18.39 80 1.34 0
00:52 734.31 18.39 80 1.79 0
00:53 734.31 18.39 80 1.34 0
00:54 734.31 18.33 80 1.34 0
00:55 734.31 18.33 80 3.13 0
00:56 734.31 18.28 80 .89 0
00:57 734.31 18.28 80 1.79 0
00:58 734.31 18.28 80 1.34 0
00:59 734.31 18.28 80 1.79 0
01:00 734.31 18.22 80 .89 0
01:01 734.31 18.22 80 1.79 0
01:02 734.31 18.22 81 1.79 0
01:03 734.31 18.17 81 1.79 0
01:04 734.31 18.17 81 1.79 0
01:05 734.31 18.17 81 1.79 0
01:06 734.31 18.17 81 3.58 0
01:07 734.31 18.11 81 2.24 0
01:08 734.31 18.17 81 3.13 0
01:09 734.31 18.17 81 1.34 0
01:10 734.31 18.17 81 2.24 0
01:11 734.31 18.17 81 .89 0
01:12 734.31 18.17 81 1.79 0
01:13 734.31 18.17 81 3.13 0
01:14 734.31 18.11 81 1.34 0
01:15 734.31 18.11 81 2.68 0
01:16 734.31 18.11 81 3.58 0
01:17 734.06 18.11 81 1.79 0
01:18 734.06 18.11 81 3.58 0
01:19 734.31 18.06 81 1.34 0
01:20 734.31 18.11 81 1.79 0
01:21 734.31 18.06 81 3.13 0
01:22 734.31 18.06 81 1.79 0
01:23 734.31 18.06 81 2.68 0
01:24 734.31 18.06 81 1.34 0
01:25 734.31 18 81 1.79 0
01:26 734.31 18.06 82 .89 0
01:27 734.31 18 82 1.79 0
01:28 734.31 17.94 82 2.24 0
01:29 734.31 17.94 82 1.34 0
01:30 734.31 17.89 82 .89 0
01:31 734.31 17.89 82 1.34 0
01:32 734.31 17.89 82 1.79 0
01:33 734.31 17.89 82 1.79 0
01:34 734.31 17.83 82 .89 0
01:35 734.31 17.83 82 2.24 0
01:36 734.31 17.83 82 1.34 0
01:37 734.31 17.78 82 1.79 0
01:38 734.31 17.78 82 1.34 0
01:39 734.31 17.78 82 1.34 0
01:40 734.31 17.78 82 1.34 0
01:41 734.31 17.78 82 1.34 0
01:42 734.31 17.78 82 .89 0
01:43 734.31 17.78 82 1.34 0
01:44 734.31 17.78 82 .89 0
01:45 734.31 17.78 82 1.79 0
01:46 734.31 17.72 82 .89 0
01:47 734.31 17.78 82 2.68 0
01:48 734.31 17.72 82 1.34 0
01:49 734.31 17.72 82 2.68 0
01:50 734.31 17.72 82 2.24 0
01:51 734.31 17.72 82 1.34 0
01:52 734.31 17.72 82 1.34 0
01:53 734.31 17.72 81 1.34 0
01:54 734.31 17.72 82 1.79 0
01:55 734.31 17.72 82 1.34 0
01:56 734.31 17.72 82 1.34 0
01:57 734.31 17.72 82 2.68 0
01:58 734.31 17.72 82 .89 0
01:59 734.31 17.72 82 2.24 0
02:00 734.31 17.72 81 2.68 0
02:01 734.31 17.67 81 1.34 0
02:02 734.31 17.72 82 1.79 0
02:03 734.31 17.67 82 3.13 0
02:04 734.31 17.67 82 1.79 0
02:05 734.31 17.67 81 1.79 0
02:06 734.31 17.61 81 1.34 0
02:07 734.31 17.67 81 1.34 0
02:08 734.31 17.61 81 1.34 0
02:09 734.31 17.61 81 1.34 0
02:10 734.31 17.56 82 1.79 0
02:11 734.31 17.56 82 .89 0
02:12 734.31 17.56 82 .89 0
02:13 734.31 17.56 82 1.79 0
02:14 734.31 17.5 82 1.79 0
02:15 734.31 17.5 82 .89 0
02:16 734.31 17.5 82 .89 0
02:17 734.31 17.5 82 1.34 0
02:18 734.57 17.44 82 1.34 0
02:19 734.57 17.44 82 1.34 0
02:20 734.31 17.39 82 1.34 0
02:21 734.31 17.39 82 1.34 0
02:22 734.31 17.39 82 1.34 0
02:23 734.57 17.39 82 .45 0
02:24 734.31 17.33 82 1.34 0
02:25 734.57 17.33 83 1.79 0
02:26 734.57 17.33 83 1.34 0
02:27 734.31 17.33 83 .45 0
02:28 734.57 17.28 83 1.34 0
02:29 734.31 17.28 83 .89 0
02:30 734.57 17.28 83 2.68 0
02:31 734.31 17.28 83 1.34 0
02:32 734.57 17.28 83 .89 0
02:33 734.57 17.22 83 .45 0
02:34 734.57 17.22 83 1.34 0
02:35 734.57 17.22 83 .89 0
02:36 734.57 17.17 83 1.79 0
02:37 734.57 17.17 83 1.34 0
02:38 734.57 17.17 83 .45 0
02:39 734.31 17.17 83 1.34 0
02:40 734.31 17.17 83 1.79 0
02:41 734.57 17.17 84 1.79 0
02:42 734.31 17.17 84 1.34 0
02:43 734.57 17.17 84 2.24 0
02:44 734.57 17.11 84 2.68 0
02:45 734.57 17.11 84 .89 0
02:46 734.57 17.11 84 1.34 0
02:47 734.57 17.11 84 .89 0
02:48 734.57 17.11 84 .89 0
02:49 734.57 17.06 84 .89 0
02:50 734.57 17.06 84 .89 0
02:51 734.57 17.06 84 1.79 0
02:52 734.57 17.06 84 .89 0
02:53 734.57 17.06 84 1.34 0
02:54 734.57 17 84 1.79 0
02:55 734.57 17 84 1.34 0
02:56 734.57 17 84 1.79 0
02:57 734.57 16.94 84 .89 0
02:58 734.57 16.94 84 1.34 0
02:59 734.57 16.94 85 1.79 0
03:00 734.57 16.94 85 1.34 0
03:01 734.57 16.94 85 .89 0
03:02 734.57 16.89 85 1.79 0
03:03 734.57 16.89 85 1.34 0
03:04 734.57 16.89 85 2.68 0
03:05 734.57 16.89 85 2.68 0
03:06 734.57 16.89 85 3.13 0
03:07 734.57 16.83 85 1.34 0
03:08 734.57 16.89 85 1.34 0
03:09 734.57 16.83 85 2.24 0
03:10 734.57 16.83 85 1.34 0
03:11 734.57 16.83 85 1.79 0
03:12 734.57 16.83 85 1.79 0
03:13 734.57 16.83 85 1.34 0
03:14 734.57 16.78 85 1.79 0
03:15 734.57 16.78 85 3.13 0
03:16 734.57 16.78 85 1.79 0
03:17 734.57 16.78 85 2.68 0
03:18 734.57 16.72 85 1.79 0
03:19 734.57 16.72 85 3.13 0
03:20 734.57 16.72 85 3.58 0
03:21 734.57 16.72 85 3.58 0
03:22 734.57 16.72 85 2.68 0
03:23 734.57 16.72 85 2.68 0
03:24 734.57 16.72 86 2.68 0
03:25 734.57 16.72 86 3.13 0
03:26 734.57 16.72 86 3.13 0
03:27 734.57 16.72 86 1.79 0
03:28 734.57 16.72 86 2.24 0
03:29 734.57 16.72 86 3.13 0
03:30 734.57 16.67 86 3.13 0
03:31 734.57 16.67 86 3.58 0
03:32 734.57 16.61 86 1.79 0
03:33 734.57 16.67 86 2.68 0
03:34 734.57 16.61 86 1.34 0
03:35 734.57 16.61 86 1.79 0
03:36 734.57 16.61 86 1.79 0
03:37 734.57 16.61 86 2.68 0
03:38 734.57 16.61 86 1.79 0
03:39 734.57 16.61 86 2.68 0
03:40 734.57 16.56 86 4.02 0
03:41 734.57 16.56 86 2.68 0
03:42 734.57 16.56 86 3.13 0
03:43 734.57 16.56 86 .89 0
03:44 734.57 16.56 86 3.58 0
03:45 734.57 16.5 86 2.68 0
03:46 734.57 16.5 86 2.24 0
03:47 734.57 16.56 86 1.34 0
03:48 734.57 16.5 86 1.79 0
03:49 734.57 16.5 86 .89 0
03:50 734.57 16.5 86 .89 0
03:51 734.57 16.5 86 .89 0
03:52 734.57 16.5 86 2.68 0
03:53 734.57 16.44 86 .89 0
03:54 734.57 16.44 86 1.34 0
03:55 734.57 16.44 86 1.34 0
03:56 734.82 16.44 86 1.34 0
03:57 734.82 16.44 86 1.79 0
03:58 734.82 16.44 86 1.34 0
03:59 734.57 16.44 86 2.24 0
04:00 734.82 16.39 86 .89 0
04:01 734.57 16.39 86 1.79 0
04:02 734.82 16.39 86 1.34 0
04:03 734.82 16.33 87 1.79 0
04:04 734.82 16.33 87 1.79 0
04:05 734.82 16.33 87 3.13 0
04:06 734.82 16.33 87 1.79 0
04:07 734.82 16.28 87 1.34 0
04:08 734.82 16.33 87 1.34 0
04:09 734.82 16.33 87 2.68 0
04:10 734.82 16.28 87 1.34 0
04:11 734.82 16.33 87 2.68 0
04:12 734.82 16.33 87 1.34 0
04:13 734.82 16.28 87 .89 0
04:14 734.82 16.33 87 1.34 0
04:15 734.82 16.28 87 1.34 0
04:16 734.82 16.28 87 .89 0
04:17 734.82 16.28 87 1.34 0
04:18 734.82 16.28 87 2.24 0
04:19 734.82 16.28 87 1.79 0
04:20 734.82 16.28 87 2.24 0
04:21 734.82 16.28 87 1.34 0
04:22 734.82 16.28 87 1.79 0
04:23 734.82 16.28 87 1.34 0
04:24 734.82 16.28 87 2.68 0
04:25 734.82 16.28 87 .89 0
04:26 734.82 16.28 87 1.34 0
04:27 734.82 16.28 87 1.79 0
04:28 734.82 16.28 87 2.24 0
04:29 734.82 16.28 87 1.34 0
04:30 734.82 16.28 87 1.34 0
04:31 734.82 16.28 87 1.34 0
04:32 734.82 16.22 87 .89 0
04:33 734.82 16.22 87 2.68 0
04:34 734.82 16.28 87 1.34 0
04:35 734.82 16.28 87 1.79 0
04:36 734.82 16.28 87 3.58 0
04:37 734.82 16.28 87 2.68 0
04:38 734.82 16.28 87 1.34 0
04:39 734.82 16.28 87 2.68 0
04:40 734.82 16.28 87 1.79 0
04:41 734.82 16.33 87 2.68 0
04:42 734.82 16.33 87 1.34 0
04:43 734.82 16.33 87 1.79 0
04:44 734.82 16.33 87 1.34 0
04:45 734.82 16.33 87 3.58 0
04:46 734.82 16.33 87 1.34 0
04:47 734.82 16.33 87 .89 0
04:48 734.82 16.33 87 2.68 0
04:49 734.82 16.39 87 2.24 0
04:50 734.82 16.33 87 .45 0
04:51 734.82 16.39 87 .89 0
04:52 734.82 16.39 87 1.34 0
04:53 734.82 16.39 87 1.79 0
04:54 734.82 16.44 87 1.79 0
04:55 734.82 16.44 87 1.79 0
04:56 734.82 16.44 87 3.13 0
04:57 734.82 16.44 87 1.79 0
04:58 734.82 16.44 87 1.79 0
04:59 734.82 16.44 87 1.34 0
05:00 734.82 16.44 87 1.79 0
05:01 734.82 16.5 87 1.79 0
05:02 734.82 16.44 87 .89 0
05:03 734.82 16.44 87 1.79 0
05:04 734.82 16.5 87 3.13 0
05:05 735.08 16.5 87 1.79 0
05:06 734.82 16.5 87 1.34 0
05:07 734.82 16.5 87 1.34 0
05:08 735.08 16.5 87 2.24 0
05:09 734.82 16.5 87 1.79 0
05:10 734.82 16.5 87 3.13 0
05:11 734.82 16.56 87 1.34 0
05:12 734.82 16.56 87 1.79 0
05:13 734.82 16.56 87 2.68 0
05:14 734.82 16.56 87 1.79 0
05:15 734.82 16.56 87 1.34 0
05:16 735.08 16.56 87 3.13 0
05:17 734.82 16.56 87 .89 0
05:18 734.82 16.56 87 1.34 0
05:19 734.82 16.61 87 3.58 0
05:20 735.08 16.56 87 1.79 0
05:21 735.08 16.56 87 1.79 0
05:22 735.08 16.61 87 2.68 0
05:23 734.82 16.61 87 3.13 0
05:24 735.08 16.61 87 2.24 0
05:25 735.08 16.56 87 3.13 0
05:26 734.82 16.61 87 1.34 0
05:27 734.82 16.61 87 1.34 0
05:28 734.82 16.61 87 3.13 0
05:29 734.82 16.61 87 .89 0
05:30 734.82 16.61 87 1.34 0
05:31 734.82 16.67 87 2.24 0
05:32 734.82 16.67 87 1.79 0
05:33 734.82 16.67 87 1.34 0
05:34 734.82 16.67 87 3.13 0
05:35 734.82 16.67 87 .45 0
05:36 734.82 16.72 87 2.24 0
05:37 734.82 16.72 87 1.79 0
05:38 734.82 16.72 87 1.34 0
05:39 734.82 16.78 87 .89 0
05:40 734.82 16.78 87 3.58 0
05:41 734.82 16.78 87 1.34 0
05:42 734.82 16.83 87 1.34 0
05:43 734.82 16.83 87 1.34 0
05:44 734.82 16.83 87 3.13 0
05:45 734.82 16.83 87 3.13 0
05:46 734.82 16.89 87 1.34 0
05:47 734.82 16.89 87 3.58 0
05:48 734.82 16.89 86 1.79 0
05:49 734.82 16.89 86 1.34 0
05:50 734.82 16.94 86 .45 0
05:51 734.82 16.94 87 3.13 0
05:52 734.82 16.94 86 3.13 0
05:53 734.82 16.94 86 1.34 0
05:54 734.82 17 86 .89 0
05:55 734.82 17 87 3.13 0
05:56 734.82 17 86 1.79 0
05:57 734.82 17.06 86 3.58 0
05:58 734.82 17.06 86 2.68 0
05:59 734.82 17.06 86 3.13 0
06:00 734.82 17.11 86 2.68 0
06:01 734.82 17.11 86 2.68 0
06:02 734.82 17.17 86 1.79 0
06:03 734.82 17.17 86 2.24 0
06:04 734.82 17.17 86 1.79 0
06:05 734.82 17.22 86 .89 0
06:06 734.82 17.28 86 1.79 0
06:07 735.08 17.28 86 3.58 0
06:08 734.82 17.28 85 1.34 0
06:09 734.82 17.28 85 3.58 0
06:10 734.82 17.33 86 1.34 0
06:11 734.82 17.33 85 2.24 0
06:12 734.82 17.33 85 1.34 0
06:13 735.08 17.33 85 4.92 0
06:14 735.08 17.33 85 2.24 0
06:15 735.08 17.33 85 2.24 0
06:16 735.08 17.33 85 3.13 0
06:17 735.08 17.33 85 3.13 0
06:18 735.08 17.33 85 3.13 0
06:19 735.08 17.33 85 3.58 0
06:20 735.08 17.33 85 3.58 0
06:21 735.08 17.33 85 3.58 0
06:22 735.08 17.33 85 1.79 0
06:23 735.08 17.33 85 4.02 0
06:24 735.08 17.33 85 2.68 0
06:25 735.08 17.39 85 2.24 0
06:26 735.08 17.39 85 1.79 0
06:27 735.08 17.44 85 2.68 0
06:28 735.08 17.44 85 5.81 0
06:29 735.08 17.44 85 3.58 0
06:30 735.08 17.44 85 .45 0
06:31 735.08 17.44 85 4.02 0
06:32 735.08 17.5 85 2.24 0
06:33 735.08 17.5 85 4.92 0
06:34 735.08 17.56 85 2.24 0
06:35 735.08 17.56 85 2.68 0
06:36 735.33 17.56 85 3.58 0
06:37 735.33 17.56 85 1.79 0
06:38 735.33 17.61 85 1.79 0
06:39 735.33 17.61 85 3.13 0
06:40 735.08 17.61 85 3.58 0
06:41 735.33 17.61 84 4.02 0
06:42 735.33 17.61 84 4.92 0
06:43 735.33 17.56 84 1.79 0
06:44 735.33 17.56 84 1.79 0
06:45 735.33 17.56 85 4.47 0
06:46 735.33 17.5 85 2.68 0
06:47 735.33 17.56 85 4.47 0
06:48 735.33 17.5 84 3.13 0
06:49 735.33 17.5 85 5.81 0
06:50 735.33 17.44 84 4.47 0
06:51 735.33 17.44 85 3.58 0
06:52 735.33 17.39 85 1.34 0
06:53 735.33 17.44 85 4.47 0
06:54 735.33 17.39 85 4.02 0
06:55 735.33 17.39 85 4.02 0
06:56 735.33 17.44 85 1.79 0
06:57 735.33 17.44 85 4.02 0
06:58 735.33 17.5 85 1.34 0
06:59 735.33 17.5 85 4.92 0
07:00 735.33 17.56 85 1.34 0
07:01 735.33 17.61 85 1.79 0
07:02 735.33 17.56 85 4.47 0
07:03 735.33 17.56 84 6.26 0
07:04 735.58 17.56 84 3.58 0
07:05 735.33 17.5 84 4.47 0
07:06 735.33 17.5 84 4.02 0
07:07 735.58 17.44 84 7.15 0
07:08 735.58 17.39 84 6.26 0
07:09 735.58 17.33 83 3.13 0
07:10 735.58 17.33 84 3.13 0
07:11 735.58 17.33 84 2.24 0
07:12 735.58 17.28 84 4.47 0
07:13 735.58 17.33 84 1.79 0
07:14 735.58 17.33 84 2.68 0
07:15 735.58 17.39 84 4.47 0
07:16 735.58 17.44 84 4.92 0
07:17 735.58 17.44 83 3.58 0
07:18 735.33 17.5 83 1.79 0
07:19 735.58 17.5 83 1.34 0
07:20 735.33 17.56 84 3.13 0
07:21 735.58 17.61 83 2.24 0
07:22 735.58 17.61 83 6.26 0
07:23 735.33 17.61 83 4.47 0
07:24 735.58 17.61 83 4.47 0
07:25 735.58 17.61 83 4.02 0
07:26 735.58 17.61 83 1.79 0
07:27 735.58 17.61 83 2.68 0
07:28 735.58 17.61 83 4.02 0
07:29 735.58 17.67 82 4.02 0
07:30 735.58 17.61 82 4.47 0
07:31 735.58 17.61 82 5.36 0
07:32 735.58 17.56 82 3.13 0
07:33 735.58 17.56 83 3.58 0
07:34 735.58 17.5 83 4.47 0
07:35 735.58 17.5 83 2.24 0
07:36 735.58 17.5 83 .89 0
07:37 735.58 17.5 83 2.68 0
07:38 735.58 17.5 83 2.68 0
07:39 735.58 17.5 83 4.47 0
07:40 735.58 17.5 83 1.34 0
07:41 735.58 17.5 83 1.79 0
07:42 735.58 17.56 84 3.13 0
07:43 735.58 17.56 83 4.47 0
07:44 735.58 17.61 83 4.92 0
07:45 735.58 17.56 83 3.58 0
07:46 735.58 17.61 83 4.02 0
07:47 735.58 17.61 83 3.58 0
07:48 735.58 17.61 83 2.24 0
07:49 735.58 17.61 83 1.34 0
07:50 735.58 17.67 83 2.68 0
07:51 735.58 17.67 83 .45 0
07:52 735.58 17.72 83 .89 0
07:53 735.58 17.78 83 2.68 0
07:54 735.58 17.78 83 3.58 0
07:55 735.58 17.78 82 2.24 0
07:56 735.58 17.78 82 2.24 0
07:57 735.58 17.78 82 .45 0
07:58 735.58 17.83 82 1.34 0
07:59 735.58 17.83 82 3.58 0
08:00 735.58 17.89 82 4.02 0
08:01 735.58 17.89 82 3.13 0
08:02 735.58 17.89 82 1.79 0
08:03 735.58 17.94 82 2.68 0
08:04 735.58 17.94 82 .89 0
08:05 735.58 18 82 .45 0
08:06 735.58 18 82 3.13 0
08:07 735.58 18.06 81 4.02 0
08:08 735.58 18 81 1.79 0
08:09 735.58 18.06 81 4.02 0
08:10 735.58 18 81 2.68 0
08:11 735.58 17.94 81 4.02 0
08:12 735.58 17.94 81 1.79 0
08:13 735.58 17.94 81 2.24 0
08:14 735.58 18 81 .89 0
08:15 735.58 18 81 4.02 0
08:16 735.58 18.06 80 2.68 0
08:17 735.58 18.11 81 2.68 0
08:18 735.58 18.22 81 3.58 0
08:19 735.58 18.28 80 3.58 0
08:20 735.58 18.28 80 4.92 0
08:21 735.58 18.28 80 1.79 0
08:22 735.58 18.33 80 3.58 0
08:23 735.58 18.39 80 3.58 0
08:24 735.58 18.39 80 3.58 0
08:25 735.58 18.44 80 3.13 0
08:26 735.58 18.44 80 1.34 0
08:27 735.58 18.5 79 3.58 0
08:28 735.58 18.5 79 1.34 0
08:29 735.58 18.5 79 4.47 0
08:30 735.58 18.5 79 3.13 0
08:31 735.58 18.5 79 5.36 0
08:32 735.58 18.5 79 1.34 0
08:33 735.58 18.5 79 3.13 0
08:34 735.58 18.56 79 1.79 0
08:35 735.58 18.61 79 4.47 0
08:36 735.58 18.67 79 2.24 0
08:37 735.58 18.67 78 4.47 0
08:38 735.58 18.72 78 2.24 0
08:39 735.58 18.67 78 3.58 0
08:40 735.58 18.67 78 .45 0
08:41 735.58 18.72 78 1.79 0
08:42 735.58 18.78 78 1.79 0
08:43 735.58 18.83 78 1.79 0
08:44 735.58 18.83 77 1.34 0
08:45 735.58 18.89 78 4.47 0
08:46 735.58 18.94 76 4.02 0
08:47 735.58 18.94 76 3.13 0
08:48 735.58 18.94 76 3.58 0
08:49 735.58 18.94 77 4.02 0
08:50 735.58 18.94 76 3.58 0
08:51 735.58 18.94 77 2.68 0
08:52 735.58 18.94 77 3.13 0
08:53 735.58 18.94 77 1.79 0
08:54 735.58 18.94 76 1.79 0
08:55 735.84 19 76 4.47 0
08:56 735.58 18.94 75 2.24 0
08:57 735.84 18.94 75 2.24 0
08:58 735.84 18.94 75 1.79 0
08:59 735.84 18.94 76 5.81 0
09:00 735.84 19 75 5.36 0
09:01 735.84 19 75 4.47 0
09:02 735.58 19.06 75 4.47 0
09:03 735.58 19.06 75 4.47 0
09:04 735.84 19.11 75 1.79 0
09:05 735.58 19.17 75 4.02 0
09:06 735.84 19.22 74 4.47 0
09:07 735.84 19.28 75 4.47 0
09:08 735.84 19.33 74 1.79 0
09:09 735.84 19.33 74 3.58 0
09:10 735.84 19.39 74 3.13 0
09:11 735.84 19.44 75 3.58 0
09:12 735.58 19.44 75 2.24 0
09:13 735.84 19.5 74 3.13 0
09:14 735.84 19.5 75 2.68 0
09:15 735.84 19.56 75 3.58 0
09:16 735.84 19.56 74 3.58 0
09:17 735.84 19.67 74 .89 0
09:18 735.84 19.72 74 4.47 0
09:19 735.84 19.67 72 4.92 0
09:20 735.84 19.72 72 4.02 0
09:21 735.58 19.78 72 4.02 0
09:22 735.84 19.78 72 2.68 0
09:23 735.84 19.78 72 .89 0
09:24 735.84 19.78 72 .89 0
09:25 735.84 19.83 72 .45 0
09:26 735.84 19.89 72 .89 0
09:27 735.84 20 72 .45 0
09:28 735.84 20.06 72 3.58 0
09:29 735.84 20.11 71 1.79 0
09:30 735.84 20.17 70 2.68 0
09:31 735.84 20.17 70 4.92 0
09:32 735.84 20.06 70 3.58 0
09:33 735.84 20 71 .89 0
09:34 735.84 20 72 2.24 0
09:35 735.84 20 72 2.24 0
09:36 735.84 20 72 3.13 0
09:37 735.84 20 72 3.13 0
09:38 735.84 19.94 72 5.36 0
09:39 735.84 19.94 72 1.79 0
09:40 735.84 19.89 72 4.92 0
09:41 735.84 19.89 71 2.24 0
09:42 735.84 19.89 71 1.79 0
09:43 735.84 19.94 71 1.34 0
09:44 735.84 20 70 4.02 0
09:45 735.84 20 70 1.34 0
09:46 735.84 20.06 69 4.47 0
09:47 735.84 20.06 69 3.58 0
09:48 735.58 20.11 68 4.47 0
09:49 735.58 20.17 68 4.47 0
09:50 735.84 20.22 68 4.02 0
09:51 735.84 20.22 68 2.24 0
09:52 735.84 20.33 68 4.47 0
09:53 735.84 20.33 68 1.34 0
09:54 735.84 20.39 68 2.68 0
09:55 735.84 20.39 68 2.24 0
09:56 735.58 20.44 68 3.58 0
09:57 735.84 20.44 68 2.68 0
09:58 735.84 20.44 66 3.58 0
09:59 735.84 20.44 68 1.79 0
10:00 735.84 20.39 68 3.13 0
10:01 735.84 20.39 68 1.79 0
10:02 735.84 20.39 67 3.58 0
10:03 735.84 20.44 67 2.24 0
10:04 735.84 20.5 67 .89 0
10:05 735.84 20.56 67 4.02 0
10:06 735.84 20.61 66 2.68 0
10:07 735.84 20.56 66 3.58 0
10:08 735.84 20.61 67 4.47 0
10:09 735.84 20.61 67 3.13 0
10:10 735.84 20.61 67 3.13 0
10:11 735.84 20.67 67 3.13 0
10:12 735.84 20.61 66 1.79 0
10:13 735.84 20.61 67 2.68 0
10:14 735.84 20.67 67 3.13 0
10:15 735.84 20.67 66 3.58 0
10:16 735.84 20.67 67 1.34 0
10:17 735.84 20.72 68 3.13 0
10:18 735.84 20.78 68 3.58 0
10:19 735.84 20.83 64 5.36 0
10:20 735.84 20.89 68 2.24 0
10:21 735.84 20.94 68 1.79 0
10:22 735.84 20.94 67 2.24 0
10:23 735.84 20.94 68 1.34 0
10:24 735.84 21 69 3.13 0
10:25 735.84 21 69 2.68 0
10:26 735.84 21 68 4.47 0
10:27 735.84 20.94 68 1.79 0
10:28 735.84 20.94 68 1.34 0
10:29 735.84 20.94 68 1.79 0
10:30 735.84 21 69 2.24 0
10:31 735.84 21.06 69 1.79 0
10:32 735.84 21.11 70 3.13 0
10:33 735.84 21.17 68 2.68 0
10:34 735.84 21.17 68 1.79 0
10:35 735.84 21.28 68 2.68 0
10:36 735.84 21.33 67 2.24 0
10:37 735.84 21.39 67 2.24 0
10:38 735.84 21.44 67 1.34 0
10:39 735.84 21.5 68 3.13 0
10:40 735.84 21.5 67 1.79 0
10:41 735.84 21.44 67 3.58 0
10:42 735.84 21.39 67 1.79 0
10:43 735.84 21.33 67 3.13 0
10:44 735.84 21.33 68 3.58 0
10:45 735.84 21.28 68 2.24 0
10:46 735.84 21.22 68 2.24 0
10:47 735.84 21.17 67 4.02 0
10:48 735.84 21.11 67 3.13 0
10:49 735.84 21.06 67 2.24 0
10:50 735.84 21.06 67 4.47 0
10:51 736.09 21 67 3.13 0
10:52 736.09 20.94 66 3.13 0
10:53 735.84 20.89 67 1.34 0
10:54 736.09 20.94 67 1.34 0
10:55 735.84 21 68 .89 0
10:56 735.84 21.06 68 3.13 0
10:57 735.84 21.17 67 1.34 0
10:58 735.84 21.17 67 1.79 0
10:59 735.84 21.28 66 3.58 0
11:00 735.84 21.33 66 2.24 0
11:01 735.84 21.39 65 1.79 0
11:02 735.84 21.44 64 2.24 0
11:03 735.84 21.44 64 5.36 0
11:04 735.84 21.44 65 3.58 0
11:05 735.84 21.44 65 2.24 0
11:06 735.84 21.44 66 4.92 0
11:07 735.84 21.56 66 1.79 0
11:08 735.84 21.61 67 4.47 0
11:09 735.84 21.61 65 4.47 0
11:10 735.84 21.67 63 2.68 0
11:11 735.84 21.61 63 1.34 0
11:12 735.84 21.67 64 2.24 0
11:13 735.84 21.67 64 2.68 0
11:14 735.84 21.67 64 4.92 0
11:15 735.84 21.61 63 .89 0
11:16 735.84 21.61 63 2.68 0
11:17 735.84 21.61 62 3.13 0
11:18 735.84 21.56 63 4.02 0
11:19 735.84 21.5 63 2.68 0
11:20 736.09 21.5 64 1.79 0
11:21 736.09 21.5 64 1.79 0
11:22 736.09 21.5 64 1.34 0
11:23 736.09 21.56 63 4.92 0
11:24 735.84 21.5 64 2.24 0
11:25 736.09 21.56 64 3.13 0
11:26 736.09 21.56 64 3.58 0
11:27 736.09 21.56 64 4.47 0
11:28 736.09 21.56 64 4.47 0
11:29 736.09 21.56 64 1.79 0
11:30 735.84 21.5 63 2.24 0
11:31 736.09 21.44 64 4.02 0
11:32 736.09 21.44 64 1.34 0
11:33 736.09 21.44 64 3.58 0
11:34 736.09 21.44 64 4.02 0
11:35 736.09 21.44 64 3.13 0
11:36 736.09 21.39 64 3.13 0
11:37 736.09 21.44 64 4.92 0
11:38 736.09 21.5 64 3.58 0
11:39 736.09 21.5 65 3.58 0
11:40 735.84 21.67 65 2.24 0
11:41 736.09 21.83 64 1.79 0
11:42 735.84 22 65 2.68 0
11:43 736.09 22.17 64 1.79 0
11:44 735.84 22.33 64 3.58 0
11:45 736.09 22.33 62 4.47 0
11:46 736.09 22.28 62 3.58 0
11:47 736.09 22.11 62 2.68 0
11:48 736.09 22 63 4.02 0
11:49 736.09 21.89 64 3.13 0
11:50 736.09 21.83 64 2.68 0
11:51 736.09 21.78 65 4.02 0
11:52 736.09 21.67 65 4.47 0
11:53 736.09 21.56 65 2.24 0
11:54 736.09 21.44 65 4.47 0
11:55 736.09 21.33 66 4.92 0
11:56 736.09 21.17 66 4.02 0
11:57 736.09 21.06 66 3.13 0
11:58 736.09 21 67 6.71 0
11:59 736.09 20.89 66 3.58 0
12:00 736.09 20.83 67 2.68 0
12:01 736.09 20.78 67 3.58 0
12:02 736.09 20.72 67 3.58 0
12:03 736.09 20.67 68 3.13 0
12:04 736.09 20.67 68 4.02 0
12:05 736.09 20.61 68 3.58 0
12:06 736.09 20.56 69 6.71 0
12:07 736.09 20.44 68 1.79 0
12:08 736.09 20.44 69 2.68 0
12:09 736.09 20.33 69 3.58 0
12:10 736.09 20.33 70 1.34 0
12:11 736.09 20.33 70 4.47 0
12:12 736.09 20.33 70 1.34 0
12:13 736.09 20.33 70 2.68 0
12:14 736.09 20.33 70 4.02 0
12:15 736.09 20.33 70 3.58 0
12:16 736.09 20.33 71 4.02 0
12:17 736.09 20.33 70 5.36 0
12:18 736.35 20.33 70 5.36 0
12:19 736.09 20.39 68 2.68 0
12:20 736.09 20.39 69 5.36 0
12:21 736.09 20.44 68 4.92 0
12:22 736.09 20.44 67 1.79 0
12:23 736.09 20.44 68 3.58 0
12:24 736.09 20.44 68 2.24 0
12:25 736.09 20.5 67 2.68 0
12:26 736.09 20.56 67 4.02 0
12:27 736.09 20.67 67 3.13 0
12:28 736.09 20.78 67 4.47 0
12:29 736.09 20.89 66 3.58 0
12:30 736.09 21 66 1.79 0
12:31 736.09 21.17 66 1.34 0
12:32 736.09 21.33 66 5.81 0
12:33 736.09 21.39 63 6.26 0
12:34 736.09 21.39 63 4.92 0
12:35 736.09 21.39 63 3.58 0
12:36 736.09 21.39 63 6.71 0
12:37 736.09 21.39 62 2.68 0
12:38 736.09 21.39 62 4.92 0
12:39 736.09 21.39 61 1.34 0
12:40 736.09 21.39 63 4.92 0
12:41 736.09 21.44 62 4.92 0
12:42 736.09 21.5 62 4.02 0
12:43 736.09 21.56 62 4.02 0
12:44 736.09 21.61 63 6.71 0
12:45 736.09 21.67 62 6.26 0
12:46 736.09 21.67 61 5.81 0
12:47 736.09 21.61 61 4.92 0
12:48 736.09 21.61 62 3.58 0
12:49 736.09 21.61 63 6.26 0
12:50 736.09 21.56 63 4.47 0
12:51 736.09 21.44 63 3.58 0
12:52 736.09 21.44 64 4.02 0
12:53 736.09 21.39 64 3.58 0
12:54 736.09 21.33 64 4.47 0
12:55 736.09 21.44 64 2.24 0
12:56 736.09 21.5 65 5.81 0
12:57 736.09 21.61 65 3.58 0
12:58 736.09 21.78 65 2.68 0
12:59 736.09 21.94 63 5.36 0
13:00 735.84 22.06 63 3.58 0
13:01 736.09 22.11 62 3.58 0
13:02 736.09 22.17 62 1.79 0
13:03 735.84 22.28 62 1.79 0
13:04 735.84 22.39 63 6.71 0
13:05 736.09 22.5 61 4.02 0
13:06 736.09 22.61 60 1.79 0
13:07 736.09 22.61 59 4.47 0
13:08 735.84 22.56 60 2.24 0
13:09 736.09 22.56 60 4.92 0
13:10 736.09 22.5 59 6.26 0
13:11 735.84 22.39 57 3.58 0
13:12 735.84 22.39 59 3.13 0
13:13 735.84 22.39 59 2.24 0
13:14 735.84 22.5 60 5.36 0
13:15 735.84 22.44 57 3.58 0
13:16 735.84 22.44 58 2.68 0
13:17 735.84 22.39 59 2.68 0
13:18 735.84 22.44 58 4.92 0
13:19 735.84 22.39 57 5.36 0
13:20 735.84 22.33 58 4.02 0
13:21 735.84 22.44 59 4.92 0
13:22 736.09 22.5 57 4.92 0
13:23 735.84 22.61 55 5.81 0
13:24 735.84 22.72 54 4.47 0
13:25 736.09 22.72 54 2.68 0
13:26 736.09 22.67 54 4.47 0
13:27 735.84 22.67 53 6.71 0
13:28 736.09 22.61 53 1.34 0
13:29 736.09 22.67 54 3.58 0
13:30 735.84 22.67 53 7.15 0
13:31 735.84 22.72 55 1.79 0
13:32 736.09 22.83 55 3.58 0
13:33 736.09 22.94 55 2.68 0
13:34 735.84 23.06 55 3.13 0
13:35 736.09 23.17 55 3.58 0
13:36 736.09 23.22 55 5.36 0
13:37 736.09 23.22 55 1.79 0
13:38 735.84 23.33 55 1.79 0
13:39 735.84 23.44 54 1.79 0
13:40 736.09 23.56 54 4.92 0
13:41 736.09 23.56 54 4.47 0
13:42 736.09 23.44 54 3.58 0
13:43 736.09 23.39 56 3.13 0
13:44 736.09 23.33 55 5.36 0
13:45 736.09 23.22 56 5.36 0
13:46 736.09 23.06 55 3.58 0
13:47 736.09 22.89 56 3.13 0
13:48 736.09 22.83 56 2.24 0
13:49 736.09 22.83 55 5.81 0
13:50 736.09 22.78 55 4.02 0
13:51 736.09 22.67 55 4.92 0
13:52 736.09 22.56 56 4.92 0
13:53 736.09 22.44 57 3.58 0
13:54 736.09 22.39 57 2.24 0
13:55 736.09 22.39 57 1.79 0
13:56 736.09 22.39 58 3.13 0
13:57 736.09 22.44 57 4.47 0
13:58 736.09 22.56 57 4.47 0
13:59 736.09 22.61 58 4.02 0
14:00 736.09 22.72 56 3.58 0
14:01 736.09 22.89 55 5.81 0
14:02 736.09 22.94 55 8.05 0
14:03 736.09 22.94 55 5.81 0
14:04 736.09 22.94 56 7.15 0
14:05 736.09 22.83 55 1.79 0
14:06 736.09 22.78 55 7.15 0
14:07 736.09 22.78 56 4.92 0
14:08 736.09 22.78 56 2.24 0
14:09 736.09 22.89 56 3.58 0
14:10 736.09 23.06 56 3.58 0
14:11 736.09 23.17 56 3.58 0
14:12 736.09 23.22 54 6.26 0
14:13 736.09 23.17 54 3.13 0
14:14 736.09 23.17 54 5.81 0
14:15 736.09 23.06 54 4.02 0
14:16 736.09 23 54 1.79 0
14:17 736.09 22.94 54 3.58 0
14:18 736.09 22.94 55 2.24 0
14:19 736.09 22.94 55 4.02 0
14:20 736.09 23 54 4.92 0
14:21 736.09 23 54 2.68 0
14:22 736.09 23 54 1.34 0
14:23 736.09 23 54 4.47 0
14:24 736.09 23.06 54 3.13 0
14:25 736.09 23.06 54 4.47 0
14:26 736.09 23.11 55 2.68 0
14:27 736.09 23.11 55 6.71 0
14:28 736.09 23.11 54 4.92 0
14:29 736.09 23.11 54 3.13 0
14:30 736.09 23.11 54 4.92 0
14:31 736.09 23.11 54 6.71 0
14:32 736.09 23.06 53 4.92 0
14:33 736.09 23.11 53 5.36 0
14:34 736.35 23.06 53 4.47 0
14:35 736.09 23 54 4.02 0
14:36 736.35 23 54 5.36 0
14:37 736.35 23 55 5.81 0
14:38 736.09 23.06 54 3.58 0
14:39 736.35 23.06 55 2.68 0
14:40 736.35 23.11 54 4.02 0
14:41 736.35 23.11 54 5.81 0
14:42 736.35 23.17 54 4.47 0
14:43 736.35 23.17 54 6.71 0
14:44 736.35 23.06 52 4.47 0
14:45 736.35 23.06 54 6.26 0
14:46 736.35 23.06 54 1.34 0
14:47 736.35 23.11 54 4.47 0
14:48 736.35 23.22 54 5.36 0
14:49 736.35 23.28 52 6.26 0
14:50 736.35 23.28 51 8.49 0
14:51 736.35 23.28 50 4.47 0
14:52 736.35 23.22 51 3.13 0
14:53 736.35 23.17 51 4.92 0
14:54 736.35 23.22 52 2.68 0
14:55 736.35 23.17 53 7.6 0
14:56 736.09 23.17 53 4.92 0
14:57 736.35 23.17 52 4.92 0
14:58 736.35 23.11 52 4.92 0
14:59 736.35 23.06 53 1.79 0
15:00 736.35 23.06 53 4.92 0
15:01 736.09 23.11 53 1.79 0
15:02 736.35 23.22 53 1.34 0
15:03 736.09 23.22 52 3.13 0
15:04 736.09 23.22 53 3.58 0
15:05 736.35 23.28 52 7.15 0
15:06 736.09 23.28 52 2.24 0
15:07 736.35 23.28 52 3.13 0
15:08 736.09 23.28 51 1.79 0
15:09 736.09 23.33 52 1.34 0
15:10 736.35 23.39 53 2.68 0
15:11 736.09 23.44 53 2.68 0
15:12 736.09 23.5 52 .89 0
15:13 736.35 23.56 53 1.34 0
15:14 736.35 23.61 52 4.47 0
15:15 736.09 23.5 51 4.02 0
15:16 736.09 23.5 52 1.79 0
15:17 736.09 23.5 53 .89 0
15:18 736.09 23.56 54 2.24 0
15:19 736.09 23.67 53 1.79 0
15:20 736.09 23.78 52 3.58 0
15:21 736.09 23.78 52 4.47 0
15:22 736.09 23.78 53 .89 0
15:23 736.09 23.83 53 5.36 0
15:24 736.35 23.83 52 6.71 0
15:25 736.09 23.67 52 1.79 0
15:26 736.35 23.44 53 5.81 0
15:27 736.35 23.17 52 4.02 0
15:28 736.35 22.94 54 4.47 0
15:29 736.35 22.78 54 3.58 0
15:30 736.35 22.72 55 .89 0
15:31 736.35 22.61 55 1.34 0
15:32 736.35 22.56 56 2.24 0
15:33 736.35 22.56 56 .89 0
15:34 736.35 22.56 57 1.79 0
15:35 736.35 22.5 56 2.68 0
15:36 736.35 22.56 56 .89 0
15:37 736.35 22.56 57 2.68 0
15:38 736.35 22.56 56 4.02 0
15:39 736.35 22.61 56 1.79 0
15:40 736.35 22.61 56 4.92 0
15:41 736.35 22.61 56 6.71 0
15:42 736.35 22.61 56 2.24 0
15:43 736.35 22.61 57 1.79 0
15:44 736.35 22.61 57 1.34 0
15:45 736.35 22.67 56 4.47 0
15:46 736.35 22.67 56 1.79 0
15:47 736.35 22.78 56 3.13 0
15:48 736.35 22.78 56 4.47 0
15:49 736.35 22.78 55 4.47 0
15:50 736.35 22.78 54 3.58 0
15:51 736.35 22.78 55 4.92 0
15:52 736.35 22.78 55 6.26 0
15:53 736.35 22.78 54 7.6 0
15:54 736.35 22.78 54 4.47 0
15:55 736.35 22.78 55 4.47 0
15:56 736.35 22.83 54 4.47 0
15:57 736.35 22.83 55 1.34 0
15:58 736.35 22.94 55 .89 0
15:59 736.35 23.06 55 1.79 0
16:00 736.35 23.22 56 1.34 0
16:01 736.35 23.28 55 5.36 0
16:02 736.35 23.33 52 3.13 0
16:03 736.35 23.39 53 2.68 0
16:04 736.35 23.39 52 2.24 0
16:05 736.35 23.39 52 4.02 0
16:06 736.09 23.44 53 1.79 0
16:07 736.35 23.5 53 5.36 0
16:08 736.35 23.56 51 4.92 0
16:09 736.35 23.56 51 .89 0
16:10 736.35 23.61 51 4.02 0
16:11 736.35 23.61 52 4.02 0
16:12 736.35 23.56 52 2.68 0
16:13 736.35 23.5 53 5.36 0
16:14 736.35 23.39 52 2.68 0
16:15 736.35 23.28 52 4.02 0
16:16 736.35 23.17 53 2.68 0
16:17 736.35 23.11 53 4.92 0
16:18 736.35 23 52 4.47 0
16:19 736.35 22.94 53 1.34 0
16:20 736.35 22.94 54 3.58 0
16:21 736.35 22.89 53 1.79 0
16:22 736.35 22.94 52 2.24 0
16:23 736.35 22.94 53 6.26 0
16:24 736.35 23 52 1.79 0
16:25 736.35 23.11 53 4.92 0
16:26 736.35 23.11 52 2.68 0
16:27 736.35 23.22 52 2.68 0
16:28 736.35 23.28 52 4.02 0
16:29 736.35 23.33 52 2.24 0
16:30 736.35 23.39 52 1.34 0
16:31 736.35 23.44 52 1.79 0
16:32 736.35 23.56 52 4.47 0
16:33 736.35 23.67 52 2.24 0
16:34 736.35 23.72 51 4.92 0
16:35 736.35 23.72 51 5.36 0
16:36 736.35 23.72 52 3.13 0
16:37 736.35 23.67 52 5.81 0
16:38 736.35 23.61 52 4.02 0
16:39 736.35 23.67 52 4.47 0
16:40 736.35 23.61 52 5.81 0
16:41 736.35 23.5 51 5.81 0
16:42 736.35 23.44 51 3.58 0
16:43 736.35 23.39 51 3.13 0
16:44 736.35 23.33 53 4.92 0
16:45 736.35 23.33 54 3.58 0
16:46 736.35 23.33 53 1.34 0
16:47 736.35 23.28 53 2.68 0
16:48 736.35 23.28 54 4.92 0
16:49 736.35 23.22 52 4.47 0
16:50 736.35 23.11 53 2.68 0
16:51 736.35 23.06 54 2.68 0
16:52 736.35 23.06 54 5.81 0
16:53 736.35 23.06 53 4.92 0
16:54 736.35 23 53 1.34 0
16:55 736.35 22.94 53 2.68 0
16:56 736.35 23 54 .89 0
16:57 736.35 23.06 55 3.13 0
16:58 736.35 23.11 54 4.02 0
16:59 736.35 23.22 54 4.92 0
17:00 736.35 23.28 54 4.02 0
17:01 736.35 23.33 52 5.36 0
17:02 736.35 23.33 53 3.58 0
17:03 736.35 23.33 53 1.79 0
17:04 736.35 23.39 53 7.15 0
17:05 736.6 23.44 52 3.13 0
17:06 736.6 23.44 53 4.02 0
17:07 736.6 23.5 53 1.79 0
17:08 736.6 23.56 52 4.47 0
17:09 736.6 23.61 51 3.13 0
17:10 736.6 23.61 51 5.36 0
17:11 736.35 23.56 51 2.24 0
17:12 736.35 23.5 52 7.6 0
17:13 736.6 23.44 52 6.26 0
17:14 736.35 23.39 52 3.58 0
17:15 736.6 23.33 52 3.58 0
17:16 736.6 23.33 52 6.26 0
17:17 736.6 23.28 50 4.47 0
17:18 736.6 23.22 50 4.02 0
17:19 736.35 23.22 52 3.58 0
17:20 736.6 23.22 52 7.15 0
17:21 736.6 23.22 52 4.92 0
17:22 736.35 23.22 53 6.71 0
17:23 736.35 23.22 51 5.81 0
17:24 736.35 23.22 52 6.26 0
17:25 736.6 23.22 52 3.13 0
17:26 736.6 23.28 53 3.58 0
17:27 736.6 23.33 52 2.24 0
17:28 736.6 23.44 52 4.02 0
17:29 736.6 23.5 52 5.81 0
17:30 736.6 23.5 51 1.34 0
17:31 736.6 23.5 51 3.13 0
17:32 736.6 23.5 51 4.47 0
17:33 736.6 23.44 51 3.13 0
17:34 736.6 23.39 51 1.79 0
17:35 736.6 23.33 51 2.24 0
17:36 736.6 23.28 52 1.79 0
17:37 736.6 23.11 52 3.58 0
17:38 736.6 23.06 53 .89 0
17:39 736.6 23.06 53 3.13 0
17:40 736.6 23.06 53 2.24 0
17:41 736.6 23.06 53 4.47 0
17:42 736.6 23.11 53 4.47 0
17:43 736.6 23.11 53 4.02 0
17:44 736.6 23.17 53 .89 0
17:45 736.6 23.22 53 1.79 0
17:46 736.6 23.28 53 5.81 0
17:47 736.6 23.33 53 5.81 0
17:48 736.6 23.44 52 3.13 0
17:49 736.6 23.39 51 2.24 0
17:50 736.6 23.33 51 5.36 0
17:51 736.6 23.22 51 4.02 0
17:52 736.6 23.17 51 3.13 0
17:53 736.6 23.17 51 3.58 0
17:54 736.6 23.11 52 1.79 0
17:55 736.6 23.17 52 2.24 0
17:56 736.6 23.17 52 3.13 0
17:57 736.6 23.22 52 2.68 0
17:58 736.6 23.22 52 1.34 0
17:59 736.6 23.22 52 .89 0
18:00 736.6 23.33 52 1.79 0
18:01 736.6 23.39 52 1.79 0
18:02 736.6 23.44 52 4.47 0
18:03 736.6 23.44 51 2.24 0
18:04 736.6 23.5 51 2.24 0
18:05 736.6 23.5 52 3.13 0
18:06 736.6 23.5 51 5.81 0
18:07 736.6 23.44 51 3.58 0
18:08 736.6 23.39 51 4.02 0
18:09 736.6 23.33 51 5.81 0
18:10 736.6 23.28 51 2.68 0
18:11 736.6 23.22 52 5.81 0
18:12 736.6 23.17 51 4.02 0
18:13 736.6 23.17 52 3.13 0
18:14 736.6 23.17 51 3.58 0
18:15 736.6 23.17 51 3.58 0
18:16 736.6 23.17 52 4.47 0
18:17 736.6 23.22 51 4.92 0
18:18 736.6 23.28 51 .89 0
18:19 736.6 23.28 52 1.79 0
18:20 736.6 23.33 52 1.34 0
18:21 736.6 23.33 52 3.58 0
18:22 736.6 23.39 52 3.58 0
18:23 736.6 23.44 51 4.92 0
18:24 736.6 23.5 51 4.02 0
18:25 736.6 23.5 51 1.34 0
18:26 736.6 23.56 52 4.02 0
18:27 736.6 23.5 52 5.81 0
18:28 736.6 23.44 51 4.47 0
18:29 736.6 23.44 51 2.68 0
18:30 736.6 23.44 51 2.24 0
18:31 736.6 23.39 51 3.58 0
18:32 736.6 23.39 51 1.34 0
18:33 736.6 23.39 51 5.36 0
18:34 736.6 23.33 51 1.79 0
18:35 736.6 23.39 52 4.02 0
18:36 736.6 23.33 51 1.79 0
18:37 736.6 23.33 52 3.13 0
18:38 736.6 23.33 52 2.68 0
18:39 736.6 23.28 52 1.79 0
18:40 736.6 23.33 52 2.24 0
18:41 736.6 23.33 52 1.79 0
18:42 736.6 23.33 52 1.79 0
18:43 736.6 23.33 52 2.68 0
18:44 736.6 23.33 52 3.58 0
18:45 736.6 23.28 52 2.68 0
18:46 736.6 23.28 52 4.02 0
18:47 736.6 23.22 52 4.02 0
18:48 736.6 23.22 52 2.24 0
18:49 736.6 23.17 52 1.79 0
18:50 736.6 23.11 53 1.79 0
18:51 736.6 23.11 52 3.13 0
18:52 736.6 23.11 52 5.36 0
18:53 736.6 23.11 52 4.02 0
18:54 736.6 23 52 3.58 0
18:55 736.6 23 52 4.47 0
18:56 736.6 23 52 1.79 0
18:57 736.6 22.94 52 1.34 0
18:58 736.6 23 53 1.34 0
18:59 736.6 23.06 53 3.58 0
19:00 736.6 23.06 53 2.68 0
19:01 736.6 23.06 52 3.58 0
19:02 736.6 23.06 52 2.24 0
19:03 736.6 23.06 52 4.47 0
19:04 736.6 23.06 52 1.79 0
19:05 736.6 23.06 52 1.34 0
19:06 736.6 23.06 52 2.68 0
19:07 736.6 23.06 52 2.24 0
19:08 736.6 23.06 52 3.58 0
19:09 736.6 23 52 4.47 0
19:10 736.6 23 52 1.79 0
19:11 736.6 22.94 53 1.34 0
19:12 736.6 22.94 53 2.68 0
19:13 736.6 22.94 53 1.34 0
19:14 736.6 22.94 53 3.58 0
19:15 736.6 22.89 53 2.24 0
19:16 736.6 22.83 53 1.79 0
19:17 736.6 22.83 53 .89 0
19:18 736.6 22.89 54 2.24 0
19:19 736.6 22.83 53 1.34 0
19:20 736.6 22.89 54 .89 0
19:21 736.6 22.89 54 3.13 0
19:22 736.6 22.89 53 2.24 0
19:23 736.6 22.89 52 1.79 0
19:24 736.6 22.89 52 .89 0
19:25 736.6 22.89 53 1.79 0
19:26 736.6 22.94 53 1.79 0
19:27 736.6 22.94 53 1.34 0
19:28 736.6 22.94 53 .89 0
19:29 736.6 22.94 53 0 0
19:30 736.6 22.94 53 1.34 0
19:31 736.6 22.94 53 .89 0
19:32 736.6 23 53 .89 0
19:33 736.6 23.06 52 2.24 0
19:34 736.6 23.06 52 2.24 0
19:35 736.6 23.06 51 4.02 0
19:36 736.6 23 51 4.47 0
19:37 736.6 22.94 51 2.68 0
19:38 736.6 22.94 52 1.79 0
19:39 736.6 22.89 51 1.79 0
19:40 736.6 22.83 52 1.34 0
19:41 736.6 22.83 53 .45 0
19:42 736.6 22.83 53 .89 0
19:43 736.6 22.83 53 1.34 0
19:44 736.6 22.83 53 1.79 0
19:45 736.6 22.83 53 1.79 0
19:46 736.6 22.83 53 1.79 0
19:47 736.6 22.83 52 2.24 0
19:48 736.6 22.83 52 .89 0
19:49 736.6 22.78 53 1.79 0
19:50 736.6 22.78 52 1.34 0
19:51 736.6 22.72 53 .89 0
19:52 736.6 22.78 53 .45 0
19:53 736.6 22.72 53 .45 0
19:54 736.6 22.72 53 1.34 0
19:55 736.6 22.67 53 .89 0
19:56 736.6 22.67 53 1.34 0
19:57 736.85 22.67 53 1.34 0
19:58 736.6 22.67 54 .45 0
19:59 736.6 22.67 53 .45 0
20:00 736.6 22.72 53 .89 0
20:01 736.85 22.72 53 .45 0
20:02 736.6 22.72 53 1.34 0
20:03 736.6 22.67 52 .89 0
20:04 736.6 22.72 53 1.34 0
20:05 736.6 22.67 53 .89 0
20:06 736.6 22.67 52 1.34 0
20:07 736.85 22.61 52 1.34 0
20:08 736.6 22.56 52 2.68 0
20:09 736.85 22.56 53 2.24 0
20:10 736.6 22.5 53 1.34 0
20:11 736.85 22.44 52 2.68 0
20:12 736.6 22.39 52 2.68 0
20:13 736.85 22.39 52 1.79 0
20:14 736.85 22.33 53 1.34 0
20:15 736.85 22.28 53 2.68 0
20:16 736.85 22.28 53 1.79 0
20:17 736.85 22.28 53 1.34 0
20:18 736.85 22.22 53 1.79 0
20:19 736.85 22.17 53 1.79 0
20:20 736.85 22.17 53 1.34 0
20:21 736.85 22.11 53 1.34 0
20:22 736.85 22.11 54 .89 0
20:23 736.85 22.11 54 .89 0
20:24 736.85 22.11 54 .89 0
20:25 736.85 22.06 54 .89 0
20:26 736.85 22.06 54 1.79 0
20:27 736.85 22 53 1.79 0
20:28 736.85 22 54 1.79 0
20:29 736.85 22 54 1.34 0
20:30 736.85 22 54 .89 0
20:31 736.85 21.94 54 1.34 0
20:32 736.85 21.94 54 1.34 0
20:33 736.85 21.94 54 .89 0
20:34 737.11 21.89 54 1.34 0
20:35 736.85 21.83 54 .89 0
20:36 736.85 21.83 55 .45 0
20:37 737.11 21.78 55 1.34 0
20:38 737.11 21.78 55 .45 0
20:39 737.11 21.72 55 .89 0
20:40 737.11 21.72 55 .89 0
20:41 737.11 21.67 56 1.79 0
20:42 737.11 21.61 55 2.68 0
20:43 737.11 21.61 55 1.79 0
20:44 737.11 21.56 56 2.68 0
20:45 737.11 21.5 55 1.34 0
20:46 737.11 21.5 56 .45 0
20:47 737.11 21.44 56 .89 0
20:48 737.11 21.44 56 .89 0
20:49 737.11 21.39 56 .89 0
20:50 737.11 21.33 56 .89 0
20:51 737.11 21.33 56 1.34 0
20:52 737.11 21.28 56 .89 0
20:53 737.11 21.28 56 .89 0
20:54 737.11 21.22 57 1.79 0
20:55 737.11 21.17 56 .89 0
20:56 737.11 21.17 57 1.34 0
20:57 737.11 21.17 57 .89 0
20:58 737.11 21.11 57 .89 0
20:59 737.11 21.06 57 .89 0
21:00 737.11 21 57 1.34 0
21:01 737.11 21 57 .89 0
21:02 737.11 21 57 .89 0
21:03 737.11 20.94 57 1.34 0
21:04 737.11 20.89 57 .45 0
21:05 737.11 20.89 57 .89 0
21:06 737.11 20.83 57 .89 0
21:07 737.11 20.83 57 .45 0
21:08 737.11 20.78 57 .45 0
21:09 737.11 20.78 58 .45 0
21:10 737.36 20.72 58 .45 0
21:11 737.36 20.72 58 .45 0
21:12 737.36 20.67 58 .45 0
21:13 737.36 20.67 59 .89 0
21:14 737.36 20.61 59 .45 0
21:15 737.36 20.56 59 .89 0
21:16 737.36 20.56 60 .45 0
21:17 737.36 20.5 60 .45 0
21:18 737.36 20.44 60 .89 0
21:19 737.36 20.39 60 .89 0
21:20 737.36 20.39 61 0 0
21:21 737.36 20.33 61 0 0
21:22 737.36 20.28 62 .45 0
21:23 737.36 20.22 62 .45 0
21:24 737.36 20.11 62 .45 0
21:25 737.36 20.06 62 .89 0
21:26 737.36 20 63 .89 0
21:27 737.36 20 63 1.34 0
21:28 737.36 19.94 63 .89 0
21:29 737.36 19.89 63 .89 0
21:30 737.36 19.89 63 .89 0
21:31 737.36 19.83 62 .45 0
21:32 737.36 19.83 63 .45 0
21:33 737.36 19.83 63 .45 0
21:34 737.36 19.83 64 .45 0
21:35 737.36 19.83 64 .45 0
21:36 737.36 19.78 65 .45 0
21:37 737.36 19.78 64 1.34 0
21:38 737.36 19.72 64 .89 0
21:39 737.36 19.72 64 .89 0
21:40 737.36 19.67 65 .45 0
21:41 737.36 19.61 65 .45 0
21:42 737.36 19.56 65 .45 0
21:43 737.36 19.56 66 .45 0
21:44 737.36 19.56 65 .45 0
21:45 737.36 19.44 65 .45 0
21:46 737.36 19.39 66 0 0
21:47 737.36 19.39 66 .45 0
21:48 737.36 19.33 66 0 0
21:49 737.36 19.28 66 0 0
21:50 737.36 19.22 66 0 0
21:51 737.36 19.17 66 .45 0
21:52 737.11 19.17 66 .45 0
21:53 737.36 19.11 66 0 0
21:54 737.36 19.11 67 0 0
21:55 737.36 19.06 67 0 0
21:56 737.36 19 67 .45 0
21:57 737.36 18.94 67 .45 0
21:58 737.36 18.89 67 .45 0
21:59 737.36 18.83 67 .45 0
22:00 737.36 18.78 68 .89 0
22:01 737.36 18.78 68 .45 0
22:02 737.36 18.67 68 0 0
22:03 737.36 18.67 68 0 0
22:04 737.36 18.61 68 0 0
22:05 737.36 18.56 69 0 0
22:06 737.36 18.5 70 0 0
22:07 737.36 18.5 70 0 0
22:08 737.36 18.39 70 0 0
22:09 737.36 18.33 70 0 0
22:10 737.36 18.28 70 0 0
22:11 737.36 18.22 70 0 0
22:12 737.36 18.17 73 0 0
22:13 737.36 18.11 73 0 0
22:14 737.36 18.06 73 0 0
22:15 737.36 18 73 0 0
22:16 737.36 17.94 74 0 0
22:17 737.36 17.89 74 0 0
22:18 737.36 17.83 75 0 0
22:19 737.36 17.72 74 0 0
22:20 737.36 17.67 74 0 0
22:21 737.36 17.61 74 0 0
22:22 737.36 17.56 75 0 0
22:23 737.36 17.5 75 0 0
22:24 737.36 17.44 75 0 0
22:25 737.36 17.33 75 0 0
22:26 737.36 17.33 76 0 0
22:27 737.36 17.28 76 0 0
22:28 737.36 17.22 76 0 0
22:29 737.36 17.17 76 0 0
22:30 737.36 17.11 76 0 0
22:31 737.36 17.06 76 0 0
22:32 737.36 17 76 0 0
22:33 737.36 16.94 76 0 0
22:34 737.36 16.89 77 0 0
22:35 737.36 16.83 77 0 0
22:36 737.36 16.83 77 0 0
22:37 737.36 16.83 77 0 0
22:38 737.36 16.78 77 0 0
22:39 737.36 16.72 77 0 0
22:40 737.36 16.72 78 0 0
22:41 737.36 16.67 77 0 0
22:42 737.36 16.61 77 0 0
22:43 737.36 16.61 77 0 0
22:44 737.36 16.56 78 0 0
22:45 737.36 16.56 78 0 0
22:46 737.36 16.5 78 0 0
22:47 737.36 16.44 78 0 0
22:48 737.36 16.44 78 0 0
22:49 737.36 16.44 78 0 0
22:50 737.36 16.39 78 0 0
22:51 737.36 16.33 79 0 0
22:52 737.36 16.28 79 0 0
22:53 737.36 16.28 79 0 0
22:54 737.36 16.28 79 0 0
22:55 737.36 16.22 79 0 0
22:56 737.36 16.17 79 0 0
22:57 737.36 16.17 79 0 0
22:58 737.36 16.11 79 0 0
22:59 737.36 16.17 79 0 0
23:00 737.36 16.11 79 0 0
23:01 737.36 16.11 79 0 0
23:02 737.36 16.06 79 0 0
23:03 737.36 16 79 0 0
23:04 737.36 15.94 79 0 0
23:05 737.36 15.94 79 0 0
23:06 737.36 15.89 80 0 0
23:07 737.36 15.83 80 0 0
23:08 737.36 15.83 80 0 0
23:09 737.36 15.83 80 0 0
23:10 737.36 15.78 80 0 0
23:11 737.36 15.78 80 0 0
23:12 737.36 15.78 80 0 0
23:13 737.36 15.72 80 0 0
23:14 737.36 15.67 80 0 0
23:15 737.36 15.67 80 0 0
23:16 737.36 15.67 81 0 0
23:17 737.36 15.67 81 0 0
23:18 737.36 15.61 81 0 0
23:19 737.36 15.67 81 0 0
23:20 737.36 15.61 81 0 0
23:21 737.36 15.61 81 0 0
23:22 737.36 15.61 81 0 0
23:23 737.36 15.56 81 0 0
23:24 737.36 15.56 81 0 0
23:25 737.36 15.56 81 0 0
23:26 737.36 15.56 81 0 0
23:27 737.36 15.5 81 0 0
23:28 737.36 15.5 81 0 0
23:29 737.36 15.44 81 0 0
23:30 737.36 15.5 81 0 0
23:31 737.36 15.44 81 0 0
23:32 737.36 15.44 81 0 0
23:33 737.36 15.39 81 0 0
23:34 737.36 15.39 81 0 0
23:35 737.36 15.39 81 0 0
23:36 737.36 15.33 81 0 0
23:37 737.36 15.28 81 0 0
23:38 737.36 15.28 82 0 0
23:39 737.36 15.28 82 0 0
23:40 737.36 15.22 82 0 0
23:41 737.36 15.22 82 0 0
23:42 737.36 15.22 82 0 0
23:43 737.36 15.17 82 0 0
23:44 737.36 15.17 82 0 0
23:45 737.36 15.17 82 0 0
23:46 737.36 15.11 82 0 0
23:47 737.36 15.11 82 0 0
23:48 737.36 15.11 82 0 0
23:49 737.36 15.06 82 0 0
23:50 737.36 15.06 82 0 0
23:51 737.36 15 82 0 0
23:52 737.36 15 82 0 0
23:53 737.36 14.94 82 0 0
23:54 737.36 14.94 82 0 0
23:55 737.36 14.94 82 0 0
23:56 737.36 14.94 82 0 0
23:57 737.36 14.94 82 0 0
23:58 737.36 14.89 82 0 0
23:59 737.36 14.89 82 0 0
