00:00 737.87 -8 87 2.24 0
00:01 737.87 -8 87 1.79 0
00:02 737.87 -8 87 2.24 0
00:03 737.87 -7.94 87 1.79 0
00:04 737.87 -8 87 2.68 0
00:05 737.87 -8 87 1.34 0
00:06 737.87 -8 87 1.79 0
00:07 737.87 -8 87 2.68 0
00:08 737.87 -8 87 2.68 0
00:09 737.87 -8 87 2.24 0
00:10 737.87 -8 87 2.24 0
00:11 737.87 -8 87 1.79 0
00:12 737.87 -7.94 87 1.79 0
00:13 737.87 -8 87 .89 0
00:14 737.87 -8 87 2.24 0
00:15 737.87 -8 87 1.34 0
00:16 737.87 -8 87 .89 0
00:17 737.87 -7.94 87 2.24 0
00:18 737.87 -7.94 87 2.24 0
00:19 737.87 -7.89 87 1.79 0
00:20 737.87 -7.89 87 1.34 0
00:21 737.87 -7.89 87 1.79 0
00:22 737.87 -7.89 87 2.24 0
00:23 737.87 -7.89 87 1.79 0
00:24 737.87 -7.89 87 1.34 0
00:25 737.87 -7.89 87 1.34 0
00:26 737.62 -7.89 87 .89 0
00:27 737.62 -7.89 87 1.79 0
00:28 737.87 -7.89 87 1.34 0
00:29 737.62 -7.89 87 3.58 0
00:30 737.62 -7.89 87 1.34 0
00:31 737.62 -7.94 87 2.24 0
00:32 737.62 -7.94 87 .89 0
00:33 737.62 -7.94 87 1.79 0
00:34 737.62 -7.94 87 .89 0
00:35 737.62 -7.94 87 1.79 0
00:36 737.62 -7.94 87 2.24 0
00:37 737.62 -7.94 87 1.34 0
00:38 737.62 -7.94 87 2.24 0
00:39 737.87 -7.89 87 .89 0
00:40 737.87 -7.89 87 1.79 0
00:41 737.62 -7.94 87 1.34 0
00:42 737.62 -7.94 87 2.24 0
00:43 737.87 -7.89 87 3.58 0
00:44 737.87 -7.89 87 1.34 0
00:45 737.62 -7.89 87 2.24 0
00:46 737.62 -7.89 87 2.24 0
00:47 737.62 -7.89 87 1.34 0
00:48 737.62 -7.89 87 1.79 0
00:49 737.62 -7.89 87 .89 0
00:50 737.62 -7.89 87 .89 0
00:51 737.62 -7.89 87 2.24 0
00:52 737.62 -7.89 87 4.02 0
00:53 737.62 -7.89 87 2.68 0
00:54 737.62 -7.89 87 1.34 0
00:55 737.62 -7.89 87 1.34 0
00:56 737.62 -7.89 87 1.79 0
00:57 737.62 -7.89 87 1.34 0
00:58 737.62 -7.94 87 2.24 0
00:59 737.62 -7.89 87 .45 0
01:00 737.62 -7.89 87 1.34 0
01:01 737.62 -7.89 87 .89 0
01:02 737.62 -7.89 87 .89 0
01:03 737.62 -7.89 87 1.34 0
01:04 737.62 -7.89 88 1.34 0
01:05 737.62 -7.89 88 .45 0
01:06 737.62 -7.83 88 .45 0
01:07 737.62 -7.83 88 1.79 0
01:08 737.62 -7.83 88 2.68 0
01:09 737.62 -7.83 88 1.79 0
01:10 737.62 -7.83 88 1.79 0
01:11 737.62 -7.83 88 .89 0
01:12 737.62 -7.83 88 .45 0
01:13 737.62 -7.83 88 .89 0
01:14 737.62 -7.83 88 .89 0
01:15 737.62 -7.78 88 1.34 0
01:16 737.62 -7.78 88 1.34 0
01:17 737.62 -7.78 88 .45 0
01:18 737.62 -7.78 88 .45 0
01:19 737.62 -7.78 88 1.79 0
01:20 737.62 -7.78 88 .89 0
01:21 737.62 -7.78 88 .89 0
01:22 737.62 -7.78 88 0 0
01:23 737.62 -7.72 88 1.34 0
01:24 737.62 -7.72 88 .45 0
01:25 737.62 -7.72 88 1.34 0
01:26 737.62 -7.72 88 2.24 0
01:27 737.62 -7.72 88 .89 0
01:28 737.62 -7.72 88 .45 0
01:29 737.36 -7.72 88 .45 0
01:30 737.62 -7.72 88 1.34 0
01:31 737.62 -7.72 88 1.34 0
01:32 737.62 -7.67 88 .45 0
01:33 737.62 -7.67 88 1.34 0
01:34 737.62 -7.67 88 .89 0
01:35 737.62 -7.61 88 .45 0
01:36 737.36 -7.61 88 1.79 0
01:37 737.36 -7.61 88 1.79 0
01:38 737.62 -7.61 88 1.79 0
01:39 737.62 -7.67 88 1.34 0
01:40 737.62 -7.61 88 1.79 0
01:41 737.62 -7.61 88 .89 0
01:42 737.62 -7.61 88 .45 0
01:43 737.62 -7.61 88 1.34 0
01:44 737.62 -7.61 88 1.79 0
01:45 737.62 -7.56 88 .45 0
01:46 737.62 -7.61 88 1.34 0
01:47 737.62 -7.56 88 .89 0
01:48 737.62 -7.56 88 1.79 0
01:49 737.62 -7.56 88 1.34 0
01:50 737.62 -7.56 88 1.79 0
01:51 737.62 -7.56 88 1.79 0
01:52 737.62 -7.56 88 .89 0
01:53 737.62 -7.56 88 1.79 0
01:54 737.62 -7.56 88 .45 0
01:55 737.62 -7.56 88 .89 0
01:56 737.62 -7.56 88 1.79 0
01:57 737.62 -7.5 88 0 0
01:58 737.62 -7.5 88 .45 0
01:59 737.62 -7.5 88 2.24 0
02:00 737.62 -7.5 88 1.34 0
02:01 737.62 -7.5 88 .45 0
02:02 737.62 -7.44 88 1.34 0
02:03 737.62 -7.44 88 .45 0
02:04 737.62 -7.44 88 1.34 0
02:05 737.62 -7.44 88 1.34 0
02:06 737.62 -7.44 88 .45 0
02:07 737.36 -7.44 88 1.79 0
02:08 737.36 -7.44 88 2.24 0
02:09 737.36 -7.44 87 1.79 0
02:10 737.36 -7.44 87 2.24 0
02:11 737.36 -7.44 87 1.79 0
02:12 737.36 -7.5 87 1.34 0
02:13 737.36 -7.44 87 .89 0
02:14 737.36 -7.44 87 0 0
02:15 737.36 -7.44 87 1.79 0
02:16 737.36 -7.44 87 .89 0
02:17 737.36 -7.44 87 1.34 0
02:18 737.36 -7.44 87 1.79 0
02:19 737.36 -7.44 87 2.24 0
02:20 737.36 -7.44 88 .45 0
02:21 737.36 -7.44 87 1.34 0
02:22 737.36 -7.44 87 2.24 0
02:23 737.36 -7.44 87 2.24 0
02:24 737.62 -7.44 87 0 0
02:25 737.36 -7.44 88 .45 0
02:26 737.62 -7.39 88 1.79 0
02:27 737.36 -7.39 88 .89 0
02:28 737.36 -7.44 88 .45 0
02:29 737.36 -7.39 88 1.34 0
02:30 737.36 -7.39 88 .45 0
02:31 737.36 -7.39 88 1.34 0
02:32 737.36 -7.39 88 1.34 0
02:33 737.36 -7.39 88 .89 0
02:34 737.62 -7.39 88 1.79 0
02:35 737.62 -7.39 87 2.68 0
02:36 737.62 -7.39 87 2.24 0
02:37 737.62 -7.39 87 .89 0
02:38 737.62 -7.33 87 2.24 0
02:39 737.62 -7.39 87 1.79 0
02:40 737.62 -7.39 88 .89 0
02:41 737.36 -7.39 88 1.34 0
02:42 737.36 -7.33 88 1.34 0
02:43 737.36 -7.33 88 1.79 0
02:44 737.36 -7.39 88 .89 0
02:45 737.36 -7.33 88 .89 0
02:46 737.36 -7.33 88 1.79 0
02:47 737.36 -7.33 88 1.34 0
02:48 737.36 -7.33 88 .45 0
02:49 737.36 -7.33 88 .45 0
02:50 737.36 -7.33 88 1.34 0
02:51 737.36 -7.33 88 .89 0
02:52 737.36 -7.33 88 2.24 0
02:53 737.36 -7.33 88 1.34 0
02:54 737.36 -7.28 88 1.34 0
02:55 737.36 -7.28 88 0 0
02:56 737.36 -7.28 88 1.79 0
02:57 737.36 -7.28 88 1.34 0
02:58 737.36 -7.28 88 .89 0
02:59 737.36 -7.28 88 .89 0
03:00 737.36 -7.28 88 2.24 0
03:01 737.36 -7.28 88 1.34 0
03:02 737.36 -7.28 88 .45 0
03:03 737.36 -7.28 88 .89 0
03:04 737.36 -7.28 88 .89 0
03:05 737.36 -7.28 88 .45 0
03:06 737.36 -7.28 88 1.34 0
03:07 737.36 -7.28 88 1.34 0
03:08 737.36 -7.28 88 .89 0
03:09 737.36 -7.28 88 1.79 0
03:10 737.36 -7.28 88 .45 0
03:11 737.36 -7.28 88 0 0
03:12 737.36 -7.22 88 .89 0
03:13 737.36 -7.22 88 .89 0
03:14 737.36 -7.17 88 1.34 0
03:15 737.36 -7.17 88 1.34 0
03:16 737.36 -7.17 88 .89 0
03:17 737.36 -7.17 88 1.79 0
03:18 737.36 -7.17 88 1.34 0
03:19 737.36 -7.17 88 1.79 0
03:20 737.36 -7.17 88 .89 0
03:21 737.36 -7.17 88 .45 0
03:22 737.36 -7.17 88 1.79 0
03:23 737.36 -7.17 88 .89 0
03:24 737.36 -7.17 88 1.79 0
03:25 737.36 -7.17 88 .89 0
03:26 737.36 -7.17 88 .89 0
03:27 737.36 -7.17 88 1.34 0
03:28 737.36 -7.17 88 1.79 0
03:29 737.36 -7.17 88 .45 0
03:30 737.36 -7.11 88 1.79 0
03:31 737.36 -7.17 88 1.79 0
03:32 737.36 -7.11 88 1.34 0
03:33 737.36 -7.11 88 .89 0
03:34 737.36 -7.17 88 2.24 0
03:35 737.36 -7.17 88 1.79 0
03:36 737.36 -7.17 88 .45 0
03:37 737.36 -7.17 88 1.79 0
03:38 737.36 -7.17 88 .89 0
03:39 737.11 -7.17 88 3.58 0
03:40 737.36 -7.17 88 2.68 0
03:41 737.36 -7.11 88 2.24 0
03:42 737.11 -7.17 88 1.79 0
03:43 737.11 -7.17 88 1.79 0
03:44 737.11 -7.17 88 1.79 0
03:45 737.11 -7.17 88 .89 0
03:46 737.11 -7.17 88 1.34 0
03:47 737.11 -7.17 88 1.34 0
03:48 737.11 -7.17 88 1.34 0
03:49 737.11 -7.11 88 1.79 0
03:50 737.11 -7.11 88 .89 0
03:51 737.11 -7.11 88 1.34 0
03:52 737.11 -7.11 88 .89 0
03:53 737.11 -7.11 88 .89 0
03:54 737.11 -7.06 88 1.79 0
03:55 737.11 -7.06 88 1.79 0
03:56 737.11 -7.11 88 3.13 0
03:57 737.11 -7.11 88 3.13 0
03:58 737.11 -7.11 88 1.79 0
03:59 737.11 -7.17 88 1.34 0
04:00 737.11 -7.17 88 2.24 0
04:01 737.11 -7.11 88 2.24 0
04:02 737.11 -7.11 88 2.68 0
04:03 737.11 -7.17 88 1.79 0
04:04 737.11 -7.17 88 .89 0
04:05 737.11 -7.11 88 .89 0
04:06 737.11 -7.11 88 2.24 0
04:07 737.11 -7.11 88 2.24 0
04:08 737.11 -7.11 88 1.34 0
04:09 737.11 -7.11 88 1.34 0
04:10 737.11 -7.06 88 2.24 0
04:11 737.11 -7.06 88 .89 0
04:12 737.11 -7.06 88 1.79 0
04:13 737.11 -7.06 88 1.79 0
04:14 737.11 -7.06 88 2.24 0
04:15 737.11 -7.06 88 1.79 0
04:16 737.11 -7.06 88 1.34 0
04:17 737.11 -7 88 .89 0
04:18 737.11 -7.06 88 .89 0
04:19 737.11 -7 88 .89 0
04:20 737.11 -7 88 .45 0
04:21 737.11 -7 88 1.79 0
04:22 737.11 -7 88 2.24 0
04:23 737.11 -7.06 88 .45 0
04:24 737.11 -7 88 1.79 0
04:25 737.11 -7 88 1.34 0
04:26 737.11 -7 88 1.34 0
04:27 737.11 -7 88 2.24 0
04:28 737.11 -6.94 88 1.34 0
04:29 737.11 -7 88 1.79 0
04:30 737.11 -7 88 1.79 0
04:31 737.11 -6.94 88 1.79 0
04:32 737.11 -6.94 88 1.79 0
04:33 737.11 -6.94 88 2.24 0
04:34 737.11 -6.94 88 1.79 0
04:35 737.11 -6.94 88 3.13 0
04:36 737.11 -6.94 88 1.34 0
04:37 737.11 -6.89 88 1.34 0
04:38 737.11 -6.89 89 2.24 0
04:39 737.11 -6.89 89 1.34 0
04:40 737.11 -6.89 89 0 0
04:41 737.11 -6.89 89 1.79 0
04:42 737.11 -6.89 89 1.79 0
04:43 737.11 -6.83 89 1.79 0
04:44 737.11 -6.83 89 2.24 0
04:45 737.11 -6.83 89 3.13 0
04:46 737.11 -6.89 89 3.58 0
04:47 737.11 -6.83 89 1.79 0
04:48 737.11 -6.83 89 1.79 0
04:49 737.11 -6.83 89 2.24 0
04:50 737.11 -6.83 89 1.34 0
04:51 737.11 -6.83 89 2.68 0
04:52 737.11 -6.83 89 1.79 0
04:53 737.11 -6.83 89 1.79 0
04:54 737.11 -6.78 89 4.02 0
04:55 737.11 -6.78 89 2.24 0
04:56 737.11 -6.78 89 .45 0
04:57 737.11 -6.78 89 .89 0
04:58 737.11 -6.78 89 3.58 0
04:59 737.11 -6.78 89 2.24 0
05:00 737.11 -6.72 89 1.79 0
05:01 737.11 -6.78 89 2.24 0
05:02 737.11 -6.78 89 2.68 0
05:03 737.11 -6.78 89 3.13 0
05:04 737.11 -6.72 89 1.34 0
05:05 737.11 -6.72 89 3.13 0
05:06 737.11 -6.78 89 1.34 0
05:07 737.11 -6.78 89 2.68 0
05:08 737.11 -6.72 89 1.34 0
05:09 737.11 -6.72 89 3.13 0
05:10 737.11 -6.78 89 1.34 0
05:11 737.11 -6.72 89 1.34 0
05:12 737.11 -6.78 89 3.13 0
05:13 737.11 -6.72 89 1.79 0
05:14 736.85 -6.72 89 .89 0
05:15 737.11 -6.72 89 1.79 0
05:16 737.11 -6.78 89 2.24 0
05:17 737.11 -6.72 89 1.79 0
05:18 737.11 -6.72 89 1.79 0
05:19 737.11 -6.72 89 2.68 0
05:20 737.11 -6.72 89 3.58 0
05:21 736.85 -6.72 89 3.58 0
05:22 736.85 -6.72 89 1.79 0
05:23 736.85 -6.72 89 1.79 0
05:24 736.85 -6.67 89 1.34 0
05:25 736.85 -6.67 89 .45 0
05:26 736.85 -6.67 89 2.68 0
05:27 736.85 -6.67 89 4.47 0
05:28 736.85 -6.61 89 2.24 0
05:29 736.85 -6.67 89 3.13 0
05:30 736.85 -6.67 89 2.68 0
05:31 736.85 -6.61 89 2.24 0
05:32 736.85 -6.61 89 1.34 0
05:33 736.85 -6.56 89 1.79 0
05:34 737.11 -6.56 89 2.24 0
05:35 737.11 -6.56 89 2.24 0
05:36 737.11 -6.5 89 1.79 0
05:37 736.85 -6.5 89 4.02 0
05:38 737.11 -6.44 89 2.68 0
05:39 736.85 -6.44 89 2.68 0
05:40 736.85 -6.44 89 1.34 0
05:41 736.85 -6.39 89 1.34 0
05:42 736.85 -6.44 89 1.79 0
05:43 736.85 -6.44 89 4.47 0
05:44 736.85 -6.44 89 2.24 0
05:45 736.85 -6.44 89 1.79 0
05:46 736.85 -6.39 89 2.24 0
05:47 736.85 -6.39 89 1.79 0
05:48 736.85 -6.39 89 1.79 0
05:49 736.85 -6.39 89 0 0
05:50 736.85 -6.33 89 2.24 0
05:51 736.85 -6.33 89 1.34 0
05:52 736.85 -6.33 89 3.58 0
05:53 736.85 -6.33 89 1.34 0
05:54 736.85 -6.33 89 .89 0
05:55 736.85 -6.33 89 1.79 0
05:56 736.85 -6.28 89 1.34 0
05:57 736.85 -6.28 89 2.24 0
05:58 736.85 -6.22 89 1.34 0
05:59 736.85 -6.28 89 1.34 0
06:00 736.85 -6.28 89 2.24 0
06:01 736.85 -6.28 89 2.68 0
06:02 736.85 -6.22 89 2.24 0
06:03 736.85 -6.22 89 1.79 0
06:04 736.85 -6.22 89 2.24 0
06:05 736.85 -6.22 89 3.13 0
06:06 736.85 -6.22 89 1.34 0
06:07 736.85 -6.22 89 1.79 0
06:08 736.85 -6.22 89 1.79 0
06:09 736.85 -6.17 89 1.79 0
06:10 736.85 -6.17 89 1.34 0
06:11 736.85 -6.17 89 1.79 0
06:12 736.85 -6.17 89 2.24 0
06:13 736.85 -6.17 90 1.79 0
06:14 736.85 -6.17 90 .89 0
06:15 736.85 -6.11 90 .89 0
06:16 736.85 -6.11 90 .45 0
06:17 736.85 -6.11 90 .89 0
06:18 736.85 -6.11 90 1.79 0
06:19 736.85 -6.06 90 2.24 0
06:20 736.85 -6.06 90 1.34 0
06:21 736.85 -6.06 90 .89 0
06:22 736.85 -6 90 2.68 0
06:23 736.6 -6 90 2.24 0
06:24 736.85 -6 90 .89 0
06:25 736.6 -5.94 90 1.34 0
06:26 736.85 -5.94 90 .45 0
06:27 736.85 -5.89 90 1.34 0
06:28 736.6 -5.89 90 .89 0
06:29 736.85 -5.89 90 .45 0
06:30 736.85 -5.89 90 .45 0
06:31 736.85 -5.83 90 .89 0
06:32 736.85 -5.83 90 2.68 0
06:33 736.85 -5.78 90 2.24 0
06:34 736.6 -5.78 90 .89 0
06:35 736.85 -5.78 90 1.34 0
06:36 736.85 -5.78 90 1.79 0
06:37 736.6 -5.78 90 .89 0
06:38 736.6 -5.72 90 3.13 0
06:39 736.6 -5.72 90 1.79 0
06:40 736.6 -5.72 90 .89 0
06:41 736.6 -5.72 90 1.79 0
06:42 736.85 -5.67 90 1.34 0
06:43 736.85 -5.67 90 .89 0
06:44 736.85 -5.67 90 .89 0
06:45 736.85 -5.67 90 2.24 0
06:46 736.85 -5.67 90 2.24 0
06:47 736.85 -5.67 90 1.34 0
06:48 736.85 -5.61 90 1.34 0
06:49 736.85 -5.61 90 .89 0
06:50 736.6 -5.56 90 1.79 0
06:51 736.85 -5.56 90 .89 0
06:52 736.85 -5.56 90 .45 0
06:53 736.85 -5.56 90 2.68 0
06:54 736.85 -5.56 90 1.79 0
06:55 736.6 -5.5 90 3.13 0
06:56 736.6 -5.5 90 2.24 0
06:57 736.85 -5.5 90 .89 0
06:58 736.6 -5.44 90 .89 0
06:59 736.85 -5.44 90 1.34 0
07:00 736.85 -5.44 90 1.34 0
07:01 736.6 -5.44 90 .89 0
07:02 736.85 -5.44 90 1.34 0
07:03 736.85 -5.39 90 .89 0
07:04 736.6 -5.39 90 1.34 0
07:05 736.85 -5.39 90 1.79 0
07:06 736.85 -5.39 90 .89 0
07:07 736.85 -5.33 90 1.34 0
07:08 736.85 -5.33 90 1.34 0
07:09 736.85 -5.33 90 .89 0
07:10 736.85 -5.33 90 2.68 0
07:11 736.6 -5.33 90 1.79 0
07:12 736.85 -5.28 90 1.34 0
07:13 736.85 -5.28 90 2.24 0
07:14 736.6 -5.28 90 .89 0
07:15 736.6 -5.22 90 1.79 0
07:16 736.6 -5.22 90 1.34 0
07:17 736.6 -5.22 90 1.79 0
07:18 736.6 -5.22 90 1.34 0
07:19 736.6 -5.22 90 .89 0
07:20 736.6 -5.22 90 1.79 0
07:21 736.6 -5.22 90 2.68 0
07:22 736.6 -5.22 90 2.68 0
07:23 736.85 -5.22 90 1.34 0
07:24 736.85 -5.17 90 .89 0
07:25 736.85 -5.17 90 2.24 0
07:26 736.85 -5.17 90 1.34 0
07:27 736.85 -5.11 90 .89 0
07:28 736.85 -5.11 90 1.34 0
07:29 736.85 -5.06 90 .45 0
07:30 736.85 -5.06 91 1.34 0
07:31 736.85 -5.06 91 .89 0
07:32 736.6 -5.06 91 1.34 0
07:33 736.6 -5 91 1.79 0
07:34 736.6 -5 91 .89 0
07:35 736.6 -4.94 91 1.34 0
07:36 736.6 -4.94 91 1.79 0
07:37 736.6 -4.94 91 1.34 0
07:38 736.6 -4.94 91 1.34 0
07:39 736.6 -4.89 91 1.79 0
07:40 736.6 -4.89 91 3.58 0
07:41 736.6 -4.89 91 1.79 0
07:42 736.6 -4.89 91 1.79 0
07:43 736.6 -4.89 91 .89 0
07:44 736.6 -4.83 91 1.34 0
07:45 736.6 -4.83 91 3.13 0
07:46 736.6 -4.83 91 1.79 0
07:47 736.6 -4.83 91 3.58 0
07:48 736.6 -4.83 91 2.24 0
07:49 736.6 -4.83 91 2.24 0
07:50 736.6 -4.83 91 1.79 0
07:51 736.6 -4.89 91 1.79 0
07:52 736.6 -4.83 91 2.24 0
07:53 736.6 -4.83 91 2.24 0
07:54 736.6 -4.83 91 2.68 0
07:55 736.6 -4.83 91 1.79 0
07:56 736.6 -4.83 91 1.79 0
07:57 736.6 -4.83 91 .45 0
07:58 736.6 -4.83 91 3.13 0
07:59 736.6 -4.83 91 .89 0
08:00 736.6 -4.78 91 2.68 0
08:01 736.6 -4.78 91 2.24 0
08:02 736.6 -4.78 91 1.79 0
08:03 736.6 -4.78 91 3.13 0
08:04 736.6 -4.78 91 1.79 0
08:05 736.6 -4.78 91 2.68 0
08:06 736.6 -4.78 91 1.34 0
08:07 736.6 -4.78 91 2.68 0
08:08 736.6 -4.78 91 2.68 0
08:09 736.6 -4.72 91 3.13 0
08:10 736.35 -4.67 91 4.92 0
08:11 736.35 -4.72 91 3.58 0
08:12 736.35 -4.67 91 3.58 0
08:13 736.35 -4.67 91 4.47 0
08:14 736.35 -4.67 91 2.24 0
08:15 736.6 -4.61 91 .45 0
08:16 736.6 -4.61 91 2.24 0
08:17 736.35 -4.61 91 3.58 0
08:18 736.35 -4.56 91 3.58 0
08:19 736.6 -4.56 91 3.58 0
08:20 736.6 -4.56 91 1.79 0
08:21 736.35 -4.56 91 2.24 0
08:22 736.35 -4.56 91 1.34 0
08:23 736.6 -4.56 91 3.13 0
08:24 736.35 -4.5 91 2.24 0
08:25 736.6 -4.5 91 .89 0
08:26 736.6 -4.5 91 1.34 0
08:27 736.6 -4.5 91 1.34 0
08:28 736.6 -4.5 91 3.13 0
08:29 736.6 -4.5 91 4.47 0
08:30 736.6 -4.5 91 3.58 0
08:31 736.35 -4.5 91 3.58 0
08:32 736.6 -4.5 91 1.79 0
08:33 736.6 -4.5 91 2.68 0
08:34 736.6 -4.5 91 2.24 0
08:35 736.6 -4.5 91 4.02 0
08:36 736.6 -4.5 91 1.34 0
08:37 736.6 -4.5 91 1.34 0
08:38 736.6 -4.5 91 2.24 0
08:39 736.6 -4.5 91 1.34 0
08:40 736.6 -4.5 91 1.79 0
08:41 736.6 -4.5 91 1.34 0
08:42 736.6 -4.5 91 4.02 0
08:43 736.35 -4.44 91 2.24 0
08:44 736.6 -4.44 91 2.24 0
08:45 736.35 -4.44 91 3.58 0
08:46 736.35 -4.44 91 1.79 0
08:47 736.35 -4.39 91 2.68 0
08:48 736.6 -4.39 91 1.79 0
08:49 736.35 -4.39 91 3.13 0
08:50 736.35 -4.39 91 4.92 0
08:51 736.35 -4.39 91 2.24 0
08:52 736.35 -4.33 91 3.58 0
08:53 736.35 -4.33 91 .89 0
08:54 736.35 -4.33 91 3.58 0
08:55 736.35 -4.33 91 1.79 0
08:56 736.35 -4.33 91 2.24 0
08:57 736.35 -4.28 91 2.24 0
08:58 736.35 -4.28 91 1.34 0
08:59 736.35 -4.28 91 1.34 0
09:00 736.35 -4.28 91 1.34 0
09:01 736.35 -4.22 91 1.79 0
09:02 736.35 -4.22 91 1.79 0
09:03 736.35 -4.22 91 5.36 0
09:04 736.35 -4.22 91 2.68 0
09:05 736.35 -4.22 91 .89 0
09:06 736.35 -4.17 91 3.13 0
09:07 736.35 -4.17 91 1.79 0
09:08 736.35 -4.17 91 .89 0
09:09 736.35 -4.11 91 3.58 0
09:10 736.35 -4.17 91 1.79 0
09:11 736.35 -4.11 91 2.24 0
09:12 736.35 -4.11 91 2.68 0
09:13 736.35 -4.06 91 .89 0
09:14 736.35 -4.06 91 3.58 0
09:15 736.6 -4.06 91 2.68 0
09:16 736.35 -4 91 2.68 0
09:17 736.35 -4.06 91 4.02 0
09:18 736.35 -4 91 4.02 0
09:19 736.6 -4 91 3.58 0
09:20 736.6 -4 91 3.13 0
09:21 736.35 -4 91 1.79 0
09:22 736.35 -3.94 91 1.34 0
09:23 736.6 -3.94 91 1.79 0
09:24 736.6 -3.94 91 2.24 0
09:25 736.35 -3.89 91 4.47 0
09:26 736.35 -3.89 91 3.58 0
09:27 736.35 -3.89 91 1.34 0
09:28 736.35 -3.83 91 2.68 0
09:29 736.6 -3.89 91 1.79 0
09:30 736.6 -3.89 91 1.34 0
09:31 736.6 -3.89 91 3.13 0
09:32 736.6 -3.83 91 1.79 0
09:33 736.35 -3.83 91 2.68 0
09:34 736.35 -3.83 91 2.24 0
09:35 736.35 -3.83 91 1.34 0
09:36 736.6 -3.78 91 1.34 0
09:37 736.6 -3.78 91 3.13 0
09:38 736.35 -3.78 91 1.79 0
09:39 736.35 -3.78 91 3.13 0
09:40 736.35 -3.72 91 2.68 0
09:41 736.35 -3.72 91 1.34 0
09:42 736.35 -3.72 91 2.24 0
09:43 736.35 -3.67 91 2.24 0
09:44 736.35 -3.72 91 7.15 0
09:45 736.35 -3.67 91 1.34 0
09:46 736.35 -3.67 91 2.68 0
09:47 736.35 -3.67 91 3.58 0
09:48 736.35 -3.67 91 2.24 0
09:49 736.35 -3.61 91 1.34 0
09:50 736.35 -3.61 91 3.13 0
09:51 736.35 -3.61 91 2.68 0
09:52 736.35 -3.61 91 2.68 0
09:53 736.35 -3.61 91 3.58 0
09:54 736.35 -3.56 91 4.47 0
09:55 736.35 -3.56 91 3.58 0
09:56 736.35 -3.56 91 4.47 0
09:57 736.35 -3.56 91 2.68 0
09:58 736.35 -3.56 91 1.34 0
09:59 736.35 -3.56 91 4.02 0
10:00 736.35 -3.56 91 2.68 0
10:01 736.35 -3.5 91 1.79 0
10:02 736.35 -3.5 91 3.58 0
10:03 736.35 -3.5 91 3.58 0
10:04 736.35 -3.5 91 1.34 0
10:05 736.35 -3.5 91 3.13 0
10:06 736.35 -3.44 91 .45 0
10:07 736.35 -3.44 91 3.58 0
10:08 736.35 -3.44 91 4.47 0
10:09 736.35 -3.44 91 .89 0
10:10 736.35 -3.39 91 1.34 0
10:11 736.35 -3.39 91 1.79 0
10:12 736.35 -3.39 91 2.24 0
10:13 736.35 -3.33 91 1.79 0
10:14 736.35 -3.33 91 2.24 0
10:15 736.35 -3.33 91 1.79 0
10:16 736.35 -3.33 91 3.58 0
10:17 736.35 -3.28 91 1.79 0
10:18 736.35 -3.28 91 3.13 0
10:19 736.35 -3.28 91 1.79 0
10:20 736.35 -3.22 91 .45 0
10:21 736.6 -3.22 91 1.79 0
10:22 736.35 -3.22 91 2.68 0
10:23 736.6 -3.17 91 1.34 0
10:24 736.35 -3.17 91 2.24 0
10:25 736.35 -3.17 91 2.68 0
10:26 736.6 -3.11 91 1.79 0
10:27 736.35 -3.11 91 3.58 0
10:28 736.35 -3.11 91 1.34 0
10:29 736.35 -3.11 91 2.24 0
10:30 736.35 -3.06 91 2.24 0
10:31 736.35 -3.06 91 2.24 0
10:32 736.35 -3 91 1.79 0
10:33 736.35 -3 91 3.13 0
10:34 736.35 -2.94 91 .45 0
10:35 736.35 -2.94 91 1.79 0
10:36 736.35 -2.94 91 1.79 0
10:37 736.35 -2.94 91 3.13 0
10:38 736.35 -2.94 91 4.02 0
10:39 736.35 -2.89 91 1.34 0
10:40 736.35 -2.89 91 1.79 0
10:41 736.35 -2.89 91 4.02 0
10:42 736.35 -2.89 91 4.02 0
10:43 736.35 -2.89 91 4.92 0
10:44 736.35 -2.89 91 .45 0
10:45 736.35 -2.89 91 2.24 0
10:46 736.35 -2.89 91 2.68 0
10:47 736.35 -2.83 91 1.79 0
10:48 736.35 -2.83 91 1.79 0
10:49 736.35 -2.83 91 .89 0
10:50 736.35 -2.83 91 3.58 0
10:51 736.35 -2.78 91 1.34 0
10:52 736.35 -2.78 91 3.58 0
10:53 736.35 -2.78 91 1.79 0
10:54 736.35 -2.72 91 1.79 0
10:55 736.35 -2.72 91 1.79 0
10:56 736.35 -2.72 91 1.79 0
10:57 736.35 -2.72 91 4.92 0
10:58 736.35 -2.72 91 3.13 0
10:59 736.35 -2.72 91 1.34 0
11:00 736.35 -2.72 91 3.13 0
11:01 736.35 -2.72 91 3.58 0
11:02 736.35 -2.72 91 0 0
11:03 736.35 -2.72 91 1.34 0
11:04 736.35 -2.67 91 4.92 0
11:05 736.35 -2.67 91 4.47 0
11:06 736.35 -2.67 91 3.58 0
11:07 736.35 -2.67 91 1.79 0
11:08 736.35 -2.67 91 2.68 0
11:09 736.35 -2.61 91 .45 0
11:10 736.35 -2.61 91 4.47 0
11:11 736.35 -2.61 91 2.24 0
11:12 736.35 -2.61 91 3.13 0
11:13 736.35 -2.61 91 2.68 0
11:14 736.09 -2.61 91 3.13 0
11:15 736.35 -2.56 91 5.81 0
11:16 736.09 -2.61 91 4.02 0
11:17 736.09 -2.56 91 2.24 0
11:18 736.09 -2.56 90 2.68 0
11:19 736.09 -2.56 91 2.68 0
11:20 736.09 -2.56 91 2.68 0
11:21 736.09 -2.5 91 1.34 0
11:22 736.09 -2.5 91 3.58 0
11:23 736.09 -2.44 91 2.68 0
11:24 736.09 -2.44 91 3.58 0
11:25 736.09 -2.44 91 2.68 0
11:26 736.09 -2.44 91 3.58 0
11:27 736.09 -2.39 91 3.13 0
11:28 736.09 -2.39 91 1.79 0
11:29 736.09 -2.33 91 1.79 0
11:30 736.09 -2.33 91 3.13 0
11:31 736.09 -2.33 91 2.68 0
11:32 736.09 -2.33 91 2.68 0
11:33 736.09 -2.28 91 4.92 0
11:34 736.09 -2.28 91 2.24 0
11:35 736.09 -2.28 91 3.13 0
11:36 736.09 -2.28 91 2.24 0
11:37 736.09 -2.28 91 3.13 0
11:38 736.09 -2.28 91 3.13 0
11:39 736.09 -2.22 91 2.24 0
11:40 736.09 -2.22 91 4.47 0
11:41 736.09 -2.17 91 1.79 0
11:42 736.09 -2.17 90 2.24 0
11:43 736.09 -2.17 91 4.02 0
11:44 736.09 -2.17 90 2.68 0
11:45 736.09 -2.17 90 2.68 0
11:46 736.09 -2.17 90 4.47 0
11:47 736.09 -2.17 91 2.68 0
11:48 736.09 -2.17 90 3.13 0
11:49 736.09 -2.17 91 4.47 0
11:50 736.09 -2.17 91 3.58 0
11:51 736.09 -2.17 91 1.79 0
11:52 736.09 -2.17 91 1.79 0
11:53 736.09 -2.11 91 2.24 0
11:54 736.09 -2.11 91 3.58 0
11:55 736.09 -2.11 91 .45 0
11:56 736.09 -2.06 91 3.58 0
11:57 736.09 -2.06 91 3.58 0
11:58 736.09 -2.06 91 4.47 0
11:59 736.09 -2.06 91 2.24 0
12:00 736.35 -2.06 91 2.24 0
12:01 736.09 -2.06 91 3.58 0
12:02 736.09 -2.06 91 1.34 0
12:03 736.09 -2.06 91 4.47 0
12:04 736.09 -2 91 3.13 0
12:05 736.09 -2 91 3.58 0
12:06 736.09 -2 91 2.68 0
12:07 736.09 -2 91 2.24 0
12:08 736.09 -1.94 91 2.68 0
12:09 736.09 -1.94 91 2.68 0
12:10 736.09 -1.94 91 .45 0
12:11 736.09 -1.94 91 .89 0
12:12 736.09 -1.89 91 1.34 0
12:13 736.09 -1.89 91 4.47 0
12:14 736.09 -1.89 91 4.92 0
12:15 736.09 -1.89 91 4.47 0
12:16 736.09 -1.89 91 3.58 0
12:17 736.09 -1.83 91 3.13 0
12:18 736.09 -1.89 91 2.24 0
12:19 736.09 -1.83 91 4.02 0
12:20 736.09 -1.78 91 3.13 0
12:21 736.09 -1.78 91 2.24 0
12:22 736.09 -1.78 91 4.02 0
12:23 736.09 -1.72 91 4.02 0
12:24 736.09 -1.72 91 4.92 0
12:25 736.09 -1.72 91 2.68 0
12:26 736.09 -1.67 91 2.24 0
12:27 736.09 -1.67 91 2.24 0
12:28 736.09 -1.67 91 2.24 0
12:29 736.09 -1.61 91 2.68 0
12:30 736.09 -1.61 91 1.79 0
12:31 736.09 -1.56 91 1.79 0
12:32 735.84 -1.56 91 2.24 0
12:33 736.09 -1.56 91 4.47 0
12:34 735.84 -1.5 91 3.13 0
12:35 736.09 -1.5 91 3.13 0
12:36 736.09 -1.44 91 2.68 0
12:37 735.84 -1.44 91 4.92 0
12:38 735.84 -1.44 91 3.58 0
12:39 736.09 -1.44 91 1.79 0
12:40 735.84 -1.39 91 4.47 0
12:41 736.09 -1.39 91 3.13 0
12:42 736.09 -1.39 91 1.34 0
12:43 736.09 -1.39 91 4.02 0
12:44 735.84 -1.33 91 5.36 0
12:45 736.09 -1.33 91 1.34 0
12:46 736.09 -1.33 91 2.68 0
12:47 736.09 -1.28 91 5.36 0
12:48 735.84 -1.28 91 4.92 0
12:49 736.09 -1.28 91 2.68 0
12:50 735.84 -1.28 90 3.13 0
12:51 735.84 -1.28 90 2.24 0
12:52 736.09 -1.28 90 2.68 0
12:53 736.09 -1.28 90 3.58 0
12:54 736.09 -1.28 90 2.68 0
12:55 736.09 -1.28 90 4.47 0
12:56 736.09 -1.22 90 2.68 0
12:57 736.09 -1.22 90 .89 0
12:58 736.09 -1.22 90 4.92 0
12:59 736.09 -1.22 90 4.02 0
13:00 736.09 -1.17 90 3.58 0
13:01 736.09 -1.17 90 1.34 0
13:02 736.09 -1.11 90 1.34 0
13:03 736.09 -1.17 90 .45 0
13:04 736.09 -1.11 90 2.68 0
13:05 736.09 -1.11 90 4.02 0
13:06 736.09 -1.11 90 2.68 0
13:07 736.09 -1.06 90 2.24 0
13:08 736.09 -1.06 90 2.68 0
13:09 736.09 -1.11 90 2.24 0
13:10 736.09 -1.06 90 4.47 0
13:11 736.09 -1.06 90 1.79 0
13:12 736.09 -1.06 90 3.13 0
13:13 735.84 -1.06 90 3.58 0
13:14 735.84 -1 90 3.13 0
13:15 736.09 -1.06 90 3.13 0
13:16 736.09 -1 90 2.24 0
13:17 736.09 -1 90 2.68 0
13:18 736.09 -1 90 3.58 0
13:19 736.09 -1 90 3.13 0
13:20 736.09 -1 90 1.34 0
13:21 736.09 -.94 90 1.79 0
13:22 736.09 -.94 90 4.02 0
13:23 736.09 -.89 90 1.79 0
13:24 736.09 -.89 90 1.79 0
13:25 736.09 -.89 90 2.68 0
13:26 736.09 -.89 90 6.26 0
13:27 736.09 -.89 90 5.36 0
13:28 736.09 -.89 90 2.24 0
13:29 736.09 -.89 90 .89 0
13:30 736.09 -.89 90 2.68 0
13:31 736.09 -.83 90 1.79 0
13:32 736.09 -.83 90 2.68 0
13:33 736.09 -.83 90 2.24 0
13:34 736.09 -.78 90 1.34 0
13:35 736.09 -.78 90 1.79 0
13:36 736.09 -.78 90 2.24 0
13:37 736.09 -.72 90 2.24 0
13:38 736.09 -.78 90 4.02 0
13:39 735.84 -.72 90 3.58 0
13:40 736.09 -.78 90 1.34 0
13:41 735.84 -.72 90 4.47 0
13:42 736.09 -.72 90 2.24 0
13:43 735.84 -.72 90 2.68 0
13:44 736.09 -.72 90 1.34 0
13:45 735.84 -.72 90 4.92 0
13:46 735.84 -.72 90 6.71 0
13:47 735.84 -.67 90 4.47 0
13:48 735.84 -.67 89 2.24 0
13:49 735.84 -.67 89 1.79 0
13:50 735.84 -.67 89 4.92 0
13:51 735.84 -.61 89 4.92 0
13:52 736.09 -.67 89 2.24 0
13:53 735.84 -.61 89 3.13 0
13:54 735.84 -.61 89 1.79 0
13:55 735.84 -.56 89 3.13 0
13:56 735.84 -.56 89 2.24 0
13:57 735.84 -.56 89 2.68 0
13:58 735.84 -.56 89 1.79 0
13:59 735.84 -.56 89 3.13 0
14:00 736.09 -.56 89 2.24 0
14:01 736.09 -.56 89 2.68 0
14:02 735.84 -.5 89 3.13 0
14:03 735.84 -.56 89 4.02 0
14:04 735.84 -.5 89 3.13 0
14:05 736.09 -.5 89 4.47 0
14:06 736.09 -.5 89 1.79 0
14:07 736.09 -.5 89 4.02 0
14:08 736.09 -.44 89 3.58 0
14:09 736.09 -.44 89 4.02 0
14:10 736.09 -.44 89 1.79 0
14:11 736.09 -.44 89 4.47 0
14:12 736.09 -.44 89 2.68 0
14:13 736.09 -.44 89 2.24 0
14:14 736.09 -.44 89 2.68 0
14:15 736.09 -.39 89 5.36 0
14:16 736.09 -.39 89 2.68 0
14:17 735.84 -.39 89 4.02 0
14:18 735.84 -.39 89 1.79 0
14:19 735.84 -.33 89 .45 0
14:20 735.84 -.33 89 4.47 0
14:21 735.84 -.39 89 5.81 0
14:22 735.84 -.33 89 1.79 0
14:23 735.84 -.33 89 3.58 0
14:24 735.84 -.33 88 1.79 0
14:25 735.84 -.33 88 1.79 0
14:26 735.84 -.33 88 4.47 0
14:27 735.84 -.28 88 2.24 0
14:28 735.84 -.28 88 .45 0
14:29 735.84 -.33 88 4.47 0
14:30 735.84 -.33 88 1.79 0
14:31 735.84 -.28 88 4.47 0
14:32 735.84 -.28 88 4.02 0
14:33 735.84 -.28 88 4.02 0
14:34 735.84 -.33 88 3.13 0
14:35 735.84 -.33 88 4.47 0
14:36 735.84 -.33 88 3.58 0
14:37 735.84 -.33 88 5.81 0
14:38 735.84 -.33 88 1.34 0
14:39 735.84 -.33 88 .45 0
14:40 735.84 -.33 88 4.02 0
14:41 735.84 -.33 88 3.13 0
14:42 735.84 -.28 88 4.47 0
14:43 735.84 -.33 88 3.13 0
14:44 736.09 -.33 88 3.13 0
14:45 735.84 -.28 88 6.26 0
14:46 736.09 -.33 88 1.79 0
14:47 735.84 -.33 88 3.58 0
14:48 735.84 -.33 88 4.02 0
14:49 736.09 -.33 88 2.24 0
14:50 736.09 -.33 88 2.24 0
14:51 736.09 -.33 88 4.92 0
14:52 736.09 -.33 88 3.13 0
14:53 736.09 -.33 88 3.58 0
14:54 736.09 -.33 87 2.68 0
14:55 736.09 -.33 87 3.58 0
14:56 736.09 -.33 87 3.13 0
14:57 736.09 -.33 88 3.13 0
14:58 736.09 -.33 87 2.24 0
14:59 736.09 -.33 87 3.13 0
15:00 736.09 -.33 87 1.79 0
15:01 736.09 -.33 87 3.13 0
15:02 736.09 -.33 87 6.26 0
15:03 736.09 -.33 87 2.24 0
15:04 736.09 -.33 87 3.13 0
15:05 736.09 -.33 87 4.02 0
15:06 736.09 -.33 87 .89 0
15:07 736.09 -.33 87 4.02 0
15:08 736.09 -.33 87 4.47 0
15:09 736.09 -.33 87 3.13 0
15:10 735.84 -.33 87 1.34 0
15:11 736.09 -.33 87 4.92 0
15:12 735.84 -.33 87 3.13 0
15:13 735.84 -.33 87 4.47 0
15:14 735.84 -.33 87 1.79 0
15:15 735.84 -.33 87 3.58 0
15:16 735.84 -.33 87 1.79 0
15:17 735.84 -.33 87 3.13 0
15:18 735.84 -.33 87 3.13 0
15:19 735.84 -.33 87 4.92 0
15:20 735.84 -.33 87 3.58 0
15:21 735.84 -.39 87 2.68 0
15:22 735.84 -.33 87 3.58 0
15:23 735.84 -.39 87 4.92 0
15:24 735.84 -.39 87 3.58 0
15:25 735.84 -.44 87 4.47 0
15:26 735.84 -.44 88 5.36 0
15:27 735.84 -.44 88 4.92 0
15:28 735.84 -.5 88 3.13 0
15:29 735.84 -.5 88 3.58 0
15:30 735.84 -.5 88 .45 0
15:31 735.84 -.56 88 2.24 0
15:32 735.84 -.56 88 3.13 0
15:33 735.84 -.56 88 2.24 0
15:34 735.84 -.56 88 1.34 0
15:35 735.84 -.56 88 .45 0
15:36 735.84 -.56 88 3.58 0
15:37 735.84 -.61 89 .45 0
15:38 735.84 -.56 89 3.58 0
15:39 735.84 -.61 89 2.68 0
15:40 735.84 -.61 89 4.02 0
15:41 735.84 -.61 89 1.34 0
15:42 735.84 -.61 89 0 0
15:43 735.84 -.61 89 3.58 0
15:44 735.84 -.67 89 1.34 0
15:45 735.84 -.67 89 .89 0
15:46 735.84 -.67 89 3.13 0
15:47 735.84 -.67 89 2.24 0
15:48 735.84 -.67 89 .89 0
15:49 735.84 -.67 89 2.68 0
15:50 735.84 -.67 89 4.02 0
15:51 735.84 -.67 89 1.79 0
15:52 735.84 -.67 89 1.34 0
15:53 735.84 -.67 89 3.58 0
15:54 735.84 -.67 89 4.02 0
15:55 735.84 -.67 89 3.58 0
15:56 735.84 -.67 89 4.47 0
15:57 735.84 -.72 89 3.13 0
15:58 735.84 -.67 89 4.02 0
15:59 735.84 -.72 89 2.68 0
16:00 735.84 -.67 89 1.79 0
16:01 735.84 -.72 89 3.58 0
16:02 735.84 -.67 89 .89 0
16:03 735.84 -.67 89 3.58 0
16:04 735.84 -.72 89 5.36 0
16:05 735.84 -.72 89 3.58 0
16:06 735.84 -.67 89 2.68 0
16:07 735.84 -.72 89 1.34 0
16:08 736.09 -.67 89 .89 0
16:09 736.09 -.72 89 4.47 0
16:10 735.84 -.67 89 1.34 0
16:11 735.84 -.72 89 4.47 0
16:12 735.84 -.72 89 3.58 0
16:13 735.84 -.72 89 .89 0
16:14 735.84 -.72 89 4.47 0
16:15 735.84 -.72 89 2.68 0
16:16 735.84 -.72 89 4.02 0
16:17 735.84 -.72 89 2.68 0
16:18 735.84 -.72 89 4.47 0
16:19 735.84 -.72 89 3.58 0
16:20 735.84 -.72 89 3.58 0
16:21 735.84 -.72 89 4.92 0
16:22 735.84 -.67 89 1.34 0
16:23 735.84 -.72 89 2.24 0
16:24 735.84 -.67 89 .89 0
16:25 735.84 -.67 89 1.34 0
16:26 735.84 -.67 89 4.92 0
16:27 735.84 -.67 89 3.58 0
16:28 735.84 -.67 89 3.58 0
16:29 735.84 -.67 89 2.68 0
16:30 735.84 -.67 89 2.68 0
16:31 736.09 -.61 89 1.34 0
16:32 735.84 -.67 89 2.68 0
16:33 735.84 -.61 89 5.81 0
16:34 735.84 -.67 89 4.02 0
16:35 735.84 -.61 88 6.26 0
16:36 735.84 -.61 88 5.36 0
16:37 735.84 -.61 88 4.47 0
16:38 735.84 -.61 88 .89 0
16:39 735.84 -.56 88 .89 0
16:40 735.84 -.56 88 .89 0
16:41 736.09 -.61 88 1.34 0
16:42 735.84 -.61 88 6.26 0
16:43 735.84 -.61 88 8.05 0
16:44 736.09 -.61 88 4.02 0
16:45 735.84 -.61 88 2.68 0
16:46 735.84 -.56 88 3.58 0
16:47 735.84 -.61 88 2.68 0
16:48 736.09 -.61 88 4.02 0
16:49 736.09 -.61 88 5.36 0
16:50 735.84 -.61 88 2.24 0
16:51 735.84 -.61 88 2.24 0
16:52 736.09 -.61 88 4.47 0
16:53 735.84 -.61 88 .45 0
16:54 735.84 -.61 88 1.79 0
16:55 735.84 -.61 88 1.79 0
16:56 735.84 -.67 88 1.34 0
16:57 735.84 -.67 88 2.68 0
16:58 735.84 -.67 88 4.92 0
16:59 735.84 -.67 88 3.13 0
17:00 735.84 -.67 88 3.58 0
17:01 735.84 -.67 88 2.68 0
17:02 735.84 -.67 88 4.47 0
17:03 735.84 -.67 88 .89 0
17:04 735.84 -.67 88 4.92 0
17:05 735.84 -.67 88 3.58 0
17:06 735.84 -.67 88 2.24 0
17:07 735.84 -.67 88 .45 0
17:08 735.84 -.72 88 1.34 0
17:09 735.84 -.67 88 3.13 0
17:10 735.84 -.67 88 1.34 0
17:11 735.84 -.72 88 2.68 0
17:12 735.84 -.72 88 3.13 0
17:13 735.84 -.67 88 2.68 0
17:14 735.84 -.72 88 2.68 0
17:15 735.84 -.72 88 3.58 0
17:16 735.84 -.72 88 5.36 0
17:17 735.84 -.72 88 4.02 0
17:18 735.84 -.72 88 1.79 0
17:19 735.84 -.72 88 1.79 0
17:20 735.84 -.72 88 3.58 0
17:21 735.84 -.72 88 .45 0
17:22 736.09 -.72 88 1.79 0
17:23 736.09 -.72 88 2.68 0
17:24 735.84 -.72 88 5.36 0
17:25 736.09 -.72 88 .89 0
17:26 736.09 -.72 88 1.79 0
17:27 736.09 -.72 88 4.02 0
17:28 735.84 -.72 88 .89 0
17:29 735.84 -.72 88 1.34 0
17:30 735.84 -.72 88 4.47 0
17:31 735.84 -.72 88 3.13 0
17:32 735.84 -.72 88 1.34 0
17:33 735.84 -.72 88 4.02 0
17:34 735.84 -.72 88 4.47 0
17:35 735.84 -.78 88 1.34 0
17:36 735.84 -.78 88 4.47 0
17:37 735.84 -.72 88 6.71 0
17:38 735.84 -.72 88 4.92 0
17:39 735.84 -.78 88 6.71 0
17:40 735.84 -.78 88 3.58 0
17:41 735.84 -.78 88 3.58 0
17:42 735.84 -.72 88 2.68 0
17:43 736.09 -.78 88 1.79 0
17:44 735.84 -.78 88 4.47 0
17:45 735.84 -.72 88 .89 0
17:46 735.84 -.78 88 3.58 0
17:47 735.84 -.78 88 2.68 0
17:48 735.84 -.78 88 4.92 0
17:49 735.84 -.78 88 4.92 0
17:50 735.84 -.78 88 3.58 0
17:51 735.84 -.78 88 7.6 0
17:52 735.84 -.78 88 3.58 0
17:53 735.84 -.78 88 1.34 0
17:54 735.84 -.78 88 1.34 0
17:55 735.84 -.78 88 3.58 0
17:56 735.84 -.78 88 .89 0
17:57 735.84 -.78 88 1.79 0
17:58 735.84 -.78 88 4.02 0
17:59 735.84 -.78 88 2.68 0
18:00 735.84 -.78 88 2.68 0
18:01 735.84 -.78 88 1.34 0
18:02 735.84 -.78 88 4.02 0
18:03 735.84 -.78 88 2.68 0
18:04 735.84 -.78 88 .89 0
18:05 735.84 -.78 88 2.24 0
18:06 735.84 -.78 88 4.47 0
18:07 735.84 -.78 88 4.47 0
18:08 735.84 -.78 88 4.92 0
18:09 735.84 -.78 88 3.58 0
18:10 735.84 -.78 88 4.47 0
18:11 735.84 -.78 88 3.58 0
18:12 735.84 -.78 88 3.58 0
18:13 735.84 -.78 88 5.81 0
18:14 735.84 -.78 88 7.15 0
18:15 735.84 -.78 88 4.47 0
18:16 735.84 -.78 88 5.81 0
18:17 735.84 -.78 88 6.26 0
18:18 735.84 -.78 88 6.26 0
18:19 735.84 -.72 88 4.92 0
18:20 735.84 -.78 88 4.92 0
18:21 735.84 -.78 88 7.15 0
18:22 735.84 -.72 88 4.47 0
18:23 735.84 -.78 88 4.02 0
18:24 735.84 -.78 88 2.24 0
18:25 735.84 -.72 88 4.47 0
18:26 735.84 -.78 88 4.47 0
18:27 735.84 -.72 88 6.26 0
18:28 735.84 -.78 88 2.24 0
18:29 735.84 -.78 88 4.47 0
18:30 735.84 -.78 88 8.49 0
18:31 735.84 -.78 88 6.71 0
18:32 735.84 -.78 88 3.58 0
18:33 735.84 -.72 88 2.24 0
18:34 735.84 -.78 88 4.02 0
18:35 735.84 -.78 88 9.39 0
18:36 735.84 -.78 88 4.02 0
18:37 735.84 -.78 88 2.68 0
18:38 736.09 -.78 88 4.92 0
18:39 736.09 -.78 88 4.92 0
18:40 736.09 -.78 88 .89 0
18:41 736.09 -.78 88 3.13 0
18:42 736.09 -.78 88 2.68 0
18:43 736.09 -.78 88 4.02 0
18:44 736.09 -.78 88 4.47 0
18:45 735.84 -.78 88 5.36 0
18:46 735.84 -.78 88 4.02 0
18:47 735.84 -.78 88 .89 0
18:48 735.84 -.78 88 4.02 0
18:49 735.84 -.78 88 5.81 0
18:50 736.09 -.78 88 3.13 0
18:51 735.84 -.78 88 4.92 0
18:52 736.09 -.78 88 3.58 0
18:53 735.84 -.78 88 5.36 0
18:54 736.09 -.78 88 7.6 0
18:55 735.84 -.78 88 4.47 0
18:56 735.84 -.78 88 3.58 0
18:57 735.84 -.78 88 2.68 0
18:58 735.84 -.78 88 1.79 0
18:59 735.84 -.78 88 2.24 0
19:00 735.84 -.78 88 4.47 0
19:01 735.84 -.83 88 6.71 0
19:02 735.84 -.78 88 2.24 0
19:03 735.84 -.78 88 4.47 0
19:04 735.84 -.78 88 6.26 0
19:05 735.84 -.78 88 4.47 0
19:06 735.84 -.78 88 4.92 0
19:07 735.84 -.78 88 2.24 0
19:08 735.84 -.78 88 3.58 0
19:09 735.84 -.78 88 3.58 0
19:10 736.09 -.78 88 3.58 0
19:11 735.84 -.78 88 2.68 0
19:12 736.09 -.78 88 2.24 0
19:13 735.84 -.83 88 3.58 0
19:14 735.84 -.83 88 3.58 0
19:15 735.84 -.78 88 3.13 0
19:16 735.84 -.83 88 4.02 0
19:17 735.84 -.83 88 4.02 0
19:18 735.84 -.83 88 4.47 0
19:19 735.84 -.83 88 3.58 0
19:20 735.84 -.83 88 4.92 0
19:21 735.84 -.83 88 1.34 0
19:22 735.84 -.83 88 6.71 0
19:23 735.84 -.78 88 4.02 0
19:24 735.84 -.83 88 3.13 0
19:25 735.84 -.83 88 6.26 0
19:26 735.84 -.83 88 6.26 0
19:27 735.84 -.83 88 1.79 0
19:28 735.84 -.83 88 3.58 0
19:29 735.84 -.83 88 4.47 0
19:30 735.84 -.83 88 4.92 0
19:31 735.84 -.83 88 3.13 0
19:32 735.84 -.83 88 4.47 0
19:33 735.84 -.83 88 .45 0
19:34 735.84 -.83 88 3.13 0
19:35 735.84 -.83 88 1.34 0
19:36 735.84 -.83 88 2.68 0
19:37 735.84 -.89 88 2.24 0
19:38 735.84 -.83 88 4.02 0
19:39 735.84 -.83 88 2.24 0
19:40 735.84 -.83 88 2.68 0
19:41 735.84 -.83 88 1.79 0
19:42 735.84 -.83 88 3.58 0
19:43 735.84 -.83 88 3.13 0
19:44 735.84 -.83 88 1.79 0
19:45 735.84 -.83 88 4.02 0
19:46 735.84 -.83 88 2.24 0
19:47 735.84 -.83 88 4.47 0
19:48 735.84 -.83 88 3.58 0
19:49 735.84 -.83 88 1.79 0
19:50 735.84 -.89 88 4.47 0
19:51 735.84 -.89 88 1.79 0
19:52 735.84 -.83 88 2.24 0
19:53 735.84 -.83 88 2.68 0
19:54 735.84 -.83 88 1.34 0
19:55 735.84 -.83 88 4.47 0
19:56 735.84 -.83 88 5.36 0
19:57 735.84 -.83 88 4.02 0
19:58 735.84 -.83 88 3.13 0
19:59 736.09 -.83 88 .45 0
20:00 735.84 -.89 88 4.02 0
20:01 736.09 -.83 88 4.47 0
20:02 736.09 -.83 88 2.24 0
20:03 736.09 -.83 88 .89 0
20:04 736.09 -.83 88 2.68 0
20:05 736.09 -.83 88 2.68 0
20:06 735.84 -.83 88 3.13 0
20:07 736.09 -.83 88 2.68 0
20:08 736.09 -.83 88 2.68 0
20:09 736.09 -.83 88 4.92 0
20:10 736.09 -.83 88 4.02 0
20:11 736.09 -.83 88 4.92 0
20:12 736.09 -.83 88 2.68 0
20:13 736.09 -.83 88 .89 0
20:14 736.09 -.83 88 2.68 0
20:15 736.09 -.89 88 1.79 0
20:16 736.09 -.89 88 1.79 0
20:17 736.09 -.89 88 2.68 0
20:18 736.09 -.89 88 2.68 0
20:19 736.09 -.89 88 3.58 0
20:20 736.09 -.89 88 2.24 0
20:21 736.09 -.94 88 1.34 0
20:22 736.09 -.94 88 4.92 0
20:23 736.09 -.94 88 4.47 0
20:24 736.09 -.94 88 2.68 0
20:25 736.09 -.94 88 4.47 0
20:26 736.09 -.94 88 1.34 0
20:27 736.09 -1 88 4.47 0
20:28 736.09 -1 88 5.36 0
20:29 736.09 -1 88 3.58 0
20:30 736.09 -1 88 2.24 0
20:31 736.09 -1 88 3.13 0
20:32 736.09 -1 88 2.68 0
20:33 736.09 -1 88 1.79 0
20:34 736.09 -1.06 88 3.58 0
20:35 736.09 -1.06 89 1.79 0
20:36 736.09 -1.06 89 1.79 0
20:37 736.09 -1.06 89 4.02 0
20:38 736.09 -1.06 89 3.13 0
20:39 736.09 -1.06 89 5.36 0
20:40 736.09 -1.06 89 1.79 0
20:41 736.09 -1.06 89 2.68 0
20:42 736.09 -1.06 89 2.24 0
20:43 736.09 -1.06 89 2.68 0
20:44 736.09 -1.06 89 4.02 0
20:45 736.09 -1.11 89 5.36 0
20:46 736.09 -1.11 89 4.02 0
20:47 736.09 -1.11 89 5.81 0
20:48 736.09 -1.06 89 1.79 0
20:49 736.09 -1.11 89 5.36 0
20:50 736.09 -1.11 89 4.02 0
20:51 736.09 -1.11 89 4.47 0
20:52 736.09 -1.11 89 2.68 0
20:53 736.09 -1.11 89 4.92 0
20:54 736.09 -1.11 89 4.47 0
20:55 736.09 -1.11 89 1.34 0
20:56 736.09 -1.11 89 1.79 0
20:57 736.09 -1.11 89 3.13 0
20:58 736.09 -1.11 89 2.68 0
20:59 736.09 -1.11 89 4.92 0
21:00 736.09 -1.11 89 2.68 0
21:01 736.09 -1.11 90 1.79 0
21:02 736.09 -1.11 90 6.26 0
21:03 736.09 -1.11 90 3.13 0
21:04 736.09 -1.17 90 5.36 0
21:05 736.09 -1.17 90 2.68 0
21:06 736.09 -1.11 90 4.02 0
21:07 736.09 -1.11 89 4.47 0
21:08 736.09 -1.17 90 1.79 0
21:09 736.09 -1.11 90 3.58 0
21:10 736.09 -1.17 90 2.68 0
21:11 736.09 -1.11 90 2.68 0
21:12 736.09 -1.17 90 3.13 0
21:13 736.09 -1.11 90 5.81 0
21:14 736.09 -1.11 90 3.13 0
21:15 736.09 -1.17 90 3.13 0
21:16 736.09 -1.17 90 1.79 0
21:17 736.09 -1.17 90 3.58 0
21:18 736.09 -1.17 90 2.68 0
21:19 736.09 -1.17 90 2.24 0
21:20 736.09 -1.11 90 4.02 0
21:21 736.09 -1.11 90 4.02 0
21:22 736.09 -1.17 90 2.68 0
21:23 736.35 -1.11 90 1.79 0
21:24 736.09 -1.17 90 1.79 0
21:25 736.09 -1.17 90 2.68 0
21:26 736.09 -1.17 90 4.47 0
21:27 736.09 -1.17 90 4.47 0
21:28 736.09 -1.17 90 1.34 0
21:29 736.09 -1.17 90 .89 0
21:30 736.09 -1.17 90 2.24 0
21:31 736.09 -1.17 90 3.58 0
21:32 736.09 -1.11 90 4.02 0
21:33 736.09 -1.17 90 4.47 0
21:34 736.09 -1.17 90 1.79 0
21:35 736.09 -1.17 90 4.47 0
21:36 736.35 -1.17 90 4.92 0
21:37 736.09 -1.17 90 4.92 0
21:38 736.35 -1.11 90 3.13 0
21:39 736.35 -1.17 90 2.68 0
21:40 736.09 -1.17 90 5.36 0
21:41 736.09 -1.17 90 1.79 0
21:42 736.09 -1.11 90 4.02 0
21:43 736.35 -1.17 90 2.68 0
21:44 736.35 -1.11 90 1.34 0
21:45 736.35 -1.11 90 2.68 0
21:46 736.35 -1.11 90 2.68 0
21:47 736.35 -1.17 90 .89 0
21:48 736.35 -1.17 90 1.79 0
21:49 736.35 -1.11 90 .89 0
21:50 736.35 -1.17 90 3.13 0
21:51 736.09 -1.17 90 1.79 0
21:52 736.09 -1.17 90 1.79 0
21:53 736.35 -1.11 90 1.34 0
21:54 736.09 -1.11 90 2.24 0
21:55 736.09 -1.11 90 1.34 0
21:56 736.09 -1.11 90 1.34 0
21:57 736.09 -1.17 90 2.24 0
21:58 736.09 -1.17 90 1.34 0
21:59 736.09 -1.11 90 2.68 0
22:00 736.35 -1.17 90 1.34 0
22:01 736.09 -1.11 90 2.24 0
22:02 736.09 -1.17 90 2.68 0
22:03 736.35 -1.11 91 2.68 0
22:04 736.09 -1.11 90 3.13 0
22:05 736.35 -1.11 91 0 0
22:06 736.09 -1.17 91 2.24 0
22:07 736.09 -1.11 91 2.24 0
22:08 736.35 -1.17 91 2.68 0
22:09 736.09 -1.11 91 3.13 0
22:10 736.09 -1.11 91 5.36 0
22:11 736.35 -1.11 91 1.79 0
22:12 736.09 -1.11 91 4.47 0
22:13 736.35 -1.11 91 2.24 0
22:14 736.35 -1.11 91 4.02 0
22:15 736.09 -1.11 91 4.47 0
22:16 736.09 -1.11 90 2.68 0
22:17 736.09 -1.11 90 1.34 0
22:18 736.35 -1.11 91 4.47 0
22:19 736.35 -1.11 90 .89 0
22:20 736.35 -1.11 91 .45 0
22:21 736.09 -1.11 90 2.24 0
22:22 736.09 -1.11 90 3.13 0
22:23 736.35 -1.11 91 0 0
22:24 736.35 -1.11 90 4.02 0
22:25 736.09 -1.11 90 5.36 0
22:26 736.09 -1.11 90 3.13 0
22:27 736.09 -1.06 90 4.47 0
22:28 736.09 -1.11 90 4.47 0
22:29 736.09 -1.11 90 2.24 0
22:30 736.09 -1.06 90 2.68 0
22:31 736.09 -1.11 90 1.79 0
22:32 736.35 -1.11 90 2.24 0
22:33 736.35 -1.11 90 5.36 0
22:34 736.35 -1.11 90 .89 0
22:35 736.35 -1.11 91 1.79 0
22:36 736.09 -1.06 91 1.79 0
22:37 736.35 -1.11 91 .45 0
22:38 736.35 -1.11 91 3.13 0
22:39 736.35 -1.06 91 2.24 0
22:40 736.35 -1.11 91 1.34 0
22:41 736.35 -1.06 91 .45 0
22:42 736.09 -1.06 91 4.92 0
22:43 736.35 -1.11 91 2.68 0
22:44 736.35 -1.11 91 .89 0
22:45 736.35 -1.06 91 .89 0
22:46 736.35 -1.11 91 .89 0
22:47 736.35 -1.06 91 1.79 0
22:48 736.35 -1.06 91 1.79 0
22:49 736.35 -1.06 91 3.13 0
22:50 736.35 -1.06 91 3.13 0
22:51 736.35 -1.11 91 2.68 0
22:52 736.35 -1.06 91 .89 0
22:53 736.35 -1.06 91 3.13 0
22:54 736.09 -1.06 91 2.24 0
22:55 736.09 -1.06 91 1.79 0
22:56 736.35 -1.06 91 1.79 0
22:57 736.09 -1.06 91 0 0
22:58 736.09 -1.06 91 4.02 0
22:59 736.09 -1.06 91 .89 0
23:00 736.09 -1.06 91 2.24 0
23:01 736.09 -1.06 91 3.13 0
23:02 736.09 -1.06 91 2.24 0
23:03 736.09 -1.06 91 2.24 0
23:04 736.09 -1.06 91 1.34 0
23:05 736.09 -1.06 91 2.68 0
23:06 736.09 -1.06 91 1.34 0
23:07 736.09 -1.06 91 2.24 0
23:08 736.09 -1.06 91 2.24 0
23:09 736.09 -1.06 91 4.02 0
23:10 736.09 -1.06 91 1.79 0
23:11 736.09 -1.06 91 5.81 0
23:12 736.09 -1.06 91 3.58 0
23:13 736.09 -1.06 91 .89 0
23:14 736.09 -1.06 91 1.34 0
23:15 736.09 -1.06 91 .45 0
23:16 736.09 -1.06 91 3.58 0
23:17 736.09 -1 91 2.24 0
23:18 736.09 -1.06 91 4.02 0
23:19 736.09 -1 91 1.79 0
23:20 736.09 -1 91 5.36 0
23:21 736.09 -1 91 3.58 0
23:22 736.09 -1 91 3.58 0
23:23 736.09 -1 91 3.58 0
23:24 736.09 -1 91 4.92 0
23:25 736.09 -1 91 4.92 0
23:26 736.09 -1 91 2.68 0
23:27 736.09 -1 91 3.58 0
23:28 736.09 -1 91 .89 0
23:29 736.09 -1 91 4.47 0
23:30 736.09 -1 91 3.58 0
23:31 736.09 -1.06 91 2.68 0
23:32 736.09 -1 91 1.79 0
23:33 736.09 -1 91 .45 0
23:34 736.09 -1 91 1.34 0
23:35 736.09 -1.06 91 2.68 0
23:36 736.09 -1 91 6.26 0
23:37 736.09 -1 91 4.47 0
23:38 736.09 -1 91 4.47 0
23:39 736.09 -1 91 4.92 0
23:40 736.09 -1 91 2.68 0
23:41 736.09 -1 91 4.02 0
23:42 736.09 -1 91 4.47 0
23:43 736.09 -1 91 3.58 0
23:44 736.09 -1 91 1.79 0
23:45 736.09 -1 91 5.36 0
23:46 736.09 -.94 91 2.24 0
23:47 736.09 -1 91 3.13 0
23:48 736.09 -1 91 2.68 0
23:49 736.09 -.94 91 2.68 0
23:50 736.09 -1 91 4.02 0
23:51 736.09 -1 91 3.58 0
23:52 736.09 -1 91 .45 0
23:53 736.09 -1 91 2.68 0
23:54 736.09 -.94 91 .89 0
23:55 736.35 -.94 91 .89 0
23:56 736.09 -.94 91 4.47 0
23:57 736.09 -.94 91 3.13 0
23:58 736.09 -.94 91 3.13 0
23:59 736.09 -.94 91 3.13 0
