00:00 748.28 8.89 71 5.36 0
00:01 748.03 8.83 70 7.6 0
00:02 748.28 8.78 70 4.47 0
00:03 748.28 8.83 70 4.92 0
00:04 748.28 8.83 70 2.24 0
00:05 748.28 8.83 70 4.92 0
00:06 748.28 8.83 70 4.47 0
00:07 748.28 8.83 70 6.26 0
00:08 748.28 8.83 70 5.81 0
00:09 748.28 8.83 70 4.92 0
00:10 748.28 8.78 70 4.47 0
00:11 748.28 8.78 70 4.02 0
00:12 748.28 8.78 70 2.24 0
00:13 748.28 8.78 70 3.58 0
00:14 748.28 8.78 70 5.36 0
00:15 748.28 8.83 70 5.36 0
00:16 748.28 8.78 70 4.92 0
00:17 748.28 8.78 70 4.92 0
00:18 748.28 8.78 70 5.36 0
00:19 748.28 8.78 70 4.47 0
00:20 748.28 8.78 70 4.47 0
00:21 748.28 8.78 70 4.47 0
00:22 748.28 8.78 70 3.13 0
00:23 748.28 8.72 70 5.81 0
00:24 748.28 8.72 70 4.92 0
00:25 748.28 8.78 70 5.36 0
00:26 748.28 8.72 70 5.81 0
00:27 748.28 8.72 70 7.6 0
00:28 748.28 8.72 70 7.6 0
00:29 748.28 8.72 71 2.68 0
00:30 748.28 8.67 71 6.26 0
00:31 748.28 8.67 71 3.13 0
00:32 748.28 8.67 71 5.36 0
00:33 748.28 8.67 71 4.02 0
00:34 748.28 8.67 71 3.58 0
00:35 748.28 8.67 71 5.36 0
00:36 748.28 8.67 71 4.92 0
00:37 748.28 8.61 71 6.26 0
00:38 748.28 8.61 71 6.26 0
00:39 748.28 8.61 71 4.92 0
00:40 748.28 8.61 71 7.15 0
00:41 748.28 8.61 71 5.81 0
00:42 748.28 8.61 71 5.36 0
00:43 748.28 8.61 71 6.26 0
00:44 748.54 8.56 71 4.92 0
00:45 748.54 8.61 71 6.71 0
00:46 748.54 8.56 71 4.47 0
00:47 748.54 8.61 71 6.26 0
00:48 748.54 8.56 71 4.92 0
00:49 748.54 8.56 71 5.81 0
00:50 748.54 8.56 70 4.02 0
00:51 748.54 8.56 71 4.92 0
00:52 748.54 8.56 70 4.47 0
00:53 748.54 8.56 70 4.47 0
00:54 748.54 8.56 70 7.15 0
00:55 748.54 8.56 70 4.92 0
00:56 748.54 8.56 70 4.92 0
00:57 748.54 8.56 70 8.49 0
00:58 748.54 8.56 70 3.13 0
00:59 748.54 8.56 70 2.68 0
01:00 748.54 8.56 70 3.13 0
01:01 748.54 8.56 70 1.34 0
01:02 748.54 8.5 70 3.13 0
01:03 748.54 8.56 70 4.02 0
01:04 748.54 8.56 70 4.02 0
01:05 748.54 8.44 70 3.13 0
01:06 748.54 8.5 70 .89 0
01:07 748.54 8.5 70 3.13 0
01:08 748.54 8.5 70 6.26 0
01:09 748.54 8.5 70 6.26 0
01:10 748.54 8.44 70 3.13 0
01:11 748.54 8.44 71 4.02 0
01:12 748.54 8.44 71 4.02 0
01:13 748.54 8.44 71 4.02 0
01:14 748.54 8.44 71 3.58 0
01:15 748.54 8.44 71 4.47 0
01:16 748.54 8.44 71 2.24 0
01:17 748.54 8.44 71 4.47 0
01:18 748.54 8.44 71 3.13 0
01:19 748.54 8.44 71 4.47 0
01:20 748.54 8.39 71 3.13 0
01:21 748.54 8.39 71 6.71 0
01:22 748.54 8.44 71 7.15 0
01:23 748.54 8.39 72 6.26 0
01:24 748.54 8.33 72 4.92 0
01:25 748.54 8.33 72 4.47 0
01:26 748.54 8.33 72 2.68 0
01:27 748.54 8.39 72 5.36 0
01:28 748.54 8.33 72 4.47 0
01:29 748.79 8.33 72 4.92 0
01:30 748.79 8.33 72 3.58 0
01:31 748.79 8.28 72 4.47 0
01:32 748.54 8.33 72 7.15 0
01:33 748.79 8.28 72 5.36 0
01:34 748.79 8.28 72 1.79 0
01:35 748.79 8.28 72 4.47 0
01:36 748.54 8.28 72 3.13 0
01:37 748.79 8.28 72 4.02 0
01:38 748.79 8.28 72 7.6 0
01:39 748.79 8.22 72 5.36 0
01:40 748.79 8.22 72 4.47 0
01:41 748.79 8.22 71 4.02 0
01:42 748.79 8.22 71 4.02 0
01:43 748.79 8.22 72 3.58 0
01:44 748.79 8.22 72 4.92 0
01:45 748.79 8.22 71 8.49 0
01:46 748.79 8.22 71 4.92 0
01:47 748.79 8.22 71 7.15 0
01:48 748.79 8.22 71 3.58 0
01:49 748.79 8.22 71 6.26 0
01:50 748.79 8.22 71 6.26 0
01:51 748.79 8.17 71 6.71 0
01:52 748.79 8.22 71 4.02 0
01:53 748.79 8.17 71 4.02 0
01:54 748.79 8.22 71 3.58 0
01:55 748.79 8.17 71 3.13 0
01:56 748.79 8.17 72 3.13 0
01:57 748.79 8.17 72 4.92 0
01:58 748.79 8.17 72 4.92 0
01:59 748.79 8.17 72 3.58 0
02:00 748.79 8.17 72 4.02 0
02:01 748.79 8.17 72 1.79 0
02:02 748.79 8.11 72 4.47 0
02:03 748.79 8.11 72 6.26 0
02:04 748.79 8.06 72 5.36 0
02:05 748.79 8 72 5.81 0
02:06 748.79 8 72 5.81 0
02:07 748.79 7.94 72 4.47 0
02:08 748.79 7.94 73 4.02 0
02:09 748.79 7.94 73 4.47 0
02:10 748.79 7.94 73 3.13 0
02:11 748.79 7.94 73 4.02 0
02:12 748.79 7.94 73 8.05 0
02:13 748.79 7.89 73 6.26 0
02:14 748.79 7.89 73 5.36 0
02:15 748.79 7.89 73 7.6 0
02:16 748.79 7.89 73 2.68 0
02:17 748.79 7.83 73 3.58 0
02:18 748.79 7.83 73 5.36 0
02:19 748.79 7.83 73 6.71 0
02:20 748.79 7.83 73 3.58 0
02:21 748.79 7.83 73 3.13 0
02:22 748.79 7.83 73 5.36 0
02:23 748.79 7.83 73 5.36 0
02:24 748.79 7.83 73 1.79 0
02:25 748.79 7.83 73 1.34 0
02:26 748.79 7.83 73 5.36 0
02:27 748.79 7.78 73 3.13 0
02:28 748.79 7.78 73 2.24 0
02:29 748.79 7.78 73 2.24 0
02:30 748.79 7.78 73 4.02 0
02:31 748.79 7.78 73 1.79 0
02:32 748.79 7.78 73 4.92 0
02:33 748.79 7.78 73 3.58 0
02:34 748.79 7.72 73 1.34 0
02:35 748.79 7.72 73 5.81 0
02:36 749.05 7.72 72 6.26 0
02:37 749.05 7.72 72 4.47 0
02:38 749.05 7.72 72 2.24 0
02:39 749.05 7.72 72 4.02 0
02:40 749.05 7.67 72 5.81 0
02:41 749.05 7.67 72 4.47 0
02:42 749.05 7.61 72 4.92 0
02:43 749.05 7.61 71 4.92 0
02:44 749.05 7.61 71 5.36 0
02:45 749.05 7.56 71 8.49 0
02:46 749.05 7.61 71 6.26 0
02:47 749.05 7.56 71 5.36 0
02:48 749.05 7.56 71 4.02 0
02:49 749.05 7.56 71 3.58 0
02:50 749.05 7.56 72 4.92 0
02:51 749.3 7.56 71 4.92 0
02:52 749.3 7.56 72 4.47 0
02:53 749.05 7.5 72 7.15 0
02:54 749.05 7.44 71 3.58 0
02:55 749.3 7.44 71 4.47 0
02:56 749.3 7.44 71 6.26 0
02:57 749.05 7.44 71 6.26 0
02:58 749.3 7.44 71 5.81 0
02:59 749.3 7.39 71 4.92 0
03:00 749.3 7.39 71 6.71 0
03:01 749.3 7.39 71 3.58 0
03:02 749.3 7.39 71 5.81 0
03:03 749.3 7.33 71 4.92 0
03:04 749.05 7.33 71 4.47 0
03:05 749.05 7.39 71 4.47 0
03:06 749.05 7.33 71 3.58 0
03:07 749.3 7.33 71 3.13 0
03:08 749.05 7.33 71 4.02 0
03:09 749.05 7.28 71 3.58 0
03:10 749.05 7.33 71 1.79 0
03:11 749.05 7.28 71 1.34 0
03:12 749.05 7.33 71 1.79 0
03:13 749.05 7.28 71 1.79 0
03:14 749.05 7.33 71 3.58 0
03:15 749.05 7.28 71 3.58 0
03:16 749.05 7.28 71 3.13 0
03:17 749.05 7.22 71 1.34 0
03:18 749.05 7.28 71 1.79 0
03:19 749.05 7.28 71 2.24 0
03:20 749.05 7.22 71 2.68 0
03:21 749.3 7.22 71 4.47 0
03:22 749.3 7.28 71 3.58 0
03:23 749.05 7.22 71 2.24 0
03:24 749.05 7.22 71 3.13 0
03:25 749.05 7.22 71 2.68 0
03:26 749.05 7.28 71 3.58 0
03:27 749.05 7.28 71 5.36 0
03:28 749.3 7.28 71 4.02 0
03:29 749.3 7.28 71 1.34 0
03:30 749.3 7.28 71 4.47 0
03:31 749.05 7.28 71 2.68 0
03:32 749.3 7.28 71 1.34 0
03:33 749.3 7.28 71 1.79 0
03:34 749.05 7.28 72 1.79 0
03:35 749.05 7.28 72 1.79 0
03:36 749.05 7.22 72 1.79 0
03:37 749.3 7.28 72 2.68 0
03:38 749.05 7.28 72 6.26 0
03:39 749.05 7.22 72 3.13 0
03:40 749.3 7.22 72 1.34 0
03:41 749.3 7.22 72 3.13 0
03:42 749.3 7.22 72 3.13 0
03:43 749.3 7.28 72 2.68 0
03:44 749.3 7.28 72 .89 0
03:45 749.3 7.28 72 6.71 0
03:46 749.05 7.28 72 3.13 0
03:47 749.3 7.28 72 1.79 0
03:48 749.05 7.28 72 3.58 0
03:49 749.3 7.28 72 2.24 0
03:50 749.3 7.28 72 3.58 0
03:51 749.3 7.28 72 3.13 0
03:52 749.3 7.28 72 1.79 0
03:53 749.3 7.28 72 2.68 0
03:54 749.3 7.28 72 2.24 0
03:55 749.3 7.28 72 .89 0
03:56 749.3 7.28 72 2.68 0
03:57 749.3 7.28 72 1.79 0
03:58 749.3 7.28 72 1.79 0
03:59 749.3 7.28 72 3.13 0
04:00 749.3 7.28 72 2.68 0
04:01 749.3 7.28 72 3.13 0
04:02 749.3 7.28 72 3.58 0
04:03 749.3 7.28 72 4.92 0
04:04 749.3 7.28 72 4.47 0
04:05 749.05 7.28 72 4.02 0
04:06 749.05 7.28 72 4.92 0
04:07 749.3 7.28 72 4.47 0
04:08 749.3 7.28 72 3.13 0
04:09 749.3 7.22 72 4.92 0
04:10 749.3 7.28 72 4.02 0
04:11 749.05 7.28 72 3.13 0
04:12 749.05 7.22 72 3.13 0
04:13 749.3 7.28 72 6.26 0
04:14 749.3 7.22 72 4.92 0
04:15 749.3 7.22 72 4.47 0
04:16 749.3 7.22 72 4.02 0
04:17 749.3 7.22 73 4.92 0
04:18 749.3 7.22 73 2.24 0
04:19 749.3 7.22 73 3.58 0
04:20 749.3 7.22 73 3.58 0
04:21 749.3 7.22 73 2.68 0
04:22 749.3 7.22 73 4.47 0
04:23 749.3 7.17 73 3.58 0
04:24 749.3 7.17 73 3.58 0
04:25 749.3 7.17 73 1.79 0
04:26 749.3 7.17 73 3.58 0
04:27 749.3 7.17 73 2.24 0
04:28 749.3 7.17 73 .89 0
04:29 749.3 7.17 73 3.58 0
04:30 749.3 7.17 73 4.02 0
04:31 749.3 7.17 73 2.24 0
04:32 749.3 7.17 73 1.79 0
04:33 749.3 7.17 73 2.68 0
04:34 749.3 7.17 73 2.68 0
04:35 749.3 7.17 73 2.24 0
04:36 749.3 7.17 73 1.34 0
04:37 749.3 7.17 73 1.79 0
04:38 749.3 7.17 73 4.02 0
04:39 749.3 7.17 73 1.79 0
04:40 749.3 7.17 74 2.68 0
04:41 749.3 7.11 74 1.79 0
04:42 749.3 7.11 74 1.79 0
04:43 749.3 7.11 74 3.13 0
04:44 749.3 7.17 74 3.13 0
04:45 749.3 7.17 74 1.79 0
04:46 749.3 7.11 74 3.58 0
04:47 749.3 7.11 74 3.13 0
04:48 749.3 7.11 74 3.13 0
04:49 749.3 7.11 74 4.02 0
04:50 749.05 7.11 74 1.79 0
04:51 749.05 7.11 74 .89 0
04:52 749.05 7.11 74 1.79 0
04:53 749.05 7.11 74 1.34 0
04:54 749.05 7.11 74 2.68 0
04:55 749.3 7.17 74 2.68 0
04:56 749.05 7.11 74 3.58 0
04:57 749.3 7.11 74 1.79 0
04:58 749.3 7.11 74 3.13 0
04:59 749.3 7.11 74 1.34 0
05:00 749.3 7.11 74 2.68 0
05:01 749.3 7.11 75 3.58 0
05:02 749.3 7.11 74 1.79 0
05:03 749.3 7.11 75 3.13 0
05:04 749.3 7.06 74 1.79 0
05:05 749.3 7.06 74 2.68 0
05:06 749.3 7.06 74 1.34 0
05:07 749.05 7.06 75 4.02 0
05:08 749.3 7.06 74 3.58 0
05:09 749.05 7.06 75 4.92 0
05:10 749.05 7.06 74 2.68 0
05:11 749.3 7.06 75 4.47 0
05:12 749.05 7.06 74 4.47 0
05:13 749.3 7.06 74 1.34 0
05:14 749.3 7.06 74 2.68 0
05:15 749.3 7.06 74 3.58 0
05:16 749.3 7 75 1.79 0
05:17 749.3 7.06 75 2.68 0
05:18 749.3 7 75 2.24 0
05:19 749.3 7 74 3.13 0
05:20 749.3 7.06 75 4.02 0
05:21 749.3 7.06 74 2.68 0
05:22 749.3 7.06 74 1.79 0
05:23 749.3 7.06 75 2.68 0
05:24 749.3 7 75 2.24 0
05:25 749.3 7.06 75 1.79 0
05:26 749.3 7 75 4.02 0
05:27 749.3 7 75 3.58 0
05:28 749.3 7 75 1.79 0
05:29 749.3 7 75 .89 0
05:30 749.3 6.94 75 1.79 0
05:31 749.3 7 75 4.02 0
05:32 749.3 6.94 75 2.68 0
05:33 749.3 6.94 75 3.58 0
05:34 749.3 6.94 75 4.47 0
05:35 749.3 7 75 3.58 0
05:36 749.3 7 75 1.79 0
05:37 749.3 7 75 1.34 0
05:38 749.3 7 75 2.24 0
05:39 749.3 7 75 4.92 0
05:40 749.3 6.94 75 1.79 0
05:41 749.3 6.94 75 4.02 0
05:42 749.3 6.94 75 2.24 0
05:43 749.3 6.94 75 3.13 0
05:44 749.3 6.94 75 1.34 0
05:45 749.3 6.94 76 1.34 0
05:46 749.3 6.94 76 3.58 0
05:47 749.3 6.94 76 4.92 0
05:48 749.3 6.94 76 3.13 0
05:49 749.3 6.89 76 4.47 0
05:50 749.3 6.89 76 2.24 0
05:51 749.3 6.83 76 2.24 0
05:52 749.3 6.83 76 3.58 0
05:53 749.3 6.83 76 3.58 0
05:54 749.3 6.83 76 4.47 0
05:55 749.3 6.83 75 4.02 0
05:56 749.3 6.83 76 4.02 0
05:57 749.3 6.78 76 1.34 0
05:58 749.3 6.78 76 2.24 0
05:59 749.3 6.78 76 4.02 0
06:00 749.3 6.78 75 4.47 0
06:01 749.3 6.78 75 4.02 0
06:02 749.3 6.72 75 4.92 0
06:03 749.3 6.72 75 5.81 0
06:04 749.3 6.72 75 2.68 0
06:05 749.3 6.72 75 2.24 0
06:06 749.3 6.72 75 4.47 0
06:07 749.3 6.72 75 4.92 0
06:08 749.3 6.72 75 1.34 0
06:09 749.3 6.72 75 4.47 0
06:10 749.3 6.72 75 5.36 0
06:11 749.3 6.72 75 2.24 0
06:12 749.3 6.72 75 2.24 0
06:13 749.3 6.72 75 3.58 0
06:14 749.3 6.67 75 5.81 0
06:15 749.3 6.67 75 2.24 0
06:16 749.3 6.72 75 4.47 0
06:17 749.3 6.67 75 4.47 0
06:18 749.3 6.67 75 3.58 0
06:19 749.3 6.67 75 3.58 0
06:20 749.3 6.72 75 1.79 0
06:21 749.3 6.72 75 3.13 0
06:22 749.3 6.67 75 6.26 0
06:23 749.3 6.67 75 1.79 0
06:24 749.3 6.67 75 1.79 0
06:25 749.3 6.67 75 3.58 0
06:26 749.3 6.67 75 1.34 0
06:27 749.3 6.67 75 2.68 0
06:28 749.55 6.67 75 1.79 0
06:29 749.55 6.61 75 .89 0
06:30 749.55 6.67 75 .89 0
06:31 749.55 6.67 75 .89 0
06:32 749.55 6.67 75 1.79 0
06:33 749.55 6.67 75 2.68 0
06:34 749.55 6.67 75 1.34 0
06:35 749.55 6.67 75 3.13 0
06:36 749.55 6.67 75 1.34 0
06:37 749.55 6.67 75 4.02 0
06:38 749.55 6.61 75 3.13 0
06:39 749.55 6.61 75 2.24 0
06:40 749.55 6.61 75 2.24 0
06:41 749.55 6.56 75 3.13 0
06:42 749.55 6.61 75 1.79 0
06:43 749.55 6.61 75 3.13 0
06:44 749.55 6.56 75 1.79 0
06:45 749.55 6.56 75 4.92 0
06:46 749.55 6.56 75 3.58 0
06:47 749.55 6.56 75 1.79 0
06:48 749.55 6.56 75 1.79 0
06:49 749.55 6.56 75 3.13 0
06:50 749.55 6.56 75 3.58 0
06:51 749.55 6.56 74 1.79 0
06:52 749.55 6.56 75 3.13 0
06:53 749.55 6.56 74 3.13 0
06:54 749.55 6.56 74 4.47 0
06:55 749.55 6.56 74 3.13 0
06:56 749.55 6.56 75 2.24 0
06:57 749.55 6.56 74 1.79 0
06:58 749.55 6.56 75 4.47 0
06:59 749.55 6.56 74 2.24 0
07:00 749.55 6.56 74 4.47 0
07:01 749.55 6.5 74 1.34 0
07:02 749.55 6.5 74 2.68 0
07:03 749.55 6.5 74 4.47 0
07:04 749.55 6.5 74 4.92 0
07:05 749.55 6.5 74 1.79 0
07:06 749.55 6.5 74 3.13 0
07:07 749.55 6.5 74 3.58 0
07:08 749.55 6.44 74 1.34 0
07:09 749.55 6.44 74 1.34 0
07:10 749.55 6.5 74 4.92 0
07:11 749.55 6.5 73 3.13 0
07:12 749.55 6.5 73 2.24 0
07:13 749.55 6.5 73 4.92 0
07:14 749.55 6.44 73 3.13 0
07:15 749.81 6.44 73 4.92 0
07:16 749.55 6.44 73 3.58 0
07:17 749.55 6.44 73 2.68 0
07:18 749.55 6.44 73 3.13 0
07:19 749.55 6.44 73 1.79 0
07:20 749.55 6.44 73 1.79 0
07:21 749.55 6.44 73 3.58 0
07:22 749.81 6.44 73 2.68 0
07:23 749.55 6.5 73 3.13 0
07:24 749.55 6.5 73 4.47 0
07:25 749.81 6.44 73 3.13 0
07:26 749.81 6.44 73 3.13 0
07:27 749.55 6.44 73 2.24 0
07:28 749.81 6.5 73 2.68 0
07:29 749.81 6.5 73 2.24 0
07:30 749.81 6.56 73 2.24 0
07:31 749.81 6.56 73 4.02 0
07:32 749.81 6.56 73 2.68 0
07:33 749.81 6.56 73 2.24 0
07:34 749.81 6.56 73 1.34 0
07:35 749.81 6.56 73 1.79 0
07:36 749.55 6.61 73 1.79 0
07:37 749.81 6.61 73 1.79 0
07:38 749.81 6.61 73 3.58 0
07:39 749.81 6.67 73 1.34 0
07:40 749.81 6.67 73 1.79 0
07:41 749.81 6.67 73 3.13 0
07:42 749.81 6.67 73 3.13 0
07:43 749.81 6.67 72 1.34 0
07:44 749.81 6.67 72 1.79 0
07:45 749.81 6.67 72 3.58 0
07:46 749.81 6.67 73 1.34 0
07:47 749.81 6.67 73 4.02 0
07:48 749.81 6.72 72 2.24 0
07:49 749.81 6.67 72 3.13 0
07:50 749.81 6.67 72 3.58 0
07:51 749.81 6.67 72 3.58 0
07:52 749.81 6.67 72 3.13 0
07:53 749.81 6.67 72 4.47 0
07:54 749.81 6.67 72 1.79 0
07:55 749.81 6.67 72 1.34 0
07:56 749.81 6.72 72 .45 0
07:57 749.81 6.72 72 3.13 0
07:58 749.81 6.78 72 3.13 0
07:59 749.81 6.78 72 3.58 0
08:00 749.81 6.78 72 1.79 0
08:01 749.81 6.78 72 1.79 0
08:02 749.81 6.83 73 3.13 0
08:03 749.81 6.83 72 1.34 0
08:04 749.81 6.89 73 1.79 0
08:05 749.81 6.94 72 3.13 0
08:06 749.81 6.94 72 4.47 0
08:07 749.81 6.94 72 1.79 0
08:08 749.81 6.89 72 2.68 0
08:09 749.81 6.89 72 1.79 0
08:10 749.81 6.89 72 1.79 0
08:11 749.81 6.89 72 1.79 0
08:12 749.81 6.89 72 1.34 0
08:13 749.81 6.94 72 1.79 0
08:14 749.81 6.94 72 3.58 0
08:15 749.81 6.94 72 4.47 0
08:16 749.81 6.94 72 2.24 0
08:17 749.81 7.06 72 3.58 0
08:18 749.81 7 71 3.13 0
08:19 749.81 6.94 71 4.47 0
08:20 749.81 6.94 72 4.47 0
08:21 749.81 6.94 72 4.02 0
08:22 749.81 7 71 3.13 0
08:23 749.81 6.94 71 3.58 0
08:24 749.81 6.94 71 4.47 0
08:25 749.81 6.94 71 3.58 0
08:26 749.81 6.89 71 3.13 0
08:27 749.81 6.94 72 2.68 0
08:28 749.81 7 72 1.79 0
08:29 750.06 7.06 72 3.58 0
08:30 749.81 7.06 72 3.13 0
08:31 750.06 7.11 72 4.47 0
08:32 749.81 7.06 71 3.58 0
08:33 749.81 7.06 71 1.79 0
08:34 749.81 7 71 2.68 0
08:35 749.81 7 71 2.24 0
08:36 750.06 6.94 72 .89 0
08:37 750.06 6.94 72 2.24 0
08:38 750.06 6.94 72 3.13 0
08:39 749.81 7 71 2.24 0
08:40 749.81 7 71 4.02 0
08:41 750.06 6.94 71 2.24 0
08:42 750.06 6.94 71 .45 0
08:43 750.06 6.89 72 4.47 0
08:44 750.06 6.89 71 3.13 0
08:45 750.06 6.89 71 1.79 0
08:46 750.06 6.89 71 3.13 0
08:47 750.06 6.94 71 3.58 0
08:48 750.06 7 71 3.58 0
08:49 750.06 7.06 71 2.68 0
08:50 750.06 7.06 71 3.13 0
08:51 750.06 7.06 71 3.13 0
08:52 750.06 7.06 71 4.02 0
08:53 750.06 7.06 71 1.34 0
08:54 750.06 7.11 71 3.13 0
08:55 750.06 7.11 71 4.02 0
08:56 750.06 7.11 71 4.02 0
08:57 750.06 7.11 71 3.58 0
08:58 750.06 7.11 71 4.02 0
08:59 750.06 7.11 70 1.79 0
09:00 750.06 7.11 71 1.34 0
09:01 750.06 7.11 71 2.68 0
09:02 750.06 7.11 71 3.13 0
09:03 750.32 7.11 71 4.02 0
09:04 750.06 7.17 71 2.68 0
09:05 750.32 7.17 71 4.47 0
09:06 750.32 7.22 71 2.68 0
09:07 750.32 7.22 70 2.68 0
09:08 750.32 7.28 71 4.92 0
09:09 750.32 7.28 70 1.79 0
09:10 750.32 7.28 70 1.79 0
09:11 750.32 7.33 70 1.79 0
09:12 750.32 7.33 70 4.02 0
09:13 750.32 7.33 70 1.79 0
09:14 750.32 7.28 70 1.79 0
09:15 750.32 7.33 70 .89 0
09:16 750.32 7.39 71 3.13 0
09:17 750.32 7.39 70 .45 0
09:18 750.32 7.44 70 4.92 0
09:19 750.32 7.5 69 2.68 0
09:20 750.32 7.44 69 4.92 0
09:21 750.32 7.39 69 3.13 0
09:22 750.32 7.39 69 2.24 0
09:23 750.32 7.33 69 3.13 0
09:24 750.32 7.33 70 1.79 0
09:25 750.32 7.33 70 .89 0
09:26 750.32 7.33 70 1.79 0
09:27 750.32 7.33 70 3.58 0
09:28 750.32 7.28 69 2.68 0
09:29 750.32 7.28 70 4.92 0
09:30 750.32 7.22 70 3.58 0
09:31 750.32 7.28 70 3.13 0
09:32 750.32 7.28 70 2.68 0
09:33 750.32 7.28 70 1.34 0
09:34 750.32 7.33 70 3.13 0
09:35 750.32 7.39 70 3.58 0
09:36 750.32 7.33 70 3.13 0
09:37 750.32 7.33 69 4.02 0
09:38 750.32 7.28 70 2.68 0
09:39 750.32 7.22 69 1.79 0
09:40 750.32 7.22 70 2.24 0
09:41 750.32 7.22 70 1.34 0
09:42 750.32 7.28 70 3.58 0
09:43 750.32 7.39 71 2.24 0
09:44 750.32 7.56 71 3.13 0
09:45 750.32 7.67 70 4.92 0
09:46 750.32 7.83 69 4.02 0
09:47 750.32 7.83 68 4.02 0
09:48 750.32 7.78 68 3.13 0
09:49 750.32 7.72 68 4.92 0
09:50 750.32 7.72 68 2.68 0
09:51 750.32 7.61 68 4.47 0
09:52 750.32 7.56 69 4.47 0
09:53 750.32 7.5 69 4.47 0
09:54 750.32 7.39 69 3.13 0
09:55 750.32 7.33 69 5.36 0
09:56 750.32 7.28 69 4.02 0
09:57 750.32 7.22 69 2.24 0
09:58 750.32 7.22 70 4.02 0
09:59 750.32 7.22 70 3.13 0
10:00 750.32 7.22 70 1.34 0
10:01 750.32 7.28 70 1.34 0
10:02 750.32 7.33 70 1.34 0
10:03 750.32 7.39 69 4.02 0
10:04 750.32 7.39 69 4.47 0
10:05 750.32 7.39 69 3.13 0
10:06 750.32 7.39 70 2.24 0
10:07 750.32 7.39 70 1.34 0
10:08 750.32 7.5 70 1.34 0
10:09 750.32 7.56 70 3.58 0
10:10 750.57 7.56 69 .89 0
10:11 750.32 7.67 70 1.79 0
10:12 750.32 7.67 69 .89 0
10:13 750.32 7.72 68 .45 0
10:14 750.32 7.67 69 1.34 0
10:15 750.32 7.78 69 1.79 0
10:16 750.32 7.83 69 .89 0
10:17 750.32 8 70 1.79 0
10:18 750.57 8.17 69 2.68 0
10:19 750.57 8.28 68 2.68 0
10:20 750.57 8.33 68 4.02 0
10:21 750.32 8.33 67 3.13 0
10:22 750.32 8.28 67 1.34 0
10:23 750.32 8.28 67 4.02 0
10:24 750.32 8.28 67 3.13 0
10:25 750.32 8.28 67 4.92 0
10:26 750.57 8.28 67 4.92 0
10:27 750.32 8.22 67 5.81 0
10:28 750.57 8.22 67 2.24 0
10:29 750.32 8.17 67 3.58 0
10:30 750.32 8.22 68 1.34 0
10:31 750.32 8.28 68 3.13 0
10:32 750.32 8.28 67 1.34 0
10:33 750.32 8.28 67 2.24 0
10:34 750.32 8.22 67 1.34 0
10:35 750.32 8.17 67 2.24 0
10:36 750.32 8.17 67 1.34 0
10:37 750.32 8.22 68 1.79 0
10:38 750.32 8.22 68 1.79 0
10:39 750.32 8.17 68 4.92 0
10:40 750.32 8.17 68 3.58 0
10:41 750.32 8.22 68 4.92 0
10:42 750.32 8.22 68 4.47 0
10:43 750.32 8.22 68 4.92 0
10:44 750.32 8.17 68 3.58 0
10:45 750.32 8.17 68 4.47 0
10:46 750.32 8.22 68 4.02 0
10:47 750.32 8.17 67 3.58 0
10:48 750.32 8.11 68 4.02 0
10:49 750.32 8.06 68 3.58 0
10:50 750.32 8.06 68 4.02 0
10:51 750.32 8.06 68 1.79 0
10:52 750.32 8.11 68 2.68 0
10:53 750.32 8.06 68 3.13 0
10:54 750.32 8.06 68 2.68 0
10:55 750.32 8 68 1.34 0
10:56 750.32 8.06 68 .45 0
10:57 750.32 8.11 68 .89 0
10:58 750.32 8.17 68 1.34 0
10:59 750.32 8.22 68 1.79 0
11:00 750.32 8.33 68 5.81 0
11:01 750.32 8.44 67 2.24 0
11:02 750.32 8.5 67 .45 0
11:03 750.32 8.56 67 .45 0
11:04 750.32 8.56 67 1.34 0
11:05 750.32 8.56 67 2.24 0
11:06 750.32 8.61 67 3.13 0
11:07 750.06 8.67 66 2.24 0
11:08 750.32 8.72 67 1.34 0
11:09 750.32 8.78 66 0 0
11:10 750.06 8.83 66 1.34 0
11:11 750.06 8.89 67 2.68 0
11:12 750.06 9 66 1.34 0
11:13 750.06 9.06 66 1.34 0
11:14 750.06 9.17 66 5.36 0
11:15 750.06 9.22 65 2.68 0
11:16 750.06 9.17 65 3.58 0
11:17 750.06 9.17 65 4.02 0
11:18 750.06 9.11 65 2.68 0
11:19 750.06 9.06 65 1.79 0
11:20 750.06 9.06 65 2.68 0
11:21 750.06 9.06 65 2.24 0
11:22 750.06 9 65 3.13 0
11:23 750.06 9.06 65 1.79 0
11:24 750.06 9.06 65 2.24 0
11:25 750.06 9.11 65 2.24 0
11:26 750.32 9.17 65 2.68 0
11:27 750.06 9.22 65 3.58 0
11:28 750.06 9.28 65 2.68 0
11:29 750.06 9.33 65 1.79 0
11:30 750.06 9.33 65 3.13 0
11:31 750.06 9.44 65 4.92 0
11:32 750.06 9.5 65 3.13 0
11:33 750.06 9.5 64 2.68 0
11:34 750.06 9.61 64 4.02 0
11:35 750.06 9.61 64 3.13 0
11:36 750.06 9.61 64 5.36 0
11:37 750.06 9.5 64 3.13 0
11:38 750.06 9.5 64 1.34 0
11:39 750.06 9.56 64 3.13 0
11:40 750.06 9.56 64 1.79 0
11:41 750.06 9.5 64 1.34 0
11:42 750.06 9.56 64 2.24 0
11:43 750.06 9.56 64 4.47 0
11:44 750.06 9.56 64 3.13 0
11:45 750.06 9.61 64 3.13 0
11:46 750.06 9.67 64 1.79 0
11:47 750.06 9.72 64 1.79 0
11:48 750.06 9.78 64 3.58 0
11:49 750.06 9.89 64 2.24 0
11:50 750.06 9.94 63 4.02 0
11:51 750.06 9.83 63 3.13 0
11:52 750.06 9.78 63 4.02 0
11:53 750.06 9.67 63 2.24 0
11:54 750.06 9.67 64 1.79 0
11:55 750.06 9.67 64 1.34 0
11:56 750.06 9.67 64 .45 0
11:57 749.81 9.72 64 1.34 0
11:58 749.81 9.78 64 3.58 0
11:59 750.06 9.83 64 3.58 0
12:00 750.06 9.89 64 3.13 0
12:01 749.81 9.83 64 1.79 0
12:02 749.81 9.89 64 3.58 0
12:03 749.81 9.89 63 1.34 0
12:04 749.81 9.94 64 4.92 0
12:05 749.81 10 63 4.02 0
12:06 749.81 9.94 63 2.24 0
12:07 750.06 9.94 64 1.34 0
12:08 750.06 10.06 64 1.79 0
12:09 750.06 10.11 64 3.13 0
12:10 749.81 10.22 64 .45 0
12:11 749.81 10.28 63 .45 0
12:12 749.81 10.44 63 1.79 0
12:13 749.81 10.5 62 .89 0
12:14 749.81 10.56 62 0 0
12:15 749.81 10.56 62 .45 0
12:16 749.81 10.61 63 2.68 0
12:17 749.81 10.67 62 4.02 0
12:18 749.81 10.67 61 5.81 0
12:19 749.81 10.5 61 4.47 0
12:20 749.81 10.39 61 3.13 0
12:21 749.81 10.22 61 4.02 0
12:22 749.81 10.17 62 3.58 0
12:23 749.81 10.06 62 2.68 0
12:24 749.81 10.06 62 1.79 0
12:25 749.81 10 62 1.34 0
12:26 749.81 10 63 5.81 0
12:27 750.06 10.06 63 4.92 0
12:28 750.06 10.06 63 4.92 0
12:29 750.06 10.06 62 2.24 0
12:30 749.81 10.06 62 3.13 0
12:31 749.81 10.06 62 4.02 0
12:32 750.06 10.06 62 1.79 0
12:33 750.06 10.06 62 3.13 0
12:34 750.06 10.17 63 3.13 0
12:35 750.06 10.22 62 3.13 0
12:36 749.81 10.28 63 1.79 0
12:37 750.06 10.33 63 2.68 0
12:38 749.81 10.44 63 3.13 0
12:39 749.81 10.5 63 1.34 0
12:40 749.81 10.5 62 1.34 0
12:41 749.81 10.56 62 1.34 0
12:42 749.81 10.56 62 1.34 0
12:43 749.81 10.56 62 2.24 0
12:44 749.81 10.61 62 1.34 0
12:45 749.81 10.61 62 2.24 0
12:46 749.81 10.61 62 4.47 0
12:47 749.81 10.78 62 .89 0
12:48 749.81 10.89 62 1.79 0
12:49 749.81 11.06 61 2.68 0
12:50 749.81 11.11 61 1.34 0
12:51 749.81 11.22 61 1.34 0
12:52 749.81 11.22 60 1.79 0
12:53 749.81 11.22 60 3.58 0
12:54 749.81 11.28 60 3.13 0
12:55 750.06 11.28 60 1.34 0
12:56 749.81 11.28 60 2.24 0
12:57 749.81 11.28 60 1.79 0
12:58 749.81 11.28 60 .89 0
12:59 749.81 11.28 60 1.79 0
13:00 749.81 11.28 60 3.13 0
13:01 749.81 11.28 60 3.13 0
13:02 749.81 11.17 59 .45 0
13:03 749.81 11.17 60 1.34 0
13:04 749.81 11.11 60 1.79 0
13:05 749.81 11.06 60 .45 0
13:06 749.81 11.06 60 4.47 0
13:07 750.06 11 60 3.58 0
13:08 749.81 11 60 3.13 0
13:09 749.81 11 61 2.68 0
13:10 750.06 11.06 60 3.58 0
13:11 750.06 11.06 60 4.47 0
13:12 749.81 11 60 3.58 0
13:13 749.81 11 60 3.13 0
13:14 749.81 11.06 61 2.24 0
13:15 749.81 11.11 61 3.58 0
13:16 749.81 11.11 60 1.34 0
13:17 749.81 11.17 60 2.24 0
13:18 749.81 11.28 60 3.13 0
13:19 749.81 11.39 60 2.68 0
13:20 749.81 11.5 60 .89 0
13:21 749.81 11.67 60 .89 0
13:22 749.81 11.78 59 3.58 0
13:23 749.81 11.89 58 3.13 0
13:24 749.81 11.83 58 4.02 0
13:25 749.81 11.78 58 4.02 0
13:26 749.81 11.61 58 3.13 0
13:27 749.81 11.5 58 1.34 0
13:28 749.81 11.39 59 2.68 0
13:29 749.81 11.39 58 2.68 0
13:30 749.81 11.33 59 1.34 0
13:31 749.81 11.28 59 1.79 0
13:32 749.81 11.22 59 1.79 0
13:33 749.81 11.17 59 2.24 0
13:34 749.81 11.11 60 .45 0
13:35 749.81 11.17 60 1.34 0
13:36 749.81 11.22 60 .89 0
13:37 749.81 11.28 60 1.34 0
13:38 749.81 11.33 60 1.79 0
13:39 749.81 11.39 59 3.58 0
13:40 749.81 11.44 59 4.02 0
13:41 749.81 11.44 59 5.81 0
13:42 749.81 11.5 59 2.68 0
13:43 749.81 11.56 59 1.34 0
13:44 749.81 11.67 60 .89 0
13:45 749.81 11.72 59 0 0
13:46 749.81 11.78 59 .89 0
13:47 749.81 11.83 59 .45 0
13:48 749.81 11.94 59 3.58 0
13:49 749.81 12 59 1.79 0
13:50 749.81 12.17 59 2.68 0
13:51 749.81 12.28 58 3.58 0
13:52 749.81 12.28 57 2.68 0
13:53 749.81 12.28 57 2.24 0
13:54 749.81 12.28 57 4.47 0
13:55 749.81 12.28 57 4.02 0
13:56 749.81 12.33 57 4.47 0
13:57 749.81 12.28 56 3.13 0
13:58 749.81 12.33 56 4.92 0
13:59 749.81 12.33 55 3.58 0
14:00 749.81 12.28 55 1.79 0
14:01 749.81 12.22 56 .45 0
14:02 749.81 12.28 56 2.24 0
14:03 749.81 12.28 56 2.24 0
14:04 749.81 12.28 56 5.36 0
14:05 749.81 12.22 55 3.13 0
14:06 749.81 12.11 55 4.02 0
14:07 749.81 12.06 55 4.02 0
14:08 749.81 12 56 4.02 0
14:09 749.81 11.94 56 .89 0
14:10 749.81 11.94 57 1.34 0
14:11 749.81 12 57 4.47 0
14:12 749.81 12 56 3.13 0
14:13 749.81 12 56 5.81 0
14:14 749.81 12 56 2.68 0
14:15 749.81 12 56 1.34 0
14:16 749.81 12.11 57 6.71 0
14:17 749.81 12.11 56 4.47 0
14:18 749.81 12.11 56 3.58 0
14:19 749.81 12.11 56 3.13 0
14:20 749.81 12.11 56 1.79 0
14:21 749.81 12.17 56 1.79 0
14:22 749.81 12.22 56 1.79 0
14:23 749.81 12.33 56 1.79 0
14:24 749.81 12.44 55 3.13 0
14:25 749.81 12.44 55 4.47 0
14:26 749.81 12.44 54 3.58 0
14:27 749.81 12.39 54 2.68 0
14:28 749.81 12.44 55 1.34 0
14:29 749.81 12.44 55 1.79 0
14:30 749.81 12.44 55 .45 0
14:31 749.55 12.5 55 1.79 0
14:32 749.81 12.56 55 4.02 0
14:33 749.81 12.56 54 4.02 0
14:34 749.81 12.61 55 3.13 0
14:35 749.81 12.67 55 4.47 0
14:36 749.81 12.72 54 6.26 0
14:37 749.55 12.67 54 4.47 0
14:38 749.55 12.61 55 2.68 0
14:39 749.81 12.61 54 1.34 0
14:40 749.81 12.61 54 1.79 0
14:41 749.55 12.61 54 4.92 0
14:42 749.81 12.56 54 4.47 0
14:43 749.55 12.5 54 4.47 0
14:44 749.55 12.5 54 4.02 0
14:45 749.81 12.5 54 3.13 0
14:46 749.81 12.44 55 5.36 0
14:47 749.55 12.44 54 1.34 0
14:48 749.55 12.44 54 3.13 0
14:49 749.55 12.44 54 3.13 0
14:50 749.55 12.44 55 4.92 0
14:51 749.55 12.33 54 2.24 0
14:52 749.55 12.39 55 2.68 0
14:53 749.55 12.39 55 2.68 0
14:54 749.55 12.39 54 3.13 0
14:55 749.55 12.39 54 2.68 0
14:56 749.55 12.33 55 1.34 0
14:57 749.55 12.39 56 4.02 0
14:58 749.55 12.44 55 2.68 0
14:59 749.55 12.44 55 1.79 0
15:00 749.55 12.44 54 .89 0
15:01 749.55 12.44 55 0 0
15:02 749.55 12.44 55 0 0
15:03 749.55 12.44 55 .89 0
15:04 749.55 12.5 55 1.34 0
15:05 749.55 12.56 55 3.58 0
15:06 749.3 12.61 55 2.24 0
15:07 749.55 12.61 55 1.79 0
15:08 749.3 12.61 54 4.02 0
15:09 749.3 12.56 54 5.81 0
15:10 749.3 12.44 54 3.13 0
15:11 749.55 12.44 55 4.47 0
15:12 749.3 12.44 55 4.02 0
15:13 749.3 12.39 55 3.58 0
15:14 749.3 12.33 55 2.68 0
15:15 749.55 12.33 55 2.24 0
15:16 749.3 12.28 55 1.79 0
15:17 749.3 12.28 55 4.02 0
15:18 749.3 12.28 55 2.24 0
15:19 749.3 12.28 55 3.13 0
15:20 749.3 12.28 55 1.79 0
15:21 749.3 12.28 55 3.13 0
15:22 749.3 12.33 55 4.02 0
15:23 749.3 12.39 55 4.47 0
15:24 749.3 12.39 55 4.92 0
15:25 749.3 12.44 55 5.81 0
15:26 749.3 12.33 55 5.36 0
15:27 749.3 12.33 54 3.13 0
15:28 749.3 12.28 55 1.34 0
15:29 749.3 12.28 55 3.58 0
15:30 749.3 12.28 55 3.58 0
15:31 749.3 12.28 55 2.24 0
15:32 749.3 12.28 56 3.13 0
15:33 749.3 12.28 55 1.79 0
15:34 749.3 12.28 55 1.79 0
15:35 749.3 12.33 55 4.92 0
15:36 749.3 12.28 55 3.13 0
15:37 749.3 12.28 55 3.13 0
15:38 749.3 12.22 55 2.68 0
15:39 749.3 12.22 56 .89 0
15:40 749.3 12.28 55 1.34 0
15:41 749.3 12.22 55 0 0
15:42 749.3 12.28 56 2.24 0
15:43 749.55 12.28 56 1.34 0
15:44 749.3 12.28 56 1.79 0
15:45 749.55 12.33 56 4.47 0
15:46 749.55 12.33 56 3.13 0
15:47 749.55 12.33 55 4.02 0
15:48 749.3 12.39 55 6.71 0
15:49 749.55 12.33 54 4.02 0
15:50 749.55 12.39 55 1.79 0
15:51 749.55 12.33 55 2.68 0
15:52 749.55 12.39 55 4.02 0
15:53 749.55 12.39 55 2.24 0
15:54 749.55 12.39 55 2.68 0
15:55 749.55 12.39 54 3.13 0
15:56 749.55 12.39 55 4.47 0
15:57 749.55 12.39 54 3.58 0
15:58 749.55 12.33 55 3.58 0
15:59 749.55 12.33 55 4.02 0
16:00 749.55 12.33 55 1.34 0
16:01 749.55 12.33 55 3.58 0
16:02 749.55 12.33 55 5.36 0
16:03 749.55 12.33 55 3.58 0
16:04 749.55 12.33 55 1.79 0
16:05 749.55 12.33 55 3.58 0
16:06 749.55 12.33 56 3.13 0
16:07 749.55 12.39 55 4.02 0
16:08 749.55 12.44 55 2.24 0
16:09 749.55 12.44 55 2.68 0
16:10 749.55 12.44 55 4.02 0
16:11 749.55 12.44 55 3.58 0
16:12 749.55 12.5 55 4.02 0
16:13 749.55 12.44 55 2.24 0
16:14 749.55 12.5 56 1.79 0
16:15 749.55 12.56 56 2.24 0
16:16 749.55 12.56 55 4.02 0
16:17 749.55 12.56 55 3.13 0
16:18 749.55 12.56 55 2.68 0
16:19 749.55 12.56 55 3.13 0
16:20 749.55 12.5 55 3.58 0
16:21 749.55 12.44 55 5.81 0
16:22 749.55 12.5 55 4.02 0
16:23 749.55 12.44 55 4.92 0
16:24 749.55 12.39 55 3.13 0
16:25 749.55 12.39 55 5.36 0
16:26 749.55 12.33 55 3.13 0
16:27 749.55 12.33 55 3.13 0
16:28 749.55 12.33 56 2.24 0
16:29 749.55 12.33 55 4.47 0
16:30 749.55 12.39 55 2.24 0
16:31 749.55 12.44 56 3.13 0
16:32 749.55 12.44 55 4.47 0
16:33 749.55 12.5 55 2.68 0
16:34 749.55 12.5 55 1.34 0
16:35 749.55 12.5 55 1.79 0
16:36 749.55 12.56 56 3.58 0
16:37 749.55 12.61 55 3.13 0
16:38 749.55 12.61 55 3.13 0
16:39 749.55 12.67 55 2.24 0
16:40 749.55 12.67 55 5.36 0
16:41 749.55 12.72 54 3.13 0
16:42 749.55 12.72 54 1.79 0
16:43 749.55 12.72 54 1.79 0
16:44 749.55 12.78 54 4.02 0
16:45 749.55 12.78 53 3.13 0
16:46 749.55 12.78 54 4.02 0
16:47 749.55 12.78 54 2.68 0
16:48 749.55 12.78 54 1.79 0
16:49 749.55 12.83 53 1.34 0
16:50 749.55 12.89 54 3.13 0
16:51 749.55 12.89 54 2.24 0
16:52 749.55 12.94 54 2.68 0
16:53 749.55 13 53 4.92 0
16:54 749.55 13 53 3.58 0
16:55 749.55 12.94 53 3.58 0
16:56 749.55 13 53 3.58 0
16:57 749.55 13 53 1.79 0
16:58 749.55 13.06 54 5.36 0
16:59 749.55 13.06 53 1.79 0
17:00 749.55 13 53 2.68 0
17:01 749.55 13 53 3.13 0
17:02 749.55 12.94 53 3.13 0
17:03 749.55 12.89 53 3.58 0
17:04 749.55 12.83 53 4.92 0
17:05 749.55 12.78 53 5.36 0
17:06 749.55 12.67 53 4.92 0
17:07 749.55 12.67 53 2.68 0
17:08 749.55 12.67 54 1.34 0
17:09 749.55 12.72 54 2.24 0
17:10 749.55 12.67 54 3.58 0
17:11 749.55 12.72 54 4.02 0
17:12 749.55 12.72 54 4.47 0
17:13 749.55 12.67 54 3.58 0
17:14 749.55 12.67 54 1.34 0
17:15 749.55 12.67 55 3.13 0
17:16 749.55 12.72 55 2.24 0
17:17 749.55 12.78 55 3.13 0
17:18 749.55 12.83 54 5.36 0
17:19 749.55 12.89 54 3.58 0
17:20 749.55 12.89 54 2.68 0
17:21 749.55 12.94 54 3.58 0
17:22 749.55 13 54 4.92 0
17:23 749.55 12.94 54 1.34 0
17:24 749.3 12.94 54 5.36 0
17:25 749.55 12.89 54 3.58 0
17:26 749.55 12.89 54 4.02 0
17:27 749.55 12.83 54 4.47 0
17:28 749.3 12.83 53 3.13 0
17:29 749.55 12.78 54 4.92 0
17:30 749.55 12.78 53 3.58 0
17:31 749.55 12.72 53 5.81 0
17:32 749.55 12.67 52 4.47 0
17:33 749.55 12.61 52 5.36 0
17:34 749.55 12.56 53 4.92 0
17:35 749.55 12.56 53 3.13 0
17:36 749.55 12.44 53 4.92 0
17:37 749.55 12.44 53 4.02 0
17:38 749.55 12.44 53 2.24 0
17:39 749.55 12.33 54 4.02 0
17:40 749.55 12.33 53 5.36 0
17:41 749.55 12.39 53 3.58 0
17:42 749.55 12.33 53 3.13 0
17:43 749.55 12.33 53 1.79 0
17:44 749.55 12.33 54 2.24 0
17:45 749.55 12.33 54 4.47 0
17:46 749.55 12.33 54 3.58 0
17:47 749.55 12.33 54 3.58 0
17:48 749.55 12.33 54 3.13 0
17:49 749.55 12.33 54 3.58 0
17:50 749.55 12.33 54 2.24 0
17:51 749.55 12.33 54 3.58 0
17:52 749.55 12.33 54 2.68 0
17:53 749.55 12.33 54 3.13 0
17:54 749.55 12.33 54 2.24 0
17:55 749.55 12.33 54 4.47 0
17:56 749.55 12.33 54 4.92 0
17:57 749.55 12.28 54 2.68 0
17:58 749.55 12.28 54 1.79 0
17:59 749.55 12.28 54 1.79 0
18:00 749.55 12.28 54 1.79 0
18:01 749.55 12.28 54 .89 0
18:02 749.55 12.28 54 4.02 0
18:03 749.55 12.17 54 3.58 0
18:04 749.55 12.17 54 1.34 0
18:05 749.55 12.17 55 2.24 0
18:06 749.55 12.17 55 4.47 0
18:07 749.55 12.11 55 3.13 0
18:08 749.55 12.06 54 6.26 0
18:09 749.55 12.06 55 4.47 0
18:10 749.55 12.06 55 3.58 0
18:11 749.55 12 55 4.02 0
18:12 749.55 12 55 4.02 0
18:13 749.55 11.94 55 4.02 0
18:14 749.55 11.94 55 1.34 0
18:15 749.55 11.94 56 1.34 0
18:16 749.55 11.89 56 4.02 0
18:17 749.55 11.89 56 3.58 0
18:18 749.55 11.89 56 4.02 0
18:19 749.55 11.83 56 1.79 0
18:20 749.55 11.83 56 .89 0
18:21 749.55 11.83 56 1.34 0
18:22 749.55 11.89 56 4.92 0
18:23 749.55 11.83 56 2.24 0
18:24 749.55 11.89 56 3.13 0
18:25 749.55 11.94 56 3.13 0
18:26 749.55 12 56 3.13 0
18:27 749.55 12 57 2.24 0
18:28 749.55 12.06 56 3.58 0
18:29 749.55 12.11 56 2.68 0
18:30 749.55 12.11 56 2.24 0
18:31 749.55 12.17 56 3.58 0
18:32 749.55 12.17 56 2.68 0
18:33 749.55 12.22 56 2.68 0
18:34 749.55 12.28 56 3.58 0
18:35 749.55 12.28 56 3.13 0
18:36 749.55 12.28 56 1.79 0
18:37 749.55 12.28 56 2.24 0
18:38 749.55 12.28 56 2.68 0
18:39 749.55 12.22 56 1.34 0
18:40 749.55 12.22 56 3.58 0
18:41 749.55 12.17 56 1.79 0
18:42 749.55 12.11 56 1.79 0
18:43 749.55 12.11 57 1.79 0
18:44 749.55 12.06 57 4.47 0
18:45 749.55 12.06 57 4.02 0
18:46 749.55 12 57 1.79 0
18:47 749.55 12 57 1.34 0
18:48 749.55 12 58 4.02 0
18:49 749.55 12 58 2.24 0
18:50 749.55 12 58 3.13 0
18:51 749.55 11.94 58 3.13 0
18:52 749.55 11.89 58 3.13 0
18:53 749.55 11.83 58 3.58 0
18:54 749.55 11.78 58 2.68 0
18:55 749.55 11.78 58 1.34 0
18:56 749.55 11.78 59 4.47 0
18:57 749.55 11.72 59 2.24 0
18:58 749.55 11.72 59 1.79 0
18:59 749.55 11.72 59 2.24 0
19:00 749.55 11.72 59 3.58 0
19:01 749.55 11.72 59 2.68 0
19:02 749.55 11.72 59 4.47 0
19:03 749.55 11.72 59 3.58 0
19:04 749.55 11.72 59 2.24 0
19:05 749.55 11.78 59 2.24 0
19:06 749.55 11.78 59 4.47 0
19:07 749.55 11.78 59 1.34 0
19:08 749.55 11.78 59 3.13 0
19:09 749.55 11.78 59 3.13 0
19:10 749.55 11.78 59 3.13 0
19:11 749.55 11.78 59 3.13 0
19:12 749.55 11.78 59 2.24 0
19:13 749.55 11.78 59 1.79 0
19:14 749.55 11.78 59 3.13 0
19:15 749.55 11.78 59 2.24 0
19:16 749.55 11.78 59 3.13 0
19:17 749.55 11.78 59 4.02 0
19:18 749.55 11.72 59 3.13 0
19:19 749.55 11.72 59 1.79 0
19:20 749.55 11.67 59 1.34 0
19:21 749.55 11.72 59 .45 0
19:22 749.55 11.67 60 .89 0
19:23 749.55 11.67 60 .45 0
19:24 749.55 11.61 60 1.34 0
19:25 749.55 11.67 60 .45 0
19:26 749.55 11.61 60 0 0
19:27 749.55 11.61 60 .45 0
19:28 749.55 11.61 60 1.34 0
19:29 749.81 11.61 60 1.34 0
19:30 749.81 11.56 60 1.34 0
19:31 749.55 11.56 60 1.79 0
19:32 749.55 11.56 60 1.79 0
19:33 749.81 11.5 60 3.58 0
19:34 749.55 11.5 60 1.79 0
19:35 749.81 11.44 60 1.79 0
19:36 749.81 11.39 60 1.34 0
19:37 749.81 11.39 61 1.79 0
19:38 749.81 11.39 61 3.58 0
19:39 749.55 11.33 60 2.24 0
19:40 749.81 11.28 60 2.24 0
19:41 749.81 11.33 60 .89 0
19:42 749.81 11.28 61 1.34 0
19:43 749.55 11.28 61 2.68 0
19:44 749.81 11.22 61 1.34 0
19:45 749.81 11.22 61 4.47 0
19:46 749.81 11.22 60 1.79 0
19:47 749.81 11.17 61 3.13 0
19:48 749.81 11.17 61 3.13 0
19:49 749.81 11.11 61 2.24 0
19:50 749.81 11.11 61 1.34 0
19:51 749.81 11.06 61 1.79 0
19:52 749.81 11 62 1.34 0
19:53 749.81 11 61 .89 0
19:54 749.81 10.94 62 .89 0
19:55 749.81 10.89 62 1.79 0
19:56 749.81 10.83 62 .89 0
19:57 749.81 10.83 62 1.34 0
19:58 749.81 10.78 63 1.34 0
19:59 749.81 10.72 63 1.79 0
20:00 749.81 10.67 63 2.24 0
20:01 749.81 10.67 63 2.24 0
20:02 749.81 10.61 63 .89 0
20:03 749.81 10.56 63 2.24 0
20:04 749.81 10.5 63 1.34 0
20:05 749.81 10.5 64 2.24 0
20:06 749.81 10.44 63 2.24 0
20:07 749.81 10.44 63 1.79 0
20:08 749.81 10.39 63 3.13 0
20:09 749.81 10.39 63 2.24 0
20:10 749.81 10.39 63 1.79 0
20:11 749.81 10.39 63 1.34 0
20:12 749.81 10.39 63 3.13 0
20:13 749.81 10.33 63 3.58 0
20:14 749.81 10.39 63 1.79 0
20:15 749.81 10.33 63 4.92 0
20:16 749.81 10.33 63 4.02 0
20:17 749.81 10.33 63 2.24 0
20:18 749.81 10.33 63 4.02 0
20:19 749.81 10.33 63 2.24 0
20:20 749.81 10.33 63 .89 0
20:21 749.81 10.28 63 2.24 0
20:22 749.81 10.28 63 2.68 0
20:23 749.81 10.28 63 3.58 0
20:24 749.81 10.22 63 1.79 0
20:25 749.81 10.28 63 2.24 0
20:26 749.81 10.28 63 2.24 0
20:27 749.81 10.28 63 .89 0
20:28 749.81 10.22 63 4.02 0
20:29 750.06 10.22 63 2.24 0
20:30 750.06 10.17 63 .89 0
20:31 750.06 10.17 63 1.79 0
20:32 750.06 10.17 63 2.24 0
20:33 749.81 10.11 63 2.24 0
20:34 750.06 10.11 63 1.34 0
20:35 750.06 10.06 63 3.13 0
20:36 750.06 10.06 63 3.13 0
20:37 750.06 10.06 63 1.79 0
20:38 750.06 10.06 63 3.13 0
20:39 750.06 10 63 1.79 0
20:40 750.06 10.06 63 3.58 0
20:41 750.06 10.06 63 3.13 0
20:42 750.06 10 63 1.34 0
20:43 750.06 10.06 63 2.24 0
20:44 750.06 10 63 1.79 0
20:45 750.06 10 63 1.34 0
20:46 750.06 9.94 63 1.34 0
20:47 749.81 9.94 64 1.34 0
20:48 749.81 9.89 64 1.79 0
20:49 749.81 9.89 64 1.34 0
20:50 750.06 9.83 64 1.34 0
20:51 749.81 9.83 64 2.24 0
20:52 750.06 9.83 64 1.34 0
20:53 750.06 9.78 64 1.34 0
20:54 750.06 9.72 64 .89 0
20:55 750.06 9.72 64 1.34 0
20:56 750.06 9.72 64 1.34 0
20:57 750.06 9.67 64 1.79 0
20:58 750.06 9.72 64 1.79 0
20:59 750.06 9.67 64 1.34 0
21:00 750.06 9.67 65 .89 0
21:01 750.06 9.61 65 1.34 0
21:02 750.06 9.61 65 .89 0
21:03 750.06 9.61 65 1.79 0
21:04 750.06 9.61 65 1.34 0
21:05 750.06 9.61 65 .89 0
21:06 750.06 9.56 65 1.34 0
21:07 750.06 9.56 65 1.79 0
21:08 750.06 9.5 65 1.34 0
21:09 750.06 9.5 65 1.34 0
21:10 750.06 9.44 65 1.79 0
21:11 750.06 9.44 65 4.02 0
21:12 750.06 9.39 66 3.13 0
21:13 750.06 9.39 66 3.58 0
21:14 750.06 9.39 66 3.13 0
21:15 750.06 9.33 66 4.02 0
21:16 750.06 9.33 66 2.24 0
21:17 750.06 9.33 66 2.68 0
21:18 750.32 9.33 66 2.24 0
21:19 750.32 9.28 66 1.79 0
21:20 750.32 9.28 67 4.02 0
21:21 750.32 9.28 66 2.68 0
21:22 750.06 9.33 67 2.24 0
21:23 750.06 9.33 67 2.24 0
21:24 750.32 9.28 67 3.13 0
21:25 750.32 9.22 67 3.58 0
21:26 750.32 9.17 67 1.79 0
21:27 750.32 9.22 67 4.47 0
21:28 750.32 9.22 67 3.58 0
21:29 750.32 9.22 67 4.47 0
21:30 750.32 9.17 67 4.02 0
21:31 750.32 9.17 67 2.24 0
21:32 750.32 9.17 67 2.24 0
21:33 750.32 9.11 68 2.24 0
21:34 750.32 9.11 68 2.68 0
21:35 750.32 9.06 68 2.24 0
21:36 750.32 9.06 68 1.34 0
21:37 750.32 9 68 2.24 0
21:38 750.32 8.94 68 2.24 0
21:39 750.32 8.89 68 1.34 0
21:40 750.32 8.89 68 3.13 0
21:41 750.32 8.83 68 1.79 0
21:42 750.32 8.83 69 1.79 0
21:43 750.32 8.83 69 1.79 0
21:44 750.32 8.83 69 2.24 0
21:45 750.32 8.78 69 2.68 0
21:46 750.32 8.78 69 4.02 0
21:47 750.32 8.72 69 3.13 0
21:48 750.32 8.72 69 2.68 0
21:49 750.32 8.72 69 4.47 0
21:50 750.32 8.72 70 2.68 0
21:51 750.32 8.67 70 3.13 0
21:52 750.32 8.67 70 2.68 0
21:53 750.32 8.61 70 1.34 0
21:54 750.32 8.61 70 4.47 0
21:55 750.32 8.56 70 3.58 0
21:56 750.06 8.56 70 4.47 0
21:57 750.32 8.5 71 4.02 0
21:58 750.32 8.5 71 4.92 0
21:59 750.32 8.44 71 1.34 0
22:00 750.32 8.44 71 4.02 0
22:01 750.32 8.44 71 2.24 0
22:02 750.32 8.39 71 3.58 0
22:03 750.32 8.33 71 2.68 0
22:04 750.32 8.33 71 3.13 0
22:05 750.32 8.28 71 3.58 0
22:06 750.32 8.28 72 2.24 0
22:07 750.32 8.22 72 1.34 0
22:08 750.32 8.17 72 3.13 0
22:09 750.32 8.17 72 4.47 0
22:10 750.32 8.11 72 2.68 0
22:11 750.32 8.06 72 2.68 0
22:12 750.32 8 72 3.58 0
22:13 750.32 8 72 2.24 0
22:14 750.32 7.94 73 2.24 0
22:15 750.32 7.94 73 1.79 0
22:16 750.32 7.89 73 2.24 0
22:17 750.32 7.83 73 2.24 0
22:18 750.32 7.78 73 2.24 0
22:19 750.32 7.78 73 2.68 0
22:20 750.32 7.72 73 3.58 0
22:21 750.32 7.72 74 3.58 0
22:22 750.32 7.72 73 2.24 0
22:23 750.32 7.67 73 3.58 0
22:24 750.32 7.67 74 3.58 0
22:25 750.32 7.67 74 2.68 0
22:26 750.32 7.61 74 3.58 0
22:27 750.32 7.61 74 2.24 0
22:28 750.32 7.56 74 2.24 0
22:29 750.32 7.56 74 2.24 0
22:30 750.32 7.56 74 3.58 0
22:31 750.32 7.56 74 3.13 0
22:32 750.32 7.56 74 3.13 0
22:33 750.32 7.56 74 2.68 0
22:34 750.32 7.5 74 3.58 0
22:35 750.32 7.44 74 3.13 0
22:36 750.32 7.44 75 3.58 0
22:37 750.32 7.44 75 2.24 0
22:38 750.32 7.44 74 3.58 0
22:39 750.57 7.44 74 3.13 0
22:40 750.57 7.39 74 2.24 0
22:41 750.57 7.39 75 1.79 0
22:42 750.57 7.33 75 3.58 0
22:43 750.57 7.33 75 3.58 0
22:44 750.57 7.33 75 3.58 0
22:45 750.57 7.33 75 3.58 0
22:46 750.57 7.33 75 3.58 0
22:47 750.57 7.28 75 2.68 0
22:48 750.57 7.33 75 2.24 0
22:49 750.57 7.33 75 3.58 0
22:50 750.82 7.28 75 3.58 0
22:51 750.57 7.22 75 1.79 0
22:52 750.57 7.22 75 2.24 0
22:53 750.82 7.22 75 4.02 0
22:54 750.57 7.17 75 3.58 0
22:55 750.82 7.17 75 2.24 0
22:56 750.57 7.17 75 2.24 0
22:57 750.82 7.17 75 5.36 0
22:58 750.82 7.17 75 3.13 0
22:59 750.82 7.17 75 4.02 0
23:00 750.82 7.11 75 4.47 0
23:01 750.82 7.11 75 4.92 0
23:02 750.82 7.17 75 4.02 0
23:03 750.82 7.11 75 4.92 0
23:04 750.82 7.17 75 3.58 0
23:05 750.82 7.17 75 3.58 0
23:06 750.82 7.17 75 4.47 0
23:07 750.82 7.17 75 2.24 0
23:08 750.82 7.11 75 4.02 0
23:09 750.82 7.06 75 2.24 0
23:10 750.82 7.06 75 3.13 0
23:11 750.82 7.06 75 3.13 0
23:12 750.82 7 75 4.02 0
23:13 750.82 7 75 2.68 0
23:14 750.82 6.94 75 1.79 0
23:15 750.82 6.94 75 2.68 0
23:16 750.82 6.94 75 4.02 0
23:17 750.82 6.94 75 3.13 0
23:18 751.08 6.94 75 4.02 0
23:19 750.82 6.89 75 1.79 0
23:20 750.82 6.83 75 3.13 0
23:21 750.82 6.83 75 1.34 0
23:22 750.82 6.83 75 1.79 0
23:23 750.82 6.83 75 2.24 0
23:24 751.08 6.78 75 1.79 0
23:25 751.08 6.78 75 2.68 0
23:26 751.08 6.72 75 1.79 0
23:27 751.08 6.78 75 2.24 0
23:28 751.08 6.67 75 2.24 0
23:29 751.08 6.67 76 1.34 0
23:30 751.08 6.61 76 4.02 0
23:31 751.08 6.61 76 2.24 0
23:32 751.08 6.61 76 2.24 0
23:33 751.08 6.61 76 3.58 0
23:34 751.08 6.56 76 1.79 0
23:35 751.08 6.5 76 1.34 0
23:36 751.08 6.5 76 4.02 0
23:37 751.08 6.5 76 4.02 0
23:38 751.08 6.5 76 1.79 0
23:39 751.08 6.5 76 2.24 0
23:40 751.08 6.44 76 1.79 0
23:41 751.08 6.44 76 1.34 0
23:42 751.08 6.44 76 2.24 0
23:43 751.08 6.44 76 1.34 0
23:44 751.08 6.39 76 3.13 0
23:45 751.08 6.39 76 3.13 0
23:46 751.08 6.39 76 1.79 0
23:47 751.08 6.33 76 2.24 0
23:48 751.08 6.33 76 2.24 0
23:49 751.08 6.28 76 .45 0
23:50 751.08 6.28 76 1.34 0
23:51 751.08 6.28 77 1.79 0
23:52 751.08 6.22 77 3.58 0
23:53 751.08 6.22 77 1.34 0
23:54 751.08 6.17 77 1.79 0
23:55 751.08 6.17 77 2.24 0
23:56 751.08 6.17 77 2.24 0
23:57 751.08 6.17 77 3.13 0
23:58 751.08 6.11 77 1.79 0
23:59 751.08 6.11 77 2.24 0
