00:00 752.86 12.61 76 .89 0
00:01 752.86 12.61 76 .89 0
00:02 752.86 12.56 76 .89 0
00:03 752.86 12.61 76 1.34 0
00:04 752.86 12.61 76 .89 0
00:05 752.86 12.61 77 .89 0
00:06 752.86 12.61 77 .89 0
00:07 752.86 12.61 77 1.34 0
00:08 752.86 12.61 77 .89 0
00:09 752.86 12.61 77 .89 0
00:10 752.86 12.56 77 1.34 0
00:11 752.86 12.61 77 .89 0
00:12 752.86 12.56 77 .89 0
00:13 752.86 12.56 77 .89 0
00:14 752.86 12.56 77 1.34 0
00:15 752.86 12.56 77 .89 0
00:16 752.86 12.5 77 1.34 0
00:17 752.86 12.5 77 1.34 0
00:18 752.86 12.44 77 1.34 0
00:19 752.86 12.44 77 .89 0
00:20 752.86 12.44 77 1.79 0
00:21 752.86 12.44 77 1.79 0
00:22 752.86 12.44 76 1.34 0
00:23 752.86 12.5 76 1.34 0
00:24 752.86 12.61 76 1.34 0
00:25 752.86 12.67 75 1.34 0
00:26 752.86 12.72 75 1.34 0
00:27 752.86 12.83 75 1.34 0
00:28 752.86 12.89 74 .89 0
00:29 752.86 12.94 74 .89 0
00:30 752.86 13 74 .89 0
00:31 752.86 13 74 1.34 0
00:32 752.86 13.06 74 .89 0
00:33 752.86 13.06 74 .89 0
00:34 752.86 13.06 74 .89 0
00:35 752.86 13.11 74 1.34 0
00:36 752.86 13.11 74 1.79 0
00:37 752.86 13.17 73 1.34 0
00:38 752.86 13.17 73 .89 0
00:39 752.86 13.17 73 .89 0
00:40 752.86 13.22 73 1.34 0
00:41 752.86 13.22 73 1.34 0
00:42 752.86 13.22 73 .89 0
00:43 752.86 13.22 73 1.34 0
00:44 752.86 13.22 73 .89 0
00:45 752.86 13.22 73 .89 0
00:46 752.86 13.17 73 .89 0
00:47 752.86 13.17 73 .89 0
00:48 752.86 13.17 73 .89 0
00:49 752.86 13.11 74 .89 0
00:50 752.86 13.06 74 1.34 0
00:51 752.86 13.06 74 .45 0
00:52 752.86 13.06 74 .89 0
00:53 752.86 13.06 74 .89 0
00:54 752.86 13.06 73 .89 0
00:55 752.86 13.06 73 1.79 0
00:56 752.86 13.06 73 1.34 0
00:57 752.86 13.06 73 1.34 0
00:58 752.86 13.06 73 .45 0
00:59 752.86 13.06 73 .89 0
01:00 752.86 13.06 73 .89 0
01:01 752.86 13.06 73 .89 0
01:02 752.86 13.06 73 .89 0
01:03 752.86 13.06 73 1.34 0
01:04 752.86 13.06 74 .45 0
01:05 752.86 13 74 .45 0
01:06 752.86 13 74 .89 0
01:07 752.86 12.94 74 .45 0
01:08 752.86 12.89 74 .45 0
01:09 752.86 12.83 74 .45 0
01:10 752.86 12.83 74 .45 0
01:11 752.86 12.78 75 0 0
01:12 752.86 12.78 75 .45 0
01:13 752.86 12.72 75 .89 0
01:14 752.86 12.67 75 .45 0
01:15 752.86 12.61 75 .45 0
01:16 752.86 12.61 75 .89 0
01:17 752.86 12.56 75 .45 0
01:18 752.86 12.5 75 1.34 0
01:19 752.86 12.44 75 .89 0
01:20 752.86 12.44 75 .89 0
01:21 752.86 12.39 75 .89 0
01:22 752.86 12.33 76 .89 0
01:23 752.86 12.28 76 .45 0
01:24 752.86 12.28 76 .89 0
01:25 752.86 12.17 76 .89 0
01:26 753.11 12.06 76 1.34 0
01:27 752.86 12 76 .89 0
01:28 752.86 11.94 76 .89 0
01:29 753.11 11.89 76 1.34 0
01:30 752.86 11.83 76 .45 0
01:31 753.11 11.78 77 .89 0
01:32 753.11 11.72 77 .89 0
01:33 752.86 11.72 77 .89 0
01:34 753.11 11.72 77 .89 0
01:35 753.11 11.67 77 .89 0
01:36 753.11 11.72 77 .89 0
01:37 753.11 11.72 77 .45 0
01:38 753.11 11.72 77 .89 0
01:39 753.11 11.72 77 .89 0
01:40 753.11 11.72 77 .89 0
01:41 753.11 11.72 77 .45 0
01:42 753.11 11.72 77 .89 0
01:43 753.11 11.67 77 .45 0
01:44 753.11 11.67 77 .89 0
01:45 753.11 11.67 77 .89 0
01:46 753.11 11.61 77 .89 0
01:47 753.11 11.56 77 .89 0
01:48 753.11 11.56 77 1.34 0
01:49 753.11 11.56 77 .89 0
01:50 753.11 11.5 77 .89 0
01:51 753.11 11.5 77 .89 0
01:52 753.11 11.44 77 .89 0
01:53 753.11 11.44 77 .89 0
01:54 753.11 11.44 77 .89 0
01:55 753.11 11.39 77 .89 0
01:56 753.11 11.33 77 .89 0
01:57 753.11 11.33 77 1.34 0
01:58 753.11 11.28 77 .89 0
01:59 753.11 11.22 77 .89 0
02:00 753.11 11.22 78 1.34 0
02:01 753.11 11.22 78 .89 0
02:02 753.11 11.17 78 .45 0
02:03 753.11 11.17 78 .45 0
02:04 753.36 11.22 78 .45 0
02:05 753.36 11.17 78 .89 0
02:06 753.36 11.17 78 .45 0
02:07 753.36 11.11 78 .89 0
02:08 753.36 11.06 78 .89 0
02:09 753.36 11.11 78 .89 0
02:10 753.36 11.06 78 .89 0
02:11 753.36 11.11 78 .45 0
02:12 753.36 11.11 78 .89 0
02:13 753.36 11.06 78 .89 0
02:14 753.36 11.11 78 .89 0
02:15 753.36 11.17 78 .45 0
02:16 753.36 11.11 78 .45 0
02:17 753.36 11.11 78 .45 0
02:18 753.36 11.17 78 .45 0
02:19 753.36 11.11 78 .45 0
02:20 753.36 11.11 77 .45 0
02:21 753.36 11.11 77 .45 0
02:22 753.36 11.11 77 .45 0
02:23 753.36 11.11 77 .45 0
02:24 753.36 11.06 77 .89 0
02:25 753.36 11 78 .45 0
02:26 753.36 10.94 78 0 0
02:27 753.36 10.89 78 .45 0
02:28 753.36 10.83 78 .45 0
02:29 753.36 10.78 78 0 0
02:30 753.36 10.72 78 .45 0
02:31 753.36 10.61 78 0 0
02:32 753.36 10.61 78 0 0
02:33 753.36 10.5 78 0 0
02:34 753.36 10.44 78 0 0
02:35 753.36 10.44 78 0 0
02:36 753.36 10.39 79 0 0
02:37 753.36 10.33 79 0 0
02:38 753.36 10.28 79 0 0
02:39 753.36 10.22 79 0 0
02:40 753.36 10.17 79 0 0
02:41 753.36 10.11 79 0 0
02:42 753.36 10.11 79 0 0
02:43 753.36 10.06 79 0 0
02:44 753.36 10.06 80 0 0
02:45 753.36 9.94 79 0 0
02:46 753.36 9.89 80 0 0
02:47 753.36 9.89 80 0 0
02:48 753.36 9.83 80 0 0
02:49 753.36 9.78 80 0 0
02:50 753.36 9.72 81 0 0
02:51 753.36 9.67 81 0 0
02:52 753.36 9.61 81 0 0
02:53 753.36 9.56 81 0 0
02:54 753.36 9.5 81 0 0
02:55 753.36 9.44 81 0 0
02:56 753.36 9.44 81 0 0
02:57 753.36 9.44 81 0 0
02:58 753.36 9.39 82 0 0
02:59 753.36 9.33 82 0 0
03:00 753.36 9.33 82 0 0
03:01 753.36 9.33 82 0 0
03:02 753.36 9.28 82 0 0
03:03 753.36 9.28 82 0 0
03:04 753.36 9.22 82 0 0
03:05 753.36 9.17 82 0 0
03:06 753.36 9.17 82 0 0
03:07 753.36 9.17 82 0 0
03:08 753.36 9.11 82 0 0
03:09 753.36 9.06 83 0 0
03:10 753.36 9.06 83 0 0
03:11 753.36 9 83 0 0
03:12 753.36 9 83 0 0
03:13 753.36 8.94 83 0 0
03:14 753.36 8.94 83 0 0
03:15 753.36 8.89 83 0 0
03:16 753.36 8.89 83 0 0
03:17 753.36 8.83 83 0 0
03:18 753.36 8.83 83 0 0
03:19 753.36 8.83 83 0 0
03:20 753.36 8.78 84 0 0
03:21 753.36 8.78 84 0 0
03:22 753.36 8.78 84 0 0
03:23 753.36 8.72 84 0 0
03:24 753.36 8.72 84 0 0
03:25 753.36 8.72 84 0 0
03:26 753.36 8.72 84 0 0
03:27 753.36 8.67 84 0 0
03:28 753.36 8.67 84 0 0
03:29 753.36 8.67 84 0 0
03:30 753.36 8.61 84 0 0
03:31 753.36 8.61 84 0 0
03:32 753.36 8.61 84 0 0
03:33 753.36 8.61 84 0 0
03:34 753.36 8.56 84 0 0
03:35 753.36 8.5 84 0 0
03:36 753.36 8.44 84 0 0
03:37 753.36 8.44 85 0 0
03:38 753.36 8.44 85 0 0
03:39 753.36 8.44 85 0 0
03:40 753.62 8.44 85 0 0
03:41 753.36 8.39 85 0 0
03:42 753.36 8.39 85 0 0
03:43 753.62 8.33 85 0 0
03:44 753.62 8.33 85 0 0
03:45 753.62 8.33 85 0 0
03:46 753.62 8.28 85 0 0
03:47 753.62 8.28 85 0 0
03:48 753.62 8.28 85 0 0
03:49 753.62 8.28 85 0 0
03:50 753.62 8.22 85 0 0
03:51 753.62 8.22 85 0 0
03:52 753.62 8.22 85 0 0
03:53 753.62 8.22 85 0 0
03:54 753.62 8.22 85 0 0
03:55 753.62 8.17 86 0 0
03:56 753.62 8.22 86 0 0
03:57 753.62 8.22 86 0 0
03:58 753.62 8.17 86 0 0
03:59 753.62 8.17 86 0 0
04:00 753.62 8.17 86 0 0
04:01 753.62 8.17 86 0 0
04:02 753.62 8.17 86 0 0
04:03 753.62 8.22 86 0 0
04:04 753.62 8.22 86 0 0
04:05 753.62 8.22 86 0 0
04:06 753.62 8.17 86 0 0
04:07 753.62 8.22 86 0 0
04:08 753.36 8.22 86 0 0
04:09 753.62 8.22 86 0 0
04:10 753.36 8.28 86 0 0
04:11 753.36 8.28 86 0 0
04:12 753.36 8.28 86 0 0
04:13 753.36 8.33 87 0 0
04:14 753.36 8.33 87 0 0
04:15 753.36 8.44 87 .89 0
04:16 753.36 8.5 86 1.34 0
04:17 753.36 8.56 87 .45 0
04:18 753.36 8.61 86 .45 0
04:19 753.36 8.67 86 .45 0
04:20 753.36 8.67 86 0 0
04:21 753.36 8.67 85 0 0
04:22 753.36 8.67 85 .45 0
04:23 753.62 8.67 85 0 0
04:24 753.62 8.67 85 0 0
04:25 753.62 8.67 85 0 0
04:26 753.62 8.67 85 0 0
04:27 753.36 8.61 85 0 0
04:28 753.36 8.61 85 0 0
04:29 753.62 8.67 85 .45 0
04:30 753.62 8.72 85 0 0
04:31 753.36 8.78 86 0 0
04:32 753.36 8.83 86 0 0
04:33 753.36 8.89 86 0 0
04:34 753.62 8.89 85 0 0
04:35 753.36 8.89 85 0 0
04:36 753.62 8.94 85 0 0
04:37 753.36 8.94 84 0 0
04:38 753.36 8.94 84 0 0
04:39 753.36 8.89 84 .45 0
04:40 753.62 8.94 84 .89 0
04:41 753.62 8.94 84 .45 0
04:42 753.36 8.94 84 .89 0
04:43 753.36 9 84 .45 0
04:44 753.36 9.06 84 .89 0
04:45 753.36 9.11 84 .45 0
04:46 753.36 9.22 84 .45 0
04:47 753.36 9.33 84 .45 0
04:48 753.36 9.44 84 .89 0
04:49 753.36 9.5 83 .45 0
04:50 753.36 9.56 83 .45 0
04:51 753.36 9.67 83 .45 0
04:52 753.36 9.72 83 .45 0
04:53 753.36 9.83 83 0 0
04:54 753.62 9.94 82 .45 0
04:55 753.62 10.06 82 .45 0
04:56 753.62 10.17 82 .45 0
04:57 753.62 10.33 82 0 0
04:58 753.62 10.44 81 .89 0
04:59 753.36 10.5 80 .45 0
05:00 753.36 10.61 80 .89 0
05:01 753.62 10.67 79 .45 0
05:02 753.36 10.78 79 .45 0
05:03 753.62 10.83 79 .89 0
05:04 753.36 10.94 78 0 0
05:05 753.36 11.06 78 0 0
05:06 753.36 11.17 78 0 0
05:07 753.62 11.22 78 0 0
05:08 753.36 11.28 77 0 0
05:09 753.36 11.33 77 0 0
05:10 753.36 11.44 76 0 0
05:11 753.36 11.44 76 0 0
05:12 753.36 11.5 76 0 0
05:13 753.62 11.56 76 0 0
05:14 753.36 11.56 76 1.34 0
05:15 753.36 11.61 75 2.24 0
05:16 753.36 11.67 75 .45 0
05:17 753.62 11.67 75 .45 0
05:18 753.62 11.67 75 .89 0
05:19 753.62 11.72 75 .45 0
05:20 753.62 11.78 75 1.79 0
05:21 753.62 11.83 75 .45 0
05:22 753.62 11.94 74 .45 0
05:23 753.36 11.94 74 .45 0
05:24 753.36 12 74 .45 0
05:25 753.36 12 74 .89 0
05:26 753.62 12.06 74 .89 0
05:27 753.62 12.11 74 0 0
05:28 753.62 12.17 74 .45 0
05:29 753.62 12.17 74 0 0
05:30 753.36 12.22 73 .89 0
05:31 753.62 12.28 73 .45 0
05:32 753.62 12.39 73 .89 0
05:33 753.62 12.44 73 .89 0
05:34 753.62 12.5 72 1.34 0
05:35 753.62 12.5 72 .89 0
05:36 753.62 12.56 72 .89 0
05:37 753.62 12.56 72 .89 0
05:38 753.62 12.61 72 .89 0
05:39 753.62 12.61 72 .89 0
05:40 753.62 12.67 72 1.34 0
05:41 753.62 12.67 71 1.79 0
05:42 753.62 12.67 71 1.79 0
05:43 753.62 12.67 71 1.34 0
05:44 753.62 12.67 71 .89 0
05:45 753.62 12.72 71 .45 0
05:46 753.62 12.72 72 .89 0
05:47 753.62 12.78 71 0 0
05:48 753.62 12.83 71 0 0
05:49 753.36 12.89 71 0 0
05:50 753.62 12.94 71 0 0
05:51 753.62 13 71 .89 0
05:52 753.62 13 70 .89 0
05:53 753.62 13.06 70 .89 0
05:54 753.62 13.06 70 1.34 0
05:55 753.62 13.11 70 .45 0
05:56 753.62 13.17 70 1.34 0
05:57 753.36 13.17 70 1.79 0
05:58 753.36 13.17 70 1.79 0
05:59 753.62 13.22 70 .89 0
06:00 753.62 13.17 70 .89 0
06:01 753.62 13.17 69 1.79 0
06:02 753.62 13.17 70 .89 0
06:03 753.62 13.17 70 2.24 0
06:04 753.62 13.17 69 2.24 0
06:05 753.36 13.17 69 2.68 0
06:06 753.62 13.11 69 1.34 0
06:07 753.62 13.11 69 2.24 0
06:08 753.62 13.06 69 .89 0
06:09 753.36 13.06 70 1.34 0
06:10 753.62 13.11 70 1.79 0
06:11 753.62 13.17 69 .45 0
06:12 753.62 13.17 70 .89 0
06:13 753.62 13.22 70 1.34 0
06:14 753.62 13.28 70 .89 0
06:15 753.62 13.33 69 1.79 0
06:16 753.36 13.33 69 .89 0
06:17 753.62 13.33 69 .45 0
06:18 753.62 13.44 69 0 0
06:19 753.36 13.5 69 .45 0
06:20 753.36 13.56 69 1.79 0
06:21 753.36 13.56 69 .89 0
06:22 753.36 13.61 69 .89 0
06:23 753.36 13.67 69 .45 0
06:24 753.36 13.67 69 .89 0
06:25 753.36 13.72 69 1.79 0
06:26 753.36 13.72 68 .45 0
06:27 753.36 13.78 68 1.34 0
06:28 753.36 13.78 68 .45 0
06:29 753.36 13.89 68 .45 0
06:30 753.36 13.94 68 0 0
06:31 753.36 14.06 68 1.34 0
06:32 753.36 14.06 67 1.34 0
06:33 753.36 14.11 67 1.34 0
06:34 753.36 14.11 67 .89 0
06:35 753.36 14.11 67 1.34 0
06:36 753.36 14.11 67 .45 0
06:37 753.36 14.17 67 .89 0
06:38 753.36 14.22 67 .45 0
06:39 753.36 14.33 68 .45 0
06:40 753.36 14.39 68 1.34 0
06:41 753.36 14.44 67 1.79 0
06:42 753.36 14.5 66 1.34 0
06:43 753.36 14.5 66 .89 0
06:44 753.36 14.5 66 2.24 0
06:45 753.36 14.5 67 .89 0
06:46 753.36 14.5 67 1.34 0
06:47 753.36 14.5 66 1.34 0
06:48 753.36 14.5 66 .89 0
06:49 753.36 14.5 66 .89 0
06:50 753.36 14.61 66 1.79 0
06:51 753.36 14.56 66 2.24 0
06:52 753.36 14.56 66 .89 0
06:53 753.36 14.56 66 1.34 0
06:54 753.36 14.56 66 .89 0
06:55 753.36 14.61 66 1.34 0
06:56 753.36 14.67 65 .89 0
06:57 753.36 14.67 66 .89 0
06:58 753.36 14.78 66 .89 0
06:59 753.36 14.78 66 .89 0
07:00 753.36 14.83 66 1.34 0
07:01 753.36 14.94 64 1.34 0
07:02 753.36 15 64 .89 0
07:03 753.36 15.06 64 1.79 0
07:04 753.36 15.06 64 1.34 0
07:05 753.36 15.06 63 .89 0
07:06 753.36 15.11 64 .89 0
07:07 753.36 15.17 64 1.34 0
07:08 753.36 15.17 63 .89 0
07:09 753.36 15.22 64 1.34 0
07:10 753.36 15.28 64 .89 0
07:11 753.36 15.28 64 .45 0
07:12 753.11 15.39 64 .45 0
07:13 753.36 15.44 64 .45 0
07:14 753.36 15.56 64 1.34 0
07:15 753.36 15.72 64 1.34 0
07:16 753.36 15.72 63 .89 0
07:17 753.36 15.78 63 1.79 0
07:18 753.36 15.83 62 2.68 0
07:19 753.36 15.89 61 1.34 0
07:20 753.36 15.89 62 .89 0
07:21 753.36 15.94 61 .45 0
07:22 753.36 16 61 1.34 0
07:23 753.36 16.06 61 1.79 0
07:24 753.36 16 66 .89 0
07:25 753.36 16 66 1.79 0
07:26 753.36 16 65 2.24 0
07:27 753.36 16 64 1.79 0
07:28 753.36 15.94 65 .45 0
07:29 753.36 15.94 64 .89 0
07:30 753.36 16 65 .89 0
07:31 753.36 16 65 1.34 0
07:32 753.36 16.06 64 1.34 0
07:33 753.36 16.11 64 1.79 0
07:34 753.36 16.06 64 1.79 0
07:35 753.36 16.06 64 .45 0
07:36 753.36 16.17 64 1.79 0
07:37 753.11 16.17 64 .89 0
07:38 753.11 16.22 63 1.34 0
07:39 753.11 16.22 63 1.34 0
07:40 753.36 16.28 64 1.34 0
07:41 753.11 16.33 64 .89 0
07:42 753.11 16.39 63 1.34 0
07:43 753.11 16.44 63 .89 0
07:44 753.11 16.44 64 .89 0
07:45 753.11 16.44 63 0 0
07:46 753.11 16.5 63 1.79 0
07:47 753.11 16.5 63 1.34 0
07:48 753.11 16.5 63 1.34 0
07:49 753.11 16.44 63 1.34 0
07:50 753.11 16.56 63 .89 0
07:51 753.11 16.61 63 1.34 0
07:52 753.11 16.67 63 .45 0
07:53 753.11 16.78 63 1.34 0
07:54 753.11 16.83 62 1.79 0
07:55 753.11 16.78 62 1.34 0
07:56 753.11 16.78 62 1.34 0
07:57 753.11 16.83 63 1.34 0
07:58 753.11 16.89 62 2.24 0
07:59 753.11 16.83 62 1.34 0
08:00 753.11 16.94 63 .45 0
08:01 753.36 17 62 .89 0
08:02 753.36 17.06 61 .45 0
08:03 753.36 17.11 62 0 0
08:04 753.36 17.17 62 2.24 0
08:05 753.36 17.22 61 1.34 0
08:06 753.36 17.22 61 .89 0
08:07 753.36 17.33 61 .45 0
08:08 753.36 17.33 61 1.79 0
08:09 753.36 17.33 59 1.79 0
08:10 753.36 17.33 59 1.79 0
08:11 753.36 17.33 60 1.79 0
08:12 753.36 17.28 59 1.79 0
08:13 753.36 17.33 59 1.79 0
08:14 753.36 17.33 58 .89 0
08:15 753.36 17.39 59 .89 0
08:16 753.36 17.44 59 1.79 0
08:17 753.36 17.44 59 .45 0
08:18 753.36 17.5 59 0 0
08:19 753.36 17.56 60 .89 0
08:20 753.36 17.72 60 1.34 0
08:21 753.36 17.78 58 .89 0
08:22 753.36 17.83 58 1.34 0
08:23 753.36 17.94 58 1.34 0
08:24 753.36 17.94 57 .89 0
08:25 753.36 17.94 56 .89 0
08:26 753.36 17.94 57 .45 0
08:27 753.36 18 56 1.79 0
08:28 753.36 18.06 57 1.34 0
08:29 753.36 18.11 56 1.34 0
08:30 753.36 18.11 56 .45 0
08:31 753.36 18.11 55 0 0
08:32 753.36 18.17 55 .45 0
08:33 753.36 18.22 56 1.34 0
08:34 753.36 18.22 55 2.24 0
08:35 753.36 18.22 55 2.24 0
08:36 753.36 18.17 55 1.34 0
08:37 753.36 18.06 55 .45 0
08:38 753.36 18.06 55 .89 0
08:39 753.36 18.11 56 .45 0
08:40 753.36 18.17 56 .89 0
08:41 753.36 18.22 55 1.79 0
08:42 753.36 18.28 54 .89 0
08:43 753.36 18.28 55 1.79 0
08:44 753.36 18.33 54 1.79 0
08:45 753.36 18.33 52 .45 0
08:46 753.36 18.33 53 2.68 0
08:47 753.36 18.39 51 2.68 0
08:48 753.36 18.39 52 1.79 0
08:49 753.36 18.44 52 3.13 0
08:50 753.36 18.33 51 2.68 0
08:51 753.36 18.33 51 1.79 0
08:52 753.36 18.28 51 .89 0
08:53 753.36 18.28 52 2.24 0
08:54 753.36 18.28 52 .89 0
08:55 753.36 18.22 53 1.34 0
08:56 753.36 18.22 54 .89 0
08:57 753.36 18.28 54 2.24 0
08:58 753.36 18.39 53 .45 0
08:59 753.36 18.44 53 .45 0
09:00 753.36 18.56 53 0 0
09:01 753.36 18.67 54 1.34 0
09:02 753.36 18.78 53 1.79 0
09:03 753.36 18.72 52 1.34 0
09:04 753.36 18.67 53 1.34 0
09:05 753.36 18.67 52 1.34 0
09:06 753.36 18.67 53 1.34 0
09:07 753.36 18.67 53 .89 0
09:08 753.36 18.67 53 2.68 0
09:09 753.36 18.61 52 3.58 0
09:10 753.36 18.5 53 .89 0
09:11 753.36 18.44 52 .89 0
09:12 753.36 18.5 52 .89 0
09:13 753.36 18.44 52 1.34 0
09:14 753.36 18.44 51 1.79 0
09:15 753.36 18.44 52 2.68 0
09:16 753.36 18.44 52 1.34 0
09:17 753.36 18.44 52 1.79 0
09:18 753.36 18.44 53 2.24 0
09:19 753.36 18.39 52 2.24 0
09:20 753.36 18.44 52 3.58 0
09:21 753.11 18.33 51 3.58 0
09:22 753.11 18.28 51 1.79 0
09:23 753.36 18.22 52 3.58 0
09:24 753.11 18.17 51 1.79 0
09:25 753.36 18.11 51 1.34 0
09:26 753.36 18.11 53 1.34 0
09:27 753.36 18.11 52 1.79 0
09:28 753.11 18.06 51 .89 0
09:29 753.11 18.06 52 3.58 0
09:30 753.36 18.06 51 3.58 0
09:31 753.11 18 51 1.79 0
09:32 753.11 18 50 1.34 0
09:33 753.11 18.06 52 .89 0
09:34 753.11 18.17 52 .89 0
09:35 753.11 18.28 52 2.24 0
09:36 753.11 18.33 52 3.58 0
09:37 753.11 18.33 52 2.24 0
09:38 753.11 18.28 51 1.79 0
09:39 753.11 18.17 51 .89 0
09:40 753.11 18.11 51 .89 0
09:41 753.11 18.11 51 3.13 0
09:42 753.11 18.11 51 .89 0
09:43 753.11 18.17 53 0 0
09:44 753.11 18.28 53 .45 0
09:45 753.11 18.39 53 .45 0
09:46 753.11 18.56 53 .89 0
09:47 753.11 18.78 53 1.34 0
09:48 753.11 18.83 52 1.79 0
09:49 753.11 18.83 50 1.34 0
09:50 753.11 18.78 50 4.02 0
09:51 753.11 18.72 50 4.02 0
09:52 753.11 18.67 50 2.68 0
09:53 753.11 18.61 50 1.79 0
09:54 753.11 18.56 51 1.79 0
09:55 753.11 18.56 51 1.34 0
09:56 753.11 18.56 51 2.24 0
09:57 753.11 18.5 50 1.79 0
09:58 753.11 18.5 51 1.79 0
09:59 753.11 18.39 50 2.68 0
10:00 753.11 18.44 50 1.79 0
10:01 753.11 18.39 50 4.02 0
10:02 753.11 18.39 50 2.68 0
10:03 753.11 18.39 49 1.79 0
10:04 753.11 18.33 49 1.34 0
10:05 753.11 18.33 50 4.02 0
10:06 753.11 18.33 49 3.58 0
10:07 753.11 18.33 49 4.02 0
10:08 753.11 18.28 48 2.24 0
10:09 753.11 18.28 50 2.68 0
10:10 753.11 18.33 49 4.02 0
10:11 752.86 18.33 48 2.68 0
10:12 752.86 18.39 49 2.24 0
10:13 752.86 18.44 47 3.58 0
10:14 752.86 18.5 48 1.34 0
10:15 752.86 18.5 48 2.24 0
10:16 753.11 18.56 50 3.13 0
10:17 752.86 18.72 50 1.34 0
10:18 753.11 18.83 48 4.02 0
10:19 752.86 18.83 49 1.34 0
10:20 752.86 18.83 49 .45 0
10:21 752.86 18.83 48 5.36 0
10:22 752.86 18.83 48 3.58 0
10:23 752.86 18.83 47 5.36 0
10:24 752.86 18.83 48 4.02 0
10:25 752.86 18.83 47 2.68 0
10:26 752.86 18.89 48 1.79 0
10:27 752.86 18.94 48 4.02 0
10:28 752.86 19 47 2.68 0
10:29 752.86 19 46 .45 0
10:30 752.86 19 46 2.68 0
10:31 752.86 19 47 1.34 0
10:32 752.86 19 48 2.24 0
10:33 752.86 19 47 2.68 0
10:34 752.86 19 47 4.02 0
10:35 752.86 19 47 4.47 0
10:36 752.86 18.94 47 2.24 0
10:37 752.86 18.94 48 2.24 0
10:38 752.86 18.94 48 3.58 0
10:39 752.86 18.94 47 1.79 0
10:40 752.86 19 48 1.34 0
10:41 752.86 19.06 47 1.79 0
10:42 752.86 19.11 48 1.34 0
10:43 752.86 19.11 47 1.34 0
10:44 752.86 19.11 47 4.47 0
10:45 752.86 19.11 47 .45 0
10:46 752.86 19.17 48 2.68 0
10:47 752.86 19.22 48 .89 0
10:48 752.86 19.33 49 2.24 0
10:49 752.86 19.39 47 1.34 0
10:50 752.86 19.44 47 2.24 0
10:51 752.86 19.56 48 .89 0
10:52 752.86 19.67 48 3.13 0
10:53 752.86 19.78 48 2.24 0
10:54 752.86 19.89 46 2.68 0
10:55 752.86 19.89 45 .89 0
10:56 752.86 19.89 45 .45 0
10:57 752.6 19.83 45 .89 0
10:58 752.6 19.89 44 1.34 0
10:59 752.6 19.94 45 1.34 0
11:00 752.86 19.94 45 2.24 0
11:01 752.86 19.94 45 4.47 0
11:02 752.86 19.89 44 4.02 0
11:03 752.86 19.78 43 4.02 0
11:04 752.86 19.61 44 5.36 0
11:05 752.86 19.5 45 4.02 0
11:06 752.86 19.39 44 3.13 0
11:07 752.86 19.33 45 4.92 0
11:08 752.86 19.33 45 2.24 0
11:09 752.86 19.28 43 1.79 0
11:10 752.86 19.33 44 3.13 0
11:11 752.6 19.28 44 1.79 0
11:12 752.6 19.28 44 2.24 0
11:13 752.86 19.33 45 2.68 0
11:14 752.86 19.33 44 1.79 0
11:15 752.6 19.44 45 4.92 0
11:16 752.6 19.5 44 2.68 0
11:17 752.6 19.5 44 3.58 0
11:18 752.6 19.56 44 3.58 0
11:19 752.6 19.56 44 3.58 0
11:20 752.6 19.44 43 1.79 0
11:21 752.6 19.39 43 .89 0
11:22 752.6 19.39 45 3.13 0
11:23 752.6 19.44 46 1.34 0
11:24 752.6 19.56 45 .89 0
11:25 752.6 19.61 46 0 0
11:26 752.6 19.83 46 4.02 0
11:27 752.6 19.83 44 1.79 0
11:28 752.6 19.83 45 1.79 0
11:29 752.6 19.83 45 1.79 0
11:30 752.6 19.83 46 4.47 0
11:31 752.6 19.83 45 3.13 0
11:32 752.6 19.78 45 2.24 0
11:33 752.6 19.67 45 1.34 0
11:34 752.6 19.61 45 1.79 0
11:35 752.6 19.67 46 1.34 0
11:36 752.6 19.67 43 3.13 0
11:37 752.6 19.72 43 2.24 0
11:38 752.6 19.72 44 2.24 0
11:39 752.6 19.83 44 1.34 0
11:40 752.6 19.89 45 3.13 0
11:41 752.6 20 45 .89 0
11:42 752.6 20.06 46 4.47 0
11:43 752.6 20.11 45 4.02 0
11:44 752.6 20.11 44 2.24 0
11:45 752.6 20.11 45 3.58 0
11:46 752.6 20.06 45 2.68 0
11:47 752.6 20 44 1.34 0
11:48 752.6 19.89 44 3.58 0
11:49 752.6 19.83 44 2.68 0
11:50 752.35 19.83 44 4.92 0
11:51 752.35 19.78 43 3.58 0
11:52 752.35 19.67 44 2.24 0
11:53 752.35 19.67 43 3.58 0
11:54 752.35 19.78 44 4.92 0
11:55 752.35 19.78 42 2.24 0
11:56 752.35 19.83 41 2.24 0
11:57 752.35 19.83 41 4.02 0
11:58 752.35 19.83 40 3.13 0
11:59 752.35 19.78 40 3.58 0
12:00 752.6 19.78 41 4.47 0
12:01 752.6 19.72 42 1.34 0
12:02 752.6 19.72 43 3.13 0
12:03 752.35 19.83 43 .89 0
12:04 752.35 19.94 44 .45 0
12:05 752.35 20 43 2.68 0
12:06 752.35 20.06 43 1.79 0
12:07 752.35 20.11 42 .89 0
12:08 752.35 20.17 42 1.34 0
12:09 752.35 20.22 43 .89 0
12:10 752.35 20.22 41 1.79 0
12:11 752.35 20.28 42 .45 0
12:12 752.35 20.28 42 1.79 0
12:13 752.35 20.28 42 .89 0
12:14 752.35 20.28 43 1.79 0
12:15 752.35 20.28 44 3.58 0
12:16 752.35 20.17 43 .89 0
12:17 752.35 20.17 45 4.47 0
12:18 752.35 20.17 44 5.36 0
12:19 752.35 20.17 44 4.92 0
12:20 752.35 20.11 43 1.34 0
12:21 752.35 20.11 44 2.24 0
12:22 752.35 20.11 44 2.68 0
12:23 752.35 20.17 44 4.92 0
12:24 752.35 20.17 42 4.47 0
12:25 752.35 20.11 43 4.92 0
12:26 752.35 20 42 3.58 0
12:27 752.35 20 43 2.68 0
12:28 752.35 20 43 4.47 0
12:29 752.35 20.06 44 2.68 0
12:30 752.35 20.17 44 1.34 0
12:31 752.35 20.33 45 3.58 0
12:32 752.35 20.44 43 1.79 0
12:33 752.35 20.44 41 1.34 0
12:34 752.35 20.44 42 2.68 0
12:35 752.35 20.33 42 1.79 0
12:36 752.35 20.39 42 1.34 0
12:37 752.35 20.44 42 1.34 0
12:38 752.35 20.44 43 .45 0
12:39 752.35 20.56 43 1.34 0
12:40 752.35 20.67 44 1.79 0
12:41 752.35 20.78 42 4.47 0
12:42 752.35 20.67 43 4.02 0
12:43 752.35 20.61 42 1.79 0
12:44 752.35 20.56 42 4.47 0
12:45 752.35 20.56 43 4.02 0
12:46 752.35 20.5 42 4.02 0
12:47 752.35 20.44 42 3.13 0
12:48 752.35 20.5 43 2.24 0
12:49 752.35 20.5 43 1.79 0
12:50 752.35 20.56 43 2.68 0
12:51 752.35 20.56 42 4.47 0
12:52 752.35 20.56 43 3.58 0
12:53 752.35 20.56 43 .89 0
12:54 752.35 20.56 43 1.34 0
12:55 752.35 20.56 42 .89 0
12:56 752.35 20.61 43 2.68 0
12:57 752.35 20.78 44 2.68 0
12:58 752.35 20.89 41 1.34 0
12:59 752.35 20.94 41 .89 0
13:00 752.35 20.94 41 .89 0
13:01 752.35 21 42 2.68 0
13:02 752.35 21 41 3.13 0
13:03 752.35 20.89 42 4.02 0
13:04 752.35 20.78 41 .89 0
13:05 752.35 20.72 41 2.24 0
13:06 752.35 20.67 42 2.24 0
13:07 752.35 20.56 42 .89 0
13:08 752.35 20.61 43 .89 0
13:09 752.35 20.67 43 2.24 0
13:10 752.35 20.67 42 .89 0
13:11 752.35 20.72 42 1.34 0
13:12 752.35 20.72 42 5.36 0
13:13 752.35 20.72 42 2.24 0
13:14 752.35 20.83 43 4.02 0
13:15 752.09 20.89 43 4.02 0
13:16 752.35 20.89 42 1.79 0
13:17 752.35 20.94 41 1.79 0
13:18 752.35 21 43 1.79 0
13:19 752.35 21.06 42 3.13 0
13:20 752.35 21 41 3.13 0
13:21 752.35 21 40 .45 0
13:22 752.35 20.94 41 2.24 0
13:23 752.35 20.94 41 2.24 0
13:24 752.35 20.83 41 1.79 0
13:25 752.35 20.83 41 .89 0
13:26 752.35 20.83 42 3.13 0
13:27 752.35 20.83 41 2.24 0
13:28 752.35 20.83 41 .89 0
13:29 752.35 20.83 42 1.34 0
13:30 752.35 20.89 40 1.79 0
13:31 752.35 20.94 41 .45 0
13:32 752.35 21 41 3.58 0
13:33 752.09 20.94 41 1.34 0
13:34 752.09 21.11 41 1.34 0
13:35 752.09 21.28 40 4.02 0
13:36 752.09 21.33 39 .89 0
13:37 752.09 21.5 39 4.02 0
13:38 752.09 21.56 40 1.34 0
13:39 752.09 21.61 40 3.58 0
13:40 752.09 21.61 40 2.68 0
13:41 752.09 21.5 40 1.34 0
13:42 752.09 21.5 40 4.02 0
13:43 752.09 21.44 40 4.02 0
13:44 752.09 21.33 39 4.02 0
13:45 752.09 21.33 41 4.47 0
13:46 752.09 21.22 40 2.24 0
13:47 752.09 21.17 41 4.02 0
13:48 752.09 21.28 42 3.58 0
13:49 752.09 21.28 41 3.58 0
13:50 752.09 21.22 41 2.68 0
13:51 752.09 21.28 41 2.68 0
13:52 752.09 21.28 41 2.68 0
13:53 752.09 21.22 41 2.68 0
13:54 752.09 21.17 41 1.34 0
13:55 752.09 21.17 41 4.47 0
13:56 752.09 21.11 41 1.34 0
13:57 752.09 21.11 41 2.24 0
13:58 752.09 21.11 41 .89 0
13:59 752.09 21.17 41 3.13 0
14:00 752.09 21.11 40 2.24 0
14:01 752.09 21.11 41 1.79 0
14:02 752.09 21.22 42 2.24 0
14:03 751.84 21.28 42 2.24 0
14:04 752.09 21.28 41 2.24 0
14:05 752.09 21.28 39 1.79 0
14:06 751.84 21.33 41 3.58 0
14:07 752.09 21.33 39 3.13 0
14:08 752.09 21.33 39 4.47 0
14:09 752.09 21.28 40 2.24 0
14:10 752.09 21.28 40 4.92 0
14:11 752.09 21.28 40 4.02 0
14:12 751.84 21.33 40 4.02 0
14:13 752.09 21.33 40 3.58 0
14:14 752.09 21.33 40 2.68 0
14:15 752.09 21.33 40 3.58 0
14:16 752.09 21.33 40 4.47 0
14:17 752.09 21.33 40 1.79 0
14:18 752.09 21.39 41 4.02 0
14:19 752.09 21.33 40 2.68 0
14:20 751.84 21.33 40 2.68 0
14:21 752.09 21.28 40 2.68 0
14:22 751.84 21.22 40 2.24 0
14:23 751.84 21.22 39 3.58 0
14:24 751.84 21.22 40 4.02 0
14:25 751.84 21.17 40 3.58 0
14:26 751.84 21.17 39 2.24 0
14:27 751.84 21.17 39 2.68 0
14:28 751.84 21.17 40 .89 0
14:29 751.84 21.17 39 1.34 0
14:30 751.84 21.17 40 4.47 0
14:31 751.84 21.22 40 2.68 0
14:32 751.84 21.22 40 4.47 0
14:33 751.84 21.28 39 2.24 0
14:34 751.84 21.33 39 3.13 0
14:35 751.84 21.33 39 3.58 0
14:36 751.84 21.33 38 2.68 0
14:37 751.84 21.44 38 1.34 0
14:38 751.84 21.44 39 2.24 0
14:39 751.84 21.5 40 2.24 0
14:40 751.84 21.56 39 .45 0
14:41 751.84 21.61 39 1.79 0
14:42 751.84 21.61 38 3.58 0
14:43 751.84 21.56 38 2.68 0
14:44 751.84 21.5 38 1.34 0
14:45 751.84 21.5 38 1.79 0
14:46 751.84 21.44 38 2.24 0
14:47 751.59 21.44 38 1.79 0
14:48 751.84 21.44 38 2.24 0
14:49 751.59 21.44 38 .89 0
14:50 751.84 21.5 39 .89 0
14:51 751.59 21.56 39 4.02 0
14:52 751.59 21.61 38 2.24 0
14:53 751.59 21.78 38 4.47 0
14:54 751.59 21.78 36 4.47 0
14:55 751.59 21.72 36 2.68 0
14:56 751.59 21.72 37 2.24 0
14:57 751.59 21.72 37 2.68 0
14:58 751.59 21.78 37 4.92 0
14:59 751.59 21.72 36 4.47 0
15:00 751.59 21.67 36 3.58 0
15:01 751.59 21.61 37 1.34 0
15:02 751.59 21.56 37 1.79 0
15:03 751.59 21.56 37 1.34 0
15:04 751.59 21.56 38 .89 0
15:05 751.59 21.61 37 .89 0
15:06 751.59 21.61 37 .89 0
15:07 751.59 21.61 36 .89 0
15:08 751.59 21.67 36 1.79 0
15:09 751.59 21.78 37 1.79 0
15:10 751.59 21.94 36 1.79 0
15:11 751.59 22.06 36 .45 0
15:12 751.59 22.17 36 2.24 0
15:13 751.59 22.22 37 .89 0
15:14 751.33 22.33 37 1.34 0
15:15 751.33 22.33 36 .45 0
15:16 751.59 22.39 36 2.24 0
15:17 751.33 22.39 36 4.47 0
15:18 751.33 22.17 35 .89 0
15:19 751.33 22.17 35 .45 0
15:20 751.33 22.22 36 1.79 0
15:21 751.33 22.17 35 2.24 0
15:22 751.33 22.17 36 1.34 0
15:23 751.33 22.17 37 4.02 0
15:24 751.33 22.17 35 1.79 0
15:25 751.33 22.11 35 2.24 0
15:26 751.33 22.06 34 1.34 0
15:27 751.33 22.06 35 1.79 0
15:28 751.33 22.06 35 .89 0
15:29 751.33 22.06 35 .45 0
15:30 751.33 22.06 35 .45 0
15:31 751.33 22.17 35 .45 0
15:32 751.33 22.28 36 2.68 0
15:33 751.33 22.28 36 1.79 0
15:34 751.33 22.22 35 1.34 0
15:35 751.33 22.17 35 1.79 0
15:36 751.33 22.22 37 3.58 0
15:37 751.33 22.22 36 1.34 0
15:38 751.33 22.22 36 .89 0
15:39 751.33 22.22 37 4.47 0
15:40 751.33 22.22 36 5.36 0
15:41 751.33 22.17 36 3.13 0
15:42 751.33 22.06 35 2.24 0
15:43 751.33 22.06 36 3.58 0
15:44 751.33 22.06 36 1.79 0
15:45 751.08 22 36 .45 0
15:46 751.33 22 36 2.24 0
15:47 751.33 22 36 2.68 0
15:48 751.08 22 36 1.34 0
15:49 751.08 22.06 38 2.24 0
15:50 751.08 22.11 37 .45 0
15:51 751.08 22.17 37 .45 0
15:52 751.08 22.22 37 1.34 0
15:53 751.08 22.28 37 .45 0
15:54 751.08 22.28 37 .45 0
15:55 751.08 22.33 38 1.79 0
15:56 751.08 22.39 38 .89 0
15:57 751.08 22.44 38 4.02 0
15:58 751.08 22.44 38 5.36 0
15:59 751.08 22.22 37 2.68 0
16:00 751.08 22.17 38 2.68 0
16:01 751.08 22.11 38 2.68 0
16:02 751.08 22.06 38 2.24 0
16:03 751.08 22.11 39 1.34 0
16:04 751.08 22.11 38 2.68 0
16:05 751.08 22.11 38 2.68 0
16:06 751.08 22.06 37 .45 0
16:07 751.08 22.11 38 .89 0
16:08 751.08 22.17 39 .45 0
16:09 751.08 22.22 39 1.34 0
16:10 751.08 22.28 39 5.36 0
16:11 751.08 22.28 36 4.47 0
16:12 751.08 22.22 36 3.58 0
16:13 751.08 22.17 36 4.92 0
16:14 751.08 22.06 35 4.47 0
16:15 751.08 21.94 35 3.13 0
16:16 751.08 21.94 36 1.79 0
16:17 751.08 21.94 36 1.79 0
16:18 751.08 22 36 2.68 0
16:19 751.08 22 36 4.02 0
16:20 751.08 22 36 3.13 0
16:21 751.08 21.94 35 4.02 0
16:22 751.08 21.89 35 3.13 0
16:23 751.08 21.83 35 1.79 0
16:24 751.08 21.78 35 .45 0
16:25 751.08 21.83 35 .89 0
16:26 751.08 21.89 35 .89 0
16:27 751.08 21.94 35 .45 0
16:28 751.08 21.94 35 .89 0
16:29 751.08 22 36 1.34 0
16:30 751.08 22.11 37 3.13 0
16:31 751.08 22.11 37 2.68 0
16:32 751.08 22.11 38 1.34 0
16:33 751.08 22.17 37 2.24 0
16:34 751.08 22.17 37 2.24 0
16:35 750.82 22.11 38 3.58 0
16:36 751.08 22.06 38 2.68 0
16:37 751.08 22.11 39 3.13 0
16:38 751.08 22.17 39 1.79 0
16:39 750.82 22.22 38 3.58 0
16:40 750.82 22.28 38 2.68 0
16:41 750.82 22.28 38 1.34 0
16:42 750.82 22.33 37 .45 0
16:43 750.82 22.33 37 .45 0
16:44 750.82 22.44 37 .45 0
16:45 750.82 22.5 37 .45 0
16:46 750.82 22.61 36 .45 0
16:47 750.82 22.72 36 .89 0
16:48 750.82 22.78 37 1.79 0
16:49 750.82 22.83 37 .45 0
16:50 750.82 22.83 37 2.68 0
16:51 750.82 22.78 37 2.68 0
16:52 750.82 22.78 38 3.58 0
16:53 750.82 22.67 37 1.79 0
16:54 750.82 22.56 38 2.24 0
16:55 750.82 22.5 37 1.34 0
16:56 750.82 22.44 37 1.79 0
16:57 750.82 22.44 38 .89 0
16:58 750.82 22.39 38 2.24 0
16:59 750.82 22.44 39 1.34 0
17:00 750.82 22.44 38 1.79 0
17:01 750.82 22.5 38 .89 0
17:02 750.82 22.56 37 1.34 0
17:03 750.82 22.61 38 1.79 0
17:04 750.82 22.67 37 2.68 0
17:05 750.82 22.61 37 3.13 0
17:06 750.82 22.5 36 2.24 0
17:07 750.82 22.44 37 1.79 0
17:08 750.82 22.33 37 1.79 0
17:09 750.82 22.28 37 1.79 0
17:10 750.82 22.28 38 1.79 0
17:11 750.82 22.33 38 2.24 0
17:12 750.82 22.33 39 3.58 0
17:13 750.82 22.33 37 2.24 0
17:14 750.57 22.28 38 3.58 0
17:15 750.57 22.17 37 3.13 0
17:16 750.57 22.11 39 1.79 0
17:17 750.57 22.11 38 2.24 0
17:18 750.57 22.17 39 2.68 0
17:19 750.57 22.11 38 3.13 0
17:20 750.57 22.17 38 .89 0
17:21 750.57 22.11 38 1.79 0
17:22 750.57 22.11 39 1.79 0
17:23 750.82 22.17 39 2.68 0
17:24 750.57 22.17 39 1.34 0
17:25 750.57 22.17 40 2.68 0
17:26 750.82 22.17 40 1.79 0
17:27 750.57 22.17 38 1.79 0
17:28 750.57 22.17 39 1.34 0
17:29 750.57 22.17 39 2.24 0
17:30 750.57 22.22 39 2.24 0
17:31 750.57 22.28 39 2.24 0
17:32 750.57 22.28 40 .89 0
17:33 750.57 22.28 39 2.24 0
17:34 750.57 22.28 39 1.79 0
17:35 750.57 22.28 39 2.24 0
17:36 750.57 22.22 39 1.34 0
17:37 750.57 22.17 38 1.34 0
17:38 750.57 22.17 39 1.79 0
17:39 750.57 22.06 39 .89 0
17:40 750.57 22.06 39 .89 0
17:41 750.57 22 39 1.34 0
17:42 750.57 22.06 39 2.24 0
17:43 750.57 22.06 39 2.68 0
17:44 750.57 22.06 40 2.24 0
17:45 750.57 22.06 40 2.68 0
17:46 750.57 22.17 38 1.79 0
17:47 750.57 22.11 39 1.79 0
17:48 750.57 22.17 39 .89 0
17:49 750.57 22.17 39 2.68 0
17:50 750.57 22.11 39 3.58 0
17:51 750.57 22 38 2.24 0
17:52 750.57 21.94 39 3.58 0
17:53 750.57 21.89 39 3.13 0
17:54 750.57 21.89 39 1.34 0
17:55 750.57 21.89 39 .45 0
17:56 750.57 21.94 40 0 0
17:57 750.57 22 40 1.34 0
17:58 750.57 22.06 40 1.34 0
17:59 750.57 22.17 40 2.24 0
18:00 750.57 22.17 39 3.58 0
18:01 750.57 22.11 39 3.13 0
18:02 750.57 22.06 40 2.68 0
18:03 750.57 22.06 41 1.34 0
18:04 750.57 22.06 41 1.34 0
18:05 750.57 22.06 41 2.68 0
18:06 750.57 22.06 40 1.79 0
18:07 750.57 22 40 1.79 0
18:08 750.57 22.06 40 1.34 0
18:09 750.57 22.06 39 3.58 0
18:10 750.57 22 39 .45 0
18:11 750.57 21.94 40 .45 0
18:12 750.57 21.94 40 2.68 0
18:13 750.57 22 41 3.58 0
18:14 750.57 21.94 40 1.79 0
18:15 750.57 21.89 40 .89 0
18:16 750.57 21.89 41 .89 0
18:17 750.57 21.89 40 1.34 0
18:18 750.57 21.94 41 .45 0
18:19 750.57 21.94 41 1.79 0
18:20 750.57 22 41 3.58 0
18:21 750.57 22 40 2.24 0
18:22 750.57 22 40 2.68 0
18:23 750.57 21.94 40 1.79 0
18:24 750.57 21.94 41 2.24 0
18:25 750.57 21.94 40 4.02 0
18:26 750.57 21.89 40 3.58 0
18:27 750.57 21.89 40 2.24 0
18:28 750.57 21.83 40 1.34 0
18:29 750.57 21.83 40 1.34 0
18:30 750.57 21.83 40 .89 0
18:31 750.57 21.83 41 .45 0
18:32 750.57 21.89 42 1.79 0
18:33 750.57 21.89 41 1.79 0
18:34 750.57 21.89 41 1.79 0
18:35 750.57 21.89 41 2.68 0
18:36 750.57 21.89 41 1.34 0
18:37 750.57 21.83 41 1.79 0
18:38 750.57 21.89 41 1.79 0
18:39 750.57 21.83 41 2.24 0
18:40 750.57 21.83 41 1.34 0
18:41 750.57 21.83 41 .89 0
18:42 750.57 21.83 42 2.24 0
18:43 750.57 21.83 42 2.24 0
18:44 750.57 21.83 42 1.79 0
18:45 750.57 21.83 41 3.58 0
18:46 750.57 21.78 41 2.68 0
18:47 750.57 21.78 42 1.79 0
18:48 750.57 21.78 41 .45 0
18:49 750.57 21.72 42 .89 0
18:50 750.57 21.72 42 .45 0
18:51 750.57 21.78 41 1.79 0
18:52 750.57 21.72 41 .89 0
18:53 750.57 21.78 42 .89 0
18:54 750.57 21.78 42 1.34 0
18:55 750.57 21.78 42 1.79 0
18:56 750.57 21.72 43 1.34 0
18:57 750.57 21.72 43 2.24 0
18:58 750.57 21.72 42 1.34 0
18:59 750.57 21.67 43 1.34 0
19:00 750.57 21.61 43 .89 0
19:01 750.57 21.67 44 .89 0
19:02 750.57 21.61 43 1.34 0
19:03 750.57 21.61 43 .89 0
19:04 750.57 21.61 43 .89 0
19:05 750.57 21.61 44 1.79 0
19:06 750.57 21.61 44 2.24 0
19:07 750.57 21.61 43 1.34 0
19:08 750.57 21.61 43 1.34 0
19:09 750.57 21.61 43 1.34 0
19:10 750.57 21.61 43 1.79 0
19:11 750.57 21.56 44 1.79 0
19:12 750.57 21.56 44 3.58 0
19:13 750.57 21.56 44 1.79 0
19:14 750.32 21.44 44 2.68 0
19:15 750.57 21.44 45 1.79 0
19:16 750.57 21.33 45 1.79 0
19:17 750.57 21.33 45 1.34 0
19:18 750.57 21.33 45 1.79 0
19:19 750.32 21.33 46 2.24 0
19:20 750.32 21.33 46 1.34 0
19:21 750.32 21.33 45 1.79 0
19:22 750.32 21.28 46 1.79 0
19:23 750.57 21.33 46 .45 0
19:24 750.32 21.28 46 2.68 0
19:25 750.32 21.28 46 1.34 0
19:26 750.32 21.28 46 1.79 0
19:27 750.32 21.28 46 .89 0
19:28 750.32 21.28 45 1.34 0
19:29 750.32 21.28 46 1.34 0
19:30 750.32 21.28 45 .45 0
19:31 750.32 21.28 46 .89 0
19:32 750.32 21.22 46 .89 0
19:33 750.32 21.28 45 1.79 0
19:34 750.32 21.22 46 1.79 0
19:35 750.32 21.22 47 1.34 0
19:36 750.32 21.22 46 2.68 0
19:37 750.32 21.17 46 .89 0
19:38 750.32 21.17 47 2.24 0
19:39 750.32 21.17 46 1.34 0
19:40 750.32 21.17 47 1.34 0
19:41 750.32 21.11 47 1.34 0
19:42 750.32 21.11 46 1.79 0
19:43 750.32 21.06 46 1.79 0
19:44 750.32 21.06 47 1.79 0
19:45 750.32 21.06 46 2.24 0
19:46 750.32 21.06 47 .89 0
19:47 750.32 21 47 1.34 0
19:48 750.32 21 47 .89 0
19:49 750.32 21 47 1.34 0
19:50 750.32 20.94 47 1.34 0
19:51 750.32 20.94 47 1.34 0
19:52 750.32 20.94 47 .89 0
19:53 750.32 20.89 47 1.34 0
19:54 750.32 20.89 47 1.79 0
19:55 750.32 20.83 48 1.34 0
19:56 750.32 20.83 48 1.34 0
19:57 750.32 20.78 47 1.79 0
19:58 750.32 20.78 47 1.79 0
19:59 750.32 20.72 48 1.34 0
20:00 750.32 20.72 47 1.34 0
20:01 750.32 20.72 48 .89 0
20:02 750.32 20.67 48 .45 0
20:03 750.06 20.67 48 .89 0
20:04 750.32 20.67 48 1.34 0
20:05 750.06 20.61 48 .89 0
20:06 750.32 20.61 48 1.34 0
20:07 750.06 20.61 48 1.34 0
20:08 750.32 20.61 49 1.34 0
20:09 750.06 20.56 48 1.79 0
20:10 750.06 20.56 49 1.34 0
20:11 750.32 20.56 48 .89 0
20:12 750.32 20.5 49 1.34 0
20:13 750.32 20.44 49 1.34 0
20:14 750.32 20.5 49 .89 0
20:15 750.32 20.5 50 .89 0
20:16 750.06 20.5 50 .89 0
20:17 750.06 20.5 50 .89 0
20:18 750.06 20.56 50 .45 0
20:19 750.06 20.5 50 .45 0
20:20 750.06 20.5 51 1.34 0
20:21 750.06 20.5 51 .89 0
20:22 750.06 20.44 50 1.34 0
20:23 750.06 20.44 51 .45 0
20:24 750.06 20.39 51 1.34 0
20:25 750.06 20.33 50 1.34 0
20:26 750.32 20.33 50 .89 0
20:27 750.32 20.28 50 1.34 0
20:28 750.32 20.28 50 .89 0
20:29 750.32 20.22 50 1.34 0
20:30 750.32 20.17 51 .45 0
20:31 750.32 20.11 50 .89 0
20:32 750.32 20.11 50 .89 0
20:33 750.32 20.06 50 1.34 0
20:34 750.32 20.06 51 .45 0
20:35 750.32 20 51 .89 0
20:36 750.32 19.94 51 1.34 0
20:37 750.32 19.94 51 1.34 0
20:38 750.32 19.89 52 1.34 0
20:39 750.32 19.83 52 1.34 0
20:40 750.32 19.78 51 1.34 0
20:41 750.32 19.78 51 1.34 0
20:42 750.32 19.78 51 .89 0
20:43 750.32 19.72 52 1.34 0
20:44 750.32 19.72 51 1.34 0
20:45 750.32 19.67 51 1.79 0
20:46 750.32 19.67 51 1.79 0
20:47 750.32 19.61 51 1.34 0
20:48 750.32 19.56 51 1.34 0
20:49 750.32 19.56 52 1.79 0
20:50 750.06 19.56 51 1.79 0
20:51 750.06 19.5 51 1.34 0
20:52 750.32 19.5 51 1.34 0
20:53 750.32 19.5 51 1.79 0
20:54 750.06 19.44 51 1.79 0
20:55 750.06 19.39 51 1.34 0
20:56 750.32 19.39 52 1.34 0
20:57 750.32 19.33 51 1.34 0
20:58 750.32 19.33 52 1.34 0
20:59 750.32 19.28 51 1.79 0
21:00 750.32 19.28 51 1.79 0
21:01 750.32 19.22 52 1.34 0
21:02 750.06 19.22 52 1.34 0
21:03 750.32 19.17 52 1.34 0
21:04 750.32 19.17 52 1.79 0
21:05 750.32 19.11 52 1.34 0
21:06 750.32 19.06 52 1.79 0
21:07 750.32 19.06 52 1.79 0
21:08 750.32 19.06 52 1.34 0
21:09 750.32 19.06 52 .89 0
21:10 750.32 19 52 1.34 0
21:11 750.32 19 53 .89 0
21:12 750.32 18.94 53 1.34 0
21:13 750.32 18.89 54 .89 0
21:14 750.32 18.78 55 .89 0
21:15 750.32 18.78 55 .89 0
21:16 750.32 18.72 56 .89 0
21:17 750.32 18.61 57 .45 0
21:18 750.32 18.56 57 0 0
21:19 750.32 18.44 58 0 0
21:20 750.32 18.33 59 .45 0
21:21 750.32 18.22 59 .45 0
21:22 750.32 18.11 60 .45 0
21:23 750.32 18 60 0 0
21:24 750.32 17.94 60 0 0
21:25 750.32 17.83 60 0 0
21:26 750.32 17.72 61 .45 0
21:27 750.32 17.61 62 .45 0
21:28 750.32 17.5 62 .45 0
21:29 750.32 17.44 62 .89 0
21:30 750.32 17.33 63 .89 0
21:31 750.32 17.22 63 .89 0
21:32 750.32 17.17 63 .89 0
21:33 750.32 17 63 .45 0
21:34 750.32 16.94 63 .89 0
21:35 750.32 16.83 62 .89 0
21:36 750.32 16.78 63 .89 0
21:37 750.32 16.78 63 .89 0
21:38 750.32 16.72 63 1.34 0
21:39 750.32 16.72 63 .89 0
21:40 750.32 16.67 63 .89 0
21:41 750.32 16.67 63 1.34 0
21:42 750.57 16.61 63 .89 0
21:43 750.57 16.61 64 .89 0
21:44 750.57 16.61 64 .45 0
21:45 750.57 16.56 65 .89 0
21:46 750.57 16.44 65 .89 0
21:47 750.32 16.44 65 .89 0
21:48 750.57 16.39 66 .89 0
21:49 750.57 16.33 66 .89 0
21:50 750.57 16.22 66 .89 0
21:51 750.57 16.17 67 .89 0
21:52 750.57 16.11 67 .89 0
21:53 750.57 16.06 67 .89 0
21:54 750.32 16 67 .45 0
21:55 750.57 15.89 67 .45 0
21:56 750.57 15.83 67 .89 0
21:57 750.57 15.83 68 .45 0
21:58 750.57 15.78 68 .45 0
21:59 750.57 15.72 68 .45 0
22:00 750.57 15.67 68 .45 0
22:01 750.57 15.61 68 .45 0
22:02 750.57 15.56 68 .45 0
22:03 750.57 15.56 69 .89 0
22:04 750.57 15.5 70 .89 0
22:05 750.57 15.44 70 .45 0
22:06 750.57 15.44 70 .45 0
22:07 750.57 15.39 70 .45 0
22:08 750.57 15.33 70 .45 0
22:09 750.57 15.28 71 .89 0
22:10 750.57 15.22 71 .45 0
22:11 750.57 15.17 71 .45 0
22:12 750.57 15.17 71 .45 0
22:13 750.57 15.11 72 .45 0
22:14 750.57 15.06 72 .45 0
22:15 750.57 15.06 72 .45 0
22:16 750.57 15 72 .45 0
22:17 750.57 14.94 72 .45 0
22:18 750.57 14.89 72 .45 0
22:19 750.57 14.89 72 .45 0
22:20 750.57 14.83 72 .45 0
22:21 750.57 14.83 73 .45 0
22:22 750.57 14.78 73 .45 0
22:23 750.57 14.67 73 .45 0
22:24 750.57 14.67 73 .45 0
22:25 750.57 14.56 73 .45 0
22:26 750.57 14.56 74 .45 0
22:27 750.57 14.44 74 0 0
22:28 750.32 14.39 74 0 0
22:29 750.57 14.33 74 0 0
22:30 750.57 14.28 74 0 0
22:31 750.57 14.17 74 0 0
22:32 750.57 14.06 75 .45 0
22:33 750.57 14.06 75 .89 0
22:34 750.57 13.94 75 .89 0
22:35 750.57 13.89 75 .89 0
22:36 750.57 13.83 75 .89 0
22:37 750.57 13.78 75 .89 0
22:38 750.57 13.72 75 .89 0
22:39 750.57 13.67 75 .89 0
22:40 750.57 13.61 76 .45 0
22:41 750.57 13.56 76 .89 0
22:42 750.57 13.56 76 .45 0
22:43 750.57 13.5 76 .89 0
22:44 750.57 13.44 76 1.34 0
22:45 750.57 13.39 76 1.79 0
22:46 750.57 13.33 76 1.34 0
22:47 750.57 13.33 76 1.34 0
22:48 750.57 13.33 76 1.34 0
22:49 750.57 13.28 76 .89 0
22:50 750.57 13.28 77 1.34 0
22:51 750.57 13.28 77 1.79 0
22:52 750.57 13.33 77 1.34 0
22:53 750.57 13.39 77 .89 0
22:54 750.57 13.44 77 1.34 0
22:55 750.57 13.44 76 1.34 0
22:56 750.57 13.44 76 .89 0
22:57 750.57 13.44 76 1.34 0
22:58 750.57 13.44 76 1.34 0
22:59 750.57 13.44 76 1.34 0
23:00 750.57 13.44 76 1.34 0
23:01 750.57 13.44 76 1.34 0
23:02 750.57 13.44 76 1.34 0
23:03 750.57 13.44 76 .89 0
23:04 750.57 13.39 76 1.34 0
23:05 750.57 13.39 76 .89 0
23:06 750.57 13.39 76 .89 0
23:07 750.57 13.39 76 .89 0
23:08 750.57 13.33 76 .89 0
23:09 750.57 13.33 76 .89 0
23:10 750.57 13.39 76 .89 0
23:11 750.57 13.39 76 .89 0
23:12 750.57 13.39 76 .45 0
23:13 750.57 13.39 76 0 0
23:14 750.57 13.39 76 0 0
23:15 750.57 13.39 76 0 0
23:16 750.57 13.39 76 0 0
23:17 750.57 13.33 76 0 0
23:18 750.57 13.33 76 0 0
23:19 750.57 13.33 76 0 0
23:20 750.57 13.33 76 0 0
23:21 750.57 13.33 76 0 0
23:22 750.57 13.28 76 0 0
23:23 750.57 13.28 76 .45 0
23:24 750.57 13.22 76 .45 0
23:25 750.57 13.17 77 .89 0
23:26 750.57 13.17 77 .45 0
23:27 750.57 13.06 77 .89 0
23:28 750.57 13 77 .45 0
23:29 750.57 13 77 .45 0
23:30 750.57 12.94 77 .45 0
23:31 750.57 12.89 77 0 0
23:32 750.57 12.89 77 0 0
23:33 750.57 12.83 77 0 0
23:34 750.57 12.83 77 0 0
23:35 750.57 12.83 77 0 0
23:36 750.57 12.78 77 0 0
23:37 750.57 12.78 77 0 0
23:38 750.57 12.78 77 0 0
23:39 750.57 12.72 77 0 0
23:40 750.57 12.72 77 0 0
23:41 750.57 12.67 77 0 0
23:42 750.57 12.67 77 0 0
23:43 750.57 12.61 77 0 0
23:44 750.57 12.56 77 0 0
23:45 750.57 12.56 77 0 0
23:46 750.57 12.5 77 0 0
23:47 750.57 12.44 77 0 0
23:48 750.57 12.44 77 0 0
23:49 750.57 12.39 77 0 0
23:50 750.57 12.33 77 0 0
23:51 750.57 12.33 77 0 0
23:52 750.57 12.28 77 0 0
23:53 750.57 12.28 77 0 0
23:54 750.57 12.22 77 0 0
23:55 750.57 12.22 78 0 0
23:56 750.57 12.17 77 0 0
23:57 750.57 12.17 78 0 0
23:58 750.57 12.11 78 0 0
23:59 750.57 12.11 78 0 0
