00:00 747.01 -1 91 3.58 0
00:01 747.27 -.94 91 3.58 0
00:02 747.27 -.94 91 3.58 0
00:03 747.27 -.94 91 2.68 0
00:04 747.27 -1 91 2.68 0
00:05 747.27 -.94 91 2.68 0
00:06 747.01 -.94 91 2.24 0
00:07 747.27 -.94 91 4.02 0
00:08 747.27 -.94 91 1.79 0
00:09 747.27 -.94 91 3.58 0
00:10 747.01 -.94 91 2.68 0
00:11 747.27 -.89 91 4.02 0
00:12 747.27 -.89 91 4.92 0
00:13 747.27 -.89 91 2.68 0
00:14 747.27 -.89 91 3.58 0
00:15 747.27 -.89 91 4.02 0
00:16 747.27 -.94 91 4.02 0
00:17 747.27 -.89 91 4.02 0
00:18 747.27 -.89 91 3.58 0
00:19 747.27 -.89 91 1.79 0
00:20 747.27 -.89 91 2.68 0
00:21 747.27 -.89 91 2.68 0
00:22 747.27 -.83 91 2.24 0
00:23 747.27 -.89 91 4.47 0
00:24 747.27 -.83 91 2.68 0
00:25 747.27 -.89 91 3.58 0
00:26 747.27 -.89 91 5.36 0
00:27 747.27 -.83 91 1.79 0
00:28 747.27 -.83 91 4.47 0
00:29 747.27 -.83 91 3.58 0
00:30 747.27 -.83 91 4.47 0
00:31 747.27 -.83 91 4.02 0
00:32 747.27 -.83 91 2.68 0
00:33 747.27 -.83 91 4.02 0
00:34 747.27 -.83 91 4.02 0
00:35 747.27 -.83 91 4.47 0
00:36 747.27 -.83 91 5.81 0
00:37 747.27 -.83 91 5.36 0
00:38 747.27 -.83 91 1.79 0
00:39 747.27 -.83 91 5.36 0
00:40 747.27 -.83 91 4.02 0
00:41 747.27 -.83 91 4.92 0
00:42 747.27 -.83 91 3.58 0
00:43 747.27 -.83 91 3.58 0
00:44 747.27 -.83 91 4.02 0
00:45 747.27 -.83 91 3.58 0
00:46 747.27 -.83 91 2.24 0
00:47 747.27 -.83 91 4.02 0
00:48 747.27 -.83 91 4.02 0
00:49 747.27 -.83 91 3.58 0
00:50 747.52 -.83 91 4.02 0
00:51 747.27 -.83 91 3.58 0
00:52 747.52 -.83 91 5.36 0
00:53 747.52 -.83 91 3.58 0
00:54 747.52 -.83 91 3.58 0
00:55 747.52 -.78 91 4.47 0
00:56 747.27 -.78 91 4.02 0
00:57 747.52 -.78 91 2.24 0
00:58 747.27 -.83 91 2.68 0
00:59 747.27 -.83 91 3.58 0
01:00 747.52 -.78 91 2.68 0
01:01 747.52 -.83 91 3.58 0
01:02 747.52 -.83 91 2.24 0
01:03 747.52 -.83 91 4.02 0
01:04 747.52 -.78 91 4.47 0
01:05 747.52 -.83 91 2.68 0
01:06 747.52 -.83 91 2.24 0
01:07 747.52 -.83 91 2.24 0
01:08 747.52 -.83 91 4.47 0
01:09 747.52 -.83 91 3.58 0
01:10 747.52 -.83 91 2.68 0
01:11 747.52 -.89 91 2.68 0
01:12 747.52 -.89 91 5.36 0
01:13 747.52 -.89 91 2.68 0
01:14 747.52 -.83 91 2.24 0
01:15 747.52 -.89 91 2.68 0
01:16 747.52 -.89 91 4.47 0
01:17 747.52 -.89 91 2.68 0
01:18 747.52 -.89 91 3.58 0
01:19 747.52 -.89 91 1.34 0
01:20 747.52 -.89 91 2.24 0
01:21 747.52 -.89 91 2.24 0
01:22 747.52 -.89 91 2.24 0
01:23 747.52 -.89 91 2.68 0
01:24 747.52 -.89 91 3.58 0
01:25 747.52 -.94 91 3.58 0
01:26 747.52 -.89 91 3.58 0
01:27 747.52 -.89 91 2.68 0
01:28 747.52 -.89 91 4.02 0
01:29 747.52 -.94 91 2.24 0
01:30 747.52 -.89 91 4.47 0
01:31 747.52 -.89 91 2.24 0
01:32 747.52 -.89 91 2.68 0
01:33 747.52 -.89 91 3.58 0
01:34 747.52 -.89 91 2.68 0
01:35 747.52 -.89 91 1.79 0
01:36 747.52 -.89 91 4.92 0
01:37 747.78 -.83 91 4.92 0
01:38 747.52 -.89 91 3.58 0
01:39 747.52 -.83 91 2.24 0
01:40 747.52 -.83 91 5.36 0
01:41 747.52 -.83 91 4.47 0
01:42 747.52 -.83 91 2.68 0
01:43 747.52 -.78 91 4.02 0
01:44 747.52 -.78 91 4.47 0
01:45 747.52 -.78 91 2.68 0
01:46 747.52 -.83 91 4.47 0
01:47 747.52 -.83 91 3.58 0
01:48 747.78 -.83 91 5.36 0
01:49 747.52 -.83 91 5.36 0
01:50 747.52 -.83 91 5.81 0
01:51 747.78 -.83 91 2.24 0
01:52 747.52 -.83 91 4.92 0
01:53 747.52 -.83 91 5.36 0
01:54 747.52 -.83 91 1.34 0
01:55 747.78 -.83 91 4.02 0
01:56 747.78 -.83 91 3.58 0
01:57 747.78 -.83 91 1.34 0
01:58 747.78 -.83 91 4.92 0
01:59 747.78 -.83 91 3.13 0
02:00 747.78 -.83 91 4.02 0
02:01 747.78 -.89 91 3.58 0
02:02 747.78 -.89 91 3.58 0
02:03 747.78 -.83 91 5.81 0
02:04 747.78 -.89 91 4.47 0
02:05 747.78 -.89 91 4.02 0
02:06 747.78 -.89 91 3.58 0
02:07 747.78 -.89 91 3.58 0
02:08 747.78 -.89 91 2.24 0
02:09 747.78 -.89 90 3.58 0
02:10 747.78 -.94 90 3.58 0
02:11 747.78 -.89 90 2.68 0
02:12 747.78 -.94 90 4.92 0
02:13 747.78 -.94 90 3.58 0
02:14 747.78 -.94 90 4.02 0
02:15 747.78 -.94 90 4.02 0
02:16 747.78 -.94 90 5.36 0
02:17 747.78 -1 90 5.36 0
02:18 748.03 -1 90 5.81 0
02:19 748.03 -.94 90 4.02 0
02:20 748.03 -1 90 4.47 0
02:21 748.03 -1 90 2.24 0
02:22 748.03 -1 90 2.24 0
02:23 748.03 -1 90 1.79 0
02:24 748.03 -1 90 6.71 0
02:25 748.03 -1 90 4.47 0
02:26 748.03 -1.06 90 2.68 0
02:27 748.03 -1.06 90 4.92 0
02:28 748.03 -1.06 90 3.58 0
02:29 748.03 -1.06 90 4.47 0
02:30 748.03 -1.06 90 4.92 0
02:31 748.03 -1.11 90 4.47 0
02:32 748.03 -1.06 90 4.92 0
02:33 748.03 -1.06 90 6.26 0
02:34 748.03 -1.06 90 3.58 0
02:35 748.03 -1.11 90 2.68 0
02:36 748.03 -1.06 90 6.71 0
02:37 748.03 -1.11 90 4.47 0
02:38 748.03 -1.11 90 4.02 0
02:39 748.03 -1.11 90 4.02 0
02:40 748.03 -1.11 90 4.02 0
02:41 748.28 -1.11 90 4.92 0
02:42 748.28 -1.11 90 2.24 0
02:43 748.28 -1.11 90 3.58 0
02:44 748.28 -1.11 90 4.47 0
02:45 748.03 -1.11 90 2.68 0
02:46 748.28 -1.17 90 4.92 0
02:47 748.28 -1.17 89 4.02 0
02:48 748.28 -1.17 90 4.92 0
02:49 748.28 -1.17 90 1.79 0
02:50 748.28 -1.17 89 4.02 0
02:51 748.28 -1.22 89 2.68 0
02:52 748.28 -1.22 89 4.47 0
02:53 748.28 -1.22 89 2.24 0
02:54 748.28 -1.22 89 4.47 0
02:55 748.28 -1.28 89 2.68 0
02:56 748.28 -1.28 89 4.02 0
02:57 748.28 -1.28 89 5.36 0
02:58 748.28 -1.28 89 3.58 0
02:59 748.28 -1.28 89 4.02 0
03:00 748.28 -1.28 89 2.24 0
03:01 748.28 -1.28 89 3.58 0
03:02 748.28 -1.28 89 5.36 0
03:03 748.28 -1.28 89 3.58 0
03:04 748.28 -1.33 89 4.47 0
03:05 748.28 -1.33 89 4.47 0
03:06 748.28 -1.33 89 2.68 0
03:07 748.28 -1.39 89 2.24 0
03:08 748.28 -1.33 89 4.02 0
03:09 748.28 -1.39 89 4.02 0
03:10 748.28 -1.39 89 1.79 0
03:11 748.54 -1.39 89 4.02 0
03:12 748.54 -1.44 89 4.47 0
03:13 748.28 -1.39 89 2.68 0
03:14 748.54 -1.44 89 4.02 0
03:15 748.54 -1.44 89 2.68 0
03:16 748.28 -1.39 89 4.02 0
03:17 748.54 -1.44 89 4.02 0
03:18 748.54 -1.44 89 2.24 0
03:19 748.54 -1.5 89 4.47 0
03:20 748.54 -1.44 89 4.02 0
03:21 748.54 -1.5 89 3.58 0
03:22 748.54 -1.5 89 5.81 0
03:23 748.54 -1.5 89 3.58 0
03:24 748.54 -1.5 89 2.68 0
03:25 748.54 -1.56 89 3.58 0
03:26 748.54 -1.5 89 2.68 0
03:27 748.54 -1.5 89 4.02 0
03:28 748.54 -1.56 89 2.68 0
03:29 748.54 -1.56 89 2.24 0
03:30 748.54 -1.61 89 2.24 0
03:31 748.54 -1.61 88 2.68 0
03:32 748.54 -1.61 88 4.47 0
03:33 748.54 -1.61 89 3.58 0
03:34 748.54 -1.61 89 1.79 0
03:35 748.54 -1.67 89 3.58 0
03:36 748.54 -1.67 89 4.47 0
03:37 748.54 -1.67 88 2.24 0
03:38 748.54 -1.72 88 4.47 0
03:39 748.54 -1.72 88 5.36 0
03:40 748.54 -1.72 88 2.68 0
03:41 748.54 -1.72 88 4.02 0
03:42 748.54 -1.72 88 4.02 0
03:43 748.54 -1.78 88 4.47 0
03:44 748.54 -1.72 88 4.02 0
03:45 748.54 -1.72 88 5.81 0
03:46 748.54 -1.78 88 3.58 0
03:47 748.54 -1.78 88 3.58 0
03:48 748.54 -1.78 88 3.58 0
03:49 748.54 -1.83 88 4.92 0
03:50 748.54 -1.83 88 4.47 0
03:51 748.54 -1.83 88 4.47 0
03:52 748.54 -1.83 88 4.02 0
03:53 748.54 -1.83 88 3.58 0
03:54 748.54 -1.83 88 4.02 0
03:55 748.54 -1.83 88 2.68 0
03:56 748.54 -1.83 88 3.58 0
03:57 748.54 -1.89 88 4.02 0
03:58 748.54 -1.89 88 3.58 0
03:59 748.54 -1.89 88 3.58 0
04:00 748.54 -1.89 88 6.26 0
04:01 748.54 -1.89 88 4.02 0
04:02 748.54 -1.89 88 4.47 0
04:03 748.54 -1.89 88 3.58 0
04:04 748.54 -1.89 88 4.47 0
04:05 748.54 -1.89 88 3.58 0
04:06 748.54 -1.94 88 3.58 0
04:07 748.54 -1.94 88 3.58 0
04:08 748.54 -1.89 88 4.02 0
04:09 748.54 -1.94 88 4.47 0
04:10 748.54 -1.94 88 5.36 0
04:11 748.54 -1.94 87 4.47 0
04:12 748.54 -1.94 87 3.58 0
04:13 748.54 -1.94 87 4.02 0
04:14 748.54 -1.94 87 4.92 0
04:15 748.79 -1.94 87 4.47 0
04:16 748.54 -1.94 87 2.68 0
04:17 748.54 -1.94 87 5.36 0
04:18 748.54 -1.94 87 3.58 0
04:19 748.54 -1.94 88 5.81 0
04:20 748.54 -1.89 87 3.58 0
04:21 748.54 -1.89 87 3.58 0
04:22 748.54 -1.89 87 3.58 0
04:23 748.79 -1.89 87 2.24 0
04:24 748.79 -1.89 87 4.47 0
04:25 748.79 -1.89 87 2.68 0
04:26 748.54 -1.89 87 2.68 0
04:27 748.79 -1.89 87 2.24 0
04:28 748.79 -1.89 87 4.02 0
04:29 748.79 -1.89 87 5.81 0
04:30 748.79 -1.89 87 4.47 0
04:31 748.79 -1.89 87 4.02 0
04:32 748.79 -1.89 87 4.02 0
04:33 748.79 -1.89 87 2.68 0
04:34 748.79 -1.89 87 3.58 0
04:35 748.79 -1.89 87 4.92 0
04:36 748.79 -1.89 87 4.02 0
04:37 748.79 -1.83 87 1.79 0
04:38 748.79 -1.89 87 4.92 0
04:39 748.79 -1.83 87 4.02 0
04:40 748.79 -1.89 87 3.58 0
04:41 748.79 -1.83 87 2.68 0
04:42 748.79 -1.83 87 1.34 0
04:43 748.79 -1.83 87 2.68 0
04:44 748.79 -1.89 87 2.68 0
04:45 748.79 -1.83 87 1.34 0
04:46 748.79 -1.83 87 5.36 0
04:47 748.79 -1.89 87 4.92 0
04:48 748.79 -1.83 87 4.02 0
04:49 748.79 -1.83 87 4.02 0
04:50 748.79 -1.83 87 3.58 0
04:51 748.79 -1.83 87 4.47 0
04:52 748.79 -1.83 87 3.58 0
04:53 748.79 -1.83 87 4.02 0
04:54 748.79 -1.83 87 3.58 0
04:55 748.79 -1.83 87 4.02 0
04:56 748.79 -1.89 87 4.47 0
04:57 748.79 -1.83 87 2.24 0
04:58 748.79 -1.83 87 2.68 0
04:59 748.79 -1.83 87 4.47 0
05:00 748.79 -1.83 87 4.92 0
05:01 748.79 -1.89 87 3.58 0
05:02 748.79 -1.83 87 2.24 0
05:03 748.79 -1.89 87 4.47 0
05:04 748.79 -1.89 87 2.68 0
05:05 748.79 -1.89 87 2.24 0
05:06 748.79 -1.89 87 2.68 0
05:07 748.79 -1.83 87 1.79 0
05:08 748.79 -1.83 87 3.58 0
05:09 748.79 -1.83 87 4.47 0
05:10 748.79 -1.83 87 2.68 0
05:11 748.79 -1.83 87 4.47 0
05:12 748.79 -1.89 87 2.24 0
05:13 748.79 -1.83 87 4.47 0
05:14 748.79 -1.83 87 2.24 0
05:15 748.79 -1.89 87 4.02 0
05:16 749.05 -1.83 87 4.02 0
05:17 749.05 -1.83 87 4.02 0
05:18 749.05 -1.83 87 2.24 0
05:19 749.05 -1.83 87 3.58 0
05:20 749.05 -1.83 87 4.47 0
05:21 749.05 -1.83 87 4.02 0
05:22 749.05 -1.83 87 5.36 0
05:23 749.05 -1.83 87 3.58 0
05:24 749.05 -1.78 87 1.79 0
05:25 749.05 -1.83 87 2.68 0
05:26 749.05 -1.78 87 3.58 0
05:27 749.05 -1.78 87 4.92 0
05:28 749.05 -1.78 87 3.58 0
05:29 749.05 -1.78 87 3.58 0
05:30 749.05 -1.78 87 1.79 0
05:31 749.05 -1.78 87 2.68 0
05:32 749.05 -1.78 87 4.47 0
05:33 749.05 -1.72 87 4.02 0
05:34 749.05 -1.72 87 3.58 0
05:35 749.05 -1.72 87 2.24 0
05:36 749.05 -1.72 87 3.13 0
05:37 749.05 -1.72 87 4.92 0
05:38 749.05 -1.72 87 2.68 0
05:39 749.05 -1.72 87 4.02 0
05:40 749.05 -1.72 87 1.79 0
05:41 749.05 -1.67 87 4.02 0
05:42 749.05 -1.67 87 1.79 0
05:43 749.05 -1.67 87 4.47 0
05:44 749.05 -1.67 87 2.24 0
05:45 749.05 -1.67 87 3.13 0
05:46 749.05 -1.67 87 3.13 0
05:47 749.05 -1.67 87 3.13 0
05:48 749.05 -1.67 87 6.26 0
05:49 749.05 -1.61 87 3.58 0
05:50 749.05 -1.67 87 1.79 0
05:51 749.05 -1.61 87 4.02 0
05:52 749.05 -1.61 87 2.24 0
05:53 749.05 -1.61 87 4.92 0
05:54 749.05 -1.61 87 4.02 0
05:55 749.05 -1.67 87 4.92 0
05:56 749.05 -1.61 86 3.58 0
05:57 749.05 -1.61 86 4.47 0
05:58 749.05 -1.61 86 4.02 0
05:59 749.05 -1.61 86 4.47 0
06:00 749.3 -1.61 86 4.02 0
06:01 749.05 -1.61 86 2.68 0
06:02 749.05 -1.61 86 4.47 0
06:03 749.3 -1.61 86 4.47 0
06:04 749.3 -1.61 86 8.05 0
06:05 749.05 -1.56 86 6.26 0
06:06 749.05 -1.56 86 4.47 0
06:07 749.3 -1.56 86 4.47 0
06:08 749.3 -1.61 86 4.47 0
06:09 749.3 -1.56 85 3.13 0
06:10 749.3 -1.56 85 2.68 0
06:11 749.3 -1.56 85 3.58 0
06:12 749.3 -1.5 85 4.02 0
06:13 749.3 -1.56 85 2.68 0
06:14 749.3 -1.56 85 3.13 0
06:15 749.3 -1.56 85 3.13 0
06:16 749.3 -1.56 85 .89 0
06:17 749.3 -1.56 85 3.58 0
06:18 749.3 -1.56 85 1.34 0
06:19 749.3 -1.56 85 3.58 0
06:20 749.3 -1.56 85 3.58 0
06:21 749.3 -1.56 85 4.47 0
06:22 749.3 -1.56 85 4.02 0
06:23 749.3 -1.56 85 2.24 0
06:24 749.3 -1.56 85 3.13 0
06:25 749.3 -1.56 85 3.13 0
06:26 749.3 -1.56 85 2.68 0
06:27 749.3 -1.56 85 3.58 0
06:28 749.3 -1.5 84 4.02 0
06:29 749.3 -1.56 84 2.68 0
06:30 749.3 -1.5 85 3.58 0
06:31 749.3 -1.5 84 3.58 0
06:32 749.3 -1.5 84 4.92 0
06:33 749.3 -1.5 84 2.68 0
06:34 749.3 -1.5 84 2.68 0
06:35 749.3 -1.44 84 4.02 0
06:36 749.3 -1.44 84 4.47 0
06:37 749.3 -1.44 84 4.47 0
06:38 749.3 -1.44 84 2.68 0
06:39 749.3 -1.44 83 4.47 0
06:40 749.3 -1.44 83 6.71 0
06:41 749.3 -1.44 83 4.02 0
06:42 749.3 -1.44 83 3.13 0
06:43 749.3 -1.44 83 3.58 0
06:44 749.3 -1.44 83 4.47 0
06:45 749.3 -1.44 83 4.47 0
06:46 749.3 -1.44 83 5.36 0
06:47 749.3 -1.44 83 3.58 0
06:48 749.3 -1.44 83 6.71 0
06:49 749.3 -1.5 82 4.92 0
06:50 749.3 -1.5 82 5.36 0
06:51 749.3 -1.44 82 7.6 0
06:52 749.3 -1.5 82 4.02 0
06:53 749.3 -1.5 82 4.92 0
06:54 749.3 -1.44 82 5.36 0
06:55 749.3 -1.44 82 4.47 0
06:56 749.3 -1.44 82 5.81 0
06:57 749.3 -1.44 82 4.92 0
06:58 749.3 -1.44 82 4.02 0
06:59 749.3 -1.44 82 2.68 0
07:00 749.3 -1.39 82 1.79 0
07:01 749.3 -1.33 82 3.58 0
07:02 749.3 -1.33 82 6.26 0
07:03 749.3 -1.33 82 5.36 0
07:04 749.3 -1.33 81 6.26 0
07:05 749.3 -1.33 81 4.02 0
07:06 749.3 -1.33 81 2.68 0
07:07 749.3 -1.33 81 5.36 0
07:08 749.3 -1.33 81 1.34 0
07:09 749.3 -1.33 81 2.68 0
07:10 749.3 -1.33 81 6.26 0
07:11 749.3 -1.39 80 4.02 0
07:12 749.3 -1.33 80 1.79 0
07:13 749.3 -1.33 80 1.34 0
07:14 749.3 -1.28 81 5.36 0
07:15 749.3 -1.28 81 6.71 0
07:16 749.3 -1.28 80 5.36 0
07:17 749.3 -1.33 80 8.49 0
07:18 749.3 -1.33 80 5.81 0
07:19 749.3 -1.28 79 3.58 0
07:20 749.3 -1.28 79 4.92 0
07:21 749.3 -1.28 79 4.02 0
07:22 749.3 -1.28 80 5.81 0
07:23 749.3 -1.28 79 4.47 0
07:24 749.3 -1.22 79 2.24 0
07:25 749.3 -1.22 80 4.47 0
07:26 749.3 -1.22 80 7.6 0
07:27 749.3 -1.17 79 .89 0
07:28 749.3 -1.22 79 6.26 0
07:29 749.3 -1.17 79 5.81 0
07:30 749.3 -1.17 78 5.81 0
07:31 749.3 -1.17 78 4.02 0
07:32 749.3 -1.17 78 7.15 0
07:33 749.3 -1.17 78 6.71 0
07:34 749.3 -1.22 77 7.6 0
07:35 749.3 -1.22 77 4.02 0
07:36 749.3 -1.22 77 6.71 0
07:37 749.3 -1.22 76 6.71 0
07:38 749.3 -1.28 76 8.05 0
07:39 749.3 -1.22 76 8.05 0
07:40 749.3 -1.22 75 7.15 0
07:41 749.3 -1.22 75 8.05 0
07:42 749.3 -1.22 75 6.26 0
07:43 749.3 -1.22 75 7.15 0
07:44 749.3 -1.17 75 4.47 0
07:45 749.3 -1.22 75 6.71 0
07:46 749.3 -1.22 75 6.26 0
07:47 749.3 -1.22 75 7.6 0
07:48 749.3 -1.22 75 8.94 0
07:49 749.3 -1.22 74 5.36 0
07:50 749.3 -1.22 74 4.92 0
07:51 749.3 -1.17 75 2.68 0
07:52 749.3 -1.17 75 2.68 0
07:53 749.3 -1.11 76 4.92 0
07:54 749.3 -1.17 76 5.36 0
07:55 749.3 -1.11 76 4.92 0
07:56 749.3 -1.11 75 3.58 0
07:57 749.3 -1.11 76 7.6 0
07:58 749.3 -1.17 75 4.47 0
07:59 749.3 -1.17 74 5.36 0
08:00 749.3 -1.17 75 5.81 0
08:01 749.3 -1.11 74 4.47 0
08:02 749.3 -1.11 74 5.36 0
08:03 749.3 -1.06 74 4.92 0
08:04 749.3 -1.06 74 1.79 0
08:05 749.3 -1 74 4.02 0
08:06 749.3 -.94 75 6.26 0
08:07 749.3 -.94 75 5.36 0
08:08 749.3 -.89 74 5.36 0
08:09 749.3 -.89 74 8.49 0
08:10 749.3 -.89 73 5.81 0
08:11 749.3 -.89 74 4.47 0
08:12 749.3 -.83 74 5.81 0
08:13 749.3 -.83 73 6.26 0
08:14 749.3 -.83 73 4.02 0
08:15 749.3 -.78 74 4.92 0
08:16 749.3 -.72 74 1.34 0
08:17 749.3 -.67 74 4.47 0
08:18 749.3 -.61 73 4.92 0
08:19 749.3 -.56 72 7.15 0
08:20 749.3 -.5 71 5.36 0
08:21 749.3 -.56 70 8.49 0
08:22 749.3 -.5 70 7.15 0
08:23 749.3 -.56 69 3.13 0
08:24 749.3 -.61 70 5.81 0
08:25 749.3 -.61 69 7.6 0
08:26 749.3 -.67 69 5.81 0
08:27 749.3 -.67 71 8.05 0
08:28 749.05 -.56 70 5.36 0
08:29 749.3 -.56 71 4.92 0
08:30 749.3 -.44 71 4.02 0
08:31 749.3 -.33 72 5.36 0
08:32 749.05 -.28 73 6.71 0
08:33 749.3 -.28 73 5.81 0
08:34 749.3 -.28 73 7.6 0
08:35 749.3 -.39 73 5.81 0
08:36 749.3 -.5 72 2.24 0
08:37 749.3 -.56 73 6.26 0
08:38 749.3 -.61 73 3.13 0
08:39 749.3 -.72 74 5.36 0
08:40 749.3 -.72 74 1.34 0
08:41 749.3 -.78 74 3.58 0
08:42 749.3 -.83 74 5.81 0
08:43 749.3 -.89 74 2.68 0
08:44 749.3 -.94 74 4.47 0
08:45 749.3 -1 74 4.47 0
08:46 749.3 -1.06 74 7.6 0
08:47 749.3 -1.17 73 5.36 0
08:48 749.3 -1.22 73 4.92 0
08:49 749.3 -1.33 74 5.36 0
08:50 749.3 -1.33 75 3.58 0
08:51 749.3 -1.33 75 2.68 0
08:52 749.3 -1.33 75 5.36 0
08:53 749.3 -1.28 75 4.47 0
08:54 749.3 -1.22 75 4.92 0
08:55 749.3 -1.17 75 4.92 0
08:56 749.3 -1.06 75 6.71 0
08:57 749.3 -1.11 74 9.39 0
08:58 749.3 -1.11 73 5.81 0
08:59 749.3 -1.17 74 11.62 0
09:00 749.3 -1.22 74 5.36 0
09:01 749.3 -1.28 75 5.36 0
09:02 749.3 -1.28 75 4.92 0
09:03 749.3 -1.22 75 7.6 0
09:04 749.3 -1.22 75 6.26 0
09:05 749.3 -1.11 75 5.81 0
09:06 749.3 -1.06 75 7.6 0
09:07 749.3 -1 75 5.36 0
09:08 749.3 -.89 75 4.92 0
09:09 749.3 -.78 74 5.36 0
09:10 749.3 -.72 74 4.47 0
09:11 749.3 -.61 74 4.47 0
09:12 749.3 -.56 73 5.81 0
09:13 749.3 -.44 73 8.94 0
09:14 749.3 -.39 72 4.02 0
09:15 749.3 -.39 71 4.02 0
09:16 749.3 -.33 71 2.68 0
09:17 749.3 -.28 71 4.02 0
09:18 749.3 -.22 72 7.15 0
09:19 749.3 -.17 71 6.26 0
09:20 749.3 -.17 70 5.36 0
09:21 749.3 -.22 70 5.36 0
09:22 749.3 -.33 70 4.02 0
09:23 749.3 -.33 69 4.47 0
09:24 749.3 -.39 70 6.26 0
09:25 749.3 -.44 68 4.92 0
09:26 749.3 -.5 69 4.02 0
09:27 749.3 -.44 69 2.24 0
09:28 749.3 -.44 69 5.36 0
09:29 749.3 -.39 69 5.81 0
09:30 749.3 -.33 69 4.47 0
09:31 749.3 -.28 69 5.81 0
09:32 749.3 -.28 68 8.05 0
09:33 749.3 -.28 68 3.58 0
09:34 749.3 -.22 68 3.58 0
09:35 749.3 -.17 69 4.47 0
09:36 749.3 -.06 69 6.71 0
09:37 749.3 -.06 67 5.36 0
09:38 749.3 -.06 66 5.81 0
09:39 749.05 0 67 4.92 0
09:40 749.3 .06 67 6.71 0
09:41 749.05 .06 66 6.26 0
09:42 749.05 0 65 7.15 0
09:43 749.3 .06 65 7.15 0
09:44 749.05 .06 65 6.71 0
09:45 749.05 0 65 4.02 0
09:46 749.3 -.06 65 8.05 0
09:47 749.05 -.11 64 8.94 0
09:48 749.3 -.22 67 8.05 0
09:49 749.05 -.33 67 4.02 0
09:50 749.05 -.33 68 5.36 0
09:51 749.05 -.33 68 6.26 0
09:52 749.05 -.33 68 5.81 0
09:53 749.05 -.33 68 6.71 0
09:54 749.05 -.28 69 4.47 0
09:55 749.05 -.22 70 7.6 0
09:56 749.05 -.11 71 4.02 0
09:57 749.05 -.06 71 2.68 0
09:58 749.05 .06 71 2.24 0
09:59 749.05 .22 71 8.05 0
10:00 749.05 .22 70 8.05 0
10:01 749.05 .17 69 2.24 0
10:02 749.05 .17 70 5.81 0
10:03 749.05 .17 70 8.05 0
10:04 749.05 .11 68 7.6 0
10:05 749.05 .06 67 8.05 0
10:06 749.05 .06 67 6.26 0
10:07 749.05 .06 67 4.92 0
10:08 749.05 .11 67 7.6 0
10:09 749.05 .17 67 5.81 0
10:10 749.05 .28 68 4.47 0
10:11 749.05 .39 69 5.81 0
10:12 749.05 .39 66 9.39 0
10:13 749.05 .22 67 7.15 0
10:14 749.05 .06 69 7.15 0
10:15 749.05 -.11 70 5.36 0
10:16 749.05 -.17 71 3.13 0
10:17 749.05 -.22 71 5.36 0
10:18 749.05 -.22 72 4.47 0
10:19 749.05 -.17 72 4.02 0
10:20 749.05 -.06 72 6.71 0
10:21 749.05 -.06 71 4.47 0
10:22 749.05 -.06 70 5.36 0
10:23 748.79 .06 71 3.58 0
10:24 748.79 .17 71 7.6 0
10:25 748.79 .22 69 6.26 0
10:26 748.79 .28 69 4.92 0
10:27 749.05 .44 69 4.92 0
10:28 749.05 .5 69 6.26 0
10:29 749.05 .56 67 5.81 0
10:30 748.79 .5 66 5.81 0
10:31 748.79 .44 66 5.81 0
10:32 749.05 .44 67 6.71 0
10:33 749.05 .39 66 5.36 0
10:34 749.05 .33 67 8.49 0
10:35 749.05 .28 67 4.02 0
10:36 749.05 .28 68 3.58 0
10:37 749.05 .28 69 5.36 0
10:38 748.79 .22 68 4.92 0
10:39 749.05 .28 68 4.47 0
10:40 749.05 .28 69 4.92 0
10:41 748.79 .33 69 5.36 0
10:42 749.05 .39 69 5.36 0
10:43 749.05 .5 68 3.58 0
10:44 748.79 .56 69 5.36 0
10:45 749.05 .61 69 5.81 0
10:46 749.05 .56 67 6.71 0
10:47 749.05 .61 68 6.26 0
10:48 749.05 .61 68 4.92 0
10:49 749.05 .56 69 9.83 0
10:50 749.05 .44 68 8.05 0
10:51 749.05 .33 68 6.71 0
10:52 749.05 .28 69 4.02 0
10:53 748.79 .28 70 6.26 0
10:54 748.79 .33 69 4.47 0
10:55 749.05 .39 68 9.39 0
10:56 748.79 .39 68 5.81 0
10:57 748.79 .5 68 5.81 0
10:58 749.05 .61 69 6.26 0
10:59 748.79 .61 69 6.26 0
11:00 748.79 .61 69 7.6 0
11:01 748.79 .61 69 6.26 0
11:02 748.79 .56 69 11.62 0
11:03 748.79 .5 68 7.6 0
11:04 748.79 .44 69 5.81 0
11:05 748.79 .44 69 4.92 0
11:06 748.79 .44 70 4.02 0
11:07 749.05 .44 69 5.81 0
11:08 748.79 .44 69 9.83 0
11:09 748.79 .44 67 8.05 0
11:10 748.79 .5 68 7.15 0
11:11 748.79 .61 68 7.15 0
11:12 748.79 .78 68 3.58 0
11:13 748.79 .89 67 4.47 0
11:14 748.79 .94 66 7.6 0
11:15 748.79 1 66 7.6 0
11:16 748.79 1 65 5.81 0
11:17 748.79 1 66 7.6 0
11:18 748.79 1 67 6.26 0
11:19 748.79 .94 68 9.83 0
11:20 748.79 .78 68 7.6 0
11:21 748.79 .61 68 8.05 0
11:22 748.79 .5 71 6.26 0
11:23 749.05 .44 71 5.36 0
11:24 748.79 .44 72 8.94 0
11:25 748.79 .44 71 7.15 0
11:26 748.79 .44 71 6.26 0
11:27 748.79 .5 71 5.81 0
11:28 748.79 .56 72 4.47 0
11:29 748.79 .67 72 4.02 0
11:30 748.79 .72 72 4.47 0
11:31 748.79 .78 71 5.36 0
11:32 748.79 .78 71 4.47 0
11:33 748.79 .67 70 4.92 0
11:34 748.79 .61 71 4.92 0
11:35 748.79 .61 71 5.36 0
11:36 748.79 .56 71 5.36 0
11:37 748.79 .5 71 10.73 0
11:38 748.79 .44 70 5.81 0
11:39 748.79 .39 70 9.39 0
11:40 748.79 .39 71 7.6 0
11:41 748.79 .39 70 5.81 0
11:42 748.79 .44 71 5.81 0
11:43 748.79 .44 70 4.47 0
11:44 748.79 .5 70 9.83 0
11:45 748.79 .56 70 8.94 0
11:46 748.79 .5 70 4.02 0
11:47 748.79 .44 70 5.36 0
11:48 748.79 .44 70 7.15 0
11:49 748.79 .44 70 3.58 0
11:50 748.79 .5 70 6.26 0
11:51 748.79 .56 71 7.6 0
11:52 748.79 .61 70 4.02 0
11:53 748.79 .67 70 4.02 0
11:54 748.79 .67 69 8.49 0
11:55 748.79 .67 69 4.47 0
11:56 748.79 .67 69 5.36 0
11:57 748.79 .67 71 7.15 0
11:58 748.79 .67 71 8.05 0
11:59 748.79 .61 72 4.47 0
12:00 748.79 .56 72 3.58 0
12:01 749.05 .56 73 3.58 0
12:02 749.05 .5 74 4.02 0
12:03 748.79 .33 74 4.47 0
12:04 748.79 .22 75 6.71 0
12:05 748.79 .06 76 4.92 0
12:06 748.79 -.11 77 8.49 0
12:07 748.79 -.22 78 6.26 0
12:08 748.79 -.33 78 4.92 0
12:09 748.79 -.39 79 4.92 0
12:10 748.79 -.39 79 4.02 0
12:11 748.79 -.39 79 7.15 0
12:12 748.79 -.39 79 6.71 0
12:13 748.79 -.39 79 4.02 0
12:14 748.79 -.33 79 2.68 0
12:15 748.79 -.17 79 6.71 0
12:16 748.79 -.11 78 4.47 0
12:17 748.79 .06 77 5.36 0
12:18 748.79 .11 78 5.36 0
12:19 748.79 .22 77 6.71 0
12:20 748.79 .22 77 8.49 0
12:21 748.79 .28 76 7.6 0
12:22 748.79 .28 75 8.49 0
12:23 748.79 .33 75 7.15 0
12:24 748.79 .39 74 3.58 0
12:25 748.79 .5 75 5.81 0
12:26 748.79 .5 74 11.18 0
12:27 748.79 .56 73 4.92 0
12:28 748.79 .56 73 8.05 0
12:29 748.79 .61 73 6.26 0
12:30 748.79 .61 72 8.05 0
12:31 748.79 .67 72 10.73 0
12:32 748.79 .72 71 8.94 0
12:33 748.79 .72 70 6.71 0
12:34 748.79 .78 71 8.05 0
12:35 748.79 .83 70 8.05 0
12:36 748.79 .94 70 6.26 0
12:37 748.79 1.06 70 3.58 0
12:38 748.79 1.17 69 4.92 0
12:39 748.79 1.22 69 5.36 0
12:40 748.79 1.33 69 5.81 0
12:41 748.79 1.39 69 6.71 0
12:42 748.79 1.44 69 8.49 0
12:43 748.79 1.5 68 7.6 0
12:44 748.79 1.5 67 8.05 0
12:45 748.79 1.44 66 5.36 0
12:46 748.79 1.39 66 7.15 0
12:47 748.79 1.44 66 5.81 0
12:48 748.79 1.5 67 6.71 0
12:49 748.79 1.56 68 7.15 0
12:50 748.79 1.5 65 7.6 0
12:51 748.79 1.5 65 4.02 0
12:52 748.79 1.44 65 9.83 0
12:53 748.79 1.39 65 6.26 0
12:54 748.79 1.39 66 6.71 0
12:55 748.79 1.33 66 3.58 0
12:56 748.79 1.33 67 9.83 0
12:57 748.79 1.33 67 8.49 0
12:58 749.05 1.33 68 7.15 0
12:59 748.79 1.22 68 6.26 0
13:00 748.79 1.17 68 9.39 0
13:01 748.79 1.17 68 5.81 0
13:02 748.79 1.22 69 4.02 0
13:03 749.05 1.22 69 5.36 0
13:04 749.05 1.28 70 2.68 0
13:05 749.05 1.33 70 5.81 0
13:06 749.05 1.28 70 4.02 0
13:07 748.79 1.28 71 5.81 0
13:08 748.79 1.28 71 3.58 0
13:09 749.05 1.22 72 6.71 0
13:10 748.79 1.17 71 4.47 0
13:11 748.79 1.11 71 7.15 0
13:12 748.79 1.11 70 7.6 0
13:13 748.79 1.11 71 5.81 0
13:14 748.79 1.17 71 4.02 0
13:15 748.79 1.22 71 5.36 0
13:16 748.79 1.22 70 5.81 0
13:17 748.79 1.22 69 3.13 0
13:18 748.79 1.28 70 3.58 0
13:19 748.79 1.39 70 4.02 0
13:20 748.79 1.44 69 8.94 0
13:21 748.79 1.39 67 4.02 0
13:22 748.79 1.44 68 7.15 0
13:23 748.79 1.44 68 5.81 0
13:24 748.79 1.5 68 9.39 0
13:25 748.79 1.5 68 12.52 0
13:26 748.79 1.44 67 5.36 0
13:27 748.79 1.33 67 8.49 0
13:28 748.79 1.33 68 5.81 0
13:29 748.79 1.28 69 5.36 0
13:30 748.79 1.22 70 8.49 0
13:31 748.79 1.22 70 8.94 0
13:32 748.79 1.22 70 3.58 0
13:33 748.79 1.28 71 5.36 0
13:34 748.79 1.33 71 8.49 0
13:35 748.79 1.33 70 7.15 0
13:36 748.79 1.33 69 3.58 0
13:37 748.79 1.33 70 8.94 0
13:38 748.79 1.33 69 6.26 0
13:39 748.79 1.39 69 7.15 0
13:40 748.79 1.39 70 4.02 0
13:41 748.79 1.5 69 6.26 0
13:42 748.79 1.56 70 4.47 0
13:43 748.79 1.67 69 7.6 0
13:44 748.79 1.61 69 7.6 0
13:45 748.79 1.5 70 7.6 0
13:46 748.79 1.39 70 9.39 0
13:47 748.79 1.28 71 5.81 0
13:48 748.79 1.17 74 7.15 0
13:49 748.79 .94 75 7.6 0
13:50 748.79 .83 75 6.26 0
13:51 748.79 .78 76 7.6 0
13:52 748.79 .72 76 5.81 0
13:53 748.79 .67 76 6.71 0
13:54 748.79 .72 77 5.36 0
13:55 748.79 .72 77 8.49 0
13:56 748.79 .72 77 4.47 0
13:57 749.05 .67 77 5.36 0
13:58 749.05 .72 77 5.81 0
13:59 748.79 .67 77 6.26 0
14:00 748.79 .67 76 2.68 0
14:01 748.79 .78 77 6.71 0
14:02 748.79 .83 77 3.13 0
14:03 748.79 .94 76 2.68 0
14:04 748.79 1.06 77 4.47 0
14:05 748.79 1.17 77 4.92 0
14:06 748.79 1.28 76 4.02 0
14:07 748.54 1.44 76 5.36 0
14:08 748.54 1.5 75 4.47 0
14:09 748.54 1.56 73 4.47 0
14:10 748.54 1.61 73 3.58 0
14:11 748.54 1.78 73 4.47 0
14:12 748.54 1.89 73 2.24 0
14:13 748.54 2 73 3.58 0
14:14 748.54 2.17 73 5.81 0
14:15 748.54 2.22 71 7.15 0
14:16 748.54 2.22 69 6.71 0
14:17 748.54 2.22 68 3.58 0
14:18 748.54 2.33 69 6.26 0
14:19 748.54 2.39 68 6.71 0
14:20 748.54 2.5 67 4.47 0
14:21 748.54 2.56 66 6.26 0
14:22 748.54 2.56 65 1.79 0
14:23 748.54 2.5 65 8.05 0
14:24 748.54 2.5 65 8.49 0
14:25 748.54 2.44 65 6.26 0
14:26 748.54 2.5 65 4.02 0
14:27 748.54 2.44 65 7.6 0
14:28 748.54 2.44 65 7.15 0
14:29 748.54 2.44 64 6.26 0
14:30 748.54 2.5 65 6.71 0
14:31 748.54 2.5 65 8.49 0
14:32 748.54 2.5 65 8.49 0
14:33 748.54 2.5 64 8.05 0
14:34 748.54 2.44 65 5.36 0
14:35 748.54 2.44 65 4.92 0
14:36 748.54 2.44 64 5.36 0
14:37 748.54 2.5 65 8.05 0
14:38 748.54 2.5 64 6.26 0
14:39 748.54 2.5 63 4.47 0
14:40 748.54 2.56 64 4.47 0
14:41 748.54 2.56 65 7.15 0
14:42 748.54 2.61 65 3.13 0
14:43 748.54 2.67 65 4.47 0
14:44 748.54 2.67 65 4.47 0
14:45 748.54 2.56 65 6.26 0
14:46 748.54 2.39 65 5.81 0
14:47 748.54 2.17 68 8.49 0
14:48 748.54 2.06 68 8.94 0
14:49 748.54 2 69 7.15 0
14:50 748.54 1.94 69 6.26 0
14:51 748.54 1.94 69 6.26 0
14:52 748.54 1.94 68 6.26 0
14:53 748.54 2.06 69 7.15 0
14:54 748.54 2.11 68 5.81 0
14:55 748.54 2.17 69 5.81 0
14:56 748.54 2.22 68 6.26 0
14:57 748.54 2.28 68 6.71 0
14:58 748.54 2.28 68 6.26 0
14:59 748.54 2.22 67 8.49 0
15:00 748.54 2.17 67 4.47 0
15:01 748.54 2.22 67 4.92 0
15:02 748.54 2.33 67 4.92 0
15:03 748.54 2.44 67 4.92 0
15:04 748.28 2.56 67 4.47 0
15:05 748.28 2.72 67 5.81 0
15:06 748.28 2.89 66 4.92 0
15:07 748.28 3 66 6.26 0
15:08 748.28 3.06 65 7.6 0
15:09 748.28 3 65 4.92 0
15:10 748.28 3.06 65 4.02 0
15:11 748.28 3.11 65 6.26 0
15:12 748.28 3.17 65 2.24 0
15:13 748.28 3.33 66 4.02 0
15:14 748.28 3.33 66 4.92 0
15:15 748.28 3.22 64 4.47 0
15:16 748.28 3.17 62 6.71 0
15:17 748.03 3.06 62 5.81 0
15:18 748.28 3.06 63 5.36 0
15:19 748.03 3 63 4.02 0
15:20 748.03 2.94 63 3.58 0
15:21 748.28 2.94 63 3.58 0
15:22 748.28 2.89 63 4.47 0
15:23 748.28 2.89 63 6.71 0
15:24 748.28 2.94 63 3.58 0
15:25 748.28 2.94 64 3.58 0
15:26 748.28 3 64 4.02 0
15:27 748.28 3 63 3.58 0
15:28 748.28 3.06 64 3.58 0
15:29 748.28 3.06 63 7.15 0
15:30 748.03 3.06 62 7.15 0
15:31 748.03 3.11 61 5.36 0
15:32 748.28 3.17 61 9.83 0
15:33 748.28 3.17 60 5.81 0
15:34 748.28 3.22 60 5.81 0
15:35 748.28 3.28 60 4.92 0
15:36 748.28 3.33 61 2.24 0
15:37 748.28 3.5 61 4.47 0
15:38 748.28 3.56 61 7.6 0
15:39 748.03 3.61 59 7.6 0
15:40 748.03 3.67 58 2.24 0
15:41 748.03 3.78 58 5.81 0
15:42 748.03 3.83 57 10.28 0
15:43 748.03 3.83 56 7.15 0
15:44 748.03 3.78 56 4.92 0
15:45 748.03 3.83 56 4.92 0
15:46 748.03 3.78 56 6.26 0
15:47 748.03 3.83 56 5.36 0
15:48 748.03 3.83 56 2.24 0
15:49 748.03 3.83 57 2.24 0
15:50 748.03 3.89 57 4.92 0
15:51 748.03 3.94 57 8.49 0
15:52 748.03 3.89 55 4.02 0
15:53 748.03 3.83 56 8.49 0
15:54 748.03 3.72 54 5.81 0
15:55 748.03 3.61 55 3.58 0
15:56 748.03 3.61 56 4.92 0
15:57 748.03 3.61 57 6.71 0
15:58 748.03 3.61 57 4.02 0
15:59 748.03 3.61 57 2.68 0
16:00 748.03 3.61 58 3.58 0
16:01 748.03 3.61 58 4.02 0
16:02 748.03 3.61 57 4.02 0
16:03 748.03 3.67 57 7.15 0
16:04 748.03 3.67 57 3.13 0
16:05 748.03 3.61 57 4.02 0
16:06 748.03 3.61 58 4.02 0
16:07 748.03 3.67 58 4.92 0
16:08 748.03 3.67 57 6.26 0
16:09 748.03 3.67 57 6.26 0
16:10 748.03 3.72 57 7.6 0
16:11 748.03 3.72 56 4.02 0
16:12 748.03 3.78 56 5.81 0
16:13 748.03 3.78 56 9.39 0
16:14 748.03 3.78 55 3.58 0
16:15 748.03 3.83 55 7.6 0
16:16 748.03 3.83 56 4.92 0
16:17 748.03 3.83 55 6.26 0
16:18 748.03 3.83 55 4.47 0
16:19 748.03 3.83 55 4.47 0
16:20 748.03 3.83 56 5.36 0
16:21 748.03 3.83 55 11.18 0
16:22 748.03 3.83 55 9.39 0
16:23 748.03 3.72 55 8.05 0
16:24 748.03 3.61 56 9.39 0
16:25 748.28 3.56 57 8.05 0
16:26 748.03 3.5 57 5.36 0
16:27 748.03 3.5 58 6.26 0
16:28 748.03 3.5 58 9.83 0
16:29 748.03 3.5 58 5.81 0
16:30 748.03 3.5 58 7.6 0
16:31 748.03 3.44 58 5.36 0
16:32 748.03 3.44 59 6.71 0
16:33 748.03 3.44 59 4.92 0
16:34 748.03 3.44 59 4.02 0
16:35 748.03 3.44 59 4.47 0
16:36 748.03 3.44 59 4.02 0
16:37 748.03 3.5 59 5.81 0
16:38 748.03 3.5 59 4.02 0
16:39 748.03 3.56 58 4.92 0
16:40 748.03 3.56 58 4.92 0
16:41 748.03 3.61 58 4.92 0
16:42 748.03 3.72 58 4.47 0
16:43 748.03 3.78 57 2.68 0
16:44 748.03 3.83 58 4.47 0
16:45 748.03 3.83 57 3.58 0
16:46 748.03 3.89 58 5.81 0
16:47 748.03 3.89 57 4.02 0
16:48 748.03 3.89 57 3.13 0
16:49 748.03 3.94 58 3.58 0
16:50 748.03 3.94 58 7.15 0
16:51 748.03 3.94 57 4.47 0
16:52 748.03 3.94 57 4.02 0
16:53 748.03 4 57 2.24 0
16:54 748.03 4 57 1.79 0
16:55 748.03 4.06 57 6.71 0
16:56 748.03 4.06 56 5.81 0
16:57 748.03 4.06 56 3.58 0
16:58 748.03 4.06 56 4.47 0
16:59 748.03 4.06 56 6.71 0
17:00 748.03 4.06 56 7.6 0
17:01 748.03 4.06 56 3.13 0
17:02 748.03 4.06 56 4.02 0
17:03 748.03 4.06 56 4.92 0
17:04 748.03 4.06 55 4.47 0
17:05 748.03 4.06 55 7.15 0
17:06 748.03 4.06 55 3.58 0
17:07 748.03 4.06 55 5.36 0
17:08 747.78 4.06 55 5.81 0
17:09 747.78 4.06 55 4.92 0
17:10 747.78 4.06 55 5.36 0
17:11 748.03 4 55 4.92 0
17:12 747.78 4.06 55 5.81 0
17:13 747.78 4.06 55 4.02 0
17:14 747.78 4 55 5.81 0
17:15 748.03 4.06 55 3.58 0
17:16 748.03 4.06 56 4.92 0
17:17 748.03 4.06 55 5.36 0
17:18 747.78 4.11 56 5.36 0
17:19 747.78 4.11 56 5.36 0
17:20 748.03 4.11 56 4.47 0
17:21 747.78 4.17 55 11.18 0
17:22 747.78 4.11 54 4.92 0
17:23 747.78 4.11 54 4.92 0
17:24 747.78 4.17 55 7.15 0
17:25 747.78 4.17 55 8.49 0
17:26 747.78 4.17 55 4.47 0
17:27 747.78 4.17 55 7.15 0
17:28 747.78 4.22 55 5.36 0
17:29 747.78 4.22 55 7.15 0
17:30 747.78 4.28 55 5.36 0
17:31 747.78 4.33 55 6.71 0
17:32 747.78 4.33 55 4.02 0
17:33 747.78 4.28 55 8.49 0
17:34 747.78 4.28 54 4.47 0
17:35 747.78 4.28 54 4.02 0
17:36 747.78 4.28 55 4.47 0
17:37 747.78 4.22 55 3.58 0
17:38 747.78 4.22 55 8.49 0
17:39 747.78 4.22 54 4.92 0
17:40 747.78 4.22 55 5.81 0
17:41 747.78 4.17 55 4.02 0
17:42 747.78 4.17 55 1.79 0
17:43 747.78 4.22 55 4.92 0
17:44 747.78 4.22 55 5.81 0
17:45 747.78 4.28 55 6.26 0
17:46 747.78 4.28 54 2.68 0
17:47 747.78 4.28 54 6.26 0
17:48 747.78 4.28 55 5.81 0
17:49 747.78 4.28 54 4.02 0
17:50 747.78 4.28 54 4.02 0
17:51 747.52 4.33 54 4.02 0
17:52 747.78 4.33 55 2.68 0
17:53 747.52 4.33 55 1.34 0
17:54 747.78 4.39 55 1.79 0
17:55 747.52 4.44 55 1.79 0
17:56 747.78 4.5 55 1.34 0
17:57 747.52 4.56 55 4.02 0
17:58 747.52 4.61 55 4.02 0
17:59 747.78 4.72 54 2.68 0
18:00 747.52 4.78 55 2.24 0
18:01 747.52 4.83 54 5.81 0
18:02 747.52 4.89 53 4.92 0
18:03 747.52 4.94 53 4.02 0
18:04 747.52 5.06 53 3.58 0
18:05 747.52 5.11 54 4.02 0
18:06 747.52 5.17 53 6.26 0
18:07 747.52 5.17 52 3.58 0
18:08 747.52 5.17 52 7.15 0
18:09 747.52 5.17 52 4.02 0
18:10 747.52 5.22 52 5.36 0
18:11 747.52 5.28 52 8.49 0
18:12 747.52 5.22 51 8.05 0
18:13 747.52 5.22 51 4.47 0
18:14 747.52 5.22 51 4.47 0
18:15 747.52 5.22 51 4.92 0
18:16 747.52 5.28 51 2.24 0
18:17 747.52 5.33 52 4.02 0
18:18 747.52 5.39 51 4.92 0
18:19 747.52 5.44 51 5.36 0
18:20 747.52 5.44 50 4.02 0
18:21 747.52 5.39 51 5.36 0
18:22 747.52 5.44 51 6.71 0
18:23 747.52 5.44 51 6.26 0
18:24 747.52 5.44 51 6.71 0
18:25 747.52 5.39 50 7.15 0
18:26 747.52 5.33 50 5.81 0
18:27 747.52 5.28 50 6.26 0
18:28 747.52 5.22 50 4.92 0
18:29 747.52 5.17 51 5.36 0
18:30 747.52 5.22 51 1.79 0
18:31 747.52 5.17 51 2.24 0
18:32 747.52 5.17 51 4.92 0
18:33 747.52 5.11 51 5.36 0
18:34 747.52 5 51 4.02 0
18:35 747.52 4.94 51 2.68 0
18:36 747.27 4.94 51 2.24 0
18:37 747.52 4.89 51 6.71 0
18:38 747.27 4.83 51 4.92 0
18:39 747.27 4.78 51 3.58 0
18:40 747.52 4.78 51 3.13 0
18:41 747.52 4.78 52 4.02 0
18:42 747.52 4.78 52 4.02 0
18:43 747.27 4.72 52 2.24 0
18:44 747.52 4.72 53 1.34 0
18:45 747.27 4.72 53 2.68 0
18:46 747.27 4.72 53 .89 0
18:47 747.27 4.72 53 2.24 0
18:48 747.27 4.67 53 1.79 0
18:49 747.27 4.67 53 3.13 0
18:50 747.27 4.67 53 1.79 0
18:51 747.27 4.67 53 1.79 0
18:52 747.27 4.67 53 3.13 0
18:53 747.27 4.67 53 .89 0
18:54 747.27 4.72 53 2.68 0
18:55 747.27 4.78 53 3.13 0
18:56 747.27 4.78 52 3.58 0
18:57 747.27 4.83 52 2.24 0
18:58 747.27 4.83 53 2.24 0
18:59 747.27 4.89 52 1.34 0
19:00 747.27 4.89 53 .89 0
19:01 747.27 4.94 53 .89 0
19:02 747.27 4.94 53 1.79 0
19:03 747.27 5.06 52 1.34 0
19:04 747.01 5.06 52 1.79 0
19:05 747.01 5.11 52 1.79 0
19:06 747.27 5.06 51 3.58 0
19:07 747.27 5.11 51 1.79 0
19:08 747.01 5.11 52 1.79 0
19:09 747.01 5.17 52 1.79 0
19:10 747.01 5.11 52 1.79 0
19:11 747.01 5.17 52 .89 0
19:12 747.01 5.17 52 1.79 0
19:13 747.27 5.22 52 1.79 0
19:14 747.01 5.22 52 1.34 0
19:15 747.01 5.22 52 3.58 0
19:16 747.01 5.22 52 1.79 0
19:17 747.01 5.22 51 2.68 0
19:18 747.01 5.22 51 3.58 0
19:19 747.01 5.17 51 2.24 0
19:20 747.01 5.17 51 2.24 0
19:21 747.01 5.17 51 2.68 0
19:22 747.01 5.17 51 3.58 0
19:23 747.01 5.17 51 3.58 0
19:24 747.01 5.11 51 2.24 0
19:25 747.01 5.11 51 3.58 0
19:26 747.01 5.06 51 1.79 0
19:27 747.01 5.06 51 1.34 0
19:28 747.01 5 52 1.79 0
19:29 747.01 5 52 1.34 0
19:30 747.01 5 51 1.79 0
19:31 747.01 4.94 51 2.24 0
19:32 747.01 4.94 52 1.34 0
19:33 747.01 4.89 52 1.34 0
19:34 747.01 4.89 52 1.34 0
19:35 747.01 4.89 52 1.34 0
19:36 747.01 4.83 53 1.79 0
19:37 747.01 4.83 52 1.79 0
19:38 747.01 4.83 52 1.34 0
19:39 747.01 4.83 53 2.24 0
19:40 747.01 4.83 52 2.24 0
19:41 747.01 4.83 52 1.79 0
19:42 747.01 4.78 52 .89 0
19:43 747.01 4.78 52 .89 0
19:44 747.01 4.78 52 .89 0
19:45 747.01 4.78 53 1.34 0
19:46 747.01 4.72 52 .45 0
19:47 747.01 4.72 53 1.34 0
19:48 747.01 4.72 53 .89 0
19:49 747.01 4.72 53 .89 0
19:50 747.01 4.67 53 1.34 0
19:51 747.01 4.67 53 .89 0
19:52 747.01 4.61 53 1.34 0
19:53 747.01 4.56 53 1.34 0
19:54 747.01 4.5 53 1.34 0
19:55 747.01 4.5 53 .45 0
19:56 747.01 4.5 53 .89 0
19:57 747.01 4.44 53 .45 0
19:58 747.01 4.39 53 .45 0
19:59 747.01 4.39 54 .89 0
20:00 747.01 4.33 54 .89 0
20:01 747.01 4.33 54 .89 0
20:02 747.01 4.33 54 1.34 0
20:03 747.01 4.28 54 .89 0
20:04 747.01 4.28 55 .89 0
20:05 747.01 4.22 55 1.34 0
20:06 747.01 4.17 54 .45 0
20:07 747.01 4.17 55 1.34 0
20:08 747.01 4.17 55 1.34 0
20:09 746.76 4.17 55 1.79 0
20:10 747.01 4.11 55 .45 0
20:11 747.01 4.11 55 .89 0
20:12 747.01 4.06 55 1.34 0
20:13 746.76 4 55 1.34 0
20:14 746.76 4 55 .45 0
20:15 747.01 4 56 .45 0
20:16 747.01 3.94 57 .45 0
20:17 746.76 3.89 58 0 0
20:18 746.76 3.89 58 0 0
20:19 746.76 3.83 58 0 0
20:20 746.76 3.78 59 0 0
20:21 747.01 3.72 60 0 0
20:22 746.76 3.67 61 0 0
20:23 747.01 3.61 62 0 0
20:24 747.01 3.5 62 0 0
20:25 747.01 3.44 62 0 0
20:26 747.01 3.33 62 0 0
20:27 746.76 3.33 62 0 0
20:28 747.01 3.22 62 0 0
20:29 746.76 3.17 62 0 0
20:30 746.76 3.11 62 0 0
20:31 746.76 3 62 0 0
20:32 747.01 2.94 62 0 0
20:33 747.01 2.94 63 0 0
20:34 747.01 2.83 63 0 0
20:35 747.01 2.78 64 0 0
20:36 746.76 2.72 65 0 0
20:37 747.01 2.67 65 .45 0
20:38 746.76 2.67 67 0 0
20:39 747.01 2.56 67 0 0
20:40 747.01 2.5 67 0 0
20:41 747.01 2.39 67 0 0
20:42 747.01 2.33 67 0 0
20:43 747.01 2.22 67 0 0
20:44 747.01 2.17 67 0 0
20:45 747.01 2.11 67 .45 0
20:46 747.01 2.11 67 .45 0
20:47 747.01 2 67 .89 0
20:48 746.76 2 67 .45 0
20:49 747.01 2 68 .89 0
20:50 747.01 1.94 68 .89 0
20:51 746.76 1.94 69 .89 0
20:52 746.76 2 69 .89 0
20:53 746.76 1.94 68 1.34 0
20:54 746.76 2 69 1.34 0
20:55 746.76 2 69 1.34 0
20:56 746.76 2.06 69 1.34 0
20:57 746.76 2.11 69 .89 0
20:58 746.76 2.17 69 .89 0
20:59 746.76 2.28 68 1.34 0
21:00 746.76 2.28 68 .89 0
21:01 746.76 2.39 67 1.34 0
21:02 746.76 2.39 67 .89 0
21:03 746.76 2.5 66 1.34 0
21:04 746.76 2.5 66 .89 0
21:05 746.76 2.5 66 .89 0
21:06 746.76 2.5 66 .89 0
21:07 746.76 2.56 66 .89 0
21:08 746.76 2.56 66 .89 0
21:09 746.76 2.56 66 .89 0
21:10 746.76 2.56 67 1.34 0
21:11 746.76 2.56 67 .89 0
21:12 746.76 2.5 67 .89 0
21:13 746.76 2.44 67 1.34 0
21:14 746.76 2.39 67 1.34 0
21:15 746.76 2.39 67 1.34 0
21:16 746.76 2.39 67 1.34 0
21:17 746.51 2.39 66 1.34 0
21:18 746.51 2.39 66 1.34 0
21:19 746.76 2.39 66 1.34 0
21:20 746.76 2.44 66 1.34 0
21:21 746.76 2.5 66 1.34 0
21:22 746.76 2.44 66 .45 0
21:23 746.76 2.44 66 .89 0
21:24 746.51 2.44 66 .89 0
21:25 746.76 2.39 67 1.79 0
21:26 746.76 2.28 67 .89 0
21:27 746.51 2.28 68 .89 0
21:28 746.51 2.17 68 1.34 0
21:29 746.51 2.11 69 1.34 0
21:30 746.51 2.06 69 1.34 0
21:31 746.51 2 70 1.79 0
21:32 746.51 1.94 69 1.34 0
21:33 746.51 1.89 69 1.34 0
21:34 746.51 1.94 70 1.79 0
21:35 746.51 1.94 69 1.79 0
21:36 746.51 1.94 69 1.79 0
21:37 746.51 2 69 2.24 0
21:38 746.51 2.06 69 1.34 0
21:39 746.51 2.11 69 1.34 0
21:40 746.51 2.11 69 1.34 0
21:41 746.51 2.17 68 1.79 0
21:42 746.51 2.22 68 .89 0
21:43 746.51 2.22 68 1.34 0
21:44 746.51 2.28 68 1.34 0
21:45 746.51 2.22 68 1.34 0
21:46 746.51 2.22 68 1.34 0
21:47 746.51 2.22 68 1.34 0
21:48 746.51 2.17 69 1.34 0
21:49 746.51 2.17 68 1.34 0
21:50 746.51 2.17 69 1.34 0
21:51 746.51 2.11 69 1.34 0
21:52 746.51 2.11 69 1.34 0
21:53 746.51 2 69 1.34 0
21:54 746.51 1.94 69 1.34 0
21:55 746.51 1.89 68 1.34 0
21:56 746.51 1.94 69 .89 0
21:57 746.51 1.94 69 1.79 0
21:58 746.51 1.94 68 1.79 0
21:59 746.51 1.94 68 1.34 0
22:00 746.51 1.94 67 1.79 0
22:01 746.51 1.94 67 1.34 0
22:02 746.51 1.94 67 1.79 0
22:03 746.51 1.94 67 1.34 0
22:04 746.51 1.94 66 1.34 0
22:05 746.51 1.94 67 1.34 0
22:06 746.51 1.94 67 1.79 0
22:07 746.51 1.94 66 1.34 0
22:08 746.51 1.94 67 .89 0
22:09 746.51 1.94 67 1.34 0
22:10 746.51 1.94 66 1.34 0
22:11 746.51 1.94 66 1.34 0
22:12 746.51 1.94 66 1.34 0
22:13 746.51 1.89 66 1.34 0
22:14 746.51 1.94 66 1.79 0
22:15 746.51 1.89 66 .89 0
22:16 746.51 1.89 66 1.34 0
22:17 746.25 1.89 66 1.34 0
22:18 746.51 1.89 66 1.34 0
22:19 746.25 1.89 66 1.34 0
22:20 746.51 1.83 66 .89 0
22:21 746.25 1.83 66 1.34 0
22:22 746.51 1.83 66 .89 0
22:23 746.51 1.83 66 .89 0
22:24 746.25 1.78 66 1.34 0
22:25 746.25 1.72 66 1.34 0
22:26 746.51 1.72 66 1.34 0
22:27 746.25 1.67 66 1.34 0
22:28 746.51 1.67 66 1.34 0
22:29 746.25 1.67 67 1.34 0
22:30 746.25 1.67 67 1.79 0
22:31 746.25 1.61 67 1.34 0
22:32 746.25 1.61 67 1.34 0
22:33 746.25 1.61 66 1.34 0
22:34 746.25 1.61 66 1.34 0
22:35 746.25 1.61 66 1.34 0
22:36 746.25 1.56 66 1.34 0
22:37 746.51 1.56 66 1.34 0
22:38 746.25 1.56 66 1.34 0
22:39 746.25 1.56 66 .89 0
22:40 746.25 1.56 66 1.34 0
22:41 746.25 1.56 66 .89 0
22:42 746.25 1.61 66 .89 0
22:43 746.25 1.61 66 .89 0
22:44 746.25 1.67 66 .89 0
22:45 746.25 1.67 66 1.34 0
22:46 746.25 1.67 65 .89 0
22:47 746.25 1.67 65 1.34 0
22:48 746.25 1.67 65 1.34 0
22:49 746.25 1.67 65 .89 0
22:50 746.25 1.67 65 1.34 0
22:51 746.25 1.67 65 1.34 0
22:52 746.25 1.61 65 1.34 0
22:53 746.25 1.61 66 1.34 0
22:54 746.25 1.56 66 1.34 0
22:55 746.25 1.56 66 1.79 0
22:56 746.25 1.56 66 .89 0
22:57 746.25 1.56 66 1.79 0
22:58 746.25 1.56 66 1.79 0
22:59 746.25 1.56 66 .89 0
23:00 746.25 1.56 66 1.34 0
23:01 746.25 1.61 66 1.34 0
23:02 746.25 1.61 67 1.79 0
23:03 746.25 1.56 67 1.34 0
23:04 746.25 1.56 67 1.79 0
23:05 746.25 1.56 67 1.34 0
23:06 746.25 1.56 67 1.34 0
23:07 746.25 1.5 67 1.79 0
23:08 746.25 1.5 67 .89 0
23:09 746.25 1.44 68 1.34 0
23:10 746.25 1.44 68 1.34 0
23:11 746.25 1.44 68 1.34 0
23:12 746.25 1.39 68 1.34 0
23:13 746.25 1.33 68 .89 0
23:14 746.25 1.33 68 .89 0
23:15 746.25 1.39 68 1.34 0
23:16 746.25 1.33 68 1.34 0
23:17 746.25 1.33 69 1.34 0
23:18 746.25 1.28 68 1.34 0
23:19 746.25 1.28 68 .89 0
23:20 746.25 1.28 68 2.68 0
23:21 746.25 1.28 68 1.34 0
23:22 746.25 1.28 68 1.79 0
23:23 746.25 1.28 68 1.34 0
23:24 746.25 1.28 68 1.79 0
23:25 746.25 1.33 68 2.68 0
23:26 746.25 1.33 68 2.68 0
23:27 746.25 1.33 68 2.68 0
23:28 746.25 1.33 68 1.79 0
23:29 746.25 1.33 68 .89 0
23:30 746.25 1.33 68 1.79 0
23:31 746.25 1.39 68 1.34 0
23:32 746.25 1.39 68 1.34 0
23:33 746 1.33 68 1.79 0
23:34 746.25 1.39 68 1.34 0
23:35 746.25 1.39 68 1.79 0
23:36 746.25 1.39 68 1.79 0
23:37 746.25 1.44 68 2.68 0
23:38 746.25 1.44 68 1.79 0
23:39 746.25 1.5 68 1.34 0
23:40 746 1.5 68 1.34 0
23:41 746 1.5 67 1.79 0
23:42 746.25 1.56 68 1.34 0
23:43 746 1.56 67 1.34 0
23:44 746 1.56 68 1.34 0
23:45 746 1.56 67 1.34 0
23:46 746.25 1.56 68 1.34 0
23:47 746 1.5 68 1.79 0
23:48 746.25 1.56 67 1.34 0
23:49 746 1.5 67 1.79 0
23:50 746 1.5 67 1.34 0
23:51 746.25 1.5 67 .89 0
23:52 746 1.5 68 1.79 0
23:53 746 1.5 68 1.79 0
23:54 746 1.5 67 1.79 0
23:55 746 1.5 68 1.34 0
23:56 746 1.56 68 1.79 0
23:57 746 1.56 68 1.79 0
23:58 746 1.61 68 2.24 0
23:59 746 1.61 68 1.79 0
