00:00 732.28 .28 91 .45 0
00:01 732.28 .28 91 4.47 0
00:02 732.28 .28 91 1.34 0
00:03 732.28 .28 91 1.34 0
00:04 732.28 .28 91 3.58 0
00:05 732.03 .28 91 3.13 0
00:06 732.03 .28 91 3.58 0
00:07 732.28 .28 91 1.79 0
00:08 732.28 .33 91 0 0
00:09 732.28 .33 92 5.81 0
00:10 732.03 .28 91 1.79 0
00:11 732.03 .33 92 2.24 0
00:12 732.03 .33 91 2.24 0
00:13 732.03 .33 92 3.58 0
00:14 732.03 .28 92 2.68 0
00:15 732.03 .28 92 2.68 0
00:16 732.03 .33 92 1.79 0
00:17 732.03 .28 92 1.34 0
00:18 732.03 .33 92 4.02 0
00:19 732.03 .33 92 4.92 0
00:20 732.03 .33 92 4.47 0
00:21 732.03 .33 92 4.02 0
00:22 732.03 .33 92 2.68 0
00:23 732.03 .33 92 4.92 0
00:24 732.03 .33 92 2.24 0
00:25 732.03 .33 92 1.34 0
00:26 732.03 .33 92 3.58 0
00:27 732.03 .33 92 2.68 0
00:28 732.03 .33 92 1.34 0
00:29 732.03 .33 92 4.02 0
00:30 732.03 .33 92 1.34 0
00:31 732.03 .33 92 4.47 0
00:32 732.03 .33 92 4.02 0
00:33 732.03 .33 92 2.68 0
00:34 732.03 .33 92 4.02 0
00:35 732.03 .33 92 3.58 0
00:36 732.03 .33 92 4.92 0
00:37 732.03 .33 92 2.68 0
00:38 732.03 .33 92 3.13 0
00:39 732.03 .33 92 3.58 0
00:40 732.03 .33 92 3.13 0
00:41 732.03 .33 92 3.13 0
00:42 732.03 .33 92 2.24 0
00:43 732.03 .33 92 3.13 0
00:44 732.03 .33 92 4.92 0
00:45 732.03 .33 92 .89 0
00:46 732.03 .33 92 3.13 0
00:47 731.77 .33 92 2.68 0
00:48 732.03 .33 92 2.68 0
00:49 731.77 .33 92 1.79 0
00:50 732.03 .33 92 2.24 0
00:51 731.77 .33 92 3.58 0
00:52 731.77 .33 92 4.02 0
00:53 731.77 .33 92 3.13 0
00:54 731.77 .33 92 .45 0
00:55 731.77 .33 92 4.92 0
00:56 731.77 .33 92 .45 0
00:57 731.77 .33 92 3.13 0
00:58 731.77 .33 92 2.68 0
00:59 731.77 .33 92 .89 0
01:00 731.77 .33 92 4.47 0
01:01 731.77 .33 92 3.58 0
01:02 731.77 .33 92 2.68 0
01:03 731.77 .33 92 1.79 0
01:04 731.77 .33 92 1.79 0
01:05 731.77 .33 92 1.79 0
01:06 731.77 .33 92 3.58 0
01:07 731.77 .39 92 3.58 0
01:08 731.77 .33 92 2.68 0
01:09 731.77 .33 92 3.58 0
01:10 731.77 .33 92 1.79 0
01:11 731.77 .33 92 4.02 0
01:12 731.77 .33 92 5.36 0
01:13 731.77 .33 92 2.24 0
01:14 731.77 .33 92 2.24 0
01:15 731.77 .33 92 1.34 0
01:16 731.77 .39 92 2.68 0
01:17 731.77 .33 92 5.36 0
01:18 731.77 .39 92 4.92 0
01:19 731.77 .39 92 2.68 0
01:20 731.77 .33 92 2.68 0
01:21 731.77 .39 92 1.79 0
01:22 731.77 .39 92 3.13 0
01:23 731.77 .33 92 4.02 0
01:24 731.77 .39 92 2.68 0
01:25 731.52 .39 92 1.34 0
01:26 731.52 .39 92 3.13 0
01:27 731.77 .39 92 1.79 0
01:28 731.52 .39 92 1.34 0
01:29 731.52 .39 92 .89 0
01:30 731.52 .39 92 2.68 0
01:31 731.52 .33 92 2.68 0
01:32 731.77 .39 92 3.58 0
01:33 731.52 .39 92 1.34 0
01:34 731.52 .39 92 3.58 0
01:35 731.52 .39 92 1.79 0
01:36 731.52 .39 92 2.24 0
01:37 731.52 .39 92 2.24 0
01:38 731.52 .39 92 1.79 0
01:39 731.52 .39 92 3.58 0
01:40 731.52 .39 92 2.24 0
01:41 731.52 .39 92 3.13 0
01:42 731.52 .39 92 1.34 0
01:43 731.52 .39 92 3.13 0
01:44 731.52 .39 92 3.58 0
01:45 731.52 .39 92 3.13 0
01:46 731.52 .39 92 3.13 0
01:47 731.52 .39 92 4.47 0
01:48 731.52 .39 92 .45 0
01:49 731.52 .39 92 3.58 0
01:50 731.52 .39 92 .45 0
01:51 731.52 .39 92 2.24 0
01:52 731.52 .39 92 2.24 0
01:53 731.52 .39 92 3.13 0
01:54 731.52 .39 92 2.24 0
01:55 731.52 .39 92 2.68 0
01:56 731.52 .39 92 2.68 0
01:57 731.52 .39 92 4.02 0
01:58 731.52 .39 92 4.47 0
01:59 731.52 .39 92 4.02 0
02:00 731.52 .39 92 3.13 0
02:01 731.52 .44 92 2.68 0
02:02 731.52 .39 92 2.24 0
02:03 731.52 .39 92 2.24 0
02:04 731.52 .39 92 3.13 0
02:05 731.52 .39 92 1.79 0
02:06 731.52 .39 92 4.02 0
02:07 731.52 .39 92 1.34 0
02:08 731.52 .39 92 2.68 0
02:09 731.52 .39 92 1.79 0
02:10 731.52 .39 92 3.58 0
02:11 731.52 .39 92 3.13 0
02:12 731.52 .39 92 2.68 0
02:13 731.52 .39 92 2.68 0
02:14 731.52 .39 92 3.13 0
02:15 731.52 .39 92 1.79 0
02:16 731.52 .39 92 4.47 0
02:17 731.52 .39 92 2.24 0
02:18 731.52 .39 92 1.79 0
02:19 731.52 .39 92 1.34 0
02:20 731.52 .39 92 3.58 0
02:21 731.52 .39 92 .89 0
02:22 731.27 .44 92 .45 0
02:23 731.27 .39 92 3.58 0
02:24 731.27 .39 92 2.68 0
02:25 731.27 .44 92 1.79 0
02:26 731.27 .39 92 .89 0
02:27 731.27 .39 92 1.34 0
02:28 731.27 .39 92 2.68 0
02:29 731.27 .44 92 4.02 0
02:30 731.27 .44 92 2.24 0
02:31 731.27 .44 92 1.79 0
02:32 731.27 .44 92 2.24 0
02:33 731.27 .39 92 2.68 0
02:34 731.27 .44 92 4.47 0
02:35 731.27 .44 92 1.79 0
02:36 731.27 .39 92 4.02 0
02:37 731.27 .44 92 3.13 0
02:38 731.27 .44 92 3.13 0
02:39 731.27 .44 92 3.13 0
02:40 731.27 .44 92 3.13 0
02:41 731.27 .44 92 4.02 0
02:42 731.27 .44 92 3.13 0
02:43 731.27 .44 92 4.02 0
02:44 731.27 .44 92 3.13 0
02:45 731.27 .44 92 3.13 0
02:46 731.27 .44 92 1.34 0
02:47 731.27 .44 92 2.24 0
02:48 731.27 .44 92 2.68 0
02:49 731.27 .44 92 2.24 0
02:50 731.27 .44 92 1.34 0
02:51 731.27 .44 92 3.13 0
02:52 731.27 .44 92 2.24 0
02:53 731.27 .44 92 4.47 0
02:54 731.27 .44 92 2.24 0
02:55 731.27 .44 92 2.24 0
02:56 731.27 .5 92 3.58 0
02:57 731.27 .5 92 3.13 0
02:58 731.27 .5 92 1.34 0
02:59 731.27 .5 92 1.79 0
03:00 731.27 .5 92 3.58 0
03:01 731.27 .5 92 1.34 0
03:02 731.27 .56 92 3.13 0
03:03 731.27 .56 92 .45 0
03:04 731.27 .56 92 1.79 0
03:05 731.27 .56 92 1.79 0
03:06 731.27 .61 92 1.79 0
03:07 731.27 .56 92 1.79 0
03:08 731.27 .61 92 .89 0
03:09 731.01 .61 92 2.68 0
03:10 731.01 .61 92 2.24 0
03:11 731.01 .61 92 3.13 0
03:12 731.01 .67 92 1.79 0
03:13 731.01 .67 92 2.68 0
03:14 731.01 .67 92 .45 0
03:15 731.01 .67 92 2.68 0
03:16 731.01 .67 92 3.58 0
03:17 731.01 .72 92 3.13 0
03:18 731.01 .72 92 2.24 0
03:19 731.01 .72 92 3.58 0
03:20 731.01 .78 92 1.34 0
03:21 731.01 .78 92 2.24 1.27
03:22 731.01 .78 92 1.34 1.27
03:23 731.01 .78 92 .89 1.27
03:24 731.01 .78 92 1.79 1.27
03:25 731.01 .78 92 2.68 1.27
03:26 731.01 .78 92 3.58 1.27
03:27 731.01 .78 92 1.79 1.27
03:28 731.01 .83 92 .89 1.27
03:29 730.76 .78 92 1.34 1.27
03:30 731.01 .83 92 2.24 1.27
03:31 731.01 .83 92 1.34 1.27
03:32 731.01 .83 92 2.24 1.27
03:33 731.01 .83 92 1.79 1.27
03:34 731.01 .83 92 2.68 1.27
03:35 731.01 .83 92 3.13 1.02
03:36 731.01 .89 92 2.68 1.02
03:37 731.01 .89 92 3.13 1.02
03:38 731.01 .89 92 3.58 0
03:39 731.01 .89 92 2.24 0
03:40 730.76 .94 92 3.58 0
03:41 730.76 .94 92 2.68 0
03:42 730.76 .94 92 .89 0
03:43 730.76 .94 92 3.58 0
03:44 730.76 .94 92 1.79 0
03:45 730.76 .94 92 4.47 0
03:46 730.76 .94 92 2.24 0
03:47 730.76 1 92 3.13 0
03:48 730.76 1 92 2.68 0
03:49 730.76 1 92 2.68 0
03:50 730.76 1.06 92 1.34 0
03:51 730.76 1 92 .45 0
03:52 730.76 1.06 92 4.02 0
03:53 730.76 1.06 92 2.24 0
03:54 730.76 1.06 92 1.79 0
03:55 730.76 1.06 92 1.79 0
03:56 730.76 1.11 92 .45 0
03:57 730.76 1.06 92 1.79 0
03:58 730.76 1.11 92 2.68 1.27
03:59 730.76 1.11 92 1.34 1.27
04:00 730.76 1.17 92 3.13 1.27
04:01 730.76 1.17 92 4.47 1.27
04:02 730.76 1.17 92 3.58 1.27
04:03 730.76 1.17 92 2.24 1.27
04:04 730.76 1.17 92 2.68 1.27
04:05 730.76 1.17 92 2.68 1.27
04:06 730.76 1.22 92 3.13 1.27
04:07 730.76 1.22 92 .89 1.27
04:08 730.76 1.22 92 2.24 1.27
04:09 730.76 1.22 92 3.58 1.27
04:10 730.76 1.22 92 4.02 1.27
04:11 730.76 1.22 92 1.79 1.02
04:12 730.76 1.22 92 .45 1.02
04:13 730.5 1.22 92 4.02 1.02
04:14 730.5 1.22 92 3.13 1.02
04:15 730.5 1.22 92 2.68 0
04:16 730.5 1.28 92 1.79 0
04:17 730.5 1.22 92 1.79 0
04:18 730.76 1.22 92 2.68 0
04:19 730.5 1.28 92 3.58 0
04:20 730.76 1.28 92 1.79 0
04:21 730.5 1.28 92 3.13 0
04:22 730.76 1.28 92 4.02 0
04:23 730.5 1.28 92 4.02 0
04:24 730.5 1.28 92 5.36 0
04:25 730.5 1.28 92 2.24 0
04:26 730.76 1.28 92 1.79 0
04:27 730.5 1.33 92 4.47 0
04:28 730.5 1.28 92 4.02 0
04:29 730.76 1.33 92 3.13 0
04:30 730.5 1.33 92 1.34 1.27
04:31 730.5 1.33 92 2.24 1.27
04:32 730.76 1.28 92 3.13 1.27
04:33 730.76 1.33 92 3.58 1.27
04:34 730.76 1.28 92 2.68 1.27
04:35 730.5 1.33 92 3.58 1.27
04:36 730.5 1.33 92 3.13 1.27
04:37 730.5 1.28 92 1.79 1.27
04:38 730.5 1.33 92 .45 1.27
04:39 730.5 1.28 92 3.58 1.27
04:40 730.5 1.28 92 1.34 1.27
04:41 730.5 1.28 92 3.13 1.27
04:42 730.5 1.28 92 4.02 1.27
04:43 730.5 1.33 92 3.58 1.27
04:44 730.5 1.33 92 4.47 1.02
04:45 730.5 1.33 92 3.13 1.02
04:46 730.5 1.33 92 4.02 1.02
04:47 730.5 1.33 92 2.68 0
04:48 730.5 1.33 92 3.58 0
04:49 730.5 1.33 92 2.68 0
04:50 730.5 1.33 92 3.58 0
04:51 730.5 1.33 92 3.58 0
04:52 730.5 1.33 92 .89 0
04:53 730.5 1.33 92 4.92 0
04:54 730.5 1.33 92 2.24 0
04:55 730.5 1.33 92 3.58 0
04:56 730.5 1.33 92 3.58 0
04:57 730.5 1.33 92 4.02 0
04:58 730.5 1.33 92 4.47 0
04:59 730.5 1.39 92 3.13 0
05:00 730.5 1.39 92 2.68 0
05:01 730.5 1.39 92 2.24 0
05:02 730.5 1.39 92 1.79 0
05:03 730.5 1.33 92 1.79 0
05:04 730.5 1.33 92 2.24 0
05:05 730.5 1.33 92 1.79 0
05:06 730.5 1.33 92 1.34 0
05:07 730.5 1.33 92 3.58 0
05:08 730.5 1.33 92 4.02 0
05:09 730.5 1.39 92 2.68 0
05:10 730.5 1.39 92 2.24 1.02
05:11 730.5 1.39 92 4.92 1.02
05:12 730.5 1.39 92 3.13 1.02
05:13 730.5 1.39 92 2.68 1.02
05:14 730.5 1.39 92 2.24 1.02
05:15 730.5 1.39 92 1.34 1.02
05:16 730.5 1.39 92 3.58 1.02
05:17 730.25 1.39 92 3.13 1.02
05:18 730.25 1.39 92 1.34 1.02
05:19 730.5 1.39 92 2.68 1.02
05:20 730.25 1.44 92 1.34 1.02
05:21 730.5 1.39 92 1.79 1.02
05:22 730.25 1.39 92 2.24 1.02
05:23 730.25 1.39 92 1.34 1.02
05:24 730.25 1.39 92 1.79 1.02
05:25 730.25 1.39 92 1.79 1.02
05:26 730.25 1.39 92 2.68 1.02
05:27 730.25 1.39 92 1.79 0
05:28 730.25 1.39 92 1.34 0
05:29 730.25 1.39 92 4.02 0
05:30 730.25 1.39 92 3.58 0
05:31 730.25 1.39 92 2.68 0
05:32 730.25 1.39 92 1.34 0
05:33 730.25 1.39 92 2.24 0
05:34 730.25 1.39 92 4.02 0
05:35 730.25 1.39 92 1.79 0
05:36 730.25 1.39 92 1.79 0
05:37 730.25 1.39 92 2.68 0
05:38 730.25 1.39 92 2.24 0
05:39 730.25 1.39 92 1.79 0
05:40 730.25 1.39 92 1.79 0
05:41 730.25 1.39 92 2.24 0
05:42 730.25 1.39 92 2.24 0
05:43 730.25 1.39 92 3.58 0
05:44 730.25 1.39 92 3.58 0
05:45 730.25 1.33 92 3.58 0
05:46 730.25 1.39 92 3.13 0
05:47 730.25 1.39 92 2.24 0
05:48 730.25 1.39 92 1.79 0
05:49 730.25 1.39 92 1.34 0
05:50 730.25 1.39 92 4.92 0
05:51 730.25 1.39 92 3.58 0
05:52 730.25 1.39 92 1.34 0
05:53 730.25 1.39 92 3.58 0
05:54 730.25 1.39 92 3.58 0
05:55 730.25 1.39 92 2.24 0
05:56 730.25 1.39 92 3.13 0
05:57 730.25 1.39 92 3.58 0
05:58 730.25 1.39 92 1.34 0
05:59 730.25 1.39 92 2.68 0
06:00 730.25 1.39 92 1.34 0
06:01 730.25 1.39 92 2.68 0
06:02 730.25 1.39 92 2.68 0
06:03 730.25 1.39 92 3.13 0
06:04 730.25 1.39 92 4.92 0
06:05 730.25 1.39 92 2.24 0
06:06 730.25 1.39 92 4.47 0
06:07 730.25 1.39 92 4.02 0
06:08 730.25 1.44 92 1.79 0
06:09 730.25 1.39 92 2.68 0
06:10 730.25 1.39 92 1.34 0
06:11 730.25 1.39 92 3.13 0
06:12 730.25 1.39 92 .89 0
06:13 730.25 1.39 92 1.79 0
06:14 730.25 1.39 92 4.02 0
06:15 730.25 1.39 92 3.13 0
06:16 730.25 1.39 92 3.13 0
06:17 730.25 1.39 92 2.24 0
06:18 730.25 1.39 92 4.02 0
06:19 730.25 1.39 92 2.24 0
06:20 730.25 1.39 92 .89 0
06:21 730.25 1.44 92 3.58 0
06:22 730.25 1.39 92 2.24 0
06:23 730.25 1.44 92 1.34 0
06:24 730.25 1.44 92 .89 0
06:25 730.25 1.44 92 1.79 0
06:26 730.25 1.44 92 2.68 0
06:27 730.25 1.44 92 1.79 0
06:28 730.25 1.44 92 2.68 0
06:29 730.25 1.44 92 1.79 0
06:30 730.25 1.44 92 2.24 0
06:31 730.25 1.44 92 1.34 0
06:32 730.25 1.44 92 2.68 0
06:33 730.25 1.44 92 2.68 0
06:34 730.25 1.44 92 2.68 0
06:35 730.25 1.44 91 .89 0
06:36 730.25 1.44 92 3.13 0
06:37 730.25 1.44 92 2.24 0
06:38 730.25 1.44 92 2.68 0
06:39 730.25 1.39 92 1.79 0
06:40 730.25 1.44 92 2.68 0
06:41 730.25 1.44 92 2.24 0
06:42 730.25 1.44 92 1.79 0
06:43 730 1.44 92 4.47 0
06:44 730 1.44 91 3.58 0
06:45 730 1.44 91 1.79 0
06:46 730 1.44 92 3.13 0
06:47 730 1.44 92 1.34 0
06:48 730 1.44 92 2.68 0
06:49 730 1.44 92 1.79 0
06:50 730 1.44 92 1.34 0
06:51 730 1.44 92 3.13 0
06:52 730 1.44 92 .89 0
06:53 730 1.44 92 2.24 0
06:54 730 1.5 91 2.68 0
06:55 730 1.44 92 3.13 0
06:56 730 1.44 92 2.24 0
06:57 730 1.5 92 2.24 0
06:58 730 1.5 92 .89 0
06:59 730 1.44 92 4.02 0
07:00 730 1.5 92 1.34 0
07:01 730 1.5 92 3.13 0
07:02 730 1.5 92 2.68 0
07:03 730 1.5 92 3.13 0
07:04 730 1.5 92 1.79 0
07:05 730 1.5 92 3.13 0
07:06 730 1.5 92 .45 0
07:07 730 1.56 92 3.13 0
07:08 730 1.56 92 3.13 0
07:09 730 1.56 92 3.58 0
07:10 730 1.56 91 .89 0
07:11 730 1.56 92 1.34 0
07:12 730 1.56 92 .89 0
07:13 730 1.56 92 1.34 0
07:14 730 1.56 92 2.68 0
07:15 730 1.56 91 .89 0
07:16 730 1.56 91 2.68 0
07:17 730 1.56 92 3.13 0
07:18 730 1.56 91 4.02 0
07:19 730 1.56 91 1.79 0
07:20 730 1.56 91 2.68 0
07:21 730 1.56 91 4.02 0
07:22 730 1.56 91 1.34 0
07:23 730 1.56 91 1.34 0
07:24 730 1.56 91 1.34 0
07:25 730 1.56 91 1.34 0
07:26 730 1.56 91 2.24 0
07:27 730 1.56 91 2.24 0
07:28 730 1.56 91 2.68 0
07:29 730 1.56 91 2.24 0
07:30 730 1.56 91 2.24 0
07:31 730 1.56 91 3.13 0
07:32 730 1.56 91 2.68 0
07:33 730 1.61 91 4.92 0
07:34 730 1.56 91 3.58 0
07:35 730 1.56 92 1.79 0
07:36 730 1.56 92 .89 0
07:37 730 1.56 92 2.24 0
07:38 730.25 1.56 91 2.24 0
07:39 730.25 1.56 92 3.58 0
07:40 730.25 1.56 91 3.13 0
07:41 730.25 1.56 92 4.02 0
07:42 730 1.61 92 2.24 0
07:43 730.25 1.61 92 3.13 0
07:44 730.25 1.61 92 2.68 0
07:45 730.25 1.61 92 1.79 0
07:46 730 1.67 92 4.02 0
07:47 730.25 1.67 92 2.24 0
07:48 730.25 1.61 92 3.58 0
07:49 730 1.67 92 3.58 0
07:50 730.25 1.67 92 2.68 0
07:51 730.25 1.61 92 2.68 0
07:52 730.25 1.67 92 3.58 0
07:53 730 1.67 92 2.68 0
07:54 730 1.67 92 3.13 0
07:55 730 1.67 92 4.02 0
07:56 730.25 1.67 92 4.47 0
07:57 730 1.67 92 3.58 0
07:58 730 1.67 92 2.68 0
07:59 730 1.67 92 4.02 0
08:00 730.25 1.61 92 3.58 0
08:01 730.25 1.67 92 2.68 0
08:02 730.25 1.67 92 4.47 0
08:03 730 1.67 92 3.58 0
08:04 730.25 1.67 92 4.92 0
08:05 730 1.67 92 3.58 0
08:06 730.25 1.67 92 2.68 0
08:07 730.25 1.67 92 2.24 0
08:08 730.25 1.67 92 4.02 0
08:09 730.25 1.67 92 6.26 0
08:10 730.25 1.67 92 1.79 0
08:11 730.25 1.67 92 5.36 0
08:12 730.25 1.72 92 2.24 0
08:13 730.25 1.72 92 4.02 0
08:14 730.25 1.72 92 4.02 0
08:15 730.25 1.72 92 2.68 0
08:16 730.25 1.72 92 4.47 0
08:17 730.25 1.72 92 3.13 0
08:18 730.25 1.72 92 4.02 0
08:19 730.25 1.78 92 4.02 0
08:20 730.25 1.78 92 1.79 0
08:21 730.25 1.78 92 3.13 0
08:22 730.25 1.72 92 4.02 0
08:23 730.25 1.72 92 3.13 0
08:24 730.25 1.72 92 2.24 0
08:25 730.25 1.72 92 3.13 0
08:26 730.25 1.78 92 3.13 0
08:27 730.25 1.78 92 1.79 0
08:28 730.25 1.78 92 3.13 0
08:29 730.25 1.78 92 2.68 0
08:30 730.25 1.78 92 4.02 0
08:31 730.25 1.78 92 1.79 0
08:32 730.25 1.78 92 4.02 0
08:33 730.25 1.83 92 1.79 0
08:34 730.25 1.83 92 2.24 0
08:35 730.25 1.83 92 4.92 0
08:36 730.25 1.83 92 1.34 0
08:37 730.25 1.83 92 3.58 0
08:38 730.25 1.83 92 1.79 0
08:39 730.25 1.83 92 3.13 0
08:40 730.25 1.83 92 3.13 0
08:41 730.25 1.83 92 1.34 0
08:42 730.25 1.83 92 .89 0
08:43 730.25 1.83 92 4.02 0
08:44 730.25 1.83 92 1.79 0
08:45 730.25 1.83 92 1.79 0
08:46 730.5 1.83 92 3.13 0
08:47 730.5 1.83 92 3.13 0
08:48 730.5 1.83 92 2.68 0
08:49 730.5 1.83 92 3.13 0
08:50 730.5 1.83 92 1.79 0
08:51 730.5 1.83 92 2.68 0
08:52 730.5 1.83 92 2.68 0
08:53 730.5 1.83 92 1.34 0
08:54 730.5 1.83 92 1.79 0
08:55 730.5 1.83 92 3.13 0
08:56 730.5 1.83 92 3.13 0
08:57 730.5 1.83 92 1.34 0
08:58 730.5 1.83 92 2.24 0
08:59 730.5 1.83 92 2.68 0
09:00 730.25 1.83 92 3.13 0
09:01 730.5 1.83 92 3.58 0
09:02 730.5 1.83 92 4.47 0
09:03 730.5 1.89 91 5.36 0
09:04 730.5 1.83 92 2.24 0
09:05 730.5 1.83 91 1.79 0
09:06 730.5 1.89 91 4.92 0
09:07 730.5 1.89 91 4.02 0
09:08 730.5 1.83 91 4.02 0
09:09 730.5 1.89 91 .89 0
09:10 730.5 1.83 91 4.02 0
09:11 730.5 1.89 91 2.24 0
09:12 730.5 1.89 91 2.24 0
09:13 730.5 1.89 91 .45 0
09:14 730.5 1.89 91 4.47 0
09:15 730.5 1.89 91 4.02 0
09:16 730.5 1.94 91 3.13 0
09:17 730.5 1.94 91 3.58 0
09:18 730.5 1.94 91 2.68 0
09:19 730.5 1.94 92 4.92 0
09:20 730.5 1.94 92 3.58 0
09:21 730.5 1.94 92 5.36 0
09:22 730.5 1.94 92 3.13 0
09:23 730.76 2 92 .89 0
09:24 730.5 2 92 2.24 0
09:25 730.5 2 92 4.47 0
09:26 730.5 2 92 3.13 0
09:27 730.5 2 92 2.24 0
09:28 730.76 2.06 92 4.47 0
09:29 730.76 2.06 92 4.92 0
09:30 730.76 2.06 92 2.68 0
09:31 730.76 2.06 92 4.92 0
09:32 730.76 2.06 92 5.36 0
09:33 730.76 2.06 92 4.02 0
09:34 730.76 2.06 92 2.68 0
09:35 730.76 2.06 92 1.79 0
09:36 730.76 2.06 91 2.24 0
09:37 730.76 2.06 91 7.15 0
09:38 730.76 2.06 91 3.58 0
09:39 730.76 2.06 91 5.36 0
09:40 730.76 2.06 91 4.47 0
09:41 730.76 2.06 91 6.26 0
09:42 730.76 2.06 91 4.92 0
09:43 730.76 2 91 5.81 0
09:44 731.01 2 91 5.36 0
09:45 731.01 2 91 6.26 0
09:46 731.01 2 91 4.02 0
09:47 731.01 2 91 2.68 0
09:48 731.01 2 91 3.13 0
09:49 731.01 1.94 91 2.24 0
09:50 731.01 1.94 91 7.15 0
09:51 731.01 1.94 91 6.26 1.52
09:52 731.01 1.89 91 3.13 1.52
09:53 731.01 1.94 91 2.68 1.52
09:54 731.01 1.89 91 4.47 1.52
09:55 731.01 1.89 91 5.36 1.52
09:56 731.01 1.89 91 6.26 1.52
09:57 731.01 1.83 91 5.81 1.52
09:58 731.01 1.83 91 5.81 1.52
09:59 731.01 1.83 91 3.58 1.52
10:00 731.27 1.83 91 4.02 1.52
10:01 731.01 1.83 91 4.92 1.52
10:02 731.01 1.83 91 4.92 1.27
10:03 731.27 1.83 91 5.81 1.27
10:04 731.27 1.83 91 4.02 1.27
10:05 731.27 1.83 91 4.02 1.02
10:06 731.27 1.83 91 4.92 1.02
10:07 731.27 1.83 91 6.71 1.02
10:08 731.27 1.78 91 5.81 0
10:09 731.27 1.78 91 3.58 0
10:10 731.27 1.78 91 8.05 0
10:11 731.27 1.78 91 5.81 0
10:12 731.27 1.78 91 4.47 0
10:13 732.03 2 90 4.47 0
10:14 732.28 2 90 .89 0
10:15 731.27 1.78 91 4.02 0
10:16 731.27 1.78 90 4.92 0
10:17 731.27 1.72 90 3.13 0
10:18 731.27 1.78 90 5.36 0
10:19 731.27 1.72 90 4.47 0
10:20 731.27 1.78 90 7.15 0
10:21 731.27 1.78 90 3.13 0
10:22 731.27 1.72 90 2.68 0
10:23 731.27 1.78 90 4.92 0
10:24 731.27 1.72 90 5.36 0
10:25 731.27 1.72 90 6.71 0
10:26 731.27 1.67 90 1.79 0
10:27 731.27 1.72 90 1.34 0
10:28 731.27 1.72 90 4.02 0
10:29 731.27 1.72 90 4.47 0
10:30 731.27 1.67 90 4.47 0
10:31 731.27 1.72 90 3.13 0
10:32 731.27 1.72 90 1.34 0
10:33 731.27 1.78 90 4.47 0
10:34 731.27 1.72 90 1.79 0
10:35 731.52 1.72 90 1.79 0
10:36 731.27 1.78 90 3.13 0
10:37 731.52 1.78 90 4.02 0
10:38 731.52 1.78 90 4.92 0
10:39 731.52 1.72 90 3.13 0
10:40 731.27 1.78 90 3.58 0
10:41 731.27 1.78 90 3.58 0
10:42 731.27 1.78 90 2.68 0
10:43 731.27 1.78 90 3.13 0
10:44 731.52 1.83 90 2.24 0
10:45 731.27 1.83 90 2.68 0
10:46 731.52 1.83 90 3.13 0
10:47 731.27 1.83 90 2.68 0
10:48 731.52 1.83 90 4.02 0
10:49 731.52 1.83 90 4.92 0
10:50 731.52 1.83 90 3.58 0
10:51 731.52 1.83 90 4.02 0
10:52 731.52 1.89 90 3.13 0
10:53 731.52 1.89 89 3.13 0
10:54 731.52 1.83 89 2.24 0
10:55 731.52 1.89 89 3.58 0
10:56 731.52 1.89 89 1.79 0
10:57 731.52 1.89 89 2.68 0
10:58 731.52 1.94 89 2.24 0
10:59 731.52 1.94 89 3.58 0
11:00 731.52 1.94 89 1.79 0
11:01 731.52 1.94 89 1.34 0
11:02 731.52 2 90 3.58 0
11:03 731.52 2.06 89 .45 0
11:04 731.52 2.06 89 1.79 0
11:05 731.52 2.06 89 2.68 0
11:06 731.52 2.06 89 1.79 0
11:07 731.52 2.11 89 1.79 0
11:08 731.52 2.11 89 .89 0
11:09 731.52 2.17 89 1.79 0
11:10 731.52 2.22 89 1.34 0
11:11 731.52 2.28 89 1.79 0
11:12 731.52 2.28 89 .89 0
11:13 731.52 2.33 89 1.79 0
11:14 731.52 2.39 89 2.24 0
11:15 731.52 2.39 89 1.79 0
11:16 731.52 2.39 89 1.34 0
11:17 731.52 2.44 89 1.34 0
11:18 731.52 2.5 89 .89 0
11:19 731.52 2.56 89 1.79 0
11:20 731.52 2.56 89 2.24 0
11:21 731.52 2.56 89 1.79 0
11:22 731.52 2.56 89 1.79 0
11:23 731.52 2.61 89 3.58 0
11:24 731.52 2.61 89 3.13 0
11:25 731.52 2.61 88 1.79 0
11:26 731.52 2.67 88 2.24 0
11:27 731.52 2.67 88 1.79 0
11:28 731.52 2.72 88 3.13 0
11:29 731.52 2.78 88 5.81 0
11:30 731.52 2.78 88 3.58 0
11:31 731.52 2.78 88 4.92 0
11:32 731.52 2.83 87 4.47 0
11:33 731.52 2.78 87 4.47 0
11:34 731.52 2.83 87 3.58 0
11:35 731.52 2.83 87 1.79 0
11:36 731.77 2.89 87 5.36 0
11:37 731.52 2.83 87 4.47 0
11:38 731.77 2.83 87 2.24 0
11:39 731.77 2.83 87 4.02 0
11:40 731.77 2.89 87 2.68 0
11:41 731.77 2.89 87 2.24 0
11:42 731.77 2.89 87 5.36 0
11:43 731.77 2.83 86 3.13 0
11:44 731.77 2.83 86 3.13 0
11:45 731.77 2.83 86 3.58 0
11:46 731.77 2.83 86 2.68 0
11:47 731.77 2.83 86 5.81 0
11:48 731.77 2.83 86 4.47 0
11:49 731.77 2.89 86 3.58 0
11:50 731.77 2.83 86 5.81 0
11:51 731.77 2.89 86 2.24 0
11:52 731.77 2.89 86 3.13 0
11:53 731.77 2.89 85 2.68 0
11:54 731.77 2.83 85 7.6 0
11:55 731.77 2.83 85 3.13 0
11:56 731.77 2.83 85 4.47 0
11:57 731.77 2.83 85 7.15 0
11:58 731.77 2.83 85 6.71 0
11:59 731.77 2.83 85 6.71 0
12:00 731.77 2.89 84 4.02 0
12:01 731.77 2.89 84 4.92 0
12:02 731.77 2.89 84 5.81 0
12:03 731.77 2.89 84 3.13 0
12:04 731.77 2.89 84 4.47 0
12:05 731.77 2.94 84 3.58 0
12:06 731.77 3 84 4.47 0
12:07 731.77 3.06 84 4.47 0
12:08 731.77 3.06 84 4.02 0
12:09 731.77 3.06 83 2.68 0
12:10 732.03 3.11 83 3.13 0
12:11 732.03 3.11 83 3.13 0
12:12 732.03 3.11 83 2.68 0
12:13 732.03 3.17 83 2.68 0
12:14 732.03 3.17 83 4.02 0
12:15 732.03 3.17 83 1.79 0
12:16 732.03 3.22 83 4.02 0
12:17 732.03 3.28 83 3.13 0
12:18 732.03 3.28 83 7.15 0
12:19 732.03 3.28 83 7.15 0
12:20 732.03 3.33 83 6.71 0
12:21 732.03 3.33 83 6.26 0
12:22 732.03 3.33 82 9.39 0
12:23 732.03 3.33 82 4.47 0
12:24 732.03 3.33 81 2.68 0
12:25 732.03 3.39 82 6.26 0
12:26 732.03 3.39 81 5.81 0
12:27 732.03 3.33 81 4.92 0
12:28 732.03 3.39 81 4.02 0
12:29 732.03 3.33 81 4.92 0
12:30 732.28 3.33 81 9.39 0
12:31 732.28 3.28 81 8.05 0
12:32 732.28 3.28 81 4.02 0
12:33 732.28 3.28 81 4.47 0
12:34 732.28 3.28 81 5.36 0
12:35 732.28 3.22 81 6.71 0
12:36 732.28 3.22 81 5.81 0
12:37 732.28 3.17 81 3.58 0
12:38 732.03 3.17 81 2.68 0
12:39 732.28 3.17 82 4.92 0
12:40 732.28 3.17 82 6.26 0
12:41 732.28 3.17 82 5.81 0
12:42 732.28 3.17 81 4.92 0
12:43 732.28 3.22 81 6.71 0
12:44 732.03 3.22 81 5.81 0
12:45 732.03 3.28 80 1.79 0
12:46 732.03 3.28 80 3.58 0
12:47 732.28 3.28 80 4.02 0
12:48 732.03 3.22 80 3.58 0
12:49 732.28 3.28 80 6.26 0
12:50 732.28 3.22 81 4.47 0
12:51 732.28 3.22 81 3.13 0
12:52 732.03 3.22 81 1.79 0
12:53 732.28 3.22 81 3.58 0
12:54 732.28 3.28 81 5.81 0
12:55 732.28 3.28 81 4.02 0
12:56 732.03 3.28 81 1.79 0
12:57 732.28 3.28 81 3.13 0
12:58 732.03 3.28 81 3.58 0
12:59 732.03 3.28 81 4.02 0
13:00 732.03 3.28 81 4.92 0
13:01 732.03 3.33 81 4.02 0
13:02 732.03 3.39 81 3.58 0
13:03 732.03 3.44 82 3.13 0
13:04 732.03 3.44 81 5.36 0
13:05 732.03 3.5 81 5.81 0
13:06 732.03 3.5 81 4.02 0
13:07 732.03 3.5 81 2.68 0
13:08 732.03 3.56 81 4.02 0
13:09 732.03 3.56 81 6.26 0
13:10 732.03 3.56 80 2.68 0
13:11 732.28 3.61 80 3.13 0
13:12 732.28 3.56 80 4.02 0
13:13 732.28 3.56 80 3.58 0
13:14 732.28 3.61 80 4.47 0
13:15 732.28 3.61 80 6.26 0
13:16 732.28 3.61 79 4.02 0
13:17 732.28 3.61 79 6.26 0
13:18 732.28 3.61 79 2.68 0
13:19 732.28 3.61 79 5.36 0
13:20 732.28 3.61 79 4.47 0
13:21 732.28 3.61 79 3.13 0
13:22 732.28 3.67 79 3.13 0
13:23 732.28 3.67 79 4.47 0
13:24 732.28 3.67 79 3.58 0
13:25 732.28 3.67 79 1.79 0
13:26 732.28 3.72 79 4.47 0
13:27 732.28 3.72 79 3.13 0
13:28 732.28 3.78 79 6.71 0
13:29 732.28 3.83 78 4.47 0
13:30 732.28 3.89 78 4.47 0
13:31 732.28 3.94 77 3.58 0
13:32 732.28 4 77 4.92 0
13:33 732.28 4.11 77 4.02 0
13:34 732.28 4.17 77 4.92 0
13:35 732.28 4.17 76 7.15 0
13:36 732.28 4.11 76 2.24 0
13:37 732.28 4.11 76 6.26 0
13:38 732.03 4.11 76 8.05 0
13:39 732.03 4.06 75 4.47 0
13:40 732.03 4 76 8.05 0
13:41 732.03 4 75 5.36 0
13:42 732.03 3.94 75 6.71 0
13:43 732.03 3.94 75 8.05 0
13:44 732.03 3.94 75 6.26 0
13:45 732.03 3.94 75 5.81 0
13:46 732.03 3.94 75 4.92 0
13:47 732.03 4 75 6.71 0
13:48 732.03 4 75 4.92 0
13:49 732.03 4 75 4.02 0
13:50 732.03 4 75 1.34 0
13:51 732.03 4 75 4.92 0
13:52 732.03 4 75 7.15 0
13:53 732.03 4.06 75 5.81 0
13:54 732.03 4.06 75 4.47 0
13:55 732.03 4.17 74 6.71 0
13:56 732.03 4.22 74 4.47 0
13:57 732.03 4.22 74 4.92 0
13:58 732.03 4.28 74 4.92 0
13:59 732.03 4.28 73 5.36 0
14:00 732.03 4.33 73 5.36 0
14:01 732.03 4.33 73 6.71 0
14:02 732.03 4.33 73 4.02 0
14:03 732.03 4.39 72 4.02 0
14:04 732.28 4.39 72 9.39 0
14:05 732.03 4.33 71 8.49 0
14:06 732.03 4.33 71 6.26 0
14:07 732.28 4.28 71 3.13 0
14:08 732.28 4.22 72 6.71 0
14:09 732.28 4.28 72 5.36 0
14:10 732.28 4.22 73 4.47 0
14:11 732.28 4.22 73 3.13 0
14:12 732.28 4.22 73 1.79 0
14:13 732.28 4.17 73 5.36 0
14:14 732.28 4.17 73 5.36 0
14:15 732.28 4.17 73 2.24 0
14:16 732.28 4.22 73 3.13 0
14:17 732.28 4.22 73 2.68 0
14:18 732.28 4.22 73 3.13 0
14:19 732.28 4.28 73 4.02 0
14:20 732.28 4.28 73 3.58 0
14:21 732.28 4.28 73 4.92 0
14:22 732.03 4.28 72 4.92 0
14:23 732.03 4.33 72 3.58 0
14:24 732.03 4.39 72 6.26 0
14:25 732.03 4.44 72 3.13 0
14:26 732.28 4.5 72 5.36 0
14:27 732.03 4.44 71 4.02 0
14:28 732.03 4.44 71 5.36 0
14:29 732.03 4.44 71 6.26 0
14:30 732.03 4.44 71 4.47 0
14:31 732.03 4.44 71 8.05 0
14:32 732.28 4.44 71 4.92 0
14:33 732.03 4.44 71 5.36 0
14:34 732.03 4.44 71 1.79 0
14:35 732.28 4.5 72 4.02 0
14:36 732.03 4.56 72 2.24 0
14:37 732.03 4.61 72 5.36 0
14:38 732.28 4.61 71 7.6 0
14:39 732.03 4.61 71 1.79 0
14:40 732.03 4.67 71 4.47 0
14:41 732.03 4.67 71 3.13 0
14:42 732.03 4.72 71 4.92 0
14:43 732.03 4.78 71 2.68 0
14:44 732.03 4.83 72 2.68 0
14:45 732.03 4.83 71 4.02 0
14:46 732.03 4.89 70 2.24 0
14:47 732.03 4.89 70 3.13 0
14:48 732.03 4.94 70 4.92 0
14:49 732.28 5 70 4.47 0
14:50 732.03 5 69 7.15 0
14:51 732.03 5 68 5.36 0
14:52 732.03 5 68 2.68 0
14:53 732.03 5 68 5.36 0
14:54 732.03 5.06 68 2.24 0
14:55 732.03 5.06 68 6.71 0
14:56 732.03 5.06 68 2.68 0
14:57 732.03 5.06 68 5.81 0
14:58 732.03 5.06 68 7.15 0
14:59 732.03 5.06 67 4.47 0
15:00 732.03 5.06 67 4.47 0
15:01 732.03 5.06 67 3.58 0
15:02 732.03 5.06 67 6.71 0
15:03 732.03 5.06 67 4.47 0
15:04 732.03 5.06 67 5.36 0
15:05 732.03 5.06 67 4.47 0
15:06 732.03 5.06 67 3.13 0
15:07 732.03 5 67 7.6 0
15:08 732.03 4.94 67 3.58 0
15:09 732.03 4.89 67 3.58 0
15:10 732.03 4.89 68 5.81 0
15:11 732.03 4.89 68 4.92 0
15:12 732.03 4.83 68 5.81 0
15:13 732.03 4.78 68 4.92 0
15:14 732.28 4.78 68 4.02 0
15:15 732.28 4.72 68 5.36 0
15:16 732.03 4.72 69 4.02 0
15:17 732.28 4.72 69 4.02 0
15:18 732.03 4.72 69 4.47 0
15:19 732.03 4.67 69 2.68 0
15:20 732.03 4.67 69 2.68 0
15:21 732.03 4.67 70 4.92 0
15:22 732.03 4.67 69 6.26 0
15:23 732.03 4.72 69 2.24 0
15:24 732.28 4.72 69 3.13 0
15:25 732.03 4.78 69 2.24 0
15:26 732.03 4.78 69 2.68 0
15:27 732.28 4.83 69 3.58 0
15:28 732.03 4.83 69 1.79 0
15:29 732.03 4.83 69 4.47 0
15:30 732.03 4.78 69 8.94 0
15:31 732.03 4.83 68 5.81 0
15:32 732.03 4.78 68 5.36 0
15:33 732.03 4.78 68 3.58 0
15:34 732.03 4.78 69 2.68 0
15:35 732.03 4.78 69 3.58 0
15:36 732.03 4.83 69 2.24 0
15:37 732.03 4.78 69 5.81 0
15:38 732.03 4.83 69 6.71 0
15:39 732.03 4.78 69 5.81 0
15:40 732.03 4.83 68 2.68 0
15:41 732.03 4.83 68 3.58 0
15:42 732.03 4.78 69 2.68 0
15:43 732.03 4.78 69 4.02 0
15:44 732.03 4.78 68 6.26 0
15:45 732.03 4.72 68 5.81 0
15:46 732.03 4.72 68 4.47 0
15:47 732.03 4.72 68 4.47 0
15:48 732.03 4.72 69 3.58 0
15:49 732.03 4.67 68 3.58 0
15:50 732.03 4.67 69 3.58 0
15:51 732.03 4.67 69 4.02 0
15:52 732.03 4.67 68 4.02 0
15:53 732.03 4.67 68 5.36 0
15:54 732.03 4.61 69 6.26 0
15:55 732.03 4.61 69 3.58 0
15:56 732.03 4.61 69 4.02 0
15:57 732.03 4.61 69 3.13 0
15:58 732.03 4.61 69 1.79 0
15:59 732.03 4.61 69 2.68 0
16:00 732.03 4.61 69 4.02 0
16:01 732.03 4.61 69 4.47 0
16:02 732.03 4.61 69 4.92 0
16:03 732.03 4.61 69 4.02 0
16:04 732.03 4.61 69 4.02 0
16:05 732.03 4.61 69 1.79 0
16:06 732.03 4.61 68 2.24 0
16:07 732.03 4.56 69 3.13 0
16:08 732.03 4.56 69 4.92 0
16:09 732.03 4.56 69 2.24 0
16:10 732.03 4.56 69 4.02 0
16:11 732.03 4.5 69 4.92 0
16:12 732.03 4.5 69 3.58 0
16:13 732.03 4.5 69 2.24 0
16:14 732.03 4.44 69 1.79 0
16:15 732.03 4.44 69 2.24 0
16:16 732.03 4.44 69 3.58 0
16:17 732.03 4.44 69 2.68 0
16:18 732.03 4.44 69 3.58 0
16:19 732.03 4.39 69 5.81 0
16:20 732.03 4.39 69 4.47 0
16:21 732.03 4.39 69 4.92 0
16:22 732.03 4.39 69 3.58 0
16:23 732.03 4.33 70 3.13 0
16:24 732.03 4.33 70 4.47 0
16:25 732.03 4.33 70 3.13 0
16:26 732.03 4.33 70 4.47 0
16:27 732.03 4.33 70 2.68 0
16:28 732.03 4.33 70 7.15 0
16:29 732.03 4.33 70 4.47 0
16:30 732.03 4.33 70 3.13 0
16:31 732.03 4.28 70 4.02 0
16:32 732.03 4.28 70 4.02 0
16:33 732.03 4.33 70 5.36 0
16:34 732.03 4.33 70 4.47 0
16:35 732.03 4.28 70 6.71 0
16:36 732.03 4.28 70 4.92 0
16:37 732.03 4.28 70 4.02 0
16:38 732.03 4.28 70 4.02 0
16:39 732.03 4.28 70 2.68 0
16:40 732.03 4.28 70 5.36 0
16:41 732.03 4.28 70 2.68 0
16:42 732.03 4.28 70 2.24 0
16:43 732.03 4.28 70 4.02 0
16:44 732.03 4.28 70 4.47 0
16:45 732.03 4.28 70 1.34 0
16:46 732.03 4.28 70 2.24 0
16:47 732.03 4.28 70 3.13 0
16:48 732.03 4.28 70 4.02 0
16:49 732.03 4.22 70 2.24 0
16:50 732.03 4.22 70 4.02 0
16:51 732.03 4.22 70 4.92 0
16:52 732.03 4.22 70 3.13 0
16:53 732.03 4.22 70 2.68 0
16:54 732.03 4.22 70 .89 0
16:55 732.03 4.22 70 5.36 0
16:56 732.03 4.22 70 4.47 0
16:57 732.03 4.28 69 2.68 0
16:58 732.03 4.28 70 4.02 0
16:59 732.03 4.28 69 5.36 0
17:00 732.03 4.28 69 2.68 0
17:01 732.03 4.22 69 2.68 0
17:02 732.03 4.22 70 .45 0
17:03 731.77 4.22 70 4.92 0
17:04 732.03 4.22 69 3.58 0
17:05 731.77 4.22 70 4.47 0
17:06 732.03 4.17 69 1.34 0
17:07 732.03 4.17 70 6.71 0
17:08 732.03 4.17 69 3.58 0
17:09 731.77 4.22 69 5.36 0
17:10 732.03 4.22 69 2.68 0
17:11 732.03 4.22 69 2.68 0
17:12 732.03 4.17 69 1.34 0
17:13 732.03 4.17 69 3.13 0
17:14 731.77 4.17 69 2.68 0
17:15 732.03 4.17 69 1.34 0
17:16 731.77 4.17 69 5.36 0
17:17 732.03 4.17 69 4.47 0
17:18 732.03 4.17 69 3.13 0
17:19 731.77 4.17 69 3.58 0
17:20 732.03 4.17 69 1.79 0
17:21 732.03 4.17 69 2.24 0
17:22 731.77 4.17 69 6.26 0
17:23 731.77 4.17 69 2.68 0
17:24 731.77 4.17 69 4.92 0
17:25 731.77 4.11 69 3.58 0
17:26 731.77 4.11 69 4.47 0
17:27 731.77 4.11 69 3.13 0
17:28 731.77 4.11 69 2.24 0
17:29 731.77 4.06 70 2.24 0
17:30 731.77 4.06 70 4.92 0
17:31 731.77 4.06 70 4.92 0
17:32 731.77 4.06 70 6.71 0
17:33 731.77 4.06 69 4.02 0
17:34 731.77 4.06 69 4.47 0
17:35 731.77 4.06 69 3.58 0
17:36 731.77 4.06 69 3.58 0
17:37 731.77 4.06 69 1.79 0
17:38 732.03 4 69 7.15 0
17:39 731.77 4.06 69 5.36 0
17:40 731.77 4.06 69 4.47 0
17:41 731.77 4.06 69 3.13 0
17:42 731.77 4.06 69 4.02 0
17:43 732.03 4.06 69 2.68 0
17:44 732.03 4.06 70 2.68 0
17:45 732.03 4 69 2.24 0
17:46 732.03 4 69 2.68 0
17:47 731.77 4 70 2.68 0
17:48 732.03 4 70 3.13 0
17:49 732.03 3.94 70 5.36 0
17:50 732.03 3.94 70 2.24 0
17:51 732.03 3.94 70 7.15 0
17:52 732.03 3.94 70 3.58 0
17:53 732.03 4 69 7.6 0
17:54 732.03 4.06 69 5.81 0
17:55 732.03 4.06 69 8.05 0
17:56 732.03 4.06 69 4.02 0
17:57 732.03 4.06 69 4.02 0
17:58 732.03 4.06 69 4.02 0
17:59 732.03 4.11 69 4.47 0
18:00 732.03 4.06 69 4.02 0
18:01 732.03 4.06 69 4.02 0
18:02 732.03 4.06 69 4.02 0
18:03 731.77 4.06 69 4.02 0
18:04 732.03 4.06 69 3.13 0
18:05 732.03 4 69 3.58 0
18:06 732.03 4 69 4.47 0
18:07 732.03 4 69 4.02 0
18:08 732.03 4 69 1.79 0
18:09 732.03 4 69 4.92 0
18:10 732.03 4 69 3.13 0
18:11 732.03 4 69 7.6 0
18:12 732.03 4 69 6.71 0
18:13 731.77 3.94 69 7.15 0
18:14 732.03 4 69 .89 0
18:15 732.03 4.06 68 5.81 0
18:16 732.03 4.06 69 2.68 0
18:17 732.03 4 69 1.79 0
18:18 732.03 4 69 4.92 0
18:19 732.03 4 69 4.47 0
18:20 732.03 3.94 69 4.02 0
18:21 732.03 3.94 69 4.47 0
18:22 732.03 3.94 69 3.58 0
18:23 732.03 3.94 69 4.47 0
18:24 732.03 3.89 69 4.47 0
18:25 732.03 3.89 69 3.58 0
18:26 732.03 3.89 69 3.13 0
18:27 732.03 3.89 69 2.24 0
18:28 732.03 3.89 73 4.92 0
18:29 732.03 3.89 72 5.81 0
18:30 731.77 3.89 71 4.47 0
18:31 732.03 3.89 71 4.02 0
18:32 732.03 3.89 71 3.58 0
18:33 732.03 3.83 71 6.26 0
18:34 732.03 3.83 71 6.71 0
18:35 732.03 3.89 70 1.79 0
18:36 731.77 3.89 70 4.47 0
18:37 732.03 3.89 70 4.92 0
18:38 731.77 3.89 70 2.68 0
18:39 731.77 3.89 71 3.58 0
18:40 731.77 3.83 70 6.26 0
18:41 732.03 3.89 70 4.47 0
18:42 732.03 3.89 70 3.58 0
18:43 731.77 3.83 71 1.79 0
18:44 731.77 3.83 71 4.02 0
18:45 731.77 3.83 71 4.02 0
18:46 731.77 3.83 71 4.02 0
18:47 731.77 3.83 71 5.81 0
18:48 731.77 3.83 71 5.36 0
18:49 731.77 3.83 71 4.47 0
18:50 731.77 3.83 70 4.92 0
18:51 731.77 3.83 70 2.68 0
18:52 731.77 3.83 71 2.68 0
18:53 731.77 3.83 71 3.58 0
18:54 731.77 3.83 71 3.13 0
18:55 731.77 3.78 71 7.6 0
18:56 731.77 3.83 71 2.68 0
18:57 731.77 3.83 70 1.79 0
18:58 731.77 3.83 70 5.81 0
18:59 731.77 3.89 70 4.47 0
19:00 731.77 3.83 70 4.92 0
19:01 731.77 3.89 70 3.13 0
19:02 731.77 3.83 70 2.68 0
19:03 731.77 3.89 70 3.13 0
19:04 731.77 3.89 70 4.92 0
19:05 731.77 3.89 70 1.79 0
19:06 731.77 3.89 70 5.81 0
19:07 731.77 3.89 70 2.68 0
19:08 731.77 3.89 70 6.71 0
19:09 731.77 3.94 70 5.36 0
19:10 731.77 3.89 70 2.68 0
19:11 731.77 3.94 70 5.36 0
19:12 731.77 3.94 70 5.36 0
19:13 731.77 3.94 70 6.71 0
19:14 731.77 4 70 3.58 0
19:15 731.77 4 69 1.79 0
19:16 731.77 4 70 5.81 0
19:17 731.77 4 69 6.71 0
19:18 731.77 4.06 69 7.15 0
19:19 731.77 4.11 69 4.02 0
19:20 731.77 4.11 69 2.68 0
19:21 731.77 4.06 69 0 0
19:22 731.77 4.06 69 4.02 0
19:23 731.77 4.06 69 4.47 0
19:24 731.77 4.06 69 5.36 0
19:25 731.77 4.11 69 4.92 0
19:26 731.77 4.11 69 8.49 0
19:27 731.77 4.17 69 3.13 0
19:28 732.03 4.17 69 6.71 0
19:29 732.03 4.17 69 5.36 0
19:30 732.03 4.17 69 2.24 0
19:31 731.77 4.17 69 4.47 0
19:32 732.03 4.11 69 4.47 0
19:33 731.77 4.11 70 2.24 0
19:34 731.77 4.06 70 8.94 0
19:35 732.03 4.11 70 7.15 0
19:36 732.03 4.11 70 3.13 0
19:37 732.03 4.11 70 5.81 0
19:38 732.03 4.11 70 4.92 0
19:39 732.03 4.06 70 8.05 0
19:40 732.03 4.06 71 8.05 0
19:41 732.03 3.94 71 5.81 0
19:42 732.03 3.89 72 4.02 0
19:43 732.03 3.78 72 3.58 0
19:44 732.03 3.72 73 9.39 0
19:45 732.03 3.61 73 6.26 0
19:46 732.03 3.56 74 4.47 0
19:47 732.03 3.44 74 6.71 0
19:48 732.03 3.44 74 5.36 0
19:49 732.28 3.33 75 4.92 0
19:50 732.03 3.28 75 6.26 0
19:51 732.03 3.22 76 6.71 0
19:52 732.28 3.22 76 6.26 0
19:53 732.28 3.17 76 8.05 0
19:54 732.28 3.17 76 4.92 0
19:55 732.28 3.11 76 6.26 0
19:56 732.28 3.11 76 7.15 0
19:57 732.28 3.11 76 7.15 0
19:58 732.03 3.06 76 8.94 0
19:59 732.28 3.06 77 6.71 0
20:00 732.28 3 77 7.15 0
20:01 732.28 2.94 77 4.47 0
20:02 732.28 2.94 78 3.13 0
20:03 732.28 2.94 78 5.81 0
20:04 732.28 2.89 78 8.05 0
20:05 732.28 2.83 78 9.39 0
20:06 732.28 2.83 78 4.92 0
20:07 732.28 2.78 79 4.02 0
20:08 732.28 2.78 79 5.36 0
20:09 732.28 2.72 79 4.02 0
20:10 732.28 2.67 79 1.79 0
20:11 732.28 2.67 79 5.36 0
20:12 732.28 2.67 79 5.36 0
20:13 732.28 2.61 80 6.26 0
20:14 732.28 2.67 80 5.81 0
20:15 732.03 2.61 80 5.36 0
20:16 732.28 2.61 80 5.81 0
20:17 732.03 2.61 80 6.71 0
20:18 732.28 2.56 80 4.92 0
20:19 732.28 2.56 81 4.92 0
20:20 732.28 2.56 81 5.36 0
20:21 732.28 2.56 81 3.13 0
20:22 732.28 2.56 81 6.26 0
20:23 732.03 2.5 81 .89 0
20:24 732.28 2.5 81 4.92 0
20:25 732.03 2.44 81 4.47 0
20:26 732.03 2.44 81 4.47 0
20:27 732.03 2.44 81 6.26 0
20:28 732.03 2.44 81 4.92 0
20:29 732.03 2.39 81 3.58 0
20:30 732.28 2.44 81 8.05 0
20:31 732.28 2.5 81 4.47 0
20:32 732.28 2.5 81 7.6 0
20:33 732.28 2.5 81 5.36 0
20:34 732.28 2.5 81 3.58 0
20:35 732.28 2.5 81 4.02 0
20:36 732.28 2.5 81 6.71 0
20:37 732.28 2.5 81 4.02 0
20:38 732.28 2.5 81 3.58 0
20:39 732.28 2.5 81 4.92 0
20:40 732.28 2.5 81 4.02 0
20:41 732.28 2.5 81 5.36 0
20:42 732.28 2.5 81 4.02 0
20:43 732.28 2.5 81 3.13 0
20:44 732.28 2.5 81 5.36 0
20:45 732.28 2.5 81 4.02 0
20:46 732.28 2.5 81 4.02 0
20:47 732.28 2.5 81 5.36 0
20:48 732.28 2.5 82 1.79 0
20:49 732.28 2.44 82 4.47 0
20:50 732.28 2.44 82 2.24 0
20:51 732.28 2.44 82 2.68 0
20:52 732.28 2.44 82 3.58 0
20:53 732.28 2.44 82 5.36 0
20:54 732.28 2.44 82 4.47 0
20:55 732.28 2.5 82 4.92 0
20:56 732.28 2.5 82 4.02 0
20:57 732.28 2.5 82 4.92 0
20:58 732.03 2.44 82 2.68 0
20:59 732.28 2.5 82 4.92 0
21:00 732.28 2.5 82 5.36 0
21:01 732.28 2.5 82 7.15 0
21:02 732.28 2.56 82 3.58 0
21:03 732.28 2.56 82 4.02 0
21:04 732.28 2.56 82 3.58 0
21:05 732.28 2.56 81 6.71 0
21:06 732.28 2.56 81 4.47 0
21:07 732.28 2.61 81 4.92 0
21:08 732.28 2.61 81 4.02 0
21:09 732.28 2.61 81 3.13 0
21:10 732.28 2.61 81 7.6 0
21:11 732.28 2.67 80 5.36 0
21:12 732.28 2.67 80 6.71 0
21:13 732.28 2.67 80 7.15 0
21:14 732.28 2.72 80 1.79 0
21:15 732.28 2.72 80 3.58 0
21:16 732.28 2.72 80 4.92 0
21:17 732.28 2.78 80 6.26 0
21:18 732.28 2.78 80 5.81 0
21:19 732.28 2.78 79 6.26 0
21:20 732.28 2.83 80 4.92 0
21:21 732.28 2.83 79 3.58 0
21:22 732.28 2.78 79 5.36 0
21:23 732.28 2.83 79 5.36 0
21:24 732.28 2.78 79 4.47 0
21:25 732.28 2.83 79 4.47 0
21:26 732.28 2.83 79 6.26 0
21:27 732.28 2.83 79 8.05 0
21:28 732.28 2.83 79 4.92 0
21:29 732.28 2.83 79 8.05 0
21:30 732.28 2.83 79 4.02 0
21:31 732.28 2.83 79 9.83 0
21:32 732.28 2.78 79 7.15 0
21:33 732.28 2.78 79 6.26 0
21:34 733.04 2.94 74 5.81 0
21:35 733.04 2.94 74 6.71 0
21:36 733.04 2.94 74 10.73 0
21:37 733.04 2.94 74 10.28 0
21:38 733.04 2.94 74 9.39 0
21:39 733.04 2.94 74 4.47 0
21:40 733.04 2.83 74 4.92 0
21:41 733.04 2.83 75 2.24 0
21:42 733.04 2.78 75 4.47 0
21:43 733.04 2.78 79 7.15 0
21:44 733.3 2.72 76 4.92 0
21:45 733.3 2.72 76 6.71 0
21:46 733.3 2.61 77 7.15 0
21:47 733.3 2.61 77 5.36 0
21:48 733.3 2.61 77 4.47 0
21:49 733.3 2.56 77 5.36 0
21:50 733.3 2.56 77 4.92 0
21:51 733.3 2.56 78 1.34 0
21:52 733.3 2.56 78 7.15 0
21:53 733.3 2.56 78 4.92 0
21:54 733.3 2.56 77 4.02 0
21:55 733.3 2.56 77 4.02 0
21:56 733.3 2.56 78 8.94 0
21:57 733.3 2.56 77 6.26 0
21:58 733.3 2.56 77 4.47 0
21:59 733.55 2.56 77 7.15 0
22:00 733.55 2.56 77 6.26 0
22:01 733.55 2.56 76 6.26 0
22:02 733.55 2.56 76 6.26 0
22:03 733.55 2.56 76 4.92 0
22:04 733.55 2.56 76 7.6 0
22:05 733.55 2.56 77 4.02 0
22:06 733.55 2.44 77 5.81 0
22:07 733.55 2.44 77 8.94 0
22:08 733.55 2.44 76 9.83 0
22:09 733.55 2.44 76 5.81 0
22:10 733.55 2.44 76 7.15 0
22:11 733.55 2.44 76 2.68 0
22:12 733.55 2.39 76 4.92 0
22:13 733.55 2.39 76 3.58 0
22:14 733.55 2.39 76 3.13 0
22:15 733.55 2.39 76 9.83 0
22:16 733.55 2.39 76 8.05 0
22:17 733.55 2.39 76 4.02 0
22:18 733.55 2.39 76 2.68 0
22:19 733.55 2.39 76 6.71 0
22:20 733.55 2.39 76 2.68 0
22:21 733.55 2.39 76 1.79 0
22:22 733.55 2.39 76 2.68 0
22:23 733.55 2.28 76 4.92 0
22:24 733.55 2.28 76 4.02 0
22:25 733.55 2.28 76 3.13 0
22:26 733.55 2.28 76 5.81 0
22:27 733.55 2.28 76 3.13 0
22:28 733.55 2.28 76 5.36 0
22:29 733.55 2.28 76 2.68 0
22:30 733.55 2.28 76 7.6 0
22:31 733.55 2.28 76 2.24 0
22:32 733.55 2.28 76 9.39 0
22:33 733.55 2.39 75 4.02 0
22:34 733.55 2.39 75 5.81 0
22:35 733.55 2.39 78 8.05 0
22:36 733.55 2.39 75 2.68 0
22:37 733.55 2.39 75 3.58 0
22:38 733.55 2.39 75 6.71 0
22:39 733.55 2.39 75 7.15 0
22:40 733.55 2.39 75 8.49 0
22:41 733.55 2.39 75 5.36 0
22:42 733.55 2.39 75 4.92 0
22:43 733.55 2.39 74 8.05 0
22:44 733.55 2.39 74 8.05 0
22:45 733.55 2.44 74 6.26 0
22:46 733.55 2.44 74 1.79 0
22:47 733.55 2.44 76 4.92 0
22:48 733.55 2.44 73 5.81 0
22:49 733.55 2.44 73 7.6 0
22:50 733.55 2.44 73 4.02 0
22:51 733.55 2.44 73 4.92 0
22:52 733.55 2.44 73 3.58 0
22:53 733.55 2.44 73 4.47 0
22:54 733.55 2.44 73 4.47 0
22:55 733.55 2.44 72 7.15 0
22:56 733.55 2.44 72 5.36 0
22:57 733.55 2.56 72 7.6 0
22:58 733.55 2.56 72 4.47 0
22:59 733.81 2.56 72 5.81 0
23:00 733.81 2.56 69 6.26 0
23:01 733.81 2.56 72 5.36 0
23:02 733.81 2.56 72 5.81 0
23:03 733.81 2.56 72 6.26 0
23:04 733.81 2.56 71 6.26 0
23:05 733.81 2.56 71 5.36 0
23:06 733.81 2.56 71 6.71 0
23:07 733.81 2.56 71 4.02 0
23:08 733.81 2.56 71 5.81 0
23:09 733.81 2.56 71 4.02 0
23:10 733.81 2.56 71 6.71 0
23:11 733.81 2.56 71 4.47 0
23:12 733.81 2.56 71 8.49 0
23:13 733.81 2.56 71 5.36 0
23:14 733.81 2.56 71 5.36 0
23:15 733.81 2.56 71 8.05 0
23:16 733.81 2.56 71 4.47 0
23:17 733.81 2.56 71 6.26 0
23:18 733.81 2.56 71 7.15 0
23:19 733.81 2.56 71 5.36 0
23:20 733.81 2.56 70 2.24 0
23:21 733.81 2.56 71 4.47 0
23:22 733.81 2.56 71 4.92 0
23:23 733.81 2.56 71 5.36 0
23:24 733.81 2.56 70 6.26 0
23:25 733.81 2.56 70 6.71 0
23:26 733.81 2.56 70 7.15 0
23:27 733.81 2.56 70 4.02 0
23:28 733.81 2.56 70 2.68 0
23:29 733.81 2.56 70 6.26 0
23:30 733.81 2.56 70 7.6 0
23:31 733.81 2.56 70 5.81 0
23:32 733.81 2.61 70 10.73 0
23:33 733.81 2.61 70 8.05 0
23:34 733.81 2.61 69 3.58 0
23:35 733.81 2.61 69 4.92 0
23:36 733.81 2.61 70 4.02 0
23:37 733.81 2.61 70 10.28 0
23:38 733.81 2.72 69 7.6 0
23:39 733.81 2.72 69 6.26 0
23:40 733.81 2.72 69 5.36 0
23:41 733.81 2.61 69 8.49 0
23:42 733.81 2.61 70 5.81 0
23:43 733.81 2.61 70 5.36 0
23:44 734.06 2.61 70 5.81 0
23:45 734.06 2.61 70 7.6 0
23:46 734.06 2.61 70 4.47 0
23:47 734.06 2.61 70 4.02 0
23:48 734.06 2.61 70 7.6 0
23:49 734.06 2.61 70 8.94 0
23:50 734.06 2.61 70 5.36 0
23:51 734.06 2.61 70 6.71 0
23:52 734.06 2.61 70 4.47 0
23:53 734.06 2.61 70 6.26 0
23:54 734.06 2.61 70 7.6 0
23:55 734.06 2.61 70 5.36 0
23:56 734.06 2.61 70 7.15 0
23:57 734.06 2.56 70 6.71 0
23:58 734.06 2.56 70 6.71 0
23:59 734.31 2.56 70 5.36 0
