00:00 746.51 -8.83 84 3.58 0
00:01 746.25 -8.89 84 3.58 0
00:02 746.25 -8.89 84 2.68 0
00:03 746.25 -8.83 84 3.58 0
00:04 746.25 -8.89 84 4.02 0
00:05 746.25 -8.89 84 2.24 0
00:06 746.25 -8.89 84 4.92 0
00:07 746.25 -8.89 84 2.68 0
00:08 746.25 -8.89 84 3.58 0
00:09 746.25 -8.89 84 3.58 0
00:10 746.25 -8.89 84 5.36 0
00:11 746.25 -8.94 83 6.26 0
00:12 746.25 -8.89 83 3.58 0
00:13 746.25 -8.89 83 2.68 0
00:14 746.25 -8.89 83 1.79 0
00:15 746.25 -8.89 83 5.36 0
00:16 746.25 -8.89 83 4.47 0
00:17 746.25 -8.89 82 3.58 0
00:18 746.25 -8.89 82 3.58 0
00:19 746.25 -8.89 82 4.02 0
00:20 746.25 -8.89 82 2.68 0
00:21 746.25 -8.89 82 5.81 0
00:22 746.25 -8.89 81 5.81 0
00:23 746.25 -8.89 81 7.15 0
00:24 746 -8.89 80 6.26 0
00:25 746 -8.89 79 4.92 0
00:26 746 -8.89 79 5.36 0
00:27 746 -8.89 79 3.58 0
00:28 746 -8.89 79 4.92 0
00:29 746 -8.89 79 4.02 0
00:30 746 -8.89 79 3.58 0
00:31 746 -8.94 79 5.36 0
00:32 746 -8.89 79 4.92 0
00:33 746 -8.94 78 4.47 0
00:34 746 -8.94 78 1.79 0
00:35 746 -8.89 78 4.92 0
00:36 746 -8.89 78 2.24 0
00:37 746 -8.94 78 2.68 0
00:38 746 -8.94 78 3.58 0
00:39 746 -8.94 78 2.68 0
00:40 746 -8.94 78 3.58 0
00:41 746 -8.94 78 2.68 0
00:42 746 -8.94 78 1.79 0
00:43 745.74 -9 78 2.68 0
00:44 745.74 -9 78 3.58 0
00:45 746 -8.94 78 2.68 0
00:46 745.74 -9 79 1.79 0
00:47 746 -9 79 1.79 0
00:48 746 -9 79 2.24 0
00:49 746 -9 79 2.24 0
00:50 746 -9 79 1.79 0
00:51 746 -9 79 .89 0
00:52 746 -9 79 1.34 0
00:53 746 -9.06 79 2.24 0
00:54 746 -9.06 79 1.79 0
00:55 746 -9.06 79 2.24 0
00:56 746 -9.06 79 2.68 0
00:57 746 -9.06 79 1.34 0
00:58 746 -9.06 79 2.24 0
00:59 746 -9.06 79 1.34 0
01:00 746 -9.06 79 1.79 0
01:01 746 -9.06 79 1.79 0
01:02 746 -9.06 79 2.24 0
01:03 746 -9.06 79 2.24 0
01:04 746 -9.06 79 1.79 0
01:05 746 -9.06 79 .89 0
01:06 746 -9.06 79 1.79 0
01:07 746 -9.11 79 1.34 0
01:08 746 -9.06 79 1.79 0
01:09 745.74 -9.06 80 .89 0
01:10 745.74 -9.06 79 .89 0
01:11 745.74 -9.06 80 1.79 0
01:12 745.74 -9.06 80 1.79 0
01:13 745.74 -9.11 80 1.34 0
01:14 745.74 -9.11 80 2.24 0
01:15 745.74 -9.11 80 1.34 0
01:16 745.74 -9.11 80 1.79 0
01:17 746 -9.06 80 1.34 0
01:18 746 -9.11 80 1.34 0
01:19 745.74 -9.11 80 2.24 0
01:20 745.74 -9.11 80 2.24 0
01:21 745.74 -9.11 80 1.79 0
01:22 745.74 -9.11 81 1.34 0
01:23 745.74 -9.11 81 3.13 0
01:24 745.74 -9.11 81 1.34 0
01:25 745.74 -9.11 81 1.34 0
01:26 745.74 -9.11 81 2.24 0
01:27 745.74 -9.11 81 2.24 0
01:28 745.74 -9.06 81 1.79 0
01:29 745.74 -9.11 81 1.34 0
01:30 745.74 -9.11 81 .89 0
01:31 745.74 -9.11 81 .45 0
01:32 745.74 -9.11 81 1.34 0
01:33 745.74 -9.11 81 1.34 0
01:34 745.74 -9.11 81 .89 0
01:35 745.74 -9.11 81 1.79 0
01:36 745.74 -9.11 81 .45 0
01:37 745.74 -9.11 81 .89 0
01:38 745.74 -9.06 82 .89 0
01:39 745.74 -9.06 82 1.34 0
01:40 745.74 -9.06 82 1.34 0
01:41 745.74 -9.06 82 1.79 0
01:42 745.74 -9.06 82 1.34 0
01:43 745.74 -9.11 82 1.79 0
01:44 745.74 -9.11 82 .89 0
01:45 745.74 -9.11 82 1.34 0
01:46 745.74 -9.11 82 .45 0
01:47 745.74 -9.11 82 1.34 0
01:48 745.74 -9.11 82 1.34 0
01:49 745.74 -9.11 82 1.34 0
01:50 745.74 -9.06 82 .89 0
01:51 745.74 -9.11 82 1.34 0
01:52 745.74 -9.11 82 .89 0
01:53 745.74 -9.11 82 1.34 0
01:54 745.74 -9.11 82 0 0
01:55 745.74 -9.11 83 .45 0
01:56 745.74 -9.06 82 1.79 0
01:57 745.74 -9.06 83 2.24 0
01:58 745.74 -9.11 83 1.79 0
01:59 745.74 -9.11 83 1.79 0
02:00 745.74 -9.11 83 .89 0
02:01 745.74 -9.11 83 2.24 0
02:02 745.74 -9.11 83 1.79 0
02:03 745.74 -9.11 83 2.24 0
02:04 745.74 -9.11 83 2.24 0
02:05 745.74 -9.06 83 1.34 0
02:06 745.74 -9.11 83 1.34 0
02:07 745.74 -9.11 83 1.79 0
02:08 745.74 -9.06 83 .89 0
02:09 745.74 -9.06 83 1.79 0
02:10 745.49 -9.11 83 1.79 0
02:11 745.49 -9.11 83 2.24 0
02:12 745.74 -9.11 83 2.24 0
02:13 745.74 -9.06 83 2.24 0
02:14 745.74 -9.06 83 1.34 0
02:15 745.49 -9.06 83 3.13 0
02:16 745.49 -9.06 83 1.34 0
02:17 745.49 -9.06 83 2.24 0
02:18 745.49 -9.06 83 3.58 0
02:19 745.49 -9.06 83 3.13 0
02:20 745.49 -9.06 84 2.68 0
02:21 745.49 -9.06 84 2.24 0
02:22 745.49 -9.06 84 3.13 0
02:23 745.49 -9 84 2.68 0
02:24 745.49 -9 84 .45 0
02:25 745.49 -9 84 2.24 0
02:26 745.49 -8.94 84 4.02 0
02:27 745.49 -8.94 84 2.24 0
02:28 745.49 -8.94 84 2.24 0
02:29 745.49 -8.94 84 2.24 0
02:30 745.49 -8.94 84 2.68 0
02:31 745.49 -8.94 84 3.58 0
02:32 745.49 -8.94 84 3.13 0
02:33 745.49 -8.94 84 2.24 0
02:34 745.49 -8.94 84 1.34 0
02:35 745.24 -8.94 84 3.13 0
02:36 745.24 -8.94 84 3.58 0
02:37 745.24 -8.94 84 1.79 0
02:38 745.24 -8.89 84 1.79 0
02:39 745.24 -8.89 84 1.34 0
02:40 745.24 -8.89 84 2.24 0
02:41 745.24 -8.89 84 2.68 0
02:42 745.24 -8.83 84 1.34 0
02:43 745.24 -8.83 84 1.34 0
02:44 745.24 -8.89 84 1.79 0
02:45 745.24 -8.89 84 1.79 0
02:46 745.24 -8.83 84 2.24 0
02:47 745.24 -8.83 84 1.79 0
02:48 745.24 -8.83 85 2.24 0
02:49 745.24 -8.89 85 1.34 0
02:50 745.24 -8.83 85 2.24 0
02:51 745.24 -8.83 85 .89 0
02:52 745.24 -8.83 85 1.34 0
02:53 745.24 -8.83 85 1.79 0
02:54 745.24 -8.83 85 1.79 0
02:55 745.24 -8.83 85 .89 0
02:56 745.24 -8.83 85 3.13 0
02:57 745.24 -8.83 85 .89 0
02:58 745.24 -8.83 85 1.34 0
02:59 745.24 -8.83 85 .89 0
03:00 745.24 -8.83 85 3.58 0
03:01 745.24 -8.83 85 2.24 0
03:02 745.24 -8.78 85 2.24 0
03:03 745.24 -8.83 85 1.79 0
03:04 745.24 -8.78 85 2.68 0
03:05 745.24 -8.78 85 1.79 0
03:06 745.24 -8.78 85 2.24 0
03:07 745.24 -8.78 85 1.79 0
03:08 745.24 -8.78 85 3.58 0
03:09 745.24 -8.72 85 1.34 0
03:10 745.24 -8.72 85 3.13 0
03:11 745.24 -8.72 85 2.24 0
03:12 745.24 -8.72 85 3.13 0
03:13 745.24 -8.72 85 .89 0
03:14 745.24 -8.67 85 2.68 0
03:15 745.24 -8.67 85 4.02 0
03:16 745.24 -8.67 85 3.58 0
03:17 744.98 -8.67 85 1.34 0
03:18 745.24 -8.61 85 3.58 0
03:19 744.98 -8.61 85 3.58 0
03:20 744.98 -8.61 85 1.79 0
03:21 744.98 -8.56 85 2.24 0
03:22 744.98 -8.56 85 2.68 0
03:23 744.98 -8.56 85 3.13 0
03:24 744.98 -8.56 85 1.79 0
03:25 744.98 -8.56 85 3.13 0
03:26 744.98 -8.56 85 2.24 0
03:27 744.98 -8.56 85 1.34 0
03:28 744.98 -8.56 85 2.68 0
03:29 744.98 -8.5 85 4.02 0
03:30 744.98 -8.5 85 1.34 0
03:31 744.98 -8.5 85 4.02 0
03:32 744.98 -8.5 85 1.79 0
03:33 744.98 -8.5 85 3.58 0
03:34 744.98 -8.44 84 4.47 0
03:35 744.98 -8.44 84 5.36 0
03:36 744.98 -8.44 84 3.58 0
03:37 744.98 -8.39 84 4.47 0
03:38 744.98 -8.33 84 4.02 0
03:39 744.98 -8.33 84 4.02 0
03:40 744.98 -8.33 84 4.47 0
03:41 744.98 -8.33 83 5.36 0
03:42 744.98 -8.33 83 5.81 0
03:43 744.73 -8.33 83 3.58 0
03:44 744.73 -8.28 83 4.47 0
03:45 744.73 -8.28 82 4.02 0
03:46 744.73 -8.28 82 5.36 0
03:47 744.73 -8.28 82 4.92 0
03:48 744.73 -8.28 82 4.02 0
03:49 744.73 -8.22 82 3.58 0
03:50 744.73 -8.28 82 2.24 0
03:51 744.73 -8.22 82 1.79 0
03:52 744.73 -8.22 82 8.05 0
03:53 744.73 -8.28 82 5.36 0
03:54 744.73 -8.28 82 5.36 0
03:55 744.73 -8.28 81 2.68 0
03:56 744.73 -8.22 81 4.92 0
03:57 744.73 -8.22 81 4.92 0
03:58 744.73 -8.28 81 3.13 0
03:59 744.73 -8.22 81 4.92 0
04:00 744.73 -8.28 81 3.58 0
04:01 744.73 -8.28 81 3.58 0
04:02 744.73 -8.22 81 5.81 0
04:03 744.73 -8.28 81 7.15 0
04:04 744.73 -8.28 81 3.58 0
04:05 744.73 -8.28 81 1.79 0
04:06 744.73 -8.28 81 5.81 0
04:07 744.73 -8.33 81 6.71 0
04:08 744.73 -8.28 81 4.92 0
04:09 744.73 -8.33 80 4.92 0
04:10 744.73 -8.33 80 3.58 0
04:11 744.73 -8.33 80 4.47 0
04:12 744.73 -8.33 80 1.79 0
04:13 744.73 -8.39 80 1.79 0
04:14 744.73 -8.39 80 2.68 0
04:15 744.73 -8.44 80 2.24 0
04:16 744.47 -8.44 80 4.02 0
04:17 744.47 -8.44 80 4.02 0
04:18 744.47 -8.44 80 4.02 0
04:19 744.47 -8.44 80 1.79 0
04:20 744.47 -8.5 80 4.02 0
04:21 744.47 -8.5 80 .89 0
04:22 744.47 -8.5 80 4.47 0
04:23 744.47 -8.5 80 3.58 0
04:24 744.47 -8.56 80 2.24 0
04:25 744.47 -8.5 80 2.68 0
04:26 744.47 -8.5 80 2.68 0
04:27 744.47 -8.56 80 2.68 0
04:28 744.47 -8.56 80 2.24 0
04:29 744.47 -8.56 80 4.47 0
04:30 744.47 -8.61 80 1.34 0
04:31 744.47 -8.56 80 4.02 0
04:32 744.47 -8.61 80 3.58 0
04:33 744.22 -8.61 80 4.92 0
04:34 744.22 -8.61 80 2.68 0
04:35 744.22 -8.61 80 4.02 0
04:36 744.22 -8.56 80 4.47 0
04:37 744.22 -8.61 80 2.24 0
04:38 744.22 -8.61 80 1.79 0
04:39 744.22 -8.61 80 2.68 0
04:40 744.22 -8.61 80 3.58 0
04:41 744.22 -8.61 80 4.02 0
04:42 744.22 -8.61 80 4.47 0
04:43 744.22 -8.61 80 2.68 0
04:44 744.22 -8.61 80 1.79 0
04:45 744.22 -8.67 80 2.24 0
04:46 744.22 -8.61 80 3.58 0
04:47 743.97 -8.67 80 4.02 0
04:48 743.97 -8.61 80 3.58 0
04:49 744.22 -8.67 80 1.79 0
04:50 743.97 -8.67 80 1.34 0
04:51 744.22 -8.67 80 1.34 0
04:52 743.97 -8.67 81 4.92 0
04:53 743.97 -8.67 80 2.68 0
04:54 743.97 -8.67 80 4.02 0
04:55 743.97 -8.67 80 4.92 0
04:56 743.97 -8.67 80 4.47 0
04:57 743.97 -8.67 80 3.13 0
04:58 743.97 -8.67 80 4.47 0
04:59 743.97 -8.67 80 2.68 0
05:00 743.97 -8.67 80 2.24 0
05:01 743.97 -8.67 81 3.58 0
05:02 743.97 -8.67 81 .89 0
05:03 743.97 -8.67 81 2.68 0
05:04 743.97 -8.72 81 4.02 0
05:05 743.97 -8.72 81 2.24 0
05:06 743.97 -8.72 81 4.02 0
05:07 743.97 -8.72 81 4.02 0
05:08 743.97 -8.72 81 4.92 0
05:09 743.97 -8.72 81 4.92 0
05:10 743.97 -8.72 80 5.81 0
05:11 743.97 -8.72 80 3.58 0
05:12 743.97 -8.67 80 6.26 0
05:13 743.97 -8.67 80 6.26 0
05:14 743.97 -8.67 80 3.58 0
05:15 743.97 -8.67 80 6.71 0
05:16 743.97 -8.67 80 3.58 0
05:17 743.97 -8.67 80 4.02 0
05:18 743.97 -8.67 80 3.13 0
05:19 743.97 -8.67 80 4.47 0
05:20 743.97 -8.61 80 2.68 0
05:21 743.97 -8.67 80 1.79 0
05:22 743.97 -8.67 81 2.24 0
05:23 743.97 -8.67 81 2.24 0
05:24 743.97 -8.67 81 3.58 0
05:25 743.97 -8.67 81 4.47 0
05:26 743.97 -8.72 82 5.36 0
05:27 743.97 -8.78 82 3.13 0
05:28 743.97 -8.78 83 3.58 0
05:29 743.97 -8.78 83 .45 0
05:30 743.97 -8.78 83 1.34 0
05:31 743.97 -8.78 83 1.79 0
05:32 743.97 -8.78 83 2.24 0
05:33 743.71 -8.83 83 3.58 0
05:34 743.97 -8.83 83 4.47 0
05:35 743.71 -8.83 83 3.58 0
05:36 743.97 -8.89 83 3.13 0
05:37 743.71 -8.89 83 2.68 0
05:38 743.71 -8.89 83 2.24 0
05:39 743.71 -8.89 83 4.92 0
05:40 743.71 -8.94 83 1.79 0
05:41 743.71 -8.89 84 1.34 0
05:42 743.71 -8.89 84 1.79 0
05:43 743.71 -8.94 84 4.02 0
05:44 743.71 -8.94 84 2.24 0
05:45 743.71 -8.94 84 4.02 0
05:46 743.71 -8.94 84 3.58 0
05:47 743.71 -8.94 84 3.58 0
05:48 743.46 -9 83 4.92 0
05:49 743.46 -9 83 2.68 0
05:50 743.46 -9 83 4.02 0
05:51 743.46 -8.94 84 1.79 0
05:52 743.46 -8.94 84 2.24 0
05:53 743.46 -8.94 84 2.68 0
05:54 743.46 -9 84 3.13 0
05:55 743.46 -9 84 2.68 0
05:56 743.46 -9 84 2.68 0
05:57 743.46 -9 84 1.79 0
05:58 743.46 -9 84 1.34 0
05:59 743.46 -9 84 1.79 0
06:00 743.46 -9 84 2.24 0
06:01 743.46 -9.06 84 1.79 0
06:02 743.46 -9.06 84 3.58 0
06:03 743.46 -9.06 84 1.34 0
06:04 743.46 -9.06 84 .45 0
06:05 743.46 -9.06 84 4.02 0
06:06 743.46 -9.11 84 4.47 0
06:07 743.46 -9.17 84 2.24 0
06:08 743.46 -9.17 84 1.79 0
06:09 743.46 -9.17 84 1.79 0
06:10 743.46 -9.17 84 1.79 0
06:11 743.46 -9.17 84 1.34 0
06:12 743.46 -9.22 84 1.34 0
06:13 743.46 -9.22 84 1.79 0
06:14 743.46 -9.22 84 .89 0
06:15 743.46 -9.22 84 1.79 0
06:16 743.46 -9.22 84 2.24 0
06:17 743.2 -9.22 84 1.79 0
06:18 743.2 -9.28 84 1.79 0
06:19 743.2 -9.28 84 1.79 0
06:20 743.46 -9.28 84 1.34 0
06:21 743.46 -9.28 84 1.79 0
06:22 743.46 -9.33 84 .45 0
06:23 743.46 -9.33 84 1.34 0
06:24 743.2 -9.33 84 2.24 0
06:25 743.46 -9.33 84 1.34 0
06:26 743.2 -9.39 84 1.34 0
06:27 743.2 -9.39 84 .45 0
06:28 743.2 -9.39 84 1.34 0
06:29 743.2 -9.39 84 .89 0
06:30 743.2 -9.39 84 1.79 0
06:31 743.2 -9.44 84 1.34 0
06:32 743.2 -9.44 84 1.34 0
06:33 743.2 -9.5 84 1.34 0
06:34 743.2 -9.5 84 1.79 0
06:35 743.2 -9.5 84 .89 0
06:36 743.2 -9.5 84 .89 0
06:37 743.2 -9.5 84 1.79 0
06:38 743.2 -9.56 84 1.79 0
06:39 743.2 -9.5 84 3.13 0
06:40 742.95 -9.5 84 3.13 0
06:41 742.95 -9.5 84 1.79 0
06:42 742.95 -9.5 84 1.34 0
06:43 742.95 -9.56 84 .89 0
06:44 742.95 -9.56 84 .89 0
06:45 742.95 -9.56 84 .45 0
06:46 742.95 -9.56 84 .89 0
06:47 742.95 -9.56 84 1.79 0
06:48 742.95 -9.56 84 1.34 0
06:49 742.95 -9.56 84 .89 0
06:50 742.95 -9.61 84 .45 0
06:51 742.95 -9.61 84 .45 0
06:52 742.95 -9.61 84 .89 0
06:53 742.95 -9.61 84 1.79 0
06:54 742.95 -9.61 84 .45 0
06:55 742.7 -9.61 84 1.34 0
06:56 742.7 -9.56 85 1.79 0
06:57 742.7 -9.61 85 .89 0
06:58 742.7 -9.56 85 1.79 0
06:59 742.7 -9.56 85 1.34 0
07:00 742.95 -9.56 85 1.34 0
07:01 742.95 -9.56 85 1.34 0
07:02 742.7 -9.5 85 1.34 0
07:03 742.7 -9.5 85 1.79 0
07:04 742.7 -9.5 85 1.79 0
07:05 742.7 -9.5 84 1.79 0
07:06 742.7 -9.44 84 .45 0
07:07 742.7 -9.44 84 1.34 0
07:08 742.7 -9.44 84 .45 0
07:09 742.7 -9.44 84 1.79 0
07:10 742.7 -9.44 84 1.34 0
07:11 742.7 -9.39 84 1.34 0
07:12 742.7 -9.39 84 .89 0
07:13 742.7 -9.39 84 1.79 0
07:14 742.44 -9.39 84 1.34 0
07:15 742.44 -9.39 84 .45 0
07:16 742.7 -9.39 84 2.24 0
07:17 742.44 -9.33 84 1.34 0
07:18 742.44 -9.33 84 1.34 0
07:19 742.44 -9.28 84 1.79 0
07:20 742.44 -9.28 84 1.79 0
07:21 742.44 -9.28 84 4.02 0
07:22 742.44 -9.28 83 3.58 0
07:23 742.44 -9.22 83 1.79 0
07:24 742.44 -9.22 83 2.24 0
07:25 742.7 -9.22 83 3.13 0
07:26 742.44 -9.17 83 2.68 0
07:27 742.44 -9.17 83 .89 0
07:28 742.44 -9.17 83 2.68 0
07:29 742.44 -9.17 83 2.68 0
07:30 742.44 -9.17 83 5.36 0
07:31 742.44 -9.11 82 3.58 0
07:32 742.44 -9.11 82 1.79 0
07:33 742.44 -9.11 82 1.34 0
07:34 742.44 -9.06 82 2.68 0
07:35 742.44 -9.06 82 1.34 0
07:36 742.44 -9.06 82 1.79 0
07:37 742.44 -9.06 82 1.34 0
07:38 742.44 -9.06 82 3.58 0
07:39 742.44 -9.06 82 3.58 0
07:40 742.44 -9.06 82 1.79 0
07:41 742.44 -9.06 81 1.79 0
07:42 742.44 -9.06 81 3.13 0
07:43 742.44 -9.06 81 1.34 0
07:44 742.44 -9.06 81 1.79 0
07:45 742.44 -9 81 1.79 0
07:46 742.44 -9.06 81 1.34 0
07:47 742.19 -9 81 2.24 0
07:48 742.19 -9.06 81 1.79 0
07:49 742.19 -9.06 81 1.34 0
07:50 742.19 -9.06 81 1.79 0
07:51 742.19 -9.06 81 2.68 0
07:52 742.19 -9.06 81 1.79 0
07:53 742.19 -9.06 81 1.34 0
07:54 742.19 -9.06 81 4.02 0
07:55 742.19 -9.06 81 2.24 0
07:56 742.19 -9.06 81 2.24 0
07:57 742.19 -9.06 81 3.58 0
07:58 742.19 -9.06 81 2.24 0
07:59 742.19 -9.11 81 .89 0
08:00 742.19 -9.06 81 1.79 0
08:01 742.19 -9.06 81 1.79 0
08:02 742.19 -9.06 81 .45 0
08:03 742.19 -9.06 81 2.24 0
08:04 742.19 -9.06 81 1.34 0
08:05 741.93 -9.06 81 .89 0
08:06 741.93 -9.11 81 1.34 0
08:07 741.93 -9.11 81 1.34 0
08:08 741.93 -9.06 81 1.79 0
08:09 741.93 -9.06 81 3.13 0
08:10 741.93 -9.06 81 1.34 0
08:11 741.93 -9.06 81 .89 0
08:12 741.93 -9.06 81 3.13 0
08:13 741.93 -9 81 2.68 0
08:14 741.93 -9 81 1.79 0
08:15 741.93 -9.06 81 3.13 0
08:16 741.93 -9 81 2.68 0
08:17 741.93 -9.06 82 .89 0
08:18 741.93 -9.06 82 2.24 0
08:19 741.93 -9.06 82 .89 0
08:20 741.93 -9.06 82 1.79 0
08:21 741.93 -9 82 2.24 0
08:22 741.93 -9 82 1.34 0
08:23 741.93 -9 81 4.02 0
08:24 741.93 -9.06 81 3.58 0
08:25 741.93 -9.06 81 1.34 0
08:26 741.93 -9.06 80 3.58 0
08:27 741.93 -9.06 80 1.34 0
08:28 741.93 -9.06 80 3.58 0
08:29 741.93 -9.06 80 1.79 0
08:30 741.68 -9.06 80 2.24 0
08:31 741.93 -9.06 79 3.58 0
08:32 741.68 -9.06 79 4.02 0
08:33 741.68 -9.06 79 3.13 0
08:34 741.68 -9.06 79 1.34 0
08:35 741.68 -9.06 79 1.79 0
08:36 741.68 -9.06 79 1.79 0
08:37 741.93 -9.06 79 1.34 0
08:38 741.68 -9 79 2.68 0
08:39 741.68 -9.06 79 2.68 0
08:40 741.68 -9 79 4.92 0
08:41 741.68 -9.06 79 1.79 0
08:42 741.68 -9 79 4.02 0
08:43 741.68 -9.06 79 2.24 0
08:44 741.68 -9.06 79 1.79 0
08:45 741.68 -9.06 79 .89 0
08:46 741.68 -9.06 79 .89 0
08:47 741.68 -9 79 1.79 0
08:48 741.68 -9 80 2.24 0
08:49 741.68 -8.94 80 2.68 0
08:50 741.68 -8.94 80 1.79 0
08:51 741.68 -8.94 80 3.13 0
08:52 741.68 -9 80 2.24 0
08:53 741.68 -9 79 2.68 0
08:54 741.68 -8.94 79 2.24 0
08:55 741.68 -9 80 3.13 0
08:56 741.68 -9 79 2.68 0
08:57 741.68 -8.94 79 3.58 0
08:58 741.68 -8.94 80 4.02 0
08:59 741.68 -8.89 80 3.13 0
09:00 741.68 -8.94 79 1.79 0
09:01 741.68 -8.89 79 3.13 0
09:02 741.68 -8.94 79 3.13 0
09:03 741.68 -8.94 79 1.79 0
09:04 741.68 -8.94 79 2.24 0
09:05 741.68 -8.94 79 1.79 0
09:06 741.68 -8.94 79 1.34 0
09:07 741.68 -8.94 79 1.34 0
09:08 741.68 -8.94 80 1.34 0
09:09 741.43 -8.94 80 1.34 0
09:10 741.43 -8.89 80 .89 0
09:11 741.43 -8.89 80 1.79 0
09:12 741.43 -8.89 80 1.34 0
09:13 741.43 -8.83 80 2.24 0
09:14 741.43 -8.83 80 2.68 0
09:15 741.43 -8.83 80 3.58 0
09:16 741.43 -8.89 80 3.58 0
09:17 741.43 -8.89 80 4.02 0
09:18 741.43 -8.89 79 1.79 0
09:19 741.43 -8.94 79 1.79 0
09:20 741.43 -8.94 79 .89 0
09:21 741.43 -8.94 80 3.13 0
09:22 741.43 -8.89 80 3.13 0
09:23 741.43 -8.94 80 2.24 0
09:24 741.43 -8.89 80 3.58 0
09:25 741.43 -8.89 80 1.34 0
09:26 741.43 -8.89 80 1.79 0
09:27 741.43 -8.89 80 .89 0
09:28 741.43 -8.89 80 1.79 0
09:29 741.17 -8.89 80 1.79 0
09:30 741.17 -8.89 80 1.34 0
09:31 741.17 -8.83 80 1.79 0
09:32 741.17 -8.83 80 1.79 0
09:33 741.17 -8.83 80 1.79 0
09:34 741.17 -8.83 80 .89 0
09:35 741.17 -8.83 80 .89 0
09:36 741.17 -8.78 80 2.24 0
09:37 740.92 -8.78 80 1.34 0
09:38 740.92 -8.78 80 .89 0
09:39 740.92 -8.78 80 1.79 0
09:40 740.92 -8.78 80 1.79 0
09:41 740.92 -8.72 80 .89 0
09:42 740.92 -8.67 80 4.02 0
09:43 740.92 -8.72 80 5.36 0
09:44 740.92 -8.67 80 3.58 0
09:45 740.92 -8.67 80 2.24 0
09:46 740.66 -8.67 80 4.02 0
09:47 740.66 -8.67 80 1.34 0
09:48 740.66 -8.61 80 1.79 0
09:49 740.66 -8.56 80 1.79 0
09:50 740.66 -8.56 80 2.68 0
09:51 740.66 -8.56 80 3.58 0
09:52 740.66 -8.56 80 2.68 0
09:53 740.66 -8.61 80 2.24 0
09:54 740.66 -8.61 80 3.58 0
09:55 740.66 -8.61 79 5.81 0
09:56 740.66 -8.61 79 4.47 0
09:57 740.66 -8.61 79 1.79 0
09:58 740.66 -8.67 79 2.24 0
09:59 740.66 -8.61 79 3.13 0
10:00 740.41 -8.56 80 1.34 0
10:01 740.41 -8.56 80 2.68 0
10:02 740.41 -8.56 80 4.02 0
10:03 740.41 -8.56 79 4.92 0
10:04 740.41 -8.56 79 3.13 0
10:05 740.41 -8.56 79 1.79 0
10:06 740.41 -8.56 79 2.68 0
10:07 740.41 -8.5 79 3.13 0
10:08 740.41 -8.5 79 2.68 0
10:09 740.41 -8.56 79 1.79 0
10:10 740.41 -8.5 79 1.34 0
10:11 740.41 -8.5 79 2.24 0
10:12 740.41 -8.5 80 1.34 0
10:13 740.41 -8.5 80 4.47 0
10:14 740.41 -8.44 80 2.24 0
10:15 740.41 -8.5 79 3.13 0
10:16 740.41 -8.5 79 1.34 0
10:17 740.41 -8.5 79 4.02 0
10:18 740.41 -8.5 79 3.58 0
10:19 740.41 -8.5 79 4.47 0
10:20 740.41 -8.5 79 5.36 0
10:21 740.41 -8.5 79 4.02 0
10:22 740.16 -8.5 79 3.13 0
10:23 740.41 -8.5 79 2.24 0
10:24 740.16 -8.5 79 3.13 0
10:25 740.16 -8.5 79 4.02 0
10:26 740.16 -8.5 79 3.13 0
10:27 740.16 -8.5 79 3.58 0
10:28 740.16 -8.5 79 4.02 0
10:29 740.16 -8.5 79 4.47 0
10:30 740.16 -8.56 79 1.79 0
10:31 740.16 -8.56 79 1.34 0
10:32 740.16 -8.5 80 1.79 0
10:33 740.16 -8.5 80 2.24 0
10:34 740.16 -8.44 80 3.13 0
10:35 740.16 -8.44 80 1.79 0
10:36 740.16 -8.33 80 2.68 0
10:37 740.16 -8.33 80 1.34 0
10:38 740.16 -8.28 80 1.79 0
10:39 740.16 -8.28 80 1.79 0
10:40 740.16 -8.28 80 2.24 0
10:41 740.16 -8.28 80 1.34 0
10:42 740.16 -8.28 80 4.02 0
10:43 740.16 -8.28 80 4.47 0
10:44 740.16 -8.33 80 2.68 0
10:45 740.16 -8.33 80 4.47 0
10:46 740.16 -8.33 80 4.47 0
10:47 740.16 -8.33 80 3.58 0
10:48 740.16 -8.33 80 3.58 0
10:49 739.9 -8.33 80 2.24 0
10:50 739.9 -8.33 80 4.47 0
10:51 739.9 -8.33 80 3.58 0
10:52 739.9 -8.44 80 1.79 0
10:53 739.9 -8.44 80 3.13 0
10:54 739.9 -8.44 80 3.13 0
10:55 739.9 -8.44 80 4.47 0
10:56 739.9 -8.44 80 3.13 0
10:57 739.9 -8.44 80 5.36 0
10:58 739.9 -8.44 80 3.58 0
10:59 739.9 -8.5 80 3.58 0
11:00 739.9 -8.44 80 2.24 0
11:01 739.9 -8.44 80 3.58 0
11:02 739.65 -8.44 81 3.13 0
11:03 739.65 -8.44 81 3.58 0
11:04 739.65 -8.44 81 .89 0
11:05 739.65 -8.44 80 2.24 0
11:06 739.65 -8.44 80 2.68 0
11:07 739.65 -8.44 81 2.68 0
11:08 739.65 -8.33 81 2.24 0
11:09 739.65 -8.33 81 .45 0
11:10 739.65 -8.33 81 1.79 0
11:11 739.65 -8.28 81 1.34 0
11:12 739.65 -8.28 81 2.24 0
11:13 739.39 -8.17 81 2.24 0
11:14 739.39 -8.17 81 2.24 0
11:15 739.39 -8.17 81 1.34 0
11:16 739.39 -8.17 81 1.79 0
11:17 739.39 -8.17 81 2.24 0
11:18 739.39 -8.17 81 1.34 0
11:19 739.39 -8.17 81 3.13 0
11:20 739.39 -8.17 81 4.47 0
11:21 739.39 -8.17 81 1.34 0
11:22 739.14 -8.22 81 1.34 0
11:23 739.14 -8.22 80 2.24 0
11:24 739.14 -8.17 80 3.13 0
11:25 739.14 -8.22 80 .45 0
11:26 739.14 -8.22 80 .89 0
11:27 739.14 -8.17 81 4.02 0
11:28 739.14 -8.17 81 2.24 0
11:29 739.14 -8.22 80 2.68 0
11:30 739.14 -8.22 80 2.24 0
11:31 739.14 -8.17 80 2.68 0
11:32 738.89 -8.17 81 2.68 0
11:33 738.89 -8.17 81 1.79 0
11:34 738.89 -8.17 81 4.02 0
11:35 738.89 -8.17 80 3.58 0
11:36 738.89 -8.17 80 2.24 0
11:37 738.89 -8.17 79 3.13 0
11:38 738.89 -8.17 79 3.13 0
11:39 738.89 -8.17 79 1.79 0
11:40 738.89 -8.17 79 3.13 0
11:41 738.89 -8.17 79 1.79 0
11:42 738.89 -8.17 79 4.47 0
11:43 738.89 -8.17 79 4.92 0
11:44 738.89 -8.22 79 4.02 0
11:45 738.89 -8.22 79 2.24 0
11:46 738.89 -8.22 79 3.13 0
11:47 738.63 -8.17 79 3.58 0
11:48 738.63 -8.17 79 2.68 0
11:49 738.63 -8.17 79 4.47 0
11:50 738.63 -8.17 79 2.68 0
11:51 738.63 -8.17 79 3.13 0
11:52 738.63 -8.11 79 4.47 0
11:53 738.63 -8.17 79 2.68 0
11:54 738.63 -8.17 78 2.68 0
11:55 738.38 -8.22 78 3.58 0
11:56 738.38 -8.28 78 3.13 0
11:57 738.38 -8.28 78 4.92 0
11:58 738.38 -8.28 78 2.24 0
11:59 738.38 -8.28 78 3.58 0
12:00 738.38 -8.28 79 .89 0
12:01 738.38 -8.22 79 4.47 0
12:02 738.38 -8.17 79 4.47 0
12:03 738.38 -8.17 79 2.68 0
12:04 738.38 -8.17 79 1.79 0
12:05 738.38 -8.11 79 1.79 0
12:06 738.12 -8.11 79 2.24 0
12:07 738.12 -8.06 78 3.58 0
12:08 738.12 -8.06 78 3.13 0
12:09 738.12 -8.06 78 2.24 0
12:10 738.12 -8.06 78 2.68 0
12:11 738.12 -8.06 78 1.34 0
12:12 738.12 -8 78 4.92 0
12:13 738.12 -8.06 78 3.58 0
12:14 738.12 -8 78 2.24 0
12:15 738.12 -8 78 3.58 0
12:16 737.87 -8.06 78 2.24 0
12:17 738.12 -8.06 78 4.47 0
12:18 737.87 -8.06 78 2.68 0
12:19 737.87 -8.06 78 3.58 0
12:20 737.87 -8.06 78 4.92 0
12:21 737.87 -8.11 78 3.58 0
12:22 737.87 -8.11 78 3.13 0
12:23 737.87 -8.06 78 4.47 0
12:24 737.87 -8.11 78 4.92 0
12:25 737.87 -8.11 78 5.36 0
12:26 737.62 -8.11 78 2.68 0
12:27 737.62 -8.11 78 2.24 0
12:28 737.62 -8.06 78 2.24 0
12:29 737.62 -8.06 78 4.47 0
12:30 737.62 -8.06 78 3.13 0
12:31 737.62 -8.06 78 .45 0
12:32 737.62 -8.06 79 2.24 0
12:33 737.62 -8 79 1.79 0
12:34 737.62 -8 79 2.24 0
12:35 737.62 -8.06 79 2.68 0
12:36 737.62 -8 78 2.68 0
12:37 737.62 -8 78 2.68 0
12:38 737.62 -8 78 2.68 0
12:39 737.62 -8 79 2.24 0
12:40 737.62 -8 79 3.58 0
12:41 737.62 -8 78 4.02 0
12:42 737.62 -8.06 78 2.68 0
12:43 737.62 -8 78 4.02 0
12:44 737.62 -8 78 2.24 0
12:45 737.62 -8 78 1.34 0
12:46 737.36 -7.94 78 2.68 0
12:47 737.36 -7.94 79 2.24 0
12:48 737.36 -7.89 78 2.24 0
12:49 737.36 -7.94 78 2.68 0
12:50 737.36 -7.89 78 2.68 0
12:51 737.36 -7.89 78 4.47 0
12:52 737.36 -7.89 78 3.58 0
12:53 737.11 -7.89 78 4.47 0
12:54 737.36 -7.89 78 3.58 0
12:55 737.11 -7.89 78 3.13 0
12:56 737.36 -7.89 78 2.68 0
12:57 737.36 -7.89 78 1.34 0
12:58 737.11 -7.89 78 1.79 0
12:59 737.11 -7.83 78 .89 0
13:00 737.11 -7.89 78 4.02 0
13:01 737.11 -7.83 78 4.47 0
13:02 737.11 -7.83 78 4.02 0
13:03 737.11 -7.83 78 3.13 0
13:04 737.11 -7.89 77 4.47 0
13:05 736.85 -7.89 77 3.13 0
13:06 736.85 -7.89 77 4.02 0
13:07 736.85 -7.89 77 4.92 0
13:08 736.85 -7.89 77 1.79 0
13:09 736.85 -7.89 77 1.79 0
13:10 736.85 -7.89 77 1.79 0
13:11 736.85 -7.83 78 2.24 0
13:12 736.85 -7.83 78 3.58 0
13:13 736.85 -7.83 78 6.26 0
13:14 736.85 -7.83 78 2.24 0
13:15 736.6 -7.83 77 4.02 0
13:16 736.6 -7.83 77 4.92 0
13:17 736.6 -7.89 77 4.92 0
13:18 736.6 -7.89 77 2.68 0
13:19 736.6 -7.89 77 4.92 0
13:20 736.6 -7.83 77 4.47 0
13:21 736.6 -7.89 77 3.13 0
13:22 736.35 -7.89 77 2.24 0
13:23 736.35 -7.89 77 1.34 0
13:24 736.35 -7.89 78 2.68 0
13:25 736.35 -7.89 78 2.24 0
13:26 736.35 -7.89 78 1.79 0
13:27 736.35 -7.89 78 2.24 0
13:28 736.09 -7.89 78 1.34 0
13:29 736.09 -7.89 78 3.13 0
13:30 736.09 -7.89 78 6.26 0
13:31 736.09 -7.89 78 3.58 0
13:32 736.09 -7.89 78 4.47 0
13:33 736.09 -7.89 78 4.02 0
13:34 736.09 -7.89 78 1.34 0
13:35 736.09 -7.89 78 1.34 0
13:36 736.09 -7.89 78 4.02 0
13:37 736.09 -7.89 78 2.24 0
13:38 736.09 -7.89 78 4.02 0
13:39 736.09 -7.89 78 3.58 0
13:40 736.09 -7.89 78 4.92 0
13:41 736.09 -7.89 78 4.47 0
13:42 735.84 -7.89 78 5.36 0
13:43 735.84 -7.89 78 4.02 0
13:44 735.84 -7.89 78 4.02 0
13:45 735.84 -7.83 78 3.13 0
13:46 735.84 -7.89 78 4.47 0
13:47 735.84 -7.89 78 2.68 0
13:48 735.84 -7.89 78 2.68 0
13:49 735.58 -7.89 78 2.68 0
13:50 735.58 -7.89 78 1.34 0
13:51 735.58 -7.89 78 2.68 0
13:52 735.58 -7.83 78 2.68 0
13:53 735.58 -7.83 78 4.02 0
13:54 735.58 -7.89 78 2.24 0
13:55 735.58 -7.83 78 3.58 0
13:56 735.58 -7.83 79 3.58 0
13:57 735.58 -7.83 78 2.68 0
13:58 735.58 -7.89 79 1.79 0
13:59 735.58 -7.83 79 2.68 0
14:00 735.33 -7.83 79 1.79 0
14:01 735.33 -7.83 79 4.47 0
14:02 735.33 -7.83 79 4.02 0
14:03 735.33 -7.83 79 1.79 0
14:04 735.33 -7.83 79 3.58 0
14:05 735.33 -7.83 79 2.24 0
14:06 735.33 -7.83 79 1.79 0
14:07 735.33 -7.83 79 3.58 0
14:08 735.33 -7.83 79 3.58 0
14:09 735.33 -7.83 79 6.26 0
14:10 735.33 -7.89 79 3.13 0
14:11 735.33 -7.83 79 4.92 0
14:12 735.33 -7.83 79 3.58 0
14:13 735.33 -7.83 79 2.68 0
14:14 735.33 -7.83 79 2.68 0
14:15 735.33 -7.83 79 4.47 0
14:16 735.33 -7.83 79 3.58 0
14:17 735.33 -7.83 79 4.02 0
14:18 735.33 -7.83 79 4.02 0
14:19 735.33 -7.83 79 1.34 0
14:20 735.33 -7.83 79 2.68 0
14:21 735.08 -7.83 79 3.13 0
14:22 735.08 -7.83 79 4.92 0
14:23 735.08 -7.83 79 2.24 0
14:24 735.08 -7.83 79 4.02 0
14:25 735.08 -7.83 79 4.47 0
14:26 735.08 -7.83 79 4.92 0
14:27 735.08 -7.83 79 2.68 0
14:28 735.08 -7.83 79 5.36 0
14:29 735.08 -7.83 79 2.68 0
14:30 735.08 -7.89 79 6.71 0
14:31 735.08 -7.89 79 3.58 0
14:32 735.08 -7.89 79 4.02 0
14:33 735.08 -7.89 79 4.92 0
14:34 735.08 -7.89 79 4.47 0
14:35 735.08 -7.83 79 5.36 0
14:36 734.82 -7.89 79 5.81 0
14:37 734.82 -7.89 79 2.24 0
14:38 734.82 -7.89 79 5.36 0
14:39 734.82 -7.83 79 2.24 0
14:40 734.82 -7.83 79 4.92 0
14:41 734.82 -7.89 79 2.68 0
14:42 734.82 -7.89 79 2.68 0
14:43 734.82 -7.89 79 3.13 0
14:44 734.57 -7.83 79 4.02 0
14:45 734.57 -7.89 79 1.79 0
14:46 734.57 -7.89 79 2.24 0
14:47 734.57 -7.89 79 1.79 0
14:48 734.57 -7.89 79 4.02 0
14:49 734.57 -7.89 79 3.58 0
14:50 734.57 -7.89 79 .89 0
14:51 734.57 -7.89 79 3.58 0
14:52 734.57 -7.94 80 1.34 0
14:53 734.31 -7.94 80 2.68 0
14:54 734.31 -7.94 80 4.02 0
14:55 734.31 -8 80 5.36 0
14:56 734.31 -8 81 4.47 0
14:57 734.31 -8.06 81 3.13 0
14:58 734.31 -8.06 81 5.81 0
14:59 734.31 -8.11 81 4.92 0
15:00 734.31 -8.11 81 4.47 0
15:01 734.31 -8.17 82 4.02 0
15:02 734.31 -8.17 82 6.26 0
15:03 734.31 -8.22 82 4.02 0
15:04 734.31 -8.22 82 2.68 0
15:05 734.31 -8.28 83 1.34 0
15:06 734.31 -8.28 83 4.02 0
15:07 734.31 -8.28 83 1.79 0
15:08 734.06 -8.28 84 .89 0
15:09 734.06 -8.28 84 4.47 0
15:10 734.06 -8.33 84 4.92 0
15:11 734.06 -8.39 84 2.68 0
15:12 734.06 -8.39 84 5.36 0
15:13 734.06 -8.39 85 3.13 0
15:14 734.06 -8.39 85 4.47 0
15:15 734.06 -8.44 85 3.13 0
15:16 733.81 -8.44 85 1.79 0
15:17 734.06 -8.44 86 4.02 0
15:18 733.81 -8.5 86 3.58 0
15:19 733.81 -8.5 86 4.47 0
15:20 733.81 -8.5 86 4.47 0
15:21 733.81 -8.5 86 2.68 0
15:22 733.81 -8.5 86 3.13 0
15:23 733.81 -8.5 86 3.13 0
15:24 733.81 -8.5 86 3.13 0
15:25 733.55 -8.5 86 1.79 0
15:26 733.55 -8.5 87 4.92 0
15:27 733.55 -8.56 87 5.36 0
15:28 733.55 -8.56 87 3.13 0
15:29 733.55 -8.5 87 2.68 0
15:30 733.55 -8.56 87 1.34 0
15:31 733.55 -8.56 87 4.02 0
15:32 733.55 -8.56 87 4.47 0
15:33 733.55 -8.56 87 3.13 0
15:34 733.55 -8.56 87 4.02 0
15:35 733.55 -8.56 87 2.24 0
15:36 733.3 -8.56 87 2.68 0
15:37 733.3 -8.56 87 6.26 0
15:38 733.3 -8.56 87 5.36 0
15:39 733.3 -8.56 87 4.47 0
15:40 733.3 -8.56 87 2.68 0
15:41 733.3 -8.61 87 4.92 0
15:42 733.3 -8.56 87 4.92 0
15:43 733.3 -8.61 87 4.02 0
15:44 733.3 -8.56 87 4.92 0
15:45 733.3 -8.61 88 5.36 0
15:46 733.3 -8.56 88 4.92 0
15:47 733.3 -8.61 88 6.26 0
15:48 733.3 -8.61 88 7.15 0
15:49 733.3 -8.61 88 3.13 0
15:50 733.3 -8.61 88 1.34 0
15:51 733.04 -8.61 88 3.13 0
15:52 733.3 -8.61 88 3.58 0
15:53 733.04 -8.61 88 4.92 0
15:54 733.04 -8.61 88 4.02 0
15:55 733.04 -8.61 88 4.92 0
15:56 733.04 -8.56 88 1.34 0
15:57 733.04 -8.61 88 2.68 0
15:58 733.04 -8.56 88 4.47 0
15:59 733.04 -8.61 88 2.24 0
16:00 733.04 -8.61 88 3.58 0
16:01 733.04 -8.61 88 3.13 0
16:02 733.04 -8.56 88 2.24 0
16:03 733.04 -8.61 88 6.26 0
16:04 732.79 -8.56 88 5.36 0
16:05 732.79 -8.61 88 6.26 0
16:06 732.79 -8.56 88 4.92 0
16:07 732.79 -8.61 88 2.24 0
16:08 732.79 -8.61 88 3.58 0
16:09 732.79 -8.61 88 5.36 0
16:10 732.79 -8.61 88 3.13 0
16:11 732.54 -8.61 88 3.58 0
16:12 732.79 -8.67 88 2.24 0
16:13 732.54 -8.67 89 .45 0
16:14 732.54 -8.67 88 3.13 0
16:15 732.54 -8.67 88 3.13 0
16:16 732.54 -8.61 89 1.79 0
16:17 732.54 -8.61 89 3.58 0
16:18 732.54 -8.61 89 3.58 0
16:19 732.54 -8.61 89 2.68 0
16:20 732.54 -8.61 89 3.58 0
16:21 732.54 -8.61 89 6.71 0
16:22 732.54 -8.61 89 5.36 0
16:23 732.54 -8.67 89 2.24 0
16:24 732.54 -8.61 89 4.92 0
16:25 732.54 -8.67 89 3.13 0
16:26 732.54 -8.67 89 3.13 0
16:27 732.54 -8.67 89 4.47 0
16:28 732.54 -8.67 89 4.47 0
16:29 732.28 -8.67 89 3.13 0
16:30 732.54 -8.67 89 4.02 0
16:31 732.54 -8.61 89 4.02 0
16:32 732.28 -8.67 89 5.36 0
16:33 732.28 -8.67 89 4.02 0
16:34 732.28 -8.67 89 2.24 0
16:35 732.28 -8.61 89 4.02 0
16:36 732.28 -8.61 89 4.02 0
16:37 732.28 -8.61 89 4.02 0
16:38 732.28 -8.67 89 3.13 0
16:39 732.28 -8.67 89 1.79 0
16:40 732.28 -8.67 89 3.13 0
16:41 732.03 -8.67 89 2.24 0
16:42 732.03 -8.67 89 3.13 0
16:43 732.03 -8.72 89 4.02 0
16:44 732.03 -8.72 89 2.68 0
16:45 732.03 -8.72 89 2.68 0
16:46 732.03 -8.72 89 3.13 0
16:47 732.03 -8.72 89 3.13 0
16:48 732.03 -8.72 89 5.36 0
16:49 732.03 -8.72 89 4.02 0
16:50 732.03 -8.72 89 5.81 0
16:51 732.03 -8.72 89 6.26 0
16:52 732.03 -8.72 89 2.68 0
16:53 732.03 -8.72 89 3.13 0
16:54 732.03 -8.72 89 5.36 0
16:55 731.77 -8.72 89 3.13 0
16:56 731.77 -8.78 89 7.15 0
16:57 731.77 -8.72 89 7.15 0
16:58 731.77 -8.78 89 2.68 0
16:59 731.77 -8.72 89 1.34 0
17:00 731.77 -8.72 89 4.92 0
17:01 731.77 -8.78 89 5.36 0
17:02 731.52 -8.72 89 3.13 0
17:03 731.52 -8.72 89 3.13 0
17:04 731.52 -8.72 89 4.02 0
17:05 731.52 -8.72 89 3.58 0
17:06 731.52 -8.72 89 1.34 0
17:07 731.52 -8.72 89 4.92 0
17:08 731.52 -8.72 89 4.02 0
17:09 731.52 -8.72 89 3.13 0
17:10 731.52 -8.78 89 3.13 0
17:11 731.52 -8.78 89 4.02 0
17:12 731.52 -8.78 89 2.24 0
17:13 731.52 -8.72 89 1.79 0
17:14 731.27 -8.72 89 4.92 0
17:15 731.27 -8.72 89 3.58 0
17:16 731.27 -8.72 89 2.68 0
17:17 731.27 -8.72 89 3.13 0
17:18 731.27 -8.72 89 3.13 0
17:19 731.27 -8.72 89 .89 0
17:20 731.27 -8.72 89 3.58 0
17:21 731.27 -8.67 89 3.58 0
17:22 731.27 -8.67 89 2.68 0
17:23 731.27 -8.67 89 2.24 0
17:24 731.27 -8.67 89 1.79 0
17:25 731.27 -8.67 89 2.68 0
17:26 731.27 -8.67 89 1.34 0
17:27 731.27 -8.67 89 4.02 0
17:28 731.01 -8.67 89 4.02 0
17:29 731.01 -8.67 89 2.24 0
17:30 731.01 -8.72 89 3.58 0
17:31 731.01 -8.67 89 3.58 0
17:32 731.01 -8.72 89 4.92 0
17:33 731.01 -8.72 89 2.24 0
17:34 731.01 -8.72 89 4.02 0
17:35 731.01 -8.78 89 2.68 0
17:36 731.01 -8.72 89 3.58 0
17:37 731.01 -8.72 89 5.36 0
17:38 731.01 -8.78 89 2.24 0
17:39 731.01 -8.72 89 1.79 0
17:40 731.01 -8.72 89 3.58 0
17:41 731.01 -8.78 89 2.68 0
17:42 731.01 -8.72 89 2.68 0
17:43 731.01 -8.72 89 3.58 0
17:44 730.76 -8.72 89 4.92 0
17:45 731.01 -8.72 89 4.47 0
17:46 730.76 -8.72 89 1.79 0
17:47 730.76 -8.67 89 6.26 0
17:48 730.76 -8.72 89 1.34 0
17:49 730.76 -8.67 89 4.92 0
17:50 730.76 -8.67 89 4.02 0
17:51 730.76 -8.67 89 3.13 0
17:52 730.76 -8.72 89 2.24 0
17:53 730.76 -8.67 89 1.34 0
17:54 730.76 -8.72 89 2.24 0
17:55 730.76 -8.72 89 4.02 0
17:56 730.5 -8.72 89 4.47 0
17:57 730.5 -8.72 89 3.58 0
17:58 730.76 -8.72 89 6.26 0
17:59 730.5 -8.72 89 2.24 0
18:00 730.5 -8.72 89 3.58 0
18:01 730.5 -8.72 89 3.13 0
18:02 730.5 -8.72 89 2.24 0
18:03 730.5 -8.72 89 4.47 0
18:04 730.5 -8.72 89 4.02 0
18:05 730.5 -8.78 89 3.13 0
18:06 730.5 -8.78 89 2.68 0
18:07 730.5 -8.72 89 3.13 0
18:08 730.5 -8.72 89 4.02 0
18:09 730.5 -8.72 89 4.02 0
18:10 730.5 -8.72 89 1.79 0
18:11 730.5 -8.72 89 1.79 0
18:12 730.5 -8.72 89 4.02 0
18:13 730.5 -8.72 89 4.47 0
18:14 730.5 -8.72 89 2.68 0
18:15 730.5 -8.78 89 4.47 0
18:16 730.5 -8.78 89 .89 0
18:17 730.5 -8.78 89 4.02 0
18:18 730.25 -8.72 89 4.47 0
18:19 730.25 -8.72 89 2.24 0
18:20 730.25 -8.72 89 3.58 0
18:21 730.25 -8.78 89 3.58 0
18:22 730.25 -8.72 90 2.24 0
18:23 730.25 -8.72 90 5.36 0
18:24 730.25 -8.72 90 3.58 0
18:25 730.25 -8.72 90 4.02 0
18:26 730 -8.72 90 4.02 0
18:27 730.25 -8.72 90 4.92 0
18:28 730 -8.67 90 4.02 0
18:29 730.25 -8.72 90 2.68 0
18:30 730.25 -8.72 89 4.47 0
18:31 730 -8.72 89 .89 0
18:32 730 -8.72 89 5.36 0
18:33 730 -8.72 89 4.92 0
18:34 730 -8.72 89 3.13 0
18:35 730 -8.67 89 4.02 0
18:36 729.74 -8.72 89 2.68 0
18:37 729.74 -8.72 89 3.58 0
18:38 729.74 -8.72 89 5.81 0
18:39 729.74 -8.67 89 6.71 0
18:40 729.74 -8.72 89 1.79 0
18:41 729.74 -8.72 89 1.79 0
18:42 729.74 -8.67 89 3.13 0
18:43 729.49 -8.72 89 4.02 0
18:44 729.49 -8.67 89 4.02 0
18:45 729.74 -8.72 89 3.58 0
18:46 729.49 -8.72 89 4.47 0
18:47 729.49 -8.72 89 1.34 0
18:48 729.49 -8.67 89 5.36 0
18:49 729.49 -8.72 89 4.92 0
18:50 729.49 -8.67 89 2.68 0
18:51 729.49 -8.67 89 3.13 0
18:52 729.49 -8.72 89 5.36 0
18:53 729.49 -8.67 89 2.24 0
18:54 729.49 -8.72 89 4.47 0
18:55 729.23 -8.67 89 5.36 0
18:56 729.23 -8.67 89 5.36 0
18:57 729.23 -8.72 89 4.92 0
18:58 729.23 -8.72 89 1.79 0
18:59 729.23 -8.67 89 2.24 0
19:00 729.23 -8.67 89 3.13 0
19:01 729.23 -8.67 89 4.47 0
19:02 729.23 -8.72 89 4.92 0
19:03 729.23 -8.72 89 3.13 0
19:04 729.23 -8.67 89 4.02 0
19:05 729.23 -8.67 89 5.36 0
19:06 728.98 -8.72 89 3.58 0
19:07 728.98 -8.67 89 3.13 0
19:08 728.98 -8.67 89 4.92 0
19:09 728.98 -8.67 89 4.47 0
19:10 728.98 -8.67 89 7.15 0
19:11 728.98 -8.67 89 3.13 0
19:12 728.98 -8.67 89 2.24 0
19:13 728.98 -8.67 89 1.34 0
19:14 728.98 -8.67 89 4.92 0
19:15 728.98 -8.67 89 3.58 0
19:16 728.98 -8.67 89 6.26 0
19:17 728.98 -8.67 89 1.79 0
19:18 728.98 -8.67 89 .89 0
19:19 728.98 -8.67 89 4.92 0
19:20 728.98 -8.67 89 4.92 0
19:21 728.73 -8.67 89 4.02 0
19:22 728.73 -8.67 89 5.36 0
19:23 728.73 -8.67 89 5.81 0
19:24 728.73 -8.67 89 3.58 0
19:25 728.73 -8.67 89 6.26 0
19:26 728.73 -8.67 89 3.13 0
19:27 728.73 -8.67 89 1.34 0
19:28 728.73 -8.67 89 1.79 0
19:29 728.73 -8.61 89 4.02 0
19:30 728.73 -8.61 89 4.92 0
19:31 728.73 -8.61 89 4.92 0
19:32 728.47 -8.67 89 4.47 0
19:33 728.73 -8.61 89 2.24 0
19:34 728.47 -8.61 89 5.81 0
19:35 728.47 -8.61 89 3.58 0
19:36 728.47 -8.67 89 2.68 0
19:37 728.47 -8.61 89 4.47 0
19:38 728.47 -8.61 89 1.79 0
19:39 728.47 -8.67 89 3.58 0
19:40 728.47 -8.61 89 3.58 0
19:41 728.47 -8.61 89 5.36 0
19:42 728.47 -8.61 89 3.13 0
19:43 728.47 -8.61 89 4.47 0
19:44 728.47 -8.67 89 4.47 0
19:45 728.47 -8.61 89 3.58 0
19:46 728.22 -8.61 89 4.02 0
19:47 728.22 -8.61 89 5.81 0
19:48 728.22 -8.67 89 5.81 0
19:49 728.47 -8.61 89 3.13 0
19:50 728.22 -8.61 89 1.34 0
19:51 728.22 -8.61 89 4.02 0
19:52 728.22 -8.61 89 4.92 0
19:53 728.22 -8.61 89 4.47 0
19:54 728.22 -8.61 89 2.68 0
19:55 728.22 -8.61 89 4.02 0
19:56 728.22 -8.61 89 2.68 0
19:57 728.22 -8.61 89 4.02 0
19:58 728.22 -8.61 89 1.79 0
19:59 728.22 -8.61 89 3.13 0
20:00 728.22 -8.56 89 2.68 0
20:01 727.96 -8.61 89 3.13 0
20:02 727.96 -8.61 89 3.58 0
20:03 727.96 -8.61 89 6.71 0
20:04 727.96 -8.61 89 4.02 0
20:05 727.96 -8.61 89 3.58 0
20:06 727.96 -8.61 89 5.36 0
20:07 727.96 -8.61 89 2.24 0
20:08 727.96 -8.61 89 5.36 0
20:09 727.96 -8.61 89 5.36 0
20:10 727.96 -8.61 89 4.92 0
20:11 727.96 -8.61 89 4.47 0
20:12 727.71 -8.56 89 3.13 0
20:13 727.71 -8.61 89 1.79 0
20:14 727.71 -8.61 89 4.92 0
20:15 727.71 -8.61 89 4.47 0
20:16 727.71 -8.56 89 2.68 0
20:17 727.71 -8.61 89 2.24 0
20:18 727.71 -8.56 89 3.13 0
20:19 727.46 -8.61 89 3.58 0
20:20 727.46 -8.56 89 4.47 0
20:21 727.46 -8.56 89 3.58 0
20:22 727.46 -8.56 89 3.13 0
20:23 727.46 -8.61 89 1.34 0
20:24 727.46 -8.56 89 3.58 0
20:25 727.46 -8.56 89 3.13 0
20:26 727.46 -8.56 89 4.02 0
20:27 727.46 -8.56 89 3.13 0
20:28 727.46 -8.56 89 4.47 0
20:29 727.46 -8.56 89 2.68 0
20:30 727.46 -8.56 89 4.47 0
20:31 727.46 -8.56 89 3.58 0
20:32 727.46 -8.56 89 4.02 0
20:33 727.2 -8.56 89 5.36 0
20:34 727.2 -8.56 89 2.68 0
20:35 727.2 -8.56 89 2.24 0
20:36 727.2 -8.56 89 2.68 0
20:37 727.2 -8.56 89 4.02 0
20:38 727.2 -8.56 89 4.47 0
20:39 727.2 -8.56 89 4.02 0
20:40 727.2 -8.56 89 .89 0
20:41 727.2 -8.56 89 2.24 0
20:42 726.95 -8.56 89 3.58 0
20:43 726.95 -8.56 89 .89 0
20:44 726.95 -8.56 89 4.02 0
20:45 726.95 -8.56 89 2.24 0
20:46 726.95 -8.56 89 2.24 0
20:47 726.95 -8.56 89 2.68 0
20:48 726.95 -8.5 89 2.24 0
20:49 726.95 -8.5 89 4.02 0
20:50 726.95 -8.5 89 3.58 0
20:51 726.95 -8.56 89 1.79 0
20:52 726.95 -8.5 89 5.36 0
20:53 726.69 -8.5 89 3.58 0
20:54 726.69 -8.56 89 2.24 0
20:55 726.69 -8.5 89 4.47 0
20:56 726.69 -8.56 89 2.24 0
20:57 726.69 -8.56 89 1.79 0
20:58 726.69 -8.56 89 3.58 0
20:59 726.69 -8.56 89 4.02 0
21:00 726.69 -8.5 89 2.68 0
21:01 726.69 -8.5 89 2.24 0
21:02 726.69 -8.5 89 5.81 0
21:03 726.69 -8.5 89 1.79 0
21:04 726.69 -8.5 89 4.92 0
21:05 726.69 -8.5 89 2.24 0
21:06 726.69 -8.5 89 3.13 0
21:07 726.69 -8.44 89 2.24 0
21:08 726.69 -8.44 89 1.79 0
21:09 726.44 -8.5 89 1.34 0
21:10 726.44 -8.44 89 1.79 0
21:11 726.44 -8.5 89 2.24 0
21:12 726.44 -8.44 89 1.34 0
21:13 726.44 -8.44 89 2.24 0
21:14 726.44 -8.44 89 2.68 0
21:15 726.44 -8.44 89 2.68 0
21:16 726.44 -8.44 89 3.13 0
21:17 726.44 -8.44 89 4.02 0
21:18 726.44 -8.44 89 6.26 0
21:19 726.44 -8.5 89 3.13 0
21:20 726.44 -8.44 89 2.24 0
21:21 726.19 -8.44 89 2.24 0
21:22 726.19 -8.44 89 .89 0
21:23 726.19 -8.44 89 1.79 0
21:24 726.19 -8.39 89 4.47 0
21:25 726.19 -8.44 89 4.02 0
21:26 726.19 -8.44 89 2.68 0
21:27 726.19 -8.44 89 3.13 0
21:28 726.19 -8.44 89 1.79 0
21:29 726.19 -8.44 89 2.68 0
21:30 726.19 -8.44 89 5.36 0
21:31 726.19 -8.44 89 1.34 0
21:32 726.19 -8.39 89 2.24 0
21:33 726.19 -8.39 89 3.13 0
21:34 726.19 -8.39 89 2.24 0
21:35 725.93 -8.39 89 2.68 0
21:36 726.19 -8.39 88 2.24 0
21:37 725.93 -8.39 88 4.47 0
21:38 725.93 -8.39 88 4.47 0
21:39 725.93 -8.39 88 4.47 0
21:40 725.93 -8.39 88 5.81 0
21:41 725.93 -8.39 88 3.13 0
21:42 725.93 -8.44 88 4.02 0
21:43 725.93 -8.44 88 3.13 0
21:44 725.93 -8.39 88 3.58 0
21:45 725.93 -8.44 88 2.24 0
21:46 725.93 -8.39 88 2.68 0
21:47 725.93 -8.44 88 2.24 0
21:48 725.93 -8.39 88 3.58 0
21:49 725.93 -8.39 88 2.24 0
21:50 725.68 -8.39 88 2.24 0
21:51 725.68 -8.39 88 .45 0
21:52 725.68 -8.33 88 4.02 0
21:53 725.68 -8.39 89 3.13 0
21:54 725.68 -8.33 88 .89 0
21:55 725.68 -8.33 89 .89 0
21:56 725.68 -8.33 89 .45 0
21:57 725.68 -8.33 89 1.34 0
21:58 725.68 -8.33 89 2.24 0
21:59 725.68 -8.33 88 4.92 0
22:00 725.68 -8.39 88 2.24 0
22:01 725.68 -8.39 88 1.79 0
22:02 725.68 -8.33 88 2.24 0
22:03 725.68 -8.33 88 1.79 0
22:04 725.68 -8.33 88 4.47 0
22:05 725.68 -8.39 88 .45 0
22:06 725.68 -8.33 88 5.36 0
22:07 725.42 -8.33 88 1.79 0
22:08 725.42 -8.33 88 5.81 0
22:09 725.68 -8.33 88 4.47 0
22:10 725.42 -8.39 88 3.13 0
22:11 725.42 -8.33 88 4.47 0
22:12 725.42 -8.33 88 2.24 0
22:13 725.42 -8.33 88 3.58 0
22:14 725.42 -8.33 88 1.79 0
22:15 725.42 -8.39 88 2.68 0
22:16 725.42 -8.39 88 4.47 0
22:17 725.42 -8.39 88 2.68 0
22:18 725.42 -8.39 88 3.13 0
22:19 725.17 -8.39 88 2.68 0
22:20 725.42 -8.39 88 2.24 0
22:21 725.42 -8.39 89 1.34 0
22:22 725.17 -8.39 89 .89 0
22:23 725.17 -8.33 89 5.36 0
22:24 725.17 -8.39 89 7.6 0
22:25 725.17 -8.33 89 2.24 0
22:26 725.17 -8.33 89 .45 0
22:27 725.17 -8.33 89 1.79 0
22:28 725.17 -8.33 89 4.47 0
22:29 725.17 -8.33 89 4.02 0
22:30 725.17 -8.39 89 1.34 0
22:31 725.17 -8.33 89 4.47 0
22:32 725.17 -8.33 89 2.68 0
22:33 725.17 -8.33 89 2.68 0
22:34 724.92 -8.33 89 2.68 0
22:35 724.92 -8.33 89 1.79 0
22:36 724.92 -8.33 89 5.36 0
22:37 724.92 -8.33 89 3.13 0
22:38 724.92 -8.33 89 1.34 0
22:39 724.92 -8.33 89 4.02 0
22:40 724.92 -8.33 89 3.58 0
22:41 724.92 -8.33 89 1.34 0
22:42 724.92 -8.33 89 2.24 0
22:43 724.92 -8.33 89 4.02 0
22:44 724.92 -8.33 89 2.24 0
22:45 724.92 -8.33 89 2.24 0
22:46 724.92 -8.33 89 3.13 0
22:47 724.92 -8.33 89 5.36 0
22:48 724.92 -8.33 89 4.02 0
22:49 724.66 -8.33 89 4.47 0
22:50 724.66 -8.33 89 2.24 0
22:51 724.66 -8.33 89 4.92 0
22:52 724.66 -8.33 89 4.02 0
22:53 724.66 -8.33 89 4.02 0
22:54 724.66 -8.33 89 .89 0
22:55 724.66 -8.33 89 .89 0
22:56 724.66 -8.33 89 2.68 0
22:57 724.66 -8.28 89 1.79 0
22:58 724.66 -8.33 89 1.79 0
22:59 724.66 -8.33 89 .45 0
23:00 724.66 -8.33 89 .89 0
23:01 724.66 -8.28 89 3.58 0
23:02 724.66 -8.28 89 3.58 0
23:03 724.41 -8.28 89 3.13 0
23:04 724.41 -8.28 89 3.13 0
23:05 724.41 -8.28 89 4.47 0
23:06 724.41 -8.33 89 2.68 0
23:07 724.41 -8.28 89 1.79 0
23:08 724.41 -8.28 89 1.34 0
23:09 724.41 -8.28 89 3.13 0
23:10 724.41 -8.28 89 1.34 0
23:11 724.41 -8.28 89 4.02 0
23:12 724.41 -8.28 89 3.13 0
23:13 724.41 -8.28 89 3.58 0
23:14 724.41 -8.28 89 .45 0
23:15 724.41 -8.28 89 2.68 0
23:16 724.41 -8.28 89 4.02 0
23:17 724.41 -8.28 89 1.79 0
23:18 724.41 -8.28 89 2.68 0
23:19 724.41 -8.28 89 1.79 0
23:20 724.41 -8.28 89 1.34 0
23:21 724.41 -8.28 89 3.58 0
23:22 724.41 -8.33 89 2.68 0
23:23 724.41 -8.33 89 1.79 0
23:24 724.41 -8.28 89 2.24 0
23:25 724.41 -8.28 89 2.24 0
23:26 724.15 -8.28 89 1.79 0
23:27 724.15 -8.33 90 2.68 0
23:28 724.15 -8.33 90 4.02 0
23:29 724.15 -8.33 90 2.68 0
23:30 724.15 -8.33 90 1.34 0
23:31 724.15 -8.33 90 2.24 0
23:32 724.15 -8.33 90 4.47 0
23:33 724.15 -8.28 90 3.58 0
23:34 724.15 -8.33 90 3.58 0
23:35 724.15 -8.33 90 2.68 0
23:36 724.15 -8.33 90 2.24 0
23:37 723.9 -8.33 90 4.02 0
23:38 723.9 -8.33 90 3.13 0
23:39 723.9 -8.33 90 3.13 0
23:40 723.9 -8.33 90 2.24 0
23:41 723.9 -8.33 90 .89 0
23:42 723.9 -8.33 90 1.79 0
23:43 723.9 -8.28 90 1.79 0
23:44 723.9 -8.28 90 1.79 0
23:45 723.65 -8.28 90 2.24 0
23:46 723.65 -8.28 90 3.58 0
23:47 723.65 -8.28 90 1.79 0
23:48 723.65 -8.28 90 2.68 0
23:49 723.65 -8.33 90 3.13 0
23:50 723.65 -8.33 90 2.68 0
23:51 723.65 -8.33 90 1.79 0
23:52 723.65 -8.33 90 4.02 0
23:53 723.65 -8.28 90 2.68 0
23:54 723.65 -8.28 90 1.34 0
23:55 723.65 -8.28 90 .89 0
23:56 723.39 -8.33 90 .89 0
23:57 723.65 -8.28 90 1.79 0
23:58 723.39 -8.28 90 4.92 0
23:59 723.65 -8.33 90 1.34 0
