00:00 745.24 5.11 86 4.02 0
00:01 745.24 5.11 87 4.02 0
00:02 745.24 5.06 86 4.92 0
00:03 745.24 5.06 86 2.68 0
00:04 745.24 5.06 87 4.02 0
00:05 745.24 5.06 87 1.34 0
00:06 745.24 5.06 87 3.13 0
00:07 745.24 5.06 87 4.02 0
00:08 745.24 5 87 4.47 0
00:09 745.24 5.06 87 4.47 0
00:10 745.24 5.06 87 4.92 0
00:11 745.24 5.06 87 2.68 0
00:12 745.24 5.06 87 2.24 0
00:13 745.24 5.06 87 4.47 0
00:14 745.24 5.06 87 3.58 0
00:15 745.49 5 87 3.58 0
00:16 745.49 4.94 87 2.24 0
00:17 745.49 5 87 3.58 0
00:18 745.49 4.94 87 4.02 0
00:19 745.49 4.89 87 5.36 0
00:20 745.49 4.94 87 4.02 0
00:21 745.49 4.94 87 4.92 0
00:22 745.49 4.94 87 4.92 0
00:23 745.49 4.94 87 3.58 0
00:24 745.49 4.89 87 4.02 0
00:25 745.49 4.89 87 3.13 0
00:26 745.49 4.94 87 2.68 0
00:27 745.49 4.89 87 2.68 0
00:28 745.49 4.89 87 5.81 0
00:29 745.49 4.89 87 5.36 0
00:30 745.49 4.89 87 2.24 0
00:31 745.49 4.89 87 4.02 0
00:32 745.49 4.89 87 2.68 0
00:33 745.49 4.89 87 4.47 0
00:34 745.49 4.89 87 5.81 0
00:35 745.49 4.83 87 4.92 0
00:36 745.49 4.89 87 3.58 0
00:37 745.49 4.83 87 4.47 0
00:38 745.49 4.83 87 3.13 0
00:39 745.49 4.83 87 3.58 0
00:40 745.49 4.83 87 3.58 0
00:41 745.74 4.83 87 4.47 0
00:42 745.74 4.83 87 4.02 0
00:43 745.74 4.83 87 3.58 0
00:44 745.74 4.83 87 3.58 0
00:45 745.74 4.83 87 5.36 0
00:46 745.74 4.83 87 4.92 0
00:47 745.74 4.83 87 4.02 0
00:48 745.74 4.83 87 3.58 0
00:49 745.74 4.83 87 2.68 0
00:50 745.74 4.83 87 4.92 0
00:51 745.74 4.83 87 4.92 0
00:52 745.74 4.83 87 4.02 0
00:53 745.74 4.83 86 5.36 0
00:54 745.74 4.83 86 2.68 0
00:55 745.74 4.83 86 1.79 0
00:56 745.74 4.89 86 1.34 0
00:57 745.74 4.83 86 1.34 0
00:58 745.74 4.78 87 1.79 0
00:59 745.74 4.78 86 4.02 0
01:00 745.74 4.78 87 3.13 0
01:01 746 4.72 87 1.79 0
01:02 746 4.72 87 1.34 0
01:03 746 4.72 87 4.02 0
01:04 746 4.67 87 4.47 0
01:05 746 4.67 87 4.47 0
01:06 746 4.67 87 3.58 0
01:07 746 4.67 87 3.58 0
01:08 746 4.67 87 3.13 0
01:09 746 4.67 87 .89 0
01:10 746 4.67 87 4.02 0
01:11 746 4.67 87 3.58 0
01:12 746 4.61 87 4.47 0
01:13 746 4.61 87 3.58 0
01:14 746 4.61 87 4.47 0
01:15 746 4.67 87 3.13 0
01:16 746 4.61 87 5.36 0
01:17 746 4.61 87 4.02 0
01:18 746 4.61 87 1.79 0
01:19 746.25 4.67 87 2.24 0
01:20 746 4.67 87 3.58 0
01:21 746 4.61 87 4.47 0
01:22 746 4.67 87 3.58 0
01:23 746.25 4.67 87 3.13 0
01:24 746.25 4.61 87 3.13 0
01:25 746.25 4.67 87 2.24 0
01:26 746 4.67 87 5.36 0
01:27 746.25 4.72 87 5.36 0
01:28 746.25 4.78 87 2.24 0
01:29 746.25 4.72 87 1.79 0
01:30 746.25 4.72 87 3.58 0
01:31 746.25 4.72 87 4.47 0
01:32 746.25 4.72 87 3.13 0
01:33 746.25 4.72 87 3.13 0
01:34 746.25 4.72 87 4.47 0
01:35 746.25 4.72 87 4.92 0
01:36 746.25 4.72 87 2.68 0
01:37 746.25 4.72 87 2.68 0
01:38 746.25 4.72 87 3.58 0
01:39 746.25 4.72 87 4.02 0
01:40 746.25 4.67 87 3.58 0
01:41 746.25 4.67 87 4.47 0
01:42 746.25 4.67 87 3.13 0
01:43 746.25 4.67 87 4.47 0
01:44 746.25 4.67 87 4.47 0
01:45 746.25 4.67 87 4.02 0
01:46 746.25 4.61 87 2.68 0
01:47 746.25 4.67 87 4.02 0
01:48 746.25 4.61 87 1.34 0
01:49 746.25 4.61 87 4.47 0
01:50 746.25 4.67 87 4.47 0
01:51 746.25 4.72 87 4.47 0
01:52 746.25 4.72 86 3.13 0
01:53 746.25 4.78 86 2.24 0
01:54 746.25 4.72 86 3.58 0
01:55 746.25 4.78 86 1.79 0
01:56 746.25 4.78 86 4.47 0
01:57 746.25 4.78 85 4.47 0
01:58 746.25 4.83 85 1.34 0
01:59 746.51 4.83 85 3.58 0
02:00 746.51 4.83 85 4.02 0
02:01 746.25 4.83 85 4.02 0
02:02 746.51 4.89 85 1.79 0
02:03 746.51 4.83 85 2.68 0
02:04 746.51 4.89 85 4.02 0
02:05 746.51 4.83 85 3.13 0
02:06 746.51 4.83 85 4.47 0
02:07 746.51 4.83 85 4.92 0
02:08 746.51 4.83 85 3.58 0
02:09 746.51 4.83 85 1.79 0
02:10 746.51 4.83 85 1.79 0
02:11 746.51 4.83 85 2.68 0
02:12 746.51 4.78 86 4.02 0
02:13 746.51 4.78 85 1.79 0
02:14 746.51 4.78 86 4.47 0
02:15 746.51 4.78 85 2.68 0
02:16 746.51 4.78 85 4.47 0
02:17 746.51 4.83 85 2.24 0
02:18 746.51 4.78 85 5.81 0
02:19 746.51 4.83 84 4.02 0
02:20 746.51 4.83 84 5.36 0
02:21 746.51 4.83 84 2.68 0
02:22 746.51 4.83 84 4.02 0
02:23 746.51 4.83 84 3.58 0
02:24 746.51 4.83 84 4.92 0
02:25 746.51 4.83 83 2.68 0
02:26 746.51 4.83 84 1.79 0
02:27 746.51 4.83 84 4.47 0
02:28 746.76 4.83 84 4.02 0
02:29 746.76 4.78 84 2.68 0
02:30 746.51 4.78 84 5.36 0
02:31 746.76 4.78 84 5.81 0
02:32 746.51 4.72 83 4.92 0
02:33 746.51 4.72 83 1.79 0
02:34 746.76 4.72 83 2.68 0
02:35 746.76 4.72 83 4.47 0
02:36 746.76 4.72 82 4.47 0
02:37 746.76 4.72 82 3.58 0
02:38 746.76 4.72 82 5.81 0
02:39 746.76 4.72 82 5.36 0
02:40 746.76 4.72 82 2.68 0
02:41 746.76 4.72 82 3.13 0
02:42 746.76 4.72 82 3.58 0
02:43 746.76 4.72 82 3.58 0
02:44 746.76 4.72 82 2.24 0
02:45 746.76 4.72 82 4.47 0
02:46 746.76 4.67 82 4.02 0
02:47 746.76 4.67 82 2.24 0
02:48 746.76 4.67 82 1.79 0
02:49 747.01 4.67 82 3.13 0
02:50 747.01 4.61 82 4.92 0
02:51 747.01 4.61 82 1.34 0
02:52 747.01 4.61 82 1.79 0
02:53 747.01 4.56 82 1.79 0
02:54 747.01 4.56 83 3.58 0
02:55 747.01 4.56 82 3.13 0
02:56 747.01 4.56 83 5.36 0
02:57 747.01 4.5 82 3.13 0
02:58 747.01 4.5 83 2.24 0
02:59 747.01 4.5 83 4.02 0
03:00 747.01 4.5 83 3.58 0
03:01 747.01 4.44 83 4.02 0
03:02 747.01 4.44 83 2.24 0
03:03 747.01 4.44 83 2.24 0
03:04 747.01 4.44 83 1.79 0
03:05 747.01 4.44 83 2.24 0
03:06 747.01 4.39 84 1.34 0
03:07 747.01 4.39 84 3.13 0
03:08 747.01 4.39 83 3.13 0
03:09 747.01 4.33 83 3.13 0
03:10 747.27 4.33 84 1.79 0
03:11 747.27 4.39 84 2.24 0
03:12 747.27 4.33 84 .89 0
03:13 747.27 4.39 84 3.58 0
03:14 747.27 4.39 84 2.24 0
03:15 747.27 4.39 84 3.58 0
03:16 747.27 4.39 84 2.24 0
03:17 747.27 4.39 84 .89 0
03:18 747.27 4.39 84 1.34 0
03:19 747.27 4.44 84 2.24 0
03:20 747.27 4.39 84 2.24 0
03:21 747.27 4.39 84 1.34 0
03:22 747.52 4.39 84 3.58 0
03:23 747.27 4.39 84 1.79 0
03:24 747.52 4.39 84 1.79 0
03:25 747.27 4.39 84 2.24 0
03:26 747.52 4.44 84 2.24 0
03:27 747.52 4.44 84 2.68 0
03:28 747.52 4.44 84 1.34 0
03:29 747.52 4.44 84 1.79 0
03:30 747.52 4.44 84 2.24 0
03:31 747.52 4.44 84 3.58 0
03:32 747.52 4.5 83 2.24 0
03:33 747.52 4.5 83 4.02 0
03:34 747.52 4.5 84 2.24 0
03:35 747.52 4.5 83 3.58 0
03:36 747.52 4.56 83 1.34 0
03:37 747.52 4.56 83 2.68 0
03:38 747.52 4.56 83 1.79 0
03:39 747.52 4.56 83 1.79 0
03:40 747.52 4.56 83 1.79 0
03:41 747.78 4.56 84 2.24 0
03:42 747.52 4.56 84 1.34 0
03:43 747.78 4.56 84 1.79 0
03:44 747.78 4.56 84 .89 0
03:45 747.52 4.5 84 1.34 0
03:46 747.78 4.5 84 4.47 0
03:47 747.78 4.5 84 2.24 0
03:48 747.78 4.5 84 1.79 0
03:49 747.78 4.5 84 1.34 0
03:50 747.78 4.5 84 2.68 0
03:51 747.78 4.5 84 1.79 0
03:52 747.78 4.5 85 1.79 0
03:53 747.78 4.5 85 1.34 0
03:54 747.78 4.5 85 .89 0
03:55 747.78 4.5 85 0 0
03:56 747.78 4.44 85 1.34 0
03:57 747.78 4.44 85 1.34 0
03:58 747.78 4.44 86 1.79 0
03:59 747.78 4.44 86 3.13 0
04:00 747.78 4.44 86 1.34 0
04:01 747.78 4.44 86 3.13 0
04:02 747.78 4.44 86 1.34 0
04:03 747.78 4.44 86 2.68 0
04:04 747.78 4.39 86 1.79 0
04:05 747.78 4.39 86 4.92 0
04:06 747.78 4.44 87 3.13 0
04:07 747.78 4.39 86 .89 0
04:08 747.78 4.39 87 2.24 0
04:09 747.78 4.33 87 1.79 0
04:10 747.78 4.33 87 3.13 0
04:11 747.78 4.33 87 2.24 0
04:12 747.78 4.33 87 2.68 0
04:13 748.03 4.33 87 4.02 0
04:14 748.03 4.33 87 4.47 0
04:15 748.03 4.39 87 4.02 0
04:16 748.03 4.39 87 4.02 0
04:17 748.03 4.39 87 3.58 0
04:18 748.03 4.39 88 2.24 0
04:19 748.03 4.39 88 2.24 0
04:20 748.03 4.39 88 4.92 0
04:21 748.03 4.39 88 3.13 0
04:22 748.03 4.44 88 4.02 0
04:23 748.03 4.44 88 3.13 0
04:24 748.03 4.44 88 4.92 0
04:25 748.03 4.44 88 4.47 0
04:26 748.03 4.44 88 4.47 0
04:27 748.03 4.44 88 3.13 0
04:28 748.03 4.44 88 4.02 0
04:29 748.03 4.44 88 4.47 0
04:30 748.03 4.44 88 4.02 0
04:31 748.03 4.44 88 2.68 0
04:32 748.03 4.44 88 1.79 0
04:33 748.03 4.39 88 3.13 0
04:34 748.03 4.44 88 1.34 0
04:35 748.03 4.39 88 1.79 0
04:36 748.03 4.39 88 5.81 0
04:37 748.03 4.44 88 2.68 0
04:38 748.03 4.44 88 3.58 0
04:39 748.03 4.5 87 4.47 0
04:40 748.03 4.5 87 1.79 0
04:41 748.03 4.5 87 2.24 0
04:42 748.03 4.5 87 3.13 0
04:43 748.03 4.5 87 4.92 0
04:44 748.03 4.5 87 1.34 0
04:45 748.03 4.56 87 3.58 0
04:46 748.03 4.5 87 1.79 0
04:47 748.03 4.5 87 2.68 0
04:48 748.03 4.5 87 2.24 0
04:49 748.28 4.44 87 1.79 0
04:50 748.28 4.44 87 4.02 0
04:51 748.28 4.44 87 3.58 0
04:52 748.28 4.44 87 3.58 0
04:53 748.28 4.44 87 4.02 0
04:54 748.28 4.44 87 3.58 0
04:55 748.28 4.39 87 5.36 0
04:56 748.28 4.44 87 4.02 0
04:57 748.28 4.44 87 2.24 0
04:58 748.28 4.44 87 2.24 0
04:59 748.28 4.39 87 1.79 0
05:00 748.28 4.33 87 3.58 0
05:01 748.28 4.33 87 3.58 0
05:02 748.28 4.33 87 2.24 0
05:03 748.28 4.33 87 4.92 0
05:04 748.28 4.33 87 5.36 0
05:05 748.28 4.33 87 3.58 0
05:06 748.28 4.33 87 4.92 0
05:07 748.28 4.33 87 1.79 0
05:08 748.28 4.33 87 1.79 0
05:09 748.28 4.33 87 2.68 0
05:10 748.28 4.33 87 3.58 0
05:11 748.28 4.28 87 3.13 0
05:12 748.28 4.28 87 4.92 0
05:13 748.54 4.22 87 3.58 0
05:14 748.54 4.22 87 2.68 0
05:15 748.54 4.22 87 3.58 0
05:16 748.54 4.17 87 4.47 0
05:17 748.54 4.17 87 3.58 0
05:18 748.54 4.22 87 4.92 0
05:19 748.54 4.22 87 4.02 0
05:20 748.54 4.22 87 4.47 0
05:21 748.54 4.22 87 3.58 0
05:22 748.54 4.17 87 3.58 0
05:23 748.54 4.17 87 1.34 0
05:24 748.54 4.11 87 2.24 0
05:25 748.54 4.11 87 3.58 0
05:26 748.54 4.06 87 4.02 0
05:27 748.54 4.06 87 4.02 0
05:28 748.54 4.11 87 3.13 0
05:29 748.54 4.06 87 2.24 0
05:30 748.54 4.06 87 2.24 0
05:31 748.54 4.06 86 3.13 0
05:32 748.54 4 87 3.13 0
05:33 748.54 4 87 2.24 0
05:34 748.54 4 87 1.79 0
05:35 748.54 4 87 3.13 0
05:36 748.79 4 87 3.58 0
05:37 748.79 3.94 87 3.58 0
05:38 748.79 3.94 87 3.13 0
05:39 748.79 3.89 87 3.58 0
05:40 748.79 3.94 87 2.68 0
05:41 748.79 3.89 87 4.92 0
05:42 748.79 3.94 87 2.68 0
05:43 748.79 3.94 87 4.02 0
05:44 748.79 3.94 87 4.47 0
05:45 748.79 3.94 86 2.68 0
05:46 748.79 3.94 86 2.24 0
05:47 748.79 3.94 86 2.24 0
05:48 748.79 3.94 86 1.79 0
05:49 748.79 3.94 86 3.58 0
05:50 748.79 3.94 86 4.92 0
05:51 748.79 3.94 86 3.58 0
05:52 748.79 4 86 2.68 0
05:53 748.79 3.94 86 4.02 0
05:54 748.79 3.94 86 4.02 0
05:55 748.79 3.94 86 3.13 0
05:56 748.79 3.94 86 3.13 0
05:57 748.79 3.89 86 3.13 0
05:58 749.05 3.89 86 3.13 0
05:59 749.05 3.89 86 2.24 0
06:00 749.05 3.83 86 2.68 0
06:01 749.05 3.83 86 3.13 0
06:02 749.05 3.83 86 3.13 0
06:03 749.05 3.78 86 2.24 0
06:04 749.05 3.78 86 3.58 0
06:05 749.05 3.72 86 4.92 0
06:06 749.05 3.78 86 5.81 0
06:07 749.05 3.83 86 2.24 0
06:08 749.05 3.83 86 2.24 0
06:09 749.05 3.83 86 3.58 0
06:10 749.05 3.78 86 1.79 0
06:11 749.05 3.78 86 2.24 0
06:12 749.05 3.72 86 4.47 0
06:13 749.05 3.72 86 3.13 0
06:14 749.05 3.67 86 1.34 0
06:15 749.3 3.67 86 2.68 0
06:16 749.3 3.67 86 4.92 0
06:17 749.3 3.67 86 3.58 0
06:18 749.3 3.61 86 4.02 0
06:19 749.3 3.61 86 4.02 0
06:20 749.3 3.56 86 4.02 0
06:21 749.3 3.61 86 3.13 0
06:22 749.3 3.56 86 .45 0
06:23 749.3 3.56 86 1.79 0
06:24 749.3 3.5 86 2.24 0
06:25 749.3 3.5 86 4.02 0
06:26 749.3 3.44 86 1.34 0
06:27 749.3 3.44 86 3.13 0
06:28 749.3 3.39 86 3.58 0
06:29 749.3 3.39 87 4.02 0
06:30 749.3 3.39 86 4.47 0
06:31 749.3 3.39 86 4.92 0
06:32 749.55 3.39 86 2.24 0
06:33 749.55 3.33 86 4.02 0
06:34 749.55 3.33 86 4.47 0
06:35 749.55 3.33 86 4.02 0
06:36 749.55 3.28 86 4.02 0
06:37 749.55 3.33 86 4.02 0
06:38 749.55 3.28 86 4.47 0
06:39 749.55 3.28 86 5.36 0
06:40 749.55 3.28 86 4.92 0
06:41 749.55 3.28 86 1.34 0
06:42 749.55 3.22 86 1.79 0
06:43 749.55 3.22 86 4.02 0
06:44 749.55 3.22 86 4.02 0
06:45 749.55 3.17 86 3.58 0
06:46 749.55 3.22 86 2.24 0
06:47 749.55 3.17 86 3.58 0
06:48 749.55 3.17 86 3.58 0
06:49 749.55 3.17 86 2.24 0
06:50 749.55 3.17 86 1.79 0
06:51 749.55 3.11 86 2.24 0
06:52 749.55 3.11 86 2.24 0
06:53 749.55 3.11 86 1.79 0
06:54 749.55 3.11 87 3.58 0
06:55 749.81 3.06 86 3.58 0
06:56 749.55 3.11 86 4.92 0
06:57 749.81 3.11 86 4.02 0
06:58 749.81 3.11 86 3.13 0
06:59 749.81 3.11 86 4.02 0
07:00 749.81 3.11 86 4.02 0
07:01 749.81 3.11 86 2.68 0
07:02 749.81 3.11 86 4.02 0
07:03 749.81 3.17 86 1.34 0
07:04 749.81 3.11 86 4.02 0
07:05 749.81 3.11 86 3.58 0
07:06 749.81 3.17 86 3.58 0
07:07 749.81 3.11 86 3.58 0
07:08 749.81 3.11 86 2.68 0
07:09 749.81 3.11 86 4.47 0
07:10 749.81 3.17 86 1.79 0
07:11 749.81 3.11 86 3.13 0
07:12 749.81 3.17 86 2.68 0
07:13 749.81 3.17 85 4.92 0
07:14 749.81 3.17 85 2.24 0
07:15 749.81 3.17 85 3.13 0
07:16 749.81 3.17 85 4.02 0
07:17 749.81 3.17 85 2.24 0
07:18 749.81 3.17 85 2.68 0
07:19 749.81 3.17 85 4.92 0
07:20 749.81 3.17 85 1.34 0
07:21 749.81 3.17 85 2.68 0
07:22 749.81 3.22 85 .89 0
07:23 749.81 3.17 85 4.92 0
07:24 749.81 3.17 85 4.02 0
07:25 749.81 3.22 85 4.47 0
07:26 749.81 3.22 85 3.13 0
07:27 749.81 3.28 85 1.34 0
07:28 749.81 3.28 85 4.47 0
07:29 750.06 3.28 85 4.92 0
07:30 750.06 3.28 85 3.13 0
07:31 749.81 3.28 85 3.58 0
07:32 749.81 3.28 85 3.58 0
07:33 750.06 3.28 85 3.13 0
07:34 749.81 3.28 85 2.24 0
07:35 749.81 3.33 84 4.92 0
07:36 749.81 3.33 84 1.34 0
07:37 750.06 3.33 84 3.13 0
07:38 750.06 3.33 84 3.13 0
07:39 750.06 3.39 84 .89 0
07:40 750.06 3.39 84 1.79 0
07:41 750.06 3.39 84 5.36 0
07:42 750.06 3.39 84 3.58 0
07:43 750.06 3.39 84 3.13 0
07:44 750.06 3.44 84 3.13 0
07:45 750.06 3.44 84 2.68 0
07:46 750.06 3.44 84 4.47 0
07:47 750.06 3.44 84 4.02 0
07:48 750.06 3.5 83 .89 0
07:49 750.06 3.5 83 2.24 0
07:50 750.06 3.5 84 4.47 0
07:51 750.06 3.56 83 2.68 0
07:52 750.06 3.56 83 1.34 0
07:53 750.06 3.61 84 2.24 0
07:54 750.06 3.61 84 .89 0
07:55 750.06 3.61 84 1.34 0
07:56 750.06 3.61 83 4.02 0
07:57 750.06 3.61 83 4.02 0
07:58 750.06 3.61 83 4.47 0
07:59 750.06 3.61 83 5.36 0
08:00 750.06 3.67 83 2.24 0
08:01 750.32 3.67 83 2.24 0
08:02 750.32 3.67 83 4.47 0
08:03 750.06 3.67 83 4.02 0
08:04 750.32 3.72 82 6.26 0
08:05 750.32 3.72 82 4.02 0
08:06 750.32 3.72 82 3.58 0
08:07 750.32 3.72 82 2.24 0
08:08 750.32 3.78 82 1.79 0
08:09 750.32 3.78 82 1.34 0
08:10 750.32 3.83 82 5.81 0
08:11 750.32 3.83 81 4.47 0
08:12 750.32 3.83 81 3.13 0
08:13 750.32 3.83 82 3.58 0
08:14 750.32 3.89 82 4.47 0
08:15 750.32 3.89 81 1.79 0
08:16 750.32 3.94 81 4.02 0
08:17 750.32 3.94 81 5.36 0
08:18 750.32 3.94 81 4.47 0
08:19 750.32 3.94 81 1.34 0
08:20 750.32 3.94 81 4.02 0
08:21 750.32 4 81 4.47 0
08:22 750.32 4 81 4.02 0
08:23 750.32 4 81 3.13 0
08:24 750.32 4.06 81 5.36 0
08:25 750.32 4.06 80 1.79 0
08:26 750.32 4.17 81 3.58 0
08:27 750.32 4.11 81 4.92 0
08:28 750.32 4.17 80 1.34 0
08:29 750.32 4.17 80 3.13 0
08:30 750.32 4.22 80 4.47 0
08:31 750.32 4.22 79 4.02 0
08:32 750.57 4.22 80 4.02 0
08:33 750.57 4.17 79 5.81 0
08:34 750.57 4.22 79 7.15 0
08:35 750.57 4.22 79 6.71 0
08:36 750.57 4.17 78 7.15 0
08:37 750.57 4.22 79 5.81 0
08:38 750.57 4.22 79 4.02 0
08:39 750.57 4.22 79 5.36 0
08:40 750.57 4.22 78 4.47 0
08:41 750.57 4.28 78 5.81 0
08:42 750.57 4.28 79 4.92 0
08:43 750.57 4.28 79 2.24 0
08:44 750.57 4.33 79 5.36 0
08:45 750.57 4.33 78 6.26 0
08:46 750.57 4.33 78 4.02 0
08:47 750.57 4.33 78 3.13 0
08:48 750.57 4.33 78 2.68 0
08:49 750.57 4.39 79 2.68 0
08:50 750.57 4.44 78 2.24 0
08:51 750.57 4.44 78 2.68 0
08:52 750.57 4.44 78 1.79 0
08:53 750.57 4.5 78 5.36 0
08:54 750.57 4.5 77 2.68 0
08:55 750.57 4.5 78 3.58 0
08:56 750.57 4.56 78 3.58 0
08:57 750.57 4.61 78 4.92 0
08:58 750.57 4.61 77 2.24 0
08:59 750.57 4.61 77 4.02 0
09:00 750.57 4.61 77 4.47 0
09:01 750.57 4.67 77 4.47 0
09:02 750.57 4.67 77 3.13 0
09:03 750.57 4.67 77 4.47 0
09:04 750.57 4.67 76 4.02 0
09:05 750.57 4.72 77 1.34 0
09:06 750.57 4.78 77 4.47 0
09:07 750.57 4.78 77 1.79 0
09:08 750.57 4.83 77 4.47 0
09:09 750.57 4.89 76 1.79 0
09:10 750.57 4.94 76 4.92 0
09:11 750.57 4.89 75 3.13 0
09:12 750.57 4.94 75 3.58 0
09:13 750.57 4.94 75 4.47 0
09:14 750.57 4.94 75 3.58 0
09:15 750.57 5 75 2.68 0
09:16 750.57 5 75 4.47 0
09:17 750.57 5.06 74 4.92 0
09:18 750.57 5.06 75 3.58 0
09:19 750.57 5.11 75 4.02 0
09:20 750.57 5.17 74 4.47 0
09:21 750.57 5.17 74 3.13 0
09:22 750.57 5.17 74 3.58 0
09:23 750.57 5.22 74 3.58 0
09:24 750.57 5.22 75 2.24 0
09:25 750.57 5.28 75 .45 0
09:26 750.57 5.33 75 2.68 0
09:27 750.57 5.39 76 1.34 0
09:28 750.57 5.44 76 .89 0
09:29 750.57 5.5 76 1.79 0
09:30 750.57 5.61 76 3.13 0
09:31 750.57 5.67 76 4.02 0
09:32 750.57 5.72 75 2.24 0
09:33 750.82 5.78 75 3.13 0
09:34 750.82 5.78 75 2.24 0
09:35 750.57 5.78 75 2.24 0
09:36 750.82 5.78 75 3.58 0
09:37 750.82 5.83 75 2.68 0
09:38 750.82 5.83 75 3.13 0
09:39 750.82 5.89 75 4.02 0
09:40 750.82 5.83 75 2.24 0
09:41 750.82 5.83 75 5.36 0
09:42 750.82 5.78 73 2.24 0
09:43 750.82 5.78 74 3.13 0
09:44 750.82 5.78 73 5.81 0
09:45 750.82 5.72 73 2.24 0
09:46 750.82 5.78 74 1.79 0
09:47 750.82 5.78 75 3.13 0
09:48 750.82 5.78 75 4.47 0
09:49 750.82 5.83 75 4.02 0
09:50 750.82 5.94 74 1.34 0
09:51 750.82 5.94 74 3.13 0
09:52 750.82 6 74 2.68 0
09:53 750.82 6.06 73 2.68 0
09:54 750.82 6.11 73 4.02 0
09:55 750.82 6.06 72 4.92 0
09:56 750.82 6.06 72 2.68 0
09:57 750.82 6.06 72 4.47 0
09:58 750.82 6.06 72 2.68 0
09:59 750.82 6.06 73 4.47 0
10:00 750.82 6.11 73 2.24 0
10:01 750.82 6.11 73 1.34 0
10:02 750.82 6.17 73 4.02 0
10:03 750.82 6.22 73 3.13 0
10:04 750.82 6.22 73 4.02 0
10:05 750.82 6.28 71 2.24 0
10:06 750.82 6.22 71 4.47 0
10:07 751.08 6.22 71 1.79 0
10:08 751.08 6.28 71 4.02 0
10:09 751.08 6.28 71 4.02 0
10:10 750.82 6.28 71 4.47 0
10:11 750.82 6.22 71 4.47 0
10:12 751.08 6.22 70 1.79 0
10:13 751.08 6.22 71 5.36 0
10:14 751.08 6.22 71 4.92 0
10:15 751.08 6.17 71 5.81 0
10:16 751.08 6.22 70 3.13 0
10:17 751.08 6.22 70 1.79 0
10:18 751.08 6.28 71 3.58 0
10:19 751.08 6.28 71 3.58 0
10:20 751.08 6.33 70 3.58 0
10:21 751.08 6.33 71 4.02 0
10:22 751.08 6.39 70 1.79 0
10:23 751.08 6.44 72 3.13 0
10:24 751.08 6.5 71 3.58 0
10:25 751.08 6.5 70 3.58 0
10:26 751.08 6.56 71 4.47 0
10:27 751.08 6.56 71 4.47 0
10:28 751.08 6.56 71 4.47 0
10:29 751.08 6.56 70 3.13 0
10:30 751.08 6.5 70 1.79 0
10:31 751.08 6.5 71 6.26 0
10:32 751.08 6.44 70 6.71 0
10:33 751.08 6.44 71 3.58 0
10:34 751.08 6.5 70 2.68 0
10:35 751.08 6.56 71 5.36 0
10:36 751.08 6.56 70 4.47 0
10:37 751.08 6.5 69 4.02 0
10:38 751.08 6.5 69 4.47 0
10:39 751.08 6.56 71 2.68 0
10:40 751.08 6.61 71 1.34 0
10:41 751.08 6.67 71 1.79 0
10:42 751.08 6.78 72 2.24 0
10:43 751.08 6.83 72 3.13 0
10:44 751.08 6.89 71 3.58 0
10:45 751.08 6.94 70 .89 0
10:46 751.08 6.94 70 3.58 0
10:47 751.08 7.06 70 4.02 0
10:48 751.08 7.11 69 4.47 0
10:49 751.08 7.17 69 4.47 0
10:50 751.08 7.17 68 5.36 0
10:51 751.08 7.11 69 5.36 0
10:52 751.08 7.11 68 3.13 0
10:53 751.08 7.11 69 2.68 0
10:54 751.08 7.11 69 1.79 0
10:55 751.08 7.22 70 4.47 0
10:56 751.08 7.22 67 3.13 0
10:57 751.08 7.28 67 1.34 0
10:58 751.08 7.33 68 .89 0
10:59 751.08 7.39 68 3.13 0
11:00 751.08 7.44 67 4.02 0
11:01 751.08 7.5 67 5.36 0
11:02 751.08 7.5 66 1.79 0
11:03 751.08 7.5 65 4.02 0
11:04 751.08 7.56 66 7.15 0
11:05 751.08 7.39 64 4.47 0
11:06 751.08 7.33 64 4.02 0
11:07 751.08 7.33 65 3.58 0
11:08 751.08 7.33 65 4.47 0
11:09 751.33 7.39 64 4.47 0
11:10 751.33 7.44 63 4.92 0
11:11 751.33 7.5 63 3.58 0
11:12 751.33 7.56 63 4.02 0
11:13 751.08 7.5 62 5.36 0
11:14 751.33 7.5 62 4.92 0
11:15 751.08 7.44 62 3.58 0
11:16 751.08 7.39 63 4.02 0
11:17 751.33 7.44 63 2.24 0
11:18 751.33 7.5 62 6.26 0
11:19 751.08 7.44 60 2.68 0
11:20 751.08 7.39 62 3.13 0
11:21 751.08 7.44 62 8.05 0
11:22 751.08 7.44 61 3.13 0
11:23 751.08 7.39 59 4.02 0
11:24 751.08 7.33 61 4.02 0
11:25 751.33 7.39 61 4.02 0
11:26 751.33 7.44 61 6.71 0
11:27 751.33 7.39 61 5.36 0
11:28 751.08 7.39 61 4.47 0
11:29 751.08 7.33 61 1.79 0
11:30 751.08 7.39 61 5.81 0
11:31 751.08 7.44 61 1.79 0
11:32 751.08 7.56 62 4.47 0
11:33 751.08 7.67 60 3.13 0
11:34 751.08 7.72 61 1.34 0
11:35 751.08 7.83 61 3.58 0
11:36 751.08 7.94 57 3.13 0
11:37 751.08 8 59 1.79 0
11:38 751.08 8.06 57 4.47 0
11:39 751.08 8.17 57 4.47 0
11:40 751.33 8.17 55 6.26 0
11:41 751.08 8 55 5.36 0
11:42 751.08 7.89 56 3.58 0
11:43 751.08 7.89 58 6.71 0
11:44 751.08 7.89 57 3.13 0
11:45 751.08 7.89 57 1.79 0
11:46 751.33 7.89 57 3.58 0
11:47 751.08 8 58 4.02 0
11:48 751.33 8 57 4.92 0
11:49 751.33 8 57 5.81 0
11:50 751.33 7.94 57 2.68 0
11:51 751.33 8 58 1.79 0
11:52 751.33 8.06 59 1.79 0
11:53 751.08 8.17 59 3.13 0
11:54 751.33 8.22 59 3.58 0
11:55 751.33 8.28 58 3.58 0
11:56 751.08 8.28 58 5.36 0
11:57 751.33 8.17 55 4.47 0
11:58 751.08 8.06 56 3.58 0
11:59 751.08 8 56 6.71 0
12:00 751.33 8.06 57 2.24 0
12:01 751.33 8.06 57 4.02 0
12:02 751.08 8.11 56 2.24 0
12:03 751.33 8.17 57 3.13 0
12:04 751.33 8.17 55 4.92 0
12:05 751.08 8.22 54 2.24 0
12:06 751.08 8.17 58 5.36 0
12:07 751.33 8.17 59 5.36 0
12:08 751.33 8.17 60 4.92 0
12:09 751.33 8.17 60 4.47 0
12:10 751.08 8.11 60 .89 0
12:11 751.08 8.17 61 .89 0
12:12 751.08 8.28 61 1.79 0
12:13 751.33 8.33 60 .89 0
12:14 751.33 8.39 61 3.58 0
12:15 751.33 8.44 61 .45 0
12:16 751.33 8.56 61 2.24 0
12:17 751.33 8.61 60 7.15 0
12:18 751.33 8.72 60 6.71 0
12:19 751.33 8.67 58 5.81 0
12:20 751.33 8.67 58 2.68 0
12:21 751.33 8.67 59 4.02 0
12:22 751.33 8.61 58 4.47 0
12:23 751.33 8.61 59 3.58 0
12:24 751.33 8.61 60 .89 0
12:25 751.33 8.67 60 4.92 0
12:26 751.33 8.72 59 4.47 0
12:27 751.33 8.67 60 4.47 0
12:28 751.08 8.61 60 3.58 0
12:29 751.33 8.61 60 4.02 0
12:30 751.08 8.56 60 1.34 0
12:31 751.08 8.61 60 .89 0
12:32 751.08 8.67 61 3.13 0
12:33 751.08 8.72 61 6.26 0
12:34 751.08 8.78 59 5.36 0
12:35 751.08 8.78 59 5.81 0
12:36 751.08 8.83 59 2.68 0
12:37 751.08 8.83 58 3.58 0
12:38 751.08 8.83 58 2.68 0
12:39 751.08 8.89 59 4.02 0
12:40 751.08 8.89 58 4.47 0
12:41 751.33 8.94 59 4.02 0
12:42 751.33 8.94 59 3.58 0
12:43 751.08 9 59 6.71 0
12:44 751.08 8.89 58 5.81 0
12:45 751.08 8.78 59 4.92 0
12:46 751.08 8.72 59 3.58 0
12:47 751.08 8.67 59 4.47 0
12:48 751.08 8.61 60 3.13 0
12:49 751.08 8.61 60 4.02 0
12:50 751.08 8.67 60 4.47 0
12:51 751.08 8.67 60 5.81 0
12:52 751.08 8.78 60 4.02 0
12:53 751.08 8.83 59 5.36 0
12:54 751.08 8.89 59 1.34 0
12:55 751.08 8.89 59 3.58 0
12:56 751.08 8.94 59 3.13 0
12:57 751.08 8.94 60 4.92 0
12:58 751.08 9 59 3.58 0
12:59 751.08 9 59 4.47 0
13:00 751.08 9 58 4.02 0
13:01 751.08 9 58 5.36 0
13:02 751.08 9 58 4.47 0
13:03 751.08 9.06 58 3.13 0
13:04 751.08 9.17 58 1.79 0
13:05 751.08 9.17 59 2.24 0
13:06 750.82 9.22 59 1.34 0
13:07 751.08 9.22 59 4.47 0
13:08 751.08 9.22 59 3.58 0
13:09 751.08 9.28 59 3.13 0
13:10 751.08 9.33 59 2.68 0
13:11 751.08 9.39 58 3.13 0
13:12 750.82 9.39 57 4.92 0
13:13 750.82 9.33 58 3.13 0
13:14 750.82 9.33 58 3.58 0
13:15 750.82 9.33 58 3.58 0
13:16 750.82 9.33 58 3.58 0
13:17 750.82 9.33 58 3.13 0
13:18 751.08 9.33 58 2.24 0
13:19 751.08 9.39 59 4.02 0
13:20 751.08 9.5 57 4.47 0
13:21 751.08 9.5 57 5.81 0
13:22 750.82 9.5 56 1.34 0
13:23 751.08 9.56 57 3.58 0
13:24 750.82 9.56 58 4.92 0
13:25 750.82 9.56 57 3.58 0
13:26 750.82 9.56 57 2.24 0
13:27 750.82 9.56 57 1.79 0
13:28 750.82 9.56 58 2.24 0
13:29 750.82 9.67 57 2.24 0
13:30 750.82 9.83 58 2.68 0
13:31 750.82 9.89 57 2.68 0
13:32 750.82 9.94 57 4.02 0
13:33 750.82 10 57 4.47 0
13:34 750.82 10 56 4.92 0
13:35 750.82 10 56 5.81 0
13:36 750.82 10 56 3.13 0
13:37 750.82 10 56 2.68 0
13:38 750.82 9.94 55 4.02 0
13:39 750.82 9.78 56 3.13 0
13:40 750.82 9.78 56 3.13 0
13:41 750.82 9.72 56 3.58 0
13:42 750.82 9.72 57 3.13 0
13:43 750.57 9.72 56 5.36 0
13:44 750.57 9.78 56 4.02 0
13:45 750.82 9.78 56 1.79 0
13:46 750.57 9.83 56 4.92 0
13:47 750.57 9.89 56 6.26 0
13:48 750.57 9.94 56 4.47 0
13:49 750.57 9.89 56 2.24 0
13:50 750.57 9.89 56 4.02 0
13:51 750.57 9.83 55 6.26 0
13:52 750.57 9.78 56 2.68 0
13:53 750.57 9.78 56 1.79 0
13:54 750.57 9.83 57 2.68 0
13:55 750.57 9.94 57 1.34 0
13:56 750.57 10.06 56 4.02 0
13:57 750.57 10.17 55 .89 0
13:58 750.57 10.22 56 1.79 0
13:59 750.57 10.28 56 4.02 0
14:00 750.57 10.33 56 2.68 0
14:01 750.57 10.39 55 2.68 0
14:02 750.57 10.39 56 .89 0
14:03 750.57 10.44 55 1.79 0
14:04 750.57 10.44 54 3.13 0
14:05 750.57 10.44 55 3.13 0
14:06 750.57 10.44 54 4.47 0
14:07 750.57 10.5 54 5.36 0
14:08 750.57 10.56 55 2.68 0
14:09 750.57 10.44 55 4.92 0
14:10 750.57 10.44 55 1.79 0
14:11 750.57 10.44 56 2.24 0
14:12 750.57 10.39 56 5.81 0
14:13 750.57 10.28 55 4.02 0
14:14 750.57 10.22 55 3.58 0
14:15 750.57 10.17 56 4.47 0
14:16 750.57 10.11 56 4.47 0
14:17 750.57 10.11 56 1.79 0
14:18 750.57 10.17 57 4.92 0
14:19 750.57 10.28 57 5.36 0
14:20 750.57 10.39 55 6.26 0
14:21 750.57 10.44 54 4.02 0
14:22 750.57 10.56 55 2.68 0
14:23 750.57 10.67 55 4.02 0
14:24 750.57 10.72 55 4.02 0
14:25 750.57 10.72 55 3.13 0
14:26 750.57 10.67 54 3.13 0
14:27 750.57 10.72 55 6.26 0
14:28 750.57 10.78 55 6.71 0
14:29 750.57 10.83 53 7.15 0
14:30 750.57 10.78 53 6.71 0
14:31 750.57 10.78 54 3.13 0
14:32 750.57 10.83 54 3.58 0
14:33 750.57 10.89 54 4.92 0
14:34 750.57 10.89 54 3.58 0
14:35 750.57 10.89 55 4.02 0
14:36 750.32 10.89 55 3.58 0
14:37 750.57 10.83 54 4.02 0
14:38 750.57 10.94 55 2.68 0
14:39 750.57 11.06 56 3.58 0
14:40 750.57 11.11 55 4.02 0
14:41 750.57 11.17 54 3.13 0
14:42 750.57 11.17 54 1.34 0
14:43 750.57 11.17 54 3.13 0
14:44 750.57 11.22 55 2.24 0
14:45 750.57 11.33 55 6.71 0
14:46 750.32 11.33 53 3.13 0
14:47 750.57 11.28 53 2.68 0
14:48 750.57 11.22 53 4.92 0
14:49 750.32 11.11 54 4.92 0
14:50 750.57 11 54 4.02 0
14:51 750.32 11 54 4.47 0
14:52 750.32 11 54 2.68 0
14:53 750.32 11 54 4.92 0
14:54 750.57 11.06 55 2.68 0
14:55 750.32 11.17 54 5.36 0
14:56 750.57 11.11 54 1.79 0
14:57 750.57 11.17 54 6.26 0
14:58 750.57 11.11 54 3.58 0
14:59 750.57 11.06 54 5.81 0
15:00 750.32 11.06 54 5.36 0
15:01 750.57 11 54 4.92 0
15:02 750.32 11.06 55 5.36 0
15:03 750.32 11 54 3.58 0
15:04 750.32 11 54 3.58 0
15:05 750.32 10.89 55 4.02 0
15:06 750.32 10.83 55 5.36 0
15:07 750.32 10.83 55 1.79 0
15:08 750.32 10.78 56 4.92 0
15:09 750.32 10.78 55 3.13 0
15:10 750.32 10.67 55 4.02 0
15:11 750.32 10.67 55 3.13 0
15:12 750.32 10.61 55 3.58 0
15:13 750.32 10.67 56 4.02 0
15:14 750.32 10.72 55 3.58 0
15:15 750.32 10.78 55 4.02 0
15:16 750.32 10.83 55 3.13 0
15:17 750.32 10.89 55 4.02 0
15:18 750.32 10.94 55 1.34 0
15:19 750.32 11.06 56 .45 0
15:20 750.32 11.17 56 4.47 0
15:21 750.32 11.22 55 3.13 0
15:22 750.32 11.22 54 2.68 0
15:23 750.32 11.22 54 4.47 0
15:24 750.32 11.22 54 5.36 0
15:25 750.32 11.17 53 3.58 0
15:26 750.32 11.11 54 3.13 0
15:27 750.32 11.11 55 5.81 0
15:28 750.06 11.06 54 3.13 0
15:29 750.06 11 55 3.13 0
15:30 750.06 11 55 4.02 0
15:31 750.06 11.06 56 3.58 0
15:32 750.06 11.11 55 4.02 0
15:33 750.06 11.17 55 4.02 0
15:34 750.06 11.22 55 4.47 0
15:35 750.06 11.22 55 .45 0
15:36 750.06 11.28 55 4.02 0
15:37 750.06 11.33 55 1.79 0
15:38 750.06 11.44 55 2.68 0
15:39 750.06 11.5 55 1.34 0
15:40 749.81 11.56 56 5.36 0
15:41 749.81 11.56 54 4.02 0
15:42 749.81 11.56 54 3.13 0
15:43 749.81 11.56 54 3.58 0
15:44 749.81 11.5 55 5.81 0
15:45 749.81 11.39 54 4.02 0
15:46 749.81 11.33 54 4.47 0
15:47 749.81 11.28 55 3.58 0
15:48 749.81 11.22 55 1.79 0
15:49 749.81 11.22 56 4.02 0
15:50 749.81 11.28 56 3.58 0
15:51 749.55 11.22 55 5.36 0
15:52 749.55 11.17 55 4.02 0
15:53 749.55 11.17 56 4.92 0
15:54 749.55 11.06 56 2.68 0
15:55 749.55 11.06 56 4.02 0
15:56 749.55 11 56 6.71 0
15:57 749.55 10.94 56 7.6 0
15:58 749.55 10.89 56 2.68 0
15:59 749.55 10.89 56 7.15 0
16:00 749.55 10.83 57 2.68 0
16:01 749.55 10.83 57 4.92 0
16:02 749.55 10.78 57 2.68 0
16:03 749.55 10.78 57 2.68 0
16:04 749.55 10.83 57 3.58 0
16:05 749.55 10.83 58 3.58 0
16:06 749.55 10.83 58 3.13 0
16:07 749.55 10.83 58 1.34 0
16:08 749.55 10.89 58 4.47 0
16:09 749.3 10.94 58 4.92 0
16:10 749.55 10.94 58 2.68 0
16:11 749.55 10.94 58 1.79 0
16:12 749.3 11 58 3.13 0
16:13 749.3 10.94 58 4.47 0
16:14 749.3 10.94 58 4.02 0
16:15 749.3 10.89 58 3.58 0
16:16 749.3 10.94 58 4.47 0
16:17 749.3 10.94 59 1.79 0
16:18 749.3 11 58 3.13 0
16:19 749.3 11.06 58 4.47 0
16:20 749.3 11.06 58 4.47 0
16:21 749.3 11.11 58 4.02 0
16:22 749.3 11.11 58 5.36 0
16:23 749.3 11.06 58 4.47 0
16:24 749.3 11.06 58 2.68 0
16:25 749.3 11 58 3.13 0
16:26 749.3 11 58 1.34 0
16:27 749.3 11.06 59 3.13 0
16:28 749.3 11.06 59 2.24 0
16:29 749.3 11 58 5.36 0
16:30 749.3 10.94 58 5.36 0
16:31 749.3 10.89 59 3.58 0
16:32 749.3 10.89 59 4.47 0
16:33 749.3 10.83 59 4.47 0
16:34 749.3 10.78 59 2.24 0
16:35 749.3 10.78 59 2.24 0
16:36 749.3 10.78 60 3.58 0
16:37 749.3 10.78 59 3.13 0
16:38 749.3 10.78 59 3.13 0
16:39 749.3 10.78 60 3.58 0
16:40 749.3 10.78 60 4.02 0
16:41 749.3 10.78 60 5.81 0
16:42 749.05 10.83 59 5.36 0
16:43 749.05 10.83 59 4.92 0
16:44 749.05 10.89 59 5.36 0
16:45 749.05 10.89 59 4.47 0
16:46 749.05 10.94 59 3.13 0
16:47 749.05 10.94 59 5.81 0
16:48 749.05 10.94 59 5.81 0
16:49 749.05 10.89 59 2.24 0
16:50 749.05 10.94 60 6.26 0
16:51 749.05 10.94 60 6.26 0
16:52 749.05 10.94 59 4.02 0
16:53 749.05 10.89 59 3.13 0
16:54 749.05 10.89 60 4.47 0
16:55 749.05 10.89 60 2.68 0
16:56 749.05 10.89 60 2.24 0
16:57 749.05 10.83 60 2.24 0
16:58 749.05 10.89 60 4.47 0
16:59 749.05 10.83 60 2.24 0
17:00 749.05 10.83 60 1.79 0
17:01 749.05 10.78 60 3.13 0
17:02 749.05 10.78 60 3.13 0
17:03 749.05 10.78 60 4.02 0
17:04 749.05 10.78 61 3.58 0
17:05 749.05 10.67 60 5.81 0
17:06 749.05 10.67 60 7.15 0
17:07 749.05 10.67 60 5.81 0
17:08 749.05 10.67 60 4.02 0
17:09 749.05 10.61 60 5.81 0
17:10 749.05 10.61 61 3.58 0
17:11 749.05 10.56 61 5.81 0
17:12 749.05 10.56 61 2.24 0
17:13 749.05 10.56 61 4.02 0
17:14 749.05 10.5 61 2.68 0
17:15 749.05 10.5 62 4.02 0
17:16 749.05 10.5 62 4.47 0
17:17 749.05 10.44 62 4.02 0
17:18 749.05 10.44 62 2.68 0
17:19 749.05 10.39 62 1.79 0
17:20 749.05 10.39 62 1.79 0
17:21 749.05 10.39 62 5.36 0
17:22 749.05 10.33 62 4.47 0
17:23 749.05 10.33 62 5.36 0
17:24 749.05 10.33 62 3.13 0
17:25 748.79 10.28 62 2.68 0
17:26 749.05 10.28 62 1.79 0
17:27 749.05 10.28 63 2.68 0
17:28 748.79 10.28 63 .89 0
17:29 749.05 10.22 63 3.58 0
17:30 748.79 10.22 63 4.47 0
17:31 748.79 10.22 63 4.02 0
17:32 748.79 10.22 63 3.13 0
17:33 748.79 10.22 63 1.79 0
17:34 748.79 10.22 63 3.13 0
17:35 748.79 10.17 63 2.68 0
17:36 748.79 10.17 63 2.68 0
17:37 748.79 10.17 63 3.58 0
17:38 748.79 10.17 63 4.47 0
17:39 748.79 10.17 63 4.92 0
17:40 748.79 10.17 63 4.92 0
17:41 748.79 10.17 63 3.13 0
17:42 748.79 10.17 63 3.58 0
17:43 748.79 10.11 63 3.13 0
17:44 748.79 10.11 63 3.13 0
17:45 748.79 10.11 63 3.58 0
17:46 748.79 10.11 63 3.13 0
17:47 748.79 10.11 63 1.34 0
17:48 748.79 10.06 64 2.68 0
17:49 748.79 10.06 64 2.68 0
17:50 748.79 10.06 64 2.68 0
17:51 748.79 10.06 64 3.58 0
17:52 748.79 10.06 64 4.02 0
17:53 748.79 10.06 64 2.24 0
17:54 748.79 10.06 64 4.47 0
17:55 748.79 10 64 4.02 0
17:56 748.79 9.94 64 3.58 0
17:57 748.79 9.94 64 3.13 0
17:58 748.79 9.94 64 3.13 0
17:59 748.79 9.94 64 1.79 0
18:00 748.79 9.89 64 2.68 0
18:01 748.79 9.89 65 3.58 0
18:02 748.79 9.89 64 2.24 0
18:03 748.79 9.89 65 2.24 0
18:04 748.79 9.83 65 3.58 0
18:05 748.79 9.83 65 2.68 0
18:06 748.79 9.83 65 2.24 0
18:07 748.79 9.78 65 2.68 0
18:08 748.79 9.78 65 3.13 0
18:09 748.79 9.78 65 1.79 0
18:10 748.79 9.72 65 2.68 0
18:11 748.54 9.72 65 3.13 0
18:12 748.79 9.67 65 2.68 0
18:13 748.54 9.67 65 2.24 0
18:14 748.79 9.67 65 3.58 0
18:15 748.54 9.67 65 1.79 0
18:16 748.54 9.67 66 3.58 0
18:17 748.54 9.61 66 1.79 0
18:18 748.54 9.61 66 2.24 0
18:19 748.54 9.61 66 1.79 0
18:20 748.54 9.56 66 3.13 0
18:21 748.54 9.56 66 3.58 0
18:22 748.54 9.56 66 4.02 0
18:23 748.54 9.56 66 3.13 0
18:24 748.54 9.56 66 5.81 0
18:25 748.54 9.56 65 3.58 0
18:26 748.54 9.56 66 2.68 0
18:27 748.54 9.56 66 4.02 0
18:28 748.54 9.56 66 3.58 0
18:29 748.54 9.56 66 4.47 0
18:30 748.54 9.56 66 3.58 0
18:31 748.54 9.5 66 2.24 0
18:32 748.54 9.5 66 4.47 0
18:33 748.54 9.5 66 3.58 0
18:34 748.28 9.44 66 4.02 0
18:35 748.54 9.5 65 5.81 0
18:36 748.54 9.5 65 4.02 0
18:37 748.54 9.56 65 4.92 0
18:38 748.54 9.56 65 4.47 0
18:39 748.54 9.5 65 4.02 0
18:40 748.54 9.5 65 3.13 0
18:41 748.28 9.56 65 1.79 0
18:42 748.28 9.56 65 2.68 0
18:43 748.28 9.5 65 3.58 0
18:44 748.28 9.5 66 3.58 0
18:45 748.28 9.5 66 3.58 0
18:46 748.28 9.44 65 2.24 0
18:47 748.28 9.44 66 3.13 0
18:48 748.28 9.44 65 5.36 0
18:49 748.28 9.44 65 2.68 0
18:50 748.28 9.44 65 2.68 0
18:51 748.28 9.44 66 1.79 0
18:52 748.28 9.44 66 2.68 0
18:53 748.28 9.44 65 5.36 0
18:54 748.28 9.44 65 2.24 0
18:55 748.28 9.44 65 4.92 0
18:56 748.28 9.44 65 5.36 0
18:57 748.28 9.44 65 2.68 0
18:58 748.28 9.44 65 3.13 0
18:59 748.28 9.44 65 4.47 0
19:00 748.28 9.44 65 3.13 0
19:01 748.28 9.44 65 3.13 0
19:02 748.28 9.44 65 3.58 0
19:03 748.28 9.39 65 3.13 0
19:04 748.28 9.39 65 2.68 0
19:05 748.03 9.39 66 4.47 0
19:06 748.28 9.33 66 4.02 0
19:07 748.03 9.39 65 4.47 0
19:08 748.03 9.39 66 2.24 0
19:09 748.03 9.39 66 4.02 0
19:10 748.03 9.33 66 3.58 0
19:11 748.03 9.39 66 5.81 0
19:12 748.03 9.33 65 2.68 0
19:13 748.03 9.39 65 4.02 0
19:14 748.03 9.39 66 3.13 0
19:15 748.03 9.39 65 3.13 0
19:16 748.03 9.39 66 2.68 0
19:17 748.03 9.39 66 3.13 0
19:18 748.03 9.39 66 3.13 0
19:19 748.03 9.39 66 2.24 0
19:20 748.03 9.39 66 3.13 0
19:21 748.03 9.33 66 4.92 0
19:22 748.03 9.39 66 3.13 0
19:23 748.03 9.33 66 4.02 0
19:24 747.78 9.33 66 3.13 0
19:25 747.78 9.33 66 5.36 0
19:26 747.78 9.39 66 5.36 0
19:27 747.78 9.33 66 4.47 0
19:28 747.78 9.33 66 3.13 0
19:29 747.78 9.39 66 3.13 0
19:30 747.78 9.39 66 2.24 0
19:31 747.78 9.39 66 4.02 0
19:32 747.78 9.33 66 3.58 0
19:33 747.78 9.39 66 4.92 0
19:34 747.78 9.33 66 4.02 0
19:35 747.78 9.33 66 2.68 0
19:36 747.78 9.33 66 2.68 0
19:37 747.78 9.33 66 3.58 0
19:38 747.78 9.33 66 2.68 0
19:39 747.78 9.33 66 3.13 0
19:40 747.52 9.33 66 3.58 0
19:41 747.52 9.33 66 2.24 0
19:42 747.52 9.33 66 3.58 0
19:43 747.52 9.28 66 4.47 0
19:44 747.52 9.33 66 5.36 0
19:45 747.78 9.33 66 5.81 0
19:46 747.52 9.33 66 5.36 0
19:47 747.52 9.39 66 4.47 0
19:48 747.52 9.39 66 7.15 0
19:49 747.52 9.39 66 4.47 0
19:50 747.52 9.39 66 4.92 0
19:51 747.52 9.39 66 4.02 0
19:52 747.52 9.33 66 3.58 0
19:53 747.52 9.39 66 3.58 0
19:54 747.52 9.33 66 5.81 0
19:55 747.52 9.33 66 5.36 0
19:56 747.52 9.33 66 2.68 0
19:57 747.52 9.33 66 2.24 0
19:58 747.52 9.33 66 6.26 0
19:59 747.52 9.33 66 4.02 0
20:00 747.52 9.33 66 3.13 0
20:01 747.52 9.33 66 4.92 0
20:02 747.52 9.33 66 3.58 0
20:03 747.52 9.33 66 4.92 0
20:04 747.52 9.39 66 4.02 0
20:05 747.52 9.39 66 3.13 0
20:06 747.52 9.33 66 5.36 0
20:07 747.52 9.39 66 4.02 0
20:08 747.52 9.33 66 4.02 0
20:09 747.52 9.39 66 4.92 0
20:10 747.52 9.39 66 5.36 0
20:11 747.52 9.39 66 4.02 0
20:12 747.52 9.39 66 4.92 0
20:13 747.52 9.44 66 3.13 0
20:14 747.52 9.39 66 5.36 0
20:15 747.52 9.44 66 4.47 0
20:16 747.52 9.44 66 7.15 0
20:17 747.52 9.44 66 2.68 0
20:18 747.52 9.44 66 2.68 0
20:19 747.52 9.44 66 3.13 0
20:20 747.52 9.44 66 3.58 0
20:21 747.52 9.44 66 4.02 0
20:22 747.52 9.44 65 6.71 0
20:23 747.52 9.44 66 5.36 0
20:24 747.52 9.44 65 5.81 0
20:25 747.52 9.5 65 4.92 0
20:26 747.27 9.5 66 4.47 0
20:27 747.27 9.44 66 6.26 0
20:28 747.27 9.44 65 5.36 0
20:29 747.27 9.5 65 7.6 0
20:30 747.27 9.5 65 4.92 0
20:31 747.27 9.5 65 6.26 0
20:32 747.27 9.5 65 5.81 0
20:33 747.27 9.5 65 4.47 0
20:34 747.27 9.5 65 8.49 0
20:35 747.27 9.5 65 3.58 0
20:36 747.27 9.5 65 3.13 0
20:37 747.27 9.5 65 6.26 0
20:38 747.27 9.44 65 5.81 0
20:39 747.27 9.44 65 7.6 0
20:40 747.27 9.44 65 5.36 0
20:41 747.27 9.44 65 4.47 0
20:42 747.27 9.44 65 4.02 0
20:43 747.01 9.44 65 5.36 0
20:44 747.01 9.39 65 7.15 0
20:45 747.01 9.39 65 5.81 0
20:46 747.01 9.44 66 4.02 0
20:47 747.01 9.39 66 5.36 0
20:48 747.01 9.39 66 4.92 0
20:49 747.01 9.39 66 4.92 0
20:50 747.01 9.39 66 7.15 0
20:51 747.01 9.33 66 4.02 0
20:52 747.01 9.33 66 5.36 0
20:53 747.01 9.33 65 4.47 0
20:54 747.01 9.33 66 5.81 0
20:55 747.01 9.33 66 7.6 0
20:56 746.76 9.33 65 3.13 0
20:57 747.01 9.33 66 4.02 0
20:58 747.01 9.33 66 3.13 0
20:59 747.01 9.33 66 4.47 0
21:00 746.76 9.33 66 5.36 0
21:01 746.76 9.33 66 4.02 0
21:02 746.76 9.28 66 3.13 0
21:03 746.76 9.28 66 3.58 0
21:04 746.76 9.28 65 7.15 0
21:05 746.76 9.28 66 4.92 0
21:06 746.76 9.33 66 4.92 0
21:07 746.76 9.33 66 5.81 0
21:08 746.76 9.28 66 6.26 0
21:09 746.51 9.28 66 2.68 0
21:10 746.51 9.28 66 3.58 0
21:11 746.51 9.28 66 4.47 0
21:12 746.51 9.28 66 4.02 0
21:13 746.51 9.28 66 4.02 0
21:14 746.51 9.28 66 5.81 0
21:15 746.51 9.22 66 5.36 0
21:16 746.51 9.22 66 5.81 0
21:17 746.51 9.22 66 4.92 0
21:18 746.51 9.28 66 6.71 0
21:19 746.51 9.28 66 9.83 0
21:20 746.51 9.28 66 7.15 0
21:21 746.51 9.28 66 5.81 0
21:22 746.25 9.28 65 3.13 0
21:23 746.25 9.28 65 8.49 0
21:24 746.25 9.28 65 4.92 0
21:25 746.25 9.28 65 8.49 0
21:26 746.25 9.28 65 5.81 0
21:27 746.25 9.28 65 4.02 0
21:28 746.25 9.28 65 4.47 0
21:29 746.25 9.28 65 5.36 0
21:30 746.25 9.28 65 5.36 0
21:31 746 9.28 65 3.13 0
21:32 746.25 9.28 65 7.6 0
21:33 746 9.28 65 4.02 0
21:34 746 9.22 66 4.92 0
21:35 746 9.22 66 6.71 0
21:36 746.25 9.22 66 6.71 0
21:37 746.25 9.22 65 5.36 0
21:38 746 9.22 65 5.36 0
21:39 746 9.22 65 3.58 0
21:40 746 9.17 66 5.81 0
21:41 746 9.17 66 7.6 0
21:42 746 9.17 65 4.02 0
21:43 746.25 9.17 66 7.15 0
21:44 746.25 9.17 66 4.02 0
21:45 746 9.17 66 7.6 0
21:46 746 9.17 66 8.49 0
21:47 746 9.17 65 4.02 0
21:48 746 9.17 66 5.81 0
21:49 746 9.17 66 3.58 0
21:50 746 9.17 66 4.92 0
21:51 745.74 9.17 66 6.71 0
21:52 745.74 9.17 66 4.92 0
21:53 745.74 9.17 66 6.26 0
21:54 745.74 9.11 66 6.26 0
21:55 745.74 9.11 66 5.81 0
21:56 745.74 9.06 66 2.68 0
21:57 745.74 9.06 66 5.81 0
21:58 745.74 9.06 66 4.47 0
21:59 745.74 9.06 66 9.39 0
22:00 745.74 9.06 66 6.26 0
22:01 745.74 9.06 66 4.02 0
22:02 745.74 9.11 66 3.58 0
22:03 745.74 9.11 66 3.13 0
22:04 745.74 9.06 66 3.13 0
22:05 745.49 9.06 66 5.81 0
22:06 745.49 9.06 66 3.13 0
22:07 745.49 9 66 4.47 0
22:08 745.49 9.06 66 6.26 0
22:09 745.49 9 66 5.36 0
22:10 745.49 9 66 6.71 0
22:11 745.49 9 66 3.58 0
22:12 745.49 9 66 5.81 0
22:13 745.49 9 66 4.47 0
22:14 745.49 9 66 2.68 0
22:15 745.49 9 66 4.02 0
22:16 745.49 9 66 3.58 0
22:17 745.49 9 66 4.92 0
22:18 745.49 8.94 66 4.92 0
22:19 745.49 9 66 4.92 0
22:20 745.24 8.94 66 4.47 0
22:21 745.24 9 66 3.13 0
22:22 745.24 9 66 6.26 0
22:23 745.24 9 66 4.02 0
22:24 745.24 9 66 5.36 0
22:25 745.24 9 66 3.13 0
22:26 745.24 8.94 66 8.05 0
22:27 745.24 9 65 9.39 0
22:28 745.24 9 65 8.94 0
22:29 745.24 9 65 5.36 0
22:30 744.98 9 65 4.02 0
22:31 745.24 9 65 4.92 0
22:32 744.98 9 65 10.28 0
22:33 745.24 9 65 3.58 0
22:34 744.98 9 66 3.13 0
22:35 744.98 8.94 66 4.92 0
22:36 744.98 8.94 66 4.47 0
22:37 744.98 8.89 66 3.58 0
22:38 744.73 8.89 66 6.26 0
22:39 744.73 8.89 66 4.92 0
22:40 744.73 8.89 66 4.92 0
22:41 744.73 8.89 66 4.92 0
22:42 744.73 8.89 66 3.13 0
22:43 744.73 8.83 66 4.02 0
22:44 744.73 8.83 66 6.26 0
22:45 744.73 8.83 66 4.02 0
22:46 744.73 8.83 66 3.58 0
22:47 744.73 8.89 66 4.92 0
22:48 744.73 8.89 66 5.81 0
22:49 744.47 8.89 65 7.15 0
22:50 744.47 8.83 65 5.81 0
22:51 744.73 8.89 65 3.58 0
22:52 744.47 8.89 65 8.05 0
22:53 744.47 8.89 65 6.26 0
22:54 744.47 8.89 65 8.94 0
22:55 744.47 8.89 65 6.26 0
22:56 744.47 8.89 65 4.92 0
22:57 744.47 8.89 65 4.47 0
22:58 744.47 8.83 65 4.02 0
22:59 744.22 8.83 66 4.47 0
23:00 744.47 8.83 65 4.47 0
23:01 744.22 8.83 66 5.36 0
23:02 744.22 8.78 66 3.13 0
23:03 744.22 8.78 66 4.02 0
23:04 744.22 8.78 66 6.71 0
23:05 744.22 8.78 65 10.28 0
23:06 744.22 8.83 65 5.81 0
23:07 744.22 8.83 65 3.58 0
23:08 744.22 8.83 65 5.36 0
23:09 744.22 8.83 65 4.47 0
23:10 744.22 8.83 65 4.92 0
23:11 744.22 8.83 65 4.47 0
23:12 744.22 8.83 65 2.24 0
23:13 743.97 8.78 66 6.71 0
23:14 743.97 8.78 65 6.71 0
23:15 744.22 8.78 66 4.47 0
23:16 743.97 8.78 66 4.92 0
23:17 743.97 8.78 66 2.24 0
23:18 743.97 8.78 66 6.26 0
23:19 743.97 8.78 66 4.47 0
23:20 743.97 8.78 65 4.92 0
23:21 743.97 8.78 66 6.71 0
23:22 743.97 8.78 65 5.36 0
23:23 743.97 8.78 65 10.73 0
23:24 743.97 8.83 65 4.92 0
23:25 743.97 8.83 65 8.49 0
23:26 743.97 8.83 65 7.6 0
23:27 743.97 8.83 65 7.15 0
23:28 743.97 8.83 65 4.92 0
23:29 743.97 8.83 65 4.92 0
23:30 743.97 8.78 66 5.36 0
23:31 743.97 8.78 66 8.05 0
23:32 743.71 8.72 66 5.81 0
23:33 743.71 8.72 66 9.39 0
23:34 743.97 8.72 66 5.36 0
23:35 743.71 8.67 66 6.26 0
23:36 743.71 8.61 67 4.02 0
23:37 743.71 8.61 68 4.92 0
23:38 743.71 8.56 68 5.36 0
23:39 743.71 8.44 68 6.26 0
23:40 743.71 8.44 69 4.92 0
23:41 743.71 8.39 70 5.81 0
23:42 743.71 8.33 70 4.92 0
23:43 743.71 8.28 71 3.58 0
23:44 743.71 8.22 71 3.13 0
23:45 743.71 8.17 71 9.39 0
23:46 743.71 8.11 71 5.81 0
23:47 743.71 8.06 72 3.58 0
23:48 743.46 8 72 5.36 0
23:49 743.46 7.94 72 5.81 0
23:50 743.46 7.89 73 4.92 0
23:51 743.46 7.83 73 6.26 0
23:52 743.46 7.78 73 4.02 0
23:53 743.46 7.72 73 9.83 0
23:54 743.46 7.72 73 8.05 0
23:55 743.46 7.67 74 4.92 0
23:56 743.46 7.61 74 4.92 0
23:57 743.46 7.56 74 7.6 0
23:58 743.46 7.56 74 3.58 0
23:59 743.46 7.5 75 7.15 0
