00:00 746 -4.44 81 3.58 0
00:01 746 -4.5 81 1.79 0
00:02 746 -4.44 81 1.79 0
00:03 746 -4.44 81 3.13 0
00:04 746 -4.44 81 1.79 0
00:05 746 -4.44 81 1.34 0
00:06 746 -4.44 81 3.58 0
00:07 746 -4.44 81 3.58 0
00:08 746 -4.44 81 .89 0
00:09 746 -4.44 81 4.02 0
00:10 746 -4.44 81 3.13 0
00:11 746 -4.44 81 4.02 0
00:12 746 -4.44 81 2.68 0
00:13 746 -4.44 81 4.02 0
00:14 746 -4.44 81 1.34 0
00:15 746 -4.44 81 3.13 0
00:16 746 -4.44 81 2.68 0
00:17 746 -4.44 81 1.34 0
00:18 746 -4.44 81 1.34 0
00:19 746 -4.44 81 1.79 0
00:20 746 -4.44 81 .89 0
00:21 746 -4.44 81 1.79 0
00:22 746 -4.44 81 1.79 0
00:23 746 -4.44 80 2.68 0
00:24 746 -4.44 80 3.58 0
00:25 746 -4.44 80 1.79 0
00:26 746 -4.5 80 1.34 0
00:27 746 -4.5 80 1.34 0
00:28 746 -4.5 80 4.02 0
00:29 746 -4.5 80 1.34 0
00:30 746 -4.5 80 .89 0
00:31 746 -4.5 80 1.34 0
00:32 746 -4.5 80 .89 0
00:33 746 -4.5 80 1.34 0
00:34 746 -4.5 80 1.79 0
00:35 746 -4.5 80 1.34 0
00:36 746 -4.5 80 1.34 0
00:37 746 -4.5 80 1.34 0
00:38 746 -4.5 80 .89 0
00:39 746 -4.5 80 .89 0
00:40 746 -4.5 80 .89 0
00:41 746 -4.56 80 1.34 0
00:42 746 -4.5 80 .89 0
00:43 746 -4.5 81 .45 0
00:44 746 -4.5 81 .45 0
00:45 746 -4.5 81 1.34 0
00:46 746 -4.44 80 .89 0
00:47 746 -4.44 80 1.34 0
00:48 746 -4.44 80 1.34 0
00:49 746 -4.39 81 .89 0
00:50 746 -4.39 81 .45 0
00:51 746 -4.39 80 1.79 0
00:52 746 -4.39 80 2.68 0
00:53 746 -4.39 80 1.34 0
00:54 746 -4.39 80 2.68 0
00:55 746 -4.44 81 2.24 0
00:56 746 -4.39 81 2.24 0
00:57 746 -4.44 81 1.79 0
00:58 746 -4.39 81 2.24 0
00:59 746 -4.39 81 2.24 0
01:00 746 -4.44 81 1.79 0
01:01 746 -4.44 81 1.79 0
01:02 746 -4.44 81 1.34 0
01:03 746 -4.44 81 1.34 0
01:04 746 -4.5 81 1.34 0
01:05 746 -4.5 81 .89 0
01:06 746 -4.5 81 .89 0
01:07 746 -4.56 81 2.68 0
01:08 746 -4.56 81 1.79 0
01:09 746 -4.56 81 1.34 0
01:10 746 -4.56 81 1.79 0
01:11 746 -4.56 81 1.79 0
01:12 746 -4.61 81 .89 0
01:13 746 -4.61 81 .89 0
01:14 746 -4.67 81 .45 0
01:15 746 -4.61 81 .89 0
01:16 746 -4.67 81 .89 0
01:17 746 -4.67 81 .89 0
01:18 746 -4.72 81 .89 0
01:19 746 -4.78 81 1.34 0
01:20 746 -4.78 81 1.79 0
01:21 746 -4.83 81 1.79 0
01:22 746 -4.83 82 1.79 0
01:23 745.74 -4.83 82 1.34 0
01:24 746 -4.83 82 1.34 0
01:25 745.74 -4.89 82 1.79 0
01:26 746 -4.83 82 1.34 0
01:27 745.74 -4.83 82 1.34 0
01:28 746 -4.83 83 1.34 0
01:29 745.74 -4.83 82 1.34 0
01:30 746 -4.83 83 1.79 0
01:31 746 -4.78 83 1.34 0
01:32 746 -4.78 83 1.79 0
01:33 746 -4.78 82 1.79 0
01:34 746 -4.78 82 1.79 0
01:35 746 -4.78 83 1.34 0
01:36 746 -4.78 83 1.34 0
01:37 746 -4.72 82 1.34 0
01:38 746 -4.72 82 1.79 0
01:39 746 -4.72 82 1.34 0
01:40 745.74 -4.67 83 2.24 0
01:41 746 -4.67 83 2.24 0
01:42 745.74 -4.61 82 2.24 0
01:43 745.74 -4.61 82 1.79 0
01:44 746 -4.61 82 1.79 0
01:45 746 -4.67 82 1.79 0
01:46 746 -4.61 82 1.79 0
01:47 746 -4.61 82 1.79 0
01:48 746 -4.56 82 2.24 0
01:49 746 -4.61 82 1.79 0
01:50 746 -4.56 82 2.68 0
01:51 746 -4.56 82 2.24 0
01:52 746 -4.56 82 1.79 0
01:53 746 -4.61 82 2.68 0
01:54 746 -4.61 82 1.79 0
01:55 746 -4.56 82 2.24 0
01:56 746 -4.56 82 1.34 0
01:57 746 -4.56 82 3.13 0
01:58 746 -4.56 82 1.34 0
01:59 746 -4.56 82 2.68 0
02:00 746 -4.56 82 1.34 0
02:01 746 -4.61 82 .89 0
02:02 746 -4.61 82 1.79 0
02:03 746 -4.61 82 1.79 0
02:04 746 -4.56 82 2.68 0
02:05 745.74 -4.56 82 2.24 0
02:06 746 -4.61 82 1.34 0
02:07 746 -4.61 82 2.24 0
02:08 745.74 -4.67 82 3.13 0
02:09 746 -4.67 82 2.24 0
02:10 745.74 -4.67 82 1.34 0
02:11 746 -4.67 82 1.34 0
02:12 745.74 -4.67 82 1.79 0
02:13 746 -4.67 83 1.34 0
02:14 746 -4.67 83 1.79 0
02:15 745.74 -4.61 83 1.34 0
02:16 746 -4.56 83 1.34 0
02:17 746 -4.61 83 .89 0
02:18 746 -4.56 83 1.79 0
02:19 746 -4.56 83 1.34 0
02:20 746 -4.56 83 1.34 0
02:21 745.74 -4.61 82 1.34 0
02:22 745.74 -4.61 82 1.34 0
02:23 745.74 -4.61 82 1.34 0
02:24 745.74 -4.67 82 1.34 0
02:25 746 -4.67 83 1.79 0
02:26 746 -4.67 83 1.79 0
02:27 745.74 -4.72 83 1.34 0
02:28 745.74 -4.72 83 .89 0
02:29 745.74 -4.72 83 .89 0
02:30 745.74 -4.72 83 .89 0
02:31 745.74 -4.78 83 1.79 0
02:32 746 -4.83 83 1.34 0
02:33 746 -4.83 83 1.34 0
02:34 746 -4.89 83 1.34 0
02:35 746 -4.94 83 1.79 0
02:36 746 -4.94 83 1.79 0
02:37 746 -4.94 83 1.34 0
02:38 746 -4.94 83 1.34 0
02:39 746 -4.94 83 .89 0
02:40 746 -4.94 84 2.24 0
02:41 746 -4.94 84 1.34 0
02:42 746 -4.94 84 1.34 0
02:43 746 -4.94 84 1.79 0
02:44 746 -4.94 84 .89 0
02:45 745.74 -4.94 84 .89 0
02:46 746 -4.94 84 2.24 0
02:47 746 -4.94 84 1.34 0
02:48 746 -5 84 1.79 0
02:49 746 -5 84 1.34 0
02:50 746 -5 84 2.24 0
02:51 746 -4.94 84 .89 0
02:52 746 -5 84 1.79 0
02:53 746 -4.94 84 .89 0
02:54 746 -4.94 84 1.34 0
02:55 745.74 -5 84 1.79 0
02:56 746 -4.94 84 .89 0
02:57 746 -5 84 .89 0
02:58 746 -5 84 1.34 0
02:59 746 -5.06 84 2.68 0
03:00 745.74 -5 84 1.34 0
03:01 745.74 -5.06 84 1.34 0
03:02 746 -5 84 1.79 0
03:03 745.74 -5.06 85 .89 0
03:04 746 -5.06 85 1.34 0
03:05 745.74 -5.06 85 1.34 0
03:06 746 -5.06 85 1.34 0
03:07 745.74 -5.06 85 1.34 0
03:08 745.74 -5.06 85 1.34 0
03:09 745.74 -5.06 85 .89 0
03:10 746 -5.06 85 2.24 0
03:11 745.74 -5.06 85 1.34 0
03:12 746 -5.06 85 2.24 0
03:13 746 -5.06 85 1.79 0
03:14 746 -5.11 85 1.79 0
03:15 745.74 -5.11 85 1.34 0
03:16 746 -5.11 85 .89 0
03:17 746 -5.11 85 1.34 0
03:18 746 -5.06 85 1.34 0
03:19 746 -5.06 85 2.24 0
03:20 745.74 -5.11 85 1.79 0
03:21 746 -5.11 85 1.34 0
03:22 745.74 -5.11 85 .45 0
03:23 745.74 -5.17 85 .89 0
03:24 745.74 -5.11 85 1.34 0
03:25 746 -5.11 85 .89 0
03:26 746 -5.17 85 2.24 0
03:27 745.74 -5.17 85 1.34 0
03:28 745.74 -5.17 85 .89 0
03:29 745.74 -5.17 85 2.68 0
03:30 745.74 -5.22 85 .89 0
03:31 745.74 -5.17 85 2.24 0
03:32 745.74 -5.22 85 1.34 0
03:33 745.74 -5.22 85 1.34 0
03:34 745.74 -5.22 85 3.13 0
03:35 745.74 -5.22 85 2.24 0
03:36 745.74 -5.22 85 2.68 0
03:37 745.74 -5.22 85 3.58 0
03:38 745.74 -5.17 85 2.24 0
03:39 745.74 -5.11 86 4.02 0
03:40 745.74 -5.11 86 .89 0
03:41 746 -5.11 85 .89 0
03:42 745.74 -5.17 85 1.34 0
03:43 745.74 -5.17 85 2.68 0
03:44 745.74 -5.22 85 1.79 0
03:45 745.74 -5.17 85 1.79 0
03:46 745.74 -5.17 85 1.79 0
03:47 745.74 -5.17 86 2.24 0
03:48 745.74 -5.11 86 2.68 0
03:49 745.74 -5.11 86 3.13 0
03:50 745.74 -5.06 86 2.68 0
03:51 745.74 -5.06 86 2.68 0
03:52 745.74 -5.06 86 3.13 0
03:53 745.74 -5.06 86 3.13 0
03:54 745.74 -5.06 86 1.34 0
03:55 745.74 -5 86 2.24 0
03:56 745.74 -5 86 2.68 0
03:57 745.74 -5 86 4.47 0
03:58 745.74 -5 86 2.24 0
03:59 745.74 -5 86 1.79 0
04:00 745.74 -4.94 86 1.79 0
04:01 745.74 -4.94 86 .89 0
04:02 745.74 -4.94 86 2.68 0
04:03 745.74 -4.94 85 2.68 0
04:04 745.74 -4.94 85 2.24 0
04:05 745.74 -4.94 86 3.13 0
04:06 745.74 -4.94 86 3.58 0
04:07 745.74 -4.94 85 2.68 0
04:08 745.74 -4.94 85 3.13 0
04:09 745.74 -4.94 85 2.24 0
04:10 745.74 -4.94 85 4.02 0
04:11 745.74 -4.94 85 4.02 0
04:12 745.74 -4.94 86 3.13 0
04:13 745.74 -4.94 85 2.24 0
04:14 745.74 -4.89 85 2.68 0
04:15 745.74 -4.89 85 3.58 0
04:16 745.74 -4.94 86 2.24 0
04:17 745.74 -4.89 85 2.24 0
04:18 745.74 -4.89 85 4.02 0
04:19 745.74 -4.89 85 2.68 0
04:20 745.74 -4.89 85 4.02 0
04:21 745.74 -4.89 85 1.79 0
04:22 745.74 -4.89 85 2.24 0
04:23 745.74 -4.89 85 3.58 0
04:24 745.74 -4.89 85 2.24 0
04:25 745.74 -4.89 85 2.68 0
04:26 745.74 -4.94 85 1.34 0
04:27 745.74 -4.94 86 2.68 0
04:28 745.74 -4.94 85 3.13 0
04:29 745.74 -4.94 85 2.68 0
04:30 745.74 -4.94 85 1.34 0
04:31 745.74 -4.94 85 2.24 0
04:32 745.74 -4.94 86 1.34 0
04:33 745.74 -4.94 85 1.34 0
04:34 745.74 -4.94 86 1.34 0
04:35 745.74 -4.94 86 2.24 0
04:36 745.74 -4.94 86 2.24 0
04:37 745.74 -4.94 86 3.13 0
04:38 745.74 -4.94 86 1.79 0
04:39 745.74 -4.94 86 1.34 0
04:40 745.74 -4.94 86 1.79 0
04:41 745.74 -4.94 86 3.58 0
04:42 746 -4.94 86 1.79 0
04:43 745.74 -4.94 86 1.79 0
04:44 745.74 -4.94 86 2.24 0
04:45 745.74 -4.89 86 3.13 0
04:46 745.74 -4.94 86 1.34 0
04:47 745.74 -4.94 86 3.13 0
04:48 745.74 -4.94 86 2.24 0
04:49 745.74 -4.94 86 1.34 0
04:50 745.74 -4.94 86 2.68 0
04:51 745.74 -4.94 86 1.34 0
04:52 745.74 -4.94 86 1.79 0
04:53 746 -4.94 86 1.79 0
04:54 745.74 -4.94 86 2.24 0
04:55 745.74 -4.94 86 1.79 0
04:56 745.74 -4.94 86 2.24 0
04:57 745.74 -4.94 86 1.34 0
04:58 745.74 -4.89 86 2.68 0
04:59 745.74 -4.89 86 2.68 0
05:00 746 -4.89 86 .89 0
05:01 745.74 -4.89 86 2.24 0
05:02 745.74 -4.89 86 .89 0
05:03 745.74 -4.89 86 .89 0
05:04 745.74 -4.94 86 .89 0
05:05 745.74 -4.89 86 1.34 0
05:06 745.74 -4.89 86 2.68 0
05:07 746 -4.89 86 1.34 0
05:08 745.74 -4.89 86 1.79 0
05:09 745.74 -4.89 86 .45 0
05:10 745.74 -4.89 86 .89 0
05:11 745.74 -4.94 86 1.34 0
05:12 746 -4.89 86 1.34 0
05:13 746 -4.89 86 1.34 0
05:14 746 -4.89 86 .45 0
05:15 746 -4.89 86 1.79 0
05:16 746 -4.89 86 .89 0
05:17 746 -4.89 86 .89 0
05:18 746 -4.94 86 1.34 0
05:19 746 -4.94 86 .89 0
05:20 746 -4.94 86 1.34 0
05:21 746 -4.94 86 1.34 0
05:22 745.74 -4.94 86 1.79 0
05:23 746 -4.94 86 1.79 0
05:24 746 -4.94 86 1.34 0
05:25 745.74 -4.94 86 1.34 0
05:26 745.74 -4.94 86 2.68 0
05:27 745.74 -4.89 86 .89 0
05:28 745.74 -4.83 86 3.13 0
05:29 745.74 -4.83 86 2.24 0
05:30 745.74 -4.83 86 1.79 0
05:31 745.74 -4.83 86 2.24 0
05:32 745.74 -4.83 86 4.47 0
05:33 745.74 -4.83 86 2.68 0
05:34 745.74 -4.83 86 1.34 0
05:35 745.74 -4.83 86 3.13 0
05:36 746 -4.83 86 2.24 0
05:37 745.74 -4.83 86 2.24 0
05:38 745.74 -4.83 86 1.34 0
05:39 745.74 -4.83 86 1.79 0
05:40 745.74 -4.83 86 4.02 0
05:41 746 -4.83 86 4.02 0
05:42 746 -4.83 86 2.24 0
05:43 746 -4.83 86 4.02 0
05:44 746 -4.83 86 4.47 0
05:45 746 -4.83 86 2.24 0
05:46 746 -4.89 86 2.24 0
05:47 746 -4.89 86 2.24 0
05:48 745.74 -4.89 86 2.68 0
05:49 746 -4.89 86 4.47 0
05:50 746 -4.94 86 3.58 0
05:51 746 -4.94 86 2.24 0
05:52 745.74 -4.94 86 4.47 0
05:53 746 -4.94 86 3.58 0
05:54 746 -4.94 86 4.02 0
05:55 746 -4.94 86 3.13 0
05:56 746 -4.94 86 3.13 0
05:57 746 -4.94 86 2.68 0
05:58 746 -4.94 86 4.47 0
05:59 746 -5 86 2.24 0
06:00 746 -4.94 86 4.02 0
06:01 746 -4.94 86 1.79 0
06:02 746 -4.94 86 4.47 0
06:03 746 -5 86 3.13 0
06:04 746 -5 86 2.24 0
06:05 746 -5.06 86 3.13 0
06:06 746 -5 86 3.13 0
06:07 746 -5 86 2.68 0
06:08 746 -5 86 3.58 0
06:09 746 -5 86 2.68 0
06:10 746 -4.94 86 3.58 0
06:11 746 -5 86 2.24 0
06:12 746 -4.94 86 3.13 0
06:13 746 -5 86 3.13 0
06:14 746 -5 86 4.02 0
06:15 746 -5 86 4.02 0
06:16 746 -5 86 4.02 0
06:17 746 -5 86 2.68 0
06:18 746 -5.06 86 3.13 0
06:19 746 -5.06 86 2.24 0
06:20 746 -5.06 86 3.58 0
06:21 746 -5.06 86 2.68 0
06:22 746 -5.06 86 2.24 0
06:23 746 -5.11 86 2.24 0
06:24 746 -5.11 86 4.92 0
06:25 746 -5.11 86 4.02 0
06:26 746 -5.11 86 3.58 0
06:27 746 -5.11 86 3.58 0
06:28 746 -5.11 86 3.58 0
06:29 746 -5.11 86 4.47 0
06:30 746 -5.11 86 3.58 0
06:31 746 -5.17 86 2.24 0
06:32 746 -5.11 86 3.58 0
06:33 746 -5.11 86 4.02 0
06:34 746 -5.17 86 4.47 0
06:35 746 -5.11 86 1.79 0
06:36 746 -5.17 86 2.68 0
06:37 746 -5.11 86 3.58 0
06:38 746 -5.17 86 3.13 0
06:39 746 -5.17 86 2.68 0
06:40 746 -5.17 86 4.02 0
06:41 746 -5.17 86 2.68 0
06:42 746 -5.17 86 3.58 0
06:43 746 -5.22 86 4.02 0
06:44 746 -5.22 86 3.13 0
06:45 746 -5.22 86 2.24 0
06:46 746 -5.22 86 2.24 0
06:47 746 -5.22 86 4.02 0
06:48 746 -5.22 86 2.24 0
06:49 745.74 -5.22 86 5.36 0
06:50 746 -5.28 86 4.02 0
06:51 745.74 -5.28 86 4.47 0
06:52 745.74 -5.28 86 3.58 0
06:53 746 -5.28 86 3.13 0
06:54 746 -5.28 86 4.92 0
06:55 745.74 -5.28 86 2.68 0
06:56 745.74 -5.28 86 1.34 0
06:57 745.74 -5.28 86 1.79 0
06:58 746 -5.28 86 1.79 0
06:59 745.74 -5.28 86 3.58 0
07:00 745.74 -5.28 86 3.13 0
07:01 745.74 -5.22 86 2.24 0
07:02 745.74 -5.28 86 4.47 0
07:03 746 -5.28 86 2.68 0
07:04 745.74 -5.22 86 3.58 0
07:05 745.74 -5.28 86 3.13 0
07:06 745.74 -5.28 86 2.68 0
07:07 745.74 -5.22 86 2.68 0
07:08 745.74 -5.28 86 3.58 0
07:09 745.74 -5.28 86 4.02 0
07:10 745.74 -5.28 86 4.02 0
07:11 745.74 -5.28 86 3.13 0
07:12 745.74 -5.22 86 3.13 0
07:13 745.74 -5.22 86 3.13 0
07:14 745.74 -5.22 86 4.02 0
07:15 745.74 -5.22 86 3.13 0
07:16 745.74 -5.22 86 2.68 0
07:17 745.74 -5.22 86 4.47 0
07:18 745.74 -5.22 86 3.13 0
07:19 745.74 -5.22 86 4.02 0
07:20 745.74 -5.22 86 3.58 0
07:21 745.74 -5.22 86 2.68 0
07:22 745.74 -5.22 86 2.24 0
07:23 745.74 -5.22 86 2.24 0
07:24 745.74 -5.22 86 4.02 0
07:25 745.74 -5.22 86 2.24 0
07:26 745.74 -5.28 86 4.02 0
07:27 745.74 -5.28 86 2.24 0
07:28 745.74 -5.28 86 3.58 0
07:29 745.74 -5.28 86 3.13 0
07:30 745.74 -5.33 86 3.58 0
07:31 745.74 -5.33 86 3.58 0
07:32 745.74 -5.28 86 3.13 0
07:33 745.74 -5.33 86 1.34 0
07:34 746 -5.33 86 3.58 0
07:35 745.74 -5.33 86 3.58 0
07:36 745.74 -5.33 86 3.58 0
07:37 745.74 -5.33 86 3.13 0
07:38 745.74 -5.33 86 3.58 0
07:39 745.74 -5.33 86 3.58 0
07:40 745.74 -5.33 86 3.13 0
07:41 746 -5.33 87 2.68 0
07:42 745.74 -5.33 87 2.24 0
07:43 745.74 -5.28 86 1.79 0
07:44 745.74 -5.28 87 2.68 0
07:45 745.74 -5.28 87 4.02 0
07:46 745.74 -5.28 87 3.13 0
07:47 745.74 -5.28 87 2.68 0
07:48 745.74 -5.28 86 4.92 0
07:49 745.74 -5.22 87 5.36 0
07:50 745.74 -5.28 86 2.68 0
07:51 745.74 -5.28 86 4.02 0
07:52 745.74 -5.28 86 4.02 0
07:53 745.74 -5.28 86 3.13 0
07:54 745.74 -5.22 86 3.58 0
07:55 745.74 -5.22 86 2.24 0
07:56 745.74 -5.22 86 2.68 0
07:57 745.74 -5.22 86 3.13 0
07:58 745.74 -5.22 86 4.92 0
07:59 745.74 -5.22 86 2.68 0
08:00 745.74 -5.22 86 3.58 0
08:01 745.74 -5.22 86 2.24 0
08:02 745.74 -5.22 86 3.13 0
08:03 745.74 -5.22 86 3.58 0
08:04 745.74 -5.22 86 2.24 0
08:05 745.74 -5.28 86 3.13 0
08:06 745.74 -5.22 86 1.79 0
08:07 745.74 -5.28 86 4.02 0
08:08 745.74 -5.22 86 2.68 0
08:09 745.74 -5.22 86 3.13 0
08:10 745.74 -5.22 86 1.79 0
08:11 745.74 -5.28 86 3.13 0
08:12 745.74 -5.28 86 2.24 0
08:13 745.74 -5.22 86 4.02 0
08:14 745.74 -5.28 86 3.13 0
08:15 745.74 -5.22 86 4.47 0
08:16 745.74 -5.22 86 3.58 0
08:17 745.74 -5.22 86 4.02 0
08:18 745.74 -5.22 86 2.68 0
08:19 745.74 -5.22 86 1.79 0
08:20 745.74 -5.22 86 3.58 0
08:21 745.74 -5.22 86 4.02 0
08:22 745.74 -5.22 86 4.47 0
08:23 745.74 -5.22 86 2.68 0
08:24 745.74 -5.22 86 4.02 0
08:25 745.74 -5.22 86 1.79 0
08:26 745.74 -5.22 86 3.58 0
08:27 745.74 -5.22 86 3.13 0
08:28 745.74 -5.22 86 1.79 0
08:29 745.74 -5.28 86 3.58 0
08:30 745.74 -5.22 86 3.13 0
08:31 745.74 -5.22 86 3.13 0
08:32 745.74 -5.22 86 2.24 0
08:33 745.74 -5.22 86 2.24 0
08:34 745.74 -5.22 86 3.58 0
08:35 745.74 -5.22 86 2.68 0
08:36 745.74 -5.22 86 4.47 0
08:37 745.74 -5.22 86 4.02 0
08:38 745.74 -5.17 86 2.24 0
08:39 745.74 -5.17 86 3.58 0
08:40 745.74 -5.17 86 3.58 0
08:41 745.74 -5.11 86 3.13 0
08:42 745.74 -5.11 86 4.02 0
08:43 745.74 -5.11 86 2.68 0
08:44 745.74 -5.06 86 2.24 0
08:45 745.74 -5.06 86 .89 0
08:46 745.74 -5.06 86 1.34 0
08:47 745.74 -5.06 85 1.79 0
08:48 745.74 -5.06 85 1.79 0
08:49 745.74 -5.06 85 4.02 0
08:50 745.74 -5.06 85 .89 0
08:51 745.74 -5.11 85 2.24 0
08:52 745.49 -5.17 85 3.13 0
08:53 745.49 -5.11 85 1.34 0
08:54 745.49 -5.17 85 1.79 0
08:55 745.49 -5.11 85 2.24 0
08:56 745.49 -5.11 86 1.34 0
08:57 745.49 -5.06 86 3.13 0
08:58 745.49 -5.06 86 1.79 0
08:59 745.49 -5.06 86 1.79 0
09:00 745.49 -5.06 86 2.24 0
09:01 745.49 -5.06 86 1.34 0
09:02 745.49 -5.11 85 3.13 0
09:03 745.49 -5.06 85 3.13 0
09:04 745.49 -5.11 85 2.24 0
09:05 745.49 -5.11 85 1.79 0
09:06 745.49 -5.11 85 1.79 0
09:07 745.49 -5.11 86 .45 0
09:08 745.49 -5.06 86 .89 0
09:09 745.49 -5.06 86 1.34 0
09:10 745.49 -5.06 86 .89 0
09:11 745.49 -5.06 86 2.24 0
09:12 745.49 -5.11 85 1.79 0
09:13 745.49 -5.11 85 2.68 0
09:14 745.49 -5.11 85 1.79 0
09:15 745.49 -5.11 85 .45 0
09:16 745.49 -5.11 85 1.79 0
09:17 745.49 -5.11 85 1.79 0
09:18 745.49 -5.11 85 1.34 0
09:19 745.49 -5.11 85 .89 0
09:20 745.49 -5.11 85 .89 0
09:21 745.49 -5.17 85 1.79 0
09:22 745.49 -5.11 85 1.79 0
09:23 745.49 -5.17 85 2.68 0
09:24 745.49 -5.17 85 2.24 0
09:25 745.49 -5.17 85 2.24 0
09:26 745.24 -5.17 85 .45 0
09:27 745.49 -5.17 85 3.13 0
09:28 745.24 -5.11 85 2.24 0
09:29 745.49 -5.11 85 1.79 0
09:30 745.49 -5.06 85 2.68 0
09:31 745.49 -4.94 85 3.13 0
09:32 745.24 -4.94 85 2.24 0
09:33 745.49 -4.94 85 1.34 0
09:34 745.49 -4.94 85 1.79 0
09:35 745.24 -4.89 85 2.68 0
09:36 745.49 -4.83 85 1.79 0
09:37 745.49 -4.83 85 2.24 0
09:38 745.24 -4.83 85 2.68 0
09:39 745.24 -4.83 84 2.68 0
09:40 745.24 -4.78 84 3.58 0
09:41 745.24 -4.78 84 3.58 0
09:42 745.49 -4.78 84 1.79 0
09:43 745.49 -4.72 84 2.68 0
09:44 745.24 -4.72 84 1.34 0
09:45 745.24 -4.67 84 4.47 0
09:46 745.24 -4.67 84 3.13 0
09:47 745.49 -4.67 84 1.79 0
09:48 745.24 -4.67 84 2.24 0
09:49 745.24 -4.67 84 4.02 0
09:50 745.24 -4.61 84 1.79 0
09:51 745.24 -4.61 84 1.34 0
09:52 745.49 -4.56 84 5.36 0
09:53 745.24 -4.5 84 3.13 0
09:54 745.24 -4.5 83 2.68 0
09:55 745.49 -4.5 83 2.24 0
09:56 745.24 -4.5 83 2.68 0
09:57 745.24 -4.44 83 1.79 0
09:58 745.24 -4.44 83 1.34 0
09:59 745.24 -4.44 83 2.24 0
10:00 745.24 -4.39 83 2.24 0
10:01 745.24 -4.39 83 4.92 0
10:02 745.24 -4.39 83 3.58 0
10:03 745.24 -4.39 83 3.58 0
10:04 745.49 -4.33 83 2.68 0
10:05 745.24 -4.33 83 1.79 0
10:06 745.24 -4.33 83 3.13 0
10:07 745.49 -4.28 83 6.71 0
10:08 745.24 -4.33 83 4.02 0
10:09 745.24 -4.28 83 2.68 0
10:10 745.24 -4.28 82 2.68 0
10:11 745.24 -4.22 83 2.68 0
10:12 745.24 -4.22 82 4.02 0
10:13 745.24 -4.22 82 4.92 0
10:14 745.24 -4.22 82 2.24 0
10:15 745.24 -4.22 82 5.81 0
10:16 745.49 -4.22 82 4.92 0
10:17 745.49 -4.22 82 4.47 0
10:18 745.24 -4.22 82 3.13 0
10:19 745.49 -4.22 82 3.58 0
10:20 745.49 -4.22 82 5.36 0
10:21 745.49 -4.17 82 4.92 0
10:22 745.24 -4.17 82 2.24 0
10:23 745.24 -4.11 82 4.02 0
10:24 745.49 -4.11 82 4.92 0
10:25 745.49 -4.11 82 3.58 0
10:26 745.24 -4.11 82 1.79 0
10:27 745.49 -4.11 82 3.13 0
10:28 745.49 -4.11 82 3.13 0
10:29 745.49 -4.06 82 3.13 0
10:30 745.49 -4.11 82 4.47 0
10:31 745.49 -4.06 82 3.13 0
10:32 745.49 -4.06 82 2.68 0
10:33 745.49 -4.06 82 4.47 0
10:34 745.49 -4 82 2.68 0
10:35 745.49 -4 82 3.13 0
10:36 745.49 -3.94 82 1.79 0
10:37 745.49 -3.89 82 1.79 0
10:38 745.49 -3.83 82 2.24 0
10:39 745.24 -3.83 82 4.02 0
10:40 745.49 -3.83 81 4.92 0
10:41 745.49 -3.78 81 3.13 0
10:42 745.49 -3.78 81 2.68 0
10:43 745.49 -3.78 81 2.68 0
10:44 745.49 -3.78 81 3.58 0
10:45 745.49 -3.72 81 3.58 0
10:46 745.49 -3.78 81 4.02 0
10:47 745.49 -3.78 81 2.68 0
10:48 745.49 -3.72 81 1.79 0
10:49 745.49 -3.72 81 1.79 0
10:50 745.49 -3.67 81 1.79 0
10:51 745.49 -3.67 81 6.26 0
10:52 745.49 -3.61 81 4.47 0
10:53 745.49 -3.56 80 2.68 0
10:54 745.49 -3.56 80 2.24 0
10:55 745.24 -3.56 80 4.92 0
10:56 745.49 -3.5 80 4.47 0
10:57 745.49 -3.5 80 4.47 0
10:58 745.24 -3.44 79 3.13 0
10:59 745.49 -3.39 79 3.13 0
11:00 745.49 -3.33 79 4.92 0
11:01 745.24 -3.33 79 4.02 0
11:02 745.24 -3.33 78 4.47 0
11:03 745.24 -3.28 78 5.36 0
11:04 745.24 -3.22 78 3.13 0
11:05 745.49 -3.22 78 3.13 0
11:06 745.24 -3.17 78 2.68 0
11:07 745.24 -3.17 78 3.13 0
11:08 745.24 -3.17 78 3.13 0
11:09 745.24 -3.17 78 6.26 0
11:10 745.24 -3.17 77 4.47 0
11:11 745.24 -3.17 77 4.92 0
11:12 745.24 -3.17 77 5.36 0
11:13 745.24 -3.17 77 3.58 0
11:14 745.24 -3.17 77 3.58 0
11:15 745.24 -3.17 77 4.92 0
11:16 745.24 -3.17 77 2.68 0
11:17 745.24 -3.17 77 2.24 0
11:18 745.24 -3.11 77 3.13 0
11:19 745.24 -3.17 77 4.02 0
11:20 745.24 -3.17 77 3.13 0
11:21 745.24 -3.17 77 4.02 0
11:22 745.24 -3.17 76 2.68 0
11:23 745.24 -3.17 77 3.13 0
11:24 745.24 -3.17 77 1.79 0
11:25 745.24 -3.17 77 4.02 0
11:26 745.24 -3.17 77 3.13 0
11:27 745.24 -3.17 77 4.02 0
11:28 745.24 -3.17 76 5.81 0
11:29 745.24 -3.22 76 3.58 0
11:30 745.24 -3.28 76 3.13 0
11:31 745.24 -3.28 77 6.71 0
11:32 745.24 -3.28 77 3.13 0
11:33 745.24 -3.33 77 4.02 0
11:34 745.24 -3.28 77 3.13 0
11:35 745.24 -3.28 77 5.36 0
11:36 745.24 -3.28 77 6.71 0
11:37 745.24 -3.33 76 8.05 0
11:38 745.24 -3.33 76 4.47 0
11:39 745.24 -3.33 76 4.47 0
11:40 745.24 -3.33 77 3.58 0
11:41 745.24 -3.22 77 2.24 0
11:42 745.24 -3.22 77 7.6 0
11:43 745.24 -3.28 76 4.02 0
11:44 745.24 -3.28 76 2.68 0
11:45 745.24 -3.28 77 2.24 0
11:46 745.24 -3.22 77 4.02 0
11:47 745.24 -3.17 77 3.58 0
11:48 745.24 -3.17 77 4.47 0
11:49 745.24 -3.17 77 4.02 0
11:50 745.24 -3.17 77 6.26 0
11:51 745.24 -3.17 77 6.26 0
11:52 745.24 -3.17 77 4.92 0
11:53 745.24 -3.17 77 4.47 0
11:54 745.24 -3.22 77 4.92 0
11:55 745.24 -3.22 77 3.58 0
11:56 745.24 -3.28 77 8.05 0
11:57 745.24 -3.33 77 8.94 0
11:58 745.24 -3.33 77 7.15 0
11:59 745.24 -3.39 77 4.02 0
12:00 745.24 -3.44 77 4.92 0
12:01 745.24 -3.44 77 3.13 0
12:02 745.24 -3.44 77 3.13 0
12:03 745.24 -3.44 77 4.47 0
12:04 745.24 -3.44 77 4.47 0
12:05 745.24 -3.44 77 5.36 0
12:06 745.24 -3.44 77 1.79 0
12:07 745.24 -3.44 78 3.58 0
12:08 745.24 -3.5 77 7.15 0
12:09 745.24 -3.56 77 3.58 0
12:10 745.24 -3.61 78 2.68 0
12:11 745.24 -3.61 78 4.02 0
12:12 745.24 -3.61 78 3.13 0
12:13 745.24 -3.56 79 7.6 0
12:14 745.24 -3.61 78 8.05 0
12:15 745.24 -3.67 78 6.71 0
12:16 745.24 -3.67 78 2.68 0
12:17 745.24 -3.67 79 5.36 0
12:18 745.24 -3.67 79 6.71 0
12:19 745.24 -3.72 79 7.6 0
12:20 745.24 -3.72 78 5.36 0
12:21 745.24 -3.78 79 8.49 0
12:22 745.24 -3.78 79 6.71 0
12:23 745.24 -3.78 79 4.47 0
12:24 745.24 -3.83 79 3.13 0
12:25 745.24 -3.78 79 4.92 0
12:26 745.24 -3.78 79 6.71 0
12:27 745.24 -3.78 79 3.13 0
12:28 745.24 -3.83 79 7.6 0
12:29 745.24 -3.83 79 7.6 0
12:30 745.24 -3.83 79 8.05 0
12:31 745.24 -3.83 79 5.81 0
12:32 745.24 -3.83 79 7.15 0
12:33 745.24 -3.83 79 6.71 0
12:34 745.24 -3.89 79 7.15 0
12:35 745.24 -3.89 79 6.71 0
12:36 745.24 -3.89 79 5.36 0
12:37 745.24 -3.89 79 4.47 0
12:38 745.24 -3.89 79 4.02 0
12:39 745.24 -3.83 79 5.36 0
12:40 745.24 -3.83 79 4.92 0
12:41 745.24 -3.83 79 5.81 0
12:42 745.24 -3.83 79 4.02 0
12:43 745.24 -3.83 79 5.81 0
12:44 745.24 -3.83 79 5.81 0
12:45 745.24 -3.83 79 6.26 0
12:46 745.24 -3.83 79 6.26 0
12:47 745.24 -3.83 79 6.26 0
12:48 745.24 -3.83 79 6.71 0
12:49 745.24 -3.83 79 4.47 0
12:50 745.24 -3.83 79 3.58 0
12:51 745.24 -3.83 79 4.47 0
12:52 745.24 -3.83 79 4.47 0
12:53 745.24 -3.83 79 3.13 0
12:54 745.24 -3.78 79 3.58 0
12:55 745.24 -3.78 80 3.58 0
12:56 745.24 -3.78 79 4.92 0
12:57 745.24 -3.78 79 7.15 0
12:58 745.24 -3.78 79 4.47 0
12:59 745.24 -3.78 79 5.36 0
13:00 745.24 -3.78 79 4.02 0
13:01 745.24 -3.78 79 1.34 0
13:02 745.24 -3.78 80 1.79 0
13:03 745.24 -3.78 80 4.47 0
13:04 745.24 -3.72 79 4.47 0
13:05 745.24 -3.78 79 4.02 0
13:06 745.24 -3.78 79 3.13 0
13:07 745.24 -3.72 79 3.58 0
13:08 745.24 -3.72 79 1.79 0
13:09 745.24 -3.72 80 1.79 0
13:10 745.24 -3.67 80 3.58 0
13:11 745.24 -3.67 80 2.68 0
13:12 745.24 -3.61 80 3.13 0
13:13 745.24 -3.61 79 2.68 0
13:14 745.24 -3.61 80 2.24 0
13:15 745.24 -3.61 80 2.24 0
13:16 745.24 -3.61 80 4.92 0
13:17 745.24 -3.61 80 4.02 0
13:18 745.24 -3.61 80 3.13 0
13:19 745.24 -3.61 80 4.02 0
13:20 745.24 -3.61 80 5.36 0
13:21 745.24 -3.61 79 4.92 0
13:22 745.24 -3.61 80 6.26 0
13:23 744.98 -3.61 80 4.02 0
13:24 745.24 -3.61 80 3.13 0
13:25 745.24 -3.61 80 5.36 0
13:26 744.98 -3.61 80 7.15 0
13:27 744.98 -3.61 80 4.47 0
13:28 744.98 -3.61 80 6.26 0
13:29 744.98 -3.61 80 6.26 0
13:30 744.98 -3.67 80 4.92 0
13:31 744.98 -3.67 80 5.81 0
13:32 744.98 -3.61 80 6.26 0
13:33 744.98 -3.61 80 3.13 0
13:34 744.98 -3.61 80 2.24 0
13:35 744.98 -3.61 80 7.6 0
13:36 744.98 -3.56 80 6.71 0
13:37 744.98 -3.61 80 4.92 0
13:38 744.98 -3.56 80 2.68 0
13:39 744.98 -3.56 80 4.02 0
13:40 744.98 -3.56 80 4.02 0
13:41 744.98 -3.5 80 5.81 0
13:42 744.98 -3.5 80 5.36 0
13:43 744.98 -3.5 80 4.92 0
13:44 744.98 -3.5 80 2.68 0
13:45 744.98 -3.5 80 2.68 0
13:46 744.98 -3.5 80 6.71 0
13:47 744.98 -3.44 80 3.58 0
13:48 744.98 -3.5 80 3.58 0
13:49 744.98 -3.5 80 4.92 0
13:50 744.98 -3.5 80 5.36 0
13:51 744.98 -3.44 80 4.92 0
13:52 744.98 -3.44 80 3.58 0
13:53 744.98 -3.44 80 6.26 0
13:54 744.98 -3.44 80 3.13 0
13:55 744.98 -3.39 80 4.92 0
13:56 744.98 -3.39 80 3.13 0
13:57 744.98 -3.39 80 5.36 0
13:58 744.98 -3.33 80 4.92 0
13:59 744.98 -3.33 80 5.36 0
14:00 744.98 -3.33 80 4.92 0
14:01 744.98 -3.33 80 3.58 0
14:02 744.98 -3.33 80 4.47 0
14:03 744.98 -3.33 80 2.68 0
14:04 744.98 -3.28 80 4.02 0
14:05 744.98 -3.28 80 3.58 0
14:06 744.98 -3.28 79 5.81 0
14:07 744.98 -3.28 80 8.94 0
14:08 744.98 -3.22 79 5.36 0
14:09 744.98 -3.22 79 5.81 0
14:10 744.98 -3.28 79 6.26 0
14:11 744.98 -3.22 79 5.36 0
14:12 744.98 -3.17 79 7.6 0
14:13 744.98 -3.17 79 4.02 0
14:14 744.98 -3.17 79 4.47 0
14:15 744.98 -3.17 79 5.81 0
14:16 744.98 -3.17 79 4.47 0
14:17 744.98 -3.11 79 5.81 0
14:18 744.98 -3.11 79 4.02 0
14:19 744.98 -3.11 79 7.15 0
14:20 744.98 -3.11 79 6.71 0
14:21 744.98 -3.11 79 4.92 0
14:22 744.98 -3.06 79 5.81 0
14:23 744.98 -3.06 78 6.26 0
14:24 744.98 -3 79 4.92 0
14:25 744.98 -3 79 4.02 0
14:26 744.98 -3 79 6.26 0
14:27 744.98 -3 78 6.71 0
14:28 744.98 -3 78 7.6 0
14:29 744.98 -3 78 6.26 0
14:30 744.98 -3 78 3.13 0
14:31 744.98 -2.94 79 3.58 0
14:32 744.98 -2.94 79 5.36 0
14:33 744.98 -2.94 78 4.47 0
14:34 744.98 -2.89 78 3.13 0
14:35 744.98 -2.89 78 3.13 0
14:36 744.98 -2.94 78 6.26 0
14:37 744.98 -2.89 78 5.81 0
14:38 744.98 -2.89 78 5.36 0
14:39 744.98 -2.89 78 3.13 0
14:40 744.98 -2.89 78 4.02 0
14:41 744.98 -2.89 78 3.13 0
14:42 744.73 -2.83 78 4.47 0
14:43 744.98 -2.89 78 5.36 0
14:44 744.73 -2.89 78 6.26 0
14:45 744.98 -2.83 78 6.26 0
14:46 744.73 -2.83 78 4.02 0
14:47 744.98 -2.83 78 4.47 0
14:48 744.73 -2.83 78 2.24 0
14:49 744.98 -2.83 78 3.13 0
14:50 744.73 -2.89 78 5.81 0
14:51 744.73 -2.89 78 6.26 0
14:52 744.73 -2.83 78 2.68 0
14:53 744.73 -2.83 78 4.47 0
14:54 744.73 -2.83 78 3.58 0
14:55 744.73 -2.83 78 2.24 0
14:56 744.73 -2.83 78 2.68 0
14:57 744.73 -2.83 78 4.02 0
14:58 744.73 -2.83 78 3.58 0
14:59 744.73 -2.78 78 3.58 0
15:00 744.73 -2.78 78 5.36 0
15:01 744.73 -2.83 78 4.92 0
15:02 744.73 -2.83 78 4.92 0
15:03 744.73 -2.83 78 3.58 0
15:04 744.73 -2.83 78 4.02 0
15:05 744.73 -2.83 78 4.02 0
15:06 744.73 -2.78 78 2.68 0
15:07 744.73 -2.78 78 3.58 0
15:08 744.73 -2.78 78 4.92 0
15:09 744.73 -2.78 78 4.02 0
15:10 744.73 -2.83 78 5.81 0
15:11 744.73 -2.78 78 4.02 0
15:12 744.73 -2.78 78 5.81 0
15:13 744.73 -2.78 78 2.24 0
15:14 744.73 -2.78 78 5.36 0
15:15 744.73 -2.78 78 1.79 0
15:16 744.73 -2.78 78 2.68 0
15:17 744.73 -2.78 78 3.58 0
15:18 744.73 -2.78 78 3.13 0
15:19 744.73 -2.78 78 3.13 0
15:20 744.73 -2.78 78 4.02 0
15:21 744.73 -2.78 78 4.02 0
15:22 744.73 -2.72 78 4.02 0
15:23 744.73 -2.72 78 4.47 0
15:24 744.73 -2.78 78 4.92 0
15:25 744.73 -2.78 77 5.36 0
15:26 744.73 -2.78 77 3.58 0
15:27 744.73 -2.72 77 5.36 0
15:28 744.73 -2.78 77 4.92 0
15:29 744.73 -2.78 77 3.58 0
15:30 744.73 -2.72 77 3.58 0
15:31 744.73 -2.72 77 3.58 0
15:32 744.73 -2.72 77 4.02 0
15:33 744.73 -2.72 77 3.58 0
15:34 744.73 -2.72 77 7.6 0
15:35 744.73 -2.72 77 7.6 0
15:36 744.73 -2.72 77 6.26 0
15:37 744.73 -2.72 76 5.36 0
15:38 744.73 -2.72 77 4.92 0
15:39 744.73 -2.72 77 4.92 0
15:40 744.73 -2.72 77 5.81 0
15:41 744.73 -2.72 76 6.71 0
15:42 744.73 -2.72 76 2.68 0
15:43 744.73 -2.72 76 4.47 0
15:44 744.73 -2.72 76 5.81 0
15:45 744.73 -2.72 76 5.81 0
15:46 744.73 -2.72 76 5.81 0
15:47 744.73 -2.72 76 6.26 0
15:48 744.73 -2.72 76 5.36 0
15:49 744.73 -2.72 76 4.47 0
15:50 744.73 -2.72 76 6.26 0
15:51 744.73 -2.72 76 4.02 0
15:52 744.73 -2.72 76 3.58 0
15:53 744.73 -2.72 76 9.39 0
15:54 744.47 -2.72 76 3.58 0
15:55 744.73 -2.72 76 4.92 0
15:56 744.73 -2.72 76 4.92 0
15:57 744.73 -2.67 76 6.26 0
15:58 744.73 -2.67 76 6.26 0
15:59 744.73 -2.67 76 4.92 0
16:00 744.73 -2.67 76 8.49 0
16:01 744.73 -2.67 76 3.58 0
16:02 744.73 -2.67 76 4.92 0
16:03 744.73 -2.67 76 2.68 0
16:04 744.73 -2.67 76 4.47 0
16:05 744.73 -2.67 76 5.81 0
16:06 744.73 -2.67 76 5.36 0
16:07 744.73 -2.67 76 1.79 0
16:08 744.73 -2.67 76 6.71 0
16:09 744.73 -2.67 75 4.47 0
16:10 744.73 -2.67 75 5.81 0
16:11 744.73 -2.67 76 4.02 0
16:12 744.73 -2.67 76 3.13 0
16:13 744.73 -2.67 76 3.58 0
16:14 744.47 -2.67 76 2.24 0
16:15 744.73 -2.67 76 1.79 0
16:16 744.73 -2.67 75 4.47 0
16:17 744.47 -2.67 75 4.92 0
16:18 744.73 -2.67 75 6.26 0
16:19 744.73 -2.67 75 4.92 0
16:20 744.73 -2.67 75 6.26 0
16:21 744.73 -2.67 75 4.02 0
16:22 744.47 -2.67 75 4.02 0
16:23 744.73 -2.67 75 6.26 0
16:24 744.47 -2.67 75 4.02 0
16:25 744.47 -2.67 75 3.13 0
16:26 744.47 -2.67 75 4.02 0
16:27 744.47 -2.61 75 4.92 0
16:28 744.47 -2.61 75 5.36 0
16:29 744.47 -2.67 75 5.36 0
16:30 744.47 -2.61 74 4.02 0
16:31 744.47 -2.67 74 5.36 0
16:32 744.47 -2.67 74 7.6 0
16:33 744.47 -2.67 74 7.15 0
16:34 744.47 -2.67 74 4.47 0
16:35 744.47 -2.67 74 4.02 0
16:36 744.47 -2.67 74 2.68 0
16:37 744.47 -2.67 74 2.24 0
16:38 744.47 -2.61 75 3.13 0
16:39 744.47 -2.61 75 2.68 0
16:40 744.47 -2.61 75 4.92 0
16:41 744.47 -2.61 75 4.02 0
16:42 744.47 -2.67 74 4.02 0
16:43 744.47 -2.61 74 2.24 0
16:44 744.47 -2.67 74 4.47 0
16:45 744.47 -2.67 74 3.58 0
16:46 744.47 -2.72 74 2.68 0
16:47 744.47 -2.67 74 1.79 0
16:48 744.47 -2.67 75 4.47 0
16:49 744.47 -2.72 74 4.02 0
16:50 744.47 -2.72 74 2.68 0
16:51 744.47 -2.72 75 1.79 0
16:52 744.47 -2.72 75 4.92 0
16:53 744.47 -2.78 75 2.24 0
16:54 744.47 -2.72 75 2.24 0
16:55 744.22 -2.78 74 3.13 0
16:56 744.47 -2.72 74 4.92 0
16:57 744.22 -2.78 74 2.24 0
16:58 744.22 -2.78 74 3.13 0
16:59 744.22 -2.78 74 1.79 0
17:00 744.22 -2.78 75 3.13 0
17:01 744.22 -2.78 75 2.24 0
17:02 744.22 -2.78 75 2.68 0
17:03 744.22 -2.83 75 3.58 0
17:04 744.22 -2.83 75 3.58 0
17:05 744.22 -2.83 74 3.58 0
17:06 744.22 -2.83 75 5.81 0
17:07 744.22 -2.83 75 4.02 0
17:08 744.22 -2.78 75 2.68 0
17:09 744.22 -2.78 75 4.92 0
17:10 744.22 -2.78 75 3.13 0
17:11 744.22 -2.78 75 3.13 0
17:12 744.22 -2.83 75 4.92 0
17:13 744.22 -2.78 75 4.47 0
17:14 744.22 -2.83 75 2.68 0
17:15 744.22 -2.83 75 3.13 0
17:16 744.22 -2.83 75 4.02 0
17:17 744.22 -2.89 75 3.13 0
17:18 743.97 -2.89 75 3.58 0
17:19 744.22 -2.89 75 3.58 0
17:20 743.97 -2.89 75 2.68 0
17:21 743.97 -2.89 75 1.79 0
17:22 743.97 -2.89 75 1.79 0
17:23 743.97 -2.89 75 2.68 0
17:24 743.97 -2.89 75 .89 0
17:25 743.97 -2.89 75 1.79 0
17:26 743.97 -2.89 76 4.02 0
17:27 743.97 -2.89 75 4.02 0
17:28 743.97 -2.89 75 2.68 0
17:29 743.97 -2.89 75 4.92 0
17:30 743.97 -2.89 75 3.13 0
17:31 743.97 -2.89 75 2.24 0
17:32 743.97 -2.89 75 3.13 0
17:33 743.97 -2.94 75 4.92 0
17:34 743.97 -2.89 76 2.24 0
17:35 743.97 -2.89 76 1.79 0
17:36 743.97 -2.89 76 2.24 0
17:37 743.97 -2.83 76 1.79 0
17:38 743.97 -2.83 76 2.68 0
17:39 743.97 -2.83 76 3.58 0
17:40 743.97 -2.83 76 3.58 0
17:41 743.97 -2.83 76 4.47 0
17:42 743.97 -2.89 75 3.58 0
17:43 743.97 -2.89 76 4.92 0
17:44 743.97 -2.89 76 4.02 0
17:45 743.97 -2.89 76 2.24 0
17:46 743.97 -2.83 76 2.68 0
17:47 743.97 -2.83 76 2.68 0
17:48 743.97 -2.83 76 2.24 0
17:49 743.97 -2.83 76 3.13 0
17:50 743.97 -2.83 76 3.58 0
17:51 743.97 -2.89 76 1.34 0
17:52 743.97 -2.89 76 3.13 0
17:53 743.97 -2.89 76 1.79 0
17:54 743.97 -2.89 76 2.24 0
17:55 743.71 -2.89 76 2.68 0
17:56 743.71 -2.89 76 4.02 0
17:57 743.71 -2.94 76 4.02 0
17:58 743.71 -2.94 76 1.79 0
17:59 743.71 -2.89 76 4.02 0
18:00 743.71 -2.89 76 2.24 0
18:01 743.71 -2.89 76 1.79 0
18:02 743.71 -2.89 76 2.24 0
18:03 743.71 -2.89 76 3.58 0
18:04 743.71 -2.94 76 3.13 0
18:05 743.71 -2.89 76 2.68 0
18:06 743.71 -2.89 76 3.13 0
18:07 743.71 -2.94 77 2.24 0
18:08 743.71 -2.89 77 1.79 0
18:09 743.71 -2.94 77 2.68 0
18:10 743.97 -2.94 77 4.02 0
18:11 743.71 -2.94 77 3.13 0
18:12 743.97 -2.94 77 3.58 0
18:13 743.71 -2.94 77 3.13 0
18:14 743.71 -2.94 77 2.24 0
18:15 743.71 -2.94 77 3.13 0
18:16 743.71 -2.94 77 1.34 0
18:17 743.71 -2.94 77 4.02 0
18:18 743.71 -2.94 77 3.58 0
18:19 743.71 -2.94 77 2.68 0
18:20 743.71 -2.94 77 1.34 0
18:21 743.71 -2.94 77 .89 0
18:22 743.71 -2.94 77 1.34 0
18:23 743.71 -2.94 77 3.13 0
18:24 743.71 -2.94 77 1.79 0
18:25 743.71 -2.94 77 2.24 0
18:26 743.71 -2.94 77 1.79 0
18:27 743.71 -2.94 77 1.34 0
18:28 743.71 -2.89 78 1.79 0
18:29 743.71 -2.89 78 4.02 0
18:30 743.71 -2.89 77 2.68 0
18:31 743.71 -2.89 77 1.79 0
18:32 743.71 -2.89 77 1.34 0
18:33 743.71 -2.89 78 2.24 0
18:34 743.71 -2.89 78 2.24 0
18:35 743.71 -2.89 78 .89 0
18:36 743.71 -2.89 78 3.13 0
18:37 743.71 -2.83 78 2.68 0
18:38 743.71 -2.89 78 3.58 0
18:39 743.71 -2.89 78 2.24 0
18:40 743.71 -2.89 78 3.13 0
18:41 743.71 -2.89 78 3.13 0
18:42 743.71 -2.83 78 2.24 0
18:43 743.71 -2.83 78 2.68 0
18:44 743.71 -2.83 78 3.58 0
18:45 743.71 -2.83 78 5.36 0
18:46 743.71 -2.83 78 3.13 0
18:47 743.71 -2.83 78 3.58 0
18:48 743.71 -2.83 78 2.24 0
18:49 743.71 -2.83 78 4.02 0
18:50 743.71 -2.83 78 4.47 0
18:51 743.71 -2.83 78 4.92 0
18:52 743.71 -2.83 78 2.68 0
18:53 743.71 -2.83 78 3.58 0
18:54 743.71 -2.83 78 3.58 0
18:55 743.71 -2.78 78 3.58 0
18:56 743.71 -2.83 78 1.79 0
18:57 743.71 -2.83 78 1.79 0
18:58 743.71 -2.83 78 1.79 0
18:59 743.71 -2.78 79 .89 0
19:00 743.71 -2.78 79 4.02 0
19:01 743.71 -2.78 79 2.24 0
19:02 743.71 -2.72 79 3.13 0
19:03 743.71 -2.72 79 3.13 0
19:04 743.71 -2.67 78 4.02 0
19:05 743.71 -2.67 78 3.13 0
19:06 743.71 -2.67 78 3.58 0
19:07 743.71 -2.72 78 1.79 0
19:08 743.71 -2.67 78 2.24 0
19:09 743.71 -2.72 78 3.13 0
19:10 743.71 -2.72 78 2.24 0
19:11 743.71 -2.72 78 3.13 0
19:12 743.71 -2.72 78 3.13 0
19:13 743.71 -2.72 78 4.47 0
19:14 743.71 -2.72 78 3.13 0
19:15 743.71 -2.72 78 3.13 0
19:16 743.71 -2.67 78 3.58 0
19:17 743.71 -2.67 78 3.58 0
19:18 743.46 -2.67 78 2.68 0
19:19 743.71 -2.67 78 3.13 0
19:20 743.46 -2.67 78 4.02 0
19:21 743.46 -2.67 79 1.79 0
19:22 743.46 -2.61 78 2.24 0
19:23 743.46 -2.61 78 1.79 0
19:24 743.46 -2.61 79 .45 0
19:25 743.46 -2.61 79 4.47 0
19:26 743.46 -2.61 78 .89 0
19:27 743.46 -2.61 78 1.79 0
19:28 743.46 -2.61 78 2.24 0
19:29 743.46 -2.61 78 2.68 0
19:30 743.46 -2.56 78 3.58 0
19:31 743.46 -2.61 78 1.79 0
19:32 743.46 -2.61 78 2.68 0
19:33 743.46 -2.61 78 4.47 0
19:34 743.46 -2.61 78 2.68 0
19:35 743.46 -2.61 78 3.13 0
19:36 743.46 -2.61 78 4.47 0
19:37 743.46 -2.61 78 3.13 0
19:38 743.46 -2.61 78 1.79 0
19:39 743.46 -2.67 78 3.13 0
19:40 743.46 -2.67 78 3.13 0
19:41 743.46 -2.61 78 4.47 0
19:42 743.46 -2.61 78 3.13 0
19:43 743.46 -2.61 78 4.02 0
19:44 743.46 -2.61 78 1.79 0
19:45 743.46 -2.67 78 3.58 0
19:46 743.46 -2.61 78 2.68 0
19:47 743.46 -2.67 79 3.13 0
19:48 743.46 -2.67 79 2.68 0
19:49 743.46 -2.61 79 4.02 0
19:50 743.46 -2.61 79 4.47 0
19:51 743.46 -2.61 78 2.68 0
19:52 743.46 -2.61 78 4.47 0
19:53 743.46 -2.61 78 4.47 0
19:54 743.46 -2.61 78 2.24 0
19:55 743.46 -2.61 78 4.47 0
19:56 743.46 -2.56 78 4.92 0
19:57 743.46 -2.56 78 1.79 0
19:58 743.46 -2.56 78 2.24 0
19:59 743.46 -2.61 78 1.79 0
20:00 743.46 -2.61 79 2.24 0
20:01 743.46 -2.61 79 2.68 0
20:02 743.46 -2.56 79 3.13 0
20:03 743.46 -2.61 79 2.68 0
20:04 743.46 -2.56 79 1.79 0
20:05 743.46 -2.56 79 2.68 0
20:06 743.46 -2.61 79 3.13 0
20:07 743.46 -2.56 79 3.58 0
20:08 743.46 -2.61 79 1.79 0
20:09 743.46 -2.61 79 2.24 0
20:10 743.46 -2.61 79 2.24 0
20:11 743.46 -2.61 79 1.34 0
20:12 743.46 -2.56 79 2.24 0
20:13 743.46 -2.61 79 2.24 0
20:14 743.46 -2.61 79 4.92 0
20:15 743.46 -2.56 79 2.68 0
20:16 743.46 -2.61 79 3.13 0
20:17 743.46 -2.61 79 3.58 0
20:18 743.46 -2.61 79 3.58 0
20:19 743.46 -2.56 79 3.58 0
20:20 743.46 -2.61 79 2.24 0
20:21 743.46 -2.61 79 4.92 0
20:22 743.46 -2.61 79 4.92 0
20:23 743.46 -2.56 79 4.02 0
20:24 743.46 -2.56 79 4.02 0
20:25 743.46 -2.56 79 4.47 0
20:26 743.46 -2.56 79 3.13 0
20:27 743.2 -2.56 79 3.58 0
20:28 743.46 -2.56 79 2.68 0
20:29 743.46 -2.56 79 2.68 0
20:30 743.46 -2.56 79 1.79 0
20:31 743.46 -2.56 79 3.58 0
20:32 743.2 -2.56 79 4.02 0
20:33 743.46 -2.56 79 4.02 0
20:34 743.2 -2.56 79 3.58 0
20:35 743.2 -2.5 79 4.47 0
20:36 743.2 -2.56 79 2.24 0
20:37 743.2 -2.56 79 1.79 0
20:38 743.2 -2.5 79 3.58 0
20:39 743.2 -2.56 79 .45 0
20:40 743.2 -2.5 79 2.68 0
20:41 743.2 -2.5 79 1.34 0
20:42 743.2 -2.5 79 3.13 0
20:43 743.46 -2.5 79 2.24 0
20:44 743.46 -2.5 79 6.26 0
20:45 743.2 -2.5 79 5.36 0
20:46 743.46 -2.5 79 4.02 0
20:47 743.2 -2.5 79 2.68 0
20:48 743.2 -2.5 79 3.13 0
20:49 743.2 -2.5 79 2.24 0
20:50 743.2 -2.5 79 2.68 0
20:51 743.2 -2.5 79 4.02 0
20:52 743.2 -2.5 79 4.02 0
20:53 743.2 -2.5 79 4.47 0
20:54 743.2 -2.5 79 3.13 0
20:55 743.2 -2.44 79 4.02 0
20:56 743.2 -2.5 79 5.81 0
20:57 743.2 -2.5 79 4.47 0
20:58 743.2 -2.44 79 7.6 0
20:59 743.2 -2.5 79 4.02 0
21:00 743.2 -2.5 79 4.02 0
21:01 743.2 -2.5 79 3.13 0
21:02 743.2 -2.44 79 2.68 0
21:03 743.2 -2.44 79 4.47 0
21:04 743.2 -2.44 79 3.58 0
21:05 743.2 -2.44 79 2.24 0
21:06 743.2 -2.44 79 2.24 0
21:07 743.2 -2.44 79 4.92 0
21:08 743.46 -2.44 79 4.92 0
21:09 743.2 -2.44 79 2.24 0
21:10 743.2 -2.44 79 7.15 0
21:11 743.2 -2.44 79 3.58 0
21:12 743.2 -2.44 79 2.68 0
21:13 743.2 -2.44 79 3.13 0
21:14 743.2 -2.44 79 3.58 0
21:15 743.2 -2.44 79 2.24 0
21:16 743.2 -2.44 79 1.79 0
21:17 743.46 -2.44 79 4.92 0
21:18 743.2 -2.44 79 5.36 0
21:19 743.2 -2.39 79 4.92 0
21:20 743.2 -2.44 79 4.47 0
21:21 743.2 -2.44 79 3.58 0
21:22 743.2 -2.44 79 3.13 0
21:23 743.2 -2.44 79 1.79 0
21:24 743.2 -2.44 79 4.02 0
21:25 743.2 -2.44 79 5.36 0
21:26 743.2 -2.44 79 3.13 0
21:27 743.2 -2.44 79 5.81 0
21:28 743.2 -2.44 79 3.13 0
21:29 743.2 -2.44 79 2.68 0
21:30 743.2 -2.39 79 4.47 0
21:31 743.2 -2.39 79 4.02 0
21:32 743.2 -2.39 79 4.92 0
21:33 743.2 -2.39 79 4.92 0
21:34 743.46 -2.33 79 5.36 0
21:35 743.2 -2.33 79 4.02 0
21:36 743.2 -2.44 79 2.24 0
21:37 743.2 -2.39 79 4.92 0
21:38 743.2 -2.39 79 3.58 0
21:39 743.2 -2.39 79 3.58 0
21:40 743.2 -2.39 79 3.58 0
21:41 743.2 -2.39 79 3.13 0
21:42 743.2 -2.39 79 1.34 0
21:43 743.2 -2.33 80 5.36 0
21:44 743.2 -2.39 79 4.02 0
21:45 743.2 -2.39 79 4.47 0
21:46 743.2 -2.39 79 4.02 0
21:47 743.2 -2.39 79 6.26 0
21:48 743.2 -2.39 79 3.13 0
21:49 743.2 -2.39 79 2.68 0
21:50 743.2 -2.33 79 3.13 0
21:51 743.2 -2.33 79 3.13 0
21:52 743.2 -2.33 79 2.68 0
21:53 743.2 -2.33 79 1.34 0
21:54 743.2 -2.33 79 2.24 0
21:55 743.2 -2.33 79 3.58 0
21:56 743.2 -2.33 79 2.68 0
21:57 743.2 -2.33 79 3.58 0
21:58 743.2 -2.33 79 3.58 0
21:59 743.2 -2.33 79 4.47 0
22:00 743.2 -2.33 79 6.26 0
22:01 743.2 -2.33 79 3.13 0
22:02 743.2 -2.33 79 4.02 0
22:03 743.2 -2.33 79 1.79 0
22:04 743.2 -2.33 79 2.68 0
22:05 743.2 -2.28 79 2.68 0
22:06 743.2 -2.28 79 3.58 0
22:07 743.2 -2.33 79 4.02 0
22:08 743.2 -2.28 79 4.02 0
22:09 743.2 -2.33 79 3.13 0
22:10 743.2 -2.33 79 3.58 0
22:11 743.2 -2.33 79 4.02 0
22:12 743.2 -2.33 79 6.26 0
22:13 743.2 -2.33 79 5.81 0
22:14 742.95 -2.33 79 3.13 0
22:15 743.2 -2.33 79 4.92 0
22:16 743.2 -2.33 79 6.26 0
22:17 743.2 -2.33 79 5.36 0
22:18 743.2 -2.33 79 5.36 0
22:19 743.2 -2.33 79 4.02 0
22:20 743.2 -2.33 79 2.68 0
22:21 743.2 -2.33 79 2.24 0
22:22 742.95 -2.33 79 3.13 0
22:23 743.2 -2.33 79 2.68 0
22:24 742.95 -2.33 79 5.36 0
22:25 742.95 -2.28 79 2.24 0
22:26 742.95 -2.28 79 2.68 0
22:27 742.95 -2.28 79 2.24 0
22:28 742.95 -2.28 79 2.68 0
22:29 742.95 -2.28 79 2.68 0
22:30 742.95 -2.28 79 4.47 0
22:31 742.95 -2.28 79 3.13 0
22:32 742.95 -2.28 79 1.79 0
22:33 742.95 -2.28 79 4.02 0
22:34 742.95 -2.28 79 3.58 0
22:35 742.95 -2.33 79 4.02 0
22:36 742.95 -2.33 79 4.92 0
22:37 742.95 -2.33 79 3.58 0
22:38 742.95 -2.33 79 2.24 0
22:39 742.95 -2.28 79 3.13 0
22:40 742.95 -2.33 79 3.13 0
22:41 742.95 -2.28 79 2.24 0
22:42 742.95 -2.33 79 1.79 0
22:43 742.95 -2.28 79 2.24 0
22:44 742.95 -2.28 79 .89 0
22:45 742.95 -2.28 79 2.24 0
22:46 742.95 -2.28 79 4.92 0
22:47 742.95 -2.28 79 4.02 0
22:48 742.95 -2.33 79 3.58 0
22:49 742.95 -2.33 80 1.34 0
22:50 742.95 -2.33 80 2.24 0
22:51 742.95 -2.33 80 2.68 0
22:52 742.95 -2.39 80 2.24 0
22:53 742.95 -2.39 81 3.13 0
22:54 742.95 -2.44 81 1.79 0
22:55 742.95 -2.44 81 2.24 0
22:56 742.95 -2.44 81 1.79 0
22:57 742.95 -2.44 81 2.24 0
22:58 742.95 -2.5 82 1.79 0
22:59 742.95 -2.5 82 2.24 0
23:00 742.95 -2.56 82 2.24 0
23:01 742.95 -2.56 82 1.34 0
23:02 742.95 -2.56 82 2.24 0
23:03 742.95 -2.56 82 1.79 0
23:04 742.95 -2.56 83 2.68 0
23:05 742.95 -2.56 83 4.92 0
23:06 742.95 -2.56 82 3.58 0
23:07 742.95 -2.56 82 4.02 0
23:08 742.95 -2.61 82 2.24 0
23:09 742.95 -2.56 82 2.68 0
23:10 742.95 -2.61 83 2.68 0
23:11 742.95 -2.61 83 2.68 0
23:12 742.95 -2.61 82 2.68 0
23:13 742.95 -2.61 82 .89 0
23:14 742.95 -2.61 83 .89 0
23:15 742.95 -2.61 83 3.13 0
23:16 742.95 -2.61 83 4.47 0
23:17 742.95 -2.61 83 3.58 0
23:18 742.95 -2.61 83 2.24 0
23:19 742.95 -2.61 83 1.34 0
23:20 742.95 -2.67 83 .89 0
23:21 742.95 -2.67 83 1.79 0
23:22 742.95 -2.67 83 1.34 0
23:23 742.95 -2.61 83 1.34 0
23:24 742.95 -2.61 84 3.13 0
23:25 742.95 -2.61 83 3.13 0
23:26 742.95 -2.61 83 2.68 0
23:27 742.95 -2.67 83 2.24 0
23:28 742.95 -2.61 83 2.68 0
23:29 742.95 -2.67 83 2.24 0
23:30 742.95 -2.67 83 3.13 0
23:31 742.95 -2.67 83 2.24 0
23:32 742.95 -2.67 83 2.24 0
23:33 742.95 -2.72 83 1.34 0
23:34 742.95 -2.72 84 2.24 0
23:35 742.95 -2.72 84 2.24 0
23:36 742.95 -2.72 84 1.79 0
23:37 742.95 -2.72 84 .45 0
23:38 742.95 -2.72 84 1.79 0
23:39 742.95 -2.72 84 3.58 0
23:40 742.95 -2.72 84 2.68 0
23:41 742.95 -2.72 84 3.13 0
23:42 742.95 -2.72 83 2.68 0
23:43 742.95 -2.72 83 4.47 0
23:44 742.95 -2.72 83 1.79 0
23:45 742.95 -2.72 83 3.13 0
23:46 742.95 -2.67 83 1.34 0
23:47 742.95 -2.67 83 2.68 0
23:48 742.95 -2.67 83 2.68 0
23:49 742.95 -2.67 83 2.24 0
23:50 742.95 -2.67 83 1.34 0
23:51 742.95 -2.67 83 3.13 0
23:52 742.95 -2.67 83 1.34 0
23:53 742.95 -2.67 83 .89 0
23:54 742.95 -2.67 83 1.34 0
23:55 742.95 -2.61 83 2.24 0
23:56 742.95 -2.67 83 2.68 0
23:57 742.95 -2.61 83 3.13 0
23:58 742.95 -2.61 83 4.02 0
23:59 742.95 -2.61 83 3.58 0
