00:00 748.03 -2.22 81 8.05 0
00:01 748.03 -2.22 81 5.81 0
00:02 748.03 -2.22 81 8.49 0
00:03 748.03 -2.22 81 9.83 0
00:04 748.03 -2.22 81 7.15 0
00:05 748.03 -2.22 81 6.71 0
00:06 748.03 -2.22 81 4.02 0
00:07 748.03 -2.22 81 3.58 0
00:08 748.03 -2.28 81 7.15 0
00:09 748.03 -2.28 81 3.58 0
00:10 748.03 -2.22 81 6.26 0
00:11 748.03 -2.28 81 6.26 0
00:12 748.03 -2.28 81 6.26 0
00:13 748.03 -2.28 81 4.47 0
00:14 748.03 -2.28 81 5.36 0
00:15 748.03 -2.28 81 4.47 0
00:16 748.03 -2.33 81 6.26 0
00:17 748.28 -2.28 81 8.05 0
00:18 748.03 -2.33 81 8.49 0
00:19 748.28 -2.28 81 9.39 0
00:20 748.03 -2.28 81 4.92 0
00:21 748.03 -2.28 81 8.05 0
00:22 748.03 -2.28 81 6.71 0
00:23 748.28 -2.28 81 6.71 0
00:24 748.28 -2.28 81 7.15 0
00:25 748.03 -2.28 81 3.58 0
00:26 748.28 -2.28 81 5.81 0
00:27 748.28 -2.28 81 4.92 0
00:28 748.28 -2.28 81 4.92 0
00:29 748.28 -2.28 81 6.26 0
00:30 748.28 -2.33 81 5.81 0
00:31 748.28 -2.33 81 3.58 0
00:32 748.28 -2.33 81 7.15 0
00:33 748.28 -2.28 81 6.26 0
00:34 748.28 -2.33 81 7.15 0
00:35 748.28 -2.28 81 5.36 0
00:36 748.28 -2.28 81 7.15 0
00:37 748.28 -2.33 81 4.47 0
00:38 748.28 -2.28 81 6.71 0
00:39 748.28 -2.33 81 5.81 0
00:40 748.28 -2.33 81 3.58 0
00:41 748.28 -2.33 81 7.15 0
00:42 748.28 -2.33 81 4.47 0
00:43 748.28 -2.33 81 6.71 0
00:44 748.28 -2.33 81 4.92 0
00:45 748.28 -2.33 81 4.47 0
00:46 748.28 -2.33 81 7.6 0
00:47 748.28 -2.33 81 5.81 0
00:48 748.28 -2.33 81 4.47 0
00:49 748.28 -2.33 81 4.92 0
00:50 748.28 -2.33 81 5.81 0
00:51 748.28 -2.33 81 4.47 0
00:52 748.28 -2.33 81 4.47 0
00:53 748.28 -2.33 81 4.92 0
00:54 748.28 -2.39 81 10.28 0
00:55 748.28 -2.33 81 7.15 0
00:56 748.28 -2.33 81 4.02 0
00:57 748.28 -2.33 81 4.02 0
00:58 748.28 -2.33 81 4.02 0
00:59 748.54 -2.33 81 8.05 0
01:00 748.28 -2.33 81 7.6 0
01:01 748.28 -2.39 81 5.36 0
01:02 748.54 -2.39 81 5.81 0
01:03 748.54 -2.39 81 5.36 0
01:04 748.54 -2.33 81 3.58 0
01:05 748.54 -2.39 81 6.71 0
01:06 748.54 -2.39 81 9.39 0
01:07 748.54 -2.33 81 3.58 0
01:08 748.28 -2.33 81 4.92 0
01:09 748.54 -2.33 81 5.81 0
01:10 748.54 -2.33 81 5.36 0
01:11 748.54 -2.33 81 6.26 0
01:12 748.54 -2.33 81 4.92 0
01:13 748.54 -2.33 81 5.81 0
01:14 748.54 -2.39 81 6.26 0
01:15 748.54 -2.39 81 4.47 0
01:16 748.54 -2.39 81 5.81 0
01:17 748.54 -2.39 81 4.92 0
01:18 748.54 -2.44 81 6.71 0
01:19 748.54 -2.44 81 4.92 0
01:20 748.54 -2.39 81 9.39 0
01:21 748.54 -2.39 81 8.05 0
01:22 748.54 -2.39 81 4.47 0
01:23 748.54 -2.44 81 5.36 0
01:24 748.54 -2.39 81 2.68 0
01:25 748.54 -2.44 81 4.92 0
01:26 748.54 -2.5 81 4.47 0
01:27 748.54 -2.5 81 6.71 0
01:28 748.54 -2.5 81 6.26 0
01:29 748.54 -2.5 81 4.02 0
01:30 748.54 -2.5 81 5.36 0
01:31 748.54 -2.5 81 5.36 0
01:32 748.54 -2.5 81 4.47 0
01:33 748.54 -2.56 81 4.92 0
01:34 748.54 -2.56 81 6.71 0
01:35 748.54 -2.56 81 8.05 0
01:36 748.54 -2.56 81 5.36 0
01:37 748.54 -2.56 81 5.36 0
01:38 748.54 -2.56 81 4.92 0
01:39 748.79 -2.56 81 4.02 0
01:40 748.79 -2.56 82 5.36 0
01:41 748.79 -2.56 81 1.79 0
01:42 748.79 -2.56 81 3.58 0
01:43 748.79 -2.56 81 4.92 0
01:44 748.79 -2.56 81 4.47 0
01:45 748.79 -2.56 81 4.47 0
01:46 748.79 -2.56 81 6.26 0
01:47 748.79 -2.56 81 5.81 0
01:48 748.79 -2.56 81 5.36 0
01:49 748.79 -2.56 82 6.26 0
01:50 748.79 -2.56 81 4.02 0
01:51 748.79 -2.5 82 7.15 0
01:52 748.79 -2.5 82 7.15 0
01:53 748.79 -2.5 81 7.15 0
01:54 748.79 -2.5 81 3.58 0
01:55 748.79 -2.5 81 5.81 0
01:56 748.79 -2.5 81 4.92 0
01:57 748.79 -2.5 81 7.15 0
01:58 748.79 -2.56 81 4.92 0
01:59 748.79 -2.5 81 6.71 0
02:00 748.79 -2.5 81 6.26 0
02:01 748.79 -2.5 82 6.26 0
02:02 748.79 -2.56 82 3.58 0
02:03 748.79 -2.5 82 5.36 0
02:04 748.79 -2.56 81 4.47 0
02:05 748.79 -2.56 81 4.92 0
02:06 748.79 -2.56 82 4.47 0
02:07 748.79 -2.56 82 3.58 0
02:08 748.79 -2.56 82 4.92 0
02:09 748.79 -2.56 82 5.81 0
02:10 748.79 -2.56 82 5.81 0
02:11 748.79 -2.61 82 4.47 0
02:12 748.79 -2.61 82 2.24 0
02:13 748.79 -2.61 82 4.47 0
02:14 748.79 -2.61 82 5.36 0
02:15 748.79 -2.61 82 6.71 0
02:16 748.79 -2.61 82 6.71 0
02:17 748.79 -2.61 82 4.47 0
02:18 748.79 -2.61 82 4.92 0
02:19 748.79 -2.61 82 4.02 0
02:20 748.79 -2.61 82 4.47 0
02:21 748.79 -2.61 82 3.58 0
02:22 748.79 -2.67 82 5.36 0
02:23 748.79 -2.67 83 5.81 0
02:24 748.79 -2.67 83 2.24 0
02:25 748.79 -2.67 83 6.71 0
02:26 748.79 -2.67 83 5.36 0
02:27 748.79 -2.67 83 7.6 0
02:28 748.79 -2.67 83 4.47 0
02:29 748.79 -2.67 83 8.05 0
02:30 748.79 -2.61 83 4.92 0
02:31 748.79 -2.67 83 5.81 0
02:32 748.79 -2.61 83 8.05 0
02:33 748.79 -2.61 83 6.26 0
02:34 748.79 -2.56 82 5.81 0
02:35 748.79 -2.56 82 5.36 0
02:36 748.79 -2.61 82 3.58 0
02:37 748.79 -2.61 83 3.58 0
02:38 748.79 -2.61 83 6.26 0
02:39 749.05 -2.61 83 4.47 0
02:40 749.05 -2.61 83 4.92 0
02:41 749.05 -2.61 83 5.36 0
02:42 749.05 -2.61 83 4.47 0
02:43 749.05 -2.61 83 4.47 0
02:44 749.05 -2.61 83 4.02 0
02:45 749.05 -2.61 83 6.71 0
02:46 749.05 -2.61 83 4.47 0
02:47 749.05 -2.61 83 4.47 0
02:48 749.05 -2.61 83 2.24 0
02:49 749.05 -2.61 83 4.92 0
02:50 749.05 -2.61 83 4.47 0
02:51 749.05 -2.61 83 4.02 0
02:52 749.05 -2.61 83 2.24 0
02:53 749.05 -2.61 83 4.47 0
02:54 749.05 -2.61 83 2.68 0
02:55 749.05 -2.61 83 4.92 0
02:56 749.05 -2.61 83 4.47 0
02:57 749.05 -2.61 83 3.58 0
02:58 749.05 -2.61 83 4.92 0
02:59 749.05 -2.61 83 4.47 0
03:00 749.05 -2.61 83 5.36 0
03:01 749.05 -2.61 83 4.47 0
03:02 749.05 -2.61 83 4.92 0
03:03 749.05 -2.61 83 3.58 0
03:04 749.05 -2.61 83 4.92 0
03:05 749.05 -2.61 83 6.26 0
03:06 749.05 -2.61 83 4.47 0
03:07 749.05 -2.61 83 6.26 0
03:08 749.05 -2.61 83 4.92 0
03:09 749.05 -2.61 83 6.71 0
03:10 749.05 -2.61 83 5.36 0
03:11 749.05 -2.61 83 3.58 0
03:12 749.05 -2.61 83 4.92 0
03:13 749.05 -2.61 83 4.47 0
03:14 749.05 -2.61 83 4.02 0
03:15 749.05 -2.61 83 3.58 0
03:16 749.05 -2.61 83 5.36 0
03:17 749.05 -2.61 83 6.26 0
03:18 749.05 -2.61 83 4.02 0
03:19 749.05 -2.61 83 4.92 0
03:20 749.05 -2.61 83 5.81 0
03:21 749.05 -2.61 83 1.79 0
03:22 749.05 -2.61 83 5.36 0
03:23 749.05 -2.61 83 4.02 0
03:24 749.05 -2.61 83 4.47 0
03:25 749.05 -2.61 83 5.36 0
03:26 749.05 -2.61 83 5.81 0
03:27 749.05 -2.61 83 5.81 0
03:28 749.05 -2.61 83 4.92 0
03:29 749.05 -2.61 83 5.36 0
03:30 749.05 -2.61 83 4.92 0
03:31 749.05 -2.61 83 4.47 0
03:32 749.05 -2.61 83 3.58 0
03:33 749.05 -2.61 83 4.92 0
03:34 749.05 -2.61 83 5.36 0
03:35 749.05 -2.67 83 6.71 0
03:36 749.05 -2.61 83 5.36 0
03:37 749.05 -2.61 83 4.47 0
03:38 749.05 -2.61 83 4.02 0
03:39 749.3 -2.61 83 4.02 0
03:40 749.05 -2.67 83 5.81 0
03:41 749.3 -2.67 83 6.26 0
03:42 749.05 -2.67 83 4.02 0
03:43 749.05 -2.67 83 4.92 0
03:44 749.3 -2.67 83 2.24 0
03:45 749.3 -2.67 83 7.15 0
03:46 749.05 -2.67 83 4.92 0
03:47 749.3 -2.67 83 6.26 0
03:48 749.05 -2.67 83 4.02 0
03:49 749.05 -2.67 83 4.02 0
03:50 749.3 -2.67 83 6.26 0
03:51 749.05 -2.67 83 4.92 0
03:52 749.3 -2.67 83 4.47 0
03:53 749.3 -2.72 83 4.92 0
03:54 749.3 -2.72 84 4.92 0
03:55 749.3 -2.67 84 3.58 0
03:56 749.3 -2.67 84 3.58 0
03:57 749.3 -2.72 84 4.92 0
03:58 749.3 -2.72 84 2.68 0
03:59 749.3 -2.72 84 8.49 0
04:00 749.3 -2.72 84 4.47 0
04:01 749.3 -2.72 84 4.92 0
04:02 749.3 -2.72 84 3.13 0
04:03 749.3 -2.72 84 3.58 0
04:04 749.3 -2.72 84 7.6 0
04:05 749.3 -2.72 84 4.02 0
04:06 749.3 -2.72 84 4.92 0
04:07 749.3 -2.72 84 4.92 0
04:08 749.3 -2.72 84 5.36 0
04:09 749.3 -2.72 84 5.36 0
04:10 749.3 -2.72 84 5.36 0
04:11 749.3 -2.72 84 4.92 0
04:12 749.3 -2.72 84 4.47 0
04:13 749.3 -2.72 84 5.36 0
04:14 749.3 -2.72 84 4.92 0
04:15 749.3 -2.78 84 5.36 0
04:16 749.3 -2.72 84 5.81 0
04:17 749.3 -2.72 84 6.26 0
04:18 749.3 -2.72 84 4.92 0
04:19 749.3 -2.72 83 4.47 0
04:20 749.3 -2.72 83 4.47 0
04:21 749.3 -2.72 83 4.02 0
04:22 749.3 -2.72 83 7.15 0
04:23 749.3 -2.72 83 4.92 0
04:24 749.3 -2.72 83 4.02 0
04:25 749.3 -2.72 83 6.26 0
04:26 749.3 -2.72 83 6.26 0
04:27 749.3 -2.72 83 5.81 0
04:28 749.3 -2.72 83 5.81 0
04:29 749.3 -2.72 83 5.36 0
04:30 749.3 -2.72 83 4.02 0
04:31 749.3 -2.72 83 3.58 0
04:32 749.3 -2.72 83 2.68 0
04:33 749.3 -2.72 83 5.36 0
04:34 749.3 -2.72 83 6.26 0
04:35 749.3 -2.72 83 5.81 0
04:36 749.3 -2.72 83 5.36 0
04:37 749.3 -2.67 82 6.71 0
04:38 749.3 -2.67 82 7.15 0
04:39 749.3 -2.67 82 2.68 0
04:40 749.3 -2.67 82 4.92 0
04:41 749.3 -2.67 82 4.02 0
04:42 749.3 -2.67 82 3.58 0
04:43 749.3 -2.67 82 4.47 0
04:44 749.3 -2.67 82 4.92 0
04:45 749.3 -2.72 82 4.47 0
04:46 749.3 -2.72 82 2.68 0
04:47 749.3 -2.72 82 3.58 0
04:48 749.3 -2.78 82 4.47 0
04:49 749.3 -2.72 82 3.13 0
04:50 749.3 -2.72 82 4.92 0
04:51 749.3 -2.78 82 5.36 0
04:52 749.3 -2.78 82 3.58 0
04:53 749.3 -2.72 82 5.36 0
04:54 749.3 -2.78 82 5.36 0
04:55 749.3 -2.72 81 4.92 0
04:56 749.3 -2.72 81 4.02 0
04:57 749.3 -2.72 81 6.71 0
04:58 749.3 -2.72 81 4.47 0
04:59 749.3 -2.72 81 5.36 0
05:00 749.3 -2.72 81 2.68 0
05:01 749.3 -2.72 81 4.47 0
05:02 749.3 -2.72 81 5.36 0
05:03 749.3 -2.72 81 5.36 0
05:04 749.3 -2.72 81 4.47 0
05:05 749.3 -2.72 81 3.58 0
05:06 749.3 -2.78 81 1.79 0
05:07 749.3 -2.78 81 5.81 0
05:08 749.3 -2.78 81 4.02 0
05:09 749.3 -2.78 81 4.02 0
05:10 749.3 -2.78 81 4.02 0
05:11 749.3 -2.78 81 4.02 0
05:12 749.3 -2.78 81 3.13 0
05:13 749.3 -2.83 81 3.58 0
05:14 749.3 -2.83 81 5.81 0
05:15 749.3 -2.83 81 5.36 0
05:16 749.3 -2.78 81 4.02 0
05:17 749.3 -2.78 81 5.36 0
05:18 749.3 -2.78 81 4.02 0
05:19 749.3 -2.78 81 2.24 0
05:20 749.3 -2.83 81 2.24 0
05:21 749.55 -2.83 81 5.36 0
05:22 749.55 -2.83 81 4.02 0
05:23 749.55 -2.83 81 2.68 0
05:24 749.55 -2.83 81 3.58 0
05:25 749.55 -2.83 81 4.02 0
05:26 749.55 -2.89 81 5.81 0
05:27 749.55 -2.83 81 2.68 0
05:28 749.55 -2.89 81 4.02 0
05:29 749.55 -2.83 81 5.81 0
05:30 749.55 -2.83 81 4.02 0
05:31 749.55 -2.83 80 4.92 0
05:32 749.55 -2.89 80 5.36 0
05:33 749.55 -2.83 80 4.92 0
05:34 749.55 -2.83 80 4.02 0
05:35 749.55 -2.83 80 4.02 0
05:36 749.55 -2.83 80 4.47 0
05:37 749.55 -2.89 80 3.13 0
05:38 749.55 -2.83 80 2.68 0
05:39 749.55 -2.83 80 4.47 0
05:40 749.55 -2.89 80 4.47 0
05:41 749.55 -2.89 80 2.68 0
05:42 749.55 -2.89 81 3.58 0
05:43 749.55 -2.89 81 4.47 0
05:44 749.55 -2.94 81 6.26 0
05:45 749.81 -2.94 81 4.92 0
05:46 749.55 -2.89 80 5.36 0
05:47 749.81 -2.89 80 5.36 0
05:48 749.81 -2.94 80 5.36 0
05:49 749.81 -2.89 80 5.36 0
05:50 749.81 -2.89 80 4.02 0
05:51 749.81 -2.89 80 4.47 0
05:52 749.81 -2.89 80 4.92 0
05:53 749.81 -2.94 80 6.26 0
05:54 749.81 -2.89 80 4.02 0
05:55 749.81 -2.94 80 4.92 0
05:56 749.81 -2.94 80 7.6 0
05:57 749.81 -2.94 80 5.36 0
05:58 749.81 -2.94 80 4.47 0
05:59 749.81 -2.94 80 6.71 0
06:00 749.81 -2.94 80 6.71 0
06:01 749.81 -2.94 80 6.26 0
06:02 749.81 -2.94 80 5.81 0
06:03 749.81 -2.94 80 5.81 0
06:04 749.81 -2.94 80 5.36 0
06:05 749.81 -2.94 80 4.02 0
06:06 749.81 -3 80 4.92 0
06:07 749.81 -3 80 2.24 0
06:08 749.81 -3 80 2.68 0
06:09 749.81 -3 80 3.58 0
06:10 749.81 -3.06 80 3.58 0
06:11 749.81 -3 81 2.24 0
06:12 749.81 -3.06 81 2.24 0
06:13 749.81 -3.06 81 4.02 0
06:14 749.81 -3.06 81 2.68 0
06:15 749.81 -3.06 81 4.47 0
06:16 749.81 -3.06 81 2.24 0
06:17 749.81 -3.11 81 4.47 0
06:18 749.81 -3.11 81 4.47 0
06:19 749.81 -3.11 81 4.47 0
06:20 749.81 -3.11 81 5.81 0
06:21 749.81 -3.11 81 4.47 0
06:22 749.81 -3.11 81 4.47 0
06:23 749.81 -3.11 81 3.58 0
06:24 749.81 -3.17 81 3.58 0
06:25 749.81 -3.17 81 4.92 0
06:26 749.81 -3.17 81 4.02 0
06:27 749.81 -3.17 81 3.58 0
06:28 749.81 -3.17 81 3.58 0
06:29 749.81 -3.17 81 4.02 0
06:30 749.81 -3.17 81 5.81 0
06:31 749.81 -3.17 81 4.92 0
06:32 749.81 -3.17 81 6.26 0
06:33 749.81 -3.17 81 3.58 0
06:34 749.81 -3.17 81 4.47 0
06:35 749.81 -3.17 81 4.92 0
06:36 749.81 -3.17 81 4.47 0
06:37 749.81 -3.22 81 3.13 0
06:38 749.81 -3.17 81 5.81 0
06:39 749.81 -3.17 81 4.92 0
06:40 749.81 -3.17 81 6.26 0
06:41 749.81 -3.17 81 4.92 0
06:42 749.81 -3.22 81 1.79 0
06:43 749.81 -3.22 81 4.02 0
06:44 749.81 -3.22 81 5.36 0
06:45 749.81 -3.22 81 3.58 0
06:46 749.81 -3.28 81 8.05 0
06:47 749.81 -3.28 81 2.68 0
06:48 749.81 -3.28 81 4.47 0
06:49 749.81 -3.28 81 2.68 0
06:50 749.81 -3.28 82 2.68 0
06:51 749.81 -3.28 82 2.24 0
06:52 749.81 -3.33 82 4.47 0
06:53 749.81 -3.33 82 5.36 0
06:54 749.81 -3.33 82 5.81 0
06:55 749.81 -3.33 82 4.47 0
06:56 749.81 -3.33 82 2.68 0
06:57 749.81 -3.39 82 6.26 0
06:58 749.81 -3.39 82 5.36 0
06:59 749.81 -3.39 82 4.92 0
07:00 749.81 -3.39 82 4.92 0
07:01 749.81 -3.44 82 3.58 0
07:02 749.81 -3.44 82 2.24 0
07:03 749.81 -3.44 82 4.47 0
07:04 749.81 -3.44 82 5.36 0
07:05 749.81 -3.44 82 2.68 0
07:06 749.81 -3.44 82 4.47 0
07:07 749.81 -3.5 82 5.81 0
07:08 749.81 -3.44 82 2.24 0
07:09 749.81 -3.5 82 4.47 0
07:10 749.81 -3.5 82 5.36 0
07:11 749.81 -3.44 82 2.68 0
07:12 749.81 -3.5 82 5.36 0
07:13 749.81 -3.5 82 4.02 0
07:14 749.81 -3.5 82 4.02 0
07:15 749.81 -3.5 82 5.36 0
07:16 749.81 -3.5 82 3.58 0
07:17 749.81 -3.5 82 3.58 0
07:18 749.81 -3.5 82 3.58 0
07:19 749.81 -3.5 82 3.58 0
07:20 749.81 -3.5 82 5.36 0
07:21 749.81 -3.5 82 4.02 0
07:22 749.81 -3.56 82 6.71 0
07:23 749.81 -3.56 82 4.92 0
07:24 749.81 -3.56 82 2.24 0
07:25 749.81 -3.5 82 2.24 0
07:26 749.81 -3.56 82 4.02 0
07:27 749.81 -3.56 82 3.58 0
07:28 749.81 -3.56 82 2.24 0
07:29 749.81 -3.56 82 2.68 0
07:30 749.81 -3.61 82 4.02 0
07:31 749.81 -3.61 82 4.92 0
07:32 749.81 -3.56 82 3.58 0
07:33 749.81 -3.56 82 4.92 0
07:34 749.81 -3.56 82 4.92 0
07:35 749.81 -3.56 82 1.79 0
07:36 749.81 -3.61 82 3.13 0
07:37 749.81 -3.61 82 4.92 0
07:38 749.81 -3.61 82 2.24 0
07:39 749.81 -3.61 82 4.02 0
07:40 749.81 -3.61 82 2.24 0
07:41 749.81 -3.61 82 .89 0
07:42 749.81 -3.67 82 6.26 0
07:43 749.81 -3.67 82 5.81 0
07:44 749.81 -3.67 82 6.71 0
07:45 750.06 -3.67 82 5.36 0
07:46 749.81 -3.67 82 5.36 0
07:47 749.81 -3.67 82 5.36 0
07:48 749.81 -3.67 82 4.47 0
07:49 749.81 -3.67 82 7.6 0
07:50 749.81 -3.67 82 4.47 0
07:51 749.81 -3.72 82 6.26 0
07:52 749.81 -3.72 82 6.26 0
07:53 749.81 -3.72 81 5.81 0
07:54 749.81 -3.72 81 4.02 0
07:55 749.81 -3.72 82 5.81 0
07:56 749.81 -3.72 82 6.26 0
07:57 749.81 -3.78 82 4.92 0
07:58 749.81 -3.78 82 6.71 0
07:59 749.81 -3.78 82 2.68 0
08:00 749.81 -3.78 82 3.58 0
08:01 749.81 -3.78 82 5.81 0
08:02 749.81 -3.78 81 4.92 0
08:03 749.81 -3.78 81 4.47 0
08:04 749.81 -3.83 81 4.92 0
08:05 749.81 -3.83 81 4.47 0
08:06 749.81 -3.83 81 5.36 0
08:07 749.81 -3.83 81 4.02 0
08:08 749.81 -3.83 81 4.92 0
08:09 750.06 -3.83 81 6.26 0
08:10 750.06 -3.83 81 4.02 0
08:11 749.81 -3.83 81 5.36 0
08:12 750.06 -3.83 81 4.92 0
08:13 749.81 -3.83 81 4.47 0
08:14 750.06 -3.83 81 4.47 0
08:15 750.06 -3.89 81 3.58 0
08:16 750.06 -3.89 81 5.36 0
08:17 750.06 -3.89 81 4.02 0
08:18 750.06 -3.89 81 2.68 0
08:19 750.06 -3.89 82 2.68 0
08:20 750.06 -3.89 82 6.71 0
08:21 750.06 -3.94 82 3.58 0
08:22 750.06 -3.94 81 4.92 0
08:23 750.06 -3.94 81 4.02 0
08:24 750.06 -3.94 81 6.26 0
08:25 750.06 -3.94 81 3.58 0
08:26 750.06 -3.94 81 4.47 0
08:27 750.06 -3.94 81 4.47 0
08:28 750.06 -4 81 5.36 0
08:29 750.06 -3.94 81 7.15 0
08:30 750.06 -4 81 4.47 0
08:31 750.06 -4 81 4.92 0
08:32 750.06 -4 81 4.02 0
08:33 750.06 -4.06 81 4.02 0
08:34 750.06 -4.06 81 5.36 0
08:35 750.06 -4.06 81 4.92 0
08:36 750.06 -4.06 81 4.02 0
08:37 750.06 -4.06 81 4.92 0
08:38 750.06 -4.06 81 6.71 0
08:39 750.06 -4.06 81 5.36 0
08:40 750.06 -4.06 81 4.47 0
08:41 750.06 -4 81 4.02 0
08:42 750.06 -4.06 81 5.36 0
08:43 750.06 -4 81 3.58 0
08:44 750.06 -4.06 81 5.81 0
08:45 750.06 -4.06 81 4.47 0
08:46 750.06 -4.06 81 5.81 0
08:47 750.32 -4.06 81 8.05 0
08:48 750.06 -4 81 4.92 0
08:49 750.06 -4 81 4.02 0
08:50 750.32 -4.06 81 4.47 0
08:51 750.32 -4 81 4.92 0
08:52 750.32 -4.06 81 4.47 0
08:53 750.32 -4 81 5.81 0
08:54 750.06 -4.06 80 5.81 0
08:55 750.06 -4 80 2.68 0
08:56 750.06 -4.06 80 4.02 0
08:57 750.32 -4.06 80 4.47 0
08:58 750.32 -4.06 80 4.02 0
08:59 750.32 -4 80 1.79 0
09:00 750.32 -4.06 81 2.24 0
09:01 750.32 -4.06 81 4.92 0
09:02 750.32 -4 81 4.02 0
09:03 750.32 -4.06 80 4.02 0
09:04 750.32 -4 80 3.58 0
09:05 750.32 -4 80 6.26 0
09:06 750.32 -4.06 81 6.26 0
09:07 750.32 -4.06 80 7.15 0
09:08 750.32 -4.06 80 4.92 0
09:09 750.32 -4.06 80 2.68 0
09:10 750.32 -4.06 80 5.36 0
09:11 750.32 -4.06 80 6.26 0
09:12 750.32 -4.06 81 4.02 0
09:13 750.32 -4.06 81 7.6 0
09:14 750.32 -4.06 81 4.47 0
09:15 750.32 -4.06 81 3.58 0
09:16 750.32 -4.06 81 5.36 0
09:17 750.32 -4.06 81 5.36 0
09:18 750.32 -4.06 81 8.94 0
09:19 750.32 -4.06 81 5.81 0
09:20 750.32 -4.06 81 5.36 0
09:21 750.32 -4.11 81 4.02 0
09:22 750.32 -4.11 81 4.02 0
09:23 750.32 -4.11 81 6.26 0
09:24 750.32 -4.11 81 4.47 0
09:25 750.32 -4.11 81 4.02 0
09:26 750.32 -4.11 81 5.81 0
09:27 750.32 -4.11 81 3.58 0
09:28 750.32 -4.11 81 4.92 0
09:29 750.32 -4.11 81 4.92 0
09:30 750.32 -4.11 81 4.02 0
09:31 750.32 -4.17 81 2.68 0
09:32 750.32 -4.11 81 7.15 0
09:33 750.32 -4.11 81 2.68 0
09:34 750.32 -4.17 81 6.26 0
09:35 750.32 -4.11 82 4.47 0
09:36 750.32 -4.11 81 4.47 0
09:37 750.32 -4.11 81 4.92 0
09:38 750.32 -4.11 82 5.36 0
09:39 750.32 -4.11 82 5.81 0
09:40 750.32 -4.17 82 5.36 0
09:41 750.32 -4.17 81 4.92 0
09:42 750.32 -4.17 81 4.92 0
09:43 750.32 -4.17 81 3.58 0
09:44 750.32 -4.17 82 4.02 0
09:45 750.32 -4.17 82 6.26 0
09:46 750.57 -4.17 82 6.71 0
09:47 750.32 -4.17 81 4.02 0
09:48 750.32 -4.17 81 5.36 0
09:49 750.57 -4.17 81 4.47 0
09:50 751.59 -3.94 74 1.34 0
09:51 750.57 -4.17 81 2.24 0
09:52 750.57 -4.11 81 4.47 0
09:53 750.57 -4.17 81 4.02 0
09:54 750.57 -4.17 81 5.36 0
09:55 750.32 -4.11 81 4.47 0
09:56 750.57 -4.11 81 6.26 0
09:57 750.57 -4.17 81 5.81 0
09:58 750.32 -4.17 81 6.26 0
09:59 750.57 -4.17 81 4.92 0
10:00 750.57 -4.17 81 5.36 0
10:01 750.57 -4.17 81 5.81 0
10:02 750.57 -4.17 81 7.6 0
10:03 750.57 -4.11 81 4.92 0
10:04 750.57 -4.11 81 4.92 0
10:05 750.57 -4.17 81 3.58 0
10:06 750.57 -4.11 81 5.81 0
10:07 750.57 -4.11 81 1.79 0
10:08 750.32 -4.11 81 5.36 0
10:09 750.57 -4.11 81 1.79 0
10:10 750.57 -4.11 81 2.68 0
10:11 750.57 -4.11 82 4.02 0
10:12 750.57 -4.11 81 5.81 0
10:13 750.57 -4.11 81 6.26 0
10:14 750.57 -4.06 81 2.24 0
10:15 750.57 -4.06 81 4.92 0
10:16 750.57 -4.06 81 4.02 0
10:17 750.57 -4.06 81 2.24 0
10:18 750.57 -4.06 81 4.02 0
10:19 750.57 -4 81 5.81 0
10:20 750.57 -4 81 4.92 0
10:21 750.57 -4 81 2.68 0
10:22 750.57 -4 81 5.81 0
10:23 750.57 -4 81 1.79 0
10:24 750.57 -4 81 3.58 0
10:25 750.57 -3.94 81 5.81 0
10:26 750.57 -3.94 81 5.36 0
10:27 750.57 -3.94 81 7.6 0
10:28 750.57 -3.94 81 4.02 0
10:29 750.57 -3.94 81 4.92 0
10:30 750.57 -3.94 81 4.92 0
10:31 750.57 -3.89 81 2.24 0
10:32 750.57 -3.89 81 5.36 0
10:33 750.57 -3.89 81 4.47 0
10:34 750.57 -3.89 81 5.81 0
10:35 750.57 -3.89 81 4.02 0
10:36 750.57 -3.89 81 4.92 0
10:37 750.57 -3.89 81 4.02 0
10:38 750.57 -3.83 81 4.02 0
10:39 750.57 -3.83 81 3.58 0
10:40 750.57 -3.89 81 5.81 0
10:41 750.57 -3.89 81 5.36 0
10:42 750.57 -3.89 81 6.26 0
10:43 750.57 -3.83 81 6.26 0
10:44 750.57 -3.89 81 5.36 0
10:45 750.57 -3.89 80 4.47 0
10:46 750.57 -3.89 80 6.26 0
10:47 750.57 -3.89 80 4.92 0
10:48 750.57 -3.89 81 4.92 0
10:49 750.57 -3.83 81 5.36 0
10:50 750.57 -3.89 81 6.26 0
10:51 750.57 -3.83 80 5.36 0
10:52 750.57 -3.83 80 4.02 0
10:53 750.57 -3.89 80 4.02 0
10:54 750.57 -3.83 80 3.58 0
10:55 750.57 -3.83 80 4.47 0
10:56 750.57 -3.83 80 4.47 0
10:57 750.57 -3.83 80 6.26 0
10:58 750.57 -3.78 80 4.92 0
10:59 750.57 -3.78 80 3.58 0
11:00 750.57 -3.78 80 6.71 0
11:01 750.57 -3.78 80 5.81 0
11:02 750.82 -3.78 80 4.02 0
11:03 750.82 -3.78 80 4.47 0
11:04 750.82 -3.78 80 4.02 0
11:05 750.57 -3.78 80 4.02 0
11:06 750.82 -3.78 80 5.81 0
11:07 750.82 -3.78 80 5.81 0
11:08 750.82 -3.72 79 6.26 0
11:09 750.82 -3.72 79 4.47 0
11:10 750.82 -3.72 79 4.02 0
11:11 750.82 -3.72 79 4.92 0
11:12 750.82 -3.72 79 5.81 0
11:13 750.82 -3.72 79 4.92 0
11:14 750.82 -3.72 79 3.58 0
11:15 750.82 -3.67 80 4.02 0
11:16 750.82 -3.67 80 3.13 0
11:17 750.82 -3.67 80 4.02 0
11:18 750.82 -3.67 80 4.47 0
11:19 750.82 -3.67 80 4.02 0
11:20 750.82 -3.67 80 6.26 0
11:21 750.82 -3.67 79 2.68 0
11:22 750.82 -3.67 79 4.02 0
11:23 750.82 -3.61 79 4.47 0
11:24 750.82 -3.61 80 2.68 0
11:25 750.82 -3.61 80 7.6 0
11:26 750.82 -3.61 80 5.36 0
11:27 750.82 -3.61 79 2.68 0
11:28 750.82 -3.61 79 5.36 0
11:29 750.82 -3.61 79 4.02 0
11:30 750.82 -3.61 79 4.47 0
11:31 750.82 -3.56 79 4.92 0
11:32 750.82 -3.56 80 4.92 0
11:33 750.82 -3.56 79 4.02 0
11:34 750.82 -3.61 79 3.13 0
11:35 750.82 -3.56 80 6.71 0
11:36 750.82 -3.56 80 4.47 0
11:37 750.82 -3.56 79 4.02 0
11:38 750.82 -3.56 80 4.02 0
11:39 750.82 -3.56 80 4.02 0
11:40 750.82 -3.56 80 2.24 0
11:41 750.82 -3.56 80 6.26 0
11:42 750.82 -3.56 80 4.47 0
11:43 750.82 -3.56 79 5.36 0
11:44 750.82 -3.56 79 4.02 0
11:45 750.82 -3.56 80 1.79 0
11:46 750.82 -3.5 80 3.13 0
11:47 750.82 -3.5 80 2.24 0
11:48 750.82 -3.5 80 4.92 0
11:49 750.82 -3.5 80 3.58 0
11:50 751.08 -3.5 79 5.36 0
11:51 750.82 -3.5 79 5.36 0
11:52 750.82 -3.5 79 5.81 0
11:53 751.08 -3.44 79 5.36 0
11:54 750.82 -3.44 79 4.92 0
11:55 750.82 -3.5 79 4.02 0
11:56 750.82 -3.5 79 4.02 0
11:57 750.82 -3.44 79 5.81 0
11:58 750.82 -3.44 79 2.68 0
11:59 750.82 -3.44 79 4.02 0
12:00 751.08 -3.44 79 4.02 0
12:01 750.82 -3.44 79 3.13 0
12:02 750.82 -3.44 80 5.36 0
12:03 750.82 -3.39 79 2.68 0
12:04 750.82 -3.44 79 7.6 0
12:05 751.08 -3.44 79 8.05 0
12:06 751.08 -3.5 79 6.71 0
12:07 751.08 -3.5 79 2.68 0
12:08 751.08 -3.5 79 4.47 0
12:09 751.08 -3.5 79 4.47 0
12:10 751.08 -3.5 80 6.71 0
12:11 751.08 -3.5 80 6.71 0
12:12 751.08 -3.5 79 7.6 0
12:13 751.08 -3.5 79 6.26 0
12:14 751.08 -3.5 79 6.26 0
12:15 750.82 -3.44 79 4.92 0
12:16 750.82 -3.44 79 6.26 0
12:17 751.08 -3.44 79 6.26 0
12:18 751.08 -3.44 79 6.26 0
12:19 751.08 -3.44 79 6.26 0
12:20 751.08 -3.44 79 5.81 0
12:21 751.08 -3.44 79 8.05 0
12:22 751.08 -3.44 79 4.47 0
12:23 751.08 -3.5 79 4.02 0
12:24 751.08 -3.44 79 3.58 0
12:25 751.08 -3.44 79 4.92 0
12:26 751.08 -3.39 79 5.36 0
12:27 751.08 -3.39 79 4.92 0
12:28 751.08 -3.33 79 4.02 0
12:29 751.08 -3.33 80 4.47 0
12:30 751.08 -3.33 79 4.92 0
12:31 751.08 -3.33 79 2.24 0
12:32 751.08 -3.33 79 3.58 0
12:33 751.08 -3.33 80 5.81 0
12:34 751.08 -3.33 79 3.58 0
12:35 751.08 -3.33 79 3.58 0
12:36 751.08 -3.33 79 5.36 0
12:37 751.08 -3.33 79 6.26 0
12:38 751.08 -3.33 79 7.6 0
12:39 751.08 -3.33 78 6.26 0
12:40 751.08 -3.33 78 4.92 0
12:41 751.08 -3.33 78 6.26 0
12:42 751.08 -3.33 78 5.36 0
12:43 751.08 -3.33 78 4.92 0
12:44 751.08 -3.33 78 6.26 0
12:45 751.08 -3.33 79 3.58 0
12:46 751.08 -3.33 79 4.92 0
12:47 751.08 -3.33 79 4.92 0
12:48 751.08 -3.28 79 4.47 0
12:49 751.08 -3.28 79 4.47 0
12:50 751.08 -3.28 79 2.24 0
12:51 751.08 -3.28 79 4.47 0
12:52 751.08 -3.22 79 6.71 0
12:53 751.08 -3.28 79 4.02 0
12:54 751.08 -3.28 79 6.71 0
12:55 751.08 -3.28 79 3.58 0
12:56 751.08 -3.28 79 6.26 0
12:57 751.08 -3.28 79 3.58 0
12:58 751.08 -3.28 79 6.26 0
12:59 751.08 -3.28 79 5.36 0
13:00 751.08 -3.28 79 8.49 0
13:01 751.08 -3.22 79 4.92 0
13:02 751.33 -3.22 79 4.47 0
13:03 751.08 -3.22 79 3.13 0
13:04 751.33 -3.22 79 4.47 0
13:05 751.08 -3.22 79 4.47 0
13:06 751.33 -3.17 79 5.36 0
13:07 751.33 -3.22 79 5.81 0
13:08 751.08 -3.22 79 7.6 0
13:09 751.08 -3.28 79 4.47 0
13:10 751.08 -3.28 79 4.02 0
13:11 751.33 -3.22 79 4.92 0
13:12 751.33 -3.22 79 5.36 0
13:13 751.08 -3.28 78 4.47 0
13:14 751.33 -3.28 78 4.92 0
13:15 751.33 -3.22 78 6.71 0
13:16 751.33 -3.22 78 5.81 0
13:17 751.33 -3.22 78 11.18 0
13:18 751.33 -3.22 78 8.05 0
13:19 751.33 -3.22 77 5.81 0
13:20 751.33 -3.28 78 5.36 0
13:21 751.33 -3.22 78 5.36 0
13:22 751.33 -3.22 78 5.36 0
13:23 751.33 -3.22 78 4.92 0
13:24 751.33 -3.22 78 5.36 0
13:25 751.33 -3.22 78 6.26 0
13:26 751.33 -3.22 78 4.47 0
13:27 751.33 -3.22 78 4.47 0
13:28 751.33 -3.22 78 7.15 0
13:29 751.33 -3.28 79 4.02 0
13:30 751.33 -3.28 79 2.68 0
13:31 751.33 -3.28 79 3.13 0
13:32 751.33 -3.28 79 3.58 0
13:33 751.33 -3.33 79 3.13 0
13:34 751.33 -3.28 79 2.68 0
13:35 751.33 -3.28 79 2.24 0
13:36 751.33 -3.28 79 4.02 0
13:37 751.33 -3.28 79 3.13 0
13:38 751.33 -3.22 79 4.02 0
13:39 751.33 -3.28 79 4.02 0
13:40 751.33 -3.28 79 2.68 0
13:41 751.59 -3.33 79 5.36 0
13:42 751.33 -3.33 79 4.92 0
13:43 751.33 -3.33 79 4.02 0
13:44 751.59 -3.33 79 4.02 0
13:45 751.59 -3.33 79 5.36 0
13:46 751.59 -3.33 79 6.71 0
13:47 751.59 -3.33 79 5.36 0
13:48 751.59 -3.33 78 4.92 0
13:49 751.59 -3.33 78 2.68 0
13:50 751.59 -3.33 78 5.36 0
13:51 751.59 -3.33 78 3.58 0
13:52 751.59 -3.33 78 4.47 0
13:53 751.59 -3.33 78 3.58 0
13:54 751.59 -3.39 78 4.92 0
13:55 751.59 -3.33 78 3.58 0
13:56 751.59 -3.33 78 4.92 0
13:57 751.59 -3.33 78 4.47 0
13:58 751.59 -3.33 78 4.02 0
13:59 751.59 -3.33 77 4.92 0
14:00 751.59 -3.33 77 4.47 0
14:01 751.59 -3.28 77 5.36 0
14:02 751.59 -3.28 77 3.13 0
14:03 751.59 -3.28 77 2.68 0
14:04 751.59 -3.28 77 5.36 0
14:05 751.59 -3.28 77 4.02 0
14:06 751.59 -3.28 77 1.79 0
14:07 751.59 -3.28 77 7.15 0
14:08 751.59 -3.22 76 6.71 0
14:09 751.59 -3.28 76 4.02 0
14:10 751.59 -3.28 75 4.92 0
14:11 751.59 -3.22 75 4.92 0
14:12 751.59 -3.28 75 4.92 0
14:13 751.59 -3.22 75 5.36 0
14:14 751.59 -3.22 75 3.58 0
14:15 751.59 -3.22 75 5.81 0
14:16 751.59 -3.22 75 4.92 0
14:17 751.59 -3.22 74 5.36 0
14:18 751.59 -3.22 74 3.58 0
14:19 751.59 -3.22 74 5.36 0
14:20 751.84 -3.22 74 4.02 0
14:21 751.59 -3.22 75 4.47 0
14:22 751.59 -3.22 75 4.47 0
14:23 751.59 -3.22 74 4.47 0
14:24 751.59 -3.17 74 7.15 0
14:25 751.84 -3.22 74 2.68 0
14:26 751.84 -3.17 74 2.24 0
14:27 751.84 -3.17 74 5.36 0
14:28 751.84 -3.17 74 5.36 0
14:29 751.84 -3.22 74 4.47 0
14:30 751.84 -3.22 74 4.92 0
14:31 751.84 -3.22 74 4.02 0
14:32 751.84 -3.22 74 4.02 0
14:33 751.84 -3.22 74 4.47 0
14:34 751.84 -3.22 74 6.26 0
14:35 751.84 -3.22 73 7.6 0
14:36 751.84 -3.22 73 4.47 0
14:37 751.84 -3.22 73 4.47 0
14:38 752.09 -3.22 73 2.68 0
14:39 752.09 -3.22 73 5.36 0
14:40 752.09 -3.22 73 6.71 0
14:41 752.09 -3.22 73 4.47 0
14:42 752.09 -3.22 73 3.13 0
14:43 752.09 -3.22 74 3.58 0
14:44 752.09 -3.17 74 4.02 0
14:45 752.09 -3.17 74 6.26 0
14:46 752.09 -3.22 74 7.6 0
14:47 752.09 -3.22 74 6.71 0
14:48 752.09 -3.28 74 4.47 0
14:49 752.09 -3.28 76 4.92 0
14:50 752.09 -3.28 78 6.71 0
14:51 752.09 -3.28 77 4.02 0
14:52 752.09 -3.28 77 4.02 0
14:53 752.09 -3.33 77 4.92 0
14:54 752.09 -3.28 77 3.58 0
14:55 752.09 -3.28 77 2.24 0
14:56 752.09 -3.28 77 3.58 0
14:57 752.09 -3.28 76 4.02 0
14:58 752.09 -3.28 76 5.36 0
14:59 752.09 -3.28 76 4.92 0
15:00 752.09 -3.28 76 3.58 0
15:01 752.09 -3.28 76 4.92 0
15:02 752.09 -3.28 76 4.92 0
15:03 752.09 -3.28 76 5.36 0
15:04 752.09 -3.28 76 4.92 0
15:05 752.09 -3.28 76 4.02 0
15:06 752.09 -3.28 76 2.68 0
15:07 752.09 -3.28 76 2.68 0
15:08 752.09 -3.28 76 4.02 0
15:09 752.09 -3.22 76 4.47 0
15:10 752.09 -3.28 76 4.92 0
15:11 752.09 -3.28 76 5.81 0
15:12 752.09 -3.28 76 5.81 0
15:13 752.09 -3.28 76 3.58 0
15:14 752.09 -3.22 76 6.26 0
15:15 752.35 -3.28 76 4.47 0
15:16 752.35 -3.28 76 4.92 0
15:17 752.09 -3.28 76 4.47 0
15:18 752.35 -3.28 76 5.36 0
15:19 752.35 -3.28 76 5.81 0
15:20 752.35 -3.22 76 6.71 0
15:21 752.09 -3.28 76 4.92 0
15:22 752.09 -3.28 76 4.92 0
15:23 752.09 -3.28 76 4.92 0
15:24 752.35 -3.28 76 5.36 0
15:25 752.35 -3.28 76 5.36 0
15:26 752.35 -3.33 76 5.81 0
15:27 752.35 -3.33 76 4.47 0
15:28 752.35 -3.33 76 4.92 0
15:29 752.35 -3.33 77 4.92 0
15:30 752.35 -3.33 77 4.47 0
15:31 752.35 -3.33 77 5.36 0
15:32 752.35 -3.33 77 3.58 0
15:33 752.35 -3.33 76 5.36 0
15:34 752.35 -3.33 76 4.92 0
15:35 752.35 -3.33 77 4.47 0
15:36 752.35 -3.33 76 3.58 0
15:37 752.35 -3.33 76 5.81 0
15:38 752.35 -3.33 76 4.47 0
15:39 752.35 -3.33 76 4.47 0
15:40 752.35 -3.33 76 4.92 0
15:41 752.35 -3.33 76 6.26 0
15:42 752.35 -3.33 76 4.02 0
15:43 752.6 -3.33 76 6.26 0
15:44 752.6 -3.33 76 4.47 0
15:45 752.35 -3.33 76 4.92 0
15:46 752.35 -3.33 76 4.02 0
15:47 752.6 -3.33 76 4.92 0
15:48 752.6 -3.33 76 4.47 0
15:49 752.6 -3.33 76 4.92 0
15:50 752.6 -3.39 76 5.81 0
15:51 752.6 -3.33 76 5.36 0
15:52 752.6 -3.33 76 1.79 0
15:53 752.6 -3.33 76 5.81 0
15:54 752.6 -3.33 76 4.02 0
15:55 752.6 -3.33 76 3.58 0
15:56 752.6 -3.33 76 5.36 0
15:57 752.6 -3.33 76 5.36 0
15:58 752.6 -3.33 76 4.02 0
15:59 752.6 -3.33 76 6.26 0
16:00 752.6 -3.39 76 5.36 0
16:01 752.6 -3.39 76 3.58 0
16:02 752.6 -3.39 76 8.05 0
16:03 752.6 -3.39 76 4.47 0
16:04 752.6 -3.39 76 4.02 0
16:05 752.86 -3.39 76 4.02 0
16:06 752.6 -3.39 76 4.02 0
16:07 752.86 -3.39 76 4.92 0
16:08 752.86 -3.39 76 3.13 0
16:09 752.86 -3.39 76 4.47 0
16:10 752.86 -3.39 76 4.02 0
16:11 752.86 -3.39 76 6.26 0
16:12 752.86 -3.44 76 4.92 0
16:13 752.86 -3.44 76 6.26 0
16:14 752.86 -3.39 76 5.36 0
16:15 752.86 -3.44 76 5.81 0
16:16 752.86 -3.39 76 6.71 0
16:17 752.86 -3.39 76 4.92 0
16:18 752.86 -3.44 76 5.81 0
16:19 752.86 -3.44 76 4.47 0
16:20 752.86 -3.44 76 4.47 0
16:21 752.86 -3.44 76 5.36 0
16:22 752.86 -3.44 76 4.92 0
16:23 752.86 -3.44 76 3.58 0
16:24 752.86 -3.44 76 5.36 0
16:25 752.86 -3.44 76 5.81 0
16:26 752.86 -3.44 76 3.58 0
16:27 752.86 -3.5 76 5.81 0
16:28 752.86 -3.44 76 5.36 0
16:29 752.86 -3.5 76 7.15 0
16:30 752.86 -3.5 76 4.47 0
16:31 752.86 -3.5 76 8.49 0
16:32 752.86 -3.5 76 6.26 0
16:33 752.86 -3.5 76 4.92 0
16:34 752.86 -3.5 76 5.36 0
16:35 752.86 -3.5 76 6.71 0
16:36 752.86 -3.5 76 5.81 0
16:37 752.86 -3.5 76 4.47 0
16:38 752.86 -3.5 76 5.36 0
16:39 753.11 -3.5 76 4.02 0
16:40 753.11 -3.5 76 6.71 0
16:41 752.86 -3.56 76 6.71 0
16:42 753.11 -3.56 76 5.81 0
16:43 753.11 -3.56 76 4.92 0
16:44 753.11 -3.5 76 4.92 0
16:45 753.11 -3.56 76 5.81 0
16:46 753.11 -3.56 76 4.02 0
16:47 753.11 -3.56 76 4.02 0
16:48 753.11 -3.56 76 8.05 0
16:49 753.11 -3.56 76 7.15 0
16:50 753.11 -3.56 76 5.36 0
16:51 753.11 -3.56 76 6.26 0
16:52 753.11 -3.56 76 4.92 0
16:53 753.11 -3.56 76 5.36 0
16:54 753.11 -3.56 76 6.26 0
16:55 753.11 -3.56 76 4.47 0
16:56 753.11 -3.56 76 6.26 0
16:57 753.11 -3.56 76 4.47 0
16:58 753.11 -3.61 76 6.71 0
16:59 753.11 -3.56 76 4.92 0
17:00 753.11 -3.56 76 4.92 0
17:01 753.11 -3.56 76 6.26 0
17:02 753.11 -3.61 76 6.26 0
17:03 753.11 -3.56 76 4.47 0
17:04 753.11 -3.61 76 5.36 0
17:05 753.11 -3.61 76 5.36 0
17:06 753.11 -3.61 76 4.92 0
17:07 753.11 -3.61 76 4.02 0
17:08 753.11 -3.56 76 4.92 0
17:09 753.11 -3.61 76 2.24 0
17:10 753.11 -3.56 76 4.92 0
17:11 753.11 -3.61 76 4.92 0
17:12 753.11 -3.61 76 3.58 0
17:13 753.11 -3.61 76 2.24 0
17:14 753.11 -3.61 76 3.13 0
17:15 753.11 -3.61 76 4.92 0
17:16 753.11 -3.61 76 1.79 0
17:17 753.11 -3.61 76 4.47 0
17:18 753.11 -3.61 77 6.26 0
17:19 753.11 -3.61 77 2.68 0
17:20 753.11 -3.61 77 3.13 0
17:21 753.36 -3.56 77 5.36 0
17:22 753.36 -3.56 76 4.92 0
17:23 753.36 -3.61 76 4.47 0
17:24 753.36 -3.61 77 4.47 0
17:25 753.11 -3.61 77 4.02 0
17:26 753.36 -3.61 77 3.58 0
17:27 753.36 -3.61 77 4.02 0
17:28 753.36 -3.67 77 3.58 0
17:29 753.36 -3.67 77 3.58 0
17:30 753.36 -3.67 77 4.02 0
17:31 753.36 -3.67 77 4.92 0
17:32 753.36 -3.67 77 4.47 0
17:33 753.36 -3.67 77 4.02 0
17:34 753.36 -3.67 77 1.79 0
17:35 753.36 -3.67 77 2.24 0
17:36 753.36 -3.67 77 3.58 0
17:37 753.36 -3.67 77 4.02 0
17:38 753.36 -3.67 77 4.02 0
17:39 753.36 -3.67 77 2.24 0
17:40 753.36 -3.72 77 2.24 0
17:41 753.36 -3.67 77 3.58 0
17:42 753.36 -3.72 77 2.24 0
17:43 753.36 -3.72 77 4.47 0
17:44 753.36 -3.72 77 4.47 0
17:45 753.36 -3.72 78 4.02 0
17:46 753.36 -3.72 78 4.47 0
17:47 753.36 -3.72 78 6.26 0
17:48 753.36 -3.72 78 3.13 0
17:49 753.36 -3.72 77 4.47 0
17:50 753.36 -3.67 77 4.02 0
17:51 753.36 -3.72 77 4.92 0
17:52 753.36 -3.72 77 4.02 0
17:53 753.36 -3.72 78 3.13 0
17:54 753.36 -3.72 78 2.24 0
17:55 753.36 -3.72 78 4.02 0
17:56 753.36 -3.72 78 2.68 0
17:57 753.36 -3.78 78 2.68 0
17:58 753.36 -3.72 78 2.24 0
17:59 753.36 -3.78 78 1.79 0
18:00 753.36 -3.78 78 2.68 0
18:01 753.36 -3.78 78 3.58 0
18:02 753.36 -3.78 78 2.68 0
18:03 753.36 -3.78 78 4.47 0
18:04 753.36 -3.78 78 3.58 0
18:05 753.36 -3.78 79 4.02 0
18:06 753.36 -3.78 79 3.58 0
18:07 753.36 -3.78 79 3.13 0
18:08 753.36 -3.78 79 4.02 0
18:09 753.36 -3.78 79 3.58 0
18:10 753.36 -3.78 79 3.58 0
18:11 753.36 -3.78 79 3.13 0
18:12 753.36 -3.78 79 3.58 0
18:13 753.36 -3.78 79 3.58 0
18:14 753.36 -3.78 79 4.02 0
18:15 753.36 -3.78 79 2.24 0
18:16 753.36 -3.78 79 3.58 0
18:17 753.36 -3.78 79 2.68 0
18:18 753.36 -3.78 79 3.58 0
18:19 753.36 -3.78 79 3.13 0
18:20 753.36 -3.78 79 5.81 0
18:21 753.36 -3.72 79 4.47 0
18:22 753.62 -3.72 79 4.02 0
18:23 753.62 -3.78 79 2.68 0
18:24 753.62 -3.78 79 2.24 0
18:25 753.62 -3.72 80 2.68 0
18:26 753.62 -3.78 80 4.02 0
18:27 753.62 -3.78 80 1.79 0
18:28 753.62 -3.78 80 3.58 0
18:29 753.62 -3.78 80 1.79 0
18:30 753.62 -3.78 80 2.24 0
18:31 753.62 -3.78 80 3.58 0
18:32 753.62 -3.78 80 3.58 0
18:33 753.62 -3.78 80 4.02 0
18:34 753.62 -3.78 80 2.24 0
18:35 753.62 -3.78 80 1.79 0
18:36 753.62 -3.78 80 3.13 0
18:37 753.62 -3.78 80 2.24 0
18:38 753.62 -3.78 80 2.68 0
18:39 753.62 -3.78 80 4.02 0
18:40 753.62 -3.78 80 6.26 0
18:41 753.62 -3.78 80 4.47 0
18:42 753.62 -3.78 80 5.36 0
18:43 753.62 -3.78 80 4.47 0
18:44 753.62 -3.78 80 5.36 0
18:45 753.62 -3.78 80 4.02 0
18:46 753.62 -3.78 80 4.47 0
18:47 753.62 -3.78 80 5.36 0
18:48 753.62 -3.78 80 3.58 0
18:49 753.62 -3.78 80 4.92 0
18:50 753.62 -3.78 80 1.79 0
18:51 753.62 -3.78 80 3.13 0
18:52 753.87 -3.78 80 4.02 0
18:53 753.62 -3.78 80 2.24 0
18:54 753.62 -3.78 80 3.58 0
18:55 753.87 -3.83 80 3.58 0
18:56 753.87 -3.83 80 2.68 0
18:57 753.87 -3.83 80 2.68 0
18:58 753.87 -3.83 80 3.13 0
18:59 753.87 -3.83 80 2.68 0
19:00 753.87 -3.83 80 1.79 0
19:01 753.87 -3.83 80 4.47 0
19:02 753.87 -3.83 80 2.68 0
19:03 753.87 -3.83 80 4.02 0
19:04 753.87 -3.83 80 3.58 0
19:05 753.87 -3.83 80 2.68 0
19:06 753.87 -3.83 80 2.24 0
19:07 753.87 -3.83 80 2.24 0
19:08 753.87 -3.89 80 3.58 0
19:09 753.87 -3.89 80 2.68 0
19:10 753.87 -3.89 80 2.24 0
19:11 753.87 -3.89 80 3.13 0
19:12 753.87 -3.89 80 2.68 0
19:13 753.87 -3.89 80 4.92 0
19:14 753.87 -3.89 80 3.58 0
19:15 753.87 -3.89 80 2.24 0
19:16 753.87 -3.89 80 2.24 0
19:17 753.87 -3.89 80 2.24 0
19:18 753.87 -3.89 80 4.02 0
19:19 753.87 -3.94 80 3.58 0
19:20 753.87 -3.89 80 2.24 0
19:21 753.87 -3.94 80 3.58 0
19:22 753.87 -3.94 80 2.68 0
19:23 753.87 -3.94 80 4.47 0
19:24 753.87 -3.94 80 3.58 0
19:25 753.87 -3.94 80 3.58 0
19:26 753.87 -3.94 80 2.24 0
19:27 753.87 -3.94 80 2.68 0
19:28 753.87 -3.94 80 3.13 0
19:29 753.87 -3.94 80 3.13 0
19:30 753.87 -3.94 80 4.92 0
19:31 753.87 -3.94 80 4.02 0
19:32 753.87 -3.94 80 4.92 0
19:33 754.13 -3.94 80 3.58 0
19:34 753.87 -3.94 80 2.24 0
19:35 753.87 -3.94 80 2.24 0
19:36 753.87 -3.94 80 1.79 0
19:37 754.13 -3.94 80 3.58 0
19:38 754.13 -3.94 80 3.58 0
19:39 754.13 -4 80 2.24 0
19:40 754.13 -3.94 80 3.58 0
19:41 753.87 -3.94 80 1.79 0
19:42 753.87 -3.94 80 3.13 0
19:43 754.13 -4 80 2.24 0
19:44 754.13 -3.94 80 2.24 0
19:45 753.87 -4 80 1.79 0
19:46 753.87 -4 80 2.68 0
19:47 754.13 -4 80 4.02 0
19:48 753.87 -4 81 2.24 0
19:49 753.87 -4 80 2.24 0
19:50 754.13 -4 80 2.68 0
19:51 754.13 -4 81 1.79 0
19:52 754.13 -4.06 81 2.68 0
19:53 753.87 -4.06 81 4.92 0
19:54 753.87 -4.06 80 4.02 0
19:55 754.13 -4.06 80 4.02 0
19:56 754.13 -4.06 80 3.58 0
19:57 753.87 -4 80 4.47 0
19:58 753.87 -4.06 81 3.58 0
19:59 754.13 -4 80 3.58 0
20:00 754.13 -4.06 81 2.68 0
20:01 753.87 -4.06 81 2.24 0
20:02 754.13 -4.06 81 2.68 0
20:03 754.13 -4.06 81 1.34 0
20:04 753.87 -4.06 81 2.68 0
20:05 754.13 -4.06 81 2.24 0
20:06 754.13 -4.06 81 4.02 0
20:07 754.13 -4.06 81 4.92 0
20:08 753.87 -4.11 81 4.02 0
20:09 754.13 -4.11 81 3.13 0
20:10 754.13 -4.11 80 2.68 0
20:11 754.13 -4.11 81 1.79 0
20:12 754.13 -4.11 80 4.02 0
20:13 754.13 -4.11 81 4.47 0
20:14 754.13 -4.11 80 4.02 0
20:15 754.13 -4.11 81 3.58 0
20:16 754.13 -4.11 80 2.68 0
20:17 754.13 -4.11 81 4.02 0
20:18 754.13 -4.11 81 4.02 0
20:19 754.13 -4.17 81 3.13 0
20:20 754.13 -4.11 81 2.68 0
20:21 754.13 -4.17 81 3.58 0
20:22 754.13 -4.17 81 3.58 0
20:23 753.87 -4.11 81 3.58 0
20:24 754.13 -4.17 81 4.02 0
20:25 754.13 -4.17 81 2.24 0
20:26 754.13 -4.17 81 4.02 0
20:27 754.13 -4.17 81 3.13 0
20:28 754.13 -4.17 81 4.47 0
20:29 754.13 -4.17 81 3.13 0
20:30 754.13 -4.17 81 3.13 0
20:31 754.13 -4.11 81 3.58 0
20:32 754.13 -4.11 81 1.79 0
20:33 754.13 -4.17 81 5.36 0
20:34 754.13 -4.17 81 3.58 0
20:35 754.13 -4.17 80 3.13 0
20:36 754.13 -4.17 80 4.02 0
20:37 754.13 -4.11 81 2.24 0
20:38 754.13 -4.17 81 4.47 0
20:39 754.13 -4.11 81 4.92 0
20:40 754.13 -4.11 80 3.58 0
20:41 754.13 -4.11 80 4.02 0
20:42 754.13 -4.11 80 1.79 0
20:43 754.13 -4.11 81 2.24 0
20:44 754.13 -4.06 81 4.02 0
20:45 754.13 -4.06 81 1.79 0
20:46 754.13 -4.11 81 2.24 0
20:47 754.13 -4.11 81 2.68 0
20:48 754.13 -4.11 80 2.24 0
20:49 754.13 -4.11 80 4.47 0
20:50 754.13 -4.11 80 3.58 0
20:51 754.13 -4.11 80 4.47 0
20:52 754.13 -4.11 80 4.02 0
20:53 754.13 -4.11 80 2.68 0
20:54 754.13 -4.11 80 2.68 0
20:55 754.13 -4.11 80 1.79 0
20:56 754.13 -4.11 80 4.02 0
20:57 754.13 -4.11 80 3.58 0
20:58 754.13 -4.11 80 2.24 0
20:59 754.13 -4.11 80 2.68 0
21:00 754.13 -4.17 81 3.58 0
21:01 754.13 -4.17 81 3.58 0
21:02 754.13 -4.17 81 3.58 0
21:03 754.13 -4.17 81 2.68 0
21:04 754.13 -4.17 81 4.47 0
21:05 754.13 -4.17 81 2.68 0
21:06 753.87 -4.17 81 2.24 0
21:07 754.13 -4.17 81 2.68 0
21:08 754.13 -4.17 81 3.13 0
21:09 754.13 -4.17 81 3.58 0
21:10 754.13 -4.17 81 4.47 0
21:11 754.13 -4.17 81 2.24 0
21:12 754.13 -4.22 81 3.58 0
21:13 754.13 -4.17 81 1.79 0
21:14 754.13 -4.22 81 2.24 0
21:15 754.13 -4.22 81 2.68 0
21:16 754.13 -4.22 81 1.79 0
21:17 754.13 -4.22 81 1.79 0
21:18 754.13 -4.22 81 3.58 0
21:19 754.13 -4.22 81 3.13 0
21:20 754.13 -4.22 81 3.58 0
21:21 754.13 -4.22 81 4.02 0
21:22 754.13 -4.22 81 3.58 0
21:23 754.13 -4.22 81 3.58 0
21:24 754.13 -4.22 81 4.47 0
21:25 754.13 -4.22 81 4.92 0
21:26 754.13 -4.22 81 2.24 0
21:27 754.13 -4.22 81 2.68 0
21:28 754.13 -4.22 81 3.58 0
21:29 754.13 -4.22 81 2.24 0
21:30 754.13 -4.22 81 3.13 0
21:31 754.13 -4.22 81 1.79 0
21:32 754.13 -4.22 81 2.24 0
21:33 754.13 -4.22 81 4.02 0
21:34 754.13 -4.22 81 3.58 0
21:35 754.13 -4.22 81 2.24 0
21:36 754.13 -4.22 80 4.02 0
21:37 754.13 -4.22 81 3.58 0
21:38 754.13 -4.22 81 4.02 0
21:39 754.13 -4.28 81 4.47 0
21:40 754.13 -4.28 80 3.13 0
21:41 754.13 -4.28 80 4.92 0
21:42 754.13 -4.28 80 3.58 0
21:43 754.13 -4.28 80 4.47 0
21:44 754.13 -4.22 80 3.58 0
21:45 754.13 -4.22 80 3.58 0
21:46 754.13 -4.28 80 4.02 0
21:47 754.13 -4.28 80 2.24 0
21:48 754.13 -4.22 80 4.02 0
21:49 754.13 -4.22 80 5.81 0
21:50 754.13 -4.22 80 4.47 0
21:51 754.13 -4.22 80 4.02 0
21:52 754.13 -4.22 80 2.68 0
21:53 754.13 -4.22 80 2.68 0
21:54 754.13 -4.22 80 2.24 0
21:55 754.13 -4.22 80 5.36 0
21:56 754.13 -4.22 80 4.02 0
21:57 754.13 -4.17 80 4.02 0
21:58 754.13 -4.17 80 4.02 0
21:59 754.13 -4.17 80 3.58 0
22:00 754.13 -4.17 80 4.47 0
22:01 754.13 -4.22 80 4.47 0
22:02 754.13 -4.17 80 2.68 0
22:03 754.13 -4.17 80 2.68 0
22:04 754.13 -4.17 80 4.02 0
22:05 754.13 -4.17 80 4.02 0
22:06 754.13 -4.22 80 2.68 0
22:07 754.13 -4.22 80 4.02 0
22:08 754.13 -4.22 80 4.47 0
22:09 754.13 -4.22 80 2.24 0
22:10 754.13 -4.22 80 3.58 0
22:11 754.13 -4.22 80 2.68 0
22:12 754.13 -4.22 80 2.24 0
22:13 754.13 -4.22 80 2.24 0
22:14 754.13 -4.28 81 1.79 0
22:15 754.13 -4.22 81 3.13 0
22:16 754.13 -4.28 81 3.13 0
22:17 754.13 -4.28 81 2.68 0
22:18 754.13 -4.28 81 4.02 0
22:19 754.13 -4.28 81 3.58 0
22:20 754.13 -4.28 81 2.68 0
22:21 754.13 -4.28 81 3.58 0
22:22 754.13 -4.33 81 1.79 0
22:23 754.13 -4.28 81 1.79 0
22:24 754.13 -4.33 81 2.68 0
22:25 754.13 -4.33 81 2.24 0
22:26 754.13 -4.33 81 3.58 0
22:27 754.13 -4.33 81 2.68 0
22:28 754.13 -4.33 81 5.36 0
22:29 754.13 -4.33 81 4.02 0
22:30 754.13 -4.33 81 4.02 0
22:31 754.13 -4.33 81 4.02 0
22:32 754.13 -4.33 81 3.58 0
22:33 754.13 -4.33 81 3.58 0
22:34 754.13 -4.33 81 3.58 0
22:35 754.13 -4.33 81 2.68 0
22:36 754.13 -4.39 81 4.47 0
22:37 754.13 -4.39 81 3.58 0
22:38 754.13 -4.39 81 4.47 0
22:39 754.13 -4.39 81 2.24 0
22:40 754.13 -4.39 81 2.24 0
22:41 754.13 -4.39 81 4.47 0
22:42 754.13 -4.33 81 4.02 0
22:43 754.13 -4.33 81 3.58 0
22:44 754.13 -4.39 81 2.24 0
22:45 754.13 -4.33 81 2.68 0
22:46 754.13 -4.39 81 4.92 0
22:47 754.13 -4.39 81 3.13 0
22:48 754.13 -4.39 81 2.68 0
22:49 754.13 -4.33 81 4.02 0
22:50 754.13 -4.33 81 2.68 0
22:51 754.13 -4.33 81 1.79 0
22:52 754.13 -4.33 81 4.02 0
22:53 754.13 -4.39 81 3.58 0
22:54 754.13 -4.33 81 2.68 0
22:55 754.13 -4.33 81 3.13 0
22:56 754.13 -4.33 81 3.58 0
22:57 754.13 -4.33 81 1.34 0
22:58 754.13 -4.33 81 2.68 0
22:59 754.13 -4.33 81 3.58 0
23:00 754.13 -4.33 81 1.79 0
23:01 754.13 -4.33 81 3.13 0
23:02 754.13 -4.33 81 3.58 0
23:03 754.13 -4.33 81 4.02 0
23:04 754.13 -4.33 81 3.58 0
23:05 754.13 -4.33 81 3.58 0
23:06 754.13 -4.33 81 2.24 0
23:07 754.13 -4.33 81 3.13 0
23:08 754.13 -4.33 81 2.24 0
23:09 754.13 -4.33 81 3.58 0
23:10 754.13 -4.33 81 2.68 0
23:11 754.13 -4.39 81 4.02 0
23:12 754.13 -4.39 81 2.24 0
23:13 754.13 -4.39 81 3.58 0
23:14 754.13 -4.39 81 3.58 0
23:15 754.13 -4.39 81 4.02 0
23:16 754.13 -4.39 81 3.13 0
23:17 754.13 -4.39 81 4.02 0
23:18 754.13 -4.39 81 4.02 0
23:19 754.13 -4.39 81 4.47 0
23:20 754.13 -4.39 81 2.68 0
23:21 754.13 -4.39 81 4.02 0
23:22 754.13 -4.39 81 4.02 0
23:23 754.13 -4.39 81 2.24 0
23:24 754.13 -4.39 81 2.24 0
23:25 754.13 -4.39 81 1.34 0
23:26 754.13 -4.39 81 2.24 0
23:27 754.13 -4.39 81 4.92 0
23:28 754.13 -4.39 81 4.92 0
23:29 754.13 -4.39 81 3.58 0
23:30 754.13 -4.39 81 3.58 0
23:31 754.13 -4.39 81 4.47 0
23:32 754.13 -4.39 81 3.58 0
23:33 754.13 -4.39 81 3.58 0
23:34 754.13 -4.39 81 2.24 0
23:35 754.13 -4.39 81 3.58 0
23:36 754.13 -4.39 81 3.58 0
23:37 754.13 -4.39 81 2.68 0
23:38 754.13 -4.44 81 2.68 0
23:39 754.13 -4.44 81 2.68 0
23:40 754.13 -4.44 81 3.58 0
23:41 754.13 -4.44 81 2.68 0
23:42 754.13 -4.44 81 2.24 0
23:43 754.13 -4.44 81 2.24 0
23:44 754.13 -4.44 81 3.13 0
23:45 754.13 -4.44 81 1.79 0
23:46 754.13 -4.44 81 3.13 0
23:47 754.13 -4.44 81 1.34 0
23:48 754.13 -4.39 81 1.34 0
23:49 754.13 -4.39 81 1.79 0
23:50 754.13 -4.39 81 1.34 0
23:51 754.13 -4.33 81 1.79 0
23:52 754.13 -4.33 81 1.34 0
23:53 754.13 -4.33 81 3.58 0
23:54 754.13 -4.39 81 1.79 0
23:55 754.13 -4.39 81 2.24 0
23:56 754.13 -4.39 81 2.24 0
23:57 754.13 -4.39 81 3.13 0
23:58 754.13 -4.44 81 2.24 0
23:59 754.13 -4.44 81 4.02 0
