00:00 750.32 -18.89 77 1.79 0
00:01 750.32 -18.89 77 1.34 0
00:02 750.32 -18.89 77 1.79 0
00:03 750.06 -18.89 77 1.34 0
00:04 750.32 -18.89 77 1.79 0
00:05 750.06 -18.83 77 1.79 0
00:06 750.06 -18.89 77 1.79 0
00:07 750.06 -18.89 77 1.34 0
00:08 750.06 -18.89 77 1.79 0
00:09 750.06 -18.89 77 1.34 0
00:10 750.06 -18.89 77 1.79 0
00:11 750.06 -18.89 77 1.79 0
00:12 750.06 -18.94 77 1.34 0
00:13 750.06 -18.89 77 1.79 0
00:14 750.06 -18.89 77 2.24 0
00:15 750.06 -18.94 77 1.79 0
00:16 750.06 -18.89 76 1.79 0
00:17 750.06 -18.94 77 1.79 0
00:18 750.32 -18.94 77 2.24 0
00:19 750.06 -18.94 77 1.79 0
00:20 750.06 -19 77 1.79 0
00:21 750.06 -19 77 1.79 0
00:22 750.06 -19.06 77 2.68 0
00:23 750.06 -19.06 76 1.79 0
00:24 750.32 -19.06 77 1.79 0
00:25 750.32 -19.06 77 1.34 0
00:26 750.06 -19.06 77 1.79 0
00:27 750.32 -19.06 76 2.24 0
00:28 750.32 -19.06 76 2.24 0
00:29 750.32 -19.06 76 1.79 0
00:30 750.32 -19.06 76 1.79 0
00:31 750.32 -19.11 76 1.34 0
00:32 750.32 -19.11 76 .89 0
00:33 750.32 -19.11 76 1.79 0
00:34 750.32 -19.17 76 .89 0
00:35 750.32 -19.17 76 1.34 0
00:36 750.32 -19.17 76 1.34 0
00:37 750.32 -19.17 76 1.79 0
00:38 750.32 -19.22 76 .89 0
00:39 750.32 -19.17 76 .89 0
00:40 750.32 -19.22 76 .89 0
00:41 750.32 -19.22 76 1.34 0
00:42 750.32 -19.28 76 .89 0
00:43 750.32 -19.33 76 1.34 0
00:44 750.32 -19.33 76 .89 0
00:45 750.32 -19.39 76 1.34 0
00:46 750.32 -19.39 76 1.34 0
00:47 750.32 -19.39 76 .89 0
00:48 750.32 -19.39 76 1.34 0
00:49 750.32 -19.39 76 1.34 0
00:50 750.32 -19.39 76 1.34 0
00:51 750.32 -19.44 77 1.34 0
00:52 750.32 -19.44 77 1.79 0
00:53 750.32 -19.44 77 2.24 0
00:54 750.32 -19.39 77 1.34 0
00:55 750.32 -19.44 77 1.34 0
00:56 750.32 -19.44 77 1.34 0
00:57 750.57 -19.5 77 1.34 0
00:58 750.32 -19.5 76 1.79 0
00:59 750.32 -19.56 76 1.79 0
01:00 750.57 -19.56 77 .89 0
01:01 750.57 -19.56 76 1.34 0
01:02 750.57 -19.56 77 2.24 0
01:03 750.57 -19.56 77 2.24 0
01:04 750.57 -19.61 77 2.24 0
01:05 750.57 -19.61 77 2.68 0
01:06 750.57 -19.56 77 1.79 0
01:07 750.57 -19.56 77 1.79 0
01:08 750.57 -19.61 77 1.79 0
01:09 750.57 -19.61 77 2.68 0
01:10 750.57 -19.61 77 1.79 0
01:11 750.57 -19.61 77 2.24 0
01:12 750.57 -19.67 77 1.79 0
01:13 750.57 -19.67 77 2.68 0
01:14 750.57 -19.67 77 2.24 0
01:15 750.57 -19.67 77 2.24 0
01:16 750.57 -19.72 77 2.24 0
01:17 750.57 -19.78 77 3.58 0
01:18 750.57 -19.78 76 4.02 0
01:19 750.57 -19.78 76 1.34 0
01:20 750.57 -19.83 76 2.24 0
01:21 750.57 -19.83 76 2.68 0
01:22 750.57 -19.89 76 2.68 0
01:23 750.57 -19.89 76 2.68 0
01:24 750.57 -19.89 76 2.68 0
01:25 750.57 -19.89 76 2.24 0
01:26 750.57 -19.89 77 2.68 0
01:27 750.57 -19.89 77 1.79 0
01:28 750.57 -19.89 76 2.68 0
01:29 750.57 -19.94 76 2.24 0
01:30 750.57 -19.94 76 2.24 0
01:31 750.57 -19.94 77 2.24 0
01:32 750.57 -19.94 77 1.34 0
01:33 750.57 -20 77 2.24 0
01:34 750.57 -20.06 77 1.34 0
01:35 750.57 -20.06 77 2.24 0
01:36 750.57 -20.06 77 1.79 0
01:37 750.57 -20.06 77 1.34 0
01:38 750.57 -20.06 77 2.24 0
01:39 750.57 -20.06 77 1.79 0
01:40 750.57 -20.06 77 1.79 0
01:41 750.57 -20.06 77 1.34 0
01:42 750.57 -20.06 77 2.24 0
01:43 750.57 -20.11 77 1.79 0
01:44 750.57 -20.11 77 1.34 0
01:45 750.57 -20.17 77 .89 0
01:46 750.57 -20.17 77 .89 0
01:47 750.57 -20.17 76 .89 0
01:48 750.82 -20.17 76 .89 0
01:49 750.57 -20.22 77 1.34 0
01:50 750.57 -20.17 77 .89 0
01:51 750.57 -20.22 77 1.34 0
01:52 750.82 -20.22 77 1.79 0
01:53 750.82 -20.22 77 1.79 0
01:54 750.82 -20.22 77 .89 0
01:55 750.82 -20.22 77 1.79 0
01:56 750.82 -20.22 77 1.34 0
01:57 750.82 -20.22 77 .89 0
01:58 750.82 -20.22 77 .89 0
01:59 750.82 -20.28 77 .89 0
02:00 750.82 -20.22 77 1.79 0
02:01 750.82 -20.22 77 .45 0
02:02 750.82 -20.28 77 .45 0
02:03 750.82 -20.28 77 1.79 0
02:04 750.82 -20.28 77 .89 0
02:05 750.82 -20.28 77 1.34 0
02:06 750.82 -20.28 77 .89 0
02:07 750.82 -20.33 77 1.34 0
02:08 750.82 -20.33 77 .89 0
02:09 750.82 -20.33 77 1.34 0
02:10 750.82 -20.33 77 1.34 0
02:11 750.82 -20.33 77 .89 0
02:12 750.82 -20.39 77 1.34 0
02:13 750.82 -20.39 77 1.34 0
02:14 750.82 -20.39 77 1.79 0
02:15 750.82 -20.44 77 .89 0
02:16 750.82 -20.44 77 1.34 0
02:17 750.82 -20.44 77 1.34 0
02:18 750.82 -20.5 77 1.34 0
02:19 750.82 -20.56 77 1.34 0
02:20 750.82 -20.61 77 1.34 0
02:21 750.82 -20.67 77 1.34 0
02:22 751.08 -20.67 77 1.79 0
02:23 750.82 -20.67 77 1.34 0
02:24 750.82 -20.72 77 1.34 0
02:25 751.08 -20.72 77 1.34 0
02:26 751.08 -20.72 77 1.34 0
02:27 750.82 -20.78 77 1.34 0
02:28 751.08 -20.78 77 1.34 0
02:29 751.08 -20.78 77 1.79 0
02:30 750.82 -20.78 77 1.34 0
02:31 751.08 -20.78 78 1.34 0
02:32 750.82 -20.83 78 1.79 0
02:33 750.82 -20.83 78 1.34 0
02:34 751.08 -20.83 78 1.79 0
02:35 750.82 -20.83 78 1.34 0
02:36 750.82 -20.83 78 1.34 0
02:37 750.82 -20.83 78 1.34 0
02:38 751.08 -20.89 78 1.34 0
02:39 750.82 -20.89 78 1.79 0
02:40 751.08 -20.89 78 1.79 0
02:41 751.08 -20.89 78 1.79 0
02:42 751.08 -20.94 78 1.79 0
02:43 750.82 -20.89 78 1.34 0
02:44 751.08 -20.89 78 1.34 0
02:45 751.08 -20.78 78 1.34 0
02:46 751.08 -20.78 78 1.79 0
02:47 750.82 -20.89 78 1.34 0
02:48 751.08 -20.89 78 1.79 0
02:49 751.08 -20.89 78 1.79 0
02:50 751.08 -20.89 78 1.79 0
02:51 750.82 -20.89 78 1.79 0
02:52 750.82 -20.94 78 1.34 0
02:53 751.08 -20.94 78 1.79 0
02:54 751.08 -20.94 78 1.34 0
02:55 751.08 -21 78 1.34 0
02:56 751.08 -21 78 1.34 0
02:57 751.08 -21.06 78 1.79 0
02:58 751.08 -21.06 78 1.34 0
02:59 751.08 -21.06 78 .89 0
03:00 751.08 -21.11 78 .89 0
03:01 751.08 -21.17 78 1.34 0
03:02 751.08 -21.17 78 .89 0
03:03 751.08 -21.22 78 1.34 0
03:04 751.08 -21.22 78 1.34 0
03:05 751.08 -21.22 78 1.34 0
03:06 751.08 -21.28 78 1.34 0
03:07 751.08 -21.28 78 1.34 0
03:08 751.08 -21.33 78 1.34 0
03:09 751.08 -21.33 78 1.34 0
03:10 751.08 -21.33 78 1.34 0
03:11 751.08 -21.33 78 1.34 0
03:12 751.08 -21.28 78 1.34 0
03:13 751.08 -21.33 78 1.34 0
03:14 751.08 -21.28 78 1.79 0
03:15 751.08 -21.28 78 1.79 0
03:16 751.08 -21.28 78 2.24 0
03:17 751.08 -21.28 78 1.79 0
03:18 751.08 -21.28 78 1.79 0
03:19 751.08 -21.28 78 1.79 0
03:20 751.08 -21.33 78 1.79 0
03:21 751.08 -21.33 78 1.79 0
03:22 751.08 -21.33 78 1.79 0
03:23 751.08 -21.33 78 1.79 0
03:24 751.08 -21.39 78 1.79 0
03:25 751.08 -21.39 78 1.79 0
03:26 751.08 -21.39 78 1.79 0
03:27 751.08 -21.44 78 1.79 0
03:28 751.08 -21.44 78 1.79 0
03:29 751.08 -21.5 78 1.79 0
03:30 751.08 -21.5 78 1.79 0
03:31 751.08 -21.5 78 1.79 0
03:32 751.08 -21.5 78 2.24 0
03:33 751.08 -21.5 78 2.24 0
03:34 751.08 -21.5 78 2.24 0
03:35 751.08 -21.5 78 2.68 0
03:36 751.08 -21.5 78 1.34 0
03:37 751.08 -21.5 78 1.79 0
03:38 751.08 -21.5 78 2.24 0
03:39 751.08 -21.5 78 1.79 0
03:40 751.08 -21.5 78 1.34 0
03:41 751.08 -21.56 78 2.24 0
03:42 751.08 -21.56 78 2.24 0
03:43 751.08 -21.56 78 1.79 0
03:44 751.08 -21.56 78 1.34 0
03:45 751.08 -21.61 78 1.79 0
03:46 751.08 -21.67 78 1.79 0
03:47 751.08 -21.67 78 1.34 0
03:48 751.08 -21.67 78 .89 0
03:49 751.08 -21.67 78 .89 0
03:50 751.08 -21.72 78 1.34 0
03:51 751.08 -21.72 78 .89 0
03:52 751.08 -21.72 78 .89 0
03:53 751.08 -21.78 78 1.34 0
03:54 751.08 -21.78 78 .89 0
03:55 751.08 -21.78 78 .89 0
03:56 751.08 -21.78 78 .45 0
03:57 751.08 -21.78 78 .89 0
03:58 751.08 -21.78 78 .89 0
03:59 751.08 -21.78 78 1.34 0
04:00 751.33 -21.78 78 .45 0
04:01 751.08 -21.78 78 1.34 0
04:02 751.08 -21.78 78 .89 0
04:03 751.33 -21.78 78 .89 0
04:04 751.08 -21.78 78 .89 0
04:05 751.33 -21.83 78 .89 0
04:06 751.08 -21.89 78 .89 0
04:07 751.08 -21.83 78 .89 0
04:08 751.08 -21.83 78 1.34 0
04:09 751.08 -21.89 78 1.34 0
04:10 751.08 -21.89 78 2.24 0
04:11 751.08 -21.89 78 1.79 0
04:12 751.33 -21.83 78 1.34 0
04:13 751.33 -21.83 78 1.79 0
04:14 751.08 -21.83 78 2.24 0
04:15 751.33 -21.83 78 1.34 0
04:16 751.33 -21.83 79 2.24 0
04:17 751.33 -21.83 79 1.79 0
04:18 751.33 -21.83 79 2.24 0
04:19 751.33 -21.83 78 1.34 0
04:20 751.33 -21.89 78 1.79 0
04:21 751.33 -21.89 78 1.34 0
04:22 751.33 -21.89 78 2.24 0
04:23 751.33 -21.94 78 1.79 0
04:24 751.33 -21.94 78 1.79 0
04:25 751.33 -22 78 1.79 0
04:26 751.33 -22 78 1.79 0
04:27 751.33 -22 78 2.24 0
04:28 751.33 -22.06 78 1.79 0
04:29 751.33 -22.06 78 2.24 0
04:30 751.33 -22.11 78 2.68 0
04:31 751.33 -22.11 78 2.24 0
04:32 751.33 -22.11 78 1.34 0
04:33 751.33 -22.11 78 2.24 0
04:34 751.33 -22.11 78 2.68 0
04:35 751.33 -22.11 78 2.24 0
04:36 751.33 -22.11 78 2.68 0
04:37 751.33 -22.17 78 2.24 0
04:38 751.33 -22.22 78 2.24 0
04:39 751.33 -22.22 78 2.24 0
04:40 751.33 -22.22 78 2.24 0
04:41 751.33 -22.22 78 1.79 0
04:42 751.33 -22.22 78 2.24 0
04:43 751.33 -22.22 78 2.68 0
04:44 751.33 -22.22 78 2.24 0
04:45 751.59 -22.22 78 1.79 0
04:46 751.33 -22.22 78 1.79 0
04:47 751.59 -22.22 79 1.34 0
04:48 751.59 -22.22 78 1.34 0
04:49 751.59 -22.22 78 2.24 0
04:50 751.59 -22.22 78 1.79 0
04:51 751.59 -22.22 79 1.79 0
04:52 751.59 -22.22 78 1.79 0
04:53 751.59 -22.22 79 1.79 0
04:54 751.59 -22.28 79 1.79 0
04:55 751.59 -22.28 78 1.34 0
04:56 751.59 -22.28 79 1.34 0
04:57 751.59 -22.28 78 1.79 0
04:58 751.59 -22.28 78 1.34 0
04:59 751.59 -22.28 78 .89 0
05:00 751.59 -22.28 78 1.34 0
05:01 751.59 -22.28 78 1.34 0
05:02 751.59 -22.28 78 .89 0
05:03 751.59 -22.28 78 1.79 0
05:04 751.59 -22.28 78 .89 0
05:05 751.59 -22.28 79 .89 0
05:06 751.59 -22.28 79 1.34 0
05:07 751.59 -22.28 79 1.34 0
05:08 751.59 -22.28 79 1.34 0
05:09 751.59 -22.28 79 .89 0
05:10 751.59 -22.28 79 0 0
05:11 751.59 -22.33 79 .89 0
05:12 751.59 -22.33 79 .45 0
05:13 751.59 -22.33 79 .45 0
05:14 751.59 -22.33 79 .89 0
05:15 751.59 -22.33 78 .89 0
05:16 751.59 -22.39 78 .89 0
05:17 751.59 -22.39 79 .89 0
05:18 751.59 -22.39 79 1.34 0
05:19 751.59 -22.39 79 1.79 0
05:20 751.59 -22.44 79 1.34 0
05:21 751.59 -22.39 79 .89 0
05:22 751.59 -22.39 78 .89 0
05:23 751.59 -22.44 78 1.34 0
05:24 751.59 -22.44 78 .89 0
05:25 751.59 -22.44 78 .89 0
05:26 751.59 -22.44 79 .89 0
05:27 751.59 -22.5 78 1.34 0
05:28 751.84 -22.44 79 1.34 0
05:29 751.84 -22.5 79 .89 0
05:30 751.59 -22.5 79 .89 0
05:31 751.84 -22.5 79 .89 0
05:32 751.59 -22.5 79 .45 0
05:33 751.84 -22.5 79 .89 0
05:34 751.84 -22.5 78 .45 0
05:35 751.84 -22.5 79 .89 0
05:36 751.84 -22.56 79 .89 0
05:37 751.84 -22.56 79 .45 0
05:38 751.84 -22.56 79 1.34 0
05:39 751.84 -22.56 79 .89 0
05:40 751.84 -22.56 79 1.34 0
05:41 751.84 -22.61 79 1.34 0
05:42 751.84 -22.61 79 1.79 0
05:43 751.84 -22.61 79 .89 0
05:44 751.84 -22.67 79 1.34 0
05:45 751.84 -22.67 79 .89 0
05:46 751.84 -22.67 79 1.34 0
05:47 751.84 -22.67 79 .89 0
05:48 751.84 -22.72 79 1.34 0
05:49 751.84 -22.72 79 1.34 0
05:50 751.84 -22.78 79 1.34 0
05:51 751.84 -22.78 79 .89 0
05:52 751.84 -22.78 79 .45 0
05:53 751.84 -22.83 79 .45 0
05:54 751.84 -22.83 79 .89 0
05:55 751.84 -22.83 79 .45 0
05:56 751.84 -22.83 79 .89 0
05:57 751.84 -22.89 79 .45 0
05:58 751.84 -22.89 79 .89 0
05:59 751.84 -22.89 79 .45 0
06:00 751.84 -22.89 79 .89 0
06:01 751.84 -22.94 79 .45 0
06:02 752.09 -22.94 79 .45 0
06:03 752.09 -22.94 79 .89 0
06:04 752.09 -22.94 79 1.34 0
06:05 752.09 -22.94 79 .89 0
06:06 752.09 -23 79 .89 0
06:07 752.09 -23 79 1.34 0
06:08 752.09 -23.06 79 1.34 0
06:09 752.09 -23.06 79 1.34 0
06:10 752.09 -23.11 79 .89 0
06:11 752.09 -23.11 79 .89 0
06:12 752.09 -23.11 79 1.34 0
06:13 752.09 -23.17 79 .89 0
06:14 752.09 -23.17 79 .89 0
06:15 752.09 -23.17 79 .89 0
06:16 752.09 -23.17 79 .45 0
06:17 752.09 -23.17 79 .45 0
06:18 752.09 -23.17 79 .45 0
06:19 752.09 -23.22 79 .45 0
06:20 752.09 -23.22 79 .89 0
06:21 752.09 -23.22 79 .89 0
06:22 752.09 -23.22 79 .89 0
06:23 752.09 -23.28 79 .89 0
06:24 752.09 -23.28 79 .89 0
06:25 752.09 -23.33 79 1.34 0
06:26 752.09 -23.33 79 .89 0
06:27 752.09 -23.33 79 1.34 0
06:28 752.09 -23.39 79 1.34 0
06:29 752.09 -23.39 79 1.34 0
06:30 752.35 -23.44 79 .89 0
06:31 752.09 -23.44 79 .89 0
06:32 752.09 -23.44 79 1.34 0
06:33 752.09 -23.5 79 1.34 0
06:34 752.09 -23.5 79 1.34 0
06:35 752.09 -23.56 79 .89 0
06:36 752.09 -23.56 79 .89 0
06:37 752.09 -23.56 79 1.34 0
06:38 752.35 -23.56 79 .89 0
06:39 752.35 -23.56 79 1.34 0
06:40 752.35 -23.61 79 .89 0
06:41 752.35 -23.61 79 1.34 0
06:42 752.35 -23.61 79 1.34 0
06:43 752.35 -23.67 79 1.34 0
06:44 752.35 -23.67 79 1.34 0
06:45 752.35 -23.67 79 1.34 0
06:46 752.35 -23.67 79 1.34 0
06:47 752.35 -23.67 79 .89 0
06:48 752.35 -23.72 79 1.34 0
06:49 752.35 -23.78 79 1.79 0
06:50 752.35 -23.78 79 1.34 0
06:51 752.35 -23.78 79 1.34 0
06:52 752.35 -23.83 79 .89 0
06:53 752.35 -23.83 79 1.34 0
06:54 752.35 -23.83 79 1.34 0
06:55 752.35 -23.83 79 1.34 0
06:56 752.35 -23.83 79 1.34 0
06:57 752.35 -23.83 79 1.34 0
06:58 752.35 -23.83 79 1.34 0
06:59 752.35 -23.89 79 1.34 0
07:00 752.6 -23.94 79 1.34 0
07:01 752.6 -23.94 79 1.34 0
07:02 752.6 -23.94 79 1.34 0
07:03 752.6 -24 79 1.34 0
07:04 752.6 -24 79 1.34 0
07:05 752.6 -24.06 79 .89 0
07:06 752.6 -24 79 .89 0
07:07 752.6 -24.06 79 .89 0
07:08 752.6 -24.06 79 .89 0
07:09 752.6 -24.11 79 .89 0
07:10 752.6 -24.11 79 .89 0
07:11 752.6 -24.11 79 1.34 0
07:12 752.6 -24.11 79 .89 0
07:13 752.6 -24.06 79 1.34 0
07:14 752.6 -24.06 79 .89 0
07:15 752.6 -24.06 79 1.34 0
07:16 752.6 -24.11 79 .89 0
07:17 752.6 -24.11 79 .89 0
07:18 752.6 -24.11 79 1.34 0
07:19 752.6 -24.11 79 1.34 0
07:20 752.6 -24.17 79 1.34 0
07:21 752.6 -24.17 79 1.34 0
07:22 752.6 -24.17 79 1.34 0
07:23 752.6 -24.17 79 1.34 0
07:24 752.6 -24.17 79 .89 0
07:25 752.6 -24.17 79 1.34 0
07:26 752.6 -24.17 79 1.34 0
07:27 752.6 -24.17 79 1.34 0
07:28 752.6 -24.17 79 1.79 0
07:29 752.6 -24.11 79 1.79 0
07:30 752.86 -24.06 79 1.34 0
07:31 752.86 -24.06 79 2.24 0
07:32 752.86 -24.06 79 1.34 0
07:33 752.86 -24 79 1.34 0
07:34 752.86 -24 79 1.34 0
07:35 752.86 -24 79 1.79 0
07:36 752.86 -23.94 79 1.34 0
07:37 752.86 -23.94 79 .89 0
07:38 752.86 -23.94 79 1.34 0
07:39 752.86 -23.94 79 .89 0
07:40 752.86 -23.94 79 .89 0
07:41 752.86 -23.94 79 1.79 0
07:42 752.86 -23.94 79 1.34 0
07:43 752.86 -23.89 79 1.34 0
07:44 752.86 -23.89 79 .89 0
07:45 752.86 -23.89 79 1.34 0
07:46 752.86 -23.83 79 1.79 0
07:47 752.86 -23.78 79 1.34 0
07:48 752.86 -23.78 79 1.79 0
07:49 752.86 -23.78 79 1.79 0
07:50 752.86 -23.72 79 1.34 0
07:51 752.86 -23.72 79 1.79 0
07:52 752.86 -23.72 79 2.24 0
07:53 752.86 -23.67 79 1.79 0
07:54 752.86 -23.61 79 1.79 0
07:55 752.86 -23.61 78 2.24 0
07:56 752.86 -23.56 78 1.79 0
07:57 752.86 -23.56 79 2.68 0
07:58 752.86 -23.5 79 1.79 0
07:59 752.86 -23.44 79 2.24 0
08:00 752.86 -23.44 78 3.13 0
08:01 752.86 -23.39 78 2.24 0
08:02 752.86 -23.39 78 2.24 0
08:03 752.86 -23.33 78 2.24 0
08:04 752.86 -23.28 78 4.92 0
08:05 752.86 -23.22 78 3.58 0
08:06 752.86 -23.17 78 1.79 0
08:07 752.86 -23.11 78 4.02 0
08:08 752.86 -23.06 78 3.13 0
08:09 752.86 -23.06 78 1.79 0
08:10 752.86 -23 78 4.02 0
08:11 752.86 -23 78 3.58 0
08:12 752.86 -22.94 78 2.68 0
08:13 752.86 -22.89 78 4.02 0
08:14 752.86 -22.83 78 4.02 0
08:15 752.86 -22.83 78 2.68 0
08:16 752.86 -22.83 78 4.02 0
08:17 752.86 -22.78 78 3.58 0
08:18 752.86 -22.72 78 2.68 0
08:19 752.86 -22.72 78 2.68 0
08:20 752.86 -22.67 78 2.68 0
08:21 752.86 -22.67 78 3.58 0
08:22 753.11 -22.61 78 3.58 0
08:23 753.11 -22.61 78 3.58 0
08:24 753.11 -22.56 78 4.47 0
08:25 753.11 -22.56 78 4.92 0
08:26 753.11 -22.5 78 3.58 0
08:27 753.11 -22.5 77 4.02 0
08:28 752.86 -22.44 77 4.92 0
08:29 753.11 -22.39 77 3.58 0
08:30 753.11 -22.39 77 3.13 0
08:31 753.11 -22.39 77 3.13 0
08:32 753.11 -22.33 77 2.24 0
08:33 753.11 -22.33 77 2.24 0
08:34 753.11 -22.28 77 3.58 0
08:35 753.11 -22.22 77 4.02 0
08:36 753.11 -22.17 77 1.79 0
08:37 753.11 -22.17 77 2.24 0
08:38 753.11 -22.11 77 3.58 0
08:39 753.11 -22.11 77 2.24 0
08:40 753.11 -22.06 77 2.24 0
08:41 753.11 -22.06 77 3.58 0
08:42 753.11 -22 77 3.58 0
08:43 753.11 -21.94 77 2.24 0
08:44 753.11 -21.94 77 1.79 0
08:45 753.11 -21.89 77 3.13 0
08:46 753.11 -21.89 77 3.58 0
08:47 753.11 -21.83 77 2.24 0
08:48 753.11 -21.78 77 1.79 0
08:49 753.11 -21.72 77 1.79 0
08:50 753.36 -21.72 77 2.68 0
08:51 753.36 -21.67 77 3.58 0
08:52 753.36 -21.67 77 3.13 0
08:53 753.36 -21.67 77 1.34 0
08:54 753.36 -21.61 77 1.79 0
08:55 753.36 -21.56 77 3.58 0
08:56 753.36 -21.5 77 3.58 0
08:57 753.36 -21.5 77 3.58 0
08:58 753.36 -21.44 76 2.68 0
08:59 753.36 -21.44 76 3.13 0
09:00 753.36 -21.39 76 1.79 0
09:01 753.36 -21.39 76 1.79 0
09:02 753.36 -21.33 76 1.79 0
09:03 753.36 -21.28 76 1.34 0
09:04 753.36 -21.22 76 1.79 0
09:05 753.36 -21.17 76 .89 0
09:06 753.36 -21.11 76 1.34 0
09:07 753.36 -21.11 76 1.34 0
09:08 753.36 -21 76 .45 0
09:09 753.36 -20.94 76 1.79 0
09:10 753.36 -20.94 76 1.79 0
09:11 753.36 -20.83 76 1.79 0
09:12 753.36 -20.83 76 3.58 0
09:13 753.36 -20.78 76 3.13 0
09:14 753.36 -20.78 75 2.68 0
09:15 753.36 -20.78 75 1.79 0
09:16 753.36 -20.72 75 3.13 0
09:17 753.36 -20.72 75 3.13 0
09:18 753.62 -20.67 75 1.79 0
09:19 753.36 -20.67 75 2.68 0
09:20 753.62 -20.61 75 2.24 0
09:21 753.62 -20.56 75 2.24 0
09:22 753.62 -20.56 75 1.79 0
09:23 753.62 -20.5 75 2.68 0
09:24 753.62 -20.5 75 1.34 0
09:25 753.62 -20.44 74 1.34 0
09:26 753.62 -20.44 74 1.79 0
09:27 753.62 -20.39 74 2.24 0
09:28 753.62 -20.33 74 2.68 0
09:29 753.62 -20.28 74 3.58 0
09:30 753.62 -20.28 74 .45 0
09:31 753.62 -20.22 74 2.24 0
09:32 753.62 -20.22 74 2.24 0
09:33 753.62 -20.22 74 4.02 0
09:34 753.62 -20.22 74 4.47 0
09:35 753.62 -20.17 74 4.02 0
09:36 753.62 -20.17 73 3.58 0
09:37 753.62 -20.22 73 4.92 0
09:38 753.62 -20.22 73 1.79 0
09:39 753.62 -20.17 73 3.13 0
09:40 753.62 -20.17 73 4.02 0
09:41 753.62 -20.11 73 5.81 0
09:42 753.62 -20.11 73 2.24 0
09:43 753.87 -20.06 73 6.26 0
09:44 753.87 -20.06 73 3.13 0
09:45 753.87 -20.06 72 4.92 0
09:46 753.62 -20 72 4.47 0
09:47 753.87 -19.94 72 5.36 0
09:48 753.62 -19.89 73 4.47 0
09:49 753.62 -19.83 72 5.81 0
09:50 753.87 -19.89 72 3.58 0
09:51 753.87 -19.89 72 3.58 0
09:52 753.62 -19.83 72 4.47 0
09:53 753.87 -19.78 72 1.79 0
09:54 753.62 -19.78 72 2.24 0
09:55 753.87 -19.67 72 4.02 0
09:56 753.87 -19.67 72 4.47 0
09:57 753.87 -19.61 71 4.02 0
09:58 753.87 -19.61 71 4.92 0
09:59 753.87 -19.61 71 4.47 0
10:00 753.87 -19.56 71 3.13 0
10:01 753.87 -19.56 71 2.24 0
10:02 753.87 -19.5 71 4.02 0
10:03 753.87 -19.5 71 5.36 0
10:04 753.87 -19.5 70 4.47 0
10:05 753.87 -19.5 70 4.92 0
10:06 753.87 -19.44 70 3.58 0
10:07 753.87 -19.44 70 4.92 0
10:08 753.87 -19.33 70 5.36 0
10:09 753.87 -19.33 70 2.68 0
10:10 753.87 -19.28 70 4.47 0
10:11 753.87 -19.22 71 4.02 0
10:12 753.87 -19.17 71 4.47 0
10:13 753.87 -19.17 70 4.92 0
10:14 753.87 -19.17 70 6.26 0
10:15 753.87 -19.17 70 4.92 0
10:16 753.87 -19.17 70 5.81 0
10:17 753.87 -19.17 70 4.47 0
10:18 753.87 -19.17 69 3.58 0
10:19 753.87 -19.11 69 4.47 0
10:20 753.87 -19.06 70 4.92 0
10:21 753.87 -19 70 2.68 0
10:22 753.87 -18.94 69 4.92 0
10:23 753.87 -18.94 70 4.47 0
10:24 753.87 -18.94 69 2.68 0
10:25 753.87 -18.89 69 4.47 0
10:26 753.87 -18.89 69 4.92 0
10:27 753.87 -18.89 69 5.36 0
10:28 753.87 -18.83 69 5.81 0
10:29 753.87 -18.83 69 5.36 0
10:30 753.87 -18.83 68 5.36 0
10:31 753.87 -18.89 69 4.47 0
10:32 753.87 -18.83 68 4.92 0
10:33 753.87 -18.89 68 4.02 0
10:34 753.87 -18.89 68 3.58 0
10:35 753.87 -18.83 68 5.36 0
10:36 753.87 -18.78 69 3.58 0
10:37 753.87 -18.72 69 4.47 0
10:38 753.87 -18.72 68 4.92 0
10:39 753.87 -18.72 68 6.26 0
10:40 753.87 -18.67 68 4.47 0
10:41 754.13 -18.67 68 4.92 0
10:42 753.87 -18.67 68 4.47 0
10:43 753.87 -18.67 68 4.92 0
10:44 753.87 -18.61 68 6.26 0
10:45 753.87 -18.61 68 3.58 0
10:46 753.87 -18.61 68 4.47 0
10:47 753.87 -18.61 68 4.47 0
10:48 753.87 -18.56 68 3.13 0
10:49 753.87 -18.56 67 3.13 0
10:50 753.87 -18.56 68 4.02 0
10:51 753.87 -18.44 68 3.58 0
10:52 753.87 -18.39 68 5.36 0
10:53 753.87 -18.39 68 5.81 0
10:54 753.87 -18.39 67 3.58 0
10:55 753.87 -18.39 67 4.47 0
10:56 753.87 -18.33 67 4.02 0
10:57 753.87 -18.33 67 4.47 0
10:58 753.87 -18.33 67 4.47 0
10:59 754.13 -18.28 67 4.92 0
11:00 754.13 -18.28 67 2.68 0
11:01 754.13 -18.28 67 1.79 0
11:02 754.13 -18.17 67 2.68 0
11:03 754.13 -18.11 67 3.13 0
11:04 754.13 -18.11 67 1.79 0
11:05 754.13 -18.06 67 2.68 0
11:06 754.13 -18 67 2.24 0
11:07 754.13 -17.94 67 4.47 0
11:08 754.13 -17.94 67 5.36 0
11:09 754.13 -17.94 67 1.79 0
11:10 754.13 -17.89 66 4.92 0
11:11 753.87 -17.83 66 2.68 0
11:12 754.13 -17.83 66 6.26 0
11:13 754.13 -17.89 66 4.47 0
11:14 753.87 -17.94 66 4.02 0
11:15 753.87 -17.94 66 1.79 0
11:16 753.87 -17.89 66 5.36 0
11:17 753.87 -17.89 67 4.47 0
11:18 754.13 -17.89 66 4.02 0
11:19 753.87 -17.83 66 4.02 0
11:20 753.87 -17.83 66 3.58 0
11:21 753.87 -17.83 66 1.79 0
11:22 753.87 -17.78 66 3.13 0
11:23 753.87 -17.67 66 3.58 0
11:24 753.87 -17.61 66 4.47 0
11:25 753.87 -17.61 66 3.13 0
11:26 753.87 -17.61 65 1.79 0
11:27 753.87 -17.61 65 2.24 0
11:28 753.87 -17.56 66 4.92 0
11:29 753.87 -17.56 66 4.47 0
11:30 753.87 -17.56 65 2.24 0
11:31 755.4 -17.33 53 2.68 0
11:32 753.87 -17.61 65 4.02 0
11:33 753.87 -17.56 65 2.68 0
11:34 755.4 -17.33 53 2.68 0
11:35 753.87 -17.67 65 2.68 0
11:36 755.4 -17.33 53 1.79 0
11:37 754.13 -17.56 65 2.24 0
11:38 754.13 -17.5 66 2.68 0
11:39 754.13 -17.44 65 2.24 0
11:40 755.4 -17.22 53 3.13 0
11:41 754.13 -17.44 66 2.68 0
11:42 754.13 -17.33 65 2.68 0
11:43 754.13 -17.39 65 2.24 0
11:44 754.13 -17.33 65 4.47 0
11:45 754.13 -17.39 65 3.13 0
11:46 754.13 -17.33 65 1.34 0
11:47 754.13 -17.28 65 4.02 0
11:48 754.13 -17.22 65 1.34 0
11:49 754.13 -17.17 65 4.02 0
11:50 754.13 -17.17 65 3.58 0
11:51 754.13 -17.11 64 4.47 0
11:52 754.13 -17.06 64 3.58 0
11:53 754.13 -17.06 64 1.79 0
11:54 754.13 -17.06 64 1.79 0
11:55 754.13 -16.94 64 2.68 0
11:56 754.13 -16.94 64 2.68 0
11:57 754.13 -16.89 64 3.58 0
11:58 754.13 -16.89 64 2.68 0
11:59 754.13 -16.89 64 2.68 0
12:00 754.13 -16.83 64 2.24 0
12:01 754.13 -16.78 64 1.34 0
12:02 754.13 -16.72 64 .89 0
12:03 754.13 -16.67 64 1.34 0
12:04 754.13 -16.61 64 3.58 0
12:05 755.65 -16.28 50 2.24 0
12:06 754.13 -16.61 64 1.79 0
12:07 754.13 -16.61 63 1.79 0
12:08 755.65 -16.17 50 1.79 0
12:09 754.13 -16.5 63 2.24 0
12:10 755.65 -16.17 49 2.68 0
12:11 754.13 -16.33 63 2.68 0
12:12 754.13 -16.17 63 3.13 0
12:13 754.13 -16.11 62 4.02 0
12:14 754.13 -16.17 69 2.68 0
12:15 754.13 -16.17 67 4.02 0
12:16 754.13 -16.17 66 3.58 0
12:17 754.13 -16.17 66 4.92 0
12:18 754.13 -16.17 66 4.47 0
12:19 754.13 -16.17 65 2.68 0
12:20 754.13 -16.22 65 1.34 0
12:21 754.13 -16.22 65 4.02 0
12:22 754.13 -16.17 66 2.24 0
12:23 754.13 -16.11 65 1.79 0
12:24 754.13 -16.11 65 2.24 0
12:25 754.13 -16.06 65 3.58 0
12:26 754.13 -16.11 65 5.36 0
12:27 754.13 -16 65 4.02 0
12:28 755.65 -15.56 46 3.58 0
12:29 754.38 -16 65 4.92 0
12:30 754.13 -16 65 3.58 0
12:31 754.38 -15.94 64 4.47 0
12:32 754.13 -15.89 64 3.58 0
12:33 754.13 -15.89 64 1.34 0
12:34 754.13 -15.83 64 4.47 0
12:35 754.13 -15.83 64 5.36 0
12:36 754.13 -15.83 63 4.47 0
12:37 754.13 -15.83 63 4.02 0
12:38 754.13 -15.83 63 2.24 0
12:39 754.13 -15.83 62 4.92 0
12:40 754.13 -15.83 62 2.24 0
12:41 754.13 -15.83 62 2.68 0
12:42 754.13 -15.83 62 2.68 0
12:43 754.13 -15.78 63 4.92 0
12:44 755.65 -15.22 45 1.79 0
12:45 754.13 -15.72 62 2.68 0
12:46 755.65 -15.11 46 5.36 0
12:47 754.13 -15.67 62 3.13 0
12:48 754.13 -15.61 62 4.92 0
12:49 754.13 -15.61 62 3.58 0
12:50 754.38 -15.61 61 4.92 0
12:51 754.13 -15.56 61 4.02 0
12:52 754.38 -15.5 61 3.13 0
12:53 754.38 -15.44 61 4.92 0
12:54 754.38 -15.44 61 4.02 0
12:55 754.38 -15.44 61 2.68 0
12:56 754.38 -15.39 61 3.13 0
12:57 754.38 -15.39 61 4.47 0
12:58 755.65 -14.94 42 4.02 0
12:59 754.38 -15.39 60 4.02 0
13:00 754.38 -15.44 59 2.68 0
13:01 754.13 -15.44 59 2.24 0
13:02 754.13 -15.39 60 3.58 0
13:03 754.13 -15.28 60 3.58 0
13:04 754.13 -15.28 60 4.92 0
13:05 754.38 -15.28 60 6.71 0
13:06 754.13 -15.28 59 5.36 0
13:07 754.13 -15.28 59 4.92 0
13:08 754.13 -15.22 59 3.58 0
13:09 754.13 -15.22 59 4.02 0
13:10 754.13 -15.17 59 4.92 0
13:11 754.13 -15.11 59 4.47 0
13:12 754.38 -15.11 59 4.92 0
13:13 754.13 -15.06 59 4.92 0
13:14 754.13 -15.06 58 4.92 0
13:15 754.38 -15.06 58 2.24 0
13:16 754.38 -15 58 1.79 0
13:17 754.38 -15.06 57 2.68 0
13:18 754.38 -15 57 4.02 0
13:19 754.38 -15 57 2.24 0
13:20 754.38 -15.06 57 2.24 0
13:21 754.13 -15 57 4.47 0
13:22 754.13 -15 57 4.02 0
13:23 754.13 -14.94 58 4.92 0
13:24 754.13 -14.89 58 4.02 0
13:25 754.13 -14.83 58 1.34 0
13:26 754.13 -14.83 58 4.02 0
13:27 754.13 -14.89 58 4.47 0
13:28 754.13 -14.89 57 3.58 0
13:29 754.13 -14.89 57 3.58 0
13:30 754.13 -14.89 57 4.02 0
13:31 754.38 -14.89 57 5.36 0
13:32 754.13 -14.94 57 5.81 0
13:33 754.13 -14.89 56 4.92 0
13:34 754.13 -14.83 56 2.24 0
13:35 754.13 -14.72 57 4.47 0
13:36 754.13 -14.67 56 4.02 0
13:37 755.65 -14.22 38 5.36 0
13:38 754.13 -14.67 56 3.13 0
13:39 754.13 -14.67 56 3.13 0
13:40 754.13 -14.5 56 2.68 0
13:41 754.13 -14.44 56 3.58 0
13:42 754.13 -14.44 55 2.68 0
13:43 754.13 -14.44 55 2.24 0
13:44 754.13 -14.44 55 4.02 0
13:45 754.13 -14.39 55 4.47 0
13:46 754.13 -14.39 55 4.47 0
13:47 754.13 -14.44 54 2.24 0
13:48 754.13 -14.44 55 4.92 0
13:49 754.13 -14.44 54 4.47 0
13:50 754.13 -14.5 54 4.92 0
13:51 754.13 -14.56 54 1.34 0
13:52 754.13 -14.56 55 3.13 0
13:53 754.13 -14.56 54 4.02 0
13:54 754.13 -14.56 55 2.68 0
13:55 754.13 -14.56 54 2.68 0
13:56 754.13 -14.5 54 4.02 0
13:57 754.13 -14.44 54 2.24 0
13:58 754.13 -14.33 54 3.58 0
13:59 755.65 -13.89 36 2.68 0
14:00 754.13 -14.33 54 1.79 0
14:01 754.13 -14.28 55 2.68 0
14:02 754.13 -14.22 55 3.13 0
14:03 755.65 -13.89 37 1.79 0
14:04 754.13 -14.11 55 2.24 0
14:05 754.13 -14.11 55 4.02 0
14:06 754.13 -14.06 54 1.79 0
14:07 754.13 -14.06 54 1.34 0
14:08 754.13 -14.06 55 3.58 0
14:09 754.13 -14.11 54 4.02 0
14:10 754.13 -14.11 54 3.13 0
14:11 754.13 -14.06 54 .89 0
14:12 754.13 -14 54 1.34 0
14:13 754.13 -13.94 55 3.58 0
14:14 754.13 -14 54 2.68 0
14:15 754.13 -13.94 54 1.34 0
14:16 754.13 -13.94 55 2.24 0
14:17 754.13 -13.89 55 4.02 0
14:18 754.13 -13.89 55 4.47 0
14:19 755.65 -13.61 37 0 0
14:20 754.13 -13.94 54 4.02 0
14:21 755.65 -13.5 37 0 0
14:22 754.13 -13.94 54 2.24 0
14:23 754.13 -14 54 4.02 0
14:26 755.65 -13.44 37 2.24 0
14:27 754.13 -13.89 55 3.58 0
14:28 755.65 -13.44 36 4.47 0
14:30 754.13 -13.89 55 2.24 0
14:31 755.65 -13.44 36 4.02 0
14:33 754.13 -13.94 55 4.02 0
14:34 754.13 -13.61 54 4.02 0
14:35 754.13 -13.61 53 2.68 0
14:36 754.13 -13.67 52 3.58 0
14:37 754.13 -13.72 52 3.13 0
14:38 754.13 -13.67 52 1.79 0
14:39 754.38 -13.67 53 1.79 0
14:40 754.38 -13.67 53 2.24 0
14:41 754.38 -13.67 52 1.79 0
14:42 754.13 -13.67 52 2.24 0
14:43 754.38 -13.72 52 1.34 0
14:44 754.38 -13.67 53 2.24 0
14:45 754.38 -13.61 53 2.68 0
14:46 754.38 -13.61 52 5.81 0
14:47 754.38 -13.67 51 4.47 0
14:48 754.38 -13.67 50 2.24 0
14:49 754.38 -13.61 51 3.58 0
14:50 754.38 -13.67 51 5.36 0
14:51 754.38 -13.67 50 4.92 0
14:52 754.38 -13.67 50 2.68 0
14:53 754.38 -13.67 51 4.92 0
14:54 754.38 -13.67 51 3.58 0
14:55 754.38 -13.72 51 4.02 0
14:56 754.38 -13.72 51 4.47 0
14:57 754.38 -13.72 51 3.58 0
14:58 754.38 -13.67 51 3.58 0
14:59 754.38 -13.61 51 5.36 0
15:00 754.38 -13.61 51 4.47 0
15:01 754.38 -13.61 50 2.68 0
15:02 754.38 -13.56 49 1.79 0
15:03 754.38 -13.5 50 4.47 0
15:04 754.38 -13.5 49 4.47 0
15:05 754.38 -13.56 48 4.92 0
15:06 754.38 -13.56 48 4.47 0
15:07 754.38 -13.5 48 4.92 0
15:08 754.38 -13.44 48 3.58 0
15:09 754.38 -13.44 48 6.26 0
15:10 754.38 -13.44 48 6.26 0
15:11 754.38 -13.44 47 4.02 0
15:12 754.38 -13.44 47 4.47 0
15:13 754.38 -13.5 48 4.47 0
15:14 754.38 -13.5 47 3.58 0
15:15 754.38 -13.44 48 4.92 0
15:16 754.38 -13.44 48 3.58 0
15:17 754.38 -13.39 48 4.92 0
15:18 754.38 -13.44 47 5.81 0
15:19 754.38 -13.44 48 4.92 0
15:20 754.38 -13.5 47 4.02 0
15:21 754.38 -13.5 47 4.02 0
15:22 754.38 -13.44 48 4.92 0
15:23 754.38 -13.44 47 5.81 0
15:24 754.38 -13.5 47 4.02 0
15:25 754.38 -13.5 47 3.13 0
15:26 754.38 -13.44 48 4.92 0
15:27 754.38 -13.44 48 6.71 0
15:28 754.38 -13.44 48 5.36 0
15:29 754.38 -13.44 48 3.58 0
15:30 754.38 -13.39 48 4.02 0
15:31 754.38 -13.33 48 6.26 0
15:32 754.38 -13.39 47 4.02 0
15:33 754.38 -13.33 48 2.24 0
15:34 754.38 -13.22 48 3.58 0
15:35 754.38 -13.17 49 4.47 0
15:36 754.38 -13.17 49 2.68 0
15:37 754.38 -13.17 49 2.68 0
15:38 754.38 -13.17 49 3.58 0
15:39 754.38 -13.11 49 2.24 0
15:40 754.38 -13.06 49 4.47 0
15:41 754.38 -13.06 49 3.58 0
15:42 754.38 -13 50 6.71 0
15:43 754.38 -13.06 49 3.58 0
15:44 754.38 -13.06 47 4.47 0
15:45 754.38 -13.17 47 5.36 0
15:46 754.38 -13.22 47 4.02 0
15:47 754.38 -13.28 47 3.58 0
15:48 754.38 -13.28 47 2.68 0
15:49 754.38 -13.28 47 6.26 0
15:50 754.38 -13.22 47 4.92 0
15:51 754.38 -13.28 47 4.47 0
15:52 754.38 -13.28 47 5.36 0
15:53 754.38 -13.22 46 4.02 0
15:54 754.38 -13.17 47 4.02 0
15:55 754.38 -13.17 47 4.47 0
15:56 754.38 -13.11 47 4.02 0
15:57 754.38 -13.06 48 4.92 0
15:58 754.38 -13.11 48 3.58 0
15:59 754.38 -13.11 48 3.58 0
16:00 754.38 -13.11 48 2.68 0
16:01 754.38 -13.17 48 2.24 0
16:02 754.38 -13.11 48 4.02 0
16:03 754.38 -13.06 47 3.13 0
16:04 754.38 -13.06 47 3.58 0
16:05 754.38 -13.06 47 5.36 0
16:06 754.38 -13.06 47 2.24 0
16:07 754.38 -13.06 47 2.68 0
16:08 754.38 -13 47 2.24 0
16:09 754.38 -13 47 3.58 0
16:10 754.38 -13 47 4.92 0
16:11 754.38 -12.94 47 5.81 0
16:12 754.38 -12.94 47 5.81 0
16:13 754.38 -13 46 5.81 0
16:14 754.38 -13.06 45 5.36 0
16:15 754.38 -13.11 45 3.58 0
16:16 754.38 -13.06 46 4.02 0
16:17 754.38 -13.06 46 3.13 0
16:18 754.38 -13 47 4.47 0
16:19 754.38 -12.94 47 4.02 0
16:20 754.38 -12.94 47 2.68 0
16:21 754.38 -12.89 47 4.92 0
16:22 754.38 -12.94 46 3.58 0
16:23 754.38 -12.94 46 5.36 0
16:24 754.38 -13 46 4.47 0
16:25 754.38 -13 46 3.58 0
16:26 754.38 -12.94 46 4.92 0
16:27 754.38 -12.94 46 4.47 0
16:28 754.38 -12.94 46 4.02 0
16:29 754.38 -12.94 45 3.58 0
16:30 754.38 -12.94 46 5.36 0
16:31 754.38 -12.94 46 2.68 0
16:32 754.38 -12.94 46 4.47 0
16:33 754.38 -12.94 45 2.68 0
16:34 754.38 -13 45 5.36 0
16:35 754.38 -13 45 2.68 0
16:36 754.38 -12.94 46 3.58 0
16:37 754.38 -13 46 3.58 0
16:38 754.38 -12.94 47 4.47 0
16:39 754.38 -12.89 46 5.36 0
16:40 754.38 -12.94 45 4.92 0
16:41 754.38 -13 45 5.36 0
16:42 754.38 -13 45 5.36 0
16:43 754.38 -13 45 2.68 0
16:44 754.38 -12.94 46 3.13 0
16:45 754.38 -12.94 46 2.68 0
16:46 754.38 -12.94 46 6.71 0
16:47 754.38 -12.94 46 4.92 0
16:48 754.38 -12.94 46 4.47 0
16:49 754.38 -13 46 5.81 0
16:50 754.38 -13 46 4.47 0
16:51 754.38 -13 46 4.02 0
16:52 754.38 -12.94 47 4.92 0
16:53 754.38 -13 47 4.02 0
16:54 754.38 -13 46 4.02 0
16:55 754.63 -13.06 46 4.47 0
16:56 754.38 -13.06 46 2.68 0
16:57 754.38 -13.06 46 3.58 0
16:58 754.38 -13.06 47 3.58 0
16:59 754.63 -13.06 46 2.68 0
17:00 754.38 -13.06 46 2.24 0
17:01 754.38 -13.06 46 1.34 0
17:02 754.63 -13.06 47 4.47 0
17:03 754.63 -13 46 3.58 0
17:04 754.38 -13.06 46 3.58 0
17:05 754.63 -13.06 46 4.02 0
17:06 754.38 -13.06 46 4.47 0
17:07 754.63 -13.11 46 3.58 0
17:08 754.63 -13.11 46 4.02 0
17:09 754.63 -13.11 46 3.58 0
17:10 754.38 -13.06 46 2.24 0
17:11 754.63 -13.06 46 4.02 0
17:12 754.63 -13.06 46 3.13 0
17:13 754.63 -13.06 46 3.58 0
17:14 754.63 -13.06 46 3.58 0
17:15 754.63 -13.06 46 1.79 0
17:16 754.63 -13.06 46 3.13 0
17:17 754.63 -13.06 46 3.58 0
17:18 754.38 -13.06 46 2.24 0
17:19 754.63 -13.06 46 2.24 0
17:20 754.63 -13.06 47 2.68 0
17:21 754.63 -13 46 .89 0
17:22 754.63 -13 47 2.68 0
17:23 754.63 -13.06 46 2.24 0
17:24 754.63 -13.06 46 4.02 0
17:25 754.63 -13.11 46 2.24 0
17:26 754.63 -13.11 46 2.68 0
17:27 754.63 -13.11 46 4.47 0
17:28 754.63 -13.17 46 4.02 0
17:29 754.63 -13.17 46 2.68 0
17:30 754.38 -13.11 47 2.68 0
17:31 754.63 -13.17 47 2.24 0
17:32 754.63 -13.17 47 2.68 0
17:33 754.38 -13.17 47 2.24 0
17:34 754.63 -13.17 47 2.24 0
17:35 754.63 -13.17 47 1.79 0
17:36 754.63 -13.17 47 1.79 0
17:37 754.63 -13.11 48 .89 0
17:38 754.63 -13.11 48 2.24 0
17:39 754.38 -13.11 48 1.79 0
17:40 754.63 -13.11 48 1.34 0
17:41 754.63 -13.11 48 1.79 0
17:42 754.63 -13.11 48 1.79 0
17:43 754.63 -13.11 48 1.34 0
17:44 754.63 -13.11 48 1.34 0
17:45 754.63 -13.11 48 .89 0
17:46 754.63 -13.11 48 .89 0
17:47 754.63 -13.11 48 .89 0
17:48 754.63 -13.11 48 1.34 0
17:49 754.63 -13.11 48 .89 0
17:50 754.63 -13.11 48 1.79 0
17:51 754.63 -13.11 49 1.34 0
17:52 754.63 -13.11 49 1.79 0
17:53 754.63 -13.17 50 1.79 0
17:54 754.63 -13.17 50 4.02 0
17:55 754.63 -13.22 51 4.02 0
17:56 754.63 -13.28 51 3.58 0
17:57 754.63 -13.33 51 1.79 0
17:58 754.63 -13.33 52 3.58 0
17:59 754.63 -13.33 52 4.02 0
18:00 754.63 -13.39 52 2.68 0
18:01 754.63 -13.39 53 2.24 0
18:02 754.63 -13.44 53 2.68 0
18:03 754.63 -13.5 53 2.68 0
18:04 754.63 -13.56 53 2.24 0
18:05 754.63 -13.56 53 1.79 0
18:06 754.63 -13.61 54 .89 0
18:07 754.63 -13.67 54 1.79 0
18:08 754.63 -13.72 54 3.58 0
18:09 754.63 -13.72 54 1.79 0
18:10 754.63 -13.78 54 3.58 0
18:11 754.63 -13.83 54 2.68 0
18:12 754.63 -13.83 54 .89 0
18:13 754.63 -13.89 55 2.24 0
18:14 754.63 -13.94 55 1.79 0
18:15 754.63 -13.94 55 1.79 0
18:16 754.63 -14 55 3.13 0
18:17 754.63 -14 55 1.79 0
18:18 754.63 -14.06 55 1.79 0
18:19 754.63 -14.11 55 1.79 0
18:20 754.63 -14.17 55 2.68 0
18:21 754.63 -14.17 55 2.24 0
18:22 754.63 -14.17 55 1.34 0
18:23 754.63 -14.22 56 4.02 0
18:24 754.63 -14.22 56 3.58 0
18:25 754.63 -14.28 56 1.34 0
18:26 754.63 -14.28 56 2.24 0
18:27 754.89 -14.33 56 3.58 0
18:28 754.63 -14.33 56 1.79 0
18:29 754.89 -14.33 56 4.02 0
18:30 754.89 -14.39 56 2.24 0
18:31 754.89 -14.39 56 2.24 0
18:32 754.89 -14.39 56 1.34 0
18:33 754.89 -14.39 56 2.24 0
18:34 754.89 -14.44 56 2.24 0
18:35 754.63 -14.44 56 1.79 0
18:36 754.89 -14.5 56 1.79 0
18:37 754.89 -14.5 56 2.24 0
18:38 754.89 -14.56 56 1.34 0
18:39 754.89 -14.56 57 1.34 0
18:40 754.89 -14.61 57 2.24 0
18:41 754.89 -14.67 57 2.24 0
18:42 754.89 -14.67 57 1.79 0
18:43 754.89 -14.67 57 1.34 0
18:44 754.89 -14.72 57 1.79 0
18:45 754.89 -14.72 57 2.24 0
18:46 754.89 -14.78 57 2.24 0
18:47 754.89 -14.78 57 1.79 0
18:48 754.89 -14.78 57 1.79 0
18:49 754.89 -14.83 58 2.24 0
18:50 754.89 -14.83 58 1.79 0
18:51 754.89 -14.89 58 1.79 0
18:52 754.89 -14.89 58 1.79 0
18:53 754.89 -14.89 58 1.34 0
18:54 754.89 -14.89 58 1.79 0
18:55 754.89 -14.94 58 1.34 0
18:56 754.89 -14.94 58 1.79 0
18:57 754.89 -15 58 1.79 0
18:58 754.89 -15 58 2.68 0
18:59 754.89 -15 58 2.24 0
19:00 754.89 -15 58 2.68 0
19:01 755.14 -15 58 1.34 0
19:02 754.89 -15.06 58 2.24 0
19:03 754.89 -15 58 2.24 0
19:04 755.14 -15 58 1.79 0
19:05 755.14 -15 58 2.24 0
19:06 755.14 -15.06 58 1.79 0
19:07 755.14 -15.11 58 1.79 0
19:08 755.14 -15.11 58 1.79 0
19:09 755.14 -15.17 58 1.79 0
19:10 755.14 -15.22 58 1.34 0
19:11 755.14 -15.28 59 1.34 0
19:12 755.14 -15.28 59 .89 0
19:13 755.14 -15.28 59 1.34 0
19:14 755.14 -15.33 59 1.34 0
19:15 755.14 -15.28 59 .89 0
19:16 755.14 -15.28 59 .89 0
19:17 755.14 -15.33 59 1.34 0
19:18 755.14 -15.33 59 1.34 0
19:19 755.14 -15.33 59 1.34 0
19:20 755.14 -15.33 59 1.34 0
19:21 755.14 -15.39 59 1.34 0
19:22 755.14 -15.33 59 1.34 0
19:23 755.14 -15.44 59 .89 0
19:24 755.14 -15.44 59 1.34 0
19:25 755.14 -15.44 59 1.34 0
19:26 755.14 -15.5 59 1.34 0
19:27 755.14 -15.5 59 1.34 0
19:28 755.14 -15.56 59 .89 0
19:29 755.14 -15.56 59 1.79 0
19:30 755.14 -15.56 59 1.79 0
19:31 755.14 -15.56 59 1.79 0
19:32 755.14 -15.56 59 1.34 0
19:33 755.14 -15.56 59 1.79 0
19:34 755.14 -15.56 59 1.34 0
19:35 755.14 -15.56 59 1.79 0
19:36 755.14 -15.56 59 1.34 0
19:37 755.14 -15.56 59 1.79 0
19:38 755.14 -15.56 59 1.34 0
19:39 755.14 -15.56 59 1.34 0
19:40 755.14 -15.56 59 1.34 0
19:41 755.14 -15.61 59 1.34 0
19:42 755.14 -15.61 59 1.34 0
19:43 755.14 -15.67 59 1.79 0
19:44 755.14 -15.67 60 1.34 0
19:45 755.14 -15.72 59 1.79 0
19:46 755.14 -15.78 60 1.79 0
19:47 755.14 -15.78 60 1.79 0
19:48 755.14 -15.78 60 2.24 0
19:49 755.14 -15.78 60 1.34 0
19:50 755.14 -15.83 60 1.79 0
19:51 755.14 -15.83 60 2.68 0
19:52 755.14 -15.83 60 1.79 0
19:53 755.14 -15.83 60 1.34 0
19:54 755.14 -15.83 60 1.34 0
19:55 755.14 -15.83 60 1.34 0
19:56 755.14 -15.89 60 1.34 0
19:57 755.14 -15.89 60 1.34 0
19:58 755.14 -15.94 60 1.34 0
19:59 755.14 -15.94 60 .89 0
20:00 755.14 -15.94 60 .89 0
20:01 755.14 -16.06 61 1.34 0
20:02 755.14 -16.11 61 1.34 0
20:03 755.14 -16.28 61 .89 0
20:04 755.14 -16.39 61 1.34 0
20:05 755.14 -16.5 61 .89 0
20:06 755.14 -16.56 61 .89 0
20:07 755.14 -16.56 62 .89 0
20:08 755.14 -16.61 62 1.34 0
20:09 755.14 -16.61 62 .89 0
20:10 755.14 -16.67 62 1.34 0
20:11 755.14 -16.67 63 1.34 0
20:12 755.14 -16.72 62 .89 0
20:13 755.14 -16.78 63 .45 0
20:14 755.14 -16.78 63 1.34 0
20:15 755.14 -16.83 63 .89 0
20:16 755.14 -16.83 63 .45 0
20:17 755.14 -16.83 63 .89 0
20:18 755.14 -16.89 64 .89 0
20:19 755.14 -17 64 .89 0
20:20 755.14 -17.06 64 1.34 0
20:21 755.14 -17.11 64 .89 0
20:22 755.14 -17.17 64 1.34 0
20:23 755.14 -17.17 64 .89 0
20:24 755.14 -17.17 64 .45 0
20:25 755.14 -17.17 64 .89 0
20:26 755.14 -17.22 64 .45 0
20:27 755.14 -17.28 64 0 0
20:28 755.14 -17.33 64 .45 0
20:29 755.14 -17.44 64 .45 0
20:30 755.14 -17.5 64 .45 0
20:31 755.14 -17.61 65 1.34 0
20:32 755.14 -17.67 65 .89 0
20:33 755.14 -17.72 65 1.34 0
20:34 755.14 -17.83 65 .45 0
20:35 755.14 -17.83 66 .45 0
20:36 755.14 -17.89 66 .89 0
20:37 755.14 -17.94 67 .45 0
20:38 755.14 -18 67 .89 0
20:39 755.14 -18.06 67 .89 0
20:40 755.14 -18.11 67 1.34 0
20:41 755.4 -18.17 67 .89 0
20:42 755.4 -18.22 67 1.34 0
20:43 755.14 -18.22 67 .89 0
20:44 755.14 -18.22 67 .89 0
20:45 755.4 -18.17 67 .89 0
20:46 755.4 -18.17 67 .89 0
20:47 755.14 -18.17 67 .89 0
20:48 755.4 -18.17 67 .45 0
20:49 755.4 -18.22 67 0 0
20:50 755.4 -18.17 67 .45 0
20:51 755.4 -18.22 67 .89 0
20:52 755.4 -18.22 67 .45 0
20:53 755.4 -18.22 67 .45 0
20:54 755.4 -18.11 68 .45 0
20:55 755.4 -18.06 68 .89 0
20:56 755.4 -18 68 .45 0
20:57 755.4 -17.94 68 .45 0
20:58 755.4 -17.83 68 .45 0
20:59 755.4 -17.78 67 .45 0
21:00 755.4 -17.72 67 .89 0
21:01 755.4 -17.67 67 .45 0
21:02 755.4 -17.61 67 .89 0
21:03 755.4 -17.56 66 .89 0
21:04 755.4 -17.5 66 .89 0
21:05 755.4 -17.5 66 .89 0
21:06 755.4 -17.5 66 0 0
21:07 755.4 -17.5 65 .45 0
21:08 755.14 -17.56 65 0 0
21:09 755.4 -17.61 65 .45 0
21:10 755.4 -17.72 65 0 0
21:11 755.4 -17.83 65 .89 0
21:12 755.4 -17.89 65 .45 0
21:13 755.4 -17.89 65 .45 0
21:14 755.4 -17.94 66 .45 0
21:15 755.4 -17.89 66 .45 0
21:16 755.4 -17.89 66 .45 0
21:17 755.4 -17.83 67 .45 0
21:18 755.4 -17.78 67 .45 0
21:19 755.4 -17.78 66 .45 0
21:20 755.4 -17.72 66 .89 0
21:21 755.4 -17.67 66 .89 0
21:22 755.4 -17.61 66 .45 0
21:23 755.4 -17.56 66 .45 0
21:24 755.4 -17.44 67 .89 0
21:25 755.4 -17.39 67 .45 0
21:26 755.4 -17.33 67 0 0
21:27 755.4 -17.28 67 .45 0
21:28 755.4 -17.22 66 0 0
21:29 755.4 -17.17 66 .89 0
21:30 755.4 -17.11 66 .45 0
21:31 755.4 -17.11 66 .45 0
21:32 755.4 -17.11 66 .45 0
21:33 755.4 -17.06 66 .45 0
21:34 755.4 -17.06 66 .45 0
21:35 755.4 -17.06 66 .45 0
21:36 755.4 -17.11 66 .45 0
21:37 755.4 -17.17 66 .45 0
21:38 755.4 -17.17 67 .45 0
21:39 755.4 -17.22 67 .45 0
21:40 755.4 -17.28 67 .45 0
21:41 755.4 -17.28 66 .45 0
21:42 755.4 -17.33 66 .45 0
21:43 755.4 -17.33 66 .45 0
21:44 755.4 -17.33 67 .45 0
21:45 755.4 -17.39 67 .89 0
21:46 755.4 -17.44 66 .89 0
21:47 755.4 -17.5 66 .45 0
21:48 755.4 -17.56 66 .45 0
21:49 755.4 -17.56 66 .89 0
21:50 755.4 -17.61 66 .89 0
21:51 755.4 -17.67 66 .89 0
21:52 755.4 -17.72 66 .89 0
21:53 755.4 -17.78 65 1.34 0
21:54 755.4 -17.83 65 1.34 0
21:55 755.4 -17.89 65 1.34 0
21:56 755.4 -17.94 65 1.34 0
21:57 755.4 -18 65 .89 0
21:58 755.4 -18 66 .89 0
21:59 755.4 -17.94 66 1.79 0
22:00 755.4 -17.94 66 1.34 0
22:01 755.4 -17.89 66 1.34 0
22:02 755.4 -17.89 66 1.34 0
22:03 755.4 -17.83 66 1.79 0
22:04 755.4 -17.78 66 1.34 0
22:05 755.4 -17.72 66 1.34 0
22:06 755.4 -17.72 65 1.34 0
22:07 755.4 -17.72 65 1.34 0
22:08 755.4 -17.72 65 .89 0
22:09 755.4 -17.72 65 .45 0
22:10 755.4 -17.72 65 .45 0
22:11 755.4 -17.72 65 .89 0
22:12 755.4 -17.72 65 .89 0
22:13 755.65 -17.78 65 .45 0
22:14 755.65 -17.78 65 .45 0
22:15 755.4 -17.78 65 .45 0
22:16 755.4 -17.78 65 .45 0
22:17 755.4 -17.78 65 .45 0
22:18 755.4 -17.78 65 .89 0
22:19 755.65 -17.78 65 .45 0
22:20 755.65 -17.83 65 .45 0
22:21 755.65 -17.83 65 .89 0
22:22 755.65 -17.78 65 .89 0
22:23 755.4 -17.83 65 .89 0
22:24 755.65 -17.78 65 1.34 0
22:25 755.65 -17.78 65 .45 0
22:26 755.4 -17.83 65 1.34 0
22:27 755.65 -17.89 65 .89 0
22:28 755.65 -17.94 65 1.34 0
22:29 755.65 -18 65 1.34 0
22:30 755.65 -17.94 66 1.34 0
22:31 755.65 -17.94 66 .89 0
22:32 755.65 -18.06 66 1.34 0
22:33 755.65 -18.06 66 1.34 0
22:34 755.65 -18.22 66 .89 0
22:35 755.65 -18.33 65 .89 0
22:36 755.65 -18.56 66 1.34 0
22:37 755.65 -18.67 66 1.34 0
22:38 755.65 -18.83 66 1.79 0
22:39 755.4 -18.83 67 1.34 0
22:40 755.65 -18.89 67 1.34 0
22:41 755.65 -18.83 68 1.34 0
22:42 755.65 -18.78 68 1.34 0
22:43 755.65 -18.67 68 1.34 0
22:44 755.65 -18.61 68 1.34 0
22:45 755.65 -18.5 68 1.34 0
22:46 755.65 -18.44 68 .89 0
22:47 755.65 -18.39 67 1.34 0
22:48 755.65 -18.33 67 1.34 0
22:49 755.65 -18.33 67 1.34 0
22:50 755.65 -18.39 67 .89 0
22:51 755.65 -18.44 66 1.34 0
22:52 755.65 -18.44 67 .89 0
22:53 755.4 -18.5 67 1.34 0
22:54 755.65 -18.5 67 .89 0
22:55 755.65 -18.5 67 1.34 0
22:56 755.65 -18.56 67 1.79 0
22:57 755.4 -18.61 67 1.79 0
22:58 755.65 -18.61 67 1.34 0
22:59 755.65 -18.61 67 1.34 0
23:00 755.65 -18.67 67 1.34 0
23:01 755.65 -18.67 67 1.34 0
23:02 755.65 -18.67 67 .89 0
23:03 755.65 -18.67 67 .89 0
23:04 755.65 -18.61 68 1.34 0
23:05 755.4 -18.61 68 1.34 0
23:06 755.65 -18.5 68 1.34 0
23:07 755.4 -18.5 68 1.34 0
23:08 755.65 -18.44 67 1.34 0
23:09 755.65 -18.5 67 1.79 0
23:10 755.65 -18.56 67 1.34 0
23:11 755.65 -18.61 67 1.34 0
23:12 755.65 -18.61 67 1.34 0
23:13 755.65 -18.61 67 1.34 0
23:14 755.65 -18.67 67 1.34 0
23:15 755.65 -18.61 67 1.34 0
23:16 755.65 -18.61 67 1.34 0
23:17 755.65 -18.67 68 .89 0
23:18 755.65 -18.67 67 1.34 0
23:19 755.65 -18.67 67 1.34 0
23:20 755.65 -18.67 68 .89 0
23:21 755.65 -18.72 67 1.34 0
23:22 755.65 -18.78 67 1.79 0
23:23 755.65 -18.78 68 .89 0
23:24 755.65 -18.78 68 1.34 0
23:25 755.65 -18.72 68 1.34 0
23:26 755.65 -18.67 68 .89 0
23:27 755.65 -18.61 68 1.34 0
23:28 755.65 -18.56 68 1.34 0
23:29 755.65 -18.5 68 .89 0
23:30 755.65 -18.5 68 1.34 0
23:31 755.65 -18.5 68 .89 0
23:32 755.65 -18.5 68 .89 0
23:33 755.65 -18.5 68 .89 0
23:34 755.65 -18.56 68 1.34 0
23:35 755.65 -18.5 68 .89 0
23:36 755.65 -18.5 68 1.34 0
23:37 755.65 -18.5 68 1.34 0
23:38 755.65 -18.5 68 1.34 0
23:39 755.65 -18.5 68 1.34 0
23:40 755.65 -18.44 68 1.34 0
23:41 755.65 -18.5 68 1.34 0
23:42 755.65 -18.44 68 .89 0
23:43 755.65 -18.5 68 .89 0
23:44 755.65 -18.61 67 1.34 0
23:45 755.65 -18.61 67 1.34 0
23:46 755.65 -18.67 68 1.79 0
23:47 755.4 -18.67 68 1.79 0
23:48 755.65 -18.72 68 1.79 0
23:49 755.65 -18.72 68 1.34 0
23:50 755.65 -18.83 68 1.79 0
23:51 755.65 -18.83 68 1.34 0
23:52 755.65 -18.89 68 1.34 0
23:53 755.65 -18.89 68 1.79 0
23:54 755.65 -18.94 68 .89 0
23:55 755.65 -18.94 68 .89 0
23:56 755.65 -18.94 68 1.34 0
23:57 755.65 -18.94 69 1.34 0
23:58 755.65 -18.94 69 1.34 0
23:59 755.65 -18.94 69 1.34 0
