00:00 748.7 2.3 73 5.8 0
00:01 748.7 2.3 73 4.9 0
00:02 748.7 2.3 73 5.4 0
00:03 748.7 2.3 73 4.5 0
00:04 748.7 2.3 73 4.9 0
00:05 748.7 2.4 73 3.6 0
00:06 748.7 2.3 73 5.8 0
00:07 748.7 2.3 73 4.9 0
00:08 748.7 2.3 73 4 0
00:09 748.7 2.3 73 4 0
00:10 748.7 2.3 73 3.6 0
00:11 748.7 2.3 74 4 0
00:12 748.7 2.3 74 4.9 0
00:13 748.7 2.3 74 4.9 0
00:14 748.7 2.3 73 5.8 0
00:15 748.7 2.4 73 4.5 0
00:16 748.7 2.4 73 7.2 0
00:17 748.7 2.4 73 5.4 0
00:18 748.7 2.4 73 4.9 0
00:19 748.7 2.4 73 4.9 0
00:20 748.7 2.4 73 4.9 0
00:21 748.7 2.4 73 4 0
00:22 748.7 2.4 73 3.1 0
00:23 748.7 2.3 74 4.5 0
00:24 748.7 2.3 73 4.5 0
00:25 748.7 2.3 74 4.9 0
00:26 748.7 2.3 74 4.9 0
00:27 748.7 2.3 74 6.3 0
00:28 748.7 2.4 73 5.4 0
00:29 748.7 2.4 73 5.8 0
00:30 748.7 2.4 73 5.4 0
00:31 748.7 2.4 73 4.9 0
00:32 748.7 2.4 73 4.9 0
00:33 748.7 2.4 73 5.4 0
00:34 748.7 2.4 73 6.3 0
00:35 748.7 2.4 73 5.4 0
00:36 748.7 2.4 73 4.9 0
00:37 748.7 2.4 73 5.4 0
00:38 748.7 2.4 73 4 0
00:39 748.7 2.4 73 4.9 0
00:40 748.7 2.4 73 4.5 0
00:41 748.7 2.4 73 3.1 0
00:42 748.7 2.4 73 4 0
00:43 748.7 2.4 73 2.7 0
00:44 748.7 2.4 74 3.1 0
00:45 748.7 2.4 74 2.7 0
00:46 748.7 2.4 74 5.4 0
00:47 748.7 2.4 73 5.4 0
00:48 748.7 2.4 73 4.9 0
00:49 748.7 2.4 73 3.1 0
00:50 748.7 2.4 73 4.9 0
00:51 748.7 2.4 73 3.1 0
00:52 748.7 2.4 73 2.7 0
00:53 748.7 2.4 73 3.1 0
00:54 748.7 2.4 73 4 0
00:55 748.7 2.4 73 3.6 0
00:56 748.7 2.4 73 4.9 0
00:57 748.7 2.4 73 4.9 0
00:58 748.7 2.4 73 5.4 0
00:59 748.7 2.4 73 4.5 0
01:00 748.7 2.4 73 4.5 0
01:01 748.7 2.4 73 5.8 0
01:02 748.7 2.4 73 4 0
01:03 748.7 2.4 73 4.5 0
01:04 748.7 2.4 73 5.4 0
01:05 748.7 2.4 73 4.5 0
01:06 748.7 2.4 73 4 0
01:07 748.7 2.4 73 4 0
01:08 748.7 2.4 73 5.4 0
01:09 748.7 2.4 73 4.9 0
01:10 748.7 2.4 73 4.9 0
01:11 748.7 2.4 73 3.1 0
01:12 748.7 2.4 73 5.4 0
01:13 748.7 2.4 73 4.9 0
01:14 748.7 2.4 73 4.9 0
01:15 748.6 2.4 73 4.9 0
01:16 748.6 2.4 73 4 0
01:17 748.6 2.4 73 3.1 0
01:18 748.6 2.4 73 4.9 0
01:19 748.6 2.4 73 3.6 0
01:20 748.6 2.4 73 3.1 0
01:21 748.6 2.4 73 2.7 0
01:22 748.6 2.4 74 1.8 0
01:23 748.6 2.4 73 4.9 0
01:24 748.6 2.4 73 4 0
01:25 748.6 2.4 73 4.5 0
01:26 748.6 2.4 73 5.4 0
01:27 748.6 2.6 73 4.9 0
01:28 748.6 2.6 73 4 0
01:29 748.6 2.6 73 3.1 0
01:30 748.6 2.6 73 4 0
01:31 748.6 2.6 73 5.4 0
01:32 748.6 2.6 73 4.5 0
01:33 748.6 2.6 73 4.5 0
01:34 748.6 2.6 73 5.4 0
01:35 748.6 2.6 73 4.9 0
01:36 748.6 2.6 73 4.9 0
01:37 748.6 2.6 73 3.6 0
01:38 748.6 2.6 74 4 0
01:39 748.6 2.6 74 4.9 0
01:40 748.6 2.6 73 4.5 0
01:41 748.6 2.6 73 4.5 0
01:42 748.6 2.6 74 3.6 0
01:43 748.6 2.6 74 4.5 0
01:44 748.6 2.6 74 4.5 0
01:45 748.5 2.6 74 4 0
01:46 748.5 2.6 74 7.2 0
01:47 748.5 2.6 74 4.9 0
01:48 748.5 2.6 74 4.5 0
01:49 748.5 2.6 74 7.6 0
01:50 748.5 2.6 74 6.3 0
01:51 748.5 2.6 74 5.4 0
01:52 748.5 2.6 74 4.9 0
01:53 748.5 2.6 74 4.9 0
01:54 748.5 2.6 74 4.9 0
01:55 748.5 2.6 74 6.7 0
01:56 748.5 2.6 74 4.9 0
01:57 748.5 2.6 74 7.2 0
01:58 748.5 2.6 74 6.7 0
01:59 748.5 2.6 74 4.5 0
02:00 748.4 2.6 74 6.3 0
02:01 748.4 2.6 74 4.5 0
02:02 748.4 2.6 74 5.4 0
02:03 748.4 2.6 74 6.3 0
02:04 748.4 2.6 74 5.4 0
02:05 748.4 2.6 74 6.3 0
02:06 748.4 2.6 74 4.5 0
02:07 748.4 2.6 74 4 0
02:08 748.4 2.6 74 5.4 0
02:09 748.4 2.6 74 2.7 0
02:10 748.4 2.6 74 5.4 0
02:11 748.4 2.6 74 4.9 0
02:12 748.4 2.6 74 5.4 0
02:13 748.4 2.6 74 4 0
02:14 748.4 2.6 74 4 0
02:15 748.4 2.6 74 3.1 0
02:16 748.4 2.6 74 4.9 0
02:17 748.4 2.6 74 6.3 0
02:18 748.4 2.6 74 7.2 0
02:19 748.4 2.6 74 4.9 0
02:20 748.4 2.6 74 3.6 0
02:21 748.4 2.6 74 3.6 0
02:22 748.4 2.6 75 3.1 0
02:23 748.4 2.6 75 4.5 0
02:24 748.4 2.6 75 3.6 0
02:25 748.4 2.6 75 5.4 0
02:26 748.4 2.6 75 4 0
02:27 748.4 2.6 75 4 0
02:28 748.4 2.6 75 4 0
02:29 748.4 2.6 75 4.9 0
02:30 748.5 2.6 75 4 0
02:31 748.5 2.6 75 6.3 0
02:32 748.5 2.6 75 4.9 0
02:33 748.5 2.6 75 2.7 0
02:34 748.5 2.6 75 3.6 0
02:35 748.5 2.6 75 4.9 0
02:36 748.5 2.6 75 4.5 0
02:37 748.5 2.6 75 5.8 0
02:38 748.5 2.6 75 3.6 0
02:39 748.5 2.4 76 4.9 0
02:40 748.5 2.4 76 3.6 0
02:41 748.5 2.4 76 3.6 0
02:42 748.5 2.4 76 5.4 0
02:43 748.5 2.4 76 5.4 0
02:44 748.5 2.4 76 5.8 0
02:45 748.4 2.4 76 4 0
02:46 748.4 2.4 75 5.8 0
02:47 748.4 2.6 75 4 0
02:48 748.4 2.6 76 4.5 0
02:49 748.4 2.4 76 4.9 0
02:50 748.4 2.4 76 1.8 0
02:51 748.4 2.4 76 3.6 0
02:52 748.4 2.4 76 3.1 0
02:53 748.4 2.4 76 4.9 0
02:54 748.4 2.4 76 5.8 0
02:55 748.4 2.4 76 2.7 0
02:56 748.4 2.4 76 4 0
02:57 748.4 2.4 76 4.9 0
02:58 748.4 2.4 76 5.4 0
02:59 748.4 2.4 76 3.1 0
03:00 748.4 2.6 76 4 0
03:01 748.4 2.6 76 5.8 0
03:02 748.4 2.6 76 3.6 0
03:03 748.4 2.6 76 4 0
03:04 748.4 2.6 76 4 0
03:05 748.4 2.6 76 5.8 0
03:06 748.4 2.6 76 5.4 0
03:07 748.4 2.6 76 4.5 0
03:08 748.4 2.6 76 2.7 0
03:09 748.4 2.6 76 3.1 0
03:10 748.4 2.6 76 3.1 0
03:11 748.4 2.6 76 4.5 0
03:12 748.4 2.6 76 5.4 0
03:13 748.4 2.6 76 3.6 0
03:14 748.4 2.4 76 2.2 0
03:15 748.3 2.4 76 4.5 0
03:16 748.3 2.4 76 3.1 0
03:17 748.3 2.4 77 3.1 0
03:18 748.3 2.4 77 4.9 0
03:19 748.3 2.4 77 4.5 0
03:20 748.3 2.4 77 4.5 0
03:21 748.3 2.4 77 5.4 0
03:22 748.3 2.4 77 5.4 0
03:23 748.3 2.4 77 5.4 0
03:24 748.3 2.4 77 4 0
03:25 748.3 2.4 77 3.6 0
03:26 748.3 2.4 77 3.6 0
03:27 748.3 2.4 77 3.1 0
03:28 748.3 2.4 78 4.9 0
03:29 748.3 2.4 78 5.4 0
03:30 748.3 2.4 77 4.5 0
03:31 748.3 2.4 78 4.5 0
03:32 748.3 2.4 78 3.6 0
03:33 748.3 2.4 78 3.6 0
03:34 748.3 2.4 78 4.5 0
03:35 748.3 2.4 78 3.6 0
03:36 748.3 2.4 78 4 0
03:37 748.3 2.4 78 3.1 0
03:38 748.3 2.4 78 3.6 0
03:39 748.3 2.4 78 4.9 0
03:40 748.3 2.4 78 3.1 0
03:41 748.3 2.4 78 3.1 0
03:42 748.3 2.4 78 5.8 0
03:43 748.3 2.4 78 4.9 0
03:44 748.3 2.4 78 4.5 0
03:45 748.3 2.3 79 5.4 0
03:46 748.3 2.3 79 4 0
03:47 748.3 2.3 79 4.9 0
03:48 748.3 2.3 79 5.8 0
03:49 748.3 2.3 79 4 0
03:50 748.3 2.3 79 4 0
03:51 748.3 2.3 79 4 0
03:52 748.3 2.3 79 4 0
03:53 748.3 2.3 79 3.1 0
03:54 748.3 2.3 79 3.6 0
03:55 748.3 2.3 79 4.9 0
03:56 748.3 2.3 79 4.5 0
03:57 748.3 2.3 80 4 0
03:58 748.3 2.3 80 3.6 0
03:59 748.3 2.2 80 3.6 0
04:00 748.3 2.2 80 2.7 0
04:01 748.3 2.2 80 3.6 0
04:02 748.3 2.2 80 4.5 0
04:03 748.3 2.2 80 4.5 0
04:04 748.3 2.2 80 2.7 0
04:05 748.3 2.2 80 3.1 0
04:06 748.3 2.2 81 4.5 0
04:07 748.3 2.2 81 4.5 0
04:08 748.3 2.2 81 4.9 0
04:09 748.3 2.2 81 5.8 0
04:10 748.3 2.2 81 3.6 0
04:11 748.3 2.2 82 3.1 0
04:12 748.3 2.1 82 2.7 0
04:13 748.3 2.1 82 3.1 0
04:14 748.3 2.1 82 3.6 0
04:15 748.3 2.1 82 2.7 0
04:16 748.3 2 82 3.6 0
04:17 748.3 2 82 2.2 0
04:18 748.3 2 83 4.9 0
04:19 748.3 2 83 4.5 0
04:20 748.3 2 83 4.5 0
04:21 748.3 2 83 3.6 0
04:22 748.3 2 83 4.9 0
04:23 748.3 1.9 83 4.9 0
04:24 748.3 1.9 83 4 0
04:25 748.3 1.9 84 2.7 0
04:26 748.3 1.9 84 4 0
04:27 748.3 1.9 84 3.1 0
04:28 748.3 1.9 84 3.6 0
04:29 748.3 1.9 84 3.1 0
04:30 748.3 1.9 84 2.2 0
04:31 748.3 1.9 84 3.1 0
04:32 748.3 1.9 84 2.7 0
04:33 748.3 1.9 84 2.7 0
04:34 748.3 1.9 85 3.1 0
04:35 748.3 1.9 85 2.7 0
04:36 748.3 1.8 85 4 0
04:37 748.3 1.8 85 1.8 0
04:38 748.3 1.8 85 4.5 0
04:39 748.3 1.9 85 3.1 0
04:40 748.3 1.9 85 3.6 0
04:41 748.3 1.9 85 4.5 0
04:42 748.3 1.9 85 2.7 0
04:43 748.3 1.9 85 3.1 0
04:44 748.3 1.9 85 3.6 0
04:45 748.3 1.9 85 2.7 0
04:46 748.3 1.9 85 3.6 0
04:47 748.3 1.9 85 2.7 0
04:48 748.3 1.9 85 2.2 0
04:49 748.3 1.9 85 3.1 0
04:50 748.3 1.9 85 2.2 0
04:51 748.3 1.9 85 3.1 0
04:52 748.3 1.9 85 2.7 0
04:53 748.3 1.9 85 3.6 0
04:54 748.3 1.9 85 3.6 0
04:55 748.3 1.9 85 3.6 0
04:56 748.3 1.9 85 4 0
04:57 748.3 1.9 85 3.6 0
04:58 748.3 1.9 85 3.6 0
04:59 748.3 1.9 85 3.1 0
05:00 748.3 1.9 85 2.7 0
05:01 748.3 1.9 85 2.7 0
05:02 748.3 1.9 85 3.1 0
05:03 748.3 1.9 85 3.1 0
05:04 748.3 1.9 85 2.2 0
05:05 748.3 1.9 85 2.7 0
05:06 748.3 1.9 85 2.2 0
05:07 748.3 1.9 85 2.7 0
05:08 748.3 1.9 85 2.2 0
05:09 748.3 1.9 85 2.2 0
05:10 748.3 1.9 85 4 0
05:11 748.3 2 85 2.2 0
05:12 748.3 2 85 3.1 0
05:13 748.3 2 85 3.6 0
05:14 748.3 2 85 3.6 0
05:15 748.3 2 85 4 0
05:16 748.3 2 85 4.5 0
05:17 748.3 2 85 4 0
05:18 748.3 2 84 2.7 0
05:19 748.3 2 84 2.7 0
05:20 748.3 2 84 2.7 0
05:21 748.3 2 84 2.7 0
05:22 748.3 2 84 3.6 0
05:23 748.3 2 84 3.1 0
05:24 748.3 2 84 2.7 0
05:25 748.3 2.1 84 1.8 0
05:26 748.3 2.1 84 3.1 0
05:27 748.3 2.1 84 2.7 0
05:28 748.3 2.1 84 2.7 0
05:29 748.3 2.1 84 2.2 0
05:30 748.3 2.1 84 1.8 0
05:31 748.3 2.1 84 2.2 0
05:32 748.3 2.1 84 3.1 0
05:33 748.3 2.1 84 2.2 0
05:34 748.3 2.1 84 1.3 0
05:35 748.3 2.1 84 2.2 0
05:36 748.3 2.1 84 2.2 0
05:37 748.3 2.1 84 3.1 0
05:38 748.3 2.1 84 2.2 0
05:39 748.3 2.1 84 3.6 0
05:40 748.3 2.2 84 2.7 0
05:41 748.3 2.2 84 1.8 0
05:42 748.3 2.2 84 1.8 0
05:43 748.3 2.2 84 2.7 0
05:44 748.3 2.2 84 2.7 0
05:45 748.3 2.2 84 1.8 0
05:46 748.3 2.2 84 2.2 0
05:47 748.3 2.2 84 1.3 0
05:48 748.3 2.2 84 2.2 0
05:49 748.3 2.2 84 1.8 0
05:50 748.3 2.2 84 1.8 0
05:51 748.3 2.2 84 2.2 0
05:52 748.3 2.2 84 3.1 0
05:53 748.3 2.2 84 1.8 0
05:54 748.3 2.2 84 1.8 0
05:55 748.3 2.2 84 2.2 0
05:56 748.3 2.2 84 2.7 0
05:57 748.3 2.2 84 3.1 0
05:58 748.3 2.2 84 2.2 0
05:59 748.3 2.2 84 2.2 0
06:00 748.3 2.2 84 2.7 0
06:01 748.3 2.2 84 2.7 0
06:02 748.3 2.2 84 3.1 0
06:03 748.3 2.2 84 2.7 0
06:04 748.3 2.2 84 1.3 0
06:05 748.3 2.2 84 2.7 0
06:06 748.3 2.2 84 4.9 0
06:07 748.3 2.2 83 3.1 0
06:08 748.3 2.2 83 3.1 0
06:09 748.3 2.2 83 4.9 0
06:10 748.3 2.2 83 5.8 0
06:11 748.3 2.2 83 3.6 0
06:12 748.3 2.2 83 4 0
06:13 748.3 2.2 83 3.1 0
06:14 748.3 2.2 83 3.1 0
06:15 748.3 2.2 83 3.1 0
06:16 748.3 2.2 83 4 0
06:17 748.3 2.2 83 3.6 0
06:18 748.3 2.2 83 4 0
06:19 748.3 2.2 83 3.1 0
06:20 748.3 2.2 83 2.7 0
06:21 748.3 2.2 83 2.2 0
06:22 748.3 2.2 83 1.8 0
06:23 748.3 2.2 83 2.2 0
06:24 748.3 2.2 84 2.2 0
06:25 748.3 2.2 84 2.2 0
06:26 748.3 2.2 84 2.2 0
06:27 748.3 2.2 84 1.3 0
06:28 748.3 2.2 84 1.8 0
06:29 748.3 2.2 84 2.2 0
06:30 748.3 2.2 84 3.1 0
06:31 748.3 2.2 84 1.8 0
06:32 748.3 2.2 84 3.6 0
06:33 748.3 2.2 83 4.5 0
06:34 748.3 2.2 83 2.7 0
06:35 748.3 2.2 83 2.2 0
06:36 748.3 2.2 84 2.7 0
06:37 748.3 2.2 84 1.8 0
06:38 748.3 2.2 84 3.1 0
06:39 748.3 2.2 84 2.7 0
06:40 748.3 2.2 84 3.1 0
06:41 748.3 2.2 84 3.6 0
06:42 748.3 2.2 83 2.7 0
06:43 748.3 2.2 83 2.7 0
06:44 748.3 2.2 83 2.7 0
06:45 748.3 2.2 83 3.1 0
06:46 748.3 2.2 83 3.6 0
06:47 748.3 2.2 83 2.2 0
06:48 748.3 2.2 83 2.7 0
06:49 748.3 2.2 83 2.7 0
06:50 748.3 2.2 83 2.2 0
06:51 748.3 2.2 83 1.8 0
06:52 748.3 2.2 83 2.7 0
06:53 748.3 2.2 83 4 0
06:54 748.3 2.2 83 4 0
06:55 748.3 2.2 83 3.6 0
06:56 748.3 2.2 83 3.6 0
06:57 748.3 2.2 83 2.7 0
06:58 748.3 2.2 83 3.6 0
06:59 748.3 2.2 83 4 0
07:00 748.3 2.2 83 3.6 0
07:01 748.3 2.2 83 3.6 0
07:02 748.3 2.2 83 3.1 0
07:03 748.3 2.2 83 2.7 0
07:04 748.3 2.2 83 2.7 0
07:05 748.3 2.2 83 3.6 0
07:06 748.3 2.2 83 1.8 0
07:07 748.3 2.2 83 2.7 0
07:08 748.3 2.2 83 4 0
07:09 748.3 2.2 83 3.1 0
07:10 748.3 2.2 83 2.7 0
07:11 748.3 2.2 83 2.2 0
07:12 748.3 2.2 83 3.6 0
07:13 748.3 2.2 83 3.6 0
07:14 748.3 2.2 83 4 0
07:15 748.4 2.2 83 4 0
07:16 748.4 2.2 83 4.9 0
07:17 748.4 2.2 83 4 0
07:18 748.4 2.2 83 4.5 0
07:19 748.4 2.2 83 4 0
07:20 748.4 2.2 83 3.1 0
07:21 748.4 2.2 83 3.1 0
07:22 748.4 2.2 83 2.2 0
07:23 748.4 2.2 83 2.7 0
07:24 748.4 2.2 83 4 0
07:25 748.4 2.2 83 3.1 0
07:26 748.4 2.2 83 2.7 0
07:27 748.4 2.2 83 3.6 0
07:28 748.4 2.2 83 2.7 0
07:29 748.4 2.2 83 3.6 0
07:30 748.5 2.2 83 3.1 0
07:31 748.5 2.2 83 3.6 0
07:32 748.5 2.2 83 3.1 0
07:33 748.5 2.2 83 4 0
07:34 748.5 2.2 83 4.5 0
07:35 748.5 2.2 83 4.5 0
07:36 748.5 2.2 83 4.5 0
07:37 748.5 2.2 83 4 0
07:38 748.5 2.2 83 3.6 0
07:39 748.5 2.2 83 4.5 0
07:40 748.5 2.2 83 4.5 0
07:41 748.5 2.2 83 4 0
07:42 748.5 2.2 83 3.6 0
07:43 748.5 2.2 83 4 0
07:44 748.5 2.2 83 3.6 0
07:45 748.6 2.2 83 2.2 0
07:46 748.6 2.2 83 4.5 0
07:47 748.6 2.2 83 4 0
07:48 748.6 2.2 83 4.5 0
07:49 748.6 2.2 83 3.6 0
07:50 748.6 2.2 83 3.1 0
07:51 748.6 2.2 83 4 0
07:52 748.6 2.2 83 3.6 0
07:53 748.6 2.2 83 2.7 0
07:54 748.6 2.2 83 2.2 0
07:55 748.6 2.2 83 2.2 0
07:56 748.6 2.2 83 1.3 0
07:57 748.6 2.2 83 1.8 0
07:58 748.6 2.2 83 2.2 0
07:59 748.6 2.2 83 2.2 0
08:00 748.7 2.2 83 4 0
08:01 748.7 2.2 83 4.9 0
08:02 748.7 2.2 83 3.1 0
08:03 748.7 2.2 83 4.9 0
08:04 748.7 2.2 83 3.1 0
08:05 748.7 2.2 83 2.2 0
08:06 748.7 2.2 83 2.2 0
08:07 748.7 2.2 83 3.1 0
08:08 748.7 2.2 83 2.7 0
08:09 748.7 2.2 83 2.2 0
08:10 748.7 2.2 83 2.2 0
08:11 748.7 2.2 83 3.1 0
08:12 748.7 2.2 83 4.9 0
08:13 748.7 2.2 83 4 0
08:14 748.7 2.2 83 3.1 0
08:15 748.7 2.2 83 2.7 0
08:16 748.7 2.2 83 3.6 0
08:17 748.7 2.2 83 3.1 0
08:18 748.7 2.2 83 2.2 0
08:19 748.7 2.2 83 2.2 0
08:20 748.7 2.2 83 1.8 0
08:21 748.7 2.2 83 3.1 0
08:22 748.7 2.2 83 4 0
08:23 748.7 2.2 83 3.1 0
08:24 748.7 2.2 83 3.1 0
08:25 748.7 2.2 83 2.2 0
08:26 748.7 2.2 83 4 0
08:27 748.7 2.2 83 3.1 0
08:28 748.7 2.2 83 4.5 0
08:29 748.7 2.2 83 4.5 0
08:30 748.8 2.2 83 3.6 0
08:31 748.8 2.2 83 3.6 0
08:32 748.8 2.2 83 3.1 0
08:33 748.8 2.2 83 3.6 0
08:34 748.8 2.2 83 3.1 0
08:35 748.8 2.2 83 4 0
08:36 748.8 2.2 83 3.1 0
08:37 748.8 2.2 83 4 0
08:38 748.8 2.2 83 2.7 0
08:39 748.8 2.2 83 3.6 0
08:40 748.8 2.2 83 3.1 0
08:41 748.8 2.2 83 3.1 0
08:42 748.8 2.2 83 3.6 0
08:43 748.8 2.2 83 2.7 0
08:44 748.8 2.2 83 2.7 0
08:45 748.8 2.2 83 2.7 0
08:46 748.8 2.2 83 3.6 0
08:47 748.8 2.2 83 2.2 0
08:48 748.8 2.2 83 3.1 0
08:49 748.8 2.2 83 3.6 0
08:50 748.8 2.2 83 2.7 0
08:51 748.8 2.2 83 4 0
08:52 748.8 2.2 83 4.9 0
08:53 748.8 2.2 83 3.6 0
08:54 748.8 2.2 83 3.6 0
08:55 748.8 2.2 83 3.6 0
08:56 748.8 2.2 83 4 0
08:57 748.8 2.2 82 3.6 0
08:58 748.8 2.2 82 3.1 0
08:59 748.8 2.2 82 2.7 0
09:00 748.9 2.2 82 3.6 0
09:01 748.9 2.2 82 4.9 0
09:02 748.9 2.2 82 4.5 0
09:03 748.9 2.2 82 3.6 0
09:04 748.9 2.2 82 2.7 0
09:05 748.9 2.2 82 2.7 0
09:06 748.9 2.2 82 2.2 0
09:07 748.9 2.3 82 1.3 0
09:08 748.9 2.3 82 2.7 0
09:09 748.9 2.3 82 2.2 0
09:10 748.9 2.3 82 3.6 0
09:11 748.9 2.3 82 3.1 0
09:12 748.9 2.3 82 3.6 0
09:13 748.9 2.3 82 2.7 0
09:14 748.9 2.3 82 2.2 0
09:15 748.9 2.3 82 4 0
09:16 748.9 2.3 82 2.7 0
09:17 748.9 2.3 82 2.2 0
09:18 748.9 2.3 82 .9 0
09:19 748.9 2.3 82 1.8 0
09:20 748.9 2.3 82 1.8 0
09:21 748.9 2.3 82 1.3 0
09:22 748.9 2.3 82 2.2 0
09:23 748.9 2.3 82 1.8 0
09:24 748.9 2.3 82 1.3 0
09:25 748.9 2.3 82 1.8 0
09:26 748.9 2.3 82 1.8 0
09:27 748.9 2.3 82 1.8 0
09:28 748.9 2.3 82 1.3 0
09:29 748.9 2.3 82 2.2 0
09:30 749 2.3 82 1.8 0
09:31 749 2.3 82 2.2 0
09:32 749 2.3 82 2.2 0
09:33 749 2.3 82 .9 0
09:34 749 2.3 82 .9 0
09:35 749 2.3 82 1.8 0
09:36 749 2.3 82 .9 0
09:37 749 2.3 82 .9 0
09:38 749 2.4 83 1.8 0
09:39 749 2.4 82 2.2 0
09:40 749 2.4 82 2.2 0
09:41 749 2.4 82 2.7 0
09:42 749 2.4 82 2.2 0
09:43 749 2.4 82 1.8 0
09:44 749 2.4 82 2.2 0
09:45 749.1 2.4 82 2.7 0
09:46 749.1 2.4 82 1.8 0
09:47 749.1 2.4 82 .9 0
09:48 749.1 2.4 82 1.8 0
09:49 749.1 2.4 82 2.2 0
09:50 749.1 2.4 82 1.8 0
09:51 749.1 2.4 82 2.2 0
09:52 749.1 2.4 82 1.8 0
09:53 749.1 2.4 82 2.2 0
09:54 749.1 2.4 82 1.8 0
09:55 749.1 2.4 82 1.8 0
09:56 749.1 2.4 82 2.2 0
09:57 749.1 2.4 82 1.8 0
09:58 749.1 2.4 82 2.7 0
09:59 749.1 2.4 82 1.8 0
10:00 749.1 2.4 82 1.8 0
10:01 749.1 2.4 82 1.8 0
10:02 749.1 2.4 82 1.8 0
10:03 749.1 2.4 82 1.8 0
10:04 749.1 2.4 82 1.3 0
10:05 749.1 2.4 82 2.2 0
10:06 749.1 2.6 82 2.2 0
10:07 749.1 2.6 82 2.2 0
10:08 749.1 2.6 82 1.8 0
10:09 749.1 2.6 82 1.8 0
10:10 749.1 2.6 82 1.8 0
10:11 749.1 2.6 82 2.2 0
10:12 749.1 2.6 82 1.8 0
10:13 749.1 2.6 82 1.8 0
10:14 749.1 2.6 82 2.2 0
10:15 749.1 2.6 82 1.8 0
10:16 749.1 2.6 82 1.8 0
10:17 749.1 2.6 82 1.8 0
10:18 749.1 2.6 82 2.2 0
10:19 749.1 2.6 82 3.6 0
10:20 749.1 2.6 82 4 0
10:21 749.1 2.6 81 3.6 0
10:22 749.1 2.6 81 3.1 0
10:23 749.1 2.6 81 2.7 0
10:24 749.1 2.6 81 4.5 0
10:25 749.1 2.6 81 3.1 0
10:26 749.1 2.6 81 3.6 0
10:27 749.1 2.6 81 4 0
10:28 749.1 2.6 81 2.7 0
10:29 749.1 2.6 81 4 0
10:30 749.2 2.6 81 3.1 0
10:31 749.2 2.6 81 3.6 0
10:32 749.2 2.6 81 2.7 0
10:33 749.2 2.6 81 1.8 0
10:34 749.2 2.6 81 2.2 0
10:35 749.2 2.6 81 4.5 0
10:36 749.2 2.6 81 2.7 0
10:37 749.2 2.6 81 4 0
10:38 749.2 2.6 81 2.2 0
10:39 749.2 2.6 81 2.2 0
10:40 749.2 2.6 81 2.2 0
10:41 749.2 2.6 81 3.1 0
10:42 749.2 2.6 81 1.3 0
10:43 749.2 2.6 81 2.2 0
10:44 749.2 2.6 81 2.2 0
10:45 749.2 2.6 80 3.6 0
10:46 749.2 2.6 80 4 0
10:47 749.2 2.6 80 3.1 0
10:48 749.2 2.6 80 2.7 0
10:49 749.2 2.6 80 2.7 0
10:50 749.2 2.6 80 1.8 0
10:51 749.2 2.6 80 2.2 0
10:52 749.2 2.6 80 2.7 0
10:53 749.2 2.6 80 1.3 0
10:54 749.2 2.6 80 1.3 0
10:55 749.2 2.6 80 1.3 0
10:56 749.2 2.6 80 2.7 0
10:57 749.2 2.6 80 3.6 0
10:58 749.2 2.6 80 2.7 0
10:59 749.2 2.6 80 2.7 0
11:00 749.2 2.6 80 2.7 0
11:01 749.2 2.6 80 3.1 0
11:02 749.2 2.6 79 2.7 0
11:03 749.2 2.6 79 3.1 0
11:04 749.2 2.6 79 1.8 0
11:05 749.2 2.6 79 1.3 0
11:06 749.2 2.6 79 1.8 0
11:07 749.2 2.6 80 1.8 0
11:08 749.2 2.6 80 1.3 0
11:09 749.2 2.6 80 2.2 0
11:10 749.2 2.6 80 2.2 0
11:11 749.2 2.6 80 2.7 0
11:12 749.2 2.6 80 1.8 0
11:13 749.2 2.6 80 1.3 0
11:14 749.2 2.6 80 2.2 0
11:15 749.2 2.6 80 1.8 0
11:16 749.2 2.6 80 2.7 0
11:17 749.2 2.6 80 1.8 0
11:18 749.2 2.6 80 .9 0
11:19 749.2 2.6 80 .4 0
11:20 749.2 2.6 80 .9 0
11:21 749.2 2.6 80 .9 0
11:22 749.2 2.6 80 1.8 0
11:23 749.2 2.6 81 2.2 0
11:24 749.2 2.6 80 2.2 0
11:25 749.2 2.6 81 2.2 0
11:26 749.2 2.6 80 2.2 0
11:27 749.2 2.6 81 1.8 0
11:28 749.2 2.6 80 2.7 0
11:29 749.2 2.6 80 1.8 0
11:30 749.2 2.6 80 1.8 0
11:31 749.2 2.6 80 3.1 0
11:32 749.2 2.6 83 2.7 0
11:33 749.2 2.6 80 2.2 0
11:34 749.2 2.6 80 2.2 0
11:35 749.2 2.6 80 2.7 0
11:36 749.2 2.6 80 1.8 0
11:37 749.2 2.6 80 2.2 0
11:38 749.2 2.6 80 1.8 0
11:39 749.2 2.6 80 2.2 0
11:40 749.2 2.6 80 2.7 0
11:41 749.2 2.6 80 1.8 0
11:42 749.2 2.6 80 1.8 0
11:43 749.2 2.6 80 1.8 0
11:44 749.2 2.6 80 1.3 0
11:45 749.2 2.6 80 1.8 0
11:46 749.2 2.6 80 1.8 0
11:47 749.2 2.6 80 1.8 0
11:48 749.2 2.6 80 2.2 0
11:49 749.2 2.6 80 1.3 0
11:50 749.2 2.6 80 1.8 0
11:51 749.2 2.6 80 2.2 0
11:52 749.2 2.6 80 2.7 0
11:53 749.2 2.6 80 1.8 0
11:54 749.2 2.6 80 2.2 0
11:55 749.2 2.6 80 1.8 0
11:56 749.2 2.6 79 3.1 0
11:57 749.2 2.6 79 3.1 0
11:58 749.2 2.6 79 3.1 0
11:59 749.2 2.6 79 2.7 0
12:00 749.1 2.6 79 2.2 0
12:01 749.1 2.6 79 1.8 0
12:02 749.1 2.6 79 1.8 0
12:03 749.1 2.6 79 2.2 0
12:04 749.1 2.6 79 1.8 0
12:05 749.1 2.6 79 2.7 0
12:06 749.1 2.6 79 2.7 0
12:07 749.1 2.6 79 2.2 0
12:08 749.1 2.6 79 3.1 0
12:09 749.1 2.6 78 3.6 0
12:10 749.1 2.6 78 2.7 0
12:11 749.1 2.6 78 2.7 0
12:12 749.1 2.6 78 2.2 0
12:13 749.1 2.7 78 2.7 0
12:14 749.1 2.7 78 3.1 0
12:15 749.1 2.7 78 3.6 0
12:16 749.1 2.7 78 3.6 0
12:17 749.1 2.7 77 4 0
12:18 749.1 2.7 76 2.2 0
12:19 749.1 2.7 76 2.7 0
12:20 749.1 2.7 76 2.2 0
12:21 749.1 2.7 76 4 0
12:22 749.1 2.7 75 2.7 0
12:23 749.1 2.7 75 4.5 0
12:24 749.1 2.7 73 4.5 0
12:25 749.1 2.7 73 2.2 0
12:26 749.1 2.8 73 3.1 0
12:27 749.1 2.8 73 2.2 0
12:28 749.1 2.8 73 2.2 0
12:29 749.1 2.8 73 2.2 0
12:30 749.1 2.8 73 2.7 0
12:31 749.1 2.8 73 2.2 0
12:32 749.1 2.8 73 1.8 0
12:33 749.1 2.8 75 2.2 0
12:34 749.1 2.8 73 2.7 0
12:35 749.1 2.8 72 2.7 0
12:36 749.1 2.7 71 4.5 0
12:37 749.1 2.7 70 4.5 0
12:38 749.1 2.7 70 4.5 0
12:39 749.1 2.7 70 4 0
12:40 749.1 2.7 70 4.5 0
12:41 749.1 2.7 70 3.1 0
12:42 749.1 2.7 70 3.1 0
12:43 749.1 2.7 70 1.8 0
12:44 749.1 2.7 70 2.7 0
12:45 749.1 2.7 70 2.7 0
12:46 749.1 2.7 70 2.7 0
12:47 749.1 2.6 69 5.8 0
12:48 749.1 2.6 69 3.1 0
12:49 749.1 2.6 68 4.5 0
12:50 749.1 2.6 68 3.6 0
12:51 749.1 2.6 68 3.6 0
12:52 749.1 2.6 68 4.5 0
12:53 749.1 2.6 67 4.5 0
12:54 749.1 2.6 67 4.9 0
12:55 749.1 2.6 67 3.6 0
12:56 749.1 2.6 67 2.7 0
12:57 749.1 2.6 68 3.1 0
12:58 749.1 2.6 67 2.7 0
12:59 749.1 2.6 67 3.6 0
13:00 749.1 2.6 67 3.1 0
13:01 749.1 2.6 66 4.9 0
13:02 749.1 2.6 65 4.5 0
13:03 749.1 2.6 66 4 0
13:04 749.1 2.6 66 3.1 0
13:05 749.1 2.6 65 4 0
13:06 749.1 2.6 65 4 0
13:07 749.1 2.6 65 4.9 0
13:08 749.1 2.6 64 6.3 0
13:09 749.1 2.6 64 4.9 0
13:10 749.1 2.6 64 4.5 0
13:11 749.1 2.6 64 4 0
13:12 749.1 2.6 64 4 0
13:13 749.1 2.6 65 3.6 0
13:14 749.1 2.6 64 4 0
13:15 749 2.6 65 5.4 0
13:16 749 2.6 65 4.5 0
13:17 749 2.6 66 2.7 0
13:18 749 2.6 66 3.1 0
13:19 749 2.6 65 4.9 0
13:20 749 2.6 64 3.6 0
13:21 749 2.6 65 3.1 0
13:22 749 2.6 64 4 0
13:23 749 2.6 64 4 0
13:24 749 2.6 64 3.6 0
13:25 749 2.6 64 2.7 0
13:26 749 2.6 64 3.6 0
13:27 749 2.6 64 4.9 0
13:28 749 2.6 64 4.9 0
13:29 749 2.6 64 2.2 0
13:30 748.9 2.6 64 3.1 0
13:31 748.9 2.6 64 4 0
13:32 748.9 2.6 65 3.6 0
13:33 748.9 2.6 65 1.8 0
13:34 748.9 2.6 65 3.1 0
13:35 748.9 2.6 64 4 0
13:36 748.9 2.6 64 4 0
13:37 748.9 2.6 65 2.7 0
13:38 748.9 2.6 65 1.8 0
13:39 748.9 2.6 65 2.2 0
13:40 748.9 2.6 66 2.2 0
13:41 748.9 2.6 65 4.9 0
13:42 748.9 2.6 66 3.1 0
13:43 748.9 2.6 66 3.1 0
13:44 748.9 2.6 66 2.7 0
13:45 748.8 2.6 66 2.7 0
13:46 748.8 2.6 66 2.7 0
13:47 748.8 2.6 66 3.6 0
13:48 748.8 2.6 66 2.7 0
13:49 748.8 2.6 66 2.7 0
13:50 748.8 2.6 66 4.9 0
13:51 748.8 2.6 66 3.6 0
13:52 748.8 2.6 65 3.1 0
13:53 748.8 2.6 66 2.7 0
13:54 748.8 2.6 66 2.7 0
13:55 748.8 2.6 66 3.1 0
13:56 748.8 2.6 66 1.3 0
13:57 748.8 2.6 66 3.6 0
13:58 748.8 2.6 65 2.7 0
13:59 748.8 2.6 65 4.5 0
14:00 748.8 2.6 64 4 0
14:01 748.8 2.6 64 4.5 0
14:02 748.8 2.6 64 5.8 0
14:03 748.8 2.6 64 4.5 0
14:04 748.8 2.6 64 3.1 0
14:05 748.8 2.6 64 3.6 0
14:06 748.8 2.6 63 4.9 0
14:07 748.8 2.6 63 3.6 0
14:08 748.8 2.6 63 4.5 0
14:09 748.8 2.6 63 4.5 0
14:10 748.8 2.6 63 5.4 0
14:11 748.8 2.6 63 4.9 0
14:12 748.8 2.6 63 4.5 0
14:13 748.8 2.6 63 4 0
14:14 748.8 2.6 63 3.6 0
14:15 748.7 2.6 64 4.9 0
14:16 748.7 2.6 60 4 0
14:17 748.7 2.6 64 3.6 0
14:18 748.7 2.6 64 4 0
14:19 748.7 2.6 64 3.1 0
14:20 748.7 2.6 64 1.8 0
14:21 748.7 2.6 64 4.5 0
14:22 748.7 2.6 64 4.9 0
14:23 748.7 2.6 64 4.5 0
14:24 748.7 2.6 63 5.4 0
14:25 748.7 2.6 64 5.4 0
14:26 748.7 2.6 64 4.5 0
14:27 748.7 2.6 64 4 0
14:28 748.7 2.6 63 4 0
14:29 748.7 2.6 64 3.1 0
14:30 748.7 2.6 64 4.5 0
14:31 748.7 2.6 64 4 0
14:32 748.7 2.6 64 4.5 0
14:33 748.7 2.6 64 4.5 0
14:34 748.7 2.6 64 4.5 0
14:35 748.7 2.6 64 3.1 0
14:36 748.7 2.6 64 2.7 0
14:37 748.7 2.6 64 3.6 0
14:38 748.7 2.6 64 3.6 0
14:39 748.7 2.6 64 4 0
14:40 748.7 2.6 64 3.1 0
14:41 748.7 2.6 64 4.5 0
14:42 748.7 2.6 63 4.9 0
14:43 748.7 2.6 63 4.9 0
14:44 748.7 2.6 63 3.1 0
14:45 748.7 2.6 63 4 0
14:46 748.7 2.6 63 2.7 0
14:47 748.7 2.6 63 4 0
14:48 748.7 2.6 62 5.4 0
14:49 748.7 2.6 62 4 0
14:50 748.7 2.6 63 4.5 0
14:51 748.7 2.6 63 3.6 0
14:52 748.7 2.6 63 2.2 0
14:53 748.7 2.6 63 2.2 0
14:54 748.7 2.6 63 4 0
14:55 748.7 2.6 63 5.4 0
14:56 748.7 2.6 63 4.5 0
14:57 748.7 2.6 63 4.9 0
14:58 748.7 2.6 63 3.6 0
14:59 748.7 2.6 63 4.5 0
15:00 748.7 2.6 63 5.8 0
15:01 748.7 2.6 63 5.4 0
15:02 748.7 2.6 63 5.8 0
15:03 748.7 2.6 62 6.3 0
15:04 748.7 2.6 62 5.8 0
15:05 748.7 2.6 62 4.9 0
15:06 748.7 2.6 63 4.5 0
15:07 748.7 2.6 62 5.4 0
15:08 748.7 2.6 62 5.4 0
15:09 748.7 2.6 62 4.9 0
15:10 748.7 2.6 62 4.5 0
15:11 748.7 2.6 62 4.9 0
15:12 748.7 2.6 62 5.4 0
15:13 748.7 2.6 63 4 0
15:14 748.7 2.6 63 3.6 0
15:15 748.7 2.6 62 4.9 0
15:16 748.7 2.6 63 4.9 0
15:17 748.7 2.6 63 4.5 0
15:18 748.7 2.6 63 3.6 0
15:19 748.7 2.6 63 4.9 0
15:20 748.7 2.6 63 4.5 0
15:21 748.7 2.6 63 4.5 0
15:22 748.7 2.6 63 3.1 0
15:23 748.7 2.6 63 3.6 0
15:24 748.7 2.6 63 4.9 0
15:25 748.7 2.6 63 3.1 0
15:26 748.7 2.4 63 2.7 0
15:27 748.7 2.4 63 2.7 0
15:28 748.7 2.4 63 2.7 0
15:29 748.7 2.4 63 3.6 0
15:30 748.7 2.4 63 4.5 0
15:31 748.7 2.4 63 5.4 0
15:32 748.7 2.4 63 5.4 0
15:33 748.7 2.4 62 5.4 0
15:34 748.7 2.4 63 3.1 0
15:35 748.7 2.4 63 5.4 0
15:36 748.7 2.4 63 5.4 0
15:37 748.7 2.4 63 3.1 0
15:38 748.7 2.4 63 4.9 0
15:39 748.7 2.4 63 2.7 0
15:40 748.7 2.4 63 4.5 0
15:41 748.7 2.4 63 5.4 0
15:42 748.7 2.4 63 4 0
15:43 748.7 2.4 63 3.1 0
15:44 748.7 2.4 63 4.9 0
15:45 748.7 2.4 63 4 0
15:46 748.7 2.4 63 3.6 0
15:47 748.7 2.4 63 4 0
15:48 748.7 2.4 63 3.1 0
15:49 748.7 2.4 64 3.1 0
15:50 748.7 2.4 64 2.7 0
15:51 748.7 2.4 64 3.1 0
15:52 748.7 2.4 64 1.8 0
15:53 748.7 2.4 64 2.7 0
15:54 748.7 2.4 64 3.1 0
15:55 748.7 2.4 64 2.2 0
15:56 748.7 2.4 64 2.7 0
15:57 748.7 2.3 64 2.2 0
15:58 748.7 2.3 64 3.6 0
15:59 748.7 2.3 63 3.1 0
16:00 748.7 2.3 64 4.5 0
16:01 748.7 2.3 64 4.5 0
16:02 748.7 2.3 63 4.5 0
16:03 748.7 2.3 64 4 0
16:04 748.7 2.3 64 4.9 0
16:05 748.7 2.3 64 3.6 0
16:06 748.7 2.3 64 3.6 0
16:07 748.7 2.3 64 2.2 0
16:08 748.7 2.3 64 2.7 0
16:09 748.7 2.2 64 3.6 0
16:10 748.7 2.2 64 2.2 0
16:11 748.7 2.2 64 3.1 0
16:12 748.7 2.2 65 2.7 0
16:13 748.7 2.2 64 4.5 0
16:14 748.7 2.2 65 4.5 0
16:15 748.6 2.2 64 4.5 0
16:16 748.6 2.2 65 3.6 0
16:17 748.6 2.2 65 3.6 0
16:18 748.6 2.2 65 3.6 0
16:19 748.6 2.2 65 3.6 0
16:20 748.6 2.2 65 3.6 0
16:21 748.6 2.2 65 3.6 0
16:22 748.6 2.2 65 1.3 0
16:23 748.6 2.2 65 2.7 0
16:24 748.6 2.2 65 3.1 0
16:25 748.6 2.2 65 4.5 0
16:26 748.6 2.2 65 4.5 0
16:27 748.6 2.2 65 5.4 0
16:28 748.6 2.2 65 2.7 0
16:29 748.6 2.2 65 3.1 0
16:30 748.7 2.2 65 3.6 0
16:31 748.7 2.2 66 2.2 0
16:32 748.7 2.2 65 4 0
16:33 748.7 2.2 65 3.6 0
16:34 748.7 2.2 65 2.7 0
16:35 748.7 2.2 65 2.2 0
16:36 748.7 2.2 65 1.8 0
16:37 748.7 2.2 65 3.1 0
16:38 748.7 2.2 65 4 0
16:39 748.7 2.2 65 4 0
16:40 748.7 2.2 65 3.6 0
16:41 748.7 2.2 65 4 0
16:42 748.7 2.2 65 2.7 0
16:43 748.7 2.2 65 3.1 0
16:44 748.7 2.2 65 2.7 0
16:45 748.7 2.2 65 5.4 0
16:46 748.7 2.2 64 2.7 0
16:47 748.7 2.2 64 4.9 0
16:48 748.7 2.2 64 4.9 0
16:49 748.7 2.2 65 4 0
16:50 748.7 2.2 65 4 0
16:51 748.7 2.2 65 3.1 0
16:52 748.7 2.2 67 4 0
16:53 748.7 2.1 65 4.5 0
16:54 748.7 2.1 65 4.9 0
16:55 748.7 2.1 65 2.2 0
16:56 748.7 2.1 65 3.6 0
16:57 748.7 2.1 65 3.1 0
16:58 748.7 2.1 65 5.4 0
16:59 748.7 2.1 65 5.8 0
17:00 748.6 2.1 65 4.5 0
17:01 748.6 2.1 65 3.6 0
17:02 748.6 2.1 65 3.1 0
17:03 748.6 2.1 66 2.2 0
17:04 748.6 2.1 66 .9 0
17:05 748.6 2.1 66 .9 0
17:06 748.6 2.1 66 .9 0
17:07 748.6 2.1 67 .4 0
17:08 748.6 2.1 67 1.8 0
17:09 748.6 2.1 66 5.4 0
17:10 748.6 2.1 66 5.4 0
17:11 748.6 2.1 66 3.1 0
17:12 748.6 2.1 66 2.7 0
17:13 748.6 2.1 66 2.7 0
17:14 748.6 2.1 66 3.6 0
17:15 748.7 2.1 66 4.9 0
17:16 748.7 2.1 65 4.9 0
17:17 748.7 2.1 65 4.5 0
17:18 748.7 2.1 65 3.6 0
17:19 748.7 2.1 65 4.9 0
17:20 748.7 2.1 66 4 0
17:21 748.7 2 65 2.7 0
17:22 748.7 2 66 2.7 0
17:23 748.7 2 66 2.2 0
17:24 748.7 2 66 2.2 0
17:25 748.7 2 67 1.8 0
17:26 748.7 2 67 2.7 0
17:27 748.7 2 67 3.1 0
17:28 748.7 2 66 2.2 0
17:29 748.7 2 66 4 0
17:30 748.6 2 66 2.7 0
17:31 748.6 2 66 2.7 0
17:32 748.6 2 66 2.7 0
17:33 748.6 2 66 2.2 0
17:34 748.6 2 66 1.8 0
17:35 748.6 2 66 1.8 0
17:36 748.6 2 66 2.2 0
17:37 748.6 2 67 1.3 0
17:38 748.6 1.9 67 2.2 0
17:39 748.6 1.9 67 2.7 0
17:40 748.6 1.9 67 2.7 0
17:41 748.6 1.9 67 2.7 0
17:42 748.6 1.9 67 3.1 0
17:43 748.6 1.9 67 3.1 0
17:44 748.6 1.9 67 1.8 0
17:45 748.5 1.9 67 1.8 0
17:46 748.5 1.9 67 1.8 0
17:47 748.5 1.9 67 4 0
17:48 748.5 1.9 67 2.7 0
17:49 748.5 1.9 67 2.7 0
17:50 748.5 1.9 67 2.2 0
17:51 748.5 1.9 67 2.2 0
17:52 748.5 1.9 67 2.2 0
17:53 748.5 1.9 67 2.7 0
17:54 748.5 1.9 67 2.7 0
17:55 748.5 1.9 67 3.1 0
17:56 748.5 1.9 67 2.2 0
17:57 748.5 1.9 67 2.7 0
17:58 748.5 1.9 67 2.2 0
17:59 748.5 1.9 67 1.3 0
18:00 748.5 1.9 67 2.2 0
18:01 748.5 1.9 67 3.1 0
18:02 748.5 1.9 67 3.6 0
18:03 748.5 1.9 67 3.6 0
18:04 748.5 1.9 67 2.2 0
18:05 748.5 1.9 67 2.2 0
18:06 748.5 1.9 67 2.7 0
18:07 748.5 1.9 67 1.8 0
18:08 748.5 1.9 67 1.8 0
18:09 748.5 1.9 67 2.7 0
18:10 748.5 1.9 67 3.6 0
18:11 748.5 1.9 67 3.1 0
18:12 748.5 1.9 67 3.6 0
18:13 748.5 1.9 67 3.6 0
18:14 748.5 1.9 67 3.6 0
18:15 748.4 1.9 67 2.2 0
18:16 748.4 1.9 67 1.8 0
18:17 748.4 1.9 67 2.2 0
18:18 748.4 1.9 67 2.2 0
18:19 748.4 1.9 67 1.8 0
18:20 748.4 1.9 67 3.6 0
18:21 748.4 1.9 68 2.7 0
18:22 748.4 1.9 67 4 0
18:23 748.4 1.9 67 3.1 0
18:24 748.4 1.9 67 2.7 0
18:25 748.4 1.9 68 2.2 0
18:26 748.4 1.9 68 1.8 0
18:27 748.4 1.8 68 1.8 0
18:28 748.4 1.8 68 2.7 0
18:29 748.4 1.8 68 2.7 0
18:30 748.4 1.8 68 1.8 0
18:31 748.4 1.8 68 1.8 0
18:32 748.4 1.8 68 1.8 0
18:33 748.4 1.8 68 2.2 0
18:34 748.4 1.8 68 2.7 0
18:35 748.4 1.8 68 2.2 0
18:36 748.4 1.8 68 2.2 0
18:37 748.4 1.8 68 2.2 0
18:38 748.4 1.8 68 2.7 0
18:39 748.4 1.8 68 1.8 0
18:40 748.4 1.8 68 1.3 0
18:41 748.4 1.8 68 1.3 0
18:42 748.4 1.8 68 1.3 0
18:43 748.4 1.8 68 1.3 0
18:44 748.4 1.8 68 1.8 0
18:45 748.3 1.8 68 2.2 0
18:46 748.3 1.8 68 2.2 0
18:47 748.3 1.8 68 1.3 0
18:48 748.3 1.8 68 1.8 0
18:49 748.3 1.8 68 1.8 0
18:50 748.3 1.8 68 2.7 0
18:51 748.3 1.8 68 2.2 0
18:52 748.3 1.8 68 2.2 0
18:53 748.3 1.8 68 1.8 0
18:54 748.3 1.9 68 3.1 0
18:55 748.3 1.9 68 2.2 0
18:56 748.3 1.9 68 4.5 0
18:57 748.3 1.9 67 2.7 0
18:58 748.3 1.9 68 1.8 0
18:59 748.3 1.9 68 2.2 0
19:00 748.3 1.9 68 3.6 0
19:01 748.3 1.9 67 4.5 0
19:02 748.3 1.9 68 3.1 0
19:03 748.3 1.9 67 3.1 0
19:04 748.3 1.9 68 3.6 0
19:05 748.3 1.9 68 2.2 0
19:06 748.3 1.9 68 4.9 0
19:07 748.3 1.9 67 3.6 0
19:08 748.3 1.9 68 4 0
19:09 748.3 1.9 68 4.5 0
19:10 748.3 1.9 68 3.1 0
19:11 748.3 1.9 68 3.6 0
19:12 748.3 1.9 67 3.1 0
19:13 748.3 1.9 67 3.1 0
19:14 748.3 1.9 67 3.6 0
19:15 748.3 1.9 67 4 0
19:16 748.3 1.9 67 3.6 0
19:17 748.3 2 67 5.4 0
19:18 748.3 2 67 4.9 0
19:19 748.3 2 67 4.5 0
19:20 748.3 2 67 3.1 0
19:21 748.3 2 64 4.5 0
19:22 748.3 2 67 4.5 0
19:23 748.3 2 67 3.1 0
19:24 748.3 2 67 3.1 0
19:25 748.3 2 67 4.9 0
19:26 748.3 2 66 4.9 0
19:27 748.3 2 65 4.5 0
19:28 748.3 2 65 4.9 0
19:29 748.3 2.1 65 4.5 0
19:30 748.3 2.1 65 4 0
19:31 748.3 2.1 65 3.6 0
19:32 748.3 2.1 66 3.1 0
19:33 748.3 2.1 66 3.1 0
19:34 748.3 2.1 66 2.2 0
19:35 748.3 2.1 66 2.2 0
19:36 748.3 2 66 2.7 0
19:37 748.3 2.1 66 4.9 0
19:38 748.3 2.1 66 2.7 0
19:39 748.3 2.1 66 2.7 0
19:40 748.3 2.1 66 4 0
19:41 748.3 2.1 66 3.1 0
19:42 748.3 2.1 66 2.7 0
19:43 748.3 2.1 66 3.1 0
19:44 748.3 2.1 66 3.6 0
19:45 748.1 2.1 66 2.2 0
19:46 748.1 2.1 66 3.1 0
19:47 748.1 2.1 66 2.7 0
19:48 748.1 2.1 66 3.1 0
19:49 748.1 2.1 66 4 0
19:50 748.1 2.1 66 4 0
19:51 748.1 2.1 66 2.7 0
19:52 748.1 2.1 66 1.8 0
19:53 748.1 2.1 66 3.1 0
19:54 748.1 2.1 66 2.2 0
19:55 748.1 2.1 67 1.8 0
19:56 748.1 2.1 67 2.2 0
19:57 748.1 2.1 67 2.7 0
19:58 748.1 2.1 66 3.1 0
19:59 748.1 2.1 66 3.6 0
20:00 748 2.1 66 3.1 0
20:01 748 2.1 66 1.8 0
20:02 748 2.1 66 3.6 0
20:03 748 2.2 66 2.7 0
20:04 748 2.1 67 1.8 0
20:05 748 2.1 66 3.1 0
20:06 748 2.1 66 2.2 0
20:07 748 2.1 66 3.1 0
20:08 748 2.1 66 3.1 0
20:09 748 2.1 66 1.8 0
20:10 748 2.1 67 1.8 0
20:11 748 2.1 67 1.8 0
20:12 748 2.1 67 1.8 0
20:13 748 2.1 67 3.1 0
20:14 748 2.1 66 4 0
20:15 747.9 2.1 67 3.1 0
20:16 747.9 2.1 67 4 0
20:17 747.9 2.1 66 3.6 0
20:18 747.9 2.1 66 2.2 0
20:19 747.9 2.1 66 2.2 0
20:20 747.9 2.1 66 1.8 0
20:21 747.9 2.1 67 1.8 0
20:22 747.9 2.2 66 3.6 0
20:23 747.9 2.2 66 3.6 0
20:24 747.9 2.2 66 2.2 0
20:25 747.9 2.2 66 2.2 0
20:26 747.9 2.2 66 4 0
20:27 747.9 2.2 66 3.1 0
20:28 747.9 2.2 66 3.1 0
20:29 747.9 2.2 66 3.1 0
20:30 747.9 2.2 66 2.7 0
20:31 747.9 2.2 66 2.7 0
20:32 747.9 2.2 66 2.7 0
20:33 747.9 2.2 66 2.7 0
20:34 747.9 2.2 66 2.7 0
20:35 747.9 2.2 66 2.7 0
20:36 747.9 2.2 66 1.8 0
20:37 747.9 2.2 66 2.7 0
20:38 747.9 2.2 65 4 0
20:39 747.9 2.2 66 4.5 0
20:40 747.9 2.2 65 3.1 0
20:41 747.9 2.2 65 4 0
20:42 747.9 2.2 65 2.7 0
20:43 747.9 2.2 66 1.8 0
20:44 747.9 2.2 65 4.9 0
20:45 747.9 2.2 65 4 0
20:46 747.9 2.2 65 1.8 0
20:47 747.9 2.2 65 2.2 0
20:48 747.9 2.2 65 2.2 0
20:49 747.9 2.2 65 2.2 0
20:50 747.9 2.2 65 1.8 0
20:51 747.9 2.2 65 2.2 0
20:52 747.9 2.2 65 2.2 0
20:53 747.9 2.2 66 2.2 0
20:54 747.9 2.2 65 2.2 0
20:55 747.9 2.2 65 2.7 0
20:56 747.9 2.2 66 2.2 0
20:57 747.9 2.2 66 1.8 0
20:58 747.9 2.2 66 1.8 0
20:59 747.9 2.2 65 3.1 0
21:00 747.9 2.2 66 2.2 0
21:01 747.9 2.2 66 1.8 0
21:02 747.9 2.2 66 .9 0
21:03 747.9 2.2 66 1.3 0
21:04 747.9 2.2 66 1.8 0
21:05 747.9 2.2 66 1.3 0
21:06 747.9 2.2 66 1.3 0
21:07 747.9 2.2 66 1.8 0
21:08 747.9 2.2 66 1.8 0
21:09 747.9 2.2 66 2.2 0
21:10 747.9 2.2 66 1.8 0
21:11 747.9 2.2 66 1.8 0
21:12 747.9 2.2 66 2.2 0
21:13 747.9 2.2 66 1.8 0
21:14 747.9 2.2 66 1.3 0
21:15 747.9 2.2 66 1.8 0
21:16 747.9 2.2 66 1.3 0
21:17 747.9 2.2 66 1.3 0
21:18 747.9 2.2 66 1.3 0
21:19 747.9 2.2 66 1.3 0
21:20 747.9 2.2 66 1.3 0
21:21 747.9 2.2 66 2.2 0
21:22 747.9 2.2 66 1.8 0
21:23 747.9 2.2 66 1.3 0
21:24 747.9 2.2 66 2.2 0
21:25 747.9 2.2 66 1.3 0
21:26 747.9 2.2 66 1.3 0
21:27 747.9 2.2 66 1.8 0
21:28 747.9 2.2 66 1.3 0
21:29 747.9 2.2 66 .9 0
21:30 747.8 2.2 66 .9 0
21:31 747.8 2.2 66 1.8 0
21:32 747.8 2.2 66 1.3 0
21:33 747.8 2.2 66 1.8 0
21:34 747.8 2.2 66 1.8 0
21:35 747.8 2.2 66 1.3 0
21:36 747.8 2.2 66 1.3 0
21:37 747.8 2.2 67 1.8 0
21:38 747.8 2.2 66 1.3 0
21:39 747.8 2.2 67 .9 0
21:40 747.8 2.2 67 1.8 0
21:41 747.8 2.2 67 .9 0
21:42 747.8 2.2 67 .9 0
21:43 747.8 2.2 67 .9 0
21:44 747.8 2.2 67 .4 0
21:45 747.8 2.2 67 1.3 0
21:46 747.8 2.2 67 1.3 0
21:47 747.8 2.2 67 .4 0
21:48 747.8 2.2 67 1.8 0
21:49 747.8 2.2 67 1.8 0
21:50 747.8 2.2 67 1.8 0
21:51 747.8 2.2 67 1.3 0
21:52 747.8 2.2 67 1.8 0
21:53 747.8 2.2 67 2.7 0
21:54 747.8 2.2 67 1.8 0
21:55 747.8 2.2 67 2.2 0
21:56 747.8 2.2 67 2.2 0
21:57 747.8 2.2 68 2.2 0
21:58 747.8 2.2 68 1.8 0
21:59 747.8 2.2 68 2.2 0
22:00 747.8 2.2 68 2.2 0
22:01 747.8 2.2 68 1.3 0
22:02 747.8 2.3 68 2.7 0
22:03 747.8 2.3 68 2.2 0
22:04 747.8 2.2 68 2.2 0
22:05 747.8 2.3 68 1.3 0
22:06 747.8 2.3 68 1.3 0
22:07 747.8 2.3 68 .9 0
22:08 747.8 2.3 68 1.3 0
22:09 747.8 2.3 68 1.3 0
22:10 747.8 2.3 68 1.8 0
22:11 747.8 2.3 68 1.8 0
22:12 747.8 2.3 68 2.2 0
22:13 747.8 2.3 68 2.7 0
22:14 747.8 2.3 68 2.2 0
22:15 747.7 2.3 68 1.8 0
22:16 747.7 2.3 68 1.3 0
22:17 747.7 2.3 68 1.8 0
22:18 747.7 2.3 68 .9 0
22:19 747.7 2.3 68 2.2 0
22:20 747.7 2.3 68 2.2 0
22:21 747.7 2.3 69 1.8 0
22:22 747.7 2.3 68 2.2 0
22:23 747.7 2.3 68 1.3 0
22:24 747.7 2.3 68 1.8 0
22:25 747.7 2.3 68 1.3 0
22:26 747.7 2.3 68 2.2 0
22:27 747.7 2.3 68 2.2 0
22:28 747.7 2.3 68 1.3 0
22:29 747.7 2.3 68 2.7 0
22:30 747.6 2.3 68 2.7 0
22:31 747.6 2.3 68 1.3 0
22:32 747.6 2.3 68 1.3 0
22:33 747.6 2.3 68 3.1 0
22:34 747.6 2.3 68 2.7 0
22:35 747.6 2.3 68 1.8 0
22:36 747.6 2.4 68 1.8 0
22:37 747.6 2.4 68 1.8 0
22:38 747.6 2.4 68 2.2 0
22:39 747.6 2.4 68 2.7 0
22:40 747.6 2.4 68 2.7 0
22:41 747.6 2.4 68 1.8 0
22:42 747.6 2.4 68 1.3 0
22:43 747.6 2.3 68 1.8 0
22:44 747.6 2.3 68 2.7 0
22:45 747.6 2.3 68 4 0
22:46 747.6 2.3 68 3.6 0
22:47 747.6 2.4 68 2.2 0
22:48 747.6 2.4 68 2.7 0
22:49 747.6 2.4 68 2.7 0
22:50 747.6 2.4 68 4 0
22:51 747.6 2.4 67 4.5 0
22:52 747.6 2.4 67 4.9 0
22:53 747.6 2.4 67 4 0
22:54 747.6 2.4 67 4 0
22:55 747.6 2.4 67 4 0
22:56 747.6 2.4 67 2.7 0
22:57 747.6 2.4 67 1.3 0
22:58 747.6 2.4 67 2.2 0
22:59 747.6 2.4 67 3.1 0
23:00 747.5 2.4 67 2.7 0
23:01 747.5 2.4 67 2.2 0
23:02 747.5 2.4 67 2.2 0
23:03 747.5 2.4 67 2.2 0
23:04 747.5 2.4 67 1.8 0
23:05 747.5 2.4 67 2.2 0
23:06 747.5 2.4 67 2.7 0
23:07 747.5 2.4 67 1.8 0
23:08 747.5 2.4 67 1.3 0
23:09 747.5 2.4 67 .9 0
23:10 747.5 2.4 67 1.8 0
23:11 747.5 2.4 67 1.3 0
23:12 747.5 2.4 67 2.2 0
23:13 747.5 2.4 67 1.3 0
23:14 747.5 2.4 67 2.2 0
23:15 747.4 2.4 67 2.2 0
23:16 747.4 2.4 67 1.8 0
23:17 747.4 2.4 67 2.2 0
23:18 747.4 2.4 67 2.2 0
23:19 747.4 2.4 68 1.8 0
23:20 747.4 2.4 68 2.2 0
23:21 747.4 2.4 68 2.2 0
23:22 747.4 2.4 68 2.2 0
23:23 747.4 2.4 68 1.3 0
23:24 747.4 2.4 68 1.3 0
23:25 747.4 2.4 68 2.7 0
23:26 747.4 2.4 68 2.7 0
23:27 747.4 2.4 68 2.2 0
23:28 747.4 2.4 68 2.2 0
23:29 747.4 2.4 68 1.3 0
23:30 747.5 2.4 68 1.8 0
23:31 747.5 2.4 68 3.1 0
23:32 747.5 2.3 68 2.2 0
23:33 747.5 2.3 68 2.7 0
23:34 747.5 2.3 68 2.7 0
23:35 747.5 2.3 68 3.6 0
23:36 747.5 2.4 68 3.1 0
23:37 747.5 2.4 68 2.7 0
23:38 747.5 2.4 68 2.7 0
23:39 747.5 2.4 68 1.8 0
23:40 747.5 2.4 68 .9 0
23:41 747.5 2.4 68 .4 0
23:42 747.5 2.4 69 1.8 0
23:43 747.5 2.4 69 2.2 0
23:44 747.5 2.4 69 1.3 0
23:45 747.3 2.4 69 .9 0
23:46 747.3 2.4 69 1.3 0
23:47 747.3 2.4 69 1.3 0
23:48 747.3 2.4 69 2.2 0
23:49 747.3 2.4 69 2.2 0
23:50 747.3 2.4 69 2.2 0
23:51 747.3 2.4 69 2.7 0
23:52 747.3 2.4 69 2.7 0
23:53 747.3 2.4 69 3.6 0
23:54 747.3 2.4 69 2.2 0
23:55 747.3 2.4 70 2.2 0
23:56 747.3 2.4 70 1.8 0
23:57 747.3 2.4 70 2.2 0
23:58 747.3 2.4 70 2.2 0
23:59 747.3 2.4 70 2.2 0
