00:00 730.76 -4.83 80 1.79 0
00:01 730.76 -4.83 81 1.34 0
00:02 730.76 -4.83 81 1.79 0
00:03 730.76 -4.83 81 3.13 0
00:04 730.76 -4.83 81 2.68 0
00:05 730.76 -4.83 81 .89 0
00:06 730.76 -4.83 81 1.34 0
00:07 730.76 -4.89 81 1.34 0
00:08 731.01 -4.89 81 1.34 0
00:09 730.76 -4.89 81 1.79 0
00:10 731.01 -4.89 81 3.13 0
00:11 731.01 -4.89 81 3.13 0
00:12 731.01 -4.94 81 1.79 0
00:13 731.01 -4.94 81 2.68 0
00:14 731.01 -4.94 81 1.79 0
00:15 731.01 -4.94 81 .89 0
00:16 731.01 -4.94 82 2.68 0
00:17 731.01 -5 82 1.79 0
00:18 731.01 -5.06 82 3.13 0
00:19 731.01 -5.06 82 3.13 0
00:20 731.01 -5.06 82 3.13 0
00:21 731.01 -5.11 82 2.68 0
00:22 731.01 -5.06 82 .89 0
00:23 731.01 -5.11 82 5.81 0
00:24 731.01 -5.11 83 2.68 0
00:25 731.01 -5.11 83 3.13 0
00:26 731.01 -5.11 83 4.47 0
00:27 731.01 -5.11 83 4.92 0
00:28 731.01 -5.17 83 .45 0
00:29 731.01 -5.17 83 3.58 0
00:30 731.01 -5.11 83 .89 0
00:31 731.01 -5.17 83 2.68 0
00:32 731.01 -5.17 83 3.58 0
00:33 731.01 -5.17 83 2.24 0
00:34 731.01 -5.11 83 1.34 0
00:35 731.01 -5.11 83 1.79 0
00:36 731.01 -5.11 83 3.58 0
00:37 731.01 -5.11 83 4.02 0
00:38 731.01 -5.11 83 2.68 0
00:39 731.01 -5.11 83 2.24 0
00:40 731.01 -5.11 83 1.79 0
00:41 731.01 -5.06 83 1.79 0
00:42 731.01 -5.06 83 3.13 0
00:43 731.01 -5 83 4.47 0
00:44 731.01 -5 83 1.34 0
00:45 731.01 -5 83 4.02 0
00:46 731.01 -4.94 83 4.47 0
00:47 731.01 -4.94 83 3.13 0
00:48 731.01 -4.94 83 4.02 0
00:49 731.27 -4.94 83 3.13 0
00:50 731.01 -4.89 83 1.79 0
00:51 731.01 -4.83 83 2.68 0
00:52 731.01 -4.83 83 3.13 0
00:53 731.01 -4.78 83 2.24 0
00:54 731.01 -4.78 83 2.68 0
00:55 731.01 -4.72 82 4.92 0
00:56 731.27 -4.72 82 5.36 0
00:57 731.01 -4.67 82 6.71 0
00:58 731.27 -4.67 82 4.02 0
00:59 731.27 -4.61 82 .89 0
01:00 731.27 -4.56 82 3.13 0
01:01 731.27 -4.56 82 2.68 0
01:02 731.01 -4.56 82 2.24 0
01:03 731.27 -4.5 82 5.36 0
01:04 731.27 -4.5 81 5.36 0
01:05 731.01 -4.5 81 4.92 0
01:06 731.27 -4.5 81 1.79 0
01:07 731.27 -4.5 81 2.68 0
01:08 731.27 -4.5 81 4.02 0
01:09 731.27 -4.5 82 1.79 0
01:10 731.27 -4.44 82 4.02 0
01:11 731.27 -4.5 81 3.58 0
01:12 731.27 -4.5 81 3.13 0
01:13 731.27 -4.44 81 4.02 0
01:14 731.27 -4.5 81 4.47 0
01:15 731.27 -4.44 81 4.02 0
01:16 731.27 -4.5 81 3.58 0
01:17 731.27 -4.44 81 4.92 0
01:18 731.27 -4.5 81 3.58 0
01:19 731.27 -4.44 81 3.13 0
01:20 731.27 -4.44 81 7.15 0
01:21 731.01 -4.5 81 4.92 0
01:22 731.27 -4.44 80 5.36 0
01:23 731.27 -4.44 80 3.58 0
01:24 731.27 -4.44 80 4.92 0
01:25 731.27 -4.44 80 4.02 0
01:26 731.27 -4.44 80 2.24 0
01:27 731.27 -4.44 80 4.92 0
01:28 731.27 -4.44 80 4.47 0
01:29 731.27 -4.44 80 4.92 0
01:30 731.27 -4.44 80 2.68 0
01:31 731.27 -4.44 80 4.47 0
01:32 731.27 -4.44 80 1.79 0
01:33 731.27 -4.44 80 2.68 0
01:34 731.27 -4.44 80 1.34 0
01:35 731.27 -4.5 80 3.58 0
01:36 731.27 -4.44 80 7.15 0
01:37 731.27 -4.5 80 4.92 0
01:38 731.27 -4.5 80 3.13 0
01:39 731.27 -4.5 80 4.02 0
01:40 731.27 -4.5 80 2.24 0
01:41 731.27 -4.5 80 4.47 0
01:42 731.27 -4.5 80 6.26 0
01:43 731.27 -4.44 80 1.79 0
01:44 731.27 -4.5 80 6.26 0
01:45 731.27 -4.5 79 3.58 0
01:46 731.27 -4.5 80 2.24 0
01:47 731.27 -4.5 80 4.02 0
01:48 731.27 -4.5 80 4.02 0
01:49 731.27 -4.5 80 5.81 0
01:50 731.27 -4.5 80 4.02 0
01:51 731.27 -4.5 80 6.26 0
01:52 731.27 -4.5 80 4.92 0
01:53 732.79 -4.28 75 0 0
01:54 731.27 -4.5 80 2.24 0
01:55 731.27 -4.5 80 3.58 0
01:56 731.27 -4.44 80 5.36 0
01:57 731.27 -4.5 80 5.81 0
01:58 731.27 -4.44 79 4.92 0
01:59 731.27 -4.44 79 3.58 0
02:00 731.27 -4.5 80 2.68 0
02:01 731.27 -4.44 79 3.58 0
02:02 731.27 -4.5 80 4.92 0
02:03 731.52 -4.5 80 5.81 0
02:04 731.52 -4.5 80 4.47 0
02:05 731.27 -4.5 80 4.02 0
02:06 731.27 -4.5 80 4.02 0
02:07 731.27 -4.5 80 3.13 0
02:08 731.27 -4.56 80 4.02 0
02:09 731.27 -4.56 80 3.13 0
02:10 731.27 -4.5 80 3.58 0
02:11 731.27 -4.5 80 3.13 0
02:12 731.27 -4.5 80 1.79 0
02:13 731.27 -4.56 80 3.13 0
02:14 731.27 -4.56 80 4.02 0
02:15 731.27 -4.56 80 3.58 0
02:16 731.27 -4.56 80 1.79 0
02:17 731.27 -4.56 80 2.24 0
02:18 731.27 -4.56 80 3.13 0
02:19 731.27 -4.56 80 1.34 0
02:20 731.27 -4.56 81 3.13 0
02:21 731.27 -4.61 81 3.58 0
02:22 731.27 -4.56 81 4.02 0
02:23 731.27 -4.56 81 2.68 0
02:24 731.27 -4.61 81 2.68 0
02:25 731.27 -4.61 81 4.47 0
02:26 731.27 -4.61 81 4.47 0
02:27 732.79 -4.44 77 0 0
02:28 732.79 -4.44 77 0 0
02:29 732.79 -4.44 77 0 0
02:30 732.79 -4.44 77 0 0
02:31 732.79 -4.44 77 0 0
02:32 732.79 -4.5 77 0 0
02:33 732.79 -4.5 78 0 0
02:34 732.79 -4.5 78 0 0
02:35 732.79 -4.5 78 0 0
02:36 732.79 -4.5 78 0 0
02:37 732.79 -4.61 78 0 0
02:38 732.79 -4.61 78 0 0
02:39 732.79 -4.61 78 0 0
02:40 731.52 -4.72 82 4.02 0
02:41 731.27 -4.72 82 3.13 0
02:42 731.27 -4.78 82 4.47 0
02:43 731.52 -4.78 82 2.68 0
02:44 731.52 -4.78 82 2.68 0
02:45 731.27 -4.78 82 2.68 0
02:46 731.27 -4.78 82 1.34 0
02:47 731.52 -4.78 82 4.47 0
02:48 731.52 -4.83 82 3.13 0
02:49 731.52 -4.83 82 3.13 0
02:50 731.52 -4.83 82 4.47 0
02:51 731.52 -4.83 82 3.13 0
02:52 731.52 -4.83 82 2.68 0
02:53 731.52 -4.89 82 2.68 0
02:54 731.52 -4.89 82 3.13 0
02:55 731.52 -4.89 82 2.68 0
02:56 731.52 -4.89 82 3.58 0
02:57 731.52 -4.89 82 3.58 0
02:58 731.52 -4.83 82 2.68 0
02:59 731.52 -4.89 82 .45 0
03:00 731.52 -4.94 82 2.68 0
03:01 731.52 -4.89 82 3.13 0
03:02 731.52 -4.89 82 2.24 0
03:03 731.52 -4.94 82 3.13 0
03:04 731.52 -4.89 82 2.68 0
03:05 731.52 -4.94 83 3.13 0
03:06 731.52 -4.94 83 3.13 0
03:07 731.52 -4.94 83 1.34 0
03:08 731.52 -4.94 83 4.02 0
03:09 731.52 -4.94 83 3.13 0
03:10 731.52 -4.94 83 1.34 0
03:11 731.52 -4.94 83 1.34 0
03:12 731.52 -4.94 83 2.68 0
03:13 731.52 -4.94 82 3.13 0
03:14 732.79 -4.78 79 0 0
03:15 731.52 -4.94 82 2.24 0
03:16 731.52 -4.94 82 3.13 0
03:17 731.52 -4.94 82 3.58 0
03:18 732.79 -4.67 79 0 0
03:19 731.52 -4.89 82 2.68 0
03:20 731.52 -4.83 82 4.47 0
03:21 732.79 -4.67 78 0 0
03:22 731.52 -4.83 82 4.02 0
03:23 731.52 -4.83 82 3.58 0
03:24 731.52 -4.83 81 2.68 0
03:25 732.79 -4.61 78 0 0
03:26 731.52 -4.83 81 1.34 0
03:27 731.52 -4.78 81 3.58 0
03:28 731.52 -4.78 82 1.79 0
03:29 731.52 -4.78 81 4.02 0
03:30 731.52 -4.78 81 2.24 0
03:31 731.52 -4.78 81 3.58 0
03:32 731.52 -4.78 81 1.34 0
03:33 732.79 -4.5 77 0 0
03:34 731.52 -4.78 81 3.13 0
03:35 731.52 -4.78 81 1.79 0
03:36 731.52 -4.72 81 3.13 0
03:37 733.04 -4.5 77 0 0
03:38 731.52 -4.72 81 3.13 0
03:39 731.52 -4.78 81 1.79 0
03:40 731.52 -4.78 81 2.24 0
03:41 731.52 -4.78 81 3.58 0
03:42 733.04 -4.61 77 0 0
03:43 731.52 -4.78 81 3.13 0
03:44 731.52 -4.83 81 3.13 0
03:45 731.52 -4.78 81 3.58 0
03:46 733.04 -4.61 76 0 0
03:47 731.52 -4.78 81 2.68 0
03:48 731.52 -4.83 81 2.24 0
03:49 731.52 -4.83 81 1.34 0
03:50 733.04 -4.61 76 0 0
03:51 731.52 -4.83 80 1.79 0
03:52 731.52 -4.83 81 3.58 0
03:53 731.52 -4.89 81 2.68 0
03:54 733.04 -4.67 76 0 0
03:55 731.52 -4.83 81 1.79 0
03:56 731.52 -4.89 81 1.34 0
03:57 731.52 -4.89 81 1.79 0
03:58 733.04 -4.67 77 0 0
03:59 731.52 -4.89 81 3.13 0
04:00 731.52 -4.89 81 2.24 0
04:01 731.52 -4.89 81 3.58 0
04:02 733.04 -4.67 77 0 0
04:03 731.52 -4.89 81 2.24 0
04:04 731.52 -4.89 81 1.79 0
04:05 733.04 -4.67 76 0 0
04:06 731.52 -4.89 81 2.68 0
04:07 731.52 -4.89 81 1.34 0
04:08 731.52 -4.89 81 .89 0
04:09 733.04 -4.67 77 0 0
04:10 731.52 -4.94 81 .89 0
04:11 731.52 -4.89 81 2.24 0
04:12 731.52 -4.89 81 1.79 0
04:13 731.52 -4.89 81 .89 0
04:14 733.04 -4.67 77 0 0
04:15 731.52 -4.89 81 2.24 0
04:16 731.52 -4.89 81 1.34 0
04:17 731.52 -4.89 81 2.24 0
04:18 731.52 -4.89 81 2.24 0
04:19 731.52 -4.89 81 2.24 0
04:20 731.52 -4.94 81 2.68 0
04:21 731.52 -4.94 81 .89 0
04:22 731.52 -4.94 81 2.24 0
04:23 731.52 -4.89 81 3.58 0
04:24 733.04 -4.78 77 0 0
04:25 731.52 -4.94 81 2.68 0
04:26 731.52 -4.94 81 3.13 0
04:27 731.52 -4.94 81 2.24 0
04:28 733.04 -4.78 77 0 0
04:29 731.52 -4.94 81 2.68 0
04:30 731.52 -4.94 81 1.79 0
04:31 731.52 -5 81 2.24 0
04:32 733.04 -4.83 77 0 0
04:33 731.52 -5 81 3.13 0
04:34 731.52 -5 81 2.24 0
04:35 731.52 -5 81 1.79 0
04:36 733.04 -4.83 78 0 0
04:37 731.52 -5.06 81 3.58 0
04:38 731.52 -5.06 81 1.79 0
04:39 731.52 -5.06 82 2.68 0
04:40 733.04 -4.94 78 0 0
04:41 731.52 -5.06 82 1.34 0
04:42 731.52 -5.11 82 3.58 0
04:43 731.52 -5.11 82 3.58 0
04:44 733.04 -5 78 0 0
04:45 731.52 -5.11 82 1.79 0
04:46 731.52 -5.11 82 1.34 0
04:47 731.52 -5.17 82 1.79 0
04:48 733.04 -5 78 0 0
04:49 731.52 -5.17 82 3.13 0
04:50 731.52 -5.17 82 2.24 0
04:51 733.04 -5 78 0 0
04:52 731.52 -5.22 82 1.79 0
04:53 731.52 -5.17 82 1.34 0
04:54 731.52 -5.17 82 2.24 0
04:55 733.04 -5.11 79 0 0
04:56 731.52 -5.22 82 3.13 0
04:57 731.52 -5.22 83 2.68 0
04:58 731.52 -5.28 83 3.58 0
04:59 733.04 -5.22 79 0 0
05:00 731.52 -5.28 82 4.02 0
05:01 731.52 -5.33 83 2.68 0
05:02 733.04 -5.22 79 0 0
05:03 731.52 -5.33 83 2.68 0
05:04 731.52 -5.33 83 4.02 0
05:05 731.52 -5.39 83 4.92 0
05:06 733.04 -5.28 80 0 0
05:07 731.52 -5.39 83 2.24 0
05:08 731.52 -5.44 83 1.34 0
05:09 731.52 -5.44 84 3.13 0
05:10 733.04 -5.39 80 0 0
05:11 731.52 -5.44 83 4.47 0
05:12 731.52 -5.5 83 1.79 0
05:13 731.52 -5.5 84 1.79 0
05:14 733.04 -5.39 81 0 0
05:15 731.52 -5.5 84 3.13 0
05:16 731.52 -5.56 84 3.13 0
05:17 731.52 -5.56 84 3.13 0
05:18 733.04 -5.44 81 0 0
05:19 731.52 -5.56 84 1.34 0
05:20 731.52 -5.56 84 2.24 0
05:21 731.52 -5.61 84 1.34 0
05:22 731.52 -5.61 84 1.34 0
05:23 733.04 -5.56 82 0 0
05:24 731.52 -5.61 84 1.34 0
05:25 731.52 -5.61 84 2.68 0
05:26 731.52 -5.61 84 3.58 0
05:27 733.04 -5.56 82 0 0
05:28 731.52 -5.67 84 .45 0
05:29 731.52 -5.61 85 2.68 0
05:30 733.04 -5.44 82 0 0
05:31 731.52 -5.61 85 1.79 0
05:32 731.52 -5.67 85 1.79 0
05:33 731.52 -5.61 85 1.34 0
05:34 732.79 -5.44 82 0 0
05:35 731.52 -5.67 85 2.68 0
05:36 731.52 -5.61 84 2.24 0
05:37 731.52 -5.61 84 1.79 0
05:38 732.79 -5.44 82 0 0
05:39 731.52 -5.61 84 1.34 0
05:40 731.52 -5.61 85 1.79 0
05:41 732.79 -5.44 82 0 0
05:42 731.52 -5.67 84 2.68 0
05:43 731.52 -5.67 84 1.79 0
05:44 732.79 -5.44 82 0 0
05:45 731.52 -5.67 85 1.34 0
05:46 731.52 -5.67 85 2.68 0
05:47 731.52 -5.67 85 1.34 0
05:48 731.52 -5.67 84 2.24 0
05:49 732.79 -5.56 82 0 0
05:50 731.52 -5.67 84 1.79 0
05:51 731.52 -5.67 84 1.79 0
05:52 731.52 -5.67 84 1.34 0
05:53 732.79 -5.56 82 0 0
05:54 731.52 -5.72 84 1.34 0
05:55 731.52 -5.72 85 1.34 0
05:56 732.79 -5.56 82 0 0
05:57 731.52 -5.72 85 .89 0
05:58 731.27 -5.72 85 1.79 0
05:59 732.79 -5.56 82 0 0
06:00 731.52 -5.72 85 .89 0
06:01 731.52 -5.72 85 1.34 0
06:02 731.52 -5.72 85 .45 0
06:03 732.79 -5.56 82 0 0
06:04 731.52 -5.72 85 1.34 0
06:05 731.52 -5.72 85 2.68 0
06:06 731.52 -5.72 85 1.34 0
06:07 732.79 -5.56 82 0 0
06:08 731.27 -5.72 85 2.68 0
06:09 731.52 -5.72 85 2.24 0
06:10 731.27 -5.72 85 2.68 0
06:11 731.27 -5.72 85 2.24 0
06:12 732.79 -5.56 82 0 0
06:13 731.27 -5.72 85 2.24 0
06:14 731.27 -5.72 84 1.79 0
06:15 731.27 -5.67 84 1.79 0
06:16 732.79 -5.56 81 0 0
06:17 731.27 -5.72 84 1.34 0
06:18 731.52 -5.72 84 1.79 0
06:19 731.52 -5.67 84 1.79 0
06:20 732.79 -5.56 81 0 0
06:21 731.52 -5.72 84 1.34 0
06:22 731.52 -5.67 84 .89 0
06:23 731.52 -5.72 84 .45 0
06:24 732.79 -5.56 81 0 0
06:25 731.27 -5.67 84 1.79 0
06:26 731.52 -5.72 84 .89 0
06:27 731.52 -5.72 84 .45 0
06:28 731.52 -5.72 84 3.13 0
06:29 732.79 -5.72 82 0 0
06:30 731.52 -5.78 84 1.79 0
06:31 731.52 -5.78 84 2.68 0
06:32 732.79 -5.83 82 0 0
06:33 731.52 -5.83 85 1.34 0
06:34 731.52 -5.83 85 3.58 0
06:35 731.52 -5.83 84 2.68 0
06:36 731.52 -5.94 85 .89 0
06:37 732.79 -6 82 0 0
06:38 731.52 -5.94 85 1.34 0
06:39 731.52 -5.94 85 2.24 0
06:40 731.52 -5.94 85 .89 0
06:41 732.79 -6 83 0 0
06:42 731.52 -6 85 .89 0
06:43 731.27 -6.06 85 2.24 0
06:44 731.52 -6 85 .89 0
06:45 732.79 -6 83 0 0
06:46 731.27 -6.06 85 2.24 0
06:47 731.52 -6.06 85 4.47 0
06:48 732.79 -6.06 83 0 0
06:49 731.52 -6.06 85 .89 0
06:50 731.52 -6.11 85 1.79 0
06:51 731.52 -6.17 85 2.68 0
06:52 731.52 -6.17 85 4.02 0
06:53 732.79 -6.06 83 0 0
06:54 731.27 -6.17 85 .45 0
06:55 731.52 -6.17 85 2.24 0
06:56 731.52 -6.17 86 .89 0
06:57 732.79 -6.17 83 0 0
06:58 731.52 -6.17 86 2.24 0
06:59 731.52 -6.17 85 3.13 0
07:00 731.52 -6.22 86 1.34 0
07:01 732.79 -6.17 83 0 0
07:02 731.52 -6.22 86 2.68 0
07:03 731.52 -6.22 85 1.34 0
07:04 731.52 -6.28 85 1.79 0
07:05 732.79 -6.17 83 0 0
07:06 731.52 -6.28 86 1.79 0
07:07 731.52 -6.28 86 2.68 0
07:08 731.52 -6.28 86 2.68 0
07:09 732.79 -6.28 83 0 0
07:10 731.52 -6.33 86 1.79 0
07:11 731.52 -6.33 86 2.68 0
07:12 732.79 -6.33 83 0 0
07:13 731.52 -6.39 86 4.02 0
07:14 731.52 -6.39 86 .89 0
07:15 731.52 -6.39 86 1.79 0
07:16 732.79 -6.44 83 0 0
07:17 731.52 -6.44 86 1.34 0
07:18 731.52 -6.44 86 1.34 0
07:19 732.79 -6.5 84 0 0
07:20 731.52 -6.44 86 1.79 0
07:21 731.52 -6.44 86 1.34 0
07:22 731.52 -6.5 86 2.24 0
07:23 731.52 -6.5 86 1.79 0
07:24 731.52 -6.56 86 2.24 0
07:25 731.52 -6.56 86 1.34 0
07:26 732.79 -6.61 84 0 0
07:27 731.52 -6.56 86 .89 0
07:28 731.52 -6.56 86 2.68 0
07:29 731.52 -6.56 86 1.79 0
07:30 731.52 -6.61 86 .89 0
07:31 731.52 -6.56 86 1.34 0
07:32 731.52 -6.61 86 1.34 0
07:33 732.79 -6.61 84 0 0
07:34 731.52 -6.61 86 3.13 0
07:35 731.52 -6.61 86 3.13 0
07:36 731.52 -6.67 86 1.79 0
07:37 731.52 -6.67 86 2.24 0
07:38 731.52 -6.67 86 .45 0
07:39 733.04 -6.67 84 0 0
07:40 731.52 -6.72 86 1.79 0
07:41 731.52 -6.72 86 1.79 0
07:42 731.52 -6.67 86 1.79 0
07:43 731.52 -6.72 86 1.34 0
07:44 731.52 -6.72 86 1.34 0
07:45 731.52 -6.72 86 2.68 0
07:46 731.52 -6.72 86 1.79 0
07:47 733.04 -6.67 84 0 0
07:48 731.52 -6.78 86 .89 0
07:49 731.52 -6.78 86 1.34 0
07:50 731.52 -6.72 86 1.34 0
07:51 733.04 -6.78 84 0 0
07:52 731.52 -6.78 87 2.68 0
07:53 733.04 -6.78 85 0 0
07:54 731.52 -6.78 86 1.34 0
07:55 731.52 -6.78 87 1.79 0
07:56 733.04 -6.78 85 0 0
07:57 731.52 -6.78 87 1.34 0
07:58 731.52 -6.78 86 2.24 0
07:59 731.52 -6.78 86 2.24 0
08:00 731.52 -6.78 86 2.24 0
08:01 731.52 -6.83 86 2.24 0
08:02 731.52 -6.78 87 .45 0
08:03 733.04 -6.78 85 0 0
08:04 731.52 -6.78 86 .89 0
08:05 731.52 -6.78 87 1.79 0
08:06 731.52 -6.78 87 1.34 0
08:07 731.52 -6.78 87 1.79 0
08:08 731.52 -6.83 86 1.34 0
08:09 731.52 -6.83 86 2.24 0
08:10 731.77 -6.83 87 1.79 0
08:11 733.04 -6.94 85 0 0
08:12 731.77 -6.83 86 .89 0
08:13 731.77 -6.83 86 2.68 0
08:14 733.04 -6.94 85 0 0
08:15 731.77 -6.89 86 2.24 0
08:16 733.04 -6.94 85 0 0
08:17 731.77 -6.89 86 1.34 0
08:18 731.77 -6.94 86 2.24 0
08:19 733.04 -6.94 85 0 0
08:20 731.77 -7 86 1.34 0
08:21 731.77 -7 86 2.24 0
08:22 733.04 -7.06 85 0 0
08:23 731.77 -7 87 1.79 0
08:24 731.77 -7 87 3.58 0
08:25 733.04 -7.06 85 0 0
08:26 731.77 -7.06 87 2.24 0
08:27 731.77 -7.06 87 .45 0
08:28 731.77 -7.06 87 .45 0
08:29 733.04 -7.06 85 0 0
08:30 731.77 -7.06 87 1.34 0
08:31 733.04 -7.11 85 0 0
08:32 731.77 -7.11 87 .45 0
08:33 731.77 -7.17 86 .89 0
08:34 733.04 -7.11 85 0 0
08:35 731.77 -7.17 86 1.79 0
08:36 731.77 -7.17 86 1.79 0
08:37 731.77 -7.22 86 1.34 0
08:38 731.77 -7.22 86 .89 0
08:39 732.03 -7.22 86 .89 0
08:40 731.77 -7.28 87 1.34 0
08:41 731.77 -7.28 87 .89 0
08:42 733.04 -7.28 85 0 0
08:43 731.77 -7.33 87 .45 0
08:44 733.04 -7.28 85 0 0
08:45 731.77 -7.33 87 1.34 0
08:46 731.77 -7.39 87 2.24 0
08:47 732.03 -7.44 87 1.79 0
08:48 733.04 -7.39 85 0 0
08:49 732.03 -7.44 87 .89 0
08:50 732.03 -7.44 87 1.79 0
08:51 732.03 -7.44 87 1.79 0
08:52 732.03 -7.5 87 2.24 0
08:53 733.3 -7.5 85 0 0
08:54 732.03 -7.56 87 1.34 0
08:55 732.03 -7.56 87 2.24 0
08:56 733.3 -7.56 85 0 0
08:57 732.03 -7.61 87 1.34 0
08:58 732.03 -7.61 87 2.24 0
08:59 733.3 -7.56 86 0 0
09:00 732.03 -7.67 87 1.79 0
09:01 732.03 -7.61 87 2.24 0
09:02 733.3 -7.67 86 0 0
09:03 732.03 -7.61 87 2.24 0
09:04 732.03 -7.67 87 1.79 0
09:05 732.03 -7.67 87 1.34 0
09:06 733.55 -7.67 86 0 0
09:07 732.03 -7.67 87 1.79 0
09:08 732.28 -7.67 87 1.34 0
09:09 733.55 -7.72 86 0 0
09:10 732.28 -7.72 87 .89 0
09:11 733.55 -7.72 86 0 0
09:12 732.28 -7.72 87 1.34 0
09:13 732.28 -7.72 88 2.24 0
09:14 732.28 -7.72 87 1.34 0
09:15 732.28 -7.72 88 1.79 0
09:16 732.28 -7.72 88 1.34 0
09:17 733.55 -7.72 86 0 0
09:18 732.28 -7.72 88 2.68 0
09:19 733.55 -7.72 86 0 0
09:20 732.28 -7.72 87 1.79 0
09:21 732.28 -7.72 88 .45 0
09:22 733.55 -7.72 86 0 0
09:23 732.28 -7.72 88 .89 0
09:24 733.55 -7.72 86 0 0
09:25 732.28 -7.72 88 .45 0
09:26 733.55 -7.72 86 0 0
09:27 732.28 -7.72 87 1.79 0
09:28 732.28 -7.72 87 .89 0
09:29 732.28 -7.72 88 .89 0
09:30 733.55 -7.72 86 0 0
09:31 732.28 -7.72 88 2.24 0
09:32 732.28 -7.72 87 .45 0
09:33 733.55 -7.83 86 0 0
09:34 732.28 -7.78 87 .89 0
09:35 732.28 -7.72 87 .45 0
09:36 732.28 -7.78 87 .45 0
09:37 733.55 -7.83 86 0 0
09:38 732.28 -7.78 87 1.79 0
09:39 732.28 -7.78 87 1.79 0
09:40 732.28 -7.83 87 1.79 0
09:41 733.55 -7.83 86 0 0
09:42 732.28 -7.89 87 .89 0
09:43 732.28 -7.89 87 .45 0
09:44 732.28 -7.94 87 0 0
09:45 733.55 -7.89 86 0 0
09:46 732.28 -7.94 87 1.79 0
09:47 732.28 -7.94 87 1.79 0
09:48 732.28 -7.94 87 .89 0
09:49 732.28 -7.94 87 0 0
09:50 732.28 -7.94 87 1.79 0
09:51 732.28 -7.94 87 2.24 0
09:52 733.55 -8 85 0 0
09:53 732.28 -7.94 87 1.34 0
09:54 732.28 -7.89 87 1.79 0
09:55 732.28 -7.94 87 1.79 0
09:56 733.55 -8 86 0 0
09:57 732.28 -7.89 87 .89 0
09:58 732.28 -7.89 87 .45 0
09:59 732.28 -7.89 87 1.34 0
10:00 732.28 -7.83 87 1.34 0
10:01 732.28 -7.83 87 .89 0
10:02 732.28 -7.83 87 1.79 0
10:03 732.28 -7.83 87 .45 0
10:04 732.28 -7.78 87 1.79 0
10:05 732.28 -7.78 87 2.24 0
10:06 732.28 -7.78 87 .89 0
10:07 732.28 -7.78 86 .89 0
10:08 732.28 -7.72 86 1.34 0
10:09 732.28 -7.72 86 .89 0
10:10 732.28 -7.72 86 .89 0
10:11 732.28 -7.72 86 .89 0
10:12 732.28 -7.72 86 .45 0
10:13 732.28 -7.67 86 .45 0
10:14 732.28 -7.67 86 .45 0
10:15 732.28 -7.67 86 .45 0
10:16 732.28 -7.67 86 .45 0
10:17 733.55 -8 85 0 0
10:18 732.28 -7.67 86 1.34 0
10:19 732.28 -7.72 86 .45 0
10:20 732.28 -7.72 85 1.79 0
10:21 732.28 -7.72 85 .89 0
10:22 732.54 -7.83 85 .89 0
10:23 732.54 -7.83 85 1.79 0
10:24 733.81 -8.17 85 0 0
10:25 732.54 -7.89 85 1.79 0
10:26 732.54 -7.94 85 .45 0
10:27 732.54 -7.94 85 1.79 0
10:28 732.54 -8.06 85 2.24 0
10:29 732.54 -8 86 .45 0
10:30 732.54 -8.06 86 .89 0
10:31 732.54 -8.06 86 2.24 0
10:32 732.54 -8.06 86 1.34 0
10:33 732.28 -8.06 86 0 0
10:34 732.28 -8.06 86 1.79 0
10:35 732.54 -8.06 86 .89 0
10:36 733.81 -8.17 85 0 0
10:37 732.54 -8.11 86 .45 0
10:38 732.54 -8.11 86 1.34 0
10:39 732.54 -8.11 86 1.34 0
10:40 732.28 -8.11 86 .89 0
10:41 733.81 -8.17 85 0 0
10:42 732.54 -8.11 86 .45 0
10:43 732.28 -8.06 86 1.34 0
10:44 732.54 -8 86 .45 0
10:45 733.81 -8.17 84 0 0
10:46 732.54 -7.94 86 0 0
10:47 732.28 -7.89 86 .89 0
10:48 733.81 -8.28 84 0 0
10:49 732.28 -7.89 86 1.34 0
10:50 732.28 -7.83 86 .45 0
10:51 732.28 -7.89 85 1.34 0
10:52 733.81 -8.28 84 0 0
10:53 732.54 -7.83 85 .89 0
10:54 732.54 -7.72 85 .89 0
10:55 733.81 -8.11 84 0 0
10:56 732.28 -7.72 85 .89 0
10:57 732.54 -7.67 85 1.34 0
10:58 732.54 -7.61 85 1.79 0
10:59 732.54 -7.61 85 1.34 0
11:00 732.54 -7.56 85 .89 0
11:01 733.81 -7.89 84 0 0
11:02 732.54 -7.56 85 .89 0
11:03 732.28 -7.56 84 .89 0
11:04 732.54 -7.5 84 1.34 0
11:05 732.54 -7.5 84 1.34 0
11:06 733.81 -7.72 83 0 0
11:07 732.28 -7.44 85 .45 0
11:08 732.54 -7.33 85 1.79 0
11:09 732.54 -7.28 85 1.34 0
11:10 732.54 -7.28 84 2.24 0
11:11 732.54 -7.22 84 1.34 0
11:12 732.54 -7.22 84 1.34 0
11:13 732.54 -7.17 84 .45 0
11:14 732.54 -7.11 84 .89 0
11:15 732.54 -7.06 84 0 0
11:16 732.54 -7.06 84 .89 0
11:17 732.54 -7 84 1.79 0
11:18 732.54 -7 83 1.34 0
11:19 732.54 -7.06 83 .89 0
11:20 732.54 -7.06 83 .89 0
11:21 732.54 -7.11 83 1.79 0
11:22 732.54 -7.11 83 1.79 0
11:23 732.54 -7.11 83 1.79 0
11:24 732.54 -7.11 83 1.34 0
11:25 732.54 -7.11 83 .45 0
11:26 732.54 -7.17 83 .89 0
11:27 732.28 -7.17 83 .89 0
11:28 732.54 -7.17 83 1.79 0
11:29 732.54 -7.17 83 1.34 0
11:30 732.54 -7.17 83 1.34 0
11:31 732.28 -7.17 83 1.34 0
11:32 732.28 -7.17 83 1.34 0
11:33 732.28 -7.17 83 1.79 0
11:34 732.28 -7.17 83 .89 0
11:35 732.54 -7.22 83 1.34 0
11:36 732.28 -7.22 83 1.34 0
11:37 732.54 -7.28 83 .89 0
11:38 732.28 -7.28 83 .89 0
11:39 732.28 -7.28 83 .89 0
11:40 732.28 -7.33 83 1.34 0
11:41 732.28 -7.33 83 .89 0
11:42 732.28 -7.39 83 1.34 0
11:43 733.81 -7.67 82 0 0
11:44 732.28 -7.44 84 .89 0
11:45 732.28 -7.39 84 .45 0
11:46 732.28 -7.39 84 0 0
11:47 732.28 -7.39 84 .45 0
11:48 732.28 -7.39 84 .45 0
11:49 732.28 -7.39 84 0 0
11:50 732.28 -7.33 84 .45 0
11:51 732.28 -7.33 84 .89 0
11:52 732.28 -7.33 84 .45 0
11:53 732.28 -7.33 84 .45 0
11:54 732.28 -7.28 84 .89 0
11:55 732.28 -7.28 84 0 0
11:56 732.28 -7.22 85 .89 0
11:57 732.28 -7.22 84 1.34 0
11:58 732.28 -7.17 84 .89 0
11:59 732.28 -7.11 84 .89 0
12:00 732.28 -7.11 84 .45 0
12:01 732.28 -7.11 84 1.34 0
12:02 732.28 -7.06 84 .89 0
12:03 732.28 -7.06 84 1.34 0
12:04 732.28 -7 84 1.79 0
12:05 732.28 -6.94 84 1.34 0
12:06 732.28 -6.94 84 1.79 0
12:07 732.28 -6.89 84 1.34 0
12:08 732.28 -6.83 84 .89 0
12:09 732.28 -6.83 84 .89 0
12:10 732.28 -6.78 84 1.79 0
12:11 732.28 -6.72 84 2.24 0
12:12 732.28 -6.67 83 .89 0
12:13 732.28 -6.72 83 1.79 0
12:14 732.28 -6.72 83 3.58 0
12:15 732.28 -6.67 83 2.24 0
12:16 732.28 -6.67 83 2.24 0
12:17 732.28 -6.67 83 2.24 0
12:18 732.28 -6.67 83 .45 0
12:19 732.28 -6.67 83 1.79 0
12:20 732.28 -6.61 83 1.34 0
12:21 732.28 -6.56 83 1.79 0
12:22 732.28 -6.56 83 2.24 0
12:23 732.28 -6.56 83 1.79 0
12:24 732.28 -6.5 83 1.79 0
12:25 732.28 -6.44 83 .89 0
12:26 732.28 -6.5 83 1.79 0
12:27 732.28 -6.44 83 1.34 0
12:28 732.28 -6.44 83 1.79 0
12:29 732.28 -6.44 83 2.24 0
12:30 732.28 -6.44 83 2.24 0
12:31 732.28 -6.44 83 1.34 0
12:32 732.28 -6.44 83 1.34 0
12:33 732.28 -6.44 83 2.68 0
12:34 732.28 -6.39 83 1.34 0
12:35 732.28 -6.39 83 1.79 0
12:36 732.28 -6.39 83 3.13 0
12:37 732.28 -6.39 83 1.79 0
12:38 732.28 -6.39 83 .89 0
12:39 732.28 -6.39 83 1.79 0
12:40 732.28 -6.39 83 1.79 0
12:41 732.28 -6.33 83 1.79 0
12:42 732.28 -6.33 83 1.79 0
12:43 732.28 -6.33 83 1.34 0
12:44 732.28 -6.33 83 2.24 0
12:45 732.28 -6.28 83 2.24 0
12:46 732.28 -6.28 83 3.13 0
12:47 732.28 -6.28 83 .89 0
12:48 732.28 -6.28 83 1.79 0
12:49 732.28 -6.22 83 1.34 0
12:50 733.55 -6.33 79 0 0
12:51 732.28 -6.22 83 1.34 0
12:52 732.28 -6.22 83 2.24 0
12:53 732.28 -6.22 83 2.24 0
12:54 732.54 -6.22 83 1.34 0
12:55 732.28 -6.22 83 1.79 0
12:56 732.28 -6.22 82 2.24 0
12:57 732.28 -6.22 83 1.34 0
12:58 732.28 -6.22 83 1.79 0
12:59 732.28 -6.22 83 2.24 0
13:00 732.28 -6.22 83 .45 0
13:01 732.28 -6.22 82 2.68 0
13:02 732.28 -6.22 82 3.13 0
13:03 732.28 -6.28 82 2.68 0
13:04 732.54 -6.28 82 1.79 0
13:05 732.28 -6.22 82 1.79 0
13:06 732.28 -6.28 82 1.34 0
13:07 732.28 -6.28 82 3.13 0
13:08 732.28 -6.28 82 1.79 0
13:09 732.28 -6.28 83 .89 0
13:10 732.28 -6.28 83 1.79 0
13:11 732.28 -6.28 83 4.47 0
13:12 732.28 -6.28 83 2.24 0
13:13 732.28 -6.28 82 1.79 0
13:14 732.54 -6.28 83 3.13 0
13:15 732.28 -6.28 83 2.24 0
13:16 732.28 -6.28 83 2.68 0
13:17 732.28 -6.28 83 2.68 0
13:18 732.28 -6.28 83 2.68 0
13:19 732.28 -6.28 83 2.24 0
13:20 732.28 -6.28 83 2.68 0
13:21 732.28 -6.28 83 2.68 0
13:22 732.28 -6.28 82 1.79 0
13:23 732.28 -6.28 82 2.24 0
13:24 732.28 -6.28 83 1.79 0
13:25 732.28 -6.28 83 .89 0
13:26 732.28 -6.22 83 3.13 0
13:27 732.28 -6.22 83 3.13 0
13:28 732.28 -6.22 83 .89 0
13:29 732.28 -6.22 82 1.79 0
13:30 732.28 -6.22 82 2.68 0
13:31 732.28 -6.22 82 2.24 0
13:32 732.28 -6.22 82 .89 0
13:33 732.28 -6.17 82 1.79 0
13:34 732.28 -6.22 82 .45 0
13:35 732.28 -6.22 82 2.68 0
13:36 732.28 -6.17 82 1.79 0
13:37 732.28 -6.22 82 2.68 0
13:38 732.28 -6.22 82 2.24 0
13:39 732.28 -6.22 82 .89 0
13:40 732.28 -6.17 83 0 0
13:41 732.28 -6.17 83 .45 0
13:42 732.28 -6.17 83 .89 0
13:43 732.28 -6.11 83 3.13 0
13:44 732.28 -6.11 82 1.79 0
13:45 732.28 -6.11 82 .89 0
13:46 732.28 -6.06 82 2.24 0
13:47 732.28 -6.11 82 .89 0
13:48 732.28 -6.11 82 1.79 0
13:49 732.28 -6.06 82 2.68 0
13:50 732.28 -6.11 82 2.68 0
13:51 732.28 -6.06 82 1.79 0
13:52 732.28 -6.11 82 1.34 0
13:53 732.28 -6.06 82 .89 0
13:54 732.28 -6.06 82 2.24 0
13:55 732.28 -6.06 82 1.34 0
13:56 732.28 -6.06 82 .89 0
13:57 732.28 -6 82 .89 0
13:58 732.28 -6 82 2.68 0
13:59 732.28 -6 82 1.79 0
14:00 732.28 -6.06 82 .89 0
14:01 732.28 -6 82 2.24 0
14:02 732.28 -6 82 1.79 0
14:03 732.28 -6 82 .89 0
14:04 732.28 -6 82 2.24 0
14:05 732.28 -6 82 3.13 0
14:06 732.28 -5.94 82 2.68 0
14:07 732.28 -6 82 2.24 0
14:08 732.28 -6 82 2.68 0
14:09 732.28 -6 82 2.24 0
14:10 732.28 -6 82 1.34 0
14:11 732.28 -6 82 3.58 0
14:12 732.28 -6 82 2.68 0
14:13 732.28 -6 82 3.13 0
14:14 732.28 -6.06 82 3.13 0
14:15 732.28 -6.06 82 2.68 0
14:16 732.28 -6.06 82 3.13 0
14:17 732.28 -6.06 82 2.68 0
14:18 732.28 -6.06 82 3.58 0
14:19 732.28 -6.06 82 1.34 0
14:20 732.28 -6.06 82 1.34 0
14:21 732.28 -6.06 82 1.79 0
14:22 732.28 -6 82 2.24 0
14:23 733.55 -6 78 0 0
14:24 732.28 -6.06 82 1.34 0
14:25 733.55 -6 78 0 0
14:26 732.28 -6 82 1.79 0
14:27 732.28 -6.06 82 .89 0
14:28 732.28 -6 82 .89 0
14:29 732.28 -6 82 1.34 0
14:30 732.28 -6 82 .89 0
14:31 732.03 -6 82 2.68 0
14:32 732.28 -6 82 .89 0
14:33 732.28 -5.94 82 1.79 0
14:34 732.28 -6 82 1.34 0
14:35 732.28 -6 82 1.79 0
14:36 732.28 -6 82 2.24 0
14:37 732.28 -6 82 1.34 0
14:38 732.28 -6 82 .89 0
14:39 732.28 -5.94 82 1.79 0
14:40 732.28 -5.94 82 1.79 0
14:41 732.28 -5.89 82 2.24 0
14:42 732.28 -5.89 82 1.79 0
14:43 732.28 -5.89 82 .89 0
14:44 732.28 -5.83 82 1.34 0
14:45 732.28 -5.83 82 0 0
14:46 732.28 -5.83 82 1.79 0
14:47 732.28 -5.83 82 .89 0
14:48 732.28 -5.83 82 2.24 0
14:49 732.28 -5.83 81 1.79 0
14:50 732.28 -5.83 81 .89 0
14:51 732.28 -5.83 81 1.34 0
14:52 732.28 -5.83 81 1.79 0
14:53 732.28 -5.83 81 .89 0
14:54 732.28 -5.83 81 .45 0
14:55 732.28 -5.83 81 1.34 0
14:56 732.28 -5.83 82 1.34 0
14:57 732.28 -5.78 82 2.24 0
14:58 732.28 -5.78 81 2.24 0
14:59 732.28 -5.78 81 2.24 0
15:00 732.28 -5.78 81 2.24 0
15:01 732.28 -5.78 80 1.34 0
15:02 732.54 -5.78 80 1.79 0
15:03 732.28 -5.72 81 1.34 0
15:04 732.28 -5.78 81 2.24 0
15:05 732.54 -5.78 81 1.79 0
15:06 732.28 -5.78 80 2.24 0
15:07 732.54 -5.78 80 1.79 0
15:08 732.28 -5.72 80 .89 0
15:09 732.54 -5.72 80 1.79 0
15:10 732.28 -5.67 81 2.24 0
15:11 732.54 -5.67 81 2.24 0
15:12 732.54 -5.67 80 2.24 0
15:13 732.28 -5.67 80 .89 0
15:14 732.54 -5.67 80 1.79 0
15:15 732.54 -5.67 80 .89 0
15:16 732.54 -5.61 80 .89 0
15:17 732.54 -5.67 80 2.24 0
15:18 732.54 -5.67 80 1.79 0
15:19 732.54 -5.67 80 1.34 0
15:20 732.54 -5.67 80 1.34 0
15:21 732.54 -5.72 80 1.34 0
15:22 732.54 -5.72 80 1.34 0
15:23 732.54 -5.72 80 1.34 0
15:24 732.54 -5.67 81 1.79 0
15:25 732.54 -5.67 81 1.34 0
15:26 732.54 -5.56 81 1.79 0
15:27 732.54 -5.56 81 1.34 0
15:28 732.54 -5.5 81 1.79 0
15:29 732.54 -5.5 81 1.34 0
15:30 732.54 -5.5 80 .89 0
15:31 732.54 -5.5 80 .89 0
15:32 732.54 -5.5 80 .89 0
15:33 732.54 -5.5 80 .89 0
15:34 732.54 -5.44 80 1.34 0
15:35 732.54 -5.5 80 .89 0
15:36 732.54 -5.44 80 1.34 0
15:37 732.54 -5.39 80 1.79 0
15:38 732.54 -5.39 80 1.79 0
15:39 732.54 -5.44 80 1.79 0
15:40 732.54 -5.44 79 1.34 0
15:41 732.54 -5.39 79 1.79 0
15:42 732.54 -5.39 79 1.34 0
15:43 732.54 -5.39 79 1.34 0
15:44 732.54 -5.39 79 2.24 0
15:45 732.54 -5.44 79 1.79 0
15:46 732.54 -5.44 79 1.34 0
15:47 732.54 -5.44 79 2.68 0
15:48 732.54 -5.44 79 1.34 0
15:49 732.54 -5.44 79 1.79 0
15:50 732.54 -5.5 79 1.34 0
15:51 732.54 -5.56 79 2.24 0
15:52 732.54 -5.56 79 .89 0
15:53 732.54 -5.5 80 1.34 0
15:54 732.54 -5.5 80 .89 0
15:55 732.54 -5.44 80 .45 0
15:56 732.54 -5.44 80 1.79 0
15:57 732.54 -5.39 80 1.34 0
15:58 732.54 -5.33 80 .89 0
15:59 732.79 -5.33 79 .45 0
16:00 732.79 -5.33 79 1.34 0
16:01 732.79 -5.33 79 .89 0
16:02 732.79 -5.39 79 1.34 0
16:03 732.54 -5.39 79 .89 0
16:04 732.79 -5.39 79 1.34 0
16:05 732.79 -5.44 79 1.34 0
16:06 732.79 -5.39 79 .89 0
16:07 732.54 -5.44 79 .89 0
16:08 732.79 -5.5 79 .89 0
16:09 732.79 -5.5 79 .89 0
16:10 732.79 -5.5 79 .89 0
16:11 732.79 -5.44 79 1.34 0
16:12 732.54 -5.44 79 1.34 0
16:13 732.79 -5.5 79 .89 0
16:14 732.79 -5.5 79 1.34 0
16:15 732.79 -5.5 79 1.34 0
16:16 732.79 -5.56 79 1.34 0
16:17 732.54 -5.61 79 .89 0
16:18 732.79 -5.61 79 .89 0
16:19 732.79 -5.61 79 .89 0
16:20 732.79 -5.67 79 .89 0
16:21 732.79 -5.67 79 .89 0
16:22 732.79 -5.72 79 .89 0
16:23 732.79 -5.78 79 .89 0
16:24 732.79 -5.78 79 1.34 0
16:25 732.79 -5.83 79 .45 0
16:26 732.79 -5.83 79 .45 0
16:27 732.79 -5.83 79 .89 0
16:28 732.79 -5.89 79 .89 0
16:29 732.79 -5.89 79 1.34 0
16:30 732.79 -5.94 80 .89 0
16:31 732.79 -5.94 80 .45 0
16:32 732.79 -5.94 80 .45 0
16:33 732.79 -5.94 80 0 0
16:34 732.79 -5.94 80 .45 0
16:35 732.79 -6 80 .45 0
16:36 732.79 -6 79 .45 0
16:37 732.79 -6.06 80 1.34 0
16:38 732.79 -6.06 80 .89 0
16:39 732.79 -6.06 80 .89 0
16:40 732.79 -6.06 80 .89 0
16:41 732.79 -6.06 80 .89 0
16:42 732.79 -6 80 .45 0
16:43 732.79 -6.06 80 .89 0
16:44 732.79 -6 80 .89 0
16:45 732.79 -6 80 .89 0
16:46 732.79 -6.06 80 1.34 0
16:47 732.79 -6.06 79 .89 0
16:48 732.79 -6.06 79 1.34 0
16:49 732.79 -6 80 .45 0
16:50 732.79 -6 80 .89 0
16:51 732.79 -6 80 .45 0
16:52 732.79 -6 80 .89 0
16:53 732.79 -6 79 .89 0
16:54 732.79 -6 79 .89 0
16:55 732.79 -6 79 .45 0
16:56 732.79 -6 80 1.34 0
16:57 732.79 -6 79 1.34 0
16:58 732.79 -6 79 1.34 0
16:59 732.79 -6.06 79 .89 0
17:00 732.79 -6 79 1.34 0
17:01 733.04 -6.06 79 .89 0
17:02 732.79 -6 79 1.34 0
17:03 732.79 -6 79 .89 0
17:04 732.79 -6 79 .89 0
17:05 732.79 -6 79 .89 0
17:06 732.79 -6.06 79 .89 0
17:07 732.79 -6.06 79 .89 0
17:08 733.04 -6.06 79 .89 0
17:09 733.04 -6.06 79 .45 0
17:10 733.04 -6.06 79 .89 0
17:11 733.04 -6.06 79 .45 0
17:12 733.04 -6.11 79 .45 0
17:13 733.04 -6.17 79 .45 0
17:14 733.04 -6.17 79 .45 0
17:15 733.04 -6.22 79 .89 0
17:16 733.04 -6.22 79 .45 0
17:17 733.04 -6.28 80 .45 0
17:18 733.04 -6.33 80 .45 0
17:19 733.04 -6.33 80 .45 0
17:20 733.04 -6.39 80 .45 0
17:21 733.04 -6.39 80 .45 0
17:22 733.04 -6.44 80 .45 0
17:23 733.04 -6.44 80 .89 0
17:24 733.04 -6.5 80 .89 0
17:25 733.04 -6.56 80 .89 0
17:26 733.04 -6.61 80 .89 0
17:27 733.04 -6.67 81 .89 0
17:28 733.04 -6.67 81 .45 0
17:29 733.04 -6.67 81 .89 0
17:30 733.04 -6.72 81 .89 0
17:31 733.04 -6.72 81 .89 0
17:32 733.04 -6.72 81 .89 0
17:33 733.04 -6.78 81 1.34 0
17:34 733.04 -6.78 81 1.34 0
17:35 733.04 -6.83 81 1.34 0
17:36 733.04 -6.83 81 .89 0
17:37 733.04 -6.83 81 1.34 0
17:38 733.04 -6.89 81 1.34 0
17:39 733.04 -6.89 81 .89 0
17:40 733.04 -6.94 81 1.79 0
17:41 733.04 -6.94 81 1.34 0
17:42 733.04 -6.94 81 .89 0
17:43 733.04 -7 82 .89 0
17:44 733.04 -7 82 .89 0
17:45 733.04 -7.06 82 1.34 0
17:46 733.04 -7.06 82 .89 0
17:47 733.04 -7.11 82 1.34 0
17:48 733.04 -7.11 82 .89 0
17:49 733.3 -7.17 82 1.34 0
17:50 733.04 -7.22 82 .89 0
17:51 733.3 -7.22 82 1.34 0
17:52 733.04 -7.28 82 1.34 0
17:53 733.3 -7.28 82 .89 0
17:54 733.3 -7.33 82 .89 0
17:55 733.3 -7.33 83 .45 0
17:56 733.3 -7.39 83 1.34 0
17:57 733.3 -7.39 83 2.24 0
17:58 733.3 -7.44 83 1.79 0
17:59 733.04 -7.44 83 .89 0
18:00 733.3 -7.44 83 .89 0
18:01 733.3 -7.44 83 .89 0
18:02 733.3 -7.44 83 1.34 0
18:03 733.3 -7.5 83 .45 0
18:04 733.3 -7.56 83 1.79 0
18:05 733.3 -7.56 83 1.34 0
18:06 733.04 -7.56 84 1.34 0
18:07 733.04 -7.61 84 1.79 0
18:08 733.3 -7.67 84 1.79 0
18:09 733.3 -7.67 84 1.34 0
18:10 733.3 -7.67 84 2.68 0
18:11 733.3 -7.72 84 2.24 0
18:12 733.3 -7.72 84 1.79 0
18:13 733.3 -7.78 84 1.34 0
18:14 733.3 -7.78 84 1.79 0
18:15 733.3 -7.78 84 2.24 0
18:16 733.3 -7.78 84 1.79 0
18:17 733.3 -7.83 85 .45 0
18:18 733.3 -7.83 85 2.24 0
18:19 733.3 -7.83 85 1.34 0
18:20 733.3 -7.83 85 1.79 0
18:21 733.3 -7.83 85 .89 0
18:22 733.3 -7.83 85 1.79 0
18:23 733.3 -7.83 85 1.34 0
18:24 733.3 -7.83 85 1.34 0
18:25 733.3 -7.89 85 1.34 0
18:26 733.3 -7.83 85 1.79 0
18:27 733.3 -7.89 85 .89 0
18:28 733.3 -7.89 85 .89 0
18:29 733.3 -7.89 85 .89 0
18:30 733.3 -7.89 85 1.34 0
18:31 733.3 -7.89 86 .89 0
18:32 733.3 -7.89 86 .89 0
18:33 733.55 -7.89 86 .45 0
18:34 733.55 -7.89 86 .45 0
18:35 733.3 -7.89 86 .45 0
18:36 733.55 -7.89 86 .89 0
18:37 733.55 -7.89 86 1.34 0
18:38 733.55 -7.89 85 .45 0
18:39 733.55 -7.89 86 .89 0
18:40 733.55 -7.89 85 .89 0
18:41 733.55 -7.89 85 .89 0
18:42 733.55 -7.89 85 1.34 0
18:43 733.55 -7.89 86 .89 0
18:44 733.55 -7.89 86 1.34 0
18:45 733.55 -7.89 86 1.79 0
18:46 733.55 -7.89 86 1.34 0
18:47 733.55 -7.89 86 .89 0
18:48 733.55 -7.83 86 1.34 0
18:49 733.55 -7.83 85 1.34 0
18:50 733.55 -7.83 85 1.34 0
18:51 733.55 -7.83 85 1.34 0
18:52 733.55 -7.83 85 .89 0
18:53 733.55 -7.83 85 1.34 0
18:54 733.55 -7.83 85 1.34 0
18:55 733.55 -7.83 85 1.34 0
18:56 733.55 -7.83 85 1.79 0
18:57 733.55 -7.83 85 1.34 0
18:58 733.55 -7.83 85 1.34 0
18:59 733.55 -7.83 85 .89 0
19:00 733.55 -7.83 85 1.34 0
19:01 733.55 -7.83 85 1.34 0
19:02 733.55 -7.83 85 1.34 0
19:03 733.55 -7.78 85 1.34 0
19:04 733.55 -7.78 85 1.79 0
19:05 733.55 -7.83 85 1.79 0
19:06 733.55 -7.78 85 1.79 0
19:07 733.55 -7.78 85 1.34 0
19:08 733.55 -7.78 85 .89 0
19:09 733.55 -7.78 85 1.79 0
19:10 733.55 -7.78 85 2.24 0
19:11 733.55 -7.78 85 1.34 0
19:12 733.55 -7.72 85 1.34 0
19:13 733.55 -7.72 85 1.79 0
19:14 733.55 -7.72 85 1.79 0
19:15 733.55 -7.72 85 1.79 0
19:16 733.55 -7.72 85 1.79 0
19:17 733.55 -7.67 85 .89 0
19:18 733.55 -7.67 85 1.79 0
19:19 733.55 -7.67 85 1.79 0
19:20 733.55 -7.67 85 1.79 0
19:21 733.55 -7.67 85 2.68 0
19:22 733.55 -7.61 85 .89 0
19:23 733.55 -7.61 85 2.24 0
19:24 733.55 -7.56 85 2.24 0
19:25 733.55 -7.61 85 2.68 0
19:26 733.55 -7.56 85 2.68 0
19:27 733.55 -7.5 85 1.34 0
19:28 733.55 -7.44 85 1.79 0
19:29 733.55 -7.44 85 1.34 0
19:30 733.55 -7.39 85 2.68 0
19:31 733.55 -7.39 85 1.34 0
19:32 733.55 -7.28 85 1.34 0
19:33 733.55 -7.28 85 1.79 0
19:34 733.55 -7.28 85 1.34 0
19:35 733.55 -7.17 85 1.34 0
19:36 733.55 -7.17 84 2.24 0
19:37 733.55 -7.17 84 1.79 0
19:38 733.55 -7.11 84 1.34 0
19:39 733.55 -7.11 84 2.24 0
19:40 733.55 -7.11 84 2.68 0
19:41 733.55 -7.06 84 2.24 0
19:42 733.55 -7.06 84 1.34 0
19:43 733.55 -7.06 84 1.79 0
19:44 733.55 -7.06 83 2.24 0
19:45 733.55 -7.06 84 1.79 0
19:46 733.55 -7.06 83 2.68 0
19:47 733.55 -7 83 1.79 0
19:48 733.55 -7 84 1.34 0
19:49 733.55 -6.94 84 1.34 0
19:50 733.55 -6.94 83 2.24 0
19:51 733.55 -6.94 84 4.47 0
19:52 733.55 -6.94 83 1.79 0
19:53 733.55 -6.94 83 3.13 0
19:54 733.81 -6.94 83 1.79 0
19:55 733.55 -6.94 83 2.24 0
19:56 733.55 -6.94 83 3.58 0
19:57 733.55 -6.89 83 4.02 0
19:58 733.55 -6.89 83 2.68 0
19:59 733.81 -6.89 83 2.68 0
20:00 733.81 -6.89 83 2.68 0
20:01 733.81 -6.89 83 3.58 0
20:02 733.81 -6.89 83 1.79 0
20:03 733.81 -6.89 83 2.24 0
20:04 733.81 -6.89 84 2.68 0
20:05 733.55 -6.83 84 1.79 0
20:06 733.81 -6.83 84 4.02 0
20:07 733.81 -6.83 84 3.58 0
20:08 733.81 -6.83 83 2.24 0
20:09 733.81 -6.83 83 4.47 0
20:10 733.81 -6.78 83 3.13 0
20:11 733.55 -6.78 83 2.68 0
20:12 733.81 -6.78 83 3.13 0
20:13 733.81 -6.78 83 3.58 0
20:14 733.55 -6.78 83 4.47 0
20:15 733.81 -6.78 83 3.58 0
20:16 733.81 -6.78 83 4.02 0
20:17 733.55 -6.78 83 4.02 0
20:18 733.81 -6.78 83 3.58 0
20:19 733.81 -6.83 83 2.24 0
20:20 733.81 -6.78 83 4.02 0
20:21 733.81 -6.83 83 2.24 0
20:22 733.81 -6.83 83 1.34 0
20:23 733.81 -6.83 83 3.58 0
20:24 733.81 -6.83 83 4.02 0
20:25 733.81 -6.83 84 3.13 0
20:26 733.81 -6.89 84 1.79 0
20:27 733.81 -6.83 84 2.68 0
20:28 733.81 -6.83 84 3.58 0
20:29 733.81 -6.83 84 1.79 0
20:30 733.81 -6.83 84 2.68 0
20:31 733.81 -6.83 84 1.79 0
20:32 733.81 -6.83 84 2.68 0
20:33 733.81 -6.83 84 2.68 0
20:34 733.81 -6.83 84 3.13 0
20:35 733.81 -6.83 84 3.58 0
20:36 733.81 -6.78 84 2.24 0
20:37 733.81 -6.78 84 2.24 0
20:38 733.81 -6.78 84 4.47 0
20:39 733.81 -6.72 84 2.68 0
20:40 733.81 -6.72 83 4.47 0
20:41 733.81 -6.72 83 1.79 0
20:42 733.81 -6.72 83 3.13 0
20:43 733.81 -6.78 83 2.68 0
20:44 733.81 -6.78 83 2.68 0
20:45 733.81 -6.78 83 3.58 0
20:46 733.81 -6.78 83 2.24 0
20:47 733.81 -6.78 83 1.79 0
20:48 733.81 -6.78 84 2.68 0
20:49 733.81 -6.72 84 2.68 0
20:50 733.81 -6.72 84 3.13 0
20:51 733.81 -6.72 83 4.47 0
20:52 733.81 -6.72 84 3.58 0
20:53 733.81 -6.67 84 3.58 0
20:54 733.81 -6.67 84 4.02 0
20:55 733.81 -6.67 84 3.13 0
20:56 733.81 -6.61 83 3.13 0
20:57 733.81 -6.61 84 1.34 0
20:58 733.81 -6.61 84 3.13 0
20:59 733.81 -6.61 83 3.13 0
21:00 733.81 -6.61 83 2.24 0
21:01 733.81 -6.61 83 2.24 0
21:02 733.81 -6.61 83 4.47 0
21:03 733.81 -6.61 83 3.13 0
21:04 734.06 -6.56 83 4.02 0
21:05 734.06 -6.61 83 2.24 0
21:06 733.81 -6.56 83 2.68 0
21:07 734.06 -6.56 83 2.68 0
21:08 734.06 -6.56 83 2.68 0
21:09 734.06 -6.56 83 4.02 0
21:10 734.06 -6.56 84 1.34 0
21:11 734.06 -6.56 84 3.13 0
21:12 734.06 -6.5 84 1.79 0
21:13 734.06 -6.44 83 2.24 0
21:14 734.06 -6.44 84 3.58 0
21:15 734.06 -6.44 83 1.79 0
21:16 734.06 -6.44 83 .89 0
21:17 734.06 -6.44 83 2.24 0
21:18 734.06 -6.44 83 2.24 0
21:19 734.06 -6.39 83 2.24 0
21:20 734.06 -6.39 83 1.79 0
21:21 734.06 -6.39 83 3.13 0
21:22 734.06 -6.44 83 3.13 0
21:23 734.06 -6.39 83 3.58 0
21:24 734.06 -6.39 83 1.34 0
21:25 734.06 -6.39 83 2.68 0
21:26 734.06 -6.39 83 1.34 0
21:27 734.06 -6.33 83 2.24 0
21:28 734.06 -6.33 83 3.13 0
21:29 734.06 -6.33 83 2.24 0
21:30 734.06 -6.33 83 1.34 0
21:31 734.06 -6.28 83 1.34 0
21:32 734.06 -6.28 83 3.13 0
21:33 734.06 -6.22 83 2.68 0
21:34 734.06 -6.22 83 3.13 0
21:35 734.06 -6.28 83 3.58 0
21:36 734.06 -6.28 83 3.13 0
21:37 734.06 -6.28 83 2.24 0
21:38 734.06 -6.28 83 1.34 0
21:39 734.06 -6.28 83 1.79 0
21:40 734.06 -6.28 83 2.24 0
21:41 734.06 -6.22 83 2.68 0
21:42 734.06 -6.22 83 3.13 0
21:43 734.06 -6.22 83 3.58 0
21:44 734.06 -6.22 83 2.24 0
21:45 734.06 -6.22 83 2.24 0
21:46 734.06 -6.22 83 5.81 0
21:47 734.06 -6.22 83 4.47 0
21:48 734.06 -6.22 83 .89 0
21:49 734.06 -6.22 83 2.68 0
21:50 734.06 -6.22 83 1.34 0
21:51 734.06 -6.22 83 4.02 0
21:52 734.06 -6.22 83 2.24 0
21:53 734.06 -6.17 83 3.13 0
21:54 734.06 -6.22 83 2.68 0
21:55 734.06 -6.22 83 1.79 0
21:56 734.06 -6.17 83 4.02 0
21:57 734.06 -6.17 83 2.68 0
21:58 734.06 -6.11 83 2.68 0
21:59 734.06 -6.11 82 2.24 0
22:00 734.06 -6.11 82 2.24 0
22:01 734.06 -6.11 82 1.34 0
22:02 734.06 -6.11 82 2.24 0
22:03 734.06 -6.11 82 3.13 0
22:04 734.06 -6.11 82 2.68 0
22:05 734.06 -6.11 82 3.58 0
22:06 734.06 -6.06 82 1.79 0
22:07 734.06 -6.06 82 3.13 0
22:08 734.06 -6.06 82 4.47 0
22:09 734.06 -6.06 82 1.34 0
22:10 734.06 -6.06 82 1.34 0
22:11 734.06 -6.06 82 1.34 0
22:12 734.06 -6.06 82 1.79 0
22:13 734.06 -6 82 1.34 0
22:14 734.06 -5.94 82 .89 0
22:15 734.06 -5.94 82 1.79 0
22:16 734.06 -5.89 82 3.13 0
22:17 734.31 -5.89 82 2.68 0
22:18 734.06 -5.89 82 3.58 0
22:19 734.31 -5.94 82 2.24 0
22:20 734.06 -5.94 82 1.79 0
22:21 734.06 -5.94 82 1.79 0
22:22 734.06 -5.94 82 3.58 0
22:23 734.31 -5.94 82 1.79 0
22:24 734.31 -5.94 82 .89 0
22:25 734.31 -5.94 82 3.58 0
22:26 734.06 -5.94 82 3.13 0
22:27 734.31 -5.94 82 3.13 0
22:28 734.31 -5.94 82 1.34 0
22:29 734.31 -5.94 82 4.47 0
22:30 734.31 -5.94 82 3.13 0
22:31 734.31 -5.89 82 2.68 0
22:32 734.31 -5.89 82 2.68 0
22:33 734.06 -5.83 82 2.68 0
22:34 734.31 -5.89 81 2.68 0
22:35 734.31 -5.89 81 1.79 0
22:36 734.31 -5.89 81 3.13 0
22:37 734.31 -5.89 82 2.24 0
22:38 734.31 -5.89 81 1.34 0
22:39 734.31 -5.83 82 1.79 0
22:40 734.31 -5.89 82 2.24 0
22:41 734.31 -5.83 81 1.79 0
22:42 734.31 -5.83 81 2.24 0
22:43 734.31 -5.83 81 .89 0
22:44 734.31 -5.83 81 1.79 0
22:45 734.31 -5.83 82 2.24 0
22:46 734.31 -5.83 82 2.24 0
22:47 734.31 -5.78 82 1.34 0
22:48 734.31 -5.78 81 2.24 0
22:49 734.31 -5.78 81 2.24 0
22:50 734.31 -5.72 81 4.02 0
22:51 734.31 -5.78 81 2.68 0
22:52 734.31 -5.78 81 1.79 0
22:53 734.31 -5.78 81 1.79 0
22:54 734.31 -5.78 81 2.24 0
22:55 734.31 -5.78 81 1.34 0
22:56 734.31 -5.78 81 1.79 0
22:57 734.31 -5.83 81 1.79 0
22:58 734.31 -5.83 81 1.79 0
22:59 734.31 -5.83 81 3.13 0
23:00 734.31 -5.83 81 1.79 0
23:01 734.31 -5.89 81 2.24 0
23:02 734.31 -5.89 81 2.24 0
23:03 734.31 -5.94 81 2.68 0
23:04 734.31 -5.94 81 2.24 0
23:05 734.31 -5.94 81 1.79 0
23:06 734.31 -5.89 81 .89 0
23:07 734.31 -5.89 82 2.68 0
23:08 734.31 -5.89 82 .89 0
23:09 734.31 -5.89 81 2.24 0
23:10 734.31 -5.83 81 1.79 0
23:11 734.31 -5.83 82 1.34 0
23:12 734.31 -5.83 82 .89 0
23:13 734.31 -5.78 82 1.79 0
23:14 734.31 -5.78 81 2.68 0
23:15 734.31 -5.78 81 2.24 0
23:16 734.31 -5.78 81 2.24 0
23:17 734.57 -5.83 81 1.79 0
23:18 734.57 -5.83 81 2.24 0
23:19 734.57 -5.83 81 2.68 0
23:20 734.57 -5.83 81 2.24 0
23:21 734.57 -5.83 81 1.79 0
23:22 734.57 -5.83 81 2.68 0
23:23 734.57 -5.83 81 3.13 0
23:24 734.57 -5.83 81 2.24 0
23:25 734.57 -5.89 81 2.24 0
23:26 734.57 -5.89 81 3.13 0
23:27 734.57 -5.89 81 1.79 0
23:28 734.57 -5.89 81 1.79 0
23:29 734.57 -5.89 81 2.24 0
23:30 734.57 -5.89 81 2.68 0
23:31 734.57 -5.89 81 2.24 0
23:32 734.57 -5.89 81 1.79 0
23:33 734.57 -5.83 82 2.68 0
23:34 734.57 -5.83 82 2.24 0
23:35 734.57 -5.83 81 1.79 0
23:36 734.57 -5.83 81 1.34 0
23:37 734.82 -5.83 82 .89 0
23:38 734.82 -5.83 82 2.24 0
23:39 734.82 -5.78 81 2.68 0
23:40 734.82 -5.83 81 2.24 0
23:41 734.82 -5.83 81 2.24 0
23:42 734.82 -5.83 81 2.68 0
23:43 734.82 -5.78 81 2.68 0
23:44 734.82 -5.83 81 2.24 0
23:45 734.82 -5.78 81 1.79 0
23:46 734.82 -5.83 81 1.34 0
23:47 734.82 -5.78 81 4.02 0
23:48 734.82 -5.78 81 3.58 0
23:49 734.82 -5.78 81 .89 0
23:50 734.82 -5.78 82 2.24 0
23:51 734.82 -5.78 82 1.79 0
23:52 734.82 -5.72 81 3.13 0
23:53 734.82 -5.72 81 2.24 0
23:54 734.82 -5.72 81 2.68 0
23:55 734.82 -5.78 81 1.79 0
23:56 734.82 -5.72 81 4.47 0
23:57 734.82 -5.72 81 2.24 0
23:58 734.82 -5.72 81 4.02 0
23:59 734.82 -5.78 81 1.79 0
