00:00 750.57 2.33 54 .89 0
00:01 750.57 2.33 54 1.34 0
00:02 750.57 2.33 54 .45 0
00:03 750.57 2.33 55 1.79 0
00:04 750.57 2.33 53 1.79 0
00:05 750.57 2.28 55 1.79 0
00:06 750.57 2.28 56 1.34 0
00:07 750.57 2.22 56 1.79 0
00:08 750.57 2.22 55 1.34 0
00:09 750.57 2.17 55 1.79 0
00:10 750.57 2.17 54 1.34 0
00:11 750.57 2.17 56 .89 0
00:12 750.57 2.11 55 1.34 0
00:13 750.57 2.11 54 1.34 0
00:14 750.57 2.11 54 1.34 0
00:15 750.57 2.17 54 .89 0
00:16 750.57 2.17 53 .89 0
00:17 750.57 2.22 53 1.34 0
00:18 750.57 2.22 52 .89 0
00:19 750.57 2.22 53 .89 0
00:20 750.57 2.22 55 .89 0
00:21 750.57 2.22 54 1.34 0
00:22 750.57 2.22 53 1.79 0
00:23 750.57 2.22 54 1.34 0
00:24 750.57 2.22 54 1.34 0
00:25 750.57 2.22 53 1.34 0
00:26 750.57 2.17 53 .89 0
00:27 750.57 2.17 54 1.79 0
00:28 750.57 2.17 54 1.34 0
00:29 750.57 2.11 54 1.34 0
00:30 750.57 2.06 54 1.34 0
00:31 750.57 2.06 54 1.34 0
00:32 750.57 2.06 54 .89 0
00:33 750.57 2 55 1.34 0
00:34 750.57 1.94 55 1.34 0
00:35 750.57 1.94 56 .89 0
00:36 750.57 1.83 56 .45 0
00:37 750.57 1.83 57 .45 0
00:38 750.57 1.78 57 1.34 0
00:39 750.57 1.72 57 1.79 0
00:40 750.57 1.67 56 .45 0
00:41 750.57 1.67 57 .45 0
00:42 750.57 1.61 57 .45 0
00:43 750.57 1.61 57 .45 0
00:44 750.57 1.56 57 .45 0
00:45 750.57 1.5 57 0 0
00:46 750.57 1.5 57 0 0
00:47 750.57 1.44 58 .45 0
00:48 750.57 1.39 58 .45 0
00:49 750.57 1.39 58 .45 0
00:50 750.57 1.28 58 .45 0
00:51 750.57 1.28 58 1.79 0
00:52 750.57 1.22 58 0 0
00:53 750.57 1.22 59 .45 0
00:54 750.57 1.11 59 .45 0
00:55 750.57 1.06 59 .45 0
00:56 750.57 1.06 59 .45 0
00:57 750.57 1 59 0 0
00:58 750.57 .94 60 .45 0
00:59 750.57 .89 59 .45 0
01:00 750.57 .89 60 .45 0
01:01 750.57 .89 60 0 0
01:02 750.57 .89 60 0 0
01:03 750.57 .89 60 .45 0
01:04 750.57 .89 59 0 0
01:05 750.57 .89 60 0 0
01:06 750.57 .83 60 .45 0
01:07 750.57 .83 59 .45 0
01:08 750.57 .78 59 .89 0
01:09 750.57 .78 59 0 0
01:10 750.57 .72 60 0 0
01:11 750.57 .67 60 .45 0
01:12 750.57 .61 60 0 0
01:13 750.57 .56 61 0 0
01:14 750.57 .56 61 0 0
01:15 750.57 .5 62 0 0
01:16 750.57 .44 62 .89 0
01:17 750.57 .44 62 .89 0
01:18 750.57 .44 63 .89 0
01:19 750.57 .44 62 .89 0
01:20 750.57 .44 62 .89 0
01:21 750.57 .44 62 .89 0
01:22 750.57 .44 63 .45 0
01:23 750.57 .39 64 .89 0
01:24 750.57 .39 64 .89 0
01:25 750.57 .33 64 .45 0
01:26 750.57 .33 64 1.34 0
01:27 750.57 .33 63 .45 0
01:28 750.57 .33 62 1.79 0
01:29 750.57 .33 62 .89 0
01:30 750.57 .39 63 1.34 0
01:31 750.57 .39 62 .89 0
01:32 750.57 .39 62 .89 0
01:33 750.57 .39 63 1.79 0
01:34 750.57 .39 62 1.34 0
01:35 750.57 .39 62 .45 0
01:36 750.57 .39 62 .45 0
01:37 750.57 .39 62 .45 0
01:38 750.57 .44 62 .45 0
01:39 750.57 .44 62 .45 0
01:40 750.57 .44 62 .45 0
01:41 750.57 .39 62 .45 0
01:42 750.57 .39 63 .89 0
01:43 750.57 .33 63 .45 0
01:44 750.57 .28 63 .45 0
01:45 750.57 .22 63 .89 0
01:46 750.57 .17 63 .45 0
01:47 750.57 .17 63 .45 0
01:48 750.57 .11 64 .89 0
01:49 750.57 .11 64 .89 0
01:50 750.57 .11 64 .89 0
01:51 750.57 .11 63 .45 0
01:52 750.57 .17 63 1.34 0
01:53 750.57 .17 63 .45 0
01:54 750.57 .17 63 .89 0
01:55 750.57 .17 63 .89 0
01:56 750.57 .17 63 .45 0
01:57 750.57 .17 63 .89 0
01:58 750.57 .17 64 1.79 0
01:59 750.57 .17 64 .45 0
02:00 750.57 .11 64 .89 0
02:01 750.57 .06 64 1.34 0
02:02 750.57 .06 64 1.34 0
02:03 750.57 0 64 .89 0
02:04 750.57 .06 64 2.24 0
02:05 750.57 .11 62 .89 0
02:06 750.57 .17 62 .45 0
02:07 750.57 .22 62 .45 0
02:08 750.57 .22 62 .89 0
02:09 750.57 .28 61 1.34 0
02:10 750.57 .33 61 1.34 0
02:11 750.57 .33 61 .45 0
02:12 750.57 .33 61 1.34 0
02:13 750.57 .39 60 .89 0
02:14 750.57 .39 61 1.79 0
02:15 750.57 .39 60 .89 0
02:16 750.57 .39 60 1.34 0
02:17 750.57 .44 60 .89 0
02:18 750.57 .44 60 .45 0
02:19 750.57 .44 61 .89 0
02:20 750.32 .44 59 1.79 0
02:21 750.57 .44 59 .89 0
02:22 750.32 .5 59 .89 0
02:23 750.32 .5 59 1.79 0
02:24 750.57 .44 59 .45 0
02:25 750.57 .44 59 1.79 0
02:26 750.32 .44 59 1.34 0
02:27 750.32 .44 59 3.13 0
02:28 750.57 .44 59 .89 0
02:29 750.32 .5 59 .45 0
02:30 750.57 .5 59 .89 0
02:31 750.57 .44 60 1.34 0
02:32 750.57 .44 59 1.79 0
02:33 750.32 .44 59 .89 0
02:34 750.32 .44 60 .89 0
02:35 750.57 .44 59 .89 0
02:36 750.32 .44 59 .89 0
02:37 750.32 .44 59 .89 0
02:38 750.32 .44 59 .45 0
02:39 750.32 .44 59 .45 0
02:40 750.57 .39 60 .89 0
02:41 750.32 .39 60 2.24 0
02:42 750.32 .39 59 1.34 0
02:43 750.32 .39 59 .89 0
02:44 750.32 .33 60 .89 0
02:45 750.32 .33 60 .89 0
02:46 750.32 .33 60 0 0
02:47 750.32 .28 60 .45 0
02:48 750.32 .28 60 .45 0
02:49 750.57 .28 60 .89 0
02:50 750.32 .28 60 .89 0
02:51 750.32 .28 60 1.34 0
02:52 750.32 .22 60 .89 0
02:53 750.32 .22 60 1.34 0
02:54 750.32 .22 60 .45 0
02:55 750.32 .22 60 .89 0
02:56 750.32 .22 60 .45 0
02:57 750.32 .17 60 .89 0
02:58 750.32 .17 60 .89 0
02:59 750.32 .17 60 .89 0
03:00 750.32 .17 60 .45 0
03:01 750.32 .17 60 .45 0
03:02 750.32 .11 60 0 0
03:03 750.32 .11 60 .45 0
03:04 750.32 .11 60 .45 0
03:05 750.32 .11 60 0 0
03:06 750.32 .06 60 .89 0
03:07 750.32 .06 60 .89 0
03:08 750.32 .06 60 .45 0
03:09 750.32 .06 61 0 0
03:10 750.32 0 61 .89 0
03:11 750.32 0 60 .89 0
03:12 750.32 0 61 .89 0
03:13 750.32 0 60 .45 0
03:14 750.32 0 60 .45 0
03:15 750.32 -.06 60 0 0
03:16 750.32 -.06 61 0 0
03:17 750.32 -.06 61 .45 0
03:18 750.32 -.11 61 0 0
03:19 750.32 -.11 61 .45 0
03:20 750.32 -.11 62 .45 0
03:21 750.32 -.11 62 .89 0
03:22 750.32 -.17 62 .45 0
03:23 750.32 -.22 62 .89 0
03:24 750.32 -.22 62 .45 0
03:25 750.32 -.28 62 .45 0
03:26 750.32 -.28 63 .45 0
03:27 750.32 -.33 63 .45 0
03:28 750.32 -.33 63 .89 0
03:29 750.32 -.39 64 0 0
03:30 750.32 -.39 64 0 0
03:31 750.32 -.44 64 .89 0
03:32 750.32 -.44 64 .45 0
03:33 750.32 -.5 64 .45 0
03:34 750.32 -.5 64 .45 0
03:35 750.32 -.5 64 0 0
03:36 750.32 -.56 63 .45 0
03:37 750.32 -.56 63 .45 0
03:38 750.32 -.61 63 .89 0
03:39 750.32 -.61 63 0 0
03:40 750.32 -.67 63 0 0
03:41 750.32 -.67 63 0 0
03:42 750.32 -.67 64 .45 0
03:43 750.32 -.67 63 0 0
03:44 750.32 -.72 63 .89 0
03:45 750.32 -.72 63 .89 0
03:46 750.32 -.72 63 .45 0
03:47 750.32 -.72 63 .45 0
03:48 750.32 -.72 64 0 0
03:49 750.32 -.72 64 0 0
03:50 750.32 -.72 64 .45 0
03:51 750.32 -.72 64 .45 0
03:52 750.32 -.72 63 .45 0
03:53 750.32 -.78 63 .89 0
03:54 750.32 -.78 63 .45 0
03:55 750.32 -.72 63 .89 0
03:56 750.32 -.78 63 .45 0
03:57 750.32 -.78 63 .45 0
03:58 750.32 -.78 64 .45 0
03:59 750.32 -.78 64 .45 0
04:00 750.32 -.78 64 .45 0
04:01 750.32 -.83 64 .45 0
04:02 750.32 -.83 64 .45 0
04:03 750.32 -.83 65 .89 0
04:04 750.32 -.83 64 .89 0
04:05 750.32 -.83 65 0 0
04:06 750.32 -.83 65 .45 0
04:07 750.32 -.83 64 .89 0
04:08 750.32 -.83 64 .45 0
04:09 750.32 -.83 64 .45 0
04:10 750.32 -.89 64 .89 0
04:11 750.32 -.89 64 1.34 0
04:12 750.32 -.89 64 .45 0
04:13 750.32 -.89 64 .45 0
04:14 750.32 -.89 64 .89 0
04:15 750.32 -.89 64 .45 0
04:16 750.32 -.89 64 .89 0
04:17 750.32 -.89 64 1.34 0
04:18 750.32 -.94 64 .45 0
04:19 750.32 -.94 64 .45 0
04:20 750.32 -.89 64 .45 0
04:21 750.32 -.89 64 .89 0
04:22 750.32 -.89 64 .45 0
04:23 750.06 -.94 64 .45 0
04:24 750.06 -.94 64 1.34 0
04:25 750.32 -.94 64 .45 0
04:26 750.06 -.89 64 .45 0
04:27 750.06 -.89 64 .45 0
04:28 750.06 -.89 64 .45 0
04:29 750.06 -.89 64 0 0
04:30 750.06 -.89 64 .89 0
04:31 750.06 -.89 64 .89 0
04:32 750.06 -.89 64 .89 0
04:33 750.06 -.89 64 0 0
04:34 750.06 -.89 64 .45 0
04:35 750.06 -.83 64 .45 0
04:36 750.32 -.83 64 2.24 0
04:37 750.32 -.83 64 .45 0
04:38 750.06 -.83 64 .45 0
04:39 750.06 -.83 64 .45 0
04:40 750.06 -.83 64 1.34 0
04:41 750.06 -.83 63 .45 0
04:42 750.06 -.83 63 .45 0
04:43 750.32 -.83 64 .89 0
04:44 750.06 -.78 64 .89 0
04:45 750.06 -.78 64 .45 0
04:46 750.32 -.78 64 .89 0
04:47 750.06 -.78 63 .45 0
04:48 750.06 -.78 64 .89 0
04:49 750.06 -.72 63 .89 0
04:50 750.06 -.72 64 .89 0
04:51 750.06 -.72 63 .45 0
04:52 750.06 -.67 63 1.34 0
04:53 750.06 -.72 63 .89 0
04:54 750.06 -.67 63 .89 0
04:55 750.06 -.67 63 .89 0
04:56 750.06 -.67 63 .89 0
04:57 750.06 -.67 63 .45 0
04:58 750.06 -.72 63 .45 0
04:59 750.06 -.67 63 .89 0
05:00 750.06 -.67 63 .89 0
05:01 750.06 -.72 63 .45 0
05:02 750.06 -.67 63 .45 0
05:03 750.06 -.72 63 .89 0
05:04 750.06 -.72 63 .89 0
05:05 750.06 -.72 63 .89 0
05:06 750.32 -.72 63 .89 0
05:07 750.06 -.72 63 .89 0
05:08 750.06 -.78 63 .89 0
05:09 750.06 -.78 63 .45 0
05:10 750.06 -.78 63 .89 0
05:11 750.32 -.78 63 .89 0
05:12 750.32 -.72 63 .89 0
05:13 750.06 -.78 63 0 0
05:14 750.06 -.78 63 .45 0
05:15 750.06 -.72 64 .89 0
05:16 750.06 -.72 63 .45 0
05:17 750.06 -.67 63 .89 0
05:18 750.06 -.67 63 .45 0
05:19 750.32 -.67 63 .45 0
05:20 750.06 -.67 63 .45 0
05:21 750.06 -.67 63 0 0
05:22 750.06 -.61 63 0 0
05:23 750.06 -.61 63 0 0
05:24 750.06 -.61 63 .45 0
05:25 750.32 -.56 63 0 0
05:26 750.06 -.56 63 .45 0
05:27 750.32 -.56 63 .45 0
05:28 750.32 -.56 63 .45 0
05:29 750.06 -.56 63 1.34 0
05:30 750.32 -.5 63 .89 0
05:31 750.06 -.5 63 .89 0
05:32 750.32 -.5 63 .45 0
05:33 750.06 -.44 63 .45 0
05:34 750.06 -.44 63 .45 0
05:35 750.32 -.44 63 .45 0
05:36 750.06 -.39 63 .45 0
05:37 750.32 -.39 63 .45 0
05:38 750.06 -.39 63 .45 0
05:39 750.06 -.33 63 .89 0
05:40 750.32 -.28 62 .45 0
05:41 750.32 -.28 62 .89 0
05:42 750.32 -.28 62 .89 0
05:43 750.06 -.28 62 .45 0
05:44 750.32 -.28 62 .45 0
05:45 750.32 -.28 62 1.34 0
05:46 750.32 -.33 62 .45 0
05:47 750.32 -.28 62 .45 0
05:48 750.32 -.28 62 .89 0
05:49 750.32 -.22 62 1.34 0
05:50 750.32 -.17 62 .89 0
05:51 750.06 -.17 62 .89 0
05:52 750.06 -.11 62 .89 0
05:53 750.32 -.11 62 .89 0
05:54 750.06 -.11 62 .45 0
05:55 750.32 -.06 62 0 0
05:56 750.32 0 62 .45 0
05:57 750.32 0 62 .45 0
05:58 750.06 .06 61 .89 0
05:59 750.32 .06 61 .45 0
06:00 750.06 .11 61 .89 0
06:01 750.06 .11 61 0 0
06:02 750.06 .11 61 .45 0
06:03 750.06 .17 61 .89 0
06:04 750.06 .22 61 .45 0
06:05 750.06 .22 61 .45 0
06:06 750.06 .22 61 .45 0
06:07 750.06 .28 61 1.34 0
06:08 750.06 .28 61 0 0
06:09 750.06 .33 61 .45 0
06:10 750.06 .33 61 .45 0
06:11 750.32 .39 61 .45 0
06:12 750.32 .39 61 .89 0
06:13 750.32 .44 61 .45 0
06:14 750.32 .44 60 0 0
06:15 750.32 .5 60 .45 0
06:16 750.32 .5 60 .45 0
06:17 750.32 .56 60 0 0
06:18 750.32 .56 60 .89 0
06:19 750.32 .61 60 .45 0
06:20 750.32 .61 60 .45 0
06:21 750.32 .67 60 .45 0
06:22 750.32 .67 60 .89 0
06:23 750.32 .72 60 .89 0
06:24 750.32 .72 60 .45 0
06:25 750.32 .78 60 .89 0
06:26 750.32 .83 60 .45 0
06:27 750.32 .89 60 1.34 0
06:28 750.32 .94 59 .89 0
06:29 750.32 .94 59 .45 0
06:30 750.32 .94 59 .45 0
06:31 750.32 1 59 .89 0
06:32 750.32 1 59 0 0
06:33 750.32 1.06 59 .45 0
06:34 750.32 1.11 59 1.34 0
06:35 750.32 1.11 59 .45 0
06:36 750.32 1.11 59 .45 0
06:37 750.32 1.11 59 0 0
06:38 750.32 1.11 59 .89 0
06:39 750.32 1.11 59 .89 0
06:40 750.32 1.11 59 .89 0
06:41 750.32 1.17 59 .45 0
06:42 750.32 1.17 59 .89 0
06:43 750.32 1.17 59 .89 0
06:44 750.32 1.17 59 1.34 0
06:45 750.32 1.17 59 .45 0
06:46 750.32 1.22 60 .45 0
06:47 750.32 1.28 59 .45 0
06:48 750.32 1.33 59 .89 0
06:49 750.32 1.39 58 .89 0
06:50 750.32 1.39 59 1.34 0
06:51 750.32 1.44 59 .89 0
06:52 750.06 1.39 58 .89 0
06:53 750.32 1.39 59 .45 0
06:54 750.32 1.44 59 .89 0
06:55 750.32 1.44 59 1.34 0
06:56 750.32 1.44 58 .45 0
06:57 750.32 1.44 59 1.34 0
06:58 750.32 1.5 58 1.34 0
06:59 750.32 1.56 58 1.34 0
07:00 750.06 1.56 58 1.79 0
07:01 750.32 1.56 58 .45 0
07:02 750.06 1.56 59 .45 0
07:03 750.32 1.67 59 .89 0
07:04 750.32 1.72 59 .89 0
07:05 750.06 1.83 58 .89 0
07:06 750.32 1.83 58 .45 0
07:07 750.06 1.94 58 1.79 0
07:08 750.32 1.94 58 2.24 0
07:09 750.32 1.89 57 1.79 0
07:10 750.32 1.89 57 1.79 0
07:11 750.06 1.89 57 .45 0
07:12 750.06 1.94 58 0 0
07:13 750.32 1.94 58 1.34 0
07:14 750.32 1.94 57 1.34 0
07:15 750.06 2 57 .45 0
07:16 750.06 2 58 1.34 0
07:17 750.06 2.06 57 .45 0
07:18 750.06 2.11 57 .89 0
07:19 750.32 2.11 57 .89 0
07:20 750.06 2.17 57 .45 0
07:21 750.06 2.17 57 1.79 0
07:22 750.06 2.17 57 .89 0
07:23 750.06 2.17 57 .89 0
07:24 750.06 2.22 57 .45 0
07:25 750.06 2.17 57 0 0
07:26 750.06 2.22 57 .89 0
07:27 750.06 2.22 57 .89 0
07:28 750.06 2.28 57 .89 0
07:29 750.06 2.39 57 0 0
07:30 750.06 2.44 57 0 0
07:31 750.06 2.56 57 .89 0
07:32 750.06 2.67 56 .45 0
07:33 750.06 2.72 56 .45 0
07:34 750.06 2.78 56 0 0
07:35 750.06 2.94 56 0 0
07:36 750.32 3 56 .89 0
07:37 750.06 3.06 55 0 0
07:38 750.06 3.11 55 0 0
07:39 750.06 3.22 55 .45 0
07:40 750.32 3.28 55 .45 0
07:41 750.06 3.22 55 .89 0
07:42 750.06 3.28 54 .45 0
07:43 750.06 3.28 54 0 0
07:44 750.06 3.28 54 0 0
07:45 750.06 3.33 54 0 0
07:46 750.06 3.39 54 .45 0
07:47 750.32 3.44 54 .89 0
07:48 750.06 3.44 54 .89 0
07:49 750.06 3.44 54 .45 0
07:50 750.06 3.44 54 .89 0
07:51 750.06 3.44 54 .89 0
07:52 750.06 3.44 54 .45 0
07:53 750.06 3.39 54 .45 0
07:54 750.06 3.39 54 .89 0
07:55 750.06 3.33 54 .45 0
07:56 750.06 3.28 54 .45 0
07:57 750.06 3.28 55 .45 0
07:58 750.32 3.22 54 .89 0
07:59 750.06 3.22 55 1.34 0
08:00 750.06 3.22 55 1.34 0
08:01 750.06 3.22 55 1.34 0
08:02 750.06 3.28 55 .89 0
08:03 750.06 3.28 55 .89 0
08:04 750.06 3.33 55 .45 0
08:05 750.06 3.33 55 .89 0
08:06 750.06 3.39 55 .45 0
08:07 750.32 3.39 55 .89 0
08:08 750.06 3.44 55 .45 0
08:09 750.06 3.44 54 .89 0
08:10 750.06 3.56 55 1.34 0
08:11 750.06 3.56 54 .89 0
08:12 750.06 3.56 54 1.79 0
08:13 750.06 3.56 54 .89 0
08:14 750.06 3.61 55 .89 0
08:15 750.06 3.61 54 .45 0
08:16 750.06 3.61 54 .89 0
08:17 750.06 3.67 55 .89 0
08:18 750.06 3.67 55 .45 0
08:19 750.06 3.72 54 1.34 0
08:20 750.06 3.78 54 .89 0
08:21 750.06 3.78 54 .45 0
08:22 750.06 3.83 54 .45 0
08:23 750.06 3.83 53 0 0
08:24 750.06 3.89 53 .45 0
08:25 750.06 3.94 53 .89 0
08:26 750.06 4 53 1.34 0
08:27 750.06 4.06 53 .89 0
08:28 750.06 4.11 52 1.34 0
08:29 750.06 4.17 52 .89 0
08:30 750.06 4.17 52 .45 0
08:31 750.06 4.17 52 .89 0
08:32 750.06 4.28 52 .89 0
08:33 750.06 4.33 52 1.34 0
08:34 750.06 4.33 52 1.34 0
08:35 750.06 4.39 51 1.79 0
08:36 750.06 4.44 51 0 0
08:37 750.06 4.5 51 1.34 0
08:38 750.06 4.56 52 1.79 0
08:39 750.06 4.61 51 1.34 0
08:40 750.06 4.61 51 1.34 0
08:41 750.06 4.67 51 1.34 0
08:42 750.06 4.67 51 1.34 0
08:43 750.06 4.72 51 .89 0
08:44 750.06 4.78 51 .89 0
08:45 750.06 4.78 51 1.34 0
08:46 750.06 4.83 51 1.34 0
08:47 750.06 4.89 51 .89 0
08:48 750.06 5 51 .89 0
08:49 750.06 5.06 50 1.34 0
08:50 750.06 5.11 49 .89 0
08:51 750.06 5.11 49 .89 0
08:52 750.06 5.17 49 .89 0
08:53 750.06 5.17 49 .45 0
08:54 750.06 5.22 48 .89 0
08:55 750.06 5.28 49 0 0
08:56 750.06 5.33 49 1.34 0
08:57 750.06 5.44 49 .89 0
08:58 750.06 5.56 48 0 0
08:59 750.06 5.61 48 1.34 0
09:00 750.06 5.67 48 1.34 0
09:01 750.06 5.67 47 .89 0
09:02 750.06 5.67 47 .89 0
09:03 750.06 5.72 46 .89 0
09:04 750.06 5.78 46 .89 0
09:05 750.06 5.83 47 .89 0
09:06 750.06 5.94 47 1.34 0
09:07 750.06 6 47 .45 0
09:08 750.06 6 47 .89 0
09:09 750.06 6 47 1.34 0
09:10 750.06 5.94 46 .89 0
09:11 750.06 5.94 47 1.34 0
09:12 750.06 5.94 46 .45 0
09:13 750.06 5.94 47 .45 0
09:14 750.06 6 47 .45 0
09:15 750.06 6.06 47 1.34 0
09:16 750.06 6.11 47 1.79 0
09:17 750.06 6.17 47 1.34 0
09:18 750.06 6.22 47 1.79 0
09:19 750.06 6.28 46 2.24 0
09:20 750.06 6.28 45 1.34 0
09:21 750.06 6.33 45 1.34 0
09:22 750.06 6.28 45 1.34 0
09:23 749.81 6.28 45 1.34 0
09:24 750.06 6.28 45 1.79 0
09:25 750.06 6.33 45 1.34 0
09:26 750.06 6.39 45 1.79 0
09:27 750.06 6.44 45 2.24 0
09:28 750.06 6.44 45 .89 0
09:29 750.06 6.5 44 1.34 0
09:30 749.81 6.5 44 .89 0
09:31 750.06 6.5 44 1.34 0
09:32 750.06 6.5 44 1.79 0
09:33 750.06 6.56 44 2.24 0
09:34 749.81 6.56 44 1.79 0
09:35 749.81 6.61 44 1.79 0
09:36 750.06 6.67 44 3.58 0
09:37 750.06 6.67 43 1.79 0
09:38 750.06 6.67 42 1.34 0
09:39 750.06 6.67 42 .89 0
09:40 750.06 6.67 42 1.34 0
09:41 750.06 6.67 43 1.34 0
09:42 749.81 6.72 43 .45 0
09:43 750.06 6.78 43 3.58 0
09:44 749.81 6.89 43 3.58 0
09:45 749.81 6.89 43 2.68 0
09:46 749.81 6.94 43 1.79 0
09:47 749.81 7 43 .45 0
09:48 750.06 7.06 43 2.24 0
09:49 750.06 7.11 43 1.79 0
09:50 749.81 7.11 42 1.34 0
09:51 749.81 7.17 43 1.79 0
09:52 750.06 7.22 42 .45 0
09:53 750.06 7.28 42 .45 0
09:54 750.06 7.33 42 1.34 0
09:55 749.81 7.33 42 1.34 0
09:56 749.81 7.33 41 0 0
09:57 749.81 7.28 42 .89 0
09:58 750.06 7.39 42 1.79 0
09:59 750.06 7.39 40 1.34 0
10:00 749.81 7.39 39 .89 0
10:01 749.81 7.44 40 .45 0
10:02 749.81 7.5 40 1.34 0
10:03 749.81 7.61 41 1.79 0
10:04 749.81 7.78 42 1.79 0
10:05 749.81 8 41 2.68 0
10:06 749.81 8.06 39 1.34 0
10:07 749.81 8.11 39 .89 0
10:08 749.81 8.17 39 1.34 0
10:09 749.81 8.28 39 .89 0
10:10 749.81 8.33 38 1.34 0
10:11 749.81 8.44 39 1.34 0
10:12 749.81 8.5 38 3.13 0
10:13 749.81 8.5 38 1.34 0
10:14 749.81 8.5 38 2.24 0
10:15 749.81 8.44 38 4.47 0
10:16 749.81 8.33 38 2.24 0
10:17 749.81 8.28 38 1.79 0
10:18 750.06 8.17 38 .89 0
10:19 749.81 8.17 39 .89 0
10:20 749.81 8.17 39 .89 0
10:21 749.81 8.22 39 1.34 0
10:22 749.81 8.28 39 1.34 0
10:23 749.81 8.28 38 .89 0
10:24 749.81 8.28 38 0 0
10:25 749.81 8.28 38 0 0
10:26 750.06 8.28 38 .45 0
10:27 749.81 8.39 38 1.79 0
10:28 749.81 8.39 37 1.79 0
10:29 749.81 8.33 38 .89 0
10:30 749.81 8.39 38 .89 0
10:31 749.81 8.44 38 .45 0
10:32 749.81 8.44 38 1.79 0
10:33 749.81 8.56 38 .89 0
10:34 749.81 8.56 38 1.79 0
10:35 749.81 8.56 37 .89 0
10:36 749.81 8.61 38 1.34 0
10:37 749.81 8.61 38 .89 0
10:38 749.81 8.61 37 .89 0
10:39 749.81 8.61 38 1.34 0
10:40 749.81 8.61 37 1.34 0
10:41 749.81 8.61 38 1.34 0
10:42 749.81 8.67 38 .89 0
10:43 749.81 8.72 38 3.13 0
10:44 749.81 8.78 36 3.13 0
10:45 749.81 8.83 36 1.34 0
10:46 749.81 8.89 36 2.68 0
10:47 749.81 9 36 3.13 0
10:48 749.81 9.06 35 1.34 0
10:49 749.81 9.06 36 2.68 0
10:50 749.81 9.17 35 3.13 0
10:51 749.81 9.17 35 2.68 0
10:52 749.81 9.17 35 3.13 0
10:53 749.81 9.17 36 3.58 0
10:54 749.81 9.22 35 3.13 0
10:55 749.81 9.28 35 2.24 0
10:56 749.81 9.33 36 1.79 0
10:57 749.81 9.39 36 3.13 0
10:58 749.81 9.5 35 2.24 0
10:59 749.81 9.56 35 2.24 0
11:00 749.81 9.67 35 1.34 0
11:01 749.81 9.72 36 1.79 0
11:02 749.81 9.89 34 2.24 0
11:03 749.81 9.94 34 1.34 0
11:04 749.81 10 34 .89 0
11:05 749.81 9.94 34 2.68 0
11:06 749.81 9.94 34 2.68 0
11:07 749.81 9.89 34 1.34 0
11:08 749.81 9.83 34 1.79 0
11:09 749.81 9.78 35 1.79 0
11:10 749.81 9.83 34 2.24 0
11:11 749.81 9.89 34 0 0
11:12 749.81 9.94 34 0 0
11:13 749.81 9.94 34 2.68 0
11:14 749.81 10.06 34 2.24 0
11:15 749.81 10.11 33 1.34 0
11:16 749.81 10.17 34 2.24 0
11:17 749.81 10.11 33 2.24 0
11:18 749.81 10.11 34 .45 0
11:19 749.81 10.06 33 1.79 0
11:20 749.81 10.06 33 1.34 0
11:21 749.81 10.06 33 1.34 0
11:22 749.81 10 33 2.68 0
11:23 749.81 10.06 34 .89 0
11:24 749.81 10.06 33 1.34 0
11:25 749.81 10.11 33 3.13 0
11:26 749.81 10.06 32 2.68 0
11:27 749.81 10 33 1.79 0
11:28 749.81 10.06 33 .45 0
11:29 749.81 10.06 33 .89 0
11:30 749.81 10.06 33 1.34 0
11:31 749.81 10.06 32 .89 0
11:32 749.81 10.17 33 .45 0
11:33 749.81 10.17 33 .89 0
11:34 749.81 10.17 33 1.79 0
11:35 749.81 10.22 33 1.34 0
11:36 749.81 10.17 32 1.79 0
11:37 749.81 10.06 33 1.79 0
11:38 749.81 10.06 32 1.34 0
11:39 749.81 9.94 33 3.13 0
11:40 749.81 9.89 33 1.79 0
11:41 749.81 9.89 33 2.24 0
11:42 749.81 9.94 33 2.24 0
11:43 749.55 10.06 33 2.24 0
11:44 749.55 10.06 32 .89 0
11:45 749.55 10.06 32 1.79 0
11:46 749.55 9.94 32 1.34 0
11:47 749.55 9.94 32 1.79 0
11:48 749.55 10 32 .45 0
11:49 749.55 10.11 32 .45 0
11:50 749.55 10.17 33 1.34 0
11:51 749.55 10.33 33 .89 0
11:52 749.55 10.5 33 3.13 0
11:53 749.55 10.56 32 4.02 0
11:54 749.55 10.5 32 3.13 0
11:55 749.55 10.5 32 3.58 0
11:56 749.55 10.44 31 3.13 0
11:57 749.55 10.44 32 3.13 0
11:58 749.55 10.44 31 2.68 0
11:59 749.55 10.44 31 1.34 0
12:00 749.55 10.56 32 1.79 0
12:01 749.55 10.61 31 .89 0
12:02 749.55 10.72 31 2.68 0
12:03 749.55 10.67 30 1.79 0
12:04 749.55 10.67 30 1.34 0
12:05 749.55 10.67 31 1.34 0
12:06 749.55 10.67 31 1.79 0
12:07 749.55 10.61 31 1.34 0
12:08 749.55 10.61 30 1.34 0
12:09 749.55 10.67 31 2.68 0
12:10 749.55 10.72 30 3.13 0
12:11 749.55 10.83 30 2.68 0
12:12 749.55 10.83 28 1.34 0
12:13 749.55 10.83 29 .89 0
12:14 749.55 10.78 29 .89 0
12:15 749.55 10.72 29 .89 0
12:16 749.55 10.72 30 1.34 0
12:17 749.55 10.78 29 1.79 0
12:18 749.55 10.78 29 3.13 0
12:19 749.55 10.78 29 2.68 0
12:20 749.55 10.78 29 3.13 0
12:21 749.55 10.78 30 2.68 0
12:22 749.55 10.78 29 2.24 0
12:23 749.3 10.78 29 1.34 0
12:24 749.55 10.78 28 1.34 0
12:25 749.55 10.78 29 1.79 0
12:26 749.55 10.78 29 2.24 0
12:27 749.3 10.78 29 1.79 0
12:28 749.3 10.78 30 2.24 0
12:29 749.3 10.83 29 .89 0
12:30 749.3 10.83 29 .45 0
12:31 749.3 10.89 29 2.68 0
12:32 749.3 10.89 30 4.47 0
12:33 749.3 10.89 30 1.34 0
12:34 749.3 10.94 30 4.47 0
12:35 749.3 10.94 30 3.58 0
12:36 749.3 10.89 30 4.02 0
12:37 749.3 10.83 30 3.58 0
12:38 749.3 10.78 30 3.58 0
12:39 749.3 10.67 30 1.79 0
12:40 749.3 10.56 30 2.68 0
12:41 749.3 10.44 30 .89 0
12:42 749.3 10.5 30 1.34 0
12:43 749.3 10.5 31 2.24 0
12:44 749.3 10.56 31 1.79 0
12:45 749.3 10.72 30 .89 0
12:46 749.3 10.83 31 1.79 0
12:47 749.3 11 31 1.79 0
12:48 749.3 11.06 30 .45 0
12:49 749.3 11.17 30 3.58 0
12:50 749.3 11.28 30 2.24 0
12:51 749.3 11.39 30 3.58 0
12:52 749.3 11.39 29 1.79 0
12:53 749.3 11.39 30 3.13 0
12:54 749.3 11.39 29 1.79 0
12:55 749.3 11.33 29 4.02 0
12:56 749.3 11.17 29 2.68 0
12:57 749.3 10.89 28 3.58 0
12:58 749.3 10.78 29 1.34 0
12:59 749.3 10.67 30 1.34 0
13:00 749.3 10.56 30 1.79 0
13:01 749.3 10.44 30 2.24 0
13:02 749.3 10.44 30 2.68 0
13:03 749.3 10.44 30 1.34 0
13:04 749.3 10.44 31 1.79 0
13:05 749.3 10.56 30 1.79 0
13:06 749.3 10.61 30 .45 0
13:07 749.3 10.67 30 .89 0
13:08 749.3 10.78 31 1.34 0
13:09 749.3 10.83 30 .89 0
13:10 749.3 10.94 30 .45 0
13:11 749.3 11 30 1.34 0
13:12 749.3 11.06 30 .89 0
13:13 749.3 11.17 30 .89 0
13:14 749.3 11.33 29 1.34 0
13:15 749.05 11.33 29 2.68 0
13:16 749.3 11.28 29 .45 0
13:17 749.3 11.17 30 1.34 0
13:18 749.3 11.11 29 2.24 0
13:19 749.05 10.94 29 .89 0
13:20 749.3 10.78 30 1.79 0
13:21 749.3 10.67 30 2.24 0
13:22 749.05 10.56 30 3.58 0
13:23 749.05 10.5 30 3.13 0
13:24 749.05 10.44 30 3.58 0
13:25 749.05 10.39 30 4.02 0
13:26 749.3 10.39 30 4.02 0
13:27 749.05 10.39 30 2.24 0
13:28 749.05 10.39 29 1.79 0
13:29 749.05 10.39 30 3.13 0
13:30 749.05 10.33 30 1.79 0
13:31 749.3 10.28 30 .89 0
13:32 749.05 10.28 30 1.79 0
13:33 749.05 10.22 30 1.34 0
13:34 749.05 10.22 30 2.24 0
13:35 749.05 10.17 30 1.79 0
13:36 749.05 10.22 30 1.79 0
13:37 749.05 10.17 30 2.24 0
13:38 749.05 10.17 30 .89 0
13:39 749.05 10.17 30 2.24 0
13:40 749.05 10.22 30 2.24 0
13:41 749.05 10.28 30 4.02 0
13:42 749.05 10.33 30 3.58 0
13:43 749.05 10.33 30 2.68 0
13:44 749.05 10.39 30 2.24 0
13:45 749.05 10.39 29 1.79 0
13:46 749.05 10.39 30 3.58 0
13:47 749.05 10.33 30 2.24 0
13:48 749.05 10.39 30 1.79 0
13:49 749.05 10.39 29 .89 0
13:50 749.05 10.39 30 2.24 0
13:51 749.05 10.44 29 2.68 0
13:52 749.05 10.44 30 .89 0
13:53 749.05 10.5 30 2.24 0
13:54 749.05 10.56 30 1.79 0
13:55 749.05 10.56 29 2.24 0
13:56 749.05 10.61 29 1.79 0
13:57 749.05 10.61 30 2.68 0
13:58 749.05 10.61 29 1.79 0
13:59 749.05 10.61 30 2.24 0
14:00 749.05 10.61 30 1.34 0
14:01 749.05 10.61 30 1.34 0
14:02 749.05 10.67 30 1.34 0
14:03 749.05 10.78 30 .89 0
14:04 749.05 10.89 30 1.34 0
14:05 749.05 10.94 30 .89 0
14:06 749.05 11.06 29 2.24 0
14:07 749.05 11.11 29 .89 0
14:08 749.05 11.17 28 1.34 0
14:09 749.05 11.17 28 .89 0
14:10 749.05 11.11 28 .45 0
14:11 748.79 11.17 28 1.79 0
14:12 749.05 11.17 28 .45 0
14:13 749.05 11.17 28 1.79 0
14:14 748.79 11.22 28 1.34 0
14:15 749.05 11.33 28 2.68 0
14:16 748.79 11.39 27 2.24 0
14:17 748.79 11.33 27 1.34 0
14:18 748.79 11.33 27 1.79 0
14:19 749.05 11.39 27 .89 0
14:20 748.79 11.39 28 .45 0
14:21 748.79 11.5 27 .45 0
14:22 748.79 11.61 28 1.34 0
14:23 748.79 11.78 26 1.79 0
14:24 748.79 11.94 26 1.79 0
14:25 748.79 11.94 26 1.79 0
14:26 748.79 12 26 .89 0
14:27 748.79 12.06 27 .89 0
14:28 748.79 12.22 26 3.58 0
14:29 748.79 12.17 25 3.13 0
14:30 748.79 12 25 2.68 0
14:31 748.79 11.89 26 4.02 0
14:32 748.79 11.78 26 .89 0
14:33 748.79 11.78 27 2.68 0
14:34 748.79 11.83 26 3.13 0
14:35 748.79 11.94 26 2.68 0
14:36 748.79 11.94 26 2.24 0
14:37 748.79 12 25 .89 0
14:38 748.79 12.06 25 .45 0
14:39 748.79 12.11 25 2.68 0
14:40 748.79 12.11 25 4.47 0
14:41 748.79 12.17 25 3.13 0
14:42 748.79 12.17 24 1.34 0
14:43 748.79 12.11 25 2.68 0
14:44 748.79 12.06 25 .89 0
14:45 748.79 12.06 25 2.24 0
14:46 748.79 12.06 25 1.79 0
14:47 748.79 12.11 25 1.34 0
14:48 748.79 12.17 25 1.79 0
14:49 748.79 12.22 25 1.79 0
14:50 748.79 12.28 24 1.79 0
14:51 748.54 12.33 24 1.34 0
14:52 748.54 12.39 25 1.79 0
14:53 748.54 12.44 24 2.24 0
14:54 748.54 12.44 24 2.24 0
14:55 748.54 12.44 25 3.13 0
14:56 748.54 12.5 25 0 0
14:57 748.54 12.56 24 2.24 0
14:58 748.54 12.56 24 .89 0
14:59 748.54 12.5 24 2.24 0
15:00 748.54 12.44 24 1.34 0
15:01 748.54 12.39 25 1.79 0
15:02 748.54 12.44 25 2.24 0
15:03 748.54 12.56 25 1.79 0
15:04 748.54 12.61 23 3.13 0
15:05 748.54 12.56 23 2.68 0
15:06 748.54 12.56 23 1.34 0
15:07 748.54 12.56 23 3.13 0
15:08 748.54 12.5 22 3.58 0
15:09 748.54 12.44 22 2.24 0
15:10 748.54 12.33 22 2.68 0
15:11 748.54 12.33 23 2.68 0
15:12 748.54 12.33 22 3.13 0
15:13 748.54 12.33 22 3.13 0
15:14 748.54 12.33 23 1.34 0
15:15 748.54 12.28 22 .45 0
15:16 748.54 12.28 23 1.34 0
15:17 748.54 12.28 23 4.02 0
15:18 748.28 12.28 23 2.24 0
15:19 748.28 12.33 23 3.13 0
15:20 748.28 12.33 23 3.13 0
15:21 748.28 12.39 23 4.02 0
15:22 748.28 12.39 23 3.58 0
15:23 748.28 12.39 23 2.68 0
15:24 748.28 12.39 24 2.68 0
15:25 748.28 12.39 24 2.24 0
15:26 748.28 12.44 24 2.68 0
15:27 748.28 12.56 24 2.24 0
15:28 748.28 12.56 23 2.24 0
15:29 748.28 12.5 22 2.24 0
15:30 748.28 12.44 23 .89 0
15:31 748.28 12.5 23 .45 0
15:32 748.28 12.5 23 .89 0
15:33 748.28 12.44 23 .89 0
15:34 748.28 12.39 23 .89 0
15:35 748.28 12.33 23 .89 0
15:36 748.28 12.33 23 .89 0
15:37 748.28 12.33 23 2.24 0
15:38 748.28 12.33 23 3.58 0
15:39 748.28 12.39 23 2.68 0
15:40 748.28 12.44 23 2.68 0
15:41 748.28 12.44 24 1.79 0
15:42 748.28 12.44 23 2.24 0
15:43 748.28 12.44 22 1.34 0
15:44 748.28 12.44 22 .89 0
15:45 748.28 12.5 23 .89 0
15:46 748.28 12.56 23 0 0
15:47 748.28 12.61 22 1.34 0
15:48 748.28 12.72 23 1.34 0
15:49 748.03 12.78 22 2.24 0
15:50 748.03 12.78 22 2.68 0
15:51 748.03 12.78 22 3.13 0
15:52 748.03 12.67 22 3.13 0
15:53 748.03 12.67 23 2.24 0
15:54 748.03 12.67 23 2.24 0
15:55 748.03 12.67 23 1.79 0
15:56 748.03 12.72 23 2.68 0
15:57 748.03 12.72 23 2.24 0
15:58 748.03 12.67 23 2.24 0
15:59 748.03 12.72 22 2.24 0
16:00 748.28 12.67 22 .89 0
16:01 748.03 12.67 22 1.79 0
16:02 748.03 12.61 22 2.24 0
16:03 748.03 12.56 23 1.34 0
16:04 748.03 12.56 22 .89 0
16:05 748.03 12.56 22 2.68 0
16:06 748.03 12.61 23 0 0
16:07 748.03 12.61 22 0 0
16:08 748.03 12.67 23 .89 0
16:09 748.03 12.67 23 1.34 0
16:10 748.03 12.72 22 1.34 0
16:11 748.03 12.61 22 1.34 0
16:12 748.03 12.56 22 1.79 0
16:13 748.03 12.5 23 1.79 0
16:14 748.03 12.5 23 2.24 0
16:15 748.03 12.5 23 .89 0
16:16 748.03 12.5 23 .89 0
16:17 748.03 12.56 23 1.34 0
16:18 748.03 12.56 23 1.34 0
16:19 748.03 12.61 23 2.68 0
16:20 748.03 12.61 23 3.13 0
16:21 748.03 12.56 24 2.24 0
16:22 748.03 12.44 24 1.79 0
16:23 748.03 12.39 24 2.68 0
16:24 748.03 12.39 25 1.79 0
16:25 748.03 12.39 25 1.34 0
16:26 748.03 12.44 25 1.79 0
16:27 748.03 12.44 25 1.79 0
16:28 748.03 12.44 25 0 0
16:29 748.03 12.44 25 0 0
16:30 748.03 12.5 25 .45 0
16:31 748.03 12.56 25 .45 0
16:32 748.03 12.61 25 .89 0
16:33 748.03 12.72 25 .89 0
16:34 748.03 12.83 25 .89 0
16:35 748.03 12.94 25 1.79 0
16:36 748.03 13 24 1.79 0
16:37 748.03 12.94 24 1.34 0
16:38 748.03 12.94 24 1.79 0
16:39 748.03 12.89 24 1.34 0
16:40 748.03 12.89 25 .89 0
16:41 748.03 12.78 25 1.34 0
16:42 748.03 12.78 25 1.79 0
16:43 748.03 12.83 26 2.68 0
16:44 748.03 12.78 25 .89 0
16:45 748.03 12.78 25 2.68 0
16:46 748.03 12.72 25 1.34 0
16:47 748.03 12.67 25 2.24 0
16:48 748.03 12.61 25 4.02 0
16:49 748.03 12.5 25 2.24 0
16:50 748.03 12.44 25 1.79 0
16:51 748.03 12.39 25 4.02 0
16:52 748.03 12.39 25 4.47 0
16:53 748.03 12.33 25 4.92 0
16:54 748.03 12.33 25 1.79 0
16:55 748.03 12.33 25 2.24 0
16:56 748.03 12.33 25 1.79 0
16:57 748.03 12.33 25 1.79 0
16:58 748.03 12.33 25 .89 0
16:59 748.03 12.39 25 1.79 0
17:00 748.03 12.39 25 2.68 0
17:01 748.03 12.39 25 1.79 0
17:02 748.03 12.44 25 1.79 0
17:03 748.03 12.44 25 1.79 0
17:04 748.03 12.44 25 1.79 0
17:05 748.03 12.44 25 1.79 0
17:06 748.03 12.33 25 4.02 0
17:07 748.03 12.22 25 1.79 0
17:08 748.03 12.17 25 2.68 0
17:09 748.03 12.11 25 1.79 0
17:10 748.03 12.11 25 .89 0
17:11 748.03 12.17 25 .45 0
17:12 748.03 12.17 25 1.34 0
17:13 747.78 12.17 25 .89 0
17:14 747.78 12.22 25 1.79 0
17:15 748.03 12.28 25 2.68 0
17:16 748.03 12.33 25 1.79 0
17:17 748.03 12.33 25 .89 0
17:18 748.03 12.33 25 1.34 0
17:19 748.03 12.44 26 1.34 0
17:20 747.78 12.5 25 1.79 0
17:21 748.03 12.56 25 1.34 0
17:22 747.78 12.56 25 1.79 0
17:23 747.78 12.5 25 2.24 0
17:24 747.78 12.5 25 1.79 0
17:25 747.78 12.44 25 2.24 0
17:26 747.78 12.44 25 2.68 0
17:27 747.78 12.39 25 3.13 0
17:28 748.03 12.39 25 2.24 0
17:29 748.03 12.33 25 .45 0
17:30 747.78 12.33 25 0 0
17:31 748.03 12.33 25 0 0
17:32 747.78 12.44 25 1.34 0
17:33 748.03 12.5 25 .89 0
17:34 747.78 12.5 25 .89 0
17:35 747.78 12.5 25 .45 0
17:36 747.78 12.56 25 0 0
17:37 747.78 12.56 25 .45 0
17:38 747.78 12.61 25 .89 0
17:39 747.78 12.67 25 0 0
17:40 747.78 12.78 25 .89 0
17:41 747.78 12.83 25 0 0
17:42 747.78 12.89 24 .45 0
17:43 748.03 12.94 25 1.34 0
17:44 747.78 12.94 24 1.34 0
17:45 747.78 12.94 24 .45 0
17:46 748.03 12.89 25 1.34 0
17:47 747.78 12.83 24 1.79 0
17:48 747.78 12.83 25 .89 0
17:49 747.78 12.78 25 .89 0
17:50 747.78 12.78 25 3.13 0
17:51 747.78 12.78 25 3.58 0
17:52 747.78 12.72 25 1.79 0
17:53 747.78 12.67 25 1.34 0
17:54 747.78 12.72 25 .89 0
17:55 747.78 12.67 25 2.24 0
17:56 747.78 12.67 25 2.68 0
17:57 747.78 12.61 25 .89 0
17:58 747.78 12.56 25 .45 0
17:59 747.78 12.61 25 .89 0
18:00 747.78 12.61 25 1.34 0
18:01 747.78 12.61 25 .89 0
18:02 747.78 12.56 25 .89 0
18:03 747.78 12.61 25 .89 0
18:04 747.78 12.61 25 1.34 0
18:05 747.78 12.61 25 .45 0
18:06 747.78 12.67 25 1.34 0
18:07 747.78 12.67 25 1.79 0
18:08 747.78 12.67 25 1.34 0
18:09 747.78 12.67 25 .45 0
18:10 747.78 12.67 25 .89 0
18:11 747.78 12.78 25 .89 0
18:12 747.78 12.78 25 .45 0
18:13 747.78 12.89 25 .45 0
18:14 747.78 12.89 25 1.34 0
18:15 747.78 12.89 25 0 0
18:16 747.78 12.94 25 .89 0
18:17 747.78 12.89 25 1.34 0
18:18 747.78 12.83 25 2.24 0
18:19 747.78 12.72 25 2.24 0
18:20 747.78 12.61 25 1.79 0
18:21 747.78 12.5 25 1.79 0
18:22 747.78 12.39 25 2.24 0
18:23 747.78 12.33 25 2.24 0
18:24 747.78 12.28 25 1.79 0
18:25 747.78 12.28 25 1.79 0
18:26 747.78 12.22 25 2.68 0
18:27 747.78 12.17 25 2.24 0
18:28 747.78 12.11 25 1.34 0
18:29 747.78 12.06 26 1.79 0
18:30 747.78 12.06 26 2.68 0
18:31 747.78 12 26 2.24 0
18:32 747.78 12 26 2.24 0
18:33 747.78 12 26 2.24 0
18:34 747.78 12.06 26 1.34 0
18:35 747.78 12.06 26 1.34 0
18:36 747.78 12.06 26 1.34 0
18:37 747.78 12.06 26 .45 0
18:38 747.78 12.06 26 .89 0
18:39 747.78 12.11 26 .89 0
18:40 747.78 12.17 26 1.79 0
18:41 747.78 12.17 26 1.34 0
18:42 747.78 12.17 25 1.34 0
18:43 747.78 12.17 25 .89 0
18:44 747.78 12.17 26 1.34 0
18:45 747.78 12.22 26 1.79 0
18:46 747.78 12.22 26 .89 0
18:47 747.78 12.22 26 1.79 0
18:48 747.78 12.22 26 2.24 0
18:49 747.78 12.17 25 1.79 0
18:50 747.78 12.11 25 2.24 0
18:51 747.78 12.11 26 1.79 0
18:52 747.78 12.11 26 1.34 0
18:53 747.78 12.06 26 1.34 0
18:54 747.78 12.06 26 .89 0
18:55 747.78 12.06 26 2.24 0
18:56 747.78 12.06 26 1.34 0
18:57 747.78 12.06 26 1.34 0
18:58 747.78 12.06 26 .45 0
18:59 747.78 12.11 26 1.79 0
19:00 747.78 12.06 26 2.24 0
19:01 747.78 12.06 26 1.79 0
19:02 747.78 12.06 26 1.34 0
19:03 747.78 12 26 1.79 0
19:04 747.78 12 26 .89 0
19:05 747.78 12 26 1.34 0
19:06 747.78 12 26 1.34 0
19:07 747.78 11.94 26 1.34 0
19:08 747.78 11.94 26 .89 0
19:09 747.78 11.94 26 1.34 0
19:10 747.78 11.94 26 1.34 0
19:11 747.78 11.94 26 1.34 0
19:12 747.78 11.89 26 .89 0
19:13 747.78 11.89 26 .89 0
19:14 747.78 11.89 27 .89 0
19:15 747.78 11.89 26 .89 0
19:16 747.78 11.89 26 .45 0
19:17 747.78 11.89 27 .45 0
19:18 747.78 11.89 27 .45 0
19:19 747.78 11.89 26 .89 0
19:20 747.78 11.94 26 .45 0
19:21 747.78 11.89 27 .45 0
19:22 747.78 11.89 27 .89 0
19:23 747.78 11.89 26 .89 0
19:24 747.78 11.89 26 .45 0
19:25 747.78 11.89 27 1.34 0
19:26 747.78 11.83 26 .89 0
19:27 747.78 11.78 26 1.34 0
19:28 747.78 11.78 26 .89 0
19:29 747.78 11.72 27 .89 0
19:30 747.78 11.72 27 1.34 0
19:31 747.78 11.67 27 .89 0
19:32 747.78 11.67 27 1.34 0
19:33 747.78 11.67 27 .89 0
19:34 747.78 11.61 27 .89 0
19:35 747.78 11.61 27 .45 0
19:36 747.78 11.56 27 .45 0
19:37 747.78 11.56 29 .45 0
19:38 747.78 11.56 29 0 0
19:39 747.78 11.56 30 0 0
19:40 747.78 11.56 30 0 0
19:41 747.78 11.5 30 0 0
19:42 747.78 11.5 31 0 0
19:43 747.78 11.44 31 0 0
19:44 747.78 11.44 31 0 0
19:45 747.78 11.39 32 .45 0
19:46 747.78 11.33 32 .45 0
19:47 747.78 11.33 32 0 0
19:48 748.03 11.22 31 .45 0
19:49 748.03 11.17 31 .45 0
19:50 748.03 11.11 31 .45 0
19:51 747.78 11 31 .89 0
19:52 747.78 10.83 30 .89 0
19:53 748.03 10.78 30 .89 0
19:54 748.03 10.67 30 .89 0
19:55 748.03 10.61 30 .89 0
19:56 748.03 10.56 30 .89 0
19:57 748.03 10.5 30 .45 0
19:58 748.03 10.44 31 0 0
19:59 748.03 10.44 32 0 0
20:00 748.03 10.44 32 .45 0
20:01 748.03 10.39 32 0 0
20:02 748.03 10.33 32 0 0
20:03 748.03 10.33 32 0 0
20:04 748.03 10.22 32 0 0
20:05 748.03 10.17 33 0 0
20:06 748.03 10.11 33 0 0
20:07 748.03 10.06 34 0 0
20:08 748.03 9.94 34 .45 0
20:09 748.03 9.89 35 .45 0
20:10 748.03 9.78 35 .89 0
20:11 748.03 9.67 35 .45 0
20:12 748.03 9.56 33 .89 0
20:13 748.03 9.5 34 .89 0
20:14 748.03 9.44 34 .89 0
20:15 748.03 9.44 34 .89 0
20:16 748.03 9.39 34 .89 0
20:17 748.03 9.33 34 .89 0
20:18 748.03 9.33 35 .89 0
20:19 748.03 9.28 35 1.34 0
20:20 748.03 9.22 35 .89 0
20:21 748.03 9.17 35 1.34 0
20:22 748.03 9.17 35 .89 0
20:23 748.03 9.11 35 .89 0
20:24 748.03 9.11 35 .89 0
20:25 748.03 9.11 35 .45 0
20:26 748.03 9.06 36 .89 0
20:27 748.03 9 37 .45 0
20:28 748.03 8.94 37 .45 0
20:29 748.03 8.89 38 .45 0
20:30 748.03 8.83 38 0 0
20:31 748.03 8.78 39 .45 0
20:32 748.03 8.67 40 .45 0
20:33 748.03 8.5 41 .45 0
20:34 748.03 8.39 42 0 0
20:35 748.03 8.28 40 0 0
20:36 748.03 8.22 41 0 0
20:37 748.03 8.17 41 0 0
20:38 748.03 8.06 41 .45 0
20:39 748.03 8.06 43 0 0
20:40 748.03 7.94 42 0 0
20:41 748.03 7.83 43 0 0
20:42 748.03 7.83 44 .45 0
20:43 748.03 7.78 44 .45 0
20:44 748.03 7.67 44 .45 0
20:45 748.03 7.61 45 0 0
20:46 748.03 7.56 45 .45 0
20:47 748.03 7.5 46 .45 0
20:48 748.03 7.44 46 .45 0
20:49 748.03 7.39 46 .45 0
20:50 748.03 7.28 47 0 0
20:51 748.03 7.22 47 0 0
20:52 748.03 7.17 47 0 0
20:53 748.03 7.11 47 0 0
20:54 748.03 7.06 47 0 0
20:55 748.03 6.94 47 0 0
20:56 748.03 6.94 47 0 0
20:57 748.03 6.83 48 0 0
20:58 748.03 6.78 48 0 0
20:59 748.03 6.72 48 0 0
21:00 748.03 6.67 48 0 0
21:01 748.03 6.61 48 0 0
21:02 748.03 6.56 48 0 0
21:03 748.03 6.56 48 0 0
21:04 748.03 6.5 47 0 0
21:05 748.03 6.5 46 0 0
21:06 748.03 6.44 46 0 0
21:07 748.03 6.39 46 0 0
21:08 748.03 6.39 46 0 0
21:09 748.03 6.33 46 0 0
21:10 748.03 6.39 46 0 0
21:11 748.03 6.33 46 0 0
21:12 748.03 6.33 46 0 0
21:13 748.03 6.33 47 0 0
21:14 748.03 6.28 47 0 0
21:15 748.03 6.28 47 0 0
21:16 748.03 6.28 47 0 0
21:17 748.03 6.22 47 0 0
21:18 748.03 6.22 47 0 0
21:19 748.03 6.17 47 0 0
21:20 748.03 6.17 47 0 0
21:21 748.03 6.17 47 0 0
21:22 748.03 6.11 47 0 0
21:23 748.03 6.11 47 0 0
21:24 748.03 6.11 47 0 0
21:25 748.03 6.06 47 0 0
21:26 748.03 6.06 48 0 0
21:27 748.03 6 48 0 0
21:28 748.03 6 48 0 0
21:29 748.03 5.94 48 0 0
21:30 748.03 5.94 49 0 0
21:31 748.03 5.89 49 0 0
21:32 748.03 5.83 49 0 0
21:33 748.03 5.83 50 0 0
21:34 748.03 5.78 50 0 0
21:35 748.03 5.78 50 0 0
21:36 748.03 5.78 50 0 0
21:37 748.03 5.72 50 0 0
21:38 748.03 5.72 50 0 0
21:39 748.03 5.67 50 0 0
21:40 748.03 5.67 50 0 0
21:41 748.03 5.61 50 0 0
21:42 748.03 5.61 50 0 0
21:43 748.03 5.61 51 0 0
21:44 748.03 5.56 52 0 0
21:45 748.03 5.5 52 0 0
21:46 748.03 5.5 52 0 0
21:47 748.03 5.39 53 0 0
21:48 748.03 5.33 53 0 0
21:49 748.03 5.28 53 0 0
21:50 748.03 5.22 53 0 0
21:51 748.03 5.17 54 0 0
21:52 748.03 5.06 54 0 0
21:53 748.03 4.94 55 0 0
21:54 748.03 4.89 55 0 0
21:55 748.03 4.83 55 0 0
21:56 748.03 4.72 56 0 0
21:57 748.03 4.72 56 0 0
21:58 748.03 4.67 56 0 0
21:59 748.03 4.61 56 0 0
22:00 748.03 4.5 56 1.34 0
22:01 748.03 4.44 56 1.34 0
22:02 748.03 4.44 56 1.34 0
22:03 748.03 4.33 56 1.79 0
22:04 748.03 4.33 56 .89 0
22:05 748.03 4.28 57 .89 0
22:06 748.03 4.28 57 .89 0
22:07 748.03 4.28 57 .45 0
22:08 748.03 4.22 57 .45 0
22:09 748.03 4.22 57 .45 0
22:10 748.03 4.17 57 .45 0
22:11 748.03 4.17 57 .45 0
22:12 748.03 4.11 57 .45 0
22:13 748.03 4.06 57 .45 0
22:14 748.03 4 57 .45 0
22:15 748.03 3.94 58 .45 0
22:16 748.03 3.89 58 .45 0
22:17 748.03 3.83 58 .45 0
22:18 748.03 3.72 58 .45 0
22:19 748.03 3.67 58 .45 0
22:20 747.78 3.61 58 .89 0
22:21 748.03 3.56 58 .45 0
22:22 748.03 3.5 59 .89 0
22:23 747.78 3.44 59 .45 0
22:24 747.78 3.44 60 .45 0
22:25 748.03 3.39 60 .89 0
22:26 748.03 3.39 60 .89 0
22:27 748.03 3.33 60 .89 0
22:28 747.78 3.33 60 .45 0
22:29 747.78 3.28 60 .45 0
22:30 747.78 3.28 60 .45 0
22:31 748.03 3.22 60 .89 0
22:32 747.78 3.22 61 .89 0
22:33 748.03 3.17 61 1.34 0
22:34 747.78 3.17 61 .45 0
22:35 747.78 3.11 61 .45 0
22:36 747.78 3.11 61 .45 0
22:37 747.78 3.06 61 .45 0
22:38 748.03 3.06 61 .45 0
22:39 748.03 3 61 .45 0
22:40 747.78 3 61 .45 0
22:41 747.78 2.94 61 .45 0
22:42 748.03 2.94 62 .45 0
22:43 748.03 2.89 61 .45 0
22:44 747.78 2.83 62 0 0
22:45 748.03 2.83 62 .45 0
22:46 747.78 2.83 62 0 0
22:47 747.78 2.78 62 .45 0
22:48 747.78 2.78 62 .45 0
22:49 747.78 2.72 62 0 0
22:50 747.78 2.72 63 .45 0
22:51 747.78 2.67 62 .45 0
22:52 747.78 2.61 63 .45 0
22:53 747.78 2.61 63 0 0
22:54 747.78 2.61 63 0 0
22:55 747.78 2.56 62 0 0
22:56 747.78 2.56 63 .45 0
22:57 747.78 2.56 63 .45 0
22:58 747.78 2.56 63 0 0
22:59 747.78 2.56 63 0 0
23:00 748.03 2.56 63 0 0
23:01 747.78 2.5 63 0 0
23:02 747.78 2.5 63 .45 0
23:03 747.78 2.44 64 .45 0
23:04 747.78 2.44 64 .45 0
23:05 747.78 2.39 63 .45 0
23:06 747.78 2.39 64 .45 0
23:07 747.78 2.39 64 .45 0
23:08 747.78 2.33 64 .45 0
23:09 747.78 2.33 64 .45 0
23:10 747.78 2.33 64 .45 0
23:11 747.78 2.33 64 .45 0
23:12 747.78 2.28 64 .45 0
23:13 747.78 2.28 64 .45 0
23:14 747.78 2.28 64 .45 0
23:15 747.78 2.28 64 .45 0
23:16 747.78 2.22 64 .45 0
23:17 747.78 2.22 64 .45 0
23:18 747.78 2.17 64 0 0
23:19 747.78 2.17 65 .45 0
23:20 747.78 2.17 65 .45 0
23:21 747.78 2.11 65 .45 0
23:22 747.78 2.11 64 .45 0
23:23 747.78 2.06 64 .45 0
23:24 748.03 2.06 64 .45 0
23:25 747.78 2.11 64 0 0
23:26 747.78 2.06 64 .45 0
23:27 747.78 2.06 64 .45 0
23:28 747.78 2.11 64 .89 0
23:29 747.78 2.11 64 .45 0
23:30 747.78 2.17 64 .45 0
23:31 747.78 2.17 64 .89 0
23:32 747.78 2.17 64 .45 0
23:33 747.78 2.17 64 0 0
23:34 747.78 2.22 64 0 0
23:35 748.03 2.28 64 0 0
23:36 747.78 2.22 64 0 0
23:37 748.03 2.28 63 0 0
23:38 747.78 2.33 63 .45 0
23:39 747.78 2.33 63 .45 0
23:40 747.78 2.33 63 .45 0
23:41 747.78 2.39 63 .89 0
23:42 748.03 2.39 62 .45 0
23:43 747.78 2.44 63 .45 0
23:44 747.78 2.44 63 .89 0
23:45 747.78 2.56 62 .89 0
23:46 747.78 2.56 62 1.34 0
23:47 748.03 2.61 62 .89 0
23:48 747.78 2.72 62 1.34 0
23:49 747.78 2.78 61 .89 0
23:50 748.03 2.83 60 .89 0
23:51 748.03 3.06 60 .89 0
23:52 748.03 3.11 59 .89 0
23:53 748.03 3.28 59 .45 0
23:54 748.03 3.28 59 .45 0
23:55 748.03 3.39 59 .45 0
23:56 748.03 3.33 60 .45 0
23:57 748.03 3.33 59 .45 0
23:58 748.03 3.28 59 .45 0
23:59 748.03 3.28 59 .45 0
