00:00 746 1.78 73 8.94 0
00:01 746.25 1.78 73 4.02 0
00:02 746.25 1.78 73 11.18 0
00:03 746 1.78 73 10.28 0
00:04 746.25 1.78 73 4.92 0
00:05 746.25 1.72 73 4.47 0
00:06 746.25 1.72 73 7.15 0
00:07 746.25 1.67 73 5.36 0
00:08 746.25 1.67 73 6.71 0
00:09 746.25 1.61 73 4.47 0
00:10 746.25 1.61 73 4.47 0
00:11 746.25 1.61 73 6.26 0
00:12 746.25 1.56 73 7.15 0
00:13 746.25 1.61 73 7.15 0
00:14 746.25 1.61 73 4.92 0
00:15 746.25 1.61 73 4.02 0
00:16 746.25 1.56 73 4.47 0
00:17 746.25 1.56 73 6.71 0
00:18 746.25 1.5 73 4.92 0
00:19 746.25 1.56 73 7.15 0
00:20 746.25 1.56 73 9.39 0
00:21 746.25 1.56 73 4.47 0
00:22 746.25 1.56 73 3.58 0
00:23 746.25 1.5 73 8.05 0
00:24 746.51 1.5 73 4.92 0
00:25 746.51 1.5 73 9.39 0
00:26 746.25 1.56 73 6.71 0
00:27 746.51 1.56 73 6.26 0
00:28 746.51 1.56 73 5.81 0
00:29 746.51 1.56 73 5.81 0
00:30 746.51 1.56 73 7.15 0
00:31 746.51 1.56 73 5.81 0
00:32 746.51 1.56 73 4.47 0
00:33 746.51 1.5 73 7.6 0
00:34 746.51 1.56 73 7.15 0
00:35 746.51 1.56 73 10.73 0
00:36 746.51 1.5 73 3.13 0
00:37 746.51 1.5 73 5.81 0
00:38 746.51 1.5 73 8.94 0
00:39 746.51 1.5 73 3.58 0
00:40 746.51 1.5 73 3.58 0
00:41 746.51 1.5 73 4.92 0
00:42 746.51 1.5 73 2.24 0
00:43 746.51 1.5 73 7.6 0
00:44 746.51 1.44 74 5.81 0
00:45 746.51 1.44 73 7.6 0
00:46 746.51 1.44 73 6.71 0
00:47 746.51 1.44 73 6.26 0
00:48 746.51 1.5 73 6.26 0
00:49 746.51 1.44 73 7.6 0
00:50 746.51 1.44 73 7.15 0
00:51 746.25 1.44 73 6.26 0
00:52 746.51 1.44 73 11.18 0
00:53 746.51 1.5 73 6.26 0
00:54 746.51 1.5 73 8.05 0
00:55 746.51 1.5 73 10.28 0
00:56 746.51 1.44 73 4.47 0
00:57 746.51 1.44 73 7.6 0
00:58 746.51 1.44 73 7.15 0
00:59 746.51 1.44 73 9.83 0
01:00 746.51 1.44 73 11.62 0
01:01 746.51 1.5 73 4.92 0
01:02 746.51 1.44 73 8.94 0
01:03 746.51 1.44 73 7.15 0
01:04 746.51 1.44 73 9.39 0
01:05 746.51 1.44 74 9.39 0
01:06 746.51 1.44 74 9.83 0
01:07 746.51 1.44 74 8.49 0
01:08 746.51 1.39 74 9.83 0
01:09 746.51 1.39 74 5.36 0
01:10 746.51 1.39 74 2.68 0
01:11 746.51 1.39 74 4.02 0
01:12 746.51 1.33 74 9.39 0
01:13 746.51 1.33 74 6.71 0
01:14 746.51 1.33 74 4.47 0
01:15 746.51 1.33 74 7.15 0
01:16 746.51 1.33 74 7.15 0
01:17 746.51 1.28 74 7.6 0
01:18 746.51 1.28 74 8.05 0
01:19 746.51 1.33 74 9.39 0
01:20 746.51 1.39 74 6.71 0
01:21 746.76 1.39 74 9.83 0
01:22 746.51 1.39 74 12.07 0
01:23 746.51 1.39 74 10.28 0
01:24 746.76 1.39 74 5.36 0
01:25 746.76 1.33 74 6.71 0
01:26 746.76 1.33 74 7.6 0
01:27 746.76 1.33 74 4.47 0
01:28 746.76 1.28 74 7.15 0
01:29 746.76 1.28 74 7.6 0
01:30 746.76 1.28 74 7.6 0
01:31 746.76 1.28 74 5.81 0
01:32 746.76 1.22 74 7.15 0
01:33 746.76 1.22 74 5.36 0
01:34 746.76 1.22 74 8.94 0
01:35 746.76 1.22 74 5.81 0
01:36 746.76 1.22 74 7.15 0
01:37 746.76 1.22 74 8.94 0
01:38 746.76 1.22 74 9.39 0
01:39 746.76 1.22 74 8.05 0
01:40 746.76 1.22 74 6.26 0
01:41 746.76 1.22 74 9.39 0
01:42 746.76 1.22 74 7.6 0
01:43 746.76 1.17 74 10.28 0
01:44 746.76 1.17 74 5.36 0
01:45 746.76 1.17 74 8.49 0
01:46 746.76 1.11 74 5.36 0
01:47 747.01 1.11 74 6.71 0
01:48 747.01 1.11 74 10.28 0
01:49 747.01 1.11 75 5.36 0
01:50 746.76 1.06 75 7.15 0
01:51 747.01 1.06 74 9.83 0
01:52 746.76 1.06 74 7.6 0
01:53 746.76 1 75 6.26 0
01:54 746.76 1 75 8.49 0
01:55 746.76 .94 75 5.36 0
01:56 746.76 .94 75 9.83 0
01:57 746.76 .94 75 5.36 0
01:58 746.76 .94 75 6.71 0
01:59 746.76 1 75 9.39 0
02:00 746.76 1.06 75 5.81 0
02:01 747.01 1 75 5.81 0
02:02 746.76 .94 75 8.49 0
02:03 747.01 .94 75 8.49 0
02:04 746.76 .94 75 7.15 0
02:05 747.01 .94 75 4.92 0
02:06 747.01 .94 75 4.47 0
02:07 747.01 .94 75 8.05 0
02:08 747.01 .89 75 5.36 0
02:09 747.01 .94 75 6.71 0
02:10 747.01 .94 75 8.05 0
02:11 747.01 .94 75 6.26 0
02:12 747.01 .94 75 5.36 0
02:13 747.01 .94 75 5.81 0
02:14 747.01 .94 75 6.71 0
02:15 747.01 .94 75 4.47 0
02:16 747.01 .94 75 6.26 0
02:17 747.01 .94 75 4.92 0
02:18 747.01 .94 75 7.15 0
02:19 747.01 .94 75 4.47 0
02:20 747.01 .89 75 3.58 0
02:21 747.01 .89 75 6.26 0
02:22 747.01 .89 75 4.02 0
02:23 747.01 .89 75 5.36 0
02:24 747.01 .89 75 5.81 0
02:25 747.01 .89 75 6.26 0
02:26 747.01 .94 75 7.15 0
02:27 747.01 .94 75 4.92 0
02:28 747.01 .94 75 6.26 0
02:29 747.01 .94 75 5.36 0
02:30 747.01 .94 75 5.36 0
02:31 747.01 .94 75 4.92 0
02:32 747.01 .94 75 9.83 0
02:33 747.01 .94 75 8.05 0
02:34 747.01 .94 75 7.6 0
02:35 747.01 .94 75 5.36 0
02:36 747.27 .94 75 4.92 0
02:37 747.27 .94 75 8.05 0
02:38 747.27 .94 75 7.15 0
02:39 747.01 .94 75 4.92 0
02:40 747.27 .94 75 5.36 0
02:41 747.27 .94 75 7.6 0
02:42 747.01 .94 75 8.49 0
02:43 747.01 .94 75 9.39 0
02:44 747.01 .94 75 8.94 0
02:45 747.01 .94 75 6.71 0
02:46 747.01 .94 75 8.05 0
02:47 747.27 .94 75 7.6 0
02:48 747.27 .94 75 8.05 0
02:49 747.27 .94 75 6.71 0
02:50 747.27 .94 75 5.36 0
02:51 747.52 .89 75 4.47 0
02:52 747.52 .83 75 4.47 0
02:53 747.52 .83 75 6.71 0
02:54 747.52 .83 75 8.94 0
02:55 747.52 .89 75 4.92 0
02:56 747.52 .83 75 6.71 0
02:57 747.52 .83 75 4.47 0
02:58 747.52 .83 75 6.26 0
02:59 747.52 .83 75 9.83 0
03:00 747.52 .89 75 6.26 0
03:01 747.52 .89 75 4.92 0
03:02 747.78 .83 75 4.92 0
03:03 747.78 .83 75 4.02 0
03:04 747.52 .78 75 8.05 0
03:05 747.52 .78 75 7.15 0
03:06 747.78 .78 76 4.92 0
03:07 747.78 .78 75 4.92 0
03:08 747.78 .78 76 9.39 0
03:09 747.78 .83 75 7.15 0
03:10 747.78 .78 75 7.15 0
03:11 747.78 .78 75 4.92 0
03:12 747.78 .78 75 5.36 0
03:13 747.78 .78 76 5.36 0
03:14 747.78 .72 76 4.02 0
03:15 747.78 .72 76 2.68 0
03:16 747.78 .67 76 7.15 0
03:17 747.78 .67 76 5.36 0
03:18 747.78 .61 76 8.05 0
03:19 747.78 .67 76 6.71 0
03:20 747.78 .67 76 6.71 0
03:21 747.78 .67 76 8.05 0
03:22 747.78 .67 76 8.05 0
03:23 747.78 .67 76 5.36 0
03:24 747.78 .67 76 8.05 0
03:25 747.78 .67 76 3.13 0
03:26 747.78 .67 76 4.47 0
03:27 747.78 .61 76 4.47 0
03:28 747.78 .56 76 4.47 0
03:29 747.78 .56 76 4.47 0
03:30 747.78 .5 76 7.15 0
03:31 747.78 .5 76 4.92 0
03:32 748.03 .5 76 4.47 0
03:33 748.03 .56 76 5.81 0
03:34 748.03 .56 76 5.36 0
03:35 748.03 .56 76 4.92 0
03:36 748.03 .56 76 7.15 0
03:37 748.03 .56 76 5.81 0
03:38 748.03 .56 76 3.58 0
03:39 748.03 .5 76 4.47 0
03:40 748.03 .56 76 4.47 0
03:41 748.03 .5 76 4.47 0
03:42 748.03 .5 77 3.13 0
03:43 748.03 .44 76 8.05 0
03:44 748.03 .44 76 6.26 0
03:45 748.03 .44 77 4.02 0
03:46 748.03 .44 77 4.47 0
03:47 748.03 .39 77 4.47 0
03:48 748.03 .44 77 5.36 0
03:49 748.03 .44 77 4.92 0
03:50 748.03 .44 77 2.68 0
03:51 748.28 .44 77 4.47 0
03:52 748.28 .39 77 4.47 0
03:53 748.28 .39 77 4.02 0
03:54 748.28 .39 77 5.81 0
03:55 748.28 .33 77 3.58 0
03:56 748.28 .33 77 5.81 0
03:57 748.28 .39 77 4.92 0
03:58 748.28 .39 77 5.36 0
03:59 748.28 .39 77 4.02 0
04:00 748.28 .39 77 5.36 0
04:01 748.03 .44 77 4.02 0
04:02 748.03 .44 77 6.26 0
04:03 748.03 .44 77 6.26 0
04:04 748.03 .44 77 4.47 0
04:05 748.03 .44 77 4.02 0
04:06 748.03 .44 77 5.36 0
04:07 748.03 .44 77 7.15 0
04:08 748.03 .44 77 4.02 0
04:09 748.03 .44 77 4.02 0
04:10 748.03 .44 77 4.92 0
04:11 748.03 .39 77 4.92 0
04:12 748.03 .44 77 5.36 0
04:13 748.03 .44 77 7.6 0
04:14 748.03 .44 77 5.36 0
04:15 748.03 .44 77 3.58 0
04:16 748.03 .44 77 3.58 0
04:17 748.03 .44 77 4.02 0
04:18 748.03 .39 77 6.26 0
04:19 748.03 .39 77 4.92 0
04:20 748.03 .44 77 5.36 0
04:21 748.03 .44 77 4.02 0
04:22 748.03 .44 77 5.81 0
04:23 748.03 .44 77 4.02 0
04:24 748.03 .39 77 6.71 0
04:25 748.03 .39 77 4.92 0
04:26 748.03 .39 77 4.47 0
04:27 748.03 .39 77 4.02 0
04:28 748.03 .39 77 4.47 0
04:29 748.03 .39 77 1.79 0
04:30 748.03 .33 77 5.81 0
04:31 748.03 .28 77 4.47 0
04:32 748.03 .28 77 4.92 0
04:33 748.03 .28 77 4.02 0
04:34 748.03 .28 77 4.02 0
04:35 748.03 .28 77 2.24 0
04:36 748.03 .22 78 4.92 0
04:37 748.03 .22 78 4.92 0
04:38 748.03 .22 78 4.47 0
04:39 748.03 .22 78 6.26 0
04:40 748.03 .22 78 4.92 0
04:41 748.03 .17 78 4.47 0
04:42 748.03 .17 78 8.05 0
04:43 748.03 .22 78 5.36 0
04:44 748.03 .22 78 4.92 0
04:45 748.28 .22 78 3.58 0
04:46 748.03 .17 78 4.47 0
04:47 748.28 .17 78 4.47 0
04:48 748.28 .17 78 4.02 0
04:49 748.03 .17 78 5.81 0
04:50 748.28 .11 78 3.58 0
04:51 748.28 .11 78 4.47 0
04:52 748.28 .06 78 4.47 0
04:53 748.28 0 78 2.24 0
04:54 748.03 0 78 2.68 0
04:55 748.28 0 78 4.47 0
04:56 748.28 .06 78 5.36 0
04:57 748.28 .06 78 5.36 0
04:58 748.28 .06 78 4.47 0
04:59 748.28 .06 78 3.58 0
05:00 748.28 .06 78 4.92 0
05:01 748.28 0 78 2.68 0
05:02 748.28 .06 78 4.92 0
05:03 748.28 0 78 4.92 0
05:04 748.28 0 78 4.47 0
05:05 748.28 -.06 78 4.47 0
05:06 748.28 0 78 5.36 0
05:07 748.28 -.06 78 3.13 0
05:08 748.54 -.06 78 4.02 0
05:09 748.28 -.11 78 3.58 0
05:10 748.54 -.11 78 4.92 0
05:11 748.28 -.11 79 4.02 0
05:12 748.28 -.11 78 6.26 0
05:13 748.28 -.11 79 2.68 0
05:14 748.28 -.11 79 2.24 0
05:15 748.54 -.11 79 3.58 0
05:16 748.28 -.11 79 4.02 0
05:17 748.28 -.11 79 3.58 0
05:18 748.28 -.11 79 1.79 0
05:19 748.28 -.17 79 4.47 0
05:20 748.28 -.11 79 3.13 0
05:21 748.28 -.17 79 3.58 0
05:22 748.28 -.17 79 2.24 0
05:23 748.28 -.17 79 6.71 0
05:24 748.28 -.17 79 4.92 0
05:25 748.28 -.11 79 1.79 0
05:26 748.28 -.17 79 1.79 0
05:27 748.28 -.17 79 4.02 0
05:28 748.28 -.17 79 4.02 0
05:29 748.28 -.22 79 4.47 0
05:30 748.28 -.17 79 4.92 0
05:31 748.28 -.17 79 4.47 0
05:32 748.54 -.17 79 4.47 0
05:33 748.28 -.22 79 2.68 0
05:34 748.28 -.22 79 4.47 0
05:35 748.54 -.22 79 3.58 0
05:36 748.54 -.22 79 4.02 0
05:37 748.28 -.28 79 4.02 0
05:38 748.54 -.28 79 4.02 0
05:39 748.28 -.22 79 3.13 0
05:40 748.28 -.28 79 3.13 0
05:41 748.54 -.28 79 3.58 0
05:42 748.54 -.28 79 4.47 0
05:43 748.54 -.28 80 4.02 0
05:44 748.54 -.28 80 2.24 0
05:45 748.54 -.33 80 3.13 0
05:46 748.54 -.33 80 2.24 0
05:47 748.54 -.33 80 1.79 0
05:48 748.54 -.39 80 .89 0
05:49 748.54 -.39 80 1.79 0
05:50 748.54 -.44 80 3.13 0
05:51 748.54 -.44 80 3.13 0
05:52 748.54 -.44 80 .89 0
05:53 748.54 -.44 80 2.24 0
05:54 748.54 -.44 80 2.24 0
05:55 748.54 -.44 80 2.68 0
05:56 748.54 -.44 80 2.24 0
05:57 748.54 -.44 80 3.13 0
05:58 748.54 -.44 80 4.47 0
05:59 748.54 -.39 80 3.13 0
06:00 748.54 -.44 80 2.68 0
06:01 748.54 -.44 80 1.79 0
06:02 748.54 -.44 80 1.79 0
06:03 748.54 -.5 80 1.34 0
06:04 748.54 -.5 80 .89 0
06:05 748.54 -.56 80 2.68 0
06:06 748.54 -.56 80 2.68 0
06:07 748.54 -.56 80 2.68 0
06:08 748.54 -.56 80 1.79 0
06:09 748.54 -.56 80 2.24 0
06:10 748.54 -.56 80 2.24 0
06:11 748.54 -.61 80 2.24 0
06:12 748.54 -.67 81 1.79 0
06:13 748.54 -.67 81 1.34 0
06:14 748.54 -.67 81 .89 0
06:15 748.54 -.67 81 3.13 0
06:16 748.54 -.67 81 1.79 0
06:17 748.54 -.67 81 1.79 0
06:18 748.54 -.67 81 2.68 0
06:19 748.54 -.72 81 1.79 0
06:20 748.54 -.72 81 2.24 0
06:21 748.54 -.72 81 3.58 0
06:22 748.54 -.72 81 1.79 0
06:23 748.54 -.78 81 .89 0
06:24 748.54 -.72 81 1.79 0
06:25 748.54 -.72 81 1.34 0
06:26 748.54 -.72 81 3.13 0
06:27 748.54 -.72 81 1.34 0
06:28 748.54 -.72 81 2.24 0
06:29 748.54 -.72 81 1.79 0
06:30 748.54 -.72 81 3.13 0
06:31 748.54 -.72 81 3.13 0
06:32 748.54 -.72 81 1.79 0
06:33 748.54 -.72 81 3.58 0
06:34 748.54 -.72 81 1.79 0
06:35 748.54 -.72 81 1.79 0
06:36 748.54 -.72 81 2.68 0
06:37 748.54 -.72 81 1.79 0
06:38 748.54 -.78 81 1.34 0
06:39 748.54 -.78 81 1.79 0
06:40 748.54 -.78 81 1.34 0
06:41 748.54 -.78 82 1.34 0
06:42 748.54 -.78 82 1.79 0
06:43 748.54 -.83 82 1.79 0
06:44 748.54 -.83 82 1.79 0
06:45 748.54 -.83 82 1.34 0
06:46 748.54 -.83 82 1.79 0
06:47 748.54 -.83 82 1.34 0
06:48 748.54 -.83 82 .89 0
06:49 748.54 -.89 82 1.34 0
06:50 748.54 -.89 82 1.34 0
06:51 748.54 -.89 82 .89 0
06:52 748.54 -.89 82 .89 0
06:53 748.54 -.89 82 .89 0
06:54 748.54 -.89 82 .89 0
06:55 748.54 -.89 82 .45 0
06:56 748.54 -.94 82 .89 0
06:57 748.54 -.94 82 1.34 0
06:58 748.54 -.94 82 .89 0
06:59 748.54 -1 82 1.79 0
07:00 748.54 -1 82 1.34 0
07:01 748.54 -1 82 .89 0
07:02 748.54 -1 82 .89 0
07:03 748.54 -1.06 82 .89 0
07:04 748.54 -1.06 82 .89 0
07:05 748.54 -1.06 82 1.79 0
07:06 748.54 -1.06 82 2.24 0
07:07 748.54 -1.06 83 .89 0
07:08 748.54 -1.06 82 .45 0
07:09 748.54 -1.06 83 .89 0
07:10 748.54 -1.11 83 3.13 0
07:11 748.54 -1.06 82 3.13 0
07:12 748.54 -1.11 82 2.24 0
07:13 748.79 -1.11 82 1.34 0
07:14 748.79 -1.06 82 3.13 0
07:15 748.79 -1.06 83 1.34 0
07:16 748.79 -1.06 82 1.34 0
07:17 748.79 -1.06 83 1.34 0
07:18 748.79 -1.06 83 .89 0
07:19 748.79 -1.06 83 2.24 0
07:20 748.79 -1.06 83 2.24 0
07:21 748.79 -1.06 83 3.13 0
07:22 748.79 -1.06 83 2.24 0
07:23 748.79 -1.06 83 2.24 0
07:24 748.79 -1.11 83 4.47 0
07:25 748.79 -1.06 82 1.34 0
07:26 748.79 -1.06 82 1.34 0
07:27 748.79 -1.06 83 2.24 0
07:28 748.54 -1.11 83 1.79 0
07:29 748.54 -1.11 82 3.13 0
07:30 748.54 -1.06 83 1.79 0
07:31 748.54 -1.11 83 1.34 0
07:32 748.54 -1.06 82 2.24 0
07:33 748.54 -1.11 83 3.13 0
07:34 748.54 -1.11 83 .89 0
07:35 748.54 -1.11 83 .89 0
07:36 748.54 -1.11 83 1.34 0
07:37 748.54 -1.11 82 2.24 0
07:38 748.54 -1.11 82 3.58 0
07:39 748.54 -1.11 83 1.79 0
07:40 748.54 -1.11 83 .89 0
07:41 748.54 -1.11 82 1.79 0
07:42 748.54 -1.06 82 1.34 0
07:43 748.54 -1.11 82 2.24 0
07:44 748.54 -1.11 82 .89 0
07:45 748.79 -1.06 83 3.13 0
07:46 748.79 -1.11 82 2.24 0
07:47 748.54 -1.06 83 1.79 0
07:48 748.79 -1.06 83 2.68 0
07:49 748.54 -1.06 82 1.34 0
07:50 748.54 -1.06 82 .89 0
07:51 748.54 -1.06 82 1.34 0
07:52 748.79 -1.06 82 1.34 0
07:53 748.79 -1.06 82 3.13 0
07:54 748.79 -1.06 82 .89 0
07:55 748.79 -1.06 82 1.79 0
07:56 748.54 -1.06 82 3.13 0
07:57 748.54 -1.06 82 1.79 0
07:58 748.79 -1.06 82 1.79 0
07:59 748.79 -1 82 2.24 0
08:00 748.54 -1 82 .45 0
08:01 748.54 -1 82 2.24 0
08:02 748.79 -1.06 82 3.13 0
08:03 748.79 -1 82 3.13 0
08:04 748.79 -1 82 2.24 0
08:05 748.79 -1 82 1.79 0
08:06 748.79 -1 82 1.79 0
08:07 748.79 -1 82 1.34 0
08:08 748.79 -1 82 2.68 0
08:09 748.79 -1 82 3.13 0
08:10 748.79 -1 82 .89 0
08:11 748.79 -1 82 2.68 0
08:12 748.79 -.94 82 3.58 0
08:13 748.79 -1 82 2.24 0
08:14 748.79 -1 82 3.58 0
08:15 748.79 -1 82 2.24 0
08:16 748.79 -.94 82 1.34 0
08:17 748.79 -.94 82 1.34 0
08:18 748.79 -1 82 3.58 0
08:19 748.79 -.94 82 1.34 0
08:20 748.79 -1 82 .89 0
08:21 748.79 -1 82 1.34 0
08:22 748.79 -1 82 4.02 0
08:23 748.79 -1 82 1.79 0
08:24 748.79 -1 82 3.13 0
08:25 748.79 -1 82 .45 0
08:26 748.79 -1 82 1.79 0
08:27 748.79 -1 82 1.79 0
08:28 748.79 -1 82 3.13 0
08:29 748.79 -1 82 1.34 0
08:30 748.79 -1 82 3.13 0
08:31 748.79 -.94 82 2.24 0
08:32 748.79 -.94 82 2.24 0
08:33 748.79 -.94 82 3.58 0
08:34 748.79 -.94 82 2.24 0
08:35 748.79 -1 82 1.79 0
08:36 748.79 -.94 82 1.79 0
08:37 748.79 -.94 82 1.79 0
08:38 748.79 -.94 82 1.34 0
08:39 748.79 -.94 82 5.36 0
08:40 748.79 -.94 82 2.24 0
08:41 748.79 -.94 82 2.24 0
08:42 748.79 -.89 82 1.34 0
08:43 748.79 -.94 82 2.24 0
08:44 748.79 -.94 82 3.13 0
08:45 748.79 -.94 82 1.34 0
08:46 748.79 -.94 82 1.79 0
08:47 748.79 -.94 82 1.34 0
08:48 748.79 -.94 82 1.34 0
08:49 748.79 -.94 82 2.24 0
08:50 748.79 -.94 82 1.34 0
08:51 748.79 -.94 82 2.24 0
08:52 748.79 -.94 82 .89 0
08:53 749.05 -.94 82 3.13 0
08:54 749.05 -.94 82 3.58 0
08:55 749.05 -.94 82 3.13 0
08:56 749.05 -.94 82 2.68 0
08:57 749.05 -.94 82 3.58 0
08:58 749.05 -.94 82 2.68 0
08:59 749.05 -.94 82 2.24 0
09:00 748.79 -.89 82 .89 0
09:01 748.79 -.94 82 2.24 0
09:02 749.05 -.94 82 1.34 0
09:03 749.05 -.94 82 .89 0
09:04 749.05 -.94 82 3.13 0
09:05 749.05 -.94 82 2.68 0
09:06 749.05 -.89 82 1.34 0
09:07 749.05 -.89 82 2.24 0
09:08 749.05 -.94 82 2.68 0
09:09 749.05 -.94 82 1.79 0
09:10 749.05 -.89 82 3.58 0
09:11 749.05 -.89 82 1.34 0
09:12 749.05 -.89 82 2.24 0
09:13 749.05 -.83 82 1.34 0
09:14 749.05 -.83 82 1.34 0
09:15 749.05 -.83 82 3.13 0
09:16 749.05 -.83 82 1.79 0
09:17 749.05 -.89 82 .89 0
09:18 749.05 -.83 82 1.79 0
09:19 749.05 -.83 82 1.34 0
09:20 749.05 -.83 82 2.24 0
09:21 749.05 -.83 82 3.13 0
09:22 749.05 -.83 82 4.02 0
09:23 749.05 -.83 82 1.79 0
09:24 749.05 -.83 82 1.79 0
09:25 749.05 -.83 82 1.34 0
09:26 749.05 -.83 82 1.79 0
09:27 749.05 -.83 82 2.24 0
09:28 749.05 -.78 82 2.24 0
09:29 749.05 -.78 82 2.24 0
09:30 749.3 -.78 82 3.13 0
09:31 749.3 -.78 82 4.02 0
09:32 749.3 -.72 82 2.24 0
09:33 749.3 -.72 82 .89 0
09:34 749.3 -.72 82 3.13 0
09:35 749.3 -.72 82 1.34 0
09:36 749.3 -.72 81 3.13 0
09:37 749.3 -.72 82 1.79 0
09:38 749.3 -.67 82 1.34 0
09:39 749.3 -.72 82 1.79 0
09:40 749.3 -.72 82 1.34 0
09:41 749.3 -.67 82 .45 0
09:42 749.3 -.67 82 3.13 0
09:43 749.3 -.67 82 1.79 0
09:44 749.3 -.67 81 1.79 0
09:45 749.3 -.61 81 1.79 0
09:46 749.3 -.61 82 1.79 0
09:47 749.3 -.61 81 .45 0
09:48 749.3 -.61 82 .89 0
09:49 749.3 -.61 82 1.34 0
09:50 749.3 -.56 82 4.47 0
09:51 749.3 -.56 82 2.24 0
09:52 749.3 -.56 82 1.79 0
09:53 749.3 -.56 82 1.79 0
09:54 749.3 -.5 81 1.34 0
09:55 749.3 -.5 82 1.34 0
09:56 749.3 -.5 82 1.34 0
09:57 749.3 -.5 82 1.79 0
09:58 749.3 -.5 82 2.24 0
09:59 749.3 -.44 81 4.47 0
10:00 749.3 -.39 82 3.58 0
10:01 749.3 -.44 81 3.13 0
10:02 749.3 -.39 81 2.24 0
10:03 749.3 -.39 81 1.79 0
10:04 749.3 -.39 81 1.34 0
10:05 749.3 -.39 81 1.34 0
10:06 749.3 -.39 81 2.24 0
10:07 749.3 -.39 81 1.79 0
10:08 749.3 -.39 81 1.79 0
10:09 749.3 -.39 81 1.34 0
10:10 749.3 -.39 81 1.34 0
10:11 749.3 -.39 81 .89 0
10:12 749.3 -.39 81 .89 0
10:13 749.3 -.33 81 1.34 0
10:14 749.3 -.39 81 1.34 0
10:15 749.3 -.33 81 .89 0
10:16 749.3 -.33 81 2.24 0
10:17 749.3 -.33 81 .89 0
10:18 749.3 -.33 81 1.34 0
10:19 749.3 -.33 81 1.34 0
10:20 749.3 -.33 81 .89 0
10:21 749.3 -.33 81 3.58 0
10:22 749.3 -.28 81 3.13 0
10:23 749.3 -.28 81 2.68 0
10:24 749.3 -.28 81 2.24 0
10:25 749.3 -.28 81 3.13 0
10:26 749.3 -.28 81 1.79 0
10:27 749.3 -.22 81 1.79 0
10:28 749.3 -.22 81 3.58 0
10:29 749.3 -.22 81 1.79 0
10:30 749.3 -.22 81 2.24 0
10:31 749.3 -.22 81 2.68 0
10:32 749.3 -.22 81 1.34 0
10:33 749.3 -.22 81 3.58 0
10:34 749.3 -.17 81 2.68 0
10:35 749.3 -.17 81 4.02 0
10:36 749.3 -.17 81 3.13 0
10:37 749.3 -.17 81 2.24 0
10:38 749.3 -.17 81 2.24 0
10:39 749.3 -.17 81 2.24 0
10:40 749.3 -.17 81 1.34 0
10:41 749.3 -.11 81 2.24 0
10:42 749.3 -.11 81 4.02 0
10:43 749.55 -.11 81 1.79 0
10:44 749.3 -.11 81 4.02 0
10:45 749.3 -.11 81 2.68 0
10:46 749.3 -.11 81 1.34 0
10:47 749.3 -.11 81 2.24 0
10:48 749.3 -.11 81 4.92 0
10:49 749.3 -.11 81 4.92 0
10:50 749.3 -.11 81 4.02 0
10:51 749.3 -.06 81 1.34 0
10:52 749.3 -.06 81 3.13 0
10:53 749.3 -.06 81 5.36 0
10:54 749.3 -.06 81 4.02 0
10:55 749.3 -.06 81 4.02 0
10:56 749.55 -.06 81 1.34 0
10:57 749.3 -.06 81 4.02 0
10:58 749.3 -.06 81 3.13 0
10:59 749.55 -.06 81 2.68 0
11:00 749.55 -.06 81 4.47 0
11:01 749.55 -.06 80 3.58 0
11:02 749.55 -.06 81 2.24 0
11:03 749.55 -.06 80 4.02 0
11:04 749.55 -.06 80 3.58 0
11:05 749.55 -.06 80 4.02 0
11:06 749.55 -.06 80 1.79 0
11:07 749.55 -.06 81 3.58 0
11:08 749.55 -.06 80 1.79 0
11:09 749.81 -.06 81 3.58 0
11:10 749.81 -.06 81 1.79 0
11:11 749.81 -.06 81 4.47 0
11:12 749.55 -.06 80 4.47 0
11:13 749.55 -.06 80 4.92 0
11:14 749.55 -.06 80 3.58 0
11:15 749.81 -.06 80 4.02 0
11:16 749.81 -.06 80 5.36 0
11:17 749.81 -.06 80 4.92 0
11:18 749.81 0 80 5.81 0
11:19 749.81 -.06 80 4.92 0
11:20 749.81 -.06 80 2.68 0
11:21 749.81 -.06 80 2.24 0
11:22 749.81 -.06 80 1.34 0
11:23 749.55 0 80 .89 0
11:24 749.81 -.06 80 2.24 0
11:25 749.81 -.06 80 .89 0
11:26 749.81 -.06 80 .89 0
11:27 749.81 -.06 80 1.34 0
11:28 749.81 -.06 81 .45 0
11:29 749.81 -.06 81 3.13 0
11:30 749.81 -.06 81 3.58 0
11:31 749.81 -.11 81 .89 0
11:32 749.81 -.11 80 1.79 0
11:33 749.81 -.11 81 2.68 0
11:34 749.81 -.17 81 2.24 0
11:35 749.81 -.17 81 3.13 0
11:36 749.81 -.17 81 1.79 0
11:37 749.81 -.17 81 2.24 0
11:38 749.81 -.17 81 .89 0
11:39 749.81 -.17 81 1.79 0
11:40 749.55 -.17 81 1.79 0
11:41 749.55 -.17 81 3.13 0
11:42 749.55 -.17 81 2.68 0
11:43 749.81 -.17 80 1.34 0
11:44 749.81 -.17 80 2.68 0
11:45 749.55 -.17 80 1.79 0
11:46 749.55 -.17 81 3.13 0
11:47 749.55 -.17 81 2.24 0
11:48 749.55 -.22 81 1.79 0
11:49 749.55 -.17 81 1.79 0
11:50 749.55 -.17 81 1.79 0
11:51 749.55 -.17 81 .45 0
11:52 749.55 -.11 81 1.34 0
11:53 749.55 -.11 81 .89 0
11:54 749.55 -.11 80 .89 0
11:55 749.55 -.11 81 .89 0
11:56 749.55 -.06 81 1.34 0
11:57 749.55 -.06 81 .89 0
11:58 749.55 -.06 81 1.34 0
11:59 749.55 -.06 80 1.34 0
12:00 749.55 -.06 80 .89 0
12:01 749.55 -.06 80 2.24 0
12:02 749.55 -.06 80 1.79 0
12:03 749.3 -.06 80 1.79 0
12:04 749.3 -.06 80 2.24 0
12:05 749.3 -.06 80 1.34 0
12:06 749.55 -.06 80 2.24 0
12:07 749.55 -.06 80 2.24 0
12:08 749.55 -.06 80 3.13 0
12:09 749.55 -.06 80 3.13 0
12:10 749.55 -.06 80 1.79 0
12:11 749.55 0 80 3.58 0
12:12 749.55 -.06 80 1.34 0
12:13 749.55 0 80 .89 0
12:14 749.55 .06 80 1.34 0
12:15 749.55 .06 80 3.13 0
12:16 749.55 .06 80 4.02 0
12:17 749.55 .06 80 1.79 0
12:18 749.55 .06 80 1.34 0
12:19 749.55 .06 80 .89 0
12:20 749.55 .06 80 3.13 0
12:21 749.55 .06 80 3.13 0
12:22 749.55 .06 80 1.79 0
12:23 749.55 .11 80 1.34 0
12:24 749.55 .06 80 1.34 0
12:25 749.55 .11 80 1.79 0
12:26 749.55 .11 80 3.58 0
12:27 749.55 .11 80 3.13 0
12:28 749.55 .11 80 5.36 0
12:29 749.55 .11 79 4.92 0
12:30 749.55 .06 79 3.58 0
12:31 749.55 .11 79 2.24 0
12:32 749.55 .11 79 1.79 0
12:33 749.55 .11 79 3.58 0
12:34 749.55 .11 79 1.79 0
12:35 749.55 .11 79 3.13 0
12:36 749.55 .11 79 3.13 0
12:37 749.55 .17 80 3.13 0
12:38 749.55 .17 80 4.47 0
12:39 749.55 .17 79 2.24 0
12:40 749.55 .17 79 2.24 0
12:41 749.55 .17 79 2.24 0
12:42 749.55 .17 79 2.68 0
12:43 749.55 .22 79 1.34 0
12:44 749.55 .22 79 1.79 0
12:45 749.55 .22 79 4.02 0
12:46 749.55 .28 79 1.79 0
12:47 749.3 .28 79 2.24 0
12:48 749.3 .22 79 1.34 0
12:49 749.3 .28 79 1.79 0
12:50 749.3 .28 79 3.58 0
12:51 749.3 .22 79 3.13 0
12:52 749.3 .28 79 3.58 0
12:53 749.3 .28 79 2.68 0
12:54 749.55 .28 79 2.24 0
12:55 749.3 .22 79 2.68 0
12:56 749.55 .22 79 2.24 0
12:57 749.55 .28 79 2.68 0
12:58 749.3 .28 79 .89 0
12:59 749.3 .33 79 1.79 0
13:00 749.55 .33 79 1.79 0
13:01 749.55 .33 79 4.02 0
13:02 749.55 .33 79 3.13 0
13:03 749.55 .39 79 1.34 0
13:04 749.55 .33 79 1.79 0
13:05 749.55 .33 79 1.79 0
13:06 749.55 .39 79 1.34 0
13:07 749.55 .39 79 1.34 0
13:08 749.55 .44 79 2.68 0
13:09 749.55 .39 79 .89 0
13:10 749.55 .44 79 .45 0
13:11 749.55 .44 79 1.34 0
13:12 749.55 .44 79 1.79 0
13:13 749.55 .44 79 1.34 0
13:14 749.55 .44 79 1.79 0
13:15 749.55 .44 79 1.34 0
13:16 749.55 .44 79 4.02 0
13:17 749.55 .44 79 3.13 0
13:18 749.55 .44 79 2.24 0
13:19 749.55 .5 79 3.13 0
13:20 749.55 .44 78 2.24 0
13:21 749.55 .44 78 1.79 0
13:22 749.55 .5 79 3.13 0
13:23 749.55 .5 79 3.58 0
13:24 749.55 .5 78 1.79 0
13:25 749.55 .5 78 1.34 0
13:26 749.55 .44 78 1.34 0
13:27 749.55 .44 78 .89 0
13:28 749.55 .44 79 2.68 0
13:29 749.55 .44 79 .89 0
13:30 749.55 .5 78 .45 0
13:31 749.55 .44 78 1.79 0
13:32 749.55 .5 79 2.68 0
13:33 749.55 .5 78 2.68 0
13:34 749.55 .5 78 1.79 0
13:35 749.55 .5 78 1.34 0
13:36 749.55 .5 78 .89 0
13:37 749.55 .5 78 1.34 0
13:38 749.55 .5 78 1.79 0
13:39 749.55 .5 78 1.79 0
13:40 749.55 .5 78 3.13 0
13:41 749.55 .5 78 2.68 0
13:42 749.55 .5 78 1.34 0
13:43 749.55 .56 78 .45 0
13:44 749.55 .56 78 .89 0
13:45 749.55 .5 78 .89 0
13:46 749.55 .56 78 .89 0
13:47 749.3 .5 78 2.68 0
13:48 749.55 .5 78 3.13 0
13:49 749.55 .5 78 1.79 0
13:50 749.55 .5 78 1.79 0
13:51 749.55 .5 78 2.68 0
13:52 749.55 .5 78 .89 0
13:53 749.55 .5 78 1.34 0
13:54 749.55 .5 78 1.79 0
13:55 749.55 .5 78 1.79 0
13:56 749.3 .5 78 .89 0
13:57 749.3 .5 78 3.13 0
13:58 749.3 .5 78 1.34 0
13:59 749.3 .5 78 .89 0
14:00 749.3 .44 78 1.34 0
14:01 749.3 .44 78 .89 0
14:02 749.3 .44 78 3.13 0
14:03 749.55 .44 78 2.68 0
14:04 749.55 .44 78 1.79 0
14:05 749.55 .44 78 1.34 0
14:06 749.55 .44 78 3.58 0
14:07 749.3 .44 78 1.79 0
14:08 749.3 .44 78 1.34 0
14:09 749.3 .44 78 3.58 0
14:10 749.3 .44 78 1.79 0
14:11 749.3 .44 78 .89 0
14:12 749.3 .39 78 1.79 0
14:13 749.3 .44 78 1.79 0
14:14 749.55 .39 78 .89 0
14:15 749.3 .39 78 3.13 0
14:16 749.3 .39 78 1.34 0
14:17 749.3 .39 78 1.79 0
14:18 749.3 .39 78 .89 0
14:19 749.3 .39 78 1.79 0
14:20 749.3 .44 78 3.58 0
14:21 749.3 .39 78 1.79 0
14:22 749.3 .44 78 .45 0
14:23 749.3 .44 78 1.79 0
14:24 749.3 .44 78 1.34 0
14:25 749.3 .44 78 .89 0
14:26 749.3 .44 78 .89 0
14:27 749.3 .44 78 .45 0
14:28 749.3 .44 78 1.34 0
14:29 749.3 .5 78 .89 0
14:30 749.3 .5 78 .45 0
14:31 749.3 .5 78 .45 0
14:32 749.3 .5 78 .89 0
14:33 749.3 .5 78 1.79 0
14:34 749.3 .5 78 3.13 0
14:35 749.3 .5 78 1.79 0
14:36 749.3 .5 78 4.02 0
14:37 749.3 .5 78 1.79 0
14:38 749.3 .44 78 1.34 0
14:39 749.3 .44 78 3.13 0
14:40 749.3 .44 78 2.68 0
14:41 749.3 .44 78 3.13 0
14:42 749.3 .44 78 3.13 0
14:43 749.3 .44 78 2.24 0
14:44 749.3 .44 78 .89 0
14:45 749.3 .5 78 1.34 0
14:46 749.3 .44 78 2.68 0
14:47 749.3 .44 78 2.24 0
14:48 749.3 .44 78 1.79 0
14:49 749.3 .44 77 1.79 0
14:50 749.3 .44 77 .89 0
14:51 749.3 .44 77 3.13 0
14:52 749.3 .44 77 1.79 0
14:53 749.3 .44 77 .89 0
14:54 749.3 .44 78 3.58 0
14:55 749.3 .44 78 2.24 0
14:56 749.3 .44 78 .89 0
14:57 749.3 .39 78 2.68 0
14:58 749.3 .39 78 .89 0
14:59 749.3 .39 78 1.79 0
15:00 749.3 .44 78 2.24 0
15:01 749.3 .39 78 .89 0
15:02 749.3 .39 78 1.79 0
15:03 749.3 .39 78 3.58 0
15:04 749.3 .39 78 1.34 0
15:05 749.3 .39 78 .89 0
15:06 749.3 .39 78 1.34 0
15:07 749.3 .39 78 .89 0
15:08 749.3 .39 78 1.79 0
15:09 749.3 .39 78 3.13 0
15:10 749.3 .33 78 1.79 0
15:11 749.3 .39 78 1.79 0
15:12 749.3 .39 78 2.68 0
15:13 749.3 .39 78 1.79 0
15:14 749.3 .39 78 1.79 0
15:15 749.3 .39 78 1.79 0
15:16 749.3 .39 78 2.24 0
15:17 749.3 .39 78 1.79 0
15:18 749.3 .39 78 2.68 0
15:19 749.3 .44 77 1.79 0
15:20 749.3 .44 77 1.79 0
15:21 749.3 .44 78 .89 0
15:22 749.3 .44 77 1.79 0
15:23 749.3 .44 77 1.79 0
15:24 749.3 .44 77 1.34 0
15:25 749.3 .44 77 1.79 0
15:26 749.3 .44 77 2.24 0
15:27 749.3 .44 77 2.24 0
15:28 749.3 .39 77 1.79 0
15:29 749.3 .44 77 1.79 0
15:30 749.3 .39 77 2.24 0
15:31 749.3 .39 77 2.24 0
15:32 749.3 .39 77 1.34 0
15:33 749.3 .39 77 1.79 0
15:34 749.3 .39 77 1.79 0
15:35 749.3 .39 78 .89 0
15:36 749.3 .39 78 .89 0
15:37 749.3 .39 78 .89 0
15:38 749.3 .39 78 1.34 0
15:39 749.3 .44 78 1.79 0
15:40 749.3 .44 78 2.68 0
15:41 749.3 .39 78 3.13 0
15:42 749.3 .44 78 1.79 0
15:43 749.3 .44 78 .89 0
15:44 749.3 .44 78 1.34 0
15:45 749.3 .44 78 .89 0
15:46 749.3 .44 78 2.24 0
15:47 749.3 .44 78 1.34 0
15:48 749.3 .44 78 2.24 0
15:49 749.3 .44 78 1.79 0
15:50 749.3 .44 78 .89 0
15:51 749.3 .39 78 .89 0
15:52 749.55 .39 78 3.58 0
15:53 749.55 .44 78 3.13 0
15:54 749.55 .44 77 1.34 0
15:55 749.3 .44 77 4.02 0
15:56 749.3 .44 77 1.34 0
15:57 749.55 .44 77 1.79 0
15:58 749.55 .44 77 3.13 0
15:59 749.3 .44 77 1.79 0
16:00 749.55 .44 77 2.24 0
16:01 749.3 .44 77 1.34 0
16:02 749.3 .44 77 1.79 0
16:03 749.3 .44 77 2.24 0
16:04 749.3 .44 77 1.79 0
16:05 749.55 .44 77 .89 0
16:06 749.3 .44 77 .89 0
16:07 749.55 .39 77 1.79 0
16:08 749.55 .44 77 1.34 0
16:09 749.55 .39 77 1.79 0
16:10 749.55 .39 77 1.79 0
16:11 749.55 .39 77 1.34 0
16:12 749.55 .44 77 1.79 0
16:13 749.55 .39 77 1.79 0
16:14 749.55 .39 77 1.34 0
16:15 749.55 .39 77 2.24 0
16:16 749.55 .39 77 2.24 0
16:17 749.55 .39 77 1.79 0
16:18 749.55 .39 77 1.79 0
16:19 749.55 .39 77 2.68 0
16:20 749.55 .39 77 2.24 0
16:21 749.55 .39 77 1.34 0
16:22 749.55 .39 77 1.34 0
16:23 749.55 .39 77 1.79 0
16:24 749.55 .39 77 1.79 0
16:25 749.55 .39 77 1.34 0
16:26 749.55 .33 77 .89 0
16:27 749.55 .39 77 1.34 0
16:28 749.55 .33 77 1.79 0
16:29 749.55 .33 78 1.79 0
16:30 749.55 .33 78 1.34 0
16:31 749.55 .33 78 1.79 0
16:32 749.55 .33 78 3.13 0
16:33 749.55 .33 78 1.34 0
16:34 749.55 .33 78 .89 0
16:35 749.55 .33 78 1.34 0
16:36 749.55 .33 78 1.79 0
16:37 749.55 .28 78 1.34 0
16:38 749.55 .28 78 1.34 0
16:39 749.55 .28 78 .89 0
16:40 749.55 .28 78 3.13 0
16:41 749.55 .28 78 .89 0
16:42 749.55 .28 78 1.34 0
16:43 749.55 .28 78 .89 0
16:44 749.55 .28 78 1.79 0
16:45 749.55 .28 78 .89 0
16:46 749.55 .28 78 .89 0
16:47 749.55 .28 78 .45 0
16:48 749.55 .28 78 1.79 0
16:49 749.55 .28 78 .89 0
16:50 749.55 .28 78 .45 0
16:51 749.55 .28 78 1.79 0
16:52 749.55 .28 78 1.79 0
16:53 749.55 .28 78 .45 0
16:54 749.55 .28 78 1.34 0
16:55 749.3 .28 78 .89 0
16:56 749.3 .22 78 1.79 0
16:57 749.55 .22 78 1.34 0
16:58 749.3 .28 78 1.34 0
16:59 749.3 .22 78 1.34 0
17:00 749.55 .22 78 .89 0
17:01 749.55 .22 78 .89 0
17:02 749.55 .17 78 1.34 0
17:03 749.55 .17 78 1.34 0
17:04 749.55 .22 78 .89 0
17:05 749.55 .17 78 1.34 0
17:06 749.55 .17 78 .89 0
17:07 749.55 .17 78 1.34 0
17:08 749.55 .17 78 1.34 0
17:09 749.55 .17 78 .89 0
17:10 749.3 .17 78 1.79 0
17:11 749.3 .11 78 1.34 0
17:12 749.3 .11 78 .89 0
17:13 749.3 .11 78 1.34 0
17:14 749.3 .11 78 1.34 0
17:15 749.3 .06 78 .89 0
17:16 749.3 .06 78 1.34 0
17:17 749.3 .06 78 .45 0
17:18 749.3 .06 78 1.34 0
17:19 749.3 .06 78 1.34 0
17:20 749.3 .06 78 .45 0
17:21 749.3 0 78 .89 0
17:22 749.3 0 79 1.79 0
17:23 749.3 0 78 .89 0
17:24 749.3 -.06 79 .89 0
17:25 749.3 0 79 1.34 0
17:26 749.3 0 79 1.34 0
17:27 749.3 -.06 79 .89 0
17:28 749.3 -.06 79 1.34 0
17:29 749.3 -.06 79 .45 0
17:30 749.3 -.06 79 .45 0
17:31 749.3 -.06 79 .89 0
17:32 749.3 -.06 79 .89 0
17:33 749.3 -.06 79 .89 0
17:34 749.3 -.11 79 1.34 0
17:35 749.3 -.11 79 1.34 0
17:36 749.3 -.11 79 .89 0
17:37 749.3 -.11 79 1.34 0
17:38 749.3 -.11 79 1.34 0
17:39 749.3 -.17 79 .89 0
17:40 749.3 -.17 79 1.34 0
17:41 749.3 -.17 79 1.34 0
17:42 749.3 -.17 79 .89 0
17:43 749.3 -.17 79 .89 0
17:44 749.3 -.17 79 .89 0
17:45 749.3 -.17 79 .45 0
17:46 749.3 -.22 79 1.34 0
17:47 749.3 -.17 79 1.34 0
17:48 749.05 -.17 79 .45 0
17:49 749.3 -.17 79 .45 0
17:50 749.3 -.17 80 .89 0
17:51 749.3 -.17 79 1.34 0
17:52 749.05 -.11 79 .89 0
17:53 749.05 -.11 80 1.34 0
17:54 749.05 -.06 79 .89 0
17:55 749.05 -.06 79 .89 0
17:56 749.3 -.11 79 1.79 0
17:57 749.05 -.06 79 1.34 0
17:58 749.3 -.06 79 .89 0
17:59 749.05 -.06 79 .89 0
18:00 749.05 0 80 1.34 0
18:01 749.3 0 79 1.34 0
18:02 749.3 0 79 .89 0
18:03 749.05 0 79 .89 0
18:04 749.3 .06 79 .89 0
18:05 749.3 .06 79 1.34 0
18:06 749.3 .06 79 1.34 0
18:07 749.3 .06 79 1.34 0
18:08 749.3 .06 79 .45 0
18:09 749.3 .06 79 .45 0
18:10 749.3 .06 79 .45 0
18:11 749.05 .06 79 .45 0
18:12 749.05 .06 79 .89 0
18:13 749.05 .06 79 1.34 0
18:14 749.05 .06 79 .45 0
18:15 749.05 0 79 .45 0
18:16 749.05 0 79 .89 0
18:17 749.05 -.06 79 .45 0
18:18 749.05 -.06 79 .89 0
18:19 749.05 -.06 79 .45 0
18:20 749.05 -.06 79 .89 0
18:21 749.05 -.06 79 .45 0
18:22 749.05 -.06 79 .89 0
18:23 749.05 -.06 79 0 0
18:24 749.05 -.06 79 .45 0
18:25 749.05 -.06 79 .89 0
18:26 749.05 -.06 79 1.34 0
18:27 749.05 0 79 .89 0
18:28 749.05 -.06 79 .89 0
18:29 749.05 0 79 .45 0
18:30 749.05 0 79 .45 0
18:31 749.05 .06 79 .45 0
18:32 748.79 .06 79 .89 0
18:33 748.79 .06 79 .89 0
18:34 748.79 .06 79 .89 0
18:35 748.79 .06 79 1.34 0
18:36 748.79 .11 79 1.34 0
18:37 748.79 .11 79 .89 0
18:38 748.79 .17 79 1.34 0
18:39 748.79 .17 79 1.34 0
18:40 748.79 .22 79 .89 0
18:41 748.79 .28 79 .45 0
18:42 748.79 .28 78 .89 0
18:43 748.79 .28 78 .89 0
18:44 748.79 .28 78 1.34 0
18:45 748.79 .33 78 1.34 0
18:46 748.79 .33 78 .89 0
18:47 748.79 .33 78 1.34 0
18:48 748.79 .39 78 .89 0
18:49 749.05 .39 78 1.79 0
18:50 748.79 .39 78 .89 0
18:51 748.79 .44 78 1.34 0
18:52 749.05 .5 78 1.79 0
18:53 748.79 .5 78 1.34 0
18:54 748.79 .44 78 1.79 0
18:55 748.79 .5 78 1.79 0
18:56 748.79 .5 78 1.34 0
18:57 748.79 .5 78 .45 0
18:58 748.79 .5 78 .89 0
18:59 748.79 .56 78 .45 0
19:00 748.79 .5 78 .89 0
19:01 748.79 .5 78 1.34 0
19:02 748.79 .5 78 .89 0
19:03 748.79 .5 78 .89 0
19:04 748.79 .56 78 1.34 0
19:05 748.79 .56 78 1.79 0
19:06 748.79 .56 78 1.34 0
19:07 748.79 .61 78 .89 0
19:08 748.79 .56 78 .89 0
19:09 748.79 .61 78 .89 0
19:10 748.79 .61 78 1.34 0
19:11 748.79 .61 78 1.34 0
19:12 748.79 .61 78 1.34 0
19:13 748.79 .61 78 .45 0
19:14 748.79 .61 78 .89 0
19:15 748.79 .67 78 .89 0
19:16 748.79 .61 78 1.34 0
19:17 748.79 .61 78 1.34 0
19:18 748.79 .61 78 .89 0
19:19 748.79 .61 78 1.79 0
19:20 748.79 .67 78 1.34 0
19:21 748.79 .67 78 1.34 0
19:22 748.79 .67 78 1.34 0
19:23 748.79 .67 78 1.34 0
19:24 748.79 .67 78 1.34 0
19:25 748.79 .67 78 1.79 0
19:26 748.79 .67 78 .89 0
19:27 748.79 .67 78 1.34 0
19:28 748.79 .67 78 1.34 0
19:29 748.79 .67 78 .45 0
19:30 748.79 .67 78 1.34 0
19:31 748.79 .67 77 .89 0
19:32 748.79 .67 78 1.34 0
19:33 748.79 .67 78 1.79 0
19:34 748.79 .67 78 1.79 0
19:35 748.79 .67 78 1.34 0
19:36 748.79 .67 78 1.34 0
19:37 748.79 .67 78 2.68 0
19:38 748.79 .67 78 1.79 0
19:39 748.79 .67 78 2.24 0
19:40 748.79 .67 78 1.79 0
19:41 748.79 .67 78 2.24 0
19:42 748.79 .61 78 2.24 0
19:43 748.79 .61 78 1.34 0
19:44 748.79 .61 78 1.79 0
19:45 748.79 .61 78 1.34 0
19:46 748.79 .61 78 1.34 0
19:47 748.79 .61 78 1.34 0
19:48 748.79 .61 78 1.34 0
19:49 748.79 .61 78 1.34 0
19:50 748.79 .61 78 1.34 0
19:51 748.79 .56 78 1.34 0
19:52 748.79 .61 78 1.34 0
19:53 748.79 .61 78 1.79 0
19:54 748.79 .61 78 1.34 0
19:55 748.79 .61 78 1.34 0
19:56 748.79 .61 78 1.79 0
19:57 748.79 .61 78 1.34 0
19:58 748.79 .56 78 .89 0
19:59 748.79 .61 78 .89 0
20:00 748.79 .56 78 1.79 0
20:01 748.79 .61 78 2.24 0
20:02 748.79 .61 78 1.34 0
20:03 748.79 .56 78 2.24 0
20:04 748.79 .61 78 1.79 0
20:05 748.79 .61 78 1.34 0
20:06 748.79 .61 78 2.24 0
20:07 748.79 .61 78 .89 0
20:08 748.79 .61 78 1.34 0
20:09 748.79 .67 78 2.68 0
20:10 748.79 .67 78 1.34 0
20:11 748.79 .67 77 1.34 0
20:12 748.54 .67 77 2.24 0
20:13 748.79 .61 77 1.79 0
20:14 748.79 .67 77 2.24 0
20:15 748.54 .61 77 2.24 0
20:16 748.54 .67 77 1.79 0
20:17 748.54 .61 77 1.79 0
20:18 748.54 .61 77 .89 0
20:19 748.54 .61 77 1.79 0
20:20 748.54 .61 77 1.34 0
20:21 748.54 .61 77 1.79 0
20:22 748.79 .61 77 1.79 0
20:23 748.54 .61 77 1.79 0
20:24 748.54 .61 78 .89 0
20:25 748.54 .61 78 .89 0
20:26 748.54 .61 78 1.79 0
20:27 748.79 .56 77 1.34 0
20:28 748.79 .56 78 1.34 0
20:29 748.79 .61 77 1.34 0
20:30 748.79 .61 77 .89 0
20:31 748.54 .56 78 1.79 0
20:32 748.54 .56 78 1.34 0
20:33 748.54 .56 78 1.34 0
20:34 748.54 .56 78 .89 0
20:35 748.54 .56 78 1.79 0
20:36 748.54 .56 78 .89 0
20:37 748.54 .56 78 .89 0
20:38 748.54 .61 78 1.79 0
20:39 748.54 .56 77 1.34 0
20:40 748.54 .56 77 .45 0
20:41 748.54 .56 77 2.24 0
20:42 748.54 .61 77 1.79 0
20:43 748.54 .61 77 1.34 0
20:44 748.54 .61 77 1.79 0
20:45 748.54 .56 77 1.34 0
20:46 748.54 .56 77 1.79 0
20:47 748.54 .56 77 1.34 0
20:48 748.54 .56 77 .89 0
20:49 748.54 .56 77 .45 0
20:50 748.54 .56 77 0 0
20:51 748.54 .5 77 .89 0
20:52 748.54 .5 77 .45 0
20:53 748.54 .5 77 .89 0
20:54 748.54 .5 77 0 0
20:55 748.54 .5 78 .45 0
20:56 748.54 .5 77 .89 0
20:57 748.54 .5 78 1.34 0
20:58 748.54 .5 77 .89 0
20:59 748.54 .5 78 .45 0
21:00 748.54 .5 78 .45 0
21:01 748.54 .5 78 .89 0
21:02 748.54 .5 78 .89 0
21:03 748.54 .56 78 .89 0
21:04 748.54 .5 77 .89 0
21:05 748.54 .5 77 .45 0
21:06 748.54 .5 77 0 0
21:07 748.54 .5 77 0 0
21:08 748.28 .5 77 0 0
21:09 748.54 .5 77 .45 0
21:10 748.54 .44 78 .89 0
21:11 748.28 .44 77 .89 0
21:12 748.28 .44 77 .89 0
21:13 748.28 .44 77 .89 0
21:14 748.28 .39 77 .89 0
21:15 748.28 .44 77 1.34 0
21:16 748.28 .44 77 1.34 0
21:17 748.28 .39 77 1.34 0
21:18 748.28 .39 77 1.34 0
21:19 748.28 .39 77 1.34 0
21:20 748.28 .39 77 1.34 0
21:21 748.28 .39 77 1.79 0
21:22 748.28 .39 77 .45 0
21:23 748.28 .39 77 1.34 0
21:24 748.28 .44 77 1.79 0
21:25 748.28 .44 77 1.34 0
21:26 748.28 .5 77 1.34 0
21:27 748.28 .5 77 1.79 0
21:28 748.28 .5 77 1.34 0
21:29 748.28 .5 77 1.79 0
21:30 748.28 .56 77 2.24 0
21:31 748.28 .5 77 1.34 0
21:32 748.28 .56 77 1.79 0
21:33 748.28 .56 77 1.34 0
21:34 748.28 .56 77 1.34 0
21:35 748.28 .56 77 .89 0
21:36 748.28 .56 77 .89 0
21:37 748.28 .56 77 .89 0
21:38 748.28 .56 76 .89 0
21:39 748.28 .56 76 1.34 0
21:40 748.28 .56 77 .89 0
21:41 748.28 .56 76 1.34 0
21:42 748.28 .56 76 .89 0
21:43 748.28 .56 76 .89 0
21:44 748.28 .56 76 1.34 0
21:45 748.28 .56 76 .89 0
21:46 748.28 .56 76 .89 0
21:47 748.28 .5 76 1.79 0
21:48 748.28 .5 76 1.34 0
21:49 748.28 .5 76 1.79 0
21:50 748.28 .5 76 .89 0
21:51 748.28 .5 76 1.34 0
21:52 748.28 .44 76 1.79 0
21:53 748.28 .44 76 1.34 0
21:54 748.28 .44 77 1.79 0
21:55 748.28 .44 77 1.79 0
21:56 748.28 .44 77 1.34 0
21:57 748.28 .44 77 1.79 0
21:58 748.28 .5 77 1.34 0
21:59 748.28 .5 77 2.24 0
22:00 748.28 .5 77 1.34 0
22:01 748.28 .5 77 1.34 0
22:02 748.28 .56 77 1.79 0
22:03 748.28 .56 77 1.34 0
22:04 748.54 .56 77 2.68 0
22:05 748.28 .61 77 2.68 0
22:06 748.54 .61 77 1.34 0
22:07 748.54 .67 77 1.79 0
22:08 748.54 .67 77 1.79 0
22:09 748.54 .72 76 1.34 0
22:10 748.54 .72 76 1.79 0
22:11 748.54 .72 76 .89 0
22:12 748.54 .72 76 1.79 0
22:13 748.54 .72 76 1.34 0
22:14 748.54 .72 76 1.79 0
22:15 748.54 .72 76 2.24 0
22:16 748.54 .78 76 1.79 0
22:17 748.54 .78 76 .89 0
22:18 748.54 .72 76 1.34 0
22:19 748.54 .72 76 1.34 0
22:20 748.54 .72 76 1.79 0
22:21 748.54 .67 76 1.34 0
22:22 748.54 .67 76 .89 0
22:23 748.54 .72 76 .89 0
22:24 748.54 .72 76 1.34 0
22:25 748.54 .67 76 .89 0
22:26 748.54 .72 76 1.34 0
22:27 748.54 .72 76 2.24 0
22:28 748.54 .72 76 1.34 0
22:29 748.54 .72 76 2.24 0
22:30 748.54 .78 76 .89 0
22:31 748.28 .72 76 .45 0
22:32 748.54 .72 76 1.34 0
22:33 748.28 .67 76 1.79 0
22:34 748.28 .67 76 1.79 0
22:35 748.28 .67 76 1.79 0
22:36 748.28 .61 76 1.79 0
22:37 748.28 .61 76 1.34 0
22:38 748.28 .61 76 1.79 0
22:39 748.28 .61 76 1.34 0
22:40 748.28 .61 76 1.79 0
22:41 748.28 .56 76 1.79 0
22:42 748.28 .61 76 1.34 0
22:43 748.28 .61 76 1.34 0
22:44 748.28 .61 76 1.34 0
22:45 748.28 .67 76 1.34 0
22:46 748.28 .67 76 1.79 0
22:47 748.28 .61 76 1.34 0
22:48 748.28 .67 76 1.79 0
22:49 748.28 .67 76 1.34 0
22:50 748.28 .67 76 1.34 0
22:51 748.28 .67 76 1.34 0
22:52 748.28 .67 76 1.34 0
22:53 748.28 .72 76 1.34 0
22:54 748.28 .67 76 .89 0
22:55 748.28 .72 76 .45 0
22:56 748.28 .67 76 .89 0
22:57 748.28 .72 76 .89 0
22:58 748.28 .67 76 .89 0
22:59 748.28 .72 76 .89 0
23:00 748.28 .72 76 .89 0
23:01 748.03 .72 76 1.34 0
23:02 748.28 .72 76 0 0
23:03 748.28 .72 76 .89 0
23:04 748.28 .78 76 1.79 0
23:05 748.28 .78 76 1.34 0
23:06 748.28 .72 76 .89 0
23:07 748.03 .78 76 .89 0
23:08 748.28 .78 76 .45 0
23:09 748.28 .78 76 .89 0
23:10 748.03 .78 76 1.34 0
23:11 748.28 .83 76 .89 0
23:12 748.03 .78 76 .89 0
23:13 748.28 .83 76 1.34 0
23:14 748.28 .83 76 .89 0
23:15 748.28 .78 76 0 0
23:16 748.28 .83 76 .45 0
23:17 748.28 .78 76 1.79 0
23:18 748.28 .78 76 1.34 0
23:19 748.28 .78 76 .45 0
23:20 748.28 .78 76 1.34 0
23:21 748.28 .78 76 1.34 0
23:22 748.28 .78 76 .89 0
23:23 748.28 .78 76 .45 0
23:24 748.28 .78 76 2.68 0
23:25 748.28 .78 76 1.34 0
23:26 748.03 .78 76 .89 0
23:27 748.28 .72 76 1.34 0
23:28 748.28 .78 76 .89 0
23:29 748.03 .78 76 1.79 0
23:30 748.03 .72 76 1.79 0
23:31 748.28 .72 76 .89 0
23:32 748.03 .78 76 1.34 0
23:33 748.28 .72 76 .89 0
23:34 748.28 .72 77 1.34 0
23:35 748.28 .72 77 1.79 0
23:36 748.28 .72 77 1.34 0
23:37 748.28 .72 77 1.34 0
23:38 748.28 .72 77 1.34 0
23:39 748.28 .72 77 1.34 0
23:40 748.03 .72 76 0 0
23:41 748.03 .72 77 .89 0
23:42 748.03 .67 77 1.34 0
23:43 748.03 .72 77 1.79 0
23:44 748.03 .72 77 1.34 0
23:45 748.03 .67 77 .45 0
23:46 748.03 .67 77 .89 0
23:47 748.03 .67 77 .45 0
23:48 748.03 .67 77 1.34 0
23:49 748.03 .67 77 1.34 0
23:50 748.03 .67 77 1.79 0
23:51 748.03 .67 77 1.79 0
23:52 748.03 .67 77 1.79 0
23:53 748.03 .61 77 .89 0
23:54 748.03 .61 77 2.68 0
23:55 748.03 .61 77 .45 0
23:56 748.03 .61 77 2.24 0
23:57 748.03 .61 77 .45 0
23:58 748.03 .56 77 .89 0
23:59 748.03 .56 77 1.34 0
