00:00 740.66 12.83 94 3.13 3.56
00:01 740.66 12.83 94 .89 3.56
00:02 740.66 12.83 94 2.68 3.56
00:03 740.66 12.83 94 1.34 5.33
00:04 740.66 12.83 94 4.47 5.33
00:05 740.66 12.83 94 3.13 5.33
00:06 740.66 12.83 94 2.24 5.08
00:07 740.66 12.83 94 4.47 5.08
00:08 740.66 12.83 94 2.24 5.08
00:09 740.66 12.83 94 3.58 5.08
00:10 740.66 12.72 94 2.68 4.57
00:11 740.66 12.72 94 3.13 4.57
00:12 740.66 12.72 94 5.36 4.57
00:13 740.66 12.72 94 7.15 4.06
00:14 740.66 12.72 94 4.02 3.3
00:15 740.41 12.72 94 5.81 3.3
00:16 740.41 12.72 94 4.92 3.3
00:17 740.41 12.72 94 2.68 3.3
00:18 740.41 12.72 94 3.13 4.06
00:19 740.41 12.72 94 3.13 4.06
00:20 740.41 12.72 94 3.13 4.06
00:21 740.41 12.72 94 2.68 4.06
00:22 740.41 12.72 94 3.13 3.56
00:23 740.41 12.72 94 3.13 3.05
00:24 740.41 12.72 94 2.68 2.79
00:25 740.41 12.72 94 4.02 2.79
00:26 740.41 12.72 94 2.68 2.79
00:27 740.41 12.72 94 4.02 2.79
00:28 740.41 12.72 94 3.13 2.79
00:29 740.41 12.72 94 3.13 3.05
00:30 740.16 12.72 94 4.92 3.05
00:31 740.16 12.72 94 4.47 3.05
00:32 740.16 12.72 94 3.58 3.05
00:33 740.16 12.72 94 2.24 3.81
00:34 740.16 12.72 94 2.24 14.22
00:35 740.16 12.72 94 .45 11.18
00:36 740.16 12.72 94 2.24 6.35
00:37 740.16 12.72 94 3.58 4.57
00:38 740.16 12.72 94 2.68 3.56
00:39 740.16 12.72 94 4.92 2.79
00:40 740.16 12.72 94 2.24 2.79
00:41 740.16 12.72 94 1.79 2.79
00:42 740.16 12.72 94 4.92 2.79
00:43 740.16 12.72 94 4.47 2.79
00:44 740.16 12.72 94 2.68 2.79
00:45 739.9 12.72 94 4.92 2.79
00:46 739.9 12.72 94 5.36 2.29
00:47 739.9 12.72 94 3.13 2.03
00:48 739.9 12.72 94 4.02 1.78
00:49 739.9 12.72 94 2.24 1.52
00:50 739.9 12.72 94 1.34 1.52
00:51 739.9 12.72 94 2.24 1.52
00:52 739.9 12.72 94 .89 1.52
00:53 739.9 12.72 94 4.92 1.52
00:54 739.9 12.72 94 3.13 1.52
00:55 739.9 12.72 94 4.47 1.52
00:56 739.9 12.72 94 5.36 1.52
00:57 739.9 12.72 94 3.13 1.52
00:58 739.9 12.72 94 4.47 1.52
00:59 739.9 12.72 94 1.79 1.52
01:00 739.65 12.72 94 4.47 1.27
01:01 739.65 12.72 94 4.47 1.27
01:02 739.65 12.72 94 4.92 1.27
01:03 739.65 12.72 94 3.13 1.27
01:04 739.65 12.72 94 4.47 1.27
01:05 739.65 12.72 94 2.24 1.27
01:06 739.65 12.72 94 3.13 1.27
01:07 739.65 12.72 94 1.79 1.27
01:08 739.65 12.72 94 4.47 1.27
01:09 739.65 12.72 94 3.13 1.27
01:10 739.65 12.72 94 3.58 1.27
01:11 739.65 12.72 94 4.02 1.27
01:12 739.65 12.83 94 3.58 1.27
01:13 739.65 12.83 94 2.68 1.27
01:14 739.65 12.83 94 2.68 1.27
01:15 739.39 12.83 94 4.02 1.27
01:16 739.39 12.83 94 4.47 1.27
01:17 739.39 12.83 94 2.68 1.27
01:18 739.39 12.83 94 3.13 3.56
01:19 739.39 12.83 94 4.02 8.64
01:20 739.39 12.83 94 4.02 8.64
01:21 739.39 12.83 94 4.92 9.91
01:22 739.39 12.83 94 3.13 17.02
01:23 739.39 12.83 94 4.47 16
01:24 739.39 12.83 94 2.68 9.14
01:25 739.39 12.83 94 5.81 9.14
01:26 739.39 12.83 94 4.02 7.11
01:27 739.39 12.83 94 3.13 4.83
01:28 739.39 12.83 94 2.24 3.56
01:29 739.39 12.83 95 4.47 2.79
01:30 739.14 12.83 94 4.47 2.79
01:31 739.14 12.83 94 4.47 2.79
01:32 739.14 12.83 94 6.26 2.79
01:33 739.14 12.83 94 4.02 2.79
01:34 739.14 12.83 94 3.58 3.3
01:35 739.14 12.83 94 2.68 3.3
01:36 739.14 12.83 94 3.13 3.3
01:37 739.14 12.83 94 4.47 3.3
01:38 739.14 12.83 94 4.02 3.3
01:39 739.14 12.83 94 2.68 3.05
01:40 739.14 12.83 94 4.92 3.05
01:41 739.14 12.83 94 1.79 3.05
01:42 739.14 12.83 94 2.24 4.57
01:43 739.14 12.83 94 4.92 4.57
01:44 739.14 12.83 94 3.58 4.57
01:45 738.89 12.83 94 3.58 4.57
01:46 738.89 12.83 94 2.24 3.81
01:47 738.89 12.83 94 2.24 3.56
01:48 738.89 12.83 94 2.68 3.56
01:49 738.89 12.83 94 4.02 3.56
01:50 738.89 12.83 94 2.24 4.57
01:51 738.89 12.83 94 3.13 4.57
01:52 738.89 12.83 94 6.26 4.57
01:53 738.89 12.83 94 2.68 4.57
01:54 738.89 12.83 94 2.68 3.81
01:55 738.89 12.83 94 5.81 3.81
01:56 738.89 12.83 94 5.81 3.81
01:57 738.89 12.83 94 4.47 3.81
01:58 738.89 12.83 94 4.92 3.56
01:59 738.89 12.83 94 3.13 3.56
02:00 738.38 12.83 94 3.13 3.56
02:01 738.38 12.83 94 0 3.56
02:02 738.38 12.83 94 1.34 3.56
02:03 738.38 12.83 94 2.68 3.05
02:04 738.38 12.83 94 4.47 2.79
02:05 738.38 12.83 94 2.24 2.79
02:06 738.38 12.83 94 3.13 2.79
02:07 738.38 12.83 94 3.13 2.79
02:08 738.38 12.83 94 5.36 3.81
02:09 738.38 12.83 94 4.92 3.81
02:10 738.38 12.83 94 1.34 3.81
02:11 738.38 12.83 94 1.34 3.81
02:12 738.38 12.83 94 4.02 3.56
02:13 738.38 12.83 94 1.79 2.79
02:14 738.38 12.83 94 2.68 2.54
02:15 738.12 12.83 94 2.68 2.54
02:16 738.12 12.83 94 5.36 2.54
02:17 738.12 12.83 94 3.13 2.54
02:18 738.12 12.83 94 3.13 2.54
02:19 738.12 12.83 94 2.24 2.54
02:20 738.12 12.83 94 5.81 2.54
02:21 738.12 12.83 94 2.24 2.54
02:22 738.12 12.83 94 2.24 2.54
02:23 738.12 12.83 94 2.24 2.54
02:24 738.12 12.83 94 1.79 2.54
02:25 738.12 12.83 94 3.58 2.54
02:26 738.12 12.83 94 4.02 2.54
02:27 738.12 12.83 94 3.13 2.29
02:28 738.12 12.83 94 4.02 2.03
02:29 738.12 12.83 94 5.36 1.78
02:30 737.87 12.83 95 2.68 1.52
02:31 737.87 12.83 95 4.02 1.52
02:32 737.87 12.89 95 2.68 1.52
02:33 737.87 12.89 95 2.68 1.52
02:34 737.87 12.89 95 2.24 1.52
02:35 737.87 12.89 95 2.24 1.52
02:36 737.87 12.89 95 4.47 3.56
02:37 737.87 12.89 95 2.24 3.56
02:38 737.87 12.89 94 4.92 3.56
02:39 737.87 12.89 95 3.13 3.56
02:40 737.87 12.89 95 2.68 4.06
02:41 737.87 12.89 94 4.02 4.06
02:42 737.87 12.89 94 3.13 4.06
02:43 737.87 12.89 95 2.24 5.08
02:44 737.87 12.89 95 3.13 5.08
02:45 737.62 12.89 94 4.47 5.08
02:46 737.62 12.89 94 1.79 5.59
02:47 737.62 12.89 94 5.81 5.59
02:48 737.62 12.89 94 4.92 7.62
02:49 737.62 12.89 94 3.13 7.62
02:50 737.62 12.89 95 3.13 5.59
02:51 737.62 12.89 95 2.68 4.06
02:52 737.62 12.89 95 2.68 3.81
02:53 737.62 12.89 95 1.79 3.81
02:54 737.62 12.89 95 3.13 3.81
02:55 737.62 12.89 95 4.92 3.81
02:56 737.62 12.89 95 2.68 3.3
02:57 737.62 12.89 95 4.02 3.3
02:58 737.62 12.89 95 2.68 3.3
02:59 737.62 12.89 95 1.34 3.3
03:00 737.62 12.89 95 3.13 3.3
03:01 737.62 12.89 95 4.92 3.05
03:02 737.62 12.89 95 1.79 2.54
03:03 737.62 12.89 95 1.79 2.29
03:04 737.62 12.89 95 2.68 2.03
03:05 737.62 12.89 95 1.79 2.03
03:06 737.62 12.89 95 2.24 2.03
03:07 737.62 12.89 95 2.24 2.03
03:08 737.62 12.89 95 2.24 2.03
03:09 737.62 12.89 95 4.02 2.03
03:10 737.62 12.89 95 4.47 2.03
03:11 737.62 12.89 95 4.47 2.03
03:12 737.62 12.89 95 3.13 1.78
03:13 737.62 12.89 95 2.24 1.52
03:14 737.62 13 95 1.79 1.52
03:15 737.36 13 95 3.13 1.27
03:16 737.36 13 95 2.24 1.27
03:17 737.36 13 95 3.13 1.27
03:18 737.36 13 95 1.79 1.02
03:19 737.36 13 95 3.13 1.02
03:20 737.36 13 95 2.68 1.02
03:21 737.36 13 95 2.68 0
03:22 737.36 13 95 2.68 0
03:23 737.36 13 95 2.68 0
03:24 737.36 13 95 2.68 0
03:25 737.36 13 95 1.79 0
03:26 737.36 13 95 3.13 0
03:27 737.36 13 95 3.58 0
03:28 737.36 13 95 2.68 0
03:29 737.36 13 95 4.02 0
03:30 737.11 13.06 95 1.34 0
03:31 737.11 13.06 95 .89 0
03:32 737.11 13.06 95 1.79 0
03:33 737.11 13.06 95 4.02 0
03:34 737.11 13.06 95 2.24 0
03:35 737.11 13.06 95 2.24 0
03:36 737.11 13.06 95 4.02 0
03:37 737.11 13.06 95 4.47 0
03:38 737.11 13.06 95 1.79 0
03:39 737.11 13.06 95 4.47 0
03:40 737.11 13.17 95 3.13 0
03:41 737.11 13.17 95 4.92 0
03:42 737.11 13.17 95 5.81 0
03:43 737.11 13.17 95 3.13 0
03:44 737.11 13.17 95 6.26 0
03:45 737.11 13.17 95 2.68 0
03:46 737.11 13.17 95 4.02 0
03:47 737.11 13.17 95 1.79 0
03:48 737.11 13.17 95 1.34 0
03:49 737.11 13.22 95 1.79 0
03:50 737.11 13.22 95 2.24 0
03:51 737.11 13.22 95 4.47 0
03:52 737.11 13.22 95 2.68 0
03:53 737.11 13.22 95 2.24 0
03:54 737.11 13.22 95 2.68 0
03:55 737.11 13.22 95 5.36 0
03:56 737.11 13.33 95 4.47 0
03:57 737.11 13.33 95 2.24 0
03:58 737.11 13.33 95 3.13 0
03:59 737.11 13.33 95 3.13 0
04:00 736.85 13.33 95 4.47 0
04:01 736.85 13.33 95 4.92 0
04:02 736.85 13.33 95 4.92 0
04:03 736.85 13.33 95 2.24 0
04:04 736.85 13.39 95 4.02 0
04:05 736.85 13.39 95 2.24 0
04:06 736.85 13.39 94 4.02 0
04:07 736.85 13.39 94 3.13 0
04:08 736.85 13.39 95 5.36 0
04:09 736.85 13.39 94 2.24 0
04:10 736.85 13.39 95 4.92 0
04:11 736.85 13.39 95 2.68 0
04:12 736.85 13.39 95 4.92 0
04:13 736.85 13.39 95 1.79 0
04:14 736.85 13.39 94 2.68 0
04:15 736.85 13.39 94 1.79 0
04:16 736.85 13.39 94 1.79 0
04:17 736.85 13.39 94 3.13 0
04:18 736.85 13.5 94 3.58 0
04:19 736.85 13.5 94 4.02 0
04:20 736.85 13.5 94 3.13 0
04:21 736.85 13.5 94 3.13 0
04:22 736.85 13.5 94 1.79 0
04:23 736.85 13.5 94 .89 0
04:24 736.85 13.5 94 3.58 0
04:25 736.85 13.56 94 2.68 0
04:26 736.85 13.56 94 3.13 0
04:27 736.85 13.56 94 2.68 0
04:28 736.85 13.56 94 1.79 0
04:29 736.85 13.56 94 1.79 0
04:30 736.85 13.56 94 4.02 0
04:31 736.85 13.56 94 1.79 0
04:32 736.85 13.56 94 3.58 0
04:33 736.85 13.56 94 1.79 0
04:34 736.85 13.56 94 2.68 1.02
04:35 736.85 13.56 94 2.24 1.02
04:36 736.85 13.56 94 2.68 1.02
04:37 736.85 13.67 94 4.02 1.02
04:38 736.85 13.67 94 3.58 1.02
04:39 736.85 13.67 94 2.68 1.02
04:40 736.85 13.67 94 1.79 1.02
04:41 736.85 13.67 94 4.47 1.02
04:42 736.85 13.67 94 2.68 1.02
04:43 736.85 13.67 94 2.24 1.02
04:44 736.85 13.67 94 4.02 1.02
04:45 736.6 13.67 94 3.58 1.02
04:46 736.6 13.72 94 2.68 1.02
04:47 736.6 13.72 94 1.34 1.02
04:48 736.6 13.72 94 3.13 1.02
04:49 736.6 13.72 94 1.79 1.02
04:50 736.6 13.72 94 2.24 1.02
04:51 736.6 13.72 94 4.92 0
04:52 736.6 13.72 94 3.13 0
04:53 736.6 13.72 94 2.24 0
04:54 736.6 13.72 94 3.58 0
04:55 736.6 13.72 94 3.58 0
04:56 736.6 13.72 94 2.68 0
04:57 736.6 13.78 94 2.68 0
04:58 736.6 13.78 94 2.24 0
04:59 736.6 13.78 94 .89 0
05:00 736.6 13.78 94 1.79 0
05:01 736.6 13.78 94 2.24 0
05:02 736.6 13.78 94 4.02 0
05:03 736.6 13.78 94 4.47 0
05:04 736.6 13.78 94 4.92 0
05:05 736.6 13.78 94 1.79 0
05:06 736.6 13.78 94 3.13 0
05:07 736.6 13.78 94 2.68 0
05:08 736.6 13.89 94 1.34 0
05:09 736.6 13.89 94 4.92 0
05:10 736.6 13.89 94 2.24 0
05:11 736.6 13.89 94 2.24 0
05:12 736.6 13.89 94 2.68 0
05:13 736.6 13.89 94 2.24 0
05:14 736.6 13.89 94 4.02 0
05:15 736.6 13.89 94 3.13 0
05:16 736.6 13.89 94 3.13 0
05:17 736.6 13.94 94 3.58 0
05:18 736.6 13.94 94 4.92 0
05:19 736.6 13.94 94 2.68 0
05:20 736.6 13.94 94 5.81 0
05:21 736.6 13.94 94 3.58 0
05:22 736.6 13.94 94 4.92 0
05:23 736.6 13.94 94 1.34 0
05:24 736.6 13.94 94 .89 0
05:25 736.6 13.94 94 1.34 0
05:26 736.6 13.94 94 2.24 0
05:27 736.6 13.94 94 2.68 0
05:28 736.6 13.94 94 .45 0
05:29 736.6 13.94 94 4.47 0
05:30 736.6 13.94 94 2.68 0
05:31 736.6 13.94 94 3.13 0
05:32 736.6 13.94 94 2.68 0
05:33 736.6 13.94 94 4.02 0
05:34 736.6 13.94 94 .89 0
05:35 736.6 13.94 94 3.13 0
05:36 736.6 13.94 94 4.02 0
05:37 736.6 13.94 94 1.79 0
05:38 736.6 14.06 94 3.13 0
05:39 736.6 14.06 94 2.68 0
05:40 736.6 14.06 94 1.79 0
05:41 736.6 14.06 94 3.58 0
05:42 736.6 14.06 94 4.47 0
05:43 736.6 14.06 94 3.58 0
05:44 736.6 14.06 94 4.02 0
05:45 736.6 14.06 94 2.68 0
05:46 736.6 14.06 94 2.68 0
05:47 736.6 14.06 94 2.24 0
05:48 736.6 14.06 94 1.79 0
05:49 736.6 14.06 94 4.02 0
05:50 736.6 14.06 94 4.02 0
05:51 736.6 14.06 94 1.79 0
05:52 736.6 14.06 94 1.79 0
05:53 736.6 14.06 94 2.24 0
05:54 736.6 14.06 94 1.79 0
05:55 736.6 14.06 94 4.02 0
05:56 736.6 14.06 94 .89 0
05:57 736.6 14.06 94 1.79 0
05:58 736.6 14.06 94 3.13 0
05:59 736.6 14.06 94 1.79 0
06:00 736.6 14.06 94 4.92 0
06:01 736.6 14.06 94 4.47 0
06:02 736.6 14.06 94 5.81 0
06:03 736.6 14.06 94 2.68 0
06:04 736.6 14.06 94 5.81 0
06:05 736.6 14.06 94 2.68 0
06:06 736.6 14.06 94 3.13 0
06:07 736.6 13.94 94 4.92 0
06:08 736.6 13.94 94 3.13 0
06:09 736.6 13.94 94 2.68 0
06:10 736.6 13.94 94 4.47 0
06:11 736.6 13.94 94 6.26 0
06:12 736.6 13.94 93 5.36 0
06:13 736.6 13.94 94 4.02 0
06:14 736.6 13.94 94 4.47 0
06:15 736.6 13.94 94 6.26 0
06:16 736.6 13.94 94 1.34 0
06:17 736.6 13.94 94 5.81 0
06:18 736.6 13.94 94 6.26 0
06:19 736.6 13.94 94 4.92 0
06:20 736.6 13.94 94 6.26 0
06:21 736.6 13.94 94 6.71 0
06:22 736.6 13.94 94 6.26 0
06:23 736.6 13.94 94 5.36 0
06:24 736.6 13.94 94 8.94 0
06:25 736.6 13.94 96 6.71 0
06:26 736.6 13.94 94 4.02 0
06:27 736.6 13.94 94 7.6 0
06:28 736.6 13.94 94 5.36 0
06:29 736.6 13.94 94 5.36 0
06:30 736.6 13.94 94 7.6 0
06:31 736.6 13.94 94 7.15 0
06:32 736.6 13.94 94 6.26 0
06:33 736.6 13.94 94 5.36 0
06:34 736.6 13.94 93 5.81 0
06:35 736.6 13.89 93 6.71 0
06:36 736.6 13.89 93 7.15 0
06:37 736.6 13.89 93 5.36 0
06:38 736.6 13.89 93 4.92 0
06:39 736.6 13.89 93 5.36 0
06:40 736.6 13.89 93 5.81 0
06:41 736.6 13.78 93 4.47 0
06:42 736.6 13.78 93 7.15 0
06:43 736.6 13.78 93 6.26 0
06:44 736.6 13.78 92 4.92 0
06:45 736.85 13.78 92 5.36 0
06:46 736.85 13.78 92 6.26 0
06:47 736.85 13.72 92 2.68 0
06:48 736.85 13.72 92 8.05 0
06:49 736.85 13.72 92 3.13 0
06:50 736.85 13.72 92 5.81 0
06:51 736.85 13.72 92 6.71 0
06:52 736.85 13.67 92 5.81 0
06:53 736.85 13.67 92 7.15 0
06:54 736.85 13.67 92 4.92 0
06:55 736.85 13.67 92 6.26 0
06:56 736.85 13.67 92 7.15 0
06:57 736.85 13.67 92 6.26 0
06:58 736.85 13.67 92 4.02 0
06:59 736.85 13.67 92 7.15 0
07:00 737.11 13.67 92 4.02 0
07:01 737.11 13.56 92 3.58 0
07:02 737.11 13.56 92 5.81 0
07:03 737.11 13.56 92 4.47 0
07:04 737.11 13.56 92 4.47 0
07:05 737.11 13.56 92 4.02 0
07:06 737.11 13.56 92 3.58 0
07:07 737.11 13.56 92 4.92 0
07:08 737.11 13.56 92 4.47 0
07:09 737.11 13.56 92 4.02 0
07:10 737.11 13.56 92 3.13 0
07:11 737.11 13.56 92 4.02 0
07:12 737.11 13.56 92 2.68 0
07:13 737.11 13.56 92 3.58 0
07:14 737.11 13.56 91 4.47 0
07:15 737.36 13.56 91 4.92 0
07:16 737.36 13.56 91 4.02 0
07:17 737.36 13.56 91 2.68 0
07:18 737.36 13.56 91 2.68 0
07:19 737.36 13.56 91 4.92 0
07:20 737.36 13.56 91 4.47 0
07:21 737.36 13.56 91 5.81 0
07:22 737.36 13.56 91 4.92 0
07:23 737.36 13.56 91 4.02 0
07:24 737.36 13.56 91 2.24 0
07:25 737.36 13.56 92 5.81 0
07:26 737.36 13.56 91 3.13 0
07:27 737.36 13.56 91 3.13 0
07:28 737.36 13.56 91 4.47 0
07:29 737.36 13.56 91 4.92 0
07:30 737.62 13.5 91 4.47 0
07:31 737.62 13.56 91 4.47 0
07:32 737.62 13.56 93 4.92 0
07:33 737.62 13.56 91 5.36 0
07:34 737.62 13.5 91 4.92 0
07:35 737.62 13.5 91 5.36 0
07:36 737.62 13.5 91 3.13 0
07:37 737.62 13.5 91 3.13 0
07:38 737.62 13.5 91 4.02 0
07:39 737.62 13.5 91 5.36 0
07:40 737.62 13.5 91 4.02 0
07:41 737.62 13.5 91 3.58 0
07:42 737.62 13.5 91 4.47 0
07:43 737.62 13.5 91 6.26 0
07:44 737.62 13.5 91 4.02 0
07:45 737.62 13.5 91 4.02 0
07:46 737.62 13.5 91 4.47 0
07:47 737.62 13.5 91 6.71 0
07:48 737.62 13.5 90 5.36 0
07:49 737.62 13.5 90 4.02 0
07:50 737.62 13.5 90 3.13 0
07:51 737.62 13.5 90 4.47 0
07:52 737.62 13.5 90 3.13 0
07:53 737.62 13.5 90 2.68 0
07:54 737.62 13.5 90 4.47 0
07:55 737.62 13.5 90 2.68 0
07:56 737.62 13.56 90 2.68 0
07:57 737.62 13.56 90 3.13 0
07:58 737.62 13.56 90 2.68 0
07:59 737.62 13.56 90 3.58 0
08:00 737.62 13.56 90 4.02 0
08:01 737.62 13.56 90 5.36 0
08:02 737.62 13.56 90 2.68 0
08:03 737.62 13.56 90 3.13 0
08:04 737.62 13.56 90 4.47 0
08:05 737.62 13.67 90 3.13 0
08:06 737.62 13.67 90 1.79 0
08:07 737.62 13.67 90 1.79 0
08:08 737.62 13.67 90 4.47 0
08:09 737.62 13.67 90 1.79 0
08:10 737.62 13.67 90 4.92 0
08:11 737.62 13.67 90 5.81 0
08:12 737.62 13.67 89 5.81 0
08:13 737.62 13.67 89 5.81 0
08:14 737.62 13.72 89 4.47 0
08:15 737.87 13.72 89 3.13 0
08:16 737.87 13.72 86 4.92 0
08:17 737.87 13.78 89 2.68 0
08:18 737.87 13.78 89 4.92 0
08:19 737.87 13.78 89 4.47 0
08:20 737.87 13.89 89 1.79 0
08:21 737.87 13.89 89 1.79 0
08:22 737.87 13.94 89 1.79 0
08:23 737.87 13.94 89 3.13 0
08:24 737.87 13.94 89 4.02 0
08:25 737.87 13.94 89 3.58 0
08:26 737.87 14.06 88 4.02 0
08:27 737.87 14.06 88 4.02 0
08:28 737.87 14.06 88 5.81 0
08:29 737.87 14.06 88 6.26 0
08:30 737.87 14.11 88 4.02 0
08:31 737.87 14.11 88 4.92 0
08:32 737.87 14.11 87 6.26 0
08:33 737.87 14.11 87 4.47 0
08:34 737.87 14.11 87 2.68 0
08:35 737.87 14.11 87 5.36 0
08:36 737.87 14.11 87 4.02 0
08:37 737.87 14.11 87 5.81 0
08:38 737.87 14.11 87 3.13 0
08:39 737.87 14.22 87 2.68 0
08:40 737.87 14.22 87 4.02 0
08:41 737.87 14.22 87 2.68 0
08:42 737.87 14.22 87 2.24 0
08:43 737.87 14.22 87 7.15 0
08:44 737.87 14.22 87 1.79 0
08:45 738.12 14.22 87 3.13 0
08:46 738.12 14.22 87 2.24 0
08:47 738.12 14.22 87 3.58 0
08:48 738.12 14.22 87 2.68 0
08:49 738.12 14.28 87 4.47 0
08:50 738.12 14.28 87 1.79 0
08:51 738.12 14.39 87 2.68 0
08:52 738.12 14.39 87 4.02 0
08:53 738.12 14.39 86 2.24 0
08:54 738.12 14.39 86 4.02 0
08:55 738.12 14.39 86 2.24 0
08:56 738.12 14.5 86 4.47 0
08:57 738.12 14.5 86 1.79 0
08:58 738.12 14.56 86 1.34 0
08:59 738.12 14.56 85 1.34 0
09:00 738.12 14.56 85 2.68 0
09:01 738.12 14.67 85 1.34 0
09:02 738.12 14.67 85 .89 0
09:03 738.12 14.72 85 3.13 0
09:04 738.12 14.72 85 2.24 0
09:05 738.12 14.83 85 2.24 0
09:06 738.12 14.83 84 3.13 0
09:07 738.12 14.83 83 2.24 0
09:08 738.12 14.89 83 4.47 0
09:09 738.12 14.89 83 1.34 0
09:10 738.12 15 83 4.02 0
09:11 738.12 15 81 4.02 0
09:12 738.12 15 81 1.79 0
09:13 738.12 15.06 81 3.13 0
09:14 738.12 15.06 82 4.92 0
09:15 738.12 15.06 80 2.24 0
09:16 738.12 15.06 80 2.68 0
09:17 738.12 15.17 80 2.68 0
09:18 738.12 15.22 79 5.81 0
09:19 738.12 15.22 78 1.79 0
09:20 738.12 15.33 78 4.47 0
09:21 738.12 15.33 78 3.13 0
09:22 738.12 15.33 78 2.24 0
09:23 738.12 15.39 78 1.79 0
09:24 738.12 15.5 78 4.47 0
09:25 738.12 15.5 77 3.58 0
09:26 738.12 15.5 76 2.68 0
09:27 738.12 15.5 76 4.02 0
09:28 738.12 15.39 76 6.71 0
09:29 738.12 15.39 76 4.47 0
09:30 738.38 15.33 76 2.68 0
09:31 738.38 15.33 76 4.92 0
09:32 738.38 15.33 76 1.79 0
09:33 738.38 15.33 77 .89 0
09:34 738.38 15.33 77 2.68 0
09:35 738.38 15.33 77 1.79 0
09:36 738.38 15.33 78 .89 0
09:37 738.38 15.39 78 2.24 0
09:38 738.38 15.33 77 4.92 0
09:39 738.38 15.33 77 1.79 0
09:40 738.38 15.33 77 1.34 0
09:41 738.38 15.33 77 1.79 0
09:42 738.38 15.33 77 1.79 0
09:43 738.38 15.33 77 .89 0
09:44 738.38 15.39 78 1.34 0
09:45 738.38 15.39 78 0 0
09:46 738.38 15.5 78 1.79 0
09:47 738.38 15.56 78 1.34 0
09:48 738.38 15.67 78 2.24 0
09:49 738.38 15.83 78 0 0
09:50 738.38 15.89 77 2.24 0
09:51 738.38 16 76 2.68 0
09:52 738.38 16.11 76 1.34 0
09:53 738.38 16.17 74 2.24 0
09:54 738.38 16.17 74 4.02 0
09:55 738.38 16.11 73 4.02 0
09:56 738.38 16.11 73 2.24 0
09:57 738.38 16 73 4.47 0
09:58 738.38 16 74 2.24 0
09:59 738.38 16 74 3.13 0
10:00 738.63 16 74 .45 0
10:01 738.63 16 74 .89 0
10:02 738.63 16 74 1.79 0
10:03 738.63 15.89 73 1.34 0
10:04 738.63 15.89 74 1.79 0
10:05 738.63 15.89 74 .89 0
10:06 738.63 15.89 74 0 0
10:07 738.63 15.83 74 1.79 0
10:08 738.63 15.83 74 1.79 0
10:09 738.63 15.83 75 3.58 0
10:10 738.63 15.72 74 4.47 0
10:11 738.63 15.72 74 2.68 0
10:12 738.63 15.67 74 2.68 0
10:13 738.63 15.67 74 3.13 0
10:14 738.63 15.56 73 3.13 0
10:15 738.63 15.56 74 2.68 0
10:16 738.63 15.56 74 .45 0
10:17 738.63 15.56 75 1.79 0
10:18 738.63 15.56 75 1.34 0
10:19 738.63 15.56 75 2.24 0
10:20 738.63 15.56 75 2.24 0
10:21 738.63 15.56 75 2.24 0
10:22 738.63 15.56 75 .89 0
10:23 738.63 15.56 75 2.24 0
10:24 738.63 15.56 75 4.92 0
10:25 738.63 15.56 75 1.79 0
10:26 738.63 15.56 75 1.34 0
10:27 738.63 15.56 75 0 0
10:28 738.63 15.67 75 2.24 0
10:29 738.63 15.72 75 1.34 0
10:30 738.89 15.83 75 1.34 0
10:31 738.89 15.83 74 2.24 0
10:32 738.89 15.83 74 4.47 0
10:33 738.89 15.83 73 1.79 0
10:34 738.89 15.89 74 1.79 0
10:35 738.89 15.89 74 5.36 0
10:36 738.89 15.89 73 2.24 0
10:37 738.89 15.89 72 0 0
10:38 738.89 15.89 72 4.47 0
10:39 738.89 15.89 71 3.58 0
10:40 738.89 15.83 72 4.47 0
10:41 738.89 15.83 72 2.68 0
10:42 738.89 15.83 72 4.47 0
10:43 738.89 15.83 72 3.13 0
10:44 738.89 15.83 73 3.13 0
10:45 738.89 15.83 72 3.13 0
10:46 738.89 15.83 73 4.47 0
10:47 738.89 15.83 72 2.68 0
10:48 738.89 15.83 72 4.47 0
10:49 738.89 15.83 71 1.34 0
10:50 738.89 15.83 72 1.79 0
10:51 738.89 15.83 72 2.68 0
10:52 738.89 15.83 72 1.79 0
10:53 738.89 15.83 72 4.02 0
10:54 738.89 15.83 72 3.13 0
10:55 738.89 15.72 72 1.79 0
10:56 738.89 15.72 73 2.68 0
10:57 738.89 15.72 72 .45 0
10:58 738.89 15.83 73 1.34 0
10:59 738.89 15.83 73 1.34 0
11:00 738.89 15.89 73 1.79 0
11:01 738.89 16 72 .89 0
11:02 738.89 16.11 73 3.58 0
11:03 738.89 16.17 72 2.24 0
11:04 738.89 16.33 72 4.92 0
11:05 738.89 16.33 70 3.58 0
11:06 738.89 16.33 71 5.36 0
11:07 738.89 16.33 70 2.24 0
11:08 738.89 16.33 71 3.13 0
11:09 738.89 16.33 71 4.02 0
11:10 738.89 16.33 70 4.02 0
11:11 738.89 16.33 71 3.58 0
11:12 738.89 16.33 70 5.36 0
11:13 738.89 16.33 70 2.68 0
11:14 738.89 16.33 71 5.36 0
11:15 738.89 16.28 70 3.58 0
11:16 738.89 16.28 71 2.68 0
11:17 738.89 16.28 72 2.24 0
11:18 738.89 16.28 72 2.68 0
11:19 738.89 16.33 72 1.79 0
11:20 738.89 16.33 72 4.92 0
11:21 738.89 16.28 72 4.92 0
11:22 738.89 16.17 71 4.47 0
11:23 738.89 16.17 72 4.47 0
11:24 738.89 16.11 73 3.58 0
11:25 738.89 16.11 73 4.02 0
11:26 738.89 16 73 3.58 0
11:27 738.89 16 73 3.58 0
11:28 738.89 16 74 2.24 0
11:29 738.89 16 74 0 0
11:30 738.89 16.11 74 1.79 0
11:31 738.89 16.11 74 1.79 0
11:32 738.89 16.11 74 .89 0
11:33 738.89 16.11 74 1.79 0
11:34 738.89 16.11 74 .89 0
11:35 738.89 16 74 3.13 0
11:36 738.89 16 74 2.68 0
11:37 738.89 16 74 1.79 0
11:38 738.89 16 74 .89 0
11:39 738.89 16 74 .89 0
11:40 738.89 16 74 1.34 0
11:41 738.89 16 74 1.34 0
11:42 738.89 16.11 75 .45 0
11:43 738.89 16.11 75 .45 0
11:44 738.89 16.11 75 2.24 0
11:45 738.89 16.17 74 0 0
11:46 738.89 16.17 74 1.34 0
11:47 738.89 16.17 74 .89 0
11:48 738.89 16.17 74 1.34 0
11:49 738.89 16.17 74 .89 0
11:50 738.89 16.17 74 .89 0
11:51 738.89 16.11 75 1.34 0
11:52 738.89 16.11 78 2.24 0
11:53 738.89 16.11 75 1.79 0
11:54 738.89 16.11 75 .45 0
11:55 738.89 16.11 75 1.34 0
11:56 738.89 16.11 75 1.34 0
11:57 738.89 16.11 75 .89 0
11:58 738.89 16.11 75 0 0
11:59 738.89 16.11 74 1.34 0
12:00 739.14 16.11 74 2.24 0
12:01 739.14 16 74 1.79 0
12:02 739.14 16 74 1.34 0
12:03 739.14 16 74 .89 0
12:04 739.14 16 75 .89 0
12:05 739.14 16 75 2.68 0
12:06 739.14 16 74 2.68 0
12:07 739.14 16 74 .89 0
12:08 739.14 16 75 0 0
12:09 739.14 16.11 75 0 0
12:10 739.14 16.11 75 1.79 0
12:11 739.14 16.11 75 .45 0
12:12 739.14 16.17 74 0 0
12:13 739.14 16.17 75 0 0
12:14 739.14 16.28 75 0 0
12:15 739.14 16.33 75 0 0
12:16 739.14 16.44 75 1.79 0
12:17 739.14 16.5 74 .45 0
12:18 739.14 16.5 73 .45 0
12:19 739.14 16.44 72 0 0
12:20 739.14 16.5 72 0 0
12:21 739.14 16.5 73 0 0
12:22 739.14 16.61 73 0 0
12:23 739.14 16.72 72 .89 0
12:24 739.14 16.72 71 2.24 0
12:25 739.14 16.72 71 1.34 0
12:26 739.14 16.72 72 .89 0
12:27 739.14 16.72 72 1.34 0
12:28 739.14 16.78 72 1.79 0
12:29 739.14 16.78 73 .89 0
12:30 739.14 16.78 70 2.24 0
12:31 739.14 16.78 70 .89 0
12:32 739.14 16.89 70 2.68 0
12:33 739.14 16.94 70 2.68 0
12:34 739.14 16.94 69 3.13 0
12:35 739.14 17.06 69 1.79 0
12:36 739.14 17.11 69 1.79 0
12:37 739.14 17.11 69 .89 0
12:38 739.14 17.11 70 0 0
12:39 739.14 17.11 70 1.79 0
12:40 739.14 17.11 69 .89 0
12:41 739.14 17.22 69 .45 0
12:42 739.14 17.33 69 .89 0
12:43 739.14 17.39 69 .89 0
12:44 739.14 17.5 69 .45 0
12:45 739.14 17.56 68 2.24 0
12:46 739.14 17.67 68 1.34 0
12:47 739.14 17.67 66 4.02 0
12:48 739.14 17.67 64 3.13 0
12:49 739.14 17.56 64 6.71 0
12:50 739.14 17.5 64 5.81 0
12:51 739.14 17.5 64 4.92 0
12:52 739.14 17.5 63 4.02 0
12:53 739.14 17.39 64 4.02 0
12:54 739.14 17.39 64 4.47 0
12:55 739.14 17.5 64 4.02 0
12:56 739.14 17.5 64 4.47 0
12:57 739.14 17.56 64 3.13 0
12:58 739.14 17.78 64 5.36 0
12:59 739.14 17.78 63 3.13 0
13:00 739.14 17.83 63 4.02 0
13:01 739.14 17.94 63 3.13 0
13:02 739.14 17.94 62 1.34 0
13:03 739.14 18 63 4.92 0
13:04 739.14 18 63 3.58 0
13:05 739.14 18 63 1.79 0
13:06 739.14 18 63 4.47 0
13:07 739.14 18 63 3.13 0
13:08 739.14 18 64 4.47 0
13:09 739.14 18 64 4.47 0
13:10 739.14 17.94 63 7.15 0
13:11 739.14 17.94 63 5.81 0
13:12 739.14 17.94 63 4.47 0
13:13 739.14 17.94 63 7.15 0
13:14 739.14 17.94 62 8.05 0
13:15 739.39 17.94 62 5.36 0
13:16 739.39 17.83 62 5.81 0
13:17 739.39 17.78 63 5.36 0
13:18 739.39 17.78 64 6.26 0
13:19 739.39 17.78 64 3.58 0
13:20 739.39 17.78 64 4.92 0
13:21 739.39 17.78 64 5.81 0
13:22 739.39 17.78 64 4.92 0
13:23 739.39 17.78 64 4.02 0
13:24 739.39 17.67 64 7.15 0
13:25 739.39 17.67 63 5.81 0
13:26 739.39 17.56 64 2.24 0
13:27 739.39 17.56 65 5.81 0
13:28 739.39 17.5 65 3.13 0
13:29 739.39 17.39 67 3.58 0
13:30 739.39 17.33 66 4.02 0
13:31 739.39 17.22 67 4.47 0
13:32 739.39 17.22 67 3.13 0
13:33 739.39 17.11 67 4.47 0
13:34 739.39 17.06 67 4.47 0
13:35 739.39 17.06 68 4.47 0
13:36 739.39 16.94 68 3.13 0
13:37 739.39 16.89 69 4.02 0
13:38 739.39 16.89 69 3.13 0
13:39 739.39 16.78 70 4.47 0
13:40 739.39 16.78 71 4.02 0
13:41 739.39 16.72 72 4.02 0
13:42 739.39 16.61 72 3.13 0
13:43 739.39 16.5 73 3.13 0
13:44 739.39 16.5 73 1.34 0
13:45 739.39 16.5 74 2.68 0
13:46 739.39 16.5 74 4.92 0
13:47 739.39 16.61 74 4.47 0
13:48 739.39 16.61 74 2.24 0
13:49 739.39 16.72 74 4.02 0
13:50 739.39 16.72 74 3.58 0
13:51 739.39 16.72 74 3.13 0
13:52 739.39 16.78 73 3.13 0
13:53 739.39 16.78 73 2.24 0
13:54 739.39 16.78 73 2.68 0
13:55 739.39 16.78 73 1.34 0
13:56 739.39 16.89 73 1.79 0
13:57 739.39 16.94 74 1.34 0
13:58 739.39 17.06 73 3.13 0
13:59 739.39 17.11 75 4.47 0
14:00 739.39 17.22 71 4.02 0
14:01 739.39 17.22 71 2.68 0
14:02 739.39 17.11 71 3.13 0
14:03 739.39 17.11 71 1.79 0
14:04 739.39 17.22 72 1.79 0
14:05 739.39 17.33 72 2.24 0
14:06 739.39 17.39 71 0 0
14:07 739.39 17.56 71 1.34 0
14:08 739.39 17.78 70 1.79 0
14:09 739.39 17.83 69 .45 0
14:10 739.39 17.94 68 1.79 0
14:11 739.39 18 68 1.34 0
14:12 739.39 18.22 68 .89 0
14:13 739.39 18.28 68 4.02 0
14:14 739.39 18.39 67 4.02 0
14:15 739.14 18.5 66 3.13 0
14:16 739.14 18.5 66 1.34 0
14:17 739.14 18.5 66 2.24 0
14:18 739.14 18.5 66 2.24 0
14:19 739.14 18.5 64 4.02 0
14:20 739.14 18.5 64 4.92 0
14:21 739.14 18.56 63 5.36 0
14:22 739.14 18.5 63 2.68 0
14:23 739.14 18.39 64 2.68 0
14:24 739.14 18.39 64 2.68 0
14:25 739.14 18.28 64 1.79 0
14:26 739.14 18.28 65 2.24 0
14:27 739.14 18.22 66 1.34 0
14:28 739.14 18.22 65 2.68 0
14:29 739.14 18.22 65 4.92 0
14:30 739.14 18.22 65 3.13 0
14:31 739.14 18.22 65 2.24 0
14:32 739.14 18.22 64 2.68 0
14:33 739.14 18.22 64 2.68 0
14:34 739.14 18.22 65 2.68 0
14:35 739.14 18.22 65 2.68 0
14:36 739.14 18.22 65 4.47 0
14:37 739.14 18.22 65 2.68 0
14:38 739.14 18.22 66 4.02 0
14:39 739.14 18.22 67 4.02 0
14:40 739.14 18.11 65 5.36 0
14:41 739.14 18 66 4.92 0
14:42 739.14 17.94 66 2.68 0
14:43 739.14 17.94 67 1.79 0
14:44 739.14 17.83 68 5.81 0
14:45 739.14 17.78 69 3.13 0
14:46 739.14 17.67 70 3.58 0
14:47 739.14 17.56 70 1.79 0
14:48 739.14 17.5 71 4.02 0
14:49 739.14 17.39 71 4.47 0
14:50 739.14 17.39 73 2.68 0
14:51 739.14 17.33 72 3.13 0
14:52 739.14 17.33 73 0 0
14:53 739.14 17.22 73 1.34 0
14:54 739.14 17.22 74 1.34 0
14:55 739.14 17.22 75 2.24 0
14:56 739.14 17.11 73 .89 0
14:57 739.14 17.11 74 1.79 0
14:58 739.14 17.11 75 1.79 0
14:59 739.14 17.22 75 2.68 0
15:00 739.39 17.11 74 1.79 0
15:01 739.39 17.11 74 2.24 0
15:02 739.39 17.11 74 0 0
15:03 739.39 17.11 74 1.79 0
15:04 739.39 17.06 74 2.24 0
15:05 739.39 17.06 73 1.79 0
15:06 739.39 17.06 73 3.13 0
15:07 739.39 17.06 73 1.79 0
15:08 739.39 17.06 74 1.34 0
15:09 739.39 17.06 75 2.68 0
15:10 739.39 17.06 75 0 0
15:11 739.39 17.06 75 3.58 0
15:12 739.39 16.94 74 4.02 6.6
15:13 739.39 16.89 77 1.79 19.56
15:14 739.39 16.78 78 2.24 18.29
15:15 739.65 16.61 78 1.79 43.69
15:16 739.65 16.44 78 4.47 74.68
15:17 739.65 16.11 74 2.24 19.3
15:18 739.65 16 76 0 23.62
15:19 739.65 15.89 77 .45 16.76
15:20 739.65 15.72 74 0 10.67
15:21 739.65 15.67 76 .45 19.56
15:22 739.65 15.67 76 0 14.22
15:23 739.65 15.67 77 0 18.54
15:24 739.65 15.56 77 0 11.94
15:25 739.65 15.56 77 0 11.68
15:26 739.65 15.56 79 0 7.62
15:27 739.65 15.56 80 0 5.33
15:28 739.65 15.5 81 0 3.81
15:29 739.65 15.39 81 0 3.05
15:30 739.39 15.33 82 0 2.54
15:31 739.39 15.22 82 0 2.29
15:32 739.39 15.17 82 0 2.03
15:33 739.39 15.17 83 0 1.78
15:34 739.39 15.17 83 0 1.52
15:35 739.39 15.17 83 0 1.52
15:36 739.39 15.17 83 0 1.27
15:37 739.39 15.17 83 0 1.27
15:38 739.39 15.17 83 0 1.27
15:39 739.39 15.17 83 0 1.27
15:40 739.39 15.22 84 0 1.27
15:41 739.39 15.33 85 0 1.27
15:42 739.39 15.33 85 0 3.05
15:43 739.39 15.33 84 0 3.05
15:44 739.39 15.33 84 0 3.05
15:45 739.65 15.33 84 0 3.05
15:46 739.65 15.33 84 0 3.05
15:47 739.65 15.22 84 0 3.05
15:48 739.65 15.22 84 .89 2.54
15:49 739.65 15.17 83 1.34 2.03
15:50 739.65 15.22 84 .89 1.78
15:51 739.65 15.17 83 0 1.78
15:52 739.65 15.17 83 0 1.52
15:53 739.65 15.17 83 0 1.27
15:54 739.65 15.17 83 0 1.27
15:55 739.65 15.06 83 0 1.27
15:56 739.65 15.06 84 0 1.02
15:57 739.65 15.06 84 0 1.02
15:58 739.65 15.06 84 0 1.02
15:59 739.65 15.06 84 0 0
16:00 739.39 15.06 85 .45 0
16:01 739.39 15.06 84 1.34 0
16:02 739.39 15.06 85 1.34 0
16:03 739.39 15.06 86 1.34 0
16:04 739.39 15.06 86 1.34 0
16:05 739.39 15.06 87 1.34 0
16:06 739.39 15 86 1.79 0
16:07 739.39 15 87 1.79 0
16:08 739.39 15.06 88 1.79 0
16:09 739.39 15.06 88 1.79 0
16:10 739.39 14.89 87 1.79 0
16:11 739.39 14.89 87 1.34 0
16:12 739.39 14.83 87 1.34 0
16:13 739.39 14.83 88 1.79 0
16:14 739.39 14.72 88 2.24 0
16:15 739.14 14.72 87 2.68 0
16:16 739.14 14.67 87 2.24 0
16:17 739.14 14.67 87 6.26 0
16:18 739.14 14.67 86 4.47 0
16:19 739.14 14.72 85 2.24 0
16:20 739.14 14.83 84 2.24 0
16:21 739.14 14.89 83 2.24 0
16:22 739.14 14.89 83 3.13 0
16:23 739.14 15 82 2.68 0
16:24 739.14 15 81 2.24 0
16:25 739.14 14.89 81 1.79 0
16:26 739.14 14.89 81 2.68 0
16:27 739.14 14.83 81 4.02 0
16:28 739.14 14.72 80 2.68 0
16:29 739.14 14.72 79 2.24 0
16:30 739.39 14.67 80 3.58 0
16:31 739.39 14.5 81 1.34 0
16:32 739.39 14.5 81 .89 0
16:33 739.39 14.28 82 2.24 2.79
16:34 739.39 14.22 82 .45 17.53
16:35 739.39 14.11 82 1.79 44.2
16:36 739.39 14.06 83 .89 43.69
16:37 739.39 13.94 83 0 41.91
16:38 739.39 13.89 83 0 44.96
16:39 739.39 13.89 83 .45 11.68
16:40 739.39 13.78 84 3.58 8.38
16:41 739.39 13.72 84 .45 8.38
16:42 739.39 13.67 82 .45 6.35
16:43 739.39 13.67 83 .89 4.57
16:44 739.39 13.67 83 1.34 3.56
16:45 739.14 13.67 84 .89 2.79
16:46 739.14 13.56 85 0 2.29
16:47 739.14 13.56 85 0 2.29
16:48 739.14 13.56 85 .89 2.29
16:49 739.14 13.5 86 4.02 6.86
16:50 739.14 13.5 86 .45 62.74
16:51 739.14 13.39 86 .89 35.31
16:52 739.14 13.39 86 .89 19.05
16:53 739.14 13.33 87 .89 26.67
16:54 739.14 13.33 87 .89 16.26
16:55 739.14 13.33 87 2.24 20.32
16:56 739.14 13.22 87 2.24 15.49
16:57 739.14 13.22 88 .89 10.41
16:58 739.14 13.22 88 .89 10.41
16:59 739.14 13.17 89 .45 8.38
17:00 739.39 13.17 89 .89 17.78
17:01 739.39 13.17 89 .89 13.97
17:02 739.39 13.17 89 .89 12.19
17:03 739.39 13.17 90 3.13 10.41
17:04 739.39 13.17 90 2.24 8.13
17:05 739.39 13.17 90 3.58 5.84
17:06 739.39 13.17 91 4.02 5.84
17:07 739.39 13.17 91 4.92 7.87
17:08 739.39 13.22 91 7.15 49.28
17:09 739.39 13.17 91 7.6 43.94
17:10 739.39 13.17 90 5.81 27.43
17:11 739.39 13.22 89 4.02 18.54
17:12 739.39 13.22 88 2.68 21.08
17:13 739.39 13.17 87 .89 18.54
17:14 739.39 13.17 87 2.68 17.02
17:15 739.65 13.22 87 3.13 16
17:16 739.65 13.22 87 3.13 8.38
17:17 739.65 13.33 88 2.24 5.59
17:18 739.65 13.33 89 1.79 5.59
17:19 739.65 13.22 89 .89 5.59
17:20 739.65 13.22 89 .89 4.83
17:21 739.65 13.22 89 3.13 3.56
17:22 739.65 13.17 90 1.79 3.05
17:23 739.65 13.17 90 1.34 2.54
17:24 739.65 13.17 90 .89 2.03
17:25 739.65 13.17 90 .89 1.78
17:26 739.65 13.06 90 1.79 1.78
17:27 739.65 13.06 90 2.24 1.52
17:28 739.65 13.06 90 1.34 1.27
17:29 739.65 13.06 91 2.68 1.27
17:30 739.65 13.06 91 2.24 1.27
17:31 739.65 13 91 2.24 1.02
17:32 739.65 13 91 2.24 1.02
17:33 739.65 13 91 2.24 1.02
17:34 739.65 13 91 2.24 0
17:35 739.65 13 91 2.24 0
17:36 739.65 12.89 91 1.79 0
17:37 739.65 12.89 91 .45 0
17:38 739.65 12.89 91 1.79 0
17:39 739.65 12.89 91 1.79 0
17:40 739.65 12.89 91 1.34 0
17:41 739.65 12.89 91 2.24 0
17:42 739.65 12.89 91 1.79 0
17:43 739.65 13 90 .89 0
17:44 739.65 13 91 1.34 0
17:45 739.39 13 91 0 0
17:46 739.39 13 91 .45 0
17:47 739.39 13.06 91 .45 0
17:48 739.39 13.06 91 .45 0
17:49 739.39 13.06 91 .89 0
17:50 739.39 13.06 90 .45 0
17:51 739.39 13.06 91 0 0
17:52 739.39 13.06 91 0 0
17:53 739.39 13.06 91 0 0
17:54 739.39 13.17 91 0 0
17:55 739.39 13.17 91 0 0
17:56 739.39 13.17 91 0 0
17:57 739.39 13.17 91 0 0
17:58 739.39 13.17 91 0 0
17:59 739.39 13.17 91 0 0
18:00 739.39 13.22 91 0 0
18:01 739.39 13.22 91 0 0
18:02 739.39 13.22 91 0 0
18:03 739.39 13.22 91 0 0
18:04 739.39 13.33 91 0 0
18:05 739.39 13.33 91 0 0
18:06 739.39 13.33 91 .89 0
18:07 739.39 13.33 91 .45 0
18:08 739.39 13.39 90 0 0
18:09 739.39 13.39 90 .89 0
18:10 739.39 13.39 90 .89 0
18:11 739.39 13.33 90 0 0
18:12 739.39 13.33 90 0 0
18:13 739.39 13.39 90 0 0
18:14 739.39 13.39 90 .45 0
18:15 739.9 13.39 90 1.34 0
18:16 739.9 13.39 89 .89 0
18:17 739.9 13.39 89 .89 0
18:18 739.9 13.5 89 .89 0
18:19 739.9 13.5 89 .89 0
18:20 739.9 13.56 89 1.34 0
18:21 739.9 13.56 89 .89 0
18:22 739.9 13.56 89 .45 0
18:23 739.9 13.56 89 .45 0
18:24 739.9 13.56 89 .45 0
18:25 739.9 13.67 89 .45 0
18:26 739.9 13.67 89 .89 0
18:27 739.9 13.67 89 2.24 0
18:28 739.9 13.72 89 .45 0
18:29 739.9 13.72 89 .89 0
18:30 739.9 13.72 89 0 0
18:31 739.9 13.72 89 .89 0
18:32 739.9 13.72 89 .89 0
18:33 739.9 13.78 90 .89 0
18:34 739.9 13.78 90 .45 0
18:35 739.9 13.78 90 .45 0
18:36 739.9 13.89 90 2.24 0
18:37 739.9 13.89 90 .89 0
18:38 739.9 13.89 90 .89 0
18:39 739.9 13.89 90 1.34 0
18:40 739.9 13.89 90 .89 0
18:41 739.9 13.89 90 .89 0
18:42 739.9 13.89 90 0 0
18:43 739.9 13.94 90 0 0
18:44 739.9 13.94 90 0 0
18:45 739.9 13.94 90 0 0
18:46 739.9 13.94 90 0 0
18:47 739.9 13.94 90 .45 0
18:48 739.9 14.06 90 0 0
18:49 739.9 14.06 90 .45 0
18:50 739.9 14.06 91 .89 0
18:51 739.9 14.06 91 .89 0
18:52 739.9 14.06 91 .89 0
18:53 739.9 14.06 91 1.34 0
18:54 739.9 14.06 90 1.79 0
18:55 739.9 14.06 90 .89 0
18:56 739.9 14.06 90 .89 0
18:57 739.9 14.06 90 1.34 0
18:58 739.9 14.06 90 .45 0
18:59 739.9 14.06 90 .89 0
19:00 739.9 14.06 90 .89 0
19:01 739.9 14.06 90 .89 0
19:02 739.9 14.06 89 .89 0
19:03 739.9 14.06 89 1.34 0
19:04 739.9 14.06 89 .89 0
19:05 739.9 14.06 89 .45 0
19:06 739.9 14.11 89 0 0
19:07 739.9 14.11 89 1.79 0
19:08 739.9 14.11 88 .89 0
19:09 739.9 14.11 88 .89 0
19:10 739.9 14.11 88 2.68 0
19:11 739.9 14.11 88 1.79 0
19:12 739.9 14.11 87 1.79 0
19:13 739.9 14.11 87 .89 0
19:14 739.9 14.11 87 1.79 0
19:15 739.9 14.22 87 1.79 0
19:16 739.9 14.22 87 1.79 0
19:17 739.9 14.22 87 1.79 0
19:18 739.9 14.22 87 2.24 0
19:19 739.9 14.22 87 2.24 0
19:20 739.9 14.22 87 1.34 0
19:21 739.9 14.22 87 1.79 0
19:22 739.9 14.11 87 1.79 0
19:23 739.9 14.11 87 1.79 0
19:24 739.9 14.11 87 1.34 0
19:25 739.9 14.11 87 1.79 0
19:26 739.9 14.11 87 1.34 0
19:27 739.9 14.11 87 2.24 0
19:28 739.9 14.11 88 3.13 0
19:29 739.9 14.11 88 1.34 0
19:30 740.16 14.06 88 1.34 0
19:31 740.16 14.06 88 1.79 0
19:32 740.16 14.06 88 1.79 0
19:33 740.16 14.06 88 2.24 0
19:34 740.16 14.06 88 2.68 0
19:35 740.16 14.06 88 2.24 0
19:36 740.16 14.06 88 3.13 0
19:37 740.16 14.06 88 3.13 0
19:38 740.16 14.06 89 3.13 0
19:39 740.16 14.06 88 1.79 0
19:40 740.16 14.06 89 2.24 0
19:41 740.16 14.06 89 1.34 0
19:42 740.16 14.06 89 1.79 0
19:43 740.16 14.06 89 .89 0
19:44 740.16 14.06 89 2.24 0
19:45 740.16 14.06 89 2.24 0
19:46 740.16 14.06 89 1.79 0
19:47 740.16 14.06 89 2.24 0
19:48 740.16 14.06 89 3.13 0
19:49 740.16 14.06 89 2.24 0
19:50 740.16 14.06 89 2.24 0
19:51 740.16 14.06 89 1.79 0
19:52 740.16 14.06 89 2.68 0
19:53 740.16 14.06 89 2.68 0
19:54 740.16 14.06 89 2.24 0
19:55 740.16 14.06 89 3.58 0
19:56 740.16 14.06 89 2.68 0
19:57 740.16 14.11 89 2.24 0
19:58 740.16 14.11 89 1.34 0
19:59 740.16 14.11 89 2.24 0
20:00 740.16 14.11 89 2.68 0
20:01 740.16 14.11 89 4.02 0
20:02 740.16 14.11 89 3.13 0
20:03 740.16 14.06 86 3.13 0
20:04 740.16 14.06 89 4.47 0
20:05 740.16 14.06 89 2.68 0
20:06 740.16 14.06 89 1.34 0
20:07 740.16 14.06 89 3.58 0
20:08 740.16 14.06 90 2.24 0
20:09 740.16 14.06 89 2.68 0
20:10 740.16 14.06 90 2.68 0
20:11 740.16 14.06 90 2.68 0
20:12 740.16 14.06 90 1.79 0
20:13 740.16 14.06 90 2.68 0
20:14 740.16 14.06 90 1.79 0
20:15 740.41 13.94 90 4.02 0
20:16 740.41 13.94 90 4.47 0
20:17 740.41 13.94 90 2.24 0
20:18 740.41 13.94 90 2.68 0
20:19 740.41 13.94 90 3.13 0
20:20 740.41 13.94 90 3.13 0
20:21 740.41 13.94 90 2.68 0
20:22 740.41 13.94 90 4.02 0
20:23 740.41 13.94 90 2.24 0
20:24 740.41 13.94 90 2.24 0
20:25 740.41 13.94 90 2.24 0
20:26 740.41 13.94 90 1.79 0
20:27 740.41 13.94 90 1.79 0
20:28 740.41 13.94 90 3.13 0
20:29 740.41 13.94 90 3.13 0
20:30 740.41 13.94 90 2.24 0
20:31 740.41 13.94 90 2.24 0
20:32 740.41 13.94 90 2.24 0
20:33 740.41 13.89 90 2.24 0
20:34 740.41 13.89 89 4.02 0
20:35 740.41 13.89 89 1.79 0
20:36 740.41 13.89 89 2.24 0
20:37 740.41 13.89 89 2.24 0
20:38 740.41 13.89 88 2.24 0
20:39 740.41 13.94 88 2.24 0
20:40 740.41 13.94 88 1.34 0
20:41 740.41 13.94 87 2.24 0
20:42 740.41 13.94 87 2.68 0
20:43 740.41 13.94 86 1.34 0
20:44 740.41 13.94 86 2.68 0
20:45 740.66 14.06 86 2.68 0
20:46 740.66 14.06 85 4.02 0
20:47 740.66 14.06 85 4.92 0
20:48 740.66 14.06 84 5.36 0
20:49 740.66 14.11 83 2.68 0
20:50 740.66 14.11 83 .89 0
20:51 740.66 14.11 83 1.34 0
20:52 740.66 14.11 83 1.79 0
20:53 740.66 14.11 82 1.34 0
20:54 740.66 14.11 82 1.34 0
20:55 740.66 14.11 82 .89 0
20:56 740.66 14.11 82 1.34 0
20:57 740.66 14.11 82 1.34 0
20:58 740.66 14.11 82 1.79 0
20:59 740.66 14.11 82 .89 0
21:00 740.66 14.11 83 2.68 0
21:01 740.66 14.06 82 1.79 0
21:02 740.66 14.06 82 1.79 0
21:03 740.66 14.06 82 1.79 0
21:04 740.66 14.06 82 1.79 0
21:05 740.66 14.06 83 2.24 0
21:06 740.66 14.06 83 2.24 0
21:07 740.66 14.06 83 2.24 0
21:08 740.66 13.94 83 2.68 0
21:09 740.66 13.94 83 2.24 0
21:10 740.66 13.94 83 2.68 0
21:11 740.66 13.94 83 4.92 0
21:12 740.66 13.94 83 2.68 0
21:13 740.66 13.94 83 3.13 0
21:14 740.66 13.94 83 2.68 0
21:15 740.66 13.89 83 2.68 0
21:16 740.66 13.94 83 4.47 0
21:17 740.66 13.94 83 2.24 0
21:18 740.66 13.94 83 4.02 0
21:19 740.66 13.94 82 1.79 0
21:20 740.66 13.94 82 2.24 0
21:21 740.66 13.94 82 2.24 0
21:22 740.66 13.94 82 2.68 0
21:23 740.66 13.89 82 3.58 0
21:24 740.66 13.89 82 5.81 0
21:25 740.66 13.89 81 4.02 0
21:26 740.66 13.89 82 4.47 0
21:27 740.66 13.89 81 3.13 0
21:28 740.66 13.89 81 3.58 0
21:29 740.66 13.89 81 4.47 0
21:30 740.66 13.89 81 5.81 0
21:31 740.66 13.89 80 3.13 0
21:32 740.66 13.89 80 3.13 0
21:33 740.66 13.89 80 5.36 0
21:34 740.66 13.89 80 1.79 0
21:35 740.66 13.78 79 4.92 0
21:36 740.66 13.78 79 4.02 0
21:37 740.66 13.78 79 4.02 0
21:38 740.66 13.78 79 3.13 0
21:39 740.66 13.72 79 4.47 0
21:40 740.66 13.72 79 4.92 0
21:41 740.66 13.72 78 4.02 0
21:42 740.66 13.72 78 7.6 0
21:43 740.66 13.72 78 5.36 0
21:44 740.66 13.72 78 2.68 0
21:45 740.92 13.72 78 3.13 0
21:46 740.92 13.67 78 3.58 0
21:47 740.92 13.67 78 4.47 0
21:48 740.92 13.67 78 3.13 0
21:49 740.92 13.67 78 3.58 0
21:50 740.92 13.56 78 2.68 0
21:51 740.92 13.56 78 2.68 0
21:52 740.92 13.56 78 1.79 0
21:53 740.92 13.5 79 2.24 0
21:54 740.92 13.5 79 3.58 0
21:55 740.92 13.5 79 4.02 0
21:56 740.92 13.39 79 1.79 0
21:57 740.92 13.39 79 2.68 0
21:58 740.92 13.39 80 4.47 0
21:59 740.92 13.33 80 2.68 0
22:00 740.92 13.33 80 2.68 0
22:01 740.92 13.33 80 3.13 0
22:02 740.92 13.22 80 3.13 0
22:03 740.92 13.22 81 4.02 0
22:04 740.92 13.22 81 3.58 0
22:05 740.92 13.17 81 5.36 0
22:06 740.92 13.17 81 4.47 0
22:07 740.92 13.17 81 4.47 0
22:08 740.92 13.17 81 4.47 0
22:09 740.92 13.06 81 3.13 0
22:10 740.92 13.06 81 5.36 0
22:11 740.92 13.06 81 4.47 0
22:12 740.92 13.06 81 4.47 0
22:13 740.92 13 81 5.81 0
22:14 740.92 13 81 3.58 0
22:15 741.17 13 81 5.81 0
22:16 741.17 13 80 4.02 0
22:17 741.17 12.89 81 3.13 0
22:18 741.17 12.89 81 2.68 0
22:19 741.17 12.89 81 4.02 0
22:20 741.17 12.89 81 2.68 0
22:21 741.17 12.83 81 4.02 0
22:22 741.17 12.83 81 5.36 0
22:23 741.17 12.83 80 2.24 0
22:24 741.17 12.83 81 2.24 0
22:25 741.17 12.72 81 2.24 0
22:26 741.17 12.72 81 4.02 0
22:27 741.17 12.72 80 4.92 0
22:28 741.17 12.72 80 4.92 0
22:29 741.17 12.72 80 3.13 0
22:30 741.17 12.72 80 4.47 0
22:31 741.17 12.72 80 4.02 0
22:32 741.17 12.67 80 4.02 0
22:33 741.17 12.67 81 2.68 0
22:34 741.17 12.67 81 4.02 0
22:35 741.17 12.67 81 3.13 0
22:36 741.17 12.56 81 4.02 0
22:37 741.17 12.56 81 2.68 0
22:38 741.17 12.56 81 2.68 0
22:39 741.17 12.56 81 5.81 0
22:40 741.17 12.56 81 2.24 0
22:41 741.17 12.56 81 3.13 0
22:42 741.17 12.5 81 4.47 0
22:43 741.17 12.5 81 1.79 0
22:44 741.17 12.5 81 4.02 0
22:45 741.43 12.5 81 3.58 0
22:46 741.43 12.5 81 2.24 0
22:47 741.43 12.5 81 2.24 0
22:48 741.43 12.39 81 2.68 0
22:49 741.43 12.39 81 4.92 0
22:50 741.43 12.39 82 3.58 0
22:51 741.43 12.33 82 3.58 0
22:52 741.43 12.33 82 4.02 0
22:53 741.43 12.33 82 2.68 0
22:54 741.43 12.33 82 3.13 0
22:55 741.43 12.33 82 4.02 0
22:56 741.43 12.22 82 3.13 0
22:57 741.43 12.22 82 2.68 0
22:58 741.43 12.22 82 2.68 0
22:59 741.43 12.22 82 3.13 0
23:00 741.43 12.22 82 2.68 0
23:01 741.43 12.22 82 2.24 0
23:02 741.43 12.17 82 3.13 0
23:03 741.43 12.17 83 1.34 0
23:04 741.43 12.17 83 2.24 0
23:05 741.43 12.17 83 2.24 0
23:06 741.43 12.17 83 1.34 0
23:07 741.43 12.06 83 2.68 0
23:08 741.43 12.06 83 3.58 0
23:09 741.43 12.06 83 3.13 0
23:10 741.43 12.06 83 3.13 0
23:11 741.43 12.06 83 4.02 0
23:12 741.43 12 84 3.13 0
23:13 741.43 12 84 2.24 0
23:14 741.43 12 84 2.24 0
23:15 741.43 12 84 2.24 0
23:16 741.43 12 84 2.24 0
23:17 741.43 12 84 2.24 0
23:18 741.43 11.89 84 3.13 0
23:19 741.43 11.89 84 1.34 0
23:20 741.43 11.89 84 1.34 0
23:21 741.43 11.89 84 3.13 0
23:22 741.43 11.89 85 2.68 0
23:23 741.43 11.89 84 1.34 0
23:24 741.43 11.89 85 .89 0
23:25 741.43 11.89 85 2.68 0
23:26 741.43 11.83 85 1.34 0
23:27 741.43 11.83 85 1.79 0
23:28 741.43 11.83 85 2.24 0
23:29 741.43 11.83 85 1.34 0
23:30 741.43 11.83 85 2.68 0
23:31 741.43 11.83 85 1.79 0
23:32 741.43 11.83 85 2.24 0
23:33 741.43 11.78 85 2.24 0
23:34 741.43 11.78 85 2.68 0
23:35 741.43 11.78 85 0 0
23:36 741.43 11.78 85 3.13 0
23:37 741.43 11.78 85 1.79 0
23:38 741.43 11.78 86 2.24 0
23:39 741.43 11.78 86 2.24 0
23:40 741.43 11.67 86 1.79 0
23:41 741.43 11.67 86 1.79 0
23:42 741.43 11.67 86 1.34 0
23:43 741.43 11.67 86 .89 0
23:44 741.43 11.67 86 2.24 0
23:45 741.68 11.67 86 1.79 0
23:46 741.68 11.61 86 0 0
23:47 741.68 11.61 86 1.79 0
23:48 741.68 11.61 86 1.79 0
23:49 741.68 11.61 86 1.34 0
23:50 741.68 11.61 86 0 0
23:51 741.68 11.61 86 0 0
23:52 741.68 11.61 87 1.79 0
23:53 741.68 11.61 87 1.34 0
23:54 741.68 11.61 87 .89 0
23:55 741.68 11.61 87 .89 0
23:56 741.68 11.5 87 .89 0
23:57 741.68 11.5 87 .89 0
23:58 741.68 11.5 87 .89 0
23:59 741.68 11.5 87 0 0
