00:00 743.71 9.72 78 1.79 0
00:01 743.71 9.72 78 1.79 0
00:02 743.71 9.67 78 1.34 0
00:03 743.71 9.72 78 1.79 0
00:04 743.71 9.67 78 1.34 0
00:05 743.71 9.67 78 1.79 0
00:06 743.71 9.61 78 1.34 0
00:07 743.71 9.61 78 1.34 0
00:08 743.71 9.61 78 .89 0
00:09 743.71 9.56 78 1.34 0
00:10 743.71 9.56 78 1.34 0
00:11 743.71 9.5 78 .89 0
00:12 743.71 9.5 78 1.79 0
00:13 743.71 9.44 78 1.34 0
00:14 743.71 9.44 79 1.79 0
00:15 743.71 9.39 79 1.79 0
00:16 743.71 9.39 79 .89 0
00:17 743.97 9.33 79 1.34 0
00:18 743.97 9.33 79 1.79 0
00:19 743.97 9.33 79 1.34 0
00:20 743.97 9.33 79 1.79 0
00:21 743.97 9.28 79 1.34 0
00:22 743.97 9.28 79 1.34 0
00:23 743.71 9.28 79 1.79 0
00:24 743.97 9.22 79 1.34 0
00:25 743.71 9.17 79 1.79 0
00:26 743.97 9.17 79 1.79 0
00:27 743.97 9.17 79 1.34 0
00:28 743.97 9.17 80 1.34 0
00:29 743.97 9.11 80 .89 0
00:30 743.97 9.11 80 .89 0
00:31 743.97 9.06 80 1.34 0
00:32 743.97 9 80 1.34 0
00:33 743.97 9 81 1.34 0
00:34 743.97 9 81 1.34 0
00:35 743.97 9 81 .89 0
00:36 743.97 9 81 1.34 0
00:37 743.97 8.94 81 .89 0
00:38 743.97 8.94 81 .89 0
00:39 743.97 8.89 81 .45 0
00:40 743.97 8.89 81 .89 0
00:41 743.97 8.89 81 .89 0
00:42 743.97 8.89 81 .45 0
00:43 743.97 8.83 81 .45 0
00:44 743.97 8.83 81 .89 0
00:45 744.22 8.78 81 .45 0
00:46 744.22 8.78 81 .45 0
00:47 743.97 8.72 82 .45 0
00:48 744.22 8.72 81 .45 0
00:49 744.22 8.67 82 .45 0
00:50 744.22 8.67 82 .89 0
00:51 744.22 8.61 82 0 0
00:52 744.22 8.61 82 .45 0
00:53 744.22 8.56 82 .89 0
00:54 744.22 8.56 82 .89 0
00:55 744.22 8.5 82 .89 0
00:56 744.22 8.44 82 1.34 0
00:57 744.22 8.44 82 1.79 0
00:58 744.22 8.44 82 .45 0
00:59 744.22 8.44 82 .45 0
01:00 744.22 8.44 82 .89 0
01:01 744.22 8.44 82 .45 0
01:02 744.22 8.39 82 .45 0
01:03 744.22 8.39 82 .45 0
01:04 744.22 8.39 82 .89 0
01:05 744.22 8.39 82 0 0
01:06 744.22 8.39 82 .45 0
01:07 744.22 8.33 82 .45 0
01:08 744.22 8.33 82 .45 0
01:09 744.22 8.33 82 0 0
01:10 744.22 8.28 82 0 0
01:11 744.22 8.28 82 0 0
01:12 744.22 8.33 82 .45 0
01:13 744.22 8.28 82 0 0
01:14 744.22 8.28 82 0 0
01:15 744.22 8.28 82 0 0
01:16 744.22 8.28 82 0 0
01:17 744.22 8.22 82 0 0
01:18 744.22 8.22 82 0 0
01:19 744.47 8.17 82 0 0
01:20 744.47 8.17 82 0 0
01:21 744.22 8.17 82 0 0
01:22 744.22 8.17 82 0 0
01:23 744.47 8.17 82 0 0
01:24 744.47 8.17 82 0 0
01:25 744.22 8.11 82 .45 0
01:26 744.47 8.06 83 0 0
01:27 744.22 8.06 83 0 0
01:28 744.47 8.06 83 0 0
01:29 744.47 8 83 0 0
01:30 744.47 8 83 0 0
01:31 744.47 7.94 83 0 0
01:32 744.47 7.94 83 0 0
01:33 744.47 7.89 83 0 0
01:34 744.47 7.83 83 0 0
01:35 744.47 7.78 83 0 0
01:36 744.47 7.72 83 0 0
01:37 744.47 7.72 84 0 0
01:38 744.73 7.67 84 .45 0
01:39 744.47 7.67 84 0 0
01:40 744.47 7.61 84 0 0
01:41 744.73 7.56 84 0 0
01:42 744.47 7.5 83 .45 0
01:43 744.47 7.44 84 .89 0
01:44 744.47 7.44 84 .45 0
01:45 744.73 7.44 84 .45 0
01:46 744.73 7.39 84 .45 0
01:47 744.73 7.33 84 0 0
01:48 744.73 7.33 84 0 0
01:49 744.73 7.33 85 .45 0
01:50 744.73 7.28 85 0 0
01:51 744.73 7.28 85 .45 0
01:52 744.73 7.22 85 0 0
01:53 744.73 7.28 85 .45 0
01:54 744.73 7.28 85 .45 0
01:55 744.47 7.22 85 .45 0
01:56 744.47 7.22 86 .45 0
01:57 744.47 7.22 86 0 0
01:58 744.73 7.22 86 .45 0
01:59 744.73 7.17 86 .89 0
02:00 744.47 7.17 86 .45 0
02:01 744.47 7.17 86 .45 0
02:02 744.47 7.11 86 .89 0
02:03 744.47 7.11 85 .45 0
02:04 744.47 7.06 85 .89 0
02:05 744.73 7 85 .45 0
02:06 744.73 7 85 .45 0
02:07 744.73 7 85 0 0
02:08 744.73 6.94 85 0 0
02:09 744.73 6.94 85 0 0
02:10 744.73 6.89 85 0 0
02:11 744.73 6.83 85 0 0
02:12 744.73 6.83 85 0 0
02:13 744.73 6.78 85 0 0
02:14 744.73 6.78 85 0 0
02:15 744.73 6.72 85 0 0
02:16 744.73 6.72 85 0 0
02:17 744.73 6.67 86 0 0
02:18 744.73 6.67 86 0 0
02:19 744.73 6.67 86 0 0
02:20 744.73 6.61 86 0 0
02:21 744.73 6.61 86 0 0
02:22 744.73 6.61 86 .45 0
02:23 744.73 6.56 86 .45 0
02:24 744.73 6.56 86 .45 0
02:25 744.73 6.56 86 .45 0
02:26 744.73 6.5 86 .45 0
02:27 744.73 6.5 86 0 0
02:28 744.73 6.44 87 .45 0
02:29 744.73 6.39 87 .45 0
02:30 744.98 6.33 87 .45 0
02:31 744.98 6.28 87 .45 0
02:32 744.73 6.28 87 .45 0
02:33 744.98 6.22 87 .89 0
02:34 744.98 6.17 87 .45 0
02:35 744.98 6.11 87 .45 0
02:36 744.98 6.11 87 .45 0
02:37 744.98 6.06 87 .45 0
02:38 744.98 6 87 .45 0
02:39 744.98 6 87 .45 0
02:40 744.98 5.94 87 .45 0
02:41 744.98 5.94 88 .45 0
02:42 744.98 5.94 88 .45 0
02:43 744.98 5.94 88 .45 0
02:44 744.98 5.94 88 .45 0
02:45 744.98 5.94 88 .45 0
02:46 744.98 5.94 88 .89 0
02:47 744.98 5.89 88 .89 0
02:48 744.98 5.89 88 .45 0
02:49 744.98 5.83 88 .45 0
02:50 744.98 5.83 88 .89 0
02:51 744.98 5.83 88 .89 0
02:52 744.98 5.83 88 .89 0
02:53 744.98 5.83 88 .89 0
02:54 744.98 5.83 88 .89 0
02:55 744.98 5.78 88 1.34 0
02:56 744.98 5.78 88 .89 0
02:57 744.98 5.83 88 .45 0
02:58 744.98 5.83 89 1.34 0
02:59 744.98 5.83 89 .89 0
03:00 744.98 5.89 89 .89 0
03:01 744.98 5.94 89 .89 0
03:02 744.98 5.94 89 .45 0
03:03 744.98 5.94 89 .89 0
03:04 744.98 5.94 88 1.34 0
03:05 744.98 5.94 88 .45 0
03:06 744.98 5.94 88 .89 0
03:07 744.98 5.94 88 .89 0
03:08 744.98 5.94 88 .89 0
03:09 744.98 5.94 88 .89 0
03:10 744.98 6 88 1.34 0
03:11 744.98 5.94 88 .89 0
03:12 744.98 5.94 88 .89 0
03:13 744.98 5.94 88 1.34 0
03:14 744.98 5.94 88 1.34 0
03:15 744.98 5.94 88 1.34 0
03:16 744.98 5.94 88 1.79 0
03:17 744.98 6 88 1.79 0
03:18 744.98 6 88 1.34 0
03:19 744.98 5.94 88 1.34 0
03:20 744.98 6 88 1.34 0
03:21 744.98 5.94 88 1.34 0
03:22 744.98 5.94 88 .89 0
03:23 744.98 5.89 88 1.34 0
03:24 744.98 5.89 88 .89 0
03:25 744.98 5.83 88 .89 0
03:26 744.98 5.83 88 1.34 0
03:27 744.98 5.83 88 1.34 0
03:28 744.98 5.83 88 .89 0
03:29 744.98 5.89 88 .89 0
03:30 744.98 5.83 88 .89 0
03:31 745.24 5.83 88 1.34 0
03:32 745.24 5.89 88 .89 0
03:33 745.24 5.89 88 .45 0
03:34 745.24 5.89 88 .89 0
03:35 745.24 5.94 88 .89 0
03:36 745.24 5.94 88 1.34 0
03:37 745.24 5.94 88 1.34 0
03:38 745.24 5.89 88 1.34 0
03:39 745.24 5.94 88 1.34 0
03:40 745.24 5.94 88 1.79 0
03:41 745.24 5.94 88 1.34 0
03:42 745.24 5.94 88 1.34 0
03:43 745.24 5.94 88 .89 0
03:44 745.24 5.94 88 1.34 0
03:45 745.24 5.94 88 1.34 0
03:46 745.24 5.94 88 .89 0
03:47 745.24 5.94 88 1.34 0
03:48 745.24 5.94 88 .89 0
03:49 745.24 6 88 .89 0
03:50 745.24 6 88 .89 0
03:51 745.24 6.06 88 1.34 0
03:52 745.24 6.06 88 1.79 0
03:53 745.24 6.11 88 1.79 0
03:54 745.24 6.11 88 1.79 0
03:55 745.24 6.11 88 1.79 0
03:56 745.24 6.17 88 1.79 0
03:57 745.24 6.22 88 .89 0
03:58 745.24 6.22 87 1.79 0
03:59 745.24 6.22 88 1.34 0
04:00 745.49 6.28 87 .45 0
04:01 745.49 6.28 87 .45 0
04:02 745.49 6.33 87 .45 0
04:03 745.49 6.33 87 .89 0
04:04 745.49 6.28 87 1.34 0
04:05 745.49 6.33 87 .89 0
04:06 745.49 6.33 87 .89 0
04:07 745.49 6.33 87 1.34 0
04:08 745.49 6.33 86 1.34 0
04:09 745.49 6.33 86 .89 0
04:10 745.49 6.33 86 1.79 0
04:11 745.49 6.33 86 1.79 0
04:12 745.49 6.39 86 .89 0
04:13 745.49 6.39 86 1.34 0
04:14 745.49 6.44 86 .45 0
04:15 745.49 6.44 86 1.34 0
04:16 745.49 6.44 86 .89 0
04:17 745.49 6.5 86 1.79 0
04:18 745.49 6.56 86 1.34 0
04:19 745.49 6.56 86 1.79 0
04:20 745.49 6.61 86 1.34 0
04:21 745.49 6.61 86 1.79 0
04:22 745.49 6.67 86 1.34 0
04:23 745.49 6.67 86 1.79 0
04:24 745.49 6.72 86 1.34 0
04:25 745.49 6.72 85 .89 0
04:26 745.49 6.78 85 1.79 0
04:27 745.49 6.78 85 1.79 0
04:28 745.49 6.78 85 .89 0
04:29 745.49 6.83 85 .45 0
04:30 745.49 6.83 85 .45 0
04:31 745.49 6.83 85 .89 0
04:32 745.49 6.89 85 1.34 0
04:33 745.74 6.94 85 .89 0
04:34 745.49 6.94 85 1.79 0
04:35 745.74 6.94 84 1.34 0
04:36 745.49 6.94 84 1.79 0
04:37 745.49 6.94 84 1.34 0
04:38 745.49 7 84 1.79 0
04:39 745.49 7 84 2.24 0
04:40 745.74 7 84 2.24 0
04:41 745.74 7 84 1.34 0
04:42 745.74 7.06 84 1.34 0
04:43 745.74 7.06 84 .89 0
04:44 745.74 7.06 83 2.24 0
04:45 745.74 7.11 83 1.79 0
04:46 745.74 7.11 83 1.34 0
04:47 745.74 7.11 83 1.34 0
04:48 745.74 7.17 83 1.34 0
04:49 745.74 7.17 83 2.24 0
04:50 745.74 7.17 83 1.34 0
04:51 745.74 7.17 83 .89 0
04:52 745.74 7.22 83 1.79 0
04:53 745.74 7.22 83 1.34 0
04:54 745.74 7.22 82 1.79 0
04:55 745.74 7.22 82 1.79 0
04:56 745.74 7.22 82 1.34 0
04:57 745.74 7.28 82 1.34 0
04:58 745.74 7.28 82 1.34 0
04:59 745.74 7.28 82 1.79 0
05:00 745.74 7.28 82 1.34 0
05:01 745.74 7.33 82 .89 0
05:02 745.74 7.33 82 1.34 0
05:03 745.74 7.33 82 .89 0
05:04 745.74 7.33 82 .89 0
05:05 745.74 7.39 82 1.34 0
05:06 745.74 7.39 82 1.34 0
05:07 745.74 7.39 82 1.34 0
05:08 745.74 7.39 82 1.79 0
05:09 745.74 7.39 82 .89 0
05:10 745.74 7.39 81 1.34 0
05:11 745.74 7.39 81 .89 0
05:12 745.74 7.39 81 1.34 0
05:13 745.74 7.39 82 .89 0
05:14 745.74 7.44 82 .89 0
05:15 746 7.39 81 .89 0
05:16 745.74 7.44 82 1.34 0
05:17 745.74 7.44 81 .89 0
05:18 745.74 7.44 81 1.34 0
05:19 745.74 7.44 82 1.34 0
05:20 746 7.44 81 .89 0
05:21 746 7.44 82 1.34 0
05:22 746 7.44 82 .45 0
05:23 746 7.44 82 .89 0
05:24 746 7.44 82 .45 0
05:25 746 7.44 82 0 0
05:26 746 7.5 83 0 0
05:27 746 7.44 83 .45 0
05:28 746 7.5 83 .89 0
05:29 746 7.5 83 1.34 0
05:30 746 7.5 82 .89 0
05:31 746 7.5 82 1.34 0
05:32 746 7.44 82 1.34 0
05:33 746 7.44 82 .89 0
05:34 746 7.44 82 .89 0
05:35 746 7.44 82 .89 0
05:36 746 7.44 82 1.79 0
05:37 746 7.44 82 1.34 0
05:38 746 7.39 82 .89 0
05:39 746 7.44 83 .89 0
05:40 746 7.39 83 .45 0
05:41 746 7.44 83 .45 0
05:42 746 7.39 83 .89 0
05:43 746 7.44 83 .45 0
05:44 746 7.44 83 .89 0
05:45 746 7.5 83 1.34 0
05:46 746 7.5 83 1.34 0
05:47 746 7.5 83 .89 0
05:48 746 7.56 83 1.79 0
05:49 746 7.56 83 1.34 0
05:50 746 7.56 84 .89 0
05:51 746 7.5 83 .45 0
05:52 746 7.44 83 1.34 0
05:53 746.25 7.44 83 .45 0
05:54 746.25 7.44 83 .89 0
05:55 746.25 7.44 84 1.34 0
05:56 746.25 7.5 83 .89 0
05:57 746.25 7.5 83 1.34 0
05:58 746.25 7.5 83 1.34 0
05:59 746.25 7.5 83 1.79 0
06:00 746.25 7.5 83 1.34 0
06:01 746.25 7.56 83 .89 0
06:02 746.25 7.61 83 .45 0
06:03 746.25 7.61 83 .89 0
06:04 746.25 7.61 83 1.34 0
06:05 746.25 7.67 83 .89 0
06:06 746.25 7.72 83 1.34 0
06:07 746.25 7.78 83 2.24 0
06:08 746.25 7.78 82 1.34 0
06:09 746.25 7.83 82 1.34 0
06:10 746.25 7.83 82 .89 0
06:11 746.25 7.89 82 0 0
06:12 746.25 7.94 82 .45 0
06:13 746.25 8 82 .89 0
06:14 746.25 8.06 82 .89 0
06:15 746.25 8.06 82 1.34 0
06:16 746.25 8.17 82 .45 0
06:17 746.25 8.17 82 .45 0
06:18 746.25 8.28 82 1.34 0
06:19 746.25 8.33 82 .89 0
06:20 746.25 8.33 81 1.34 0
06:21 746.25 8.44 81 .89 0
06:22 746.25 8.5 81 .89 0
06:23 746.25 8.56 81 1.34 0
06:24 746.25 8.56 80 1.34 0
06:25 746.25 8.61 80 0 0
06:26 746.25 8.61 80 0 0
06:27 746.25 8.67 80 .89 0
06:28 746.25 8.67 79 1.34 0
06:29 746.25 8.72 78 1.34 0
06:30 746.25 8.78 78 1.34 0
06:31 746.25 8.78 78 1.34 0
06:32 746.25 8.78 78 .89 0
06:33 746.25 8.83 79 1.34 0
06:34 746.51 8.89 78 .89 0
06:35 746.51 8.89 78 .89 0
06:36 746.25 8.94 78 1.34 0
06:37 746.25 9 77 1.34 0
06:38 746.25 9 77 .89 0
06:39 746.25 9.06 77 .89 0
06:40 746.25 9.11 77 .89 0
06:41 746.51 9.17 77 1.34 0
06:42 746.51 9.17 76 1.34 0
06:43 746.51 9.28 77 1.34 0
06:44 746.51 9.33 77 1.34 0
06:45 746.51 9.33 77 1.79 0
06:46 746.51 9.39 76 1.34 0
06:47 746.51 9.33 76 1.34 0
06:48 746.51 9.39 75 1.34 0
06:49 746.51 9.44 75 .89 0
06:50 746.51 9.39 75 1.34 0
06:51 746.51 9.44 75 1.79 0
06:52 746.51 9.44 76 1.34 0
06:53 746.51 9.44 75 1.79 0
06:54 746.51 9.5 75 1.34 0
06:55 746.51 9.5 75 1.34 0
06:56 746.51 9.5 74 1.34 0
06:57 746.51 9.56 73 1.34 0
06:58 746.51 9.56 72 1.34 0
06:59 746.51 9.56 72 .89 0
07:00 746.51 9.56 72 1.34 0
07:01 746.51 9.56 72 .89 0
07:02 746.51 9.61 72 1.34 0
07:03 746.51 9.61 72 .89 0
07:04 746.51 9.72 72 .45 0
07:05 746.51 9.72 73 .45 0
07:06 746.51 9.78 72 .89 0
07:07 746.51 9.83 72 .89 0
07:08 746.51 9.89 72 0 0
07:09 746.51 9.94 73 1.79 0
07:10 746.51 10 70 .89 0
07:11 746.51 10.06 70 2.24 0
07:12 746.51 10.06 69 1.34 0
07:13 746.51 10.11 70 1.34 0
07:14 746.51 10.06 70 .89 0
07:15 746.51 10.06 70 .89 0
07:16 746.51 10.06 70 .45 0
07:17 746.51 10.06 70 .89 0
07:18 746.51 10.06 71 .89 0
07:19 746.51 10.11 70 1.79 0
07:20 746.51 10.11 69 .89 0
07:21 746.51 10.17 69 .45 0
07:22 746.51 10.17 69 1.34 0
07:23 746.51 10.22 69 .89 0
07:24 746.51 10.22 70 .45 0
07:25 746.51 10.22 69 .89 0
07:26 746.51 10.22 68 .89 0
07:27 746.51 10.28 69 1.34 0
07:28 746.51 10.33 69 1.79 0
07:29 746.76 10.39 69 .89 0
07:30 746.51 10.39 69 .89 0
07:31 746.76 10.39 69 0 0
07:32 746.76 10.44 69 .89 0
07:33 746.76 10.44 69 1.34 0
07:34 746.76 10.5 69 .89 0
07:35 746.76 10.56 69 .45 0
07:36 746.76 10.61 68 1.34 0
07:37 746.76 10.67 68 .45 0
07:38 746.76 10.72 67 .45 0
07:39 746.76 10.67 67 1.79 0
07:40 746.76 10.72 66 1.79 0
07:41 746.51 10.72 67 .45 0
07:42 746.51 10.72 68 1.79 0
07:43 746.51 10.72 67 1.79 0
07:44 746.51 10.78 68 .45 0
07:45 746.76 10.78 68 1.79 0
07:46 746.51 10.78 67 2.24 0
07:47 746.51 10.78 65 1.34 0
07:48 746.51 10.72 64 1.34 0
07:49 746.76 10.72 65 1.34 0
07:50 746.76 10.72 65 1.79 0
07:51 746.76 10.72 65 1.79 0
07:52 746.76 10.72 66 2.24 0
07:53 746.76 10.78 67 .89 0
07:54 746.76 10.78 66 1.34 0
07:55 746.76 10.83 66 2.24 0
07:56 746.76 10.78 66 .89 0
07:57 746.76 10.83 66 1.79 0
07:58 746.76 10.89 66 2.24 0
07:59 746.76 10.89 66 .89 0
08:00 746.76 10.89 66 2.24 0
08:01 746.76 10.94 66 2.68 0
08:02 746.76 11 65 2.24 0
08:03 746.76 11.06 65 1.79 0
08:04 746.76 11.06 64 2.24 0
08:05 746.76 11.06 63 4.02 0
08:06 746.76 11 62 2.24 0
08:07 746.76 10.89 63 2.68 0
08:08 746.76 10.83 64 1.79 0
08:09 746.76 10.83 64 1.34 0
08:10 746.76 10.83 65 1.34 0
08:11 747.01 10.94 64 1.79 0
08:12 746.76 10.94 64 1.34 0
08:13 747.01 11 63 1.34 0
08:14 747.01 11 62 2.68 0
08:15 747.01 11 61 1.79 0
08:16 746.76 10.94 62 3.58 0
08:17 746.76 10.89 62 2.68 0
08:18 747.01 10.83 63 1.79 0
08:19 747.01 10.83 63 2.68 0
08:20 747.01 10.78 63 3.13 0
08:21 747.01 10.78 63 .89 0
08:22 747.01 10.83 63 1.79 0
08:23 747.01 10.83 61 1.34 0
08:24 747.01 10.83 61 1.34 0
08:25 747.01 10.83 62 3.13 0
08:26 747.01 10.83 63 2.68 0
08:27 747.01 10.83 63 2.68 0
08:28 747.01 10.83 63 3.13 0
08:29 747.01 10.83 63 2.24 0
08:30 747.01 10.78 64 .89 0
08:31 747.01 10.78 64 4.02 0
08:32 747.01 10.78 64 3.58 0
08:33 747.01 10.78 63 2.68 0
08:34 746.76 10.78 63 2.68 0
08:35 747.01 10.83 64 1.79 0
08:36 747.01 10.89 65 1.79 0
08:37 746.76 11 64 1.34 0
08:38 746.76 11.06 64 1.34 0
08:39 747.01 11.11 64 1.34 0
08:40 747.01 11.22 64 1.34 0
08:41 747.01 11.22 63 3.13 0
08:42 747.01 11.28 60 2.68 0
08:43 747.01 11.22 60 .89 0
08:44 747.01 11.28 60 1.34 0
08:45 747.01 11.33 60 1.34 0
08:46 747.01 11.39 61 2.68 0
08:47 747.01 11.44 61 2.24 0
08:48 746.76 11.44 61 1.79 0
08:49 747.01 11.5 62 1.34 0
08:50 747.01 11.56 62 1.34 0
08:51 747.01 11.56 63 3.58 0
08:52 747.01 11.5 61 3.13 0
08:53 747.01 11.44 59 2.68 0
08:54 747.01 11.33 60 1.79 0
08:55 747.01 11.28 60 3.58 0
08:56 747.01 11.17 60 1.34 0
08:57 747.01 11.11 61 .45 0
08:58 747.01 11.11 62 .89 0
08:59 747.01 11.17 62 .45 0
09:00 747.01 11.22 62 .89 0
09:01 747.01 11.28 62 1.34 0
09:02 747.01 11.33 62 1.79 0
09:03 747.01 11.44 61 3.58 0
09:04 747.01 11.44 58 3.13 0
09:05 747.01 11.39 58 2.24 0
09:06 747.01 11.39 58 4.92 0
09:07 747.01 11.33 57 4.02 0
09:08 747.01 11.33 59 2.68 0
09:09 746.76 11.22 59 2.24 0
09:10 747.01 11.22 60 1.34 0
09:11 747.01 11.28 60 1.79 0
09:12 747.01 11.33 60 1.79 0
09:13 747.01 11.39 60 2.24 0
09:14 747.01 11.39 58 2.24 0
09:15 747.01 11.5 59 1.79 0
09:16 747.01 11.56 59 4.47 0
09:17 747.01 11.56 59 2.68 0
09:18 747.01 11.56 57 4.02 0
09:19 747.01 11.56 55 3.13 0
09:20 747.01 11.56 58 1.79 0
09:21 747.01 11.61 58 2.24 0
09:22 747.01 11.67 58 2.24 0
09:23 747.01 11.67 58 2.24 0
09:24 747.01 11.67 58 2.24 0
09:25 746.76 11.72 57 4.47 0
09:26 747.01 11.67 58 4.92 0
09:27 747.01 11.67 58 4.92 0
09:28 747.01 11.61 57 2.24 0
09:29 747.01 11.56 58 4.47 0
09:30 747.01 11.56 58 2.24 0
09:31 747.01 11.5 59 4.02 0
09:32 747.01 11.44 58 3.13 0
09:33 747.01 11.44 58 2.24 0
09:34 747.01 11.39 57 2.68 0
09:35 747.01 11.44 58 2.24 0
09:36 747.01 11.44 58 1.79 0
09:37 747.01 11.44 58 1.34 0
09:38 747.01 11.5 59 1.79 0
09:39 747.01 11.56 60 2.24 0
09:40 747.01 11.67 59 1.34 0
09:41 747.01 11.67 59 1.34 0
09:42 747.01 11.72 58 .45 0
09:43 747.01 11.78 60 2.24 0
09:44 747.01 11.83 60 1.79 0
09:45 747.01 11.89 58 1.79 0
09:46 747.01 11.89 58 2.68 0
09:47 747.01 11.94 59 3.13 0
09:48 747.01 11.94 59 3.58 0
09:49 747.01 11.94 60 3.13 0
09:50 747.01 12 59 1.79 0
09:51 747.01 12.06 59 2.24 0
09:52 747.01 12.06 59 2.24 0
09:53 747.01 12.17 59 1.34 0
09:54 747.01 12.22 58 1.34 0
09:55 747.01 12.28 58 .89 0
09:56 747.01 12.33 59 1.34 0
09:57 747.01 12.39 57 1.79 0
09:58 747.01 12.39 58 .89 0
09:59 747.01 12.39 59 2.68 0
10:00 747.27 12.33 57 .89 0
10:01 747.27 12.28 57 1.79 0
10:02 747.27 12.22 58 2.24 0
10:03 747.27 12.11 58 2.24 0
10:04 747.27 12.06 59 4.47 0
10:05 747.27 11.94 59 3.58 0
10:06 747.27 11.89 59 3.13 0
10:07 747.27 11.78 59 3.58 0
10:08 747.27 11.67 60 2.24 0
10:09 747.27 11.67 61 4.02 0
10:10 747.27 11.67 62 2.68 0
10:11 747.27 11.67 62 1.79 0
10:12 747.27 11.67 61 1.79 0
10:13 747.27 11.72 60 4.02 0
10:14 747.27 11.72 61 1.79 0
10:15 747.27 11.72 61 2.24 0
10:16 747.27 11.78 61 2.68 0
10:17 747.27 11.72 61 2.24 0
10:18 747.27 11.78 61 .89 0
10:19 747.27 11.83 61 1.79 0
10:20 747.27 11.83 60 3.58 0
10:21 747.27 11.78 60 1.79 0
10:22 747.27 11.78 60 2.24 0
10:23 747.27 11.78 60 1.79 0
10:24 747.27 11.78 60 2.68 0
10:25 747.27 11.78 60 2.24 0
10:26 747.27 11.78 61 2.24 0
10:27 747.27 11.78 61 1.79 0
10:28 747.27 11.83 61 1.34 0
10:29 747.27 11.83 61 4.02 0
10:30 747.27 11.83 59 2.24 0
10:31 747.27 11.83 60 2.68 0
10:32 747.27 11.83 60 2.24 0
10:33 747.27 11.83 60 2.68 0
10:34 747.27 11.83 60 2.68 0
10:35 747.27 11.83 60 2.68 0
10:36 747.27 11.83 60 2.68 0
10:37 747.27 11.83 60 1.79 0
10:38 747.27 11.83 60 1.34 0
10:39 747.27 11.83 60 1.34 0
10:40 747.27 11.78 60 .45 0
10:41 747.27 11.78 59 1.34 0
10:42 747.27 11.78 60 1.34 0
10:43 747.27 11.78 60 1.34 0
10:44 747.27 11.83 60 .89 0
10:45 747.27 11.89 61 .89 0
10:46 747.27 12 61 .89 0
10:47 747.27 12.11 61 2.68 0
10:48 747.27 12.22 60 1.34 0
10:49 747.27 12.28 60 3.58 0
10:50 747.27 12.33 59 1.79 0
10:51 747.27 12.44 60 .89 0
10:52 747.27 12.56 59 .45 0
10:53 747.27 12.67 59 .45 0
10:54 747.27 12.78 57 .89 0
10:55 747.27 12.89 57 1.34 0
10:56 747.27 13 56 .45 0
10:57 747.27 13.11 56 0 0
10:58 747.27 13.22 56 0 0
10:59 747.52 13.28 57 .89 0
11:00 747.27 13.33 57 2.68 0
11:01 747.27 13.33 54 1.79 0
11:02 747.52 13.22 54 1.79 0
11:03 747.27 13.17 55 .89 0
11:04 747.27 13.17 56 .45 0
11:05 747.27 13.11 56 2.24 0
11:06 747.27 13.06 57 .89 0
11:07 747.27 12.89 58 1.79 0
11:08 747.27 12.83 58 1.34 0
11:09 747.52 12.78 59 2.68 0
11:10 747.52 12.72 59 2.24 0
11:11 747.52 12.67 58 1.34 0
11:12 747.52 12.67 59 1.79 0
11:13 747.52 12.61 58 1.79 0
11:14 747.52 12.61 58 2.24 0
11:15 747.52 12.61 59 2.24 0
11:16 747.52 12.56 59 1.79 0
11:17 747.52 12.5 58 1.79 0
11:18 747.52 12.44 59 1.34 0
11:19 747.52 12.44 59 .89 0
11:20 747.52 12.44 60 1.34 0
11:21 747.52 12.44 59 .89 0
11:22 747.52 12.44 59 2.24 0
11:23 747.52 12.44 61 2.68 0
11:24 747.52 12.39 60 4.02 0
11:25 747.52 12.33 59 1.79 0
11:26 747.52 12.28 60 3.58 0
11:27 747.52 12.22 60 1.79 0
11:28 747.52 12.17 61 2.24 0
11:29 747.52 12.17 61 1.79 0
11:30 747.52 12.17 61 2.24 0
11:31 747.52 12.17 61 1.79 0
11:32 747.52 12.22 62 1.79 0
11:33 747.52 12.22 62 1.34 0
11:34 747.52 12.28 61 1.79 0
11:35 747.52 12.33 61 2.24 0
11:36 747.52 12.33 61 2.24 0
11:37 747.52 12.39 61 1.79 0
11:38 747.52 12.44 62 1.79 0
11:39 747.52 12.5 62 .89 0
11:40 747.52 12.5 60 1.34 0
11:41 747.52 12.56 61 1.34 0
11:42 747.52 12.56 62 1.79 0
11:43 747.52 12.61 61 1.34 0
11:44 747.52 12.61 62 3.13 0
11:45 747.52 12.61 61 1.79 0
11:46 747.52 12.61 60 2.24 0
11:47 747.52 12.56 61 1.34 0
11:48 747.52 12.61 61 .45 0
11:49 747.52 12.61 61 2.24 0
11:50 747.52 12.61 60 2.24 0
11:51 747.52 12.67 60 2.24 0
11:52 747.52 12.61 60 1.79 0
11:53 747.52 12.61 60 2.24 0
11:54 747.52 12.61 61 .45 0
11:55 747.52 12.67 60 1.34 0
11:56 747.52 12.72 60 .45 0
11:57 747.52 12.72 61 1.34 0
11:58 747.52 12.78 61 .89 0
11:59 747.52 12.83 61 1.79 0
12:00 747.52 12.83 60 1.79 0
12:01 747.52 12.78 60 .45 0
12:02 747.52 12.78 60 1.34 0
12:03 747.52 12.78 60 1.34 0
12:04 747.52 12.72 60 1.34 0
12:05 747.52 12.72 60 .89 0
12:06 747.52 12.78 60 .89 0
12:07 747.52 12.83 60 2.68 0
12:08 747.52 12.89 58 3.13 0
12:09 747.52 12.83 57 1.79 0
12:10 747.52 12.89 59 1.79 0
12:11 747.52 13 59 .89 0
12:12 747.52 13.11 59 .89 0
12:13 747.52 13.28 59 1.34 0
12:14 747.52 13.33 58 3.58 0
12:15 747.52 13.33 57 2.68 0
12:16 747.52 13.33 58 1.79 0
12:17 747.52 13.33 58 .89 0
12:18 747.52 13.44 59 1.79 0
12:19 747.52 13.5 58 1.34 0
12:20 747.52 13.56 59 0 0
12:21 747.52 13.67 59 2.24 0
12:22 747.52 13.67 56 2.68 0
12:23 747.52 13.61 56 1.79 0
12:24 747.52 13.5 58 1.79 0
12:25 747.52 13.5 57 2.24 0
12:26 747.52 13.5 57 1.79 0
12:27 747.52 13.56 56 1.79 0
12:28 747.52 13.67 54 2.68 0
12:29 747.52 13.67 54 2.68 0
12:30 747.52 13.67 54 3.13 0
12:31 747.52 13.72 54 3.58 0
12:32 747.52 13.83 56 1.34 0
12:33 747.52 13.89 55 1.79 0
12:34 747.52 13.94 54 1.34 0
12:35 747.52 14.06 54 1.34 0
12:36 747.52 14.22 55 2.24 0
12:37 747.52 14.39 55 4.47 0
12:38 747.52 14.33 52 1.79 0
12:39 747.52 14.28 57 3.58 0
12:40 747.52 14.22 56 1.34 0
12:41 747.52 14.22 57 3.13 0
12:42 747.52 14.22 57 1.79 0
12:43 747.52 14.17 57 1.34 0
12:44 747.52 14.17 57 .89 0
12:45 747.52 14.22 59 2.24 0
12:46 747.52 14.17 58 2.68 0
12:47 747.52 14.17 58 3.58 0
12:48 747.52 14.17 57 4.47 0
12:49 747.52 14.06 57 4.02 0
12:50 747.52 14 57 2.24 0
12:51 747.52 14.06 56 2.24 0
12:52 747.52 14.06 56 .89 0
12:53 747.52 14.06 57 2.24 0
12:54 747.52 14.06 56 2.68 0
12:55 747.52 14.06 56 2.68 0
12:56 747.52 14.06 57 4.02 0
12:57 747.52 14.06 56 1.34 0
12:58 747.52 14 56 .89 0
12:59 747.52 14 57 1.79 0
13:00 747.52 14 58 3.58 0
13:01 747.52 14 59 4.47 0
13:02 747.52 13.94 58 2.68 0
13:03 747.52 13.94 58 3.13 0
13:04 747.52 13.94 58 2.24 0
13:05 747.52 13.89 59 4.47 0
13:06 747.52 13.83 58 4.02 0
13:07 747.52 13.78 58 4.02 0
13:08 747.52 13.72 59 4.02 0
13:09 747.52 13.72 60 4.47 0
13:10 747.52 13.72 59 4.47 0
13:11 747.52 13.78 60 4.92 0
13:12 747.52 13.78 59 4.47 0
13:13 747.52 13.83 58 2.24 0
13:14 747.52 13.83 60 4.02 0
13:15 747.52 13.89 57 .89 0
13:16 747.52 13.94 58 2.24 0
13:17 747.52 14.06 58 4.02 0
13:18 747.52 14.11 58 1.79 0
13:19 747.52 14.11 58 1.34 0
13:20 747.52 14.17 58 2.24 0
13:21 747.52 14.22 58 .45 0
13:22 747.52 14.33 58 1.34 0
13:23 747.52 14.39 57 .89 0
13:24 747.52 14.5 57 1.79 0
13:25 747.52 14.61 57 2.68 0
13:26 747.52 14.72 57 .89 0
13:27 747.52 14.72 55 3.58 0
13:28 747.52 14.78 55 2.68 0
13:29 747.52 14.72 54 1.79 0
13:30 747.52 14.72 54 1.34 0
13:31 747.52 14.72 55 .89 0
13:32 747.52 14.78 55 .89 0
13:33 747.52 14.89 55 2.68 0
13:34 747.52 15.06 56 4.47 0
13:35 747.52 15.17 56 3.13 0
13:36 747.52 15.28 54 1.79 0
13:37 747.52 15.28 53 .89 0
13:38 747.52 15.22 53 1.79 0
13:39 747.52 15.28 53 1.34 0
13:40 747.52 15.33 53 1.34 0
13:41 747.52 15.28 52 .89 0
13:42 747.52 15.33 54 .45 0
13:43 747.52 15.39 53 0 0
13:44 747.52 15.39 52 .45 0
13:45 747.52 15.39 52 1.34 0
13:46 747.52 15.33 52 1.79 0
13:47 747.52 15.33 52 2.68 0
13:48 747.52 15.17 52 3.13 0
13:49 747.52 15.06 53 2.68 0
13:50 747.52 14.94 54 3.13 0
13:51 747.52 14.89 55 1.79 0
13:52 747.52 14.94 56 1.34 0
13:53 747.52 14.89 56 1.79 0
13:54 747.52 14.94 56 2.68 0
13:55 747.52 15 54 2.24 0
13:56 747.52 14.94 54 1.34 0
13:57 747.52 14.94 55 1.79 0
13:58 747.52 15 55 1.34 0
13:59 747.52 15.06 55 2.24 0
14:00 747.52 15.06 55 3.58 0
14:01 747.52 15 53 2.24 0
14:02 747.52 15 54 1.79 0
14:03 747.52 15 54 .89 0
14:04 747.52 15 54 1.79 0
14:05 747.52 15.06 54 1.79 0
14:06 747.52 15.06 54 .89 0
14:07 747.52 15.06 53 1.79 0
14:08 747.52 14.94 53 1.79 0
14:09 747.52 14.94 54 .89 0
14:10 747.52 14.94 54 .89 0
14:11 747.52 14.94 54 1.34 0
14:12 747.52 15 54 1.79 0
14:13 747.52 15.06 54 .89 0
14:14 747.52 15.11 53 1.34 0
14:15 747.52 15.17 53 1.34 0
14:16 747.52 15.17 52 .89 0
14:17 747.52 15.22 53 3.58 0
14:18 747.52 15.22 54 1.34 0
14:19 747.52 15.28 54 2.68 0
14:20 747.52 15.33 54 .89 0
14:21 747.52 15.33 54 2.68 0
14:22 747.52 15.33 55 1.79 0
14:23 747.52 15.39 53 2.68 0
14:24 747.52 15.44 53 1.79 0
14:25 747.52 15.44 53 1.34 0
14:26 747.52 15.5 53 1.34 0
14:27 747.52 15.61 53 2.68 0
14:28 747.52 15.78 53 .89 0
14:29 747.52 15.83 52 2.68 0
14:30 747.52 15.83 49 3.58 0
14:31 747.52 15.78 49 1.79 0
14:32 747.52 15.72 49 2.68 0
14:33 747.52 15.67 48 .89 0
14:34 747.52 15.67 49 2.24 0
14:35 747.52 15.61 49 2.24 0
14:36 747.52 15.61 50 1.79 0
14:37 747.52 15.67 50 2.68 0
14:38 747.52 15.67 51 2.24 0
14:39 747.52 15.72 51 1.34 0
14:40 747.52 15.67 50 3.58 0
14:41 747.52 15.61 51 2.68 0
14:42 747.52 15.61 51 3.13 0
14:43 747.52 15.67 51 2.68 0
14:44 747.52 15.61 52 3.58 0
14:45 747.52 15.61 51 1.79 0
14:46 747.52 15.67 51 2.24 0
14:47 747.52 15.72 50 1.34 0
14:48 747.52 15.78 53 .89 0
14:49 747.52 15.83 50 4.02 0
14:50 747.52 15.89 49 1.79 0
14:51 747.52 16 50 1.34 0
14:52 747.52 16.06 49 1.79 0
14:53 747.52 16.17 50 2.24 0
14:54 747.52 16.28 49 5.36 0
14:55 747.52 16.22 49 4.92 0
14:56 747.52 16.06 48 4.02 0
14:57 747.52 15.89 49 2.24 0
14:58 747.52 15.78 50 2.24 0
14:59 747.52 15.78 51 1.79 0
15:00 747.52 15.72 50 .89 0
15:01 747.52 15.72 49 .89 0
15:02 747.52 15.72 49 2.24 0
15:03 747.52 15.72 49 1.34 0
15:04 747.52 15.67 49 3.58 0
15:05 747.52 15.61 48 3.58 0
15:06 747.52 15.56 48 3.58 0
15:07 747.52 15.5 48 1.34 0
15:08 747.52 15.56 49 3.58 0
15:09 747.52 15.67 50 3.58 0
15:10 747.52 15.72 50 2.68 0
15:11 747.52 15.78 50 1.34 0
15:12 747.52 15.94 49 1.79 0
15:13 747.52 16 49 2.24 0
15:14 747.52 16.06 50 4.47 0
15:15 747.52 16.11 49 2.24 0
15:16 747.52 16.17 49 .45 0
15:17 747.52 16.28 47 3.13 0
15:18 747.52 16.22 49 1.79 0
15:19 747.52 16.17 48 1.34 0
15:20 747.52 16.11 48 3.58 0
15:21 747.52 16 47 4.02 0
15:22 747.52 15.89 47 4.02 0
15:23 747.52 15.78 46 1.34 0
15:24 747.52 15.78 45 1.79 0
15:25 747.52 15.78 45 1.34 0
15:26 747.52 15.83 45 1.34 0
15:27 747.52 15.94 46 .89 0
15:28 747.52 16.06 47 1.34 0
15:29 747.52 16.22 47 5.36 0
15:30 747.52 16.28 47 4.92 0
15:31 747.52 16.28 47 4.92 0
15:32 747.52 16.22 46 3.13 0
15:33 747.52 16.22 46 1.79 0
15:34 747.52 16.17 46 4.47 0
15:35 747.52 16.11 46 3.13 0
15:36 747.52 16.11 48 3.58 0
15:37 747.52 16.17 47 2.68 0
15:38 747.52 16.28 49 2.68 0
15:39 747.52 16.33 46 3.58 0
15:40 747.52 16.33 46 2.68 0
15:41 747.52 16.28 46 4.02 0
15:42 747.52 16.28 47 1.34 0
15:43 747.78 16.28 48 .89 0
15:44 747.52 16.39 47 3.58 0
15:45 747.78 16.44 47 1.79 0
15:46 747.78 16.56 46 1.79 0
15:47 747.78 16.56 45 .89 0
15:48 747.78 16.61 46 1.34 0
15:49 747.78 16.61 45 .89 0
15:50 747.78 16.61 46 1.34 0
15:51 747.78 16.67 45 1.79 0
15:52 747.78 16.67 45 1.79 0
15:53 747.78 16.61 45 1.34 0
15:54 747.78 16.56 45 .89 0
15:55 747.78 16.56 45 .45 0
15:56 747.78 16.56 46 .89 0
15:57 747.78 16.61 47 2.24 0
15:58 747.78 16.61 45 1.79 0
15:59 747.78 16.5 45 .89 0
16:00 747.78 16.56 45 1.79 0
16:01 747.78 16.5 46 2.68 0
16:02 747.78 16.5 46 2.24 0
16:03 747.78 16.44 45 2.24 0
16:04 747.78 16.44 44 1.79 0
16:05 747.78 16.44 44 1.34 0
16:06 747.78 16.39 45 1.34 0
16:07 747.78 16.33 44 .45 0
16:08 747.78 16.33 44 1.34 0
16:09 747.78 16.33 44 .45 0
16:10 747.78 16.39 46 1.34 0
16:11 747.78 16.33 44 .89 0
16:12 747.78 16.33 45 1.34 0
16:13 747.78 16.33 45 1.79 0
16:14 747.78 16.28 44 1.79 0
16:15 747.78 16.28 44 1.34 0
16:16 747.78 16.28 45 1.34 0
16:17 747.78 16.33 44 .45 0
16:18 747.78 16.33 44 1.34 0
16:19 747.78 16.33 45 1.34 0
16:20 747.78 16.39 44 .89 0
16:21 747.78 16.44 46 .89 0
16:22 747.78 16.5 45 1.79 0
16:23 747.78 16.61 46 1.79 0
16:24 747.78 16.61 45 1.79 0
16:25 747.78 16.67 46 1.34 0
16:26 747.78 16.72 46 1.79 0
16:27 747.78 16.78 46 1.34 0
16:28 747.78 16.83 46 4.02 0
16:29 747.78 16.78 44 3.58 0
16:30 747.78 16.72 46 3.13 0
16:31 747.78 16.67 44 2.24 0
16:32 747.78 16.61 45 1.79 0
16:33 747.78 16.61 46 4.47 0
16:34 747.78 16.56 46 2.68 0
16:35 747.78 16.5 45 .89 0
16:36 747.78 16.44 46 2.68 0
16:37 747.78 16.44 45 1.34 0
16:38 747.78 16.44 46 1.34 0
16:39 747.78 16.44 46 2.24 0
16:40 747.78 16.39 46 2.68 0
16:41 747.78 16.33 45 3.13 0
16:42 747.78 16.33 45 2.68 0
16:43 747.78 16.28 45 1.79 0
16:44 747.78 16.28 46 1.34 0
16:45 747.78 16.28 47 2.68 0
16:46 747.78 16.28 48 1.79 0
16:47 747.78 16.33 47 1.79 0
16:48 747.78 16.33 46 1.79 0
16:49 747.78 16.33 46 .89 0
16:50 747.78 16.39 47 .45 0
16:51 747.78 16.39 46 .45 0
16:52 747.78 16.44 46 1.34 0
16:53 747.78 16.44 46 .45 0
16:54 747.78 16.56 46 .89 0
16:55 747.78 16.61 45 1.34 0
16:56 747.78 16.61 45 1.79 0
16:57 747.78 16.61 45 1.34 0
16:58 747.78 16.67 46 2.68 0
16:59 747.78 16.61 46 2.68 0
17:00 747.78 16.67 47 1.79 0
17:01 747.78 16.56 45 1.34 0
17:02 747.78 16.56 45 .89 0
17:03 747.78 16.56 46 1.34 0
17:04 747.78 16.56 46 1.34 0
17:05 747.78 16.56 46 1.34 0
17:06 747.78 16.56 48 2.24 0
17:07 747.78 16.56 47 1.34 0
17:08 747.78 16.56 47 1.79 0
17:09 747.78 16.56 47 1.34 0
17:10 747.78 16.5 47 .45 0
17:11 747.78 16.5 48 3.13 0
17:12 747.78 16.44 48 1.79 0
17:13 747.78 16.44 48 2.68 0
17:14 747.78 16.39 46 2.68 0
17:15 747.78 16.39 48 2.68 0
17:16 747.78 16.33 48 1.79 0
17:17 747.78 16.33 47 1.79 0
17:18 747.78 16.33 47 2.68 0
17:19 747.78 16.39 48 3.13 0
17:20 747.78 16.33 46 1.79 0
17:21 747.78 16.28 44 1.34 0
17:22 747.78 16.33 46 1.79 0
17:23 747.78 16.33 45 .45 0
17:24 747.78 16.33 46 1.79 0
17:25 747.78 16.28 46 .89 0
17:26 747.78 16.33 47 .89 0
17:27 747.78 16.39 46 1.79 0
17:28 747.78 16.39 47 .89 0
17:29 747.78 16.44 47 1.79 0
17:30 747.78 16.39 45 1.34 0
17:31 747.78 16.44 46 1.34 0
17:32 747.78 16.44 47 .89 0
17:33 747.78 16.44 46 2.68 0
17:34 747.78 16.44 47 1.79 0
17:35 747.78 16.39 46 2.68 0
17:36 747.78 16.33 44 1.34 0
17:37 747.78 16.28 45 1.34 0
17:38 747.78 16.28 46 2.68 0
17:39 747.78 16.28 45 1.79 0
17:40 747.78 16.22 45 .45 0
17:41 747.78 16.22 47 1.79 0
17:42 747.78 16.22 45 1.79 0
17:43 747.78 16.22 46 .89 0
17:44 747.78 16.17 45 1.34 0
17:45 747.78 16.22 45 .45 0
17:46 747.78 16.22 46 .89 0
17:47 747.78 16.28 46 1.79 0
17:48 747.78 16.22 46 1.79 0
17:49 747.78 16.28 46 1.34 0
17:50 747.52 16.28 45 1.79 0
17:51 747.78 16.28 45 2.24 0
17:52 747.52 16.22 45 3.58 0
17:53 747.52 16.22 46 4.02 0
17:54 747.52 16.17 46 1.79 0
17:55 747.52 16.17 46 1.79 0
17:56 747.52 16.11 45 2.68 0
17:57 747.52 16.11 45 1.34 0
17:58 747.52 16.11 46 .89 0
17:59 747.52 16.06 46 1.34 0
18:00 747.52 16.11 47 2.68 0
18:01 747.52 16.11 46 1.34 0
18:02 747.52 16.06 47 1.79 0
18:03 747.52 16.06 47 .89 0
18:04 747.52 16.06 46 1.79 0
18:05 747.52 16.06 46 1.79 0
18:06 747.52 16.06 46 .89 0
18:07 747.52 16.11 47 .89 0
18:08 747.52 16.06 47 3.13 0
18:09 747.52 16.06 47 1.34 0
18:10 747.52 16.06 47 3.13 0
18:11 747.52 16.06 46 1.34 0
18:12 747.52 16 48 3.58 0
18:13 747.52 16 46 2.68 0
18:14 747.52 16 46 .89 0
18:15 747.52 16 47 1.34 0
18:16 747.52 16 47 1.34 0
18:17 747.52 16.06 48 1.34 0
18:18 747.52 16 48 1.34 0
18:19 747.52 16 46 2.24 0
18:20 747.52 16.06 47 .45 0
18:21 747.52 16 47 .89 0
18:22 747.52 16.06 47 .45 0
18:23 747.52 16.06 48 .89 0
18:24 747.52 16.06 48 .89 0
18:25 747.52 16.06 47 .45 0
18:26 747.52 16.06 48 1.34 0
18:27 747.52 16.06 47 2.24 0
18:28 747.52 16.06 47 1.34 0
18:29 747.52 16 48 3.13 0
18:30 747.52 15.94 47 1.79 0
18:31 747.52 15.94 49 1.34 0
18:32 747.52 15.89 48 2.24 0
18:33 747.52 15.89 49 1.34 0
18:34 747.52 15.89 48 1.34 0
18:35 747.52 15.89 48 1.79 0
18:36 747.52 15.89 48 .89 0
18:37 747.52 15.89 49 .89 0
18:38 747.52 15.83 49 .89 0
18:39 747.52 15.89 49 .89 0
18:40 747.52 15.83 49 .89 0
18:41 747.52 15.83 48 2.68 0
18:42 747.52 15.83 48 1.79 0
18:43 747.52 15.83 48 1.79 0
18:44 747.52 15.83 48 1.34 0
18:45 747.52 15.83 48 1.79 0
18:46 747.52 15.78 48 1.34 0
18:47 747.52 15.78 48 .89 0
18:48 747.52 15.78 49 1.79 0
18:49 747.52 15.78 49 1.34 0
18:50 747.52 15.78 50 2.24 0
18:51 747.52 15.78 49 1.34 0
18:52 747.52 15.72 50 1.34 0
18:53 747.52 15.72 50 .89 0
18:54 747.52 15.72 49 1.79 0
18:55 747.52 15.72 50 .89 0
18:56 747.52 15.72 50 2.24 0
18:57 747.52 15.72 50 .45 0
18:58 747.52 15.78 51 1.34 0
18:59 747.52 15.78 50 1.34 0
19:00 747.52 15.72 50 1.34 0
19:01 747.52 15.72 50 .89 0
19:02 747.52 15.72 50 .45 0
19:03 747.52 15.72 51 .89 0
19:04 747.52 15.72 51 .45 0
19:05 747.52 15.72 51 .45 0
19:06 747.78 15.72 51 .89 0
19:07 747.78 15.78 51 .45 0
19:08 747.78 15.72 51 1.34 0
19:09 747.78 15.72 50 .45 0
19:10 747.78 15.72 51 .89 0
19:11 747.78 15.72 52 .45 0
19:12 747.78 15.72 51 .89 0
19:13 747.78 15.72 51 .89 0
19:14 747.78 15.72 51 .45 0
19:15 747.78 15.67 51 1.34 0
19:16 747.78 15.67 52 .89 0
19:17 747.78 15.67 52 .45 0
19:18 747.78 15.61 53 .89 0
19:19 747.78 15.61 53 .89 0
19:20 747.78 15.67 53 .45 0
19:21 747.78 15.56 53 .89 0
19:22 747.78 15.56 53 .45 0
19:23 747.78 15.56 53 .45 0
19:24 747.78 15.56 54 .89 0
19:25 747.78 15.5 53 .45 0
19:26 747.78 15.5 54 .89 0
19:27 747.78 15.44 54 1.34 0
19:28 747.78 15.44 52 .89 0
19:29 747.78 15.39 53 .89 0
19:30 747.78 15.39 54 1.34 0
19:31 747.78 15.39 54 .89 0
19:32 747.78 15.39 54 .89 0
19:33 747.78 15.33 55 .89 0
19:34 747.78 15.33 54 .45 0
19:35 747.78 15.33 54 .89 0
19:36 747.78 15.33 54 .89 0
19:37 747.78 15.33 55 1.34 0
19:38 747.78 15.28 54 .89 0
19:39 747.78 15.28 55 .45 0
19:40 747.78 15.28 55 .89 0
19:41 747.78 15.22 54 .89 0
19:42 747.78 15.22 55 1.34 0
19:43 747.78 15.22 55 1.34 0
19:44 747.78 15.22 55 .89 0
19:45 747.52 15.17 55 1.34 0
19:46 747.78 15.17 56 1.34 0
19:47 747.52 15.17 57 1.34 0
19:48 747.78 15.17 57 1.79 0
19:49 747.78 15.11 56 1.79 0
19:50 747.78 15.11 56 1.34 0
19:51 747.78 15.11 57 1.34 0
19:52 747.78 15.11 56 1.79 0
19:53 747.78 15.11 57 1.34 0
19:54 747.78 15.06 56 .89 0
19:55 747.78 15.06 57 .89 0
19:56 747.78 15.06 57 .89 0
19:57 747.78 15.06 57 .89 0
19:58 747.78 15.06 57 .89 0
19:59 747.78 15.06 56 .89 0
20:00 747.78 15.06 57 .89 0
20:01 747.78 15.06 56 .89 0
20:02 747.78 15.06 57 1.34 0
20:03 747.78 15.06 56 1.34 0
20:04 747.78 15.06 57 .89 0
20:05 747.78 15.06 56 .89 0
20:06 747.78 15.06 56 1.34 0
20:07 747.78 15.06 56 1.34 0
20:08 747.78 15.06 56 .89 0
20:09 747.78 15.06 56 .89 0
20:10 747.78 15.06 56 1.34 0
20:11 747.78 15.06 56 1.34 0
20:12 747.78 15.06 56 1.79 0
20:13 747.78 15.06 56 .89 0
20:14 747.78 15.06 56 .89 0
20:15 747.78 15.11 57 .89 0
20:16 748.03 15.06 55 1.34 0
20:17 747.78 15.06 57 1.34 0
20:18 747.78 15 57 1.34 0
20:19 747.78 15 57 .89 0
20:20 747.78 15 57 1.79 0
20:21 747.78 14.94 56 .89 0
20:22 747.78 14.94 56 1.79 0
20:23 747.78 14.94 56 .89 0
20:24 748.03 14.94 56 1.34 0
20:25 748.03 14.89 56 1.34 0
20:26 748.03 14.89 57 1.34 0
20:27 747.78 14.83 56 1.34 0
20:28 748.03 14.83 57 .45 0
20:29 748.03 14.83 57 .89 0
20:30 747.78 14.78 58 .89 0
20:31 747.78 14.78 57 .89 0
20:32 748.03 14.78 58 .89 0
20:33 747.78 14.72 58 1.79 0
20:34 748.03 14.72 58 .89 0
20:35 748.03 14.67 59 1.34 0
20:36 748.03 14.67 59 1.34 0
20:37 748.03 14.61 58 1.34 0
20:38 748.03 14.61 59 .89 0
20:39 748.03 14.61 60 .89 0
20:40 748.03 14.56 59 .45 0
20:41 748.03 14.5 59 .89 0
20:42 748.03 14.5 58 .89 0
20:43 748.03 14.5 59 1.34 0
20:44 748.03 14.44 59 1.34 0
20:45 748.03 14.44 59 1.34 0
20:46 748.03 14.44 58 1.79 0
20:47 748.03 14.39 58 1.34 0
20:48 748.03 14.39 58 .89 0
20:49 748.03 14.28 59 1.34 0
20:50 748.03 14.33 59 1.79 0
20:51 748.03 14.28 59 .89 0
20:52 748.03 14.28 60 1.34 0
20:53 748.03 14.22 59 1.79 0
20:54 748.03 14.17 59 1.34 0
20:55 748.03 14.17 59 1.34 0
20:56 748.03 14.11 60 .89 0
20:57 748.03 14.11 59 1.79 0
20:58 748.03 14.06 60 1.34 0
20:59 748.03 14.06 60 1.79 0
21:00 748.03 14.06 60 1.34 0
21:01 748.03 14.06 60 1.34 0
21:02 748.03 14 60 1.34 0
21:03 748.03 13.94 60 1.79 0
21:04 748.03 13.94 59 1.34 0
21:05 748.03 13.94 60 1.34 0
21:06 748.03 13.89 60 .89 0
21:07 748.03 13.89 60 1.34 0
21:08 748.03 13.89 60 1.34 0
21:09 748.03 13.89 60 1.34 0
21:10 748.03 13.83 61 .89 0
21:11 748.03 13.83 60 .89 0
21:12 748.03 13.78 60 1.34 0
21:13 748.03 13.78 61 1.34 0
21:14 748.03 13.72 61 1.34 0
21:15 748.03 13.67 61 1.34 0
21:16 748.03 13.67 61 1.34 0
21:17 748.03 13.67 61 1.34 0
21:18 748.03 13.61 61 1.34 0
21:19 748.03 13.61 61 .89 0
21:20 748.03 13.56 62 1.34 0
21:21 748.03 13.56 62 1.34 0
21:22 748.03 13.56 61 .89 0
21:23 748.03 13.5 62 1.34 0
21:24 748.03 13.5 62 .89 0
21:25 748.03 13.5 62 1.34 0
21:26 748.03 13.44 62 1.34 0
21:27 748.03 13.44 62 1.34 0
21:28 748.03 13.39 62 1.34 0
21:29 748.03 13.39 62 .89 0
21:30 748.03 13.33 62 1.34 0
21:31 748.03 13.33 62 .89 0
21:32 748.03 13.33 62 1.34 0
21:33 748.03 13.28 62 1.34 0
21:34 748.03 13.28 62 1.34 0
21:35 748.03 13.28 62 1.34 0
21:36 748.03 13.28 62 1.34 0
21:37 748.03 13.28 62 1.34 0
21:38 748.03 13.22 62 1.34 0
21:39 748.03 13.22 63 1.34 0
21:40 748.03 13.17 63 1.34 0
21:41 748.03 13.17 63 1.34 0
21:42 748.03 13.17 63 1.34 0
21:43 748.03 13.17 63 1.34 0
21:44 748.03 13.11 63 1.34 0
21:45 748.03 13.11 63 1.34 0
21:46 748.03 13.11 62 1.34 0
21:47 748.03 13.11 63 1.34 0
21:48 748.03 13.11 63 1.34 0
21:49 748.03 13.06 63 1.34 0
21:50 748.03 13.06 63 1.34 0
21:51 748.03 13.06 62 1.34 0
21:52 748.28 13.06 63 1.34 0
21:53 748.28 13.06 63 1.79 0
21:54 748.28 13.06 62 1.79 0
21:55 748.28 13 63 1.34 0
21:56 748.28 13 63 1.79 0
21:57 748.28 12.94 63 1.34 0
21:58 748.03 12.94 63 1.34 0
21:59 748.03 12.94 63 1.34 0
22:00 748.03 12.89 64 1.34 0
22:01 748.03 12.89 63 1.34 0
22:02 748.03 12.89 64 1.34 0
22:03 748.28 12.83 64 1.34 0
22:04 748.28 12.83 64 .89 0
22:05 748.03 12.78 64 1.34 0
22:06 748.28 12.78 64 1.79 0
22:07 748.28 12.78 64 1.34 0
22:08 748.28 12.72 64 1.34 0
22:09 748.28 12.72 64 1.34 0
22:10 748.28 12.72 64 1.79 0
22:11 748.28 12.72 64 1.34 0
22:12 748.28 12.72 64 1.34 0
22:13 748.28 12.67 65 .89 0
22:14 748.28 12.67 65 1.79 0
22:15 748.28 12.67 65 1.34 0
22:16 748.28 12.61 65 1.34 0
22:17 748.28 12.61 65 1.34 0
22:18 748.28 12.56 65 .89 0
22:19 748.28 12.56 65 1.34 0
22:20 748.28 12.56 65 .89 0
22:21 748.28 12.56 65 1.34 0
22:22 748.28 12.56 66 1.34 0
22:23 748.28 12.5 66 1.34 0
22:24 748.28 12.5 65 1.34 0
22:25 748.28 12.5 66 .45 0
22:26 748.28 12.44 66 .89 0
22:27 748.28 12.44 66 1.34 0
22:28 748.28 12.44 66 .89 0
22:29 748.28 12.39 66 1.34 0
22:30 748.28 12.39 66 .89 0
22:31 748.28 12.39 67 1.34 0
22:32 748.28 12.33 66 .89 0
22:33 748.28 12.33 67 .89 0
22:34 748.28 12.33 66 1.34 0
22:35 748.28 12.28 66 1.79 0
22:36 748.28 12.33 66 .89 0
22:37 748.28 12.28 66 1.34 0
22:38 748.28 12.28 66 1.34 0
22:39 748.28 12.28 66 1.34 0
22:40 748.28 12.28 66 .89 0
22:41 748.28 12.28 66 .89 0
22:42 748.28 12.22 67 .89 0
22:43 748.28 12.22 67 .89 0
22:44 748.54 12.17 67 1.34 0
22:45 748.28 12.17 67 1.34 0
22:46 748.28 12.11 67 .89 0
22:47 748.28 12.11 68 .89 0
22:48 748.54 12.11 67 1.34 0
22:49 748.28 12.06 67 .89 0
22:50 748.54 12.06 68 .89 0
22:51 748.54 12 67 .89 0
22:52 748.54 12 68 .89 0
22:53 748.54 12 68 1.34 0
22:54 748.54 12 68 .89 0
22:55 748.54 12 69 .89 0
22:56 748.54 12 70 .89 0
22:57 748.54 11.94 70 .89 0
22:58 748.54 11.94 72 .45 0
22:59 748.54 11.83 73 .89 0
23:00 748.54 11.78 72 .45 0
23:01 748.54 11.67 73 .89 0
23:02 748.54 11.61 73 .45 0
23:03 748.54 11.56 74 .45 0
23:04 748.54 11.44 73 .45 0
23:05 748.54 11.44 73 .45 0
23:06 748.54 11.33 74 0 0
23:07 748.54 11.28 74 0 0
23:08 748.54 11.28 74 0 0
23:09 748.54 11.22 74 0 0
23:10 748.54 11.17 74 0 0
23:11 748.54 11.11 74 0 0
23:12 748.54 11.06 74 0 0
23:13 748.54 11 74 0 0
23:14 748.54 10.94 75 0 0
23:15 748.54 10.94 75 0 0
23:16 748.54 10.89 75 0 0
23:17 748.54 10.83 75 0 0
23:18 748.54 10.78 75 0 0
23:19 748.54 10.78 75 0 0
23:20 748.54 10.78 75 0 0
23:21 748.54 10.72 75 0 0
23:22 748.54 10.67 76 0 0
23:23 748.54 10.67 76 .45 0
23:24 748.54 10.61 76 .45 0
23:25 748.54 10.56 77 .45 0
23:26 748.54 10.56 77 .45 0
23:27 748.54 10.56 77 .45 0
23:28 748.54 10.5 77 .45 0
23:29 748.54 10.5 77 .45 0
23:30 748.54 10.44 78 0 0
23:31 748.54 10.44 78 0 0
23:32 748.54 10.44 78 0 0
23:33 748.54 10.39 78 0 0
23:34 748.54 10.33 78 0 0
23:35 748.54 10.33 78 0 0
23:36 748.54 10.33 78 0 0
23:37 748.54 10.28 78 0 0
23:38 748.54 10.28 77 0 0
23:39 748.54 10.28 77 0 0
23:40 748.54 10.22 77 0 0
23:41 748.54 10.22 78 0 0
23:42 748.79 10.22 78 0 0
23:43 748.79 10.17 78 0 0
23:44 748.79 10.17 78 0 0
23:45 748.79 10.17 78 0 0
23:46 748.79 10.17 78 0 0
23:47 748.79 10.17 78 0 0
23:48 748.79 10.11 78 0 0
23:49 748.79 10.11 78 0 0
23:50 748.79 10.11 78 0 0
23:51 748.79 10.11 78 0 0
23:52 748.79 10.06 78 0 0
23:53 748.79 10.06 78 0 0
23:54 748.79 10.06 78 0 0
23:55 748.79 10.06 79 0 0
23:56 748.79 10.06 79 0 0
23:57 748.79 10.06 79 0 0
23:58 748.79 10.06 79 0 0
23:59 748.79 10 79 .45 0
