00:00 750.1 -.2 91 1.3 0
00:01 750.1 -.2 90 .9 0
00:02 750.1 -.2 90 .9 0
00:03 750.1 -.2 90 .9 0
00:04 750.1 -.2 90 .4 0
00:05 750.1 -.2 90 .9 0
00:06 750.1 -.2 89 .9 0
00:07 750.1 -.2 89 .9 0
00:08 750.2 -.2 89 .9 0
00:09 750.1 -.1 89 1.3 0
00:10 750.1 -.1 88 1.3 0
00:11 750.2 -.1 88 1.8 0
00:12 750.1 -.1 88 .9 0
00:13 750.2 -.1 88 .9 0
00:14 750.1 -.1 88 .9 0
00:15 750.2 -.1 88 .9 0
00:16 750.2 -.1 88 .9 0
00:17 750.2 -.1 88 1.3 0
00:18 750.2 -.1 87 1.8 0
00:19 750.2 -.1 87 1.3 0
00:20 750.2 -.1 87 .9 0
00:21 750.2 0 87 1.3 0
00:22 750.2 0 88 1.3 0
00:23 750.2 0 88 1.3 0
00:24 750.2 -.1 88 1.3 0
00:25 750.3 -.1 88 1.8 0
00:26 750.3 -.1 88 2.2 0
00:27 750.3 -.1 86 2.2 0
00:28 750.3 0 86 1.8 0
00:29 750.4 0 86 1.3 0
00:30 750.4 .1 86 1.8 0
00:31 750.4 .1 86 1.8 0
00:32 750.4 .1 86 1.8 0
00:33 750.4 .1 85 3.1 0
00:34 750.5 .1 85 2.2 0
00:35 750.5 .1 85 1.8 0
00:36 750.5 .1 85 2.2 0
00:37 750.5 .1 85 1.8 0
00:38 750.5 .1 86 1.8 0
00:39 750.5 .1 85 2.7 0
00:40 750.5 .1 85 2.2 0
00:41 750.5 .1 84 2.2 0
00:42 750.6 .1 84 2.7 0
00:43 750.6 .1 84 3.1 0
00:44 750.6 .1 84 2.2 0
00:45 750.6 .1 84 2.7 0
00:46 750.6 .1 84 2.2 0
00:47 750.6 .1 84 1.8 0
00:48 750.6 .1 85 2.2 0
00:49 750.6 .1 85 4 0
00:50 750.6 .1 84 3.6 0
00:51 750.6 .1 83 3.6 0
00:52 750.6 .1 84 3.1 0
00:53 750.5 .1 84 3.1 0
00:54 750.6 .1 84 2.7 0
00:55 750.6 .1 84 1.8 0
00:56 750.6 .1 84 1.8 0
00:57 750.6 .1 84 1.8 0
00:58 750.6 .1 85 1.3 0
00:59 750.6 .1 85 1.3 0
01:00 750.5 .1 85 1.8 0
01:01 750.5 .1 85 1.8 0
01:02 750.5 .1 85 1.3 0
01:03 750.5 .1 85 1.3 0
01:04 750.5 .1 85 1.8 0
01:05 750.5 .1 85 1.3 0
01:06 750.5 .1 85 1.3 0
01:07 750.6 .1 85 1.3 0
01:08 750.5 0 86 1.8 0
01:09 750.5 0 85 1.8 0
01:10 750.5 0 85 2.7 0
01:11 750.6 0 85 3.6 0
01:12 750.6 0 85 3.6 0
01:13 750.6 0 85 2.2 0
01:14 750.6 -.1 85 1.3 0
01:15 750.6 0 84 3.6 0
01:16 750.6 0 84 3.6 0
01:17 750.7 0 83 3.6 0
01:18 750.6 .1 83 2.2 0
01:19 750.7 .1 83 1.8 0
01:20 750.7 .1 84 3.6 0
01:21 750.7 .1 83 3.6 0
01:22 750.8 .1 83 2.7 0
01:23 750.8 .1 83 3.6 0
01:24 750.7 .1 83 4.5 0
01:25 750.8 .1 83 3.6 0
01:26 750.7 .1 83 2.2 0
01:27 750.7 .1 83 1.8 0
01:28 750.7 .1 83 1.8 0
01:29 750.8 .1 83 2.2 0
01:30 750.8 .1 83 2.2 0
01:31 750.8 .1 83 2.2 0
01:32 750.8 .1 84 2.2 0
01:33 750.8 .1 84 1.3 0
01:34 750.8 .1 84 1.3 0
01:35 750.8 .1 84 1.3 0
01:36 750.8 0 85 1.8 0
01:37 750.8 .1 84 1.3 0
01:38 750.8 0 85 1.3 0
01:39 750.8 0 84 1.3 0
01:40 750.8 0 85 2.2 0
01:41 750.8 0 84 2.2 0
01:42 750.8 0 85 1.8 0
01:43 750.9 0 85 1.8 0
01:44 750.9 0 85 1.3 0
01:45 750.9 0 85 .9 0
01:46 751 0 85 .9 0
01:47 751 0 85 .9 0
01:48 751 0 85 .9 0
01:49 751 .1 85 .9 0
01:50 751 .1 85 .9 0
01:51 751 .1 84 .9 0
01:52 751 .1 84 .9 0
01:53 751 .1 84 .9 0
01:54 751 .1 84 .9 0
01:55 751 .1 84 1.3 0
01:56 751 .1 84 1.3 0
01:57 751 .1 85 1.3 0
01:58 751.1 .1 85 1.3 0
01:59 751.1 .1 85 .9 0
02:00 751.1 0 85 .9 0
02:01 751 0 85 .9 0
02:02 751 -.1 86 .9 0
02:03 751 -.1 85 .9 0
02:04 751.1 -.1 86 1.3 0
02:05 751 -.1 85 1.3 0
02:06 751 -.1 86 1.3 0
02:07 751.1 -.1 86 1.3 0
02:08 751 -.1 86 1.3 0
02:09 751.1 -.1 86 1.3 0
02:10 751.1 -.1 86 1.3 0
02:11 751 -.1 86 1.3 0
02:12 751 -.2 86 1.3 0
02:13 751 -.2 87 1.3 0
02:14 750.9 -.2 87 1.3 0
02:15 750.9 -.2 87 1.8 0
02:16 750.9 -.2 87 1.8 0
02:17 751 -.2 87 1.3 0
02:18 751 -.2 87 1.8 0
02:19 751 -.2 87 1.3 0
02:20 751 -.2 87 .9 0
02:21 751 -.2 87 1.3 0
02:22 751 -.2 87 1.3 0
02:23 751 -.2 87 2.7 0
02:24 751 -.2 87 1.8 0
02:25 750.9 -.2 86 2.2 0
02:26 751 -.2 86 1.8 0
02:27 751 -.2 86 2.2 0
02:28 751 -.2 86 2.2 0
02:29 751 -.2 86 2.2 0
02:30 751 -.2 86 1.8 0
02:31 751 -.2 86 2.2 0
02:32 751.1 -.2 86 1.8 0
02:33 751.1 -.2 86 1.8 0
02:34 751.1 -.2 86 .9 0
02:35 751.1 -.2 86 1.3 0
02:36 751.1 -.2 86 1.3 0
02:37 751.1 -.2 86 1.3 0
02:38 751.1 -.2 86 .9 0
02:39 751.1 -.2 86 .9 0
02:40 751.1 -.2 86 .4 0
02:41 751.1 -.2 86 .9 0
02:42 751.1 -.2 86 .4 0
02:43 751.1 -.2 86 .9 0
02:44 751.1 -.2 86 .9 0
02:45 751.2 -.2 86 1.3 0
02:46 751.2 -.2 86 1.3 0
02:47 751.1 -.2 86 1.3 0
02:48 751.2 -.3 86 1.3 0
02:49 751.1 -.3 86 1.3 0
02:50 751.1 -.3 86 1.8 0
02:51 751.2 -.3 86 1.8 0
02:52 751.2 -.3 86 1.8 0
02:53 751.2 -.3 86 1.3 0
02:54 751.2 -.3 86 1.3 0
02:55 751.2 -.3 86 .9 0
02:56 751.2 -.3 86 .9 0
02:57 751.3 -.3 86 .9 0
02:58 751.2 -.3 86 .4 0
02:59 751.2 -.3 87 .9 0
03:00 751.2 -.3 86 .9 0
03:01 751.3 -.3 87 .4 0
03:02 751.2 -.3 87 .4 0
03:03 751.2 -.3 87 .9 0
03:04 751.3 -.2 87 .9 0
03:05 751.3 -.2 87 .9 0
03:06 751.3 -.2 87 .4 0
03:07 751.3 -.2 87 .4 0
03:08 751.3 -.2 87 .9 0
03:09 751.2 -.2 87 .9 0
03:10 751.2 -.1 87 .9 0
03:11 751.2 -.1 87 .9 0
03:12 751.2 -.1 86 .9 0
03:13 751.3 -.1 86 .9 0
03:14 751.2 -.1 86 .9 0
03:15 751.2 -.1 86 .4 0
03:16 751.2 -.1 86 .4 0
03:17 751.3 -.1 87 .9 0
03:18 751.3 -.1 87 .9 0
03:19 751.3 -.1 87 .9 0
03:20 751.2 -.1 87 .4 0
03:21 751.3 -.1 87 .4 0
03:22 751.3 -.1 87 .9 0
03:23 751.2 0 87 1.3 0
03:24 751.3 0 86 .9 0
03:25 751.3 0 86 .9 0
03:26 751.3 0 87 .9 0
03:27 751.3 0 87 .4 0
03:28 751.3 .1 86 1.3 0
03:29 751.2 .1 86 1.3 0
03:30 751.3 .1 86 1.3 0
03:31 751.3 .1 86 .9 0
03:32 751.3 .1 86 .9 0
03:33 751.4 0 86 .9 0
03:34 751.3 0 86 .9 0
03:35 751.3 0 86 1.3 0
03:36 751.4 0 85 .4 0
03:37 751.3 0 85 .9 0
03:38 751.4 -.1 85 .9 0
03:39 751.4 -.1 86 .9 0
03:40 751.4 -.1 85 .4 0
03:41 751.4 0 86 .4 0
03:42 751.4 0 86 .4 0
03:43 751.4 0 86 .4 0
03:44 751.4 0 86 .9 0
03:45 751.5 0 86 1.3 0
03:46 751.4 0 85 1.3 0
03:47 751.4 0 85 1.3 0
03:48 751.5 0 85 .9 0
03:49 751.5 -.1 85 .9 0
03:50 751.5 -.1 85 .4 0
03:51 751.5 -.1 86 .4 0
03:52 751.6 -.1 85 .4 0
03:53 751.6 -.1 85 .9 0
03:54 751.6 -.1 85 .9 0
03:55 751.5 -.1 85 .4 0
03:56 751.6 -.1 86 .4 0
03:57 751.6 -.1 86 .9 0
03:58 751.6 -.1 85 .9 0
03:59 751.6 -.1 85 1.3 0
04:00 751.5 -.1 85 1.8 0
04:01 751.5 -.1 84 2.2 0
04:02 751.6 -.1 84 2.7 0
04:03 751.6 -.2 84 2.2 0
04:04 751.5 -.2 84 1.8 0
04:05 751.5 -.2 84 1.8 0
04:06 751.5 -.2 84 1.3 0
04:07 751.5 -.2 85 .9 0
04:08 751.5 -.2 84 1.3 0
04:09 751.5 -.1 84 1.3 0
04:10 751.6 -.1 84 .9 0
04:11 751.5 -.1 84 .9 0
04:12 751.5 -.1 84 .9 0
04:13 751.5 -.1 84 .9 0
04:14 751.6 -.1 84 .9 0
04:15 751.5 -.1 84 .9 0
04:16 751.5 -.1 85 .4 0
04:17 751.5 -.1 84 .9 0
04:18 751.5 -.1 85 .4 0
04:19 751.5 -.1 85 .4 0
04:20 751.5 -.1 85 .4 0
04:21 751.5 -.1 85 .4 0
04:22 751.5 -.1 84 .9 0
04:23 751.5 -.1 84 .9 0
04:24 751.5 -.1 85 .4 0
04:25 751.5 -.1 85 1.3 0
04:26 751.6 -.1 85 1.3 0
04:27 751.6 -.1 85 .9 0
04:28 751.6 -.1 85 1.3 0
04:29 751.6 -.2 85 .4 0
04:30 751.6 -.2 85 .9 0
04:31 751.6 -.2 85 .4 0
04:32 751.6 -.2 85 .4 0
04:33 751.6 -.1 86 .9 0
04:34 751.6 -.1 85 .9 0
04:35 751.5 -.1 85 1.3 0
04:36 751.6 -.1 85 1.3 0
04:37 751.6 -.1 84 .9 0
04:38 751.6 -.2 84 .9 0
04:39 751.6 -.2 85 .4 0
04:40 751.6 -.2 85 .9 0
04:41 751.6 -.2 85 .9 0
04:42 751.6 -.2 85 .9 0
04:43 751.6 -.2 85 .4 0
04:44 751.6 -.2 85 .9 0
04:45 751.6 -.2 85 .9 0
04:46 751.6 -.2 85 .9 0
04:47 751.6 -.2 85 1.3 0
04:48 751.6 -.2 85 .9 0
04:49 751.6 -.2 85 1.3 0
04:50 751.6 -.2 85 1.3 0
04:51 751.6 -.2 85 .9 0
04:52 751.6 -.2 85 .9 0
04:53 751.5 -.2 85 .9 0
04:54 751.6 -.2 85 .9 0
04:55 751.6 -.2 85 .4 0
04:56 751.6 -.2 85 .9 0
04:57 751.6 -.2 85 .9 0
04:58 751.6 -.2 85 .9 0
04:59 751.6 -.2 85 1.3 0
05:00 751.6 -.2 85 .9 0
05:01 751.6 -.2 85 .9 0
05:02 751.6 -.2 85 1.3 0
05:03 751.6 -.2 85 .9 0
05:04 751.6 -.2 85 .9 0
05:05 751.6 -.2 85 1.3 0
05:06 751.6 -.1 85 .4 0
05:07 751.6 -.1 85 .9 0
05:08 751.6 -.1 85 .9 0
05:09 751.6 -.1 85 .4 0
05:10 751.6 -.1 85 .4 0
05:11 751.6 -.1 85 .4 0
05:12 751.7 -.1 86 .4 0
05:13 751.7 -.1 85 .4 0
05:14 751.7 -.1 86 .4 0
05:15 751.7 -.1 85 .9 0
05:16 751.7 -.1 85 .4 0
05:17 751.7 -.1 86 .4 0
05:18 751.7 -.1 86 .4 0
05:19 751.7 -.1 86 .9 0
05:20 751.7 -.1 85 .9 0
05:21 751.7 -.1 85 .9 0
05:22 751.7 -.1 85 .9 0
05:23 751.7 -.1 86 .4 0
05:24 751.7 -.2 86 .4 0
05:25 751.7 -.1 85 .4 0
05:26 751.7 -.2 86 .9 0
05:27 751.8 -.2 85 1.3 0
05:28 751.8 -.2 85 .4 0
05:29 751.8 -.2 86 .4 0
05:30 751.8 -.2 86 .4 0
05:31 751.8 -.1 86 .4 0
05:32 751.8 -.1 87 0 0
05:33 751.9 -.1 86 0 0
05:34 751.8 -.1 86 .4 0
05:35 751.8 -.1 86 0 0
05:36 751.8 0 86 0 0
05:37 751.9 0 86 0 0
05:38 751.9 0 86 .4 0
05:39 751.9 .1 86 0 0
05:40 751.9 .1 86 0 0
05:41 752 .1 86 0 0
05:42 752 .1 86 0 0
05:43 752 .1 86 0 0
05:44 752 .2 86 0 0
05:45 752 .2 86 0 0
05:46 752 .2 85 0 0
05:47 752 .2 85 0 0
05:48 752 .2 86 0 0
05:49 752 .2 86 .4 0
05:50 752 .2 84 .9 0
05:51 752 .1 84 .9 0
05:52 752 .1 84 .4 0
05:53 752 .1 84 .4 0
05:54 752 .1 85 .9 0
05:55 752 .1 85 .9 0
05:56 752 0 85 .9 0
05:57 752 0 85 .4 0
05:58 752 -.1 85 .4 0
05:59 752 -.1 85 .9 0
06:00 752 -.1 84 .9 0
06:01 752 -.1 85 .4 0
06:02 752 -.1 85 .9 0
06:03 752 -.1 85 .4 0
06:04 752 -.1 85 .4 0
06:05 752 -.1 85 .4 0
06:06 752 -.2 85 1.3 0
06:07 752 -.2 85 .9 0
06:08 752 -.2 85 .9 0
06:09 752 -.2 85 1.3 0
06:10 752 -.2 85 1.3 0
06:11 752 -.2 85 1.8 0
06:12 752 -.2 85 .9 0
06:13 752 -.2 85 .9 0
06:14 752 -.2 86 .9 0
06:15 752 -.2 86 .4 0
06:16 752 -.1 86 .4 0
06:17 752 -.1 87 .4 0
06:18 752 -.1 86 .9 0
06:19 752 -.1 86 .4 0
06:20 752 -.1 86 .9 0
06:21 752 -.1 86 .9 0
06:22 752 0 86 .4 0
06:23 752.1 0 86 .4 0
06:24 752.1 0 86 .4 0
06:25 752 .1 86 .9 0
06:26 752.1 .1 86 .9 0
06:27 752.1 .1 86 .9 0
06:28 752.1 .1 86 .4 0
06:29 752.1 .1 86 .9 0
06:30 752.1 .1 85 .9 0
06:31 752.1 0 86 .9 0
06:32 752.1 0 86 .4 0
06:33 752.2 -.1 86 .4 0
06:34 752.1 0 87 0 0
06:35 752.1 0 87 0 0
06:36 752.1 .1 87 0 0
06:37 752.1 .1 86 0 0
06:38 752.1 .1 86 0 0
06:39 752.1 .1 86 0 0
06:40 752.2 .1 86 0 0
06:41 752.1 .1 86 0 0
06:42 752.1 .1 86 0 0
06:43 752.1 .1 86 0 0
06:44 752.2 .1 86 0 0
06:45 752.1 0 86 0 0
06:46 752.1 0 86 0 0
06:47 752.1 0 86 .4 0
06:48 752.1 -.1 86 .4 0
06:49 752.1 -.1 86 .9 0
06:50 752.2 -.1 86 .4 0
06:51 752.1 -.1 86 .4 0
06:52 752.1 -.1 86 .4 0
06:53 752.1 -.1 86 .9 0
06:54 752.1 -.1 86 .9 0
06:55 752.1 -.1 86 .9 0
06:56 752.1 -.1 86 .9 0
06:57 752.1 -.1 86 .9 0
06:58 752.1 -.1 86 .4 0
06:59 752.1 -.1 87 .9 0
07:00 752.1 -.2 86 .9 0
07:01 752.1 -.2 87 .9 0
07:02 752.1 -.1 87 .9 0
07:03 752.1 -.1 87 .9 0
07:04 752.1 -.1 86 .4 0
07:05 752.1 -.1 86 .9 0
07:06 752.1 -.1 87 .9 0
07:07 752.1 -.2 86 .9 0
07:08 752.1 -.2 86 .9 0
07:09 752.1 -.2 87 .4 0
07:10 752.1 -.1 87 .4 0
07:11 752.1 -.1 87 .4 0
07:12 752.1 -.1 86 .9 0
07:13 752.1 -.1 86 1.3 0
07:14 752.1 -.2 86 .9 0
07:15 752.1 -.2 86 .9 0
07:16 752.1 -.2 87 .4 0
07:17 752.1  88 .9 0
07:18 752.1 -.2 87 .9 0
07:19 752 -.1 87 .9 0
07:20 752.1 -.1 86 .9 0
07:21 752.1 -.1 86 .4 0
07:22 752.1 -.1 87 .9 0
07:23 752 -.2 86 1.3 0
07:24 752.1 -.2 86 .9 0
07:25 752.1 -.2 86 .9 0
07:26 752.1 -.2 86 .9 0
07:27 752.1 -.2 86 .4 0
07:28 752.2 -.2 86 1.3 0
07:29 752.1 -.2 85 1.8 0
07:30 752.1 -.2 86 .9 0
07:31 752.2 -.2 86 .9 0
07:32 752.2 -.2 86 1.3 0
07:33 752.2 -.2 85 1.8 0
07:34 752.2 -.2 85 1.3 0
07:35 752.2 -.2 85 1.8 0
07:36 752.2 -.2 85 1.3 0
07:37 752.2 -.2 85 .9 0
07:38 752.2 -.2 86 .9 0
07:39 752.2 -.2 86 .4 0
07:40 752.2 -.2 86 .9 0
07:41 752.3 -.2 86 .4 0
07:42 752.3 -.1 86 .4 0
07:43 752.2 -.2 85 1.3 0
07:44 752.3 -.2 85 1.8 0
07:45 752.3 -.2 85 1.3 0
07:46 752.2 -.2 85 1.3 0
07:47 752.2 -.2 85 1.3 0
07:48 752.2 -.2 85 1.8 0
07:49 752.3 -.2 85 1.8 0
07:50 752.3 -.2 85 1.3 0
07:51 752.2 -.2 85 2.2 0
07:52 752.2 -.2 85 1.3 0
07:53 752.2 -.2 85 1.3 0
07:54 752.3 -.2 85 1.3 0
07:55 752.2 -.2 85 1.3 0
07:56 752.3 -.2 85 .9 0
07:57 752.3 -.2 85 1.3 0
07:58 752.3 -.2 85 1.3 0
07:59 752.3 -.2 85 1.8 0
08:00 752.3 -.2 85 1.8 0
08:01 752.3 -.3 85 1.3 0
08:02 752.3 -.3 85 1.8 0
08:03 752.2 -.3 85 1.3 0
08:04 752.3 -.3 85 1.3 0
08:05 752.3 -.3 85 1.8 0
08:06 752.2 -.3 85 1.3 0
08:07 752.3 -.3 85 1.3 0
08:08 752.2 -.3 85 1.8 0
08:09 752.3 -.3 86 1.3 0
08:10 752.2 -.3 86 1.3 0
08:11 752.2 -.4 86 1.3 0
08:12 752.2 -.4 86 .9 0
08:13 752.3 -.4 86 .9 0
08:14 752.3 -.3 86 1.3 0
08:15 752.3 -.3 86 1.3 0
08:16 752.3 -.4 86 .4 0
08:17 752.3 -.3 86 1.3 0
08:18 752.2 -.4 86 1.3 0
08:19 752.3 -.4 86 1.8 0
08:20 752.2 -.4 86 .9 0
08:21 752.2 -.4 86 1.8 0
08:22 752.3 -.4 86 1.8 0
08:23 752.3 -.4 86 2.2 0
08:24 752.2 -.4 86 2.2 0
08:25 752.3 -.4 86 1.3 0
08:26 752.3 -.4 86 2.2 0
08:27 752.3 -.4 86 1.8 0
08:28 752.3 -.4 86 .9 0
08:29 752.3 -.4 86 .9 0
08:30 752.3 -.4 86 .9 0
08:31 752.3 -.4 86 1.8 0
08:32 752.4 -.4 86 .4 0
08:33 752.3 -.4 86 1.3 0
08:34 752.4 -.4 86 1.3 0
08:35 752.4 -.4 86 1.8 0
08:36 752.4 -.4 86 1.3 0
08:37 752.4 -.4 86 .9 0
08:38 752.4 -.4 86 1.3 0
08:39 752.4 -.4 87 .9 0
08:40 752.4 -.4 86 1.8 0
08:41 752.4 -.4 86 1.8 0
08:42 752.4 -.4 86 .9 0
08:43 752.4 -.4 86 1.3 0
08:44 752.4 -.4 86 1.8 0
08:45 752.4 -.4 86 1.3 0
08:46 752.4 -.4 86 .4 0
08:47 752.4 -.4 86 1.8 0
08:48 752.4 -.4 86 1.3 0
08:49 752.4 -.4 86 .9 0
08:50 752.4 -.3 87 1.3 0
08:51 752.4 -.3 86 1.3 0
08:52 752.4 -.3 86 1.3 0
08:53 752.4 -.3 86 2.2 0
08:54 752.4 -.3 86 1.3 0
08:55 752.4 -.3 86 1.8 0
08:56 752.4 -.3 86 2.2 0
08:57 752.5 -.3 86 1.8 0
08:58 752.4 -.3 86 1.8 0
08:59 752.4 -.4 86 1.3 0
09:00 752.4 -.3 86 1.3 0
09:01 752.5 -.4 86 1.3 0
09:02 752.4 -.4 86 1.3 0
09:03 752.5 -.3 87 .9 0
09:04 752.5 -.3 87 .9 0
09:05 752.5 -.3 86 .9 0
09:06 752.5 -.3 86 1.3 0
09:07 752.5 -.3 86 2.2 0
09:08 752.5 -.4 86 1.3 0
09:09 752.6 -.4 87 .4 0
09:10 752.5 -.4 86 .4 0
09:11 752.5 -.3 87 1.3 0
09:12 752.5 -.3 86 1.8 0
09:13 752.5 -.3 86 1.8 0
09:14 752.5 -.4 86 1.8 0
09:15 752.5 -.4 86 1.3 0
09:16 752.5 -.4 86 1.3 0
09:17 752.5 -.4 87 .9 0
09:18 752.6 -.4 87 1.8 0
09:19 752.5 -.4 86 1.3 0
09:20 752.5 -.4 87 .9 0
09:21 752.5 -.4 87 1.8 0
09:22 752.5 -.4 86 1.8 0
09:23 752.6 -.4 86 1.3 0
09:24 752.6 -.4 87 1.8 0
09:25 752.5 -.3 86 1.3 0
09:26 752.6 -.3 86 1.8 0
09:27 752.5 -.3 87 .9 0
09:28 752.6 -.3 87 .9 0
09:29 752.5 -.3 87 1.3 0
09:30 752.5 -.3 87 .9 0
09:31 752.6 -.3 87 1.8 0
09:32 752.6 -.3 86 2.2 0
09:33 752.5 -.3 86 2.2 0
09:34 752.5 -.3 86 1.3 0
09:35 752.6 -.3 86 1.3 0
09:36 752.6 -.3 86 1.3 0
09:37 752.6 -.3 86 1.3 0
09:38 752.6 -.3 87 .9 0
09:39 752.7 -.3 87 1.3 0
09:40 752.6 -.2 87 .9 0
09:41 752.7 -.2 86 1.3 0
09:42 752.6 -.2 86 2.7 0
09:43 752.6 -.2 86 2.2 0
09:44 752.6 -.3 86 .9 0
09:45 752.6 -.3 87 1.3 0
09:46 752.6 -.3 86 1.8 0
09:47 752.6 -.3 87 1.3 0
09:48 752.6 -.3 87 1.8 0
09:49 752.6 -.3 87 2.2 0
09:50 752.7 -.3 87 2.2 0
09:51 752.6 -.3 87 1.3 0
09:52 752.6 -.3 87 1.3 0
09:53 752.6 -.2 87 .9 0
09:54 752.6 -.2 87 2.2 0
09:55 752.6 -.2 87 1.8 0
09:56 752.6 -.2 87 1.8 0
09:57 752.7 -.2 87 1.8 0
09:58 752.6 -.2 87 .9 0
09:59 752.6 -.2 87 .9 0
10:00 752.6 -.2 87 1.3 0
10:01 752.6 -.2 87 .9 0
10:02 752.5 -.2 86 1.3 0
10:03 752.5 -.1 87 .9 0
10:04 752.5 -.1 87 .9 0
10:05 752.5 -.1 87 .9 0
10:06 752.5 -.1 86 .9 0
10:07 752.5 -.1 86 1.3 0
10:08 752.6 -.1 87 1.8 0
10:09 752.5 -.1 86 2.7 0
10:10 752.6 -.2 86 1.8 0
10:11 752.6 -.2 86 1.3 0
10:12 752.6 -.2 87 2.2 0
10:13 752.6 -.2 87 1.8 0
10:14 752.6 -.2 87 1.8 0
10:15 752.6 -.2 87 .9 0
10:16 752.6 -.2 87 .9 0
10:17 752.6 -.2 87 1.3 0
10:18 752.6 -.2 87 2.2 0
10:19 752.7 -.2 87 1.8 0
10:20 752.6 -.3 87 1.8 0
10:21 752.6 -.3 87 .9 0
10:22 752.6 -.2 87 .9 0
10:23 752.6 -.2 87 1.8 0
10:24 752.6 -.2 87 1.8 0
10:25 752.6 -.3 87 2.2 0
10:26 752.6 -.3 87 .9 0
10:27 752.6 -.3 87 2.7 0
10:28 752.6 -.3 87 1.8 0
10:29 752.6 -.3 87 .9 0
10:30 752.6 -.3 87 1.3 0
10:31 752.6 -.3 87 1.8 0
10:32 752.5 -.2 87 1.8 0
10:33 752.5 -.2 87 .9 0
10:34 752.6 -.2 87 1.3 0
10:35 752.6 -.2 87 1.3 0
10:36 752.6 -.2 87 .9 0
10:37 752.6 -.2 87 .9 0
10:38 752.6 -.2 87 .4 0
10:39 752.5 -.2 87 .9 0
10:40 752.6 -.1 87 2.2 0
10:41 752.6 -.2 86 1.8 0
10:42 752.5 -.2 86 1.3 0
10:43 752.6 -.2 87 1.8 0
10:44 752.6 -.2 87 1.3 0
10:45 752.6 -.2 87 1.8 0
10:46 752.6 -.2 86 1.3 0
10:47 752.6 -.2 86 2.2 0
10:48 752.5 -.2 86 2.2 0
10:49 752.5 -.2 86 2.7 0
10:50 752.6 -.2 86 3.6 0
10:51 752.5 -.2 86 2.7 0
10:52 752.5 -.2 86 1.3 0
10:53 752.6 -.2 86 1.3 0
10:54 752.5 -.2 87 1.3 0
10:55 752.5 -.2 87 .9 0
10:56 752.5 -.1 87 .9 0
10:57 752.5 -.1 86 1.8 0
10:58 752.5 -.1 86 1.3 0
10:59 752.4 -.1 86 1.3 0
11:00 752.4 -.1 86 1.3 0
11:01 752.4 -.1 86 1.8 0
11:02 752.4 -.1 86 1.3 0
11:03 752.4 -.1 86 1.8 0
11:04 752.4 -.1 86 .9 0
11:05 752.4 -.1 86 .9 0
11:06 752.4 -.1 86 1.3 0
11:07 752.4 -.1 86 1.8 0
11:08 752.4 -.1 86 2.2 0
11:09 752.4 -.1 85 1.8 0
11:10 752.4 -.1 86 .9 0
11:11 752.4 -.1 86 .9 0
11:12 752.4 -.1 86 1.8 0
11:13 752.4 -.1 86 2.2 0
11:14 752.4 -.1 86 1.8 0
11:15 752.4 -.1 86 1.8 0
11:16 752.4 -.1 86 1.8 0
11:17 752.4 -.1 86 1.8 0
11:18 752.4 -.1 86 .9 0
11:19 752.4 -.1 86 1.8 0
11:20 752.4 -.1 86 2.2 0
11:21 752.4 -.1 86 1.8 0
11:22 752.4 -.1 86 1.8 0
11:23 752.4 -.1 86 2.7 0
11:24 752.4 -.1 86 1.3 0
11:25 752.4 -.1 86 1.3 0
11:26 752.4 -.1 86 1.8 0
11:27 752.4 -.1 86 1.8 0
11:28 752.4 -.1 86 1.8 0
11:29 752.4 -.1 86 1.8 0
11:30 752.4 -.1 86 2.2 0
11:31 752.4 -.1 85 2.2 0
11:32 752.4 -.1 85 1.3 0
11:33 752.5 -.1 86 1.3 0
11:34 752.4 -.1 86 2.2 0
11:35 752.4 -.1 85 1.8 0
11:36 752.4 -.1 86 1.8 0
11:37 752.4 -.1 85 2.2 0
11:38 752.4 -.1 86 1.8 0
11:39 752.4 -.1 86 1.8 0
11:40 752.4 -.1 86 1.8 0
11:41 752.4 -.1 86 1.8 0
11:42 752.3 -.1 86 1.8 0
11:43 752.4 -.1 86 1.8 0
11:44 752.4 -.1 86 1.8 0
11:45 752.4 -.1 86 1.8 0
11:46 752.4 -.1 86 1.3 0
11:47 752.4 -.1 86 1.3 0
11:48 752.4 -.1 86 1.3 0
11:49 752.4 -.1 86 1.3 0
11:50 752.3 -.1 86 2.2 0
11:51 752.4 -.1 86 1.8 0
11:52 752.4 -.1 86 1.3 0
11:53 752.4 -.1 86 1.8 0
11:54 752.4 -.1 86 1.8 0
11:55 752.4 -.1 86 2.2 0
11:56 752.4 -.1 86 1.3 0
11:57 752.4 -.1 86 2.2 0
11:58 752.4 -.1 85 2.7 0
11:59 752.4 -.1 85 2.2 0
12:00 752.4 -.1 86 2.2 0
12:01 752.4 -.1 85 2.2 0
12:02 752.4 -.1 85 1.3 0
12:03 752.4 -.1 86 3.1 0
12:04 752.4 -.1 85 2.2 0
12:05 752.4 -.1 85 2.2 0
12:06 752.4 -.1 85 1.3 0
12:07 752.4 -.1 85 1.3 0
12:08 752.4 -.1 85 1.8 0
12:09 752.4 0 85 1.3 0
12:10 752.3 0 85 1.3 0
12:11 752.3 0 85 1.8 0
12:12 752.3 .1 85 2.2 0
12:13 752.3 .1 85 2.7 0
12:14 752.3 .1 85 1.8 0
12:15 752.4 .1 85 1.8 0
12:16 752.3 .1 85 2.2 0
12:17 752.3 .1 85 2.7 0
12:18 752.3 .1 85 2.2 0
12:19 752.2 .1 85 1.3 0
12:20 752.3 .1 85 2.2 0
12:21 752.3 .1 85 2.2 0
12:22 752.3 .1 85 2.2 0
12:23 752.3 .1 85 2.2 0
12:24 752.2 0 84 3.6 0
12:25 752.2 0 84 2.2 0
12:26 752.3 0 85 1.8 0
12:27 752.2 .1 85 1.8 0
12:28 752.2 .1 85 1.8 0
12:29 752.2 .1 85 1.3 0
12:30 752.2 .1 85 1.8 0
12:31 752.2 0 84 2.2 0
12:32 752.2 0 85 1.3 0
12:33 752.2 0 85 1.8 0
12:34 752.2 .1 85 1.8 0
12:35 752.2 .1 85 1.8 0
12:36 752.2 .1 85 1.3 0
12:37 752.2 0 85 3.1 0
12:38 752.2 0 85 2.2 0
12:39 752.2 0 85 2.2 0
12:40 752.3 0 85 2.7 0
12:41 752.2 0 85 1.8 0
12:42 752.2 0 85 2.7 0
12:43 752.2 0 85 2.7 0
12:44 752.2 0 85 2.2 0
12:45 752.2 0 85 2.7 0
12:46 752.2 0 85 1.8 0
12:47 752.2 0 85 2.2 0
12:48 752.2 0 85 1.8 0
12:49 752.2 0 85 .9 0
12:50 752.1 .1 85 1.3 0
12:51 752.2 .1 85 1.8 0
12:52 752.1 .1 85 2.7 0
12:53 752.1 .1 85 1.8 0
12:54 752.1 .1 85 2.2 0
12:55 752.1 .1 85 2.2 0
12:56 752.1 .1 85 4 0
12:57 752.2 .1 85 3.1 0
12:58 752.2 0 85 2.2 0
12:59 752.2 0 85 2.2 0
13:00 752.1 0 85 1.8 0
13:01 752.1 0 85 2.7 0
13:02 752.1 0 85 2.2 0
13:03 752.1 .1 85 1.8 0
13:04 752.1 .1 85 1.8 0
13:05 752.1 .1 85 2.2 0
13:06 752.1 .1 85 4.5 0
13:07 752 0 84 3.1 0
13:08 752.1 0 85 2.2 0
13:09 752 0 85 1.8 0
13:10 752.1 .1 85 2.7 0
13:11 752.1 0 85 2.2 0
13:12 752 .1 85 2.7 0
13:13 752 0 85 2.2 0
13:14 752.1 .1 85 2.7 0
13:15 752.1 .1 84 3.1 0
13:16 752 .1 85 1.8 0
13:17 752 .1 85 1.3 0
13:18 752 .1 85 1.8 0
13:19 752 .1 85 1.8 0
13:20 752 .1 85 2.2 0
13:21 752 .1 84 3.1 0
13:22 752 .1 84 3.6 0
13:23 751.9 .1 84 4 0
13:24 752 .1 85 2.2 0
13:25 752 .1 85 1.8 0
13:26 751.9 .1 84 3.6 0
13:27 751.9 0 84 4.9 0
13:28 751.9 0 85 3.1 0
13:29 752 0 85 2.2 0
13:30 752 0 85 3.6 0
13:31 751.9 0 84 3.6 0
13:32 751.9 0 85 2.7 0
13:33 751.9 0 84 3.6 0
13:34 752 0 85 2.7 0
13:35 751.9 0 84 2.2 0
13:36 751.9 0 85 2.2 0
13:37 751.9 0 85 2.7 0
13:38 751.9 0 84 3.6 0
13:39 751.9 0 84 4 0
13:40 751.9 0 84 4 0
13:41 751.9 .1 84 3.6 0
13:42 751.8 0 84 3.1 0
13:43 751.8 0 85 1.8 0
13:44 751.9 0 85 2.2 0
13:45 751.8 0 84 1.8 0
13:46 751.8 0 84 2.7 0
13:47 751.8 0 84 3.6 0
13:48 751.8 0 84 2.7 0
13:49 751.9 0 84 2.2 0
13:50 751.8 0 84 3.1 0
13:51 751.8 .1 84 1.8 0
13:52 751.8 0 85 3.1 0
13:53 751.8 0 84 2.2 0
13:54 751.8 .1 85 2.2 0
13:55 751.7 .1 84 1.8 0
13:56 751.7 .1 85 1.8 0
13:57 751.8 .1 85 1.3 0
13:58 751.8 .1 84 3.1 0
13:59 751.8 .1 85 2.7 0
14:00 751.7 .1 84 2.7 0
14:01 751.7 .1 84 2.2 0
14:02 751.7 .1 84 3.1 0
14:03 751.7 .1 84 2.2 0
14:04 751.7 .1 84 3.1 0
14:05 751.7 0 84 1.8 0
14:06 751.7 0 84 2.2 0
14:07 751.7 .1 84 1.8 0
14:08 751.7 .1 84 2.2 0
14:09 751.7 .1 85 3.1 0
14:10 751.7 .1 84 3.1 0
14:11 751.6 .1 84 2.7 0
14:12 751.7 0 84 3.1 0
14:13 751.6 0 84 1.8 0
14:14 751.7 0 84 1.8 0
14:15 751.6 0 85 1.8 0
14:16 751.6 0 85 2.7 0
14:17 751.6 0 84 2.2 0
14:18 751.6 0 84 3.6 0
14:19 751.6 -.1 84 3.1 0
14:20 751.6 -.1 84 3.1 0
14:21 751.6 -.1 84 4 0
14:22 751.6 -.1 84 3.1 0
14:23 751.5 -.1 84 2.7 0
14:24 751.6 -.1 84 4 0
14:25 751.5 -.1 84 3.1 0
14:26 751.6 -.1 85 3.1 0
14:27 751.6 -.1 85 3.1 0
14:28 751.6 -.1 84 4.5 0
14:29 751.6 -.1 84 3.1 0
14:30 751.6 -.1 85 1.8 0
14:31 751.6 -.1 85 3.6 0
14:32 751.6 -.1 85 2.7 0
14:33 751.6 -.1 85 1.3 0
14:34 751.6 -.1 85 1.8 0
14:35 751.6 -.1 85 2.2 0
14:36 751.6 -.1 85 3.1 0
14:37 751.6 -.1 85 2.7 0
14:38 751.6 -.1 85 3.1 0
14:39 751.6 -.1 85 4 0
14:40 751.6 -.1 85 2.7 0
14:41 751.6 -.1 85 4 0
14:42 751.6 -.1 85 3.1 0
14:43 751.6 -.1 85 2.7 0
14:44 751.6 -.1 85 2.2 0
14:45 751.6 -.1 85 2.7 0
14:46 751.6 -.1 85 1.8 0
14:47 751.6 -.1 85 1.8 0
14:48 751.6 -.1 85 3.6 0
14:49 751.6 -.1 85 4 0
14:50 751.6 -.1 85 2.7 0
14:51 751.6 -.1 85 3.1 0
14:52 751.6 -.1 85 3.6 0
14:53 751.6 -.1 85 4 0
14:54 751.6 -.2 85 2.2 0
14:55 751.6 -.1 85 2.2 0
14:56 751.6 -.2 85 2.7 0
14:57 751.6 -.2 85 2.7 0
14:58 751.6 -.2 85 3.1 0
14:59 751.6 -.2 85 3.1 0
15:00 751.6 -.2 86 1.8 0
15:01 751.6 -.2 85 3.1 0
15:02 751.6 -.2 86 1.8 0
15:03 751.6 -.2 86 1.3 0
15:04 751.6 -.1 86 3.1 0
15:05 751.6 -.1 85 2.2 0
15:06 751.6 -.1 86 1.3 0
15:07 751.6 -.1 86 1.8 0
15:08 751.6 -.1 86 2.7 0
15:09 751.6 -.1 86 2.2 0
15:10 751.6 -.1 86 1.8 0
15:11 751.6 -.1 86 2.2 0
15:12 751.6 -.1 86 1.8 0
15:13 751.6 -.1 86 2.2 0
15:14 751.6 -.1 86 1.3 0
15:15 751.7 -.1 86 1.8 0
15:16 751.6 -.1 86 4.5 0
15:17 751.6 -.1 86 3.1 0
15:18 751.6 -.2 86 4 0
15:19 751.6 -.2 86 2.7 0
15:20 751.6 -.2 86 3.1 0
15:21 751.6 -.2 86 2.7 0
15:22 751.6 -.2 86 3.6 0
15:23 751.6 -.2 86 2.7 0
15:24 751.6 -.2 86 3.1 0
15:25 751.6 -.2 86 3.1 0
15:26 751.6 -.2 86 3.6 0
15:27 751.6 -.2 86 4 0
15:28 751.6 -.2 86 4.5 0
15:29 751.6 -.2 86 2.2 0
15:30 751.6 -.2 86 1.8 0
15:31 751.6 -.2 87 1.3 0
15:32 751.6 -.2 87 2.7 0
15:33 751.6 -.2 86 4 0
15:34 751.6 -.2 86 3.6 0
15:35 751.6 -.2 86 4 0
15:36 751.6 -.2 87 2.2 0
15:37 751.6 -.2 86 3.1 0
15:38 751.6 -.2 87 4 0
15:39 751.6 -.2 86 4.5 0
15:40 751.5 -.2 86 3.1 0
15:41 751.6 -.2 87 3.6 0
15:42 751.6 -.2 87 2.7 0
15:43 751.5 -.2 87 3.1 0
15:44 751.5 -.3 87 3.6 0
15:45 751.6 -.3 87 4.5 0
15:46 751.5 -.3 87 4.9 0
15:47 751.5 -.3 87 4 0
15:48 751.5 -.3 87 2.7 0
15:49 751.5 -.3 87 1.8 0
15:50 751.5 -.3 87 3.6 0
15:51 751.5 -.3 87 3.6 0
15:52 751.5 -.3 87 4 0
15:53 751.5 -.3 87 5.8 0
15:54 751.5 -.3 87 3.1 0
15:55 751.5 -.3 88 2.7 0
15:56 751.4 -.3 88 4 0
15:57 751.5 -.3 88 5.8 0
15:58 751.5 -.3 87 4.9 0
15:59 751.5 -.3 88 3.1 0
16:00 751.5 -.4 88 2.2 0
16:01 751.5 -.4 88 3.6 0
16:02 751.5 -.4 88 2.7 0
16:03 751.5 -.4 88 2.2 0
16:04 751.5 -.4 88 1.8 0
16:05 751.5 -.3 88 1.8 0
16:06 751.5 -.4 88 1.8 0
16:07 751.5 -.3 88 4.9 0
16:08 751.4 -.4 88 3.6 0
16:09 751.5 -.4 88 1.8 0
16:10 751.4 -.4 89 2.2 0
16:11 751.4 -.4 88 3.1 0
16:12 751.4 -.4 88 2.7 0
16:13 751.3 -.4 89 2.2 0
16:14 751.4 -.4 88 3.1 0
16:15 751.4 -.4 89 3.1 0
16:16 751.3 -.4 89 3.6 0
16:17 751.3 -.4 88 2.2 0
16:18 751.3 -.4 89 2.7 0
16:19 751.3 -.4 89 2.7 0
16:20 751.3 -.4 89 2.2 0
16:21 751.4 -.4 89 2.2 0
16:22 751.3 -.4 89 2.7 0
16:23 751.3 -.4 88 3.1 0
16:24 751.3 -.4 89 2.7 0
16:25 751.3 -.4 89 2.7 0
16:26 751.3 -.4 89 2.7 0
16:27 751.2 -.4 89 1.8 0
16:28 751.3 -.4 89 3.1 0
16:29 751.2 -.4 89 2.7 0
16:30 751.2 -.5 89 4 0
16:31 751.2 -.5 89 4.5 0
16:32 751.3 -.5 89 3.1 0
16:33 751.2 -.5 89 4.5 0
16:34 751.2 -.5 89 4.9 0
16:35 751.3 -.6 89 3.6 0
16:36 751.3 -.6 89 4.5 0
16:37 751.2 -.6 89 3.6 0
16:38 751.2 -.6 89 3.6 0
16:39 751.2 -.6 89 2.2 0
16:40 751.2 -.6 89 1.8 0
16:41 751.2 -.6 89 2.7 0
16:42 751.2 -.6 89 3.6 0
16:43 751.2 -.6 89 2.7 0
16:44 751.2 -.6 89 1.8 0
16:45 751.2 -.5 89 2.2 0
16:46 751.2 -.6 89 1.8 0
16:47 751.2 -.6 89 1.3 0
16:48 751.2 -.6 89 2.7 0
16:49 751.2 -.5 89 3.6 0
16:50 751.2 -.6 89 3.6 0
16:51 751.2 -.6 89 2.2 0
16:52 751.2 -.6 89 3.6 0
16:53 751.2 -.6 89 4 0
16:54 751.2 -.6 89 4 0
16:55 751.2 -.6 89 4 0
16:56 751.2 -.6 89 4 0
16:57 751.2 -.6 89 2.2 0
16:58 751.1 -.6 89 2.2 0
16:59 751.2 -.6 89 2.2 0
17:00 751.1 -.6 89 1.8 0
17:01 751.1 -.6 89 2.2 0
17:02 751.1 -.6 89 4 0
17:03 751.1 -.6 89 3.1 0
17:04 751.1 -.6 89 3.1 0
17:05 751.1 -.6 89 1.8 0
17:06 751.1 -.6 89 4.5 0
17:07 751.1 -.6 88 5.4 0
17:08 751.1 -.6 88 3.1 0
17:09 751.1 -.6 89 3.1 0
17:10 751.1 -.6 89 1.8 0
17:11 751.1 -.6 89 3.1 0
17:12 751 -.6 89 2.2 0
17:13 751 -.6 89 3.1 0
17:14 751 -.6 89 2.2 0
17:15 751.1 -.6 89 3.6 0
17:16 751 -.6 88 4.9 0
17:17 751.1 -.6 88 2.7 0
17:18 751.1 -.6 88 3.6 0
17:19 751.1 -.6 88 4.5 0
17:20 751.1 -.6 88 3.6 0
17:21 751.1 -.6 88 4 0
17:22 751 -.6 89 3.6 0
17:23 751 -.6 89 1.3 0
17:24 751 -.6 89 2.7 0
17:25 751 -.6 89 3.1 0
17:26 751 -.6 89 4 0
17:27 751 -.6 89 3.6 0
17:28 751 -.6 89 4.5 0
17:29 751 -.6 89 3.6 0
17:30 751 -.6 89 2.2 0
17:31 751 -.6 89 1.8 0
17:32 751 -.6 89 1.3 0
17:33 750.9 -.6 89 1.3 0
17:34 751 -.6 89 3.6 0
17:35 750.9 -.6 89 3.1 0
17:36 750.9 -.6 89 1.8 0
17:37 750.9 -.6 89 2.7 0
17:38 750.9 -.6 89 2.2 0
17:39 750.9 -.6 89 3.1 0
17:40 750.8 -.7 89 4 0
17:41 750.8 -.7 89 3.6 0
17:42 750.9 -.7 89 4 0
17:43 750.8 -.7 89 3.6 0
17:44 750.8 -.7 89 3.6 0
17:45 750.8 -.7 89 4.5 0
17:46 750.8 -.7 89 3.1 0
17:47 750.8 -.7 89 3.1 0
17:48 750.8 -.7 89 4.5 0
17:49 750.8 -.7 89 4.5 0
17:50 750.7 -.7 90 2.2 0
17:51 750.8 -.7 90 3.1 0
17:52 750.8 -.7 90 4 0
17:53 750.8 -.7 90 3.6 0
17:54 750.8 -.7 90 2.7 0
17:55 750.7 -.7 90 3.6 0
17:56 750.7 -.7 90 4.5 0
17:57 750.7 -.8 90 4.9 0
17:58 750.7 -.8 90 4 0
17:59 750.8 -.8 90 3.1 0
18:00 750.7 -.8 90 3.6 0
18:01 750.8 -.8 90 2.7 0
18:02 750.8 -.8 90 2.2 0
18:03 750.8 -.7 90 4.9 0
18:04 750.7 -.7 90 4 0
18:05 750.7 -.7 90 2.2 0
18:06 750.7 -.8 90 4.9 0
18:07 750.7 -.7 90 4 0
18:08 750.7 -.8 90 3.6 0
18:09 750.7 -.8 90 4 0
18:10 750.8 -.8 90 4.5 0
18:11 750.7 -.8 90 3.6 0
18:12 750.7 -.8 90 3.6 0
18:13 750.7 -.8 90 2.7 0
18:14 750.7 -.8 90 2.7 0
18:15 750.7 -.8 90 2.2 0
18:16 750.7 -.8 90 3.6 0
18:17 750.7 -.8 90 2.7 0
18:18 750.7 -.7 90 2.2 0
18:19 750.7 -.7 90 4 0
18:20 750.7 -.8 90 5.4 0
18:21 750.7 -.8 90 4.9 0
18:22 750.7 -.8 90 4.9 0
18:23 750.7 -.8 90 4.5 0
18:24 750.6 -.8 90 2.2 0
18:25 750.7 -.8 90 4 0
18:26 750.7 -.8 90 4.5 0
18:27 750.7 -.8 90 4.9 0
18:28 750.6 -.8 90 3.6 0
18:29 750.6 -.8 90 4.9 0
18:30 750.7 -.8 90 3.1 0
18:31 750.7 -.8 90 4.5 0
18:32 750.7 -.8 90 4.5 0
18:33 750.6 -.8 90 3.6 0
18:34 750.6 -.8 90 3.6 0
18:35 750.7 -.7 90 4.5 0
18:36 750.6 -.8 90 2.7 0
18:37 750.6 -.8 90 2.2 0
18:38 750.6 -.8 90 4 0
18:39 750.6 -.8 90 2.7 0
18:40 750.6 -.8 90 2.2 0
18:41 750.6 -.8 90 4 0
18:42 750.6 -.8 90 4 0
18:43 750.6 -.8 90 2.7 0
18:44 750.6 -.7 90 2.2 0
18:45 750.6 -.7 90 1.8 0
18:46 750.6 -.7 90 4 0
18:47 750.5 -.7 90 4.5 0
18:48 750.6 -.7 90 4 0
18:49 750.5 -.7 90 4.5 0
18:50 750.5 -.7 90 4 0
18:51 750.6 -.7 90 1.8 0
18:52 750.5 -.7 90 2.7 0
18:53 750.5 -.7 90 4 0
18:54 750.5 -.7 90 3.1 0
18:55 750.5 -.7 90 2.7 0
18:56 750.5 -.7 90 3.1 0
18:57 750.5 -.7 90 2.7 0
18:58 750.5 -.7 90 3.6 0
18:59 750.5 -.7 90 3.1 0
19:00 750.5 -.7 90 4.9 0
19:01 750.5 -.7 90 4.9 0
19:02 750.5 -.7 90 2.7 0
19:03 750.5 -.7 90 4 0
19:04 750.5 -.8 90 2.7 0
19:05 750.5 -.8 90 3.6 0
19:06 750.5 -.8 90 4.9 0
19:07 750.4 -.8 90 4.5 0
19:08 750.4 -.8 90 4.9 0
19:09 750.4 -.8 90 3.1 0
19:10 750.4 -.8 90 2.2 0
19:11 750.4 -.8 90 2.2 0
19:12 750.4 -.8 90 2.2 0
19:13 750.4 -.8 90 1.3 0
19:14 750.4 -.8 91 3.6 0
19:15 750.4 -.8 91 3.6 0
19:16 750.3 -.8 90 3.6 0
19:17 750.4 -.8 90 3.1 0
19:18 750.3 -.8 91 4 0
19:19 750.3 -.8 91 4.9 0
19:20 750.3 -.8 90 4 0
19:21 750.3 -.8 90 3.6 0
19:22 750.3 -.8 91 2.7 0
19:23 750.3 -.8 91 3.1 0
19:24 750.3 -.8 91 5.4 0
19:25 750.3 -.9 91 3.6 0
19:26 750.3 -.9 91 3.1 0
19:27 750.3 -.9 91 4 0
19:28 750.3 -.9 91 3.1 0
19:29 750.3 -.9 91 2.7 0
19:30 750.3 -.9 91 4.5 0
19:31 750.3 -.9 91 4 0
19:32 750.3 -.9 91 3.1 0
19:33 750.3 -.9 91 4.9 0
19:34 750.3 -.9 91 3.6 0
19:35 750.3 -.9 91 4 0
19:36 750.3 -.9 91 3.1 0
19:37 750.2 -.9 91 2.7 0
19:38 750.2 -.9 91 1.8 0
19:39 750.3 -.9 91 4 0
19:40 750.2 -.9 91 3.6 0
19:41 750.2 -.9 91 2.7 0
19:42 750.2 -.9 91 4.5 0
19:43 750.3 -.9 91 3.6 0
19:44 750.2 -.9 91 2.2 0
19:45 750.2 -.9 92 2.7 0
19:46 750.2 -.9 92 3.6 0
19:47 750.2 -.9 92 4 0
19:48 750.2 -.9 92 4.9 0
19:49 750.2 -.9 91 4.5 0
19:50 750.2 -.9 91 1.8 0
19:51 750.2 -.9 92 2.2 0
19:52 750.2 -.9 92 2.7 0
19:53 750.2 -.9 92 4.9 0
19:54 750.1 -.9 91 4 0
19:55 750.1 -.9 91 3.1 0
19:56 750.2 -.9 91 3.1 0
19:57 750.1 -.9 91 3.6 0
19:58 750.1 -.9 91 4.5 0
19:59 750.1 -.9 91 2.7 0
20:00 750.1 -.9 91 2.2 0
20:01 750.1 -.9 92 2.7 0
20:02 750.1 -.9 92 4 0
20:03 750.1 -.9 91 5.8 0
20:04 750.1 -.9 91 3.6 0
20:05 750.1 -.9 91 2.2 0
20:06 750 -.9 92 2.7 0
20:07 750 -.9 92 4.5 0
20:08 750 -.9 91 2.7 0
20:09 750 -.9 92 3.1 0
20:10 750 -.9 92 4.9 0
20:11 750 -.9 91 2.2 0
20:12 750 -.9 92 3.6 0
20:13 750 -.9 92 4.5 0
20:14 749.9 -.9 92 1.8 0
20:15 750 -.9 92 2.2 0
20:16 749.9 -.9 92 3.1 0
20:17 750 -.9 92 3.1 0
20:18 750 -.9 92 4.5 0
20:19 750 -.9 92 4 0
20:20 749.9 -.9 92 3.1 0
20:21 749.9 -.9 92 2.7 0
20:22 749.9 -.9 92 1.8 0
20:23 749.9 -.9 92 3.1 0
20:24 749.9 -.9 92 1.8 0
20:25 749.9 -.9 92 4 0
20:26 749.8 -.9 92 4.9 0
20:27 749.9 -.9 92 2.7 0
20:28 749.9 -1 92 2.2 0
20:29 749.8 -1 92 3.6 0
20:30 749.8 -1 92 2.2 0
20:31 749.8 -1 92 3.6 0
20:32 749.8 -1 92 2.7 0
20:33 749.8 -.9 92 2.2 0
20:34 749.8 -.9 92 2.7 0
20:35 749.8 -.9 92 3.1 0
20:36 749.7 -1 92 3.6 0
20:37 749.8 -1 92 4.9 0
20:38 749.8 -1 92 4.5 0
20:39 749.7 -1 92 4.5 0
20:40 749.8 -1 92 4.5 0
20:41 749.8 -1 92 5.8 0
20:42 749.7 -1 92 4.5 0
20:43 749.7 -1 92 4.5 0
20:44 749.7 -1 92 3.1 0
20:45 749.7 -1 92 3.6 0
20:46 749.7 -1 92 2.2 0
20:47 749.6 -1 92 2.2 0
20:48 749.7 -1 92 2.2 0
20:49 749.6 -1 92 2.7 0
20:50 749.6 -1 92 3.1 0
20:51 749.6 -1 92 3.6 0
20:52 749.7 -1 92 4 0
20:53 749.6 -1.1 92 2.7 0
20:54 749.6 -1.1 92 3.6 0
20:55 749.5 -1.1 92 3.6 0
20:56 749.6 -1.1 92 4 0
20:57 749.5 -1.1 92 3.6 0
20:58 749.5 -1.1 92 4.5 0
20:59 749.5 -1.1 92 4.5 0
21:00 749.5 -1.1 92 3.6 0
21:01 749.5 -1.1 92 2.2 0
21:02 749.5 -1 92 4 0
21:03 749.5 -1 92 3.1 0
21:04 749.5 -1.1 92 2.7 0
21:05 749.5 -1 92 4.9 0
21:06 749.5 -1.1 92 4.5 0
21:07 749.5 -1.1 92 3.6 0
21:08 749.5 -1.1 92 4 0
21:09 749.5 -1.1 92 3.1 0
21:10 749.4 -1.1 92 4 0
21:11 749.5 -1.1 92 3.6 0
21:12 749.4 -1.1 92 4.9 0
21:13 749.5 -1.1 92 2.2 0
21:14 749.4 -1 92 4 0
21:15 749.4 -1.1 92 4 0
21:16 749.4 -1 92 3.6 0
21:17 749.4 -1 92 5.4 0
21:18 749.4 -1.1 92 4.5 0
21:19 749.4 -1 92 4 0
21:20 749.4 -1 92 3.6 0
21:21 749.4 -1 92 1.8 0
21:22 749.4 -1 92 2.7 0
21:23 749.4 -1 92 3.1 0
21:24 749.4 -1 92 4.5 0
21:25 749.4 -1 92 4 0
21:26 749.3 -1 92 4 0
21:27 749.3 -1 92 4.5 0
21:28 749.3 -1 92 3.1 0
21:29 749.3 -1 92 4.5 0
21:30 749.3 -1 92 2.7 0
21:31 749.3 -1 92 4 0
21:32 749.2 -1 92 4.5 0
21:33 749.3 -1 92 2.2 0
21:34 749.2 -1 92 3.1 0
21:35 749.2 -1 92 4 0
21:36 749.2 -1 92 3.1 0
21:37 749.2 -1 92 4.9 0
21:38 749.2 -1 92 4.9 0
21:39 749.2 -1.1 92 3.1 0
21:40 749.2 -1 92 2.7 0
21:41 749.2 -1 92 1.8 0
21:42 749.1 -1 92 3.1 0
21:43 749.1 -1 92 3.6 0
21:44 749.1 -1 92 2.7 0
21:45 749 -1.1 92 4.5 0
21:46 749.1 -1.1 92 2.2 0
21:47 749.1 -1.1 92 1.8 0
21:48 749 -1 92 3.1 0
21:49 749 -1 92 3.1 0
21:50 749 -1 92 3.6 0
21:51 749 -1.1 92 4 0
21:52 749 -1.1 92 3.1 0
21:53 749 -1.1 92 3.6 0
21:54 748.9 -1.1 92 3.1 0
21:55 749 -1.1 92 2.2 0
21:56 749 -1.1 92 1.8 0
21:57 748.9 -1.1 93 3.6 0
21:58 748.9 -1.1 93 4.9 0
21:59 749 -1.1 93 2.7 0
22:00 749 -1.1 93 4 0
22:01 749 -1.1 93 4.5 0
22:02 749 -1.1 93 2.7 0
22:03 749 -1.1 93 2.7 0
22:04 749 -1.1 93 4 0
22:05 748.9 -1.1 93 4 0
22:06 748.9 -1.1 93 4 0
22:07 749 -1.1 93 1.8 0
22:08 748.9 -1.1 92 4 0
22:09 748.9 -1.1 92 2.7 0
22:10 748.9 -1.1 93 3.1 0
22:11 748.9 -1.1 93 4.5 0
22:12 748.9 -1.1 93 3.6 0
22:13 748.9 -1.1 92 5.8 0
22:14 748.9 -1.1 92 4 0
22:15 748.9 -1.1 92 3.1 0
22:16 748.9 -1.1 92 2.7 0
22:17 748.8 -1.1 92 3.6 0
22:18 748.8 -1.1 92 3.6 0
22:19 748.8 -1.1 92 2.2 0
22:20 748.8 -1.1 92 3.1 0
22:21 748.8 -1.1 92 4 0
22:22 748.8 -1.1 92 3.6 0
22:23 748.8 -1.1 92 1.8 0
22:24 748.8 -1.1 92 4 0
22:25 748.8 -1.1 92 4 0
22:26 748.8 -1.1 92 3.1 0
22:27 748.8 -1.1 92 4 0
22:28 748.8 -1.1 92 4 0
22:29 748.8 -1.1 92 2.2 0
22:30 748.8 -1.1 92 1.8 0
22:31 748.8 -1.1 92 1.8 0
22:32 748.8 -1.1 92 4 0
22:33 748.8 -1.1 92 4.5 0
22:34 748.8 -1.1 92 3.1 0
22:35 748.7 -1.1 92 2.2 0
22:36 748.8 -1.1 92 2.7 0
22:37 748.7 -1.1 93 2.2 0
22:38 748.8 -1.1 93 2.7 0
22:39 748.8 -1.1 93 3.1 0
22:40 748.8 -1.1 93 3.1 0
22:41 748.7 -1.1 93 4.5 0
22:42 748.7 -1.1 93 4 0
22:43 748.7 -1.1 92 3.1 0
22:44 748.7 -1.1 93 3.1 0
22:45 748.7 -1.1 93 2.2 0
22:46 748.7 -1.1 93 4.9 0
22:47 748.7 -1.1 93 3.1 0
22:48 748.7 -1.1 92 2.2 0
22:49 748.6 -1.1 93 3.6 0
22:50 748.7 -1.1 93 3.1 0
22:51 748.6 -1.1 93 3.1 0
22:52 748.6 -1.1 93 3.6 0
22:53 748.6 -1.1 93 2.7 0
22:54 748.7 -1.1 93 2.2 0
22:55 748.6 -1.1 93 2.7 0
22:56 748.6 -1.1 93 4.5 0
22:57 748.6 -1.1 93 4 0
22:58 748.6 -1.1 93 2.7 0
22:59 748.5 -1.1 93 1.8 0
23:00 748.6 -1.1 93 2.7 0
23:01 748.6 -1.1 93 2.7 0
23:02 748.6 -1.1 93 2.2 0
23:03 748.6 -1.1 93 2.7 0
23:04 748.5 -1.1 93 4.5 0
23:05 748.5 -1.1 93 3.6 0
23:06 748.6 -1.1 93 4 0
23:07 748.5 -1.1 93 4.5 0
23:08 748.5 -1.1 93 4.5 0
23:09 748.5 -1.1 93 1.8 0
23:10 748.5 -1.1 93 1.8 0
23:11 748.4 -1.1 93 4.5 0
23:12 748.5 -1.1 93 4.5 0
23:13 748.4 -1.1 93 4 0
23:14 748.4 -1.1 93 4.5 0
23:15 748.4 -1.1 93 4.9 0
23:16 748.4 -1.1 93 4 0
23:17 748.5 -1.1 92 3.1 0
23:18 748.4 -1.1 93 3.1 0
23:19 748.4 -1.1 93 2.7 0
23:20 748.5 -1.1 93 3.1 0
23:21 748.5 -1.1 93 3.6 0
23:22 748.4 -1.1 93 3.1 0
23:23 748.4 -1.1 93 3.6 0
23:24 748.4 -1.1 93 4 0
23:25 748.4 -1.1 93 3.1 0
23:26 748.4 -1.1 93 4 0
23:27 748.4 -1.1 93 3.6 0
23:28 748.4 -1.1 93 3.1 0
23:29 748.4 -1.1 93 3.1 0
23:30 748.4 -1 93 2.7 0
23:31 748.4 -1 93 3.6 0
23:32 748.4 -1 93 3.6 0
23:33 748.4 -1 93 4 0
23:34 748.4 -1 93 4.5 0
23:35 748.4 -1 93 2.2 0
23:36 748.4 -1 93 2.7 0
23:37 748.4 -1 93 4.5 0
23:38 748.4 -1 93 3.6 0
23:39 748.4 -1 93 3.1 0
23:40 748.4 -1 93 4 0
23:41 748.3 -1 93 2.7 0
23:42 748.3 -1 93 2.2 0
23:43 748.4 -.9 93 3.1 0
23:44 748.3 -.9 93 2.2 0
23:45 748.3 -1 93 1.8 0
23:46 748.3 -.9 93 4 0
23:47 748.3 -1 93 3.6 0
23:48 748.3 -1 93 4 0
23:49 748.3 -1 93 3.6 0
23:50 748.2 -1 93 3.6 0
23:51 748.3 -1 93 3.1 0
23:52 748.2 -1 93 2.7 0
23:53 748.2 -1 93 2.7 0
23:54 748.2 -1 93 2.7 0
23:55 748.2 -1 93 2.2 0
23:56 748.2 -1 93 1.8 0
23:57 748.2 -1 93 1.8 0
23:58 748.2 -1 93 3.6 0
23:59 748.3 -1 93 4 0
