00:00 755.65 10.94 66 1.79 0
00:01 755.65 10.94 66 1.34 0
00:02 755.65 10.94 66 .89 0
00:03 755.65 10.89 67 .89 0
00:04 755.65 10.83 66 1.79 0
00:05 755.65 10.83 67 3.13 0
00:06 755.65 10.78 67 2.24 0
00:07 755.65 10.83 67 .89 0
00:08 755.65 10.78 67 1.79 0
00:09 755.65 10.78 67 1.34 0
00:10 755.65 10.78 67 2.24 0
00:11 755.65 10.72 67 1.79 0
00:12 755.65 10.72 67 1.34 0
00:13 755.65 10.72 67 1.79 0
00:14 755.65 10.72 67 1.34 0
00:15 755.65 10.72 67 1.79 0
00:16 755.9 10.72 67 1.79 0
00:17 755.9 10.72 67 3.13 0
00:18 755.9 10.67 67 1.34 0
00:19 755.65 10.67 67 1.79 0
00:20 755.65 10.67 67 1.34 0
00:21 755.65 10.67 67 .89 0
00:22 755.65 10.67 67 1.34 0
00:23 755.9 10.67 67 1.34 0
00:24 755.9 10.61 67 2.24 0
00:25 755.65 10.67 67 .89 0
00:26 755.9 10.61 67 1.34 0
00:27 755.65 10.61 67 .89 0
00:28 755.9 10.61 67 1.79 0
00:29 755.9 10.61 67 2.24 0
00:30 755.9 10.61 67 1.34 0
00:31 755.9 10.56 67 1.34 0
00:32 755.9 10.56 68 .89 0
00:33 755.9 10.56 68 1.34 0
00:34 755.9 10.5 68 1.79 0
00:35 755.9 10.5 68 .89 0
00:36 755.9 10.5 68 1.34 0
00:37 755.9 10.5 68 .89 0
00:38 755.9 10.44 68 3.58 0
00:39 755.9 10.44 68 1.79 0
00:40 755.9 10.44 68 1.79 0
00:41 755.9 10.44 68 1.79 0
00:42 755.9 10.39 68 1.34 0
00:43 755.9 10.44 68 2.24 0
00:44 755.9 10.39 68 1.34 0
00:45 755.9 10.39 68 2.24 0
00:46 755.9 10.39 68 2.68 0
00:47 755.9 10.39 68 .89 0
00:48 755.9 10.33 68 1.34 0
00:49 755.9 10.33 68 1.34 0
00:50 755.9 10.33 68 1.34 0
00:51 755.9 10.33 68 2.24 0
00:52 755.9 10.33 68 1.34 0
00:53 755.9 10.33 68 .89 0
00:54 755.9 10.28 68 .45 0
00:55 755.9 10.28 68 1.79 0
00:56 755.9 10.28 68 3.13 0
00:57 755.9 10.28 68 2.24 0
00:58 755.9 10.28 68 .89 0
00:59 755.9 10.28 68 1.34 0
01:00 755.9 10.28 68 .89 0
01:01 755.9 10.28 68 1.34 0
01:02 755.9 10.28 68 1.34 0
01:03 755.9 10.28 68 .89 0
01:04 755.9 10.22 68 2.24 0
01:05 755.9 10.28 68 1.79 0
01:06 755.9 10.22 69 2.24 0
01:07 755.9 10.22 69 1.34 0
01:08 755.9 10.22 69 1.79 0
01:09 755.9 10.22 69 .45 0
01:10 755.9 10.22 68 2.24 0
01:11 755.9 10.22 68 .89 0
01:12 755.9 10.22 69 1.79 0
01:13 755.9 10.22 68 1.79 0
01:14 755.9 10.22 68 1.34 0
01:15 755.9 10.22 68 .89 0
01:16 755.9 10.22 69 1.79 0
01:17 755.9 10.22 68 1.34 0
01:18 755.9 10.22 68 1.34 0
01:19 755.9 10.17 68 3.58 0
01:20 755.9 10.17 68 1.34 0
01:21 755.9 10.17 69 1.79 0
01:22 755.9 10.17 69 1.34 0
01:23 755.9 10.17 69 .89 0
01:24 755.9 10.11 69 .89 0
01:25 755.65 10.11 69 2.24 0
01:26 755.9 10.11 69 2.24 0
01:27 755.65 10.11 69 1.34 0
01:28 755.65 10.11 69 1.34 0
01:29 755.65 10.06 69 1.79 0
01:30 755.65 10.06 69 2.24 0
01:31 755.65 10.06 69 3.58 0
01:32 755.65 10.06 69 .89 0
01:33 755.65 10.06 69 1.79 0
01:34 755.65 10.06 69 3.58 0
01:35 755.65 10.11 69 1.34 0
01:36 755.65 10.11 69 2.24 0
01:37 755.65 10.11 69 2.68 0
01:38 755.65 10.11 68 3.13 0
01:39 755.65 10.17 69 1.34 0
01:40 755.65 10.17 68 2.68 0
01:41 755.65 10.17 68 2.24 0
01:42 755.65 10.17 68 2.24 0
01:43 755.65 10.17 68 1.79 0
01:44 755.65 10.22 68 2.24 0
01:45 755.65 10.28 68 2.24 0
01:46 755.65 10.33 68 1.79 0
01:47 755.65 10.33 68 1.79 0
01:48 755.9 10.39 68 4.02 0
01:49 755.65 10.39 68 2.24 0
01:50 755.65 10.39 68 1.79 0
01:51 755.9 10.33 68 3.13 0
01:52 755.65 10.33 68 2.68 0
01:53 755.9 10.22 68 2.24 0
01:54 755.65 10.22 68 3.13 0
01:55 755.9 10.22 68 2.68 0
01:56 755.9 10.22 68 2.68 0
01:57 755.9 10.17 68 .89 0
01:58 755.9 10.17 68 1.34 0
01:59 755.9 10.11 68 1.34 0
02:00 755.9 10.11 68 1.79 0
02:01 755.9 10.11 69 1.34 0
02:02 755.9 10.06 69 .89 0
02:03 755.9 10.06 69 1.34 0
02:04 755.65 10.06 69 1.34 0
02:05 755.9 10.06 69 .89 0
02:06 755.9 10.06 69 1.79 0
02:07 755.65 10 69 .89 0
02:08 755.9 10 69 1.79 0
02:09 755.9 9.94 69 1.34 0
02:10 755.9 10 69 .89 0
02:11 755.9 9.94 69 1.34 0
02:12 755.9 9.94 69 .89 0
02:13 755.9 9.94 69 1.34 0
02:14 755.9 9.94 69 1.34 0
02:15 755.9 9.89 69 1.34 0
02:16 755.9 9.89 69 1.79 0
02:17 755.65 9.89 69 .45 0
02:18 755.9 9.83 69 1.79 0
02:19 755.9 9.83 69 1.34 0
02:20 755.9 9.78 69 1.79 0
02:21 755.9 9.83 69 1.34 0
02:22 755.9 9.78 69 1.34 0
02:23 755.9 9.78 69 1.79 0
02:24 755.9 9.78 69 2.24 0
02:25 755.9 9.78 70 1.79 0
02:26 755.9 9.78 69 1.79 0
02:27 755.9 9.78 70 1.79 0
02:28 755.9 9.72 69 1.34 0
02:29 755.9 9.72 69 1.34 0
02:30 755.9 9.78 69 1.34 0
02:31 755.9 9.78 69 .89 0
02:32 755.9 9.78 69 1.79 0
02:33 755.9 9.72 70 .89 0
02:34 755.9 9.72 70 1.34 0
02:35 755.9 9.72 70 .89 0
02:36 755.9 9.72 70 .89 0
02:37 755.9 9.67 70 1.79 0
02:38 755.9 9.67 70 .89 0
02:39 755.9 9.67 70 1.34 0
02:40 755.9 9.67 70 1.79 0
02:41 755.9 9.61 70 1.34 0
02:42 755.9 9.67 70 .89 0
02:43 755.9 9.61 70 1.79 0
02:44 755.9 9.61 70 1.34 0
02:45 755.9 9.61 70 .89 0
02:46 755.9 9.61 70 .89 0
02:47 755.9 9.56 70 .45 0
02:48 755.9 9.56 70 .89 0
02:49 755.9 9.61 70 1.34 0
02:50 755.9 9.56 70 1.34 0
02:51 755.9 9.56 70 .89 0
02:52 755.9 9.56 70 1.34 0
02:53 755.9 9.56 70 1.34 0
02:54 755.9 9.5 70 .89 0
02:55 755.9 9.5 70 .89 0
02:56 755.9 9.5 70 1.34 0
02:57 755.9 9.5 70 .89 0
02:58 755.9 9.44 70 1.34 0
02:59 755.9 9.44 70 .45 0
03:00 755.9 9.39 70 .89 0
03:01 755.9 9.39 70 .45 0
03:02 755.9 9.33 70 1.79 0
03:03 755.9 9.33 71 1.34 0
03:04 755.9 9.33 71 1.34 0
03:05 755.9 9.28 70 1.34 0
03:06 755.9 9.28 70 .89 0
03:07 755.9 9.28 70 1.34 0
03:08 755.9 9.22 70 1.34 0
03:09 755.9 9.22 71 1.34 0
03:10 755.9 9.17 71 .89 0
03:11 755.9 9.17 71 .89 0
03:12 755.9 9.17 71 1.34 0
03:13 755.9 9.17 71 1.34 0
03:14 755.9 9.11 71 1.79 0
03:15 755.9 9.06 71 1.34 0
03:16 755.9 9.06 71 .89 0
03:17 755.9 9.06 71 1.34 0
03:18 755.9 9.06 71 1.79 0
03:19 755.9 9 71 1.79 0
03:20 755.9 9.06 71 1.79 0
03:21 755.9 9 71 .89 0
03:22 755.9 9.06 71 1.34 0
03:23 755.9 9.06 71 .45 0
03:24 755.9 9.06 71 1.79 0
03:25 755.9 9.06 71 .89 0
03:26 755.9 9.06 71 .89 0
03:27 755.9 9 71 1.34 0
03:28 755.9 9 71 1.34 0
03:29 755.9 8.94 71 1.34 0
03:30 755.9 8.94 71 .89 0
03:31 755.9 8.94 71 1.34 0
03:32 755.9 8.89 71 2.68 0
03:33 755.9 8.89 71 1.79 0
03:34 755.9 8.89 72 2.68 0
03:35 755.9 8.83 72 .89 0
03:36 755.9 8.78 72 .89 0
03:37 755.9 8.78 72 1.79 0
03:38 755.9 8.78 72 .45 0
03:39 755.9 8.78 72 1.34 0
03:40 755.9 8.72 72 .89 0
03:41 755.9 8.72 72 .45 0
03:42 755.9 8.72 72 1.34 0
03:43 755.9 8.67 72 .89 0
03:44 755.9 8.67 72 .89 0
03:45 755.9 8.67 72 .45 0
03:46 755.9 8.67 72 1.34 0
03:47 755.9 8.61 72 .89 0
03:48 755.9 8.67 72 .45 0
03:49 755.9 8.61 72 .45 0
03:50 755.9 8.61 72 1.34 0
03:51 755.9 8.56 72 1.79 0
03:52 755.9 8.56 72 .89 0
03:53 755.9 8.56 72 .89 0
03:54 755.9 8.56 72 1.34 0
03:55 755.9 8.56 72 .89 0
03:56 755.9 8.5 72 .89 0
03:57 755.9 8.44 72 .45 0
03:58 755.9 8.44 72 1.34 0
03:59 755.9 8.44 72 1.79 0
04:00 755.9 8.44 72 1.34 0
04:01 755.9 8.44 72 1.34 0
04:02 755.9 8.44 72 .45 0
04:03 755.9 8.44 72 .89 0
04:04 755.9 8.44 72 .89 0
04:05 755.9 8.39 72 1.34 0
04:06 755.9 8.39 72 .45 0
04:07 755.9 8.39 72 1.34 0
04:08 755.9 8.33 72 1.34 0
04:09 755.9 8.33 72 1.34 0
04:10 755.9 8.33 72 1.34 0
04:11 755.9 8.33 72 .89 0
04:12 755.9 8.33 72 .89 0
04:13 755.9 8.33 72 1.34 0
04:14 755.9 8.28 73 1.79 0
04:15 755.9 8.28 73 .89 0
04:16 755.9 8.28 73 1.79 0
04:17 755.9 8.28 73 1.34 0
04:18 755.9 8.22 73 .89 0
04:19 755.9 8.28 73 2.68 0
04:20 755.9 8.22 73 1.79 0
04:21 755.9 8.22 73 1.34 0
04:22 755.9 8.22 73 .89 0
04:23 755.9 8.17 73 1.34 0
04:24 755.9 8.17 73 1.79 0
04:25 755.9 8.17 73 1.79 0
04:26 755.9 8.17 73 .45 0
04:27 755.9 8.17 73 1.79 0
04:28 755.9 8.17 73 1.34 0
04:29 755.9 8.17 73 1.34 0
04:30 755.9 8.17 73 .89 0
04:31 755.9 8.17 73 1.34 0
04:32 755.9 8.17 73 2.24 0
04:33 755.9 8.17 73 1.34 0
04:34 755.9 8.17 73 1.34 0
04:35 755.9 8.11 73 .89 0
04:36 755.9 8.17 73 1.79 0
04:37 755.9 8.11 73 .89 0
04:38 755.9 8.11 73 .89 0
04:39 755.9 8.11 73 1.79 0
04:40 755.9 8.11 73 .89 0
04:41 755.9 8.11 73 .89 0
04:42 755.9 8.06 73 1.34 0
04:43 755.9 8.06 73 1.34 0
04:44 755.9 8.06 73 1.34 0
04:45 755.9 8.06 73 .89 0
04:46 755.9 8.06 73 1.79 0
04:47 755.9 8.06 73 1.34 0
04:48 755.9 8 73 1.79 0
04:49 755.9 8.06 73 .45 0
04:50 755.9 8 73 .89 0
04:51 755.9 8 73 1.34 0
04:52 755.9 8 73 1.79 0
04:53 755.9 8 73 1.34 0
04:54 755.9 8 73 .89 0
04:55 755.9 8 73 1.79 0
04:56 755.9 8 73 1.34 0
04:57 755.9 8 73 1.34 0
04:58 755.9 7.94 73 1.34 0
04:59 755.9 7.94 73 1.34 0
05:00 755.9 7.94 73 1.79 0
05:01 755.9 7.89 73 1.34 0
05:02 755.9 7.89 73 3.13 0
05:03 755.9 7.89 73 2.68 0
05:04 755.9 7.89 73 1.34 0
05:05 755.9 7.89 73 1.34 0
05:06 755.9 7.89 73 1.34 0
05:07 755.9 7.89 73 1.34 0
05:08 755.9 7.89 73 1.34 0
05:09 755.9 7.94 73 1.34 0
05:10 755.9 7.94 73 1.34 0
05:11 755.9 7.89 73 1.79 0
05:12 755.9 7.89 73 .89 0
05:13 755.9 7.89 73 1.34 0
05:14 755.9 7.89 73 1.34 0
05:15 755.9 7.89 73 .89 0
05:16 755.9 7.89 73 1.79 0
05:17 755.9 7.89 74 1.79 0
05:18 755.9 7.89 73 2.68 0
05:19 755.9 7.89 73 .89 0
05:20 755.9 7.94 73 1.34 0
05:21 755.9 7.89 73 2.24 0
05:22 755.9 7.89 73 1.34 0
05:23 755.9 7.89 73 1.34 0
05:24 755.9 7.89 74 1.79 0
05:25 755.9 7.83 74 1.34 0
05:26 755.9 7.83 74 .89 0
05:27 755.9 7.83 74 1.34 0
05:28 755.9 7.78 74 1.34 0
05:29 755.9 7.78 74 1.34 0
05:30 755.9 7.78 74 1.79 0
05:31 755.9 7.78 74 1.34 0
05:32 755.9 7.72 74 .89 0
05:33 755.9 7.72 74 1.34 0
05:34 755.9 7.72 74 1.79 0
05:35 755.9 7.72 74 .89 0
05:36 755.9 7.72 74 2.68 0
05:37 755.9 7.72 74 .89 0
05:38 755.9 7.72 74 1.34 0
05:39 755.9 7.67 74 2.24 0
05:40 755.9 7.67 74 1.79 0
05:41 755.9 7.67 74 .45 0
05:42 755.9 7.67 74 1.34 0
05:43 755.9 7.67 74 2.24 0
05:44 755.9 7.67 74 3.58 0
05:45 755.9 7.67 74 1.79 0
05:46 755.9 7.67 74 1.34 0
05:47 755.9 7.67 74 1.79 0
05:48 755.9 7.67 74 2.68 0
05:49 755.9 7.67 74 .89 0
05:50 755.9 7.61 74 3.58 0
05:51 755.9 7.67 74 3.13 0
05:52 755.9 7.67 74 3.58 0
05:53 755.9 7.67 74 2.68 0
05:54 755.9 7.67 74 1.79 0
05:55 755.9 7.67 74 2.24 0
05:56 755.9 7.67 74 1.79 0
05:57 755.9 7.67 74 .89 0
05:58 755.9 7.67 74 1.79 0
05:59 755.9 7.61 74 2.24 0
06:00 755.9 7.67 74 1.79 0
06:01 755.9 7.61 74 1.79 0
06:02 755.9 7.67 74 .89 0
06:03 755.9 7.61 74 .89 0
06:04 755.9 7.67 74 .89 0
06:05 756.16 7.61 74 .89 0
06:06 755.9 7.61 75 1.34 0
06:07 756.16 7.56 75 1.34 0
06:08 755.9 7.56 75 1.79 0
06:09 756.16 7.56 75 1.79 0
06:10 755.9 7.5 75 1.34 0
06:11 755.9 7.5 75 1.79 0
06:12 756.16 7.44 75 .89 0
06:13 755.9 7.39 75 1.79 0
06:14 756.16 7.39 75 1.79 0
06:15 756.16 7.39 75 2.68 0
06:16 756.16 7.39 75 2.68 0
06:17 756.16 7.33 75 .45 0
06:18 756.16 7.33 75 1.34 0
06:19 756.16 7.33 75 1.79 0
06:20 756.16 7.28 75 2.68 0
06:21 756.16 7.28 75 2.68 0
06:22 756.16 7.28 75 1.79 0
06:23 756.16 7.28 75 1.34 0
06:24 756.16 7.28 75 1.79 0
06:25 756.16 7.22 75 1.34 0
06:26 755.9 7.22 75 1.79 0
06:27 756.16 7.22 75 .89 0
06:28 756.16 7.22 75 .89 0
06:29 756.16 7.17 76 .89 0
06:30 756.16 7.17 76 1.34 0
06:31 756.16 7.11 76 1.34 0
06:32 756.16 7.11 76 .89 0
06:33 756.16 7.06 76 1.79 0
06:34 756.16 7.11 76 3.58 0
06:35 756.16 7.06 76 1.79 0
06:36 756.16 7.11 76 1.79 0
06:37 756.16 7.11 76 1.79 0
06:38 756.16 7.17 76 1.79 0
06:39 756.16 7.17 76 1.34 0
06:40 756.16 7.17 76 1.34 0
06:41 756.16 7.17 76 1.79 0
06:42 756.16 7.17 76 .89 0
06:43 756.16 7.11 76 2.68 0
06:44 756.16 7.17 76 1.79 0
06:45 756.16 7.06 76 .89 0
06:46 756.16 7.06 76 2.68 0
06:47 756.16 7.06 76 .89 0
06:48 756.16 7.11 76 1.34 0
06:49 756.16 7.11 76 1.34 0
06:50 756.16 7.11 76 1.34 0
06:51 756.16 7.11 76 1.79 0
06:52 756.16 7.11 76 3.13 0
06:53 756.16 7.11 76 1.79 0
06:54 756.16 7.11 76 1.79 0
06:55 756.16 7.17 76 2.68 0
06:56 756.16 7.22 75 1.79 0
06:57 756.16 7.22 75 1.34 0
06:58 756.16 7.22 75 .89 0
06:59 756.16 7.22 75 1.34 0
07:00 756.16 7.22 75 1.79 0
07:01 756.16 7.22 75 1.34 0
07:02 756.16 7.22 75 .89 0
07:03 756.16 7.22 75 .45 0
07:04 756.16 7.22 75 .45 0
07:05 756.16 7.22 75 1.79 0
07:06 756.16 7.22 75 1.34 0
07:07 756.16 7.28 75 .89 0
07:08 756.16 7.28 75 1.34 0
07:09 756.16 7.28 75 1.34 0
07:10 756.16 7.28 75 2.68 0
07:11 756.16 7.28 75 1.34 0
07:12 756.16 7.28 75 1.79 0
07:13 756.16 7.33 75 2.68 0
07:14 756.16 7.33 75 1.79 0
07:15 756.16 7.33 75 .89 0
07:16 756.16 7.33 75 1.79 0
07:17 756.16 7.33 75 .89 0
07:18 756.16 7.33 75 2.24 0
07:19 756.16 7.33 75 1.34 0
07:20 756.16 7.33 75 1.34 0
07:21 756.16 7.39 75 1.79 0
07:22 756.16 7.39 75 .89 0
07:23 756.16 7.39 75 1.79 0
07:24 756.16 7.44 75 .89 0
07:25 756.16 7.44 75 .89 0
07:26 756.16 7.44 75 1.79 0
07:27 756.16 7.44 75 1.79 0
07:28 756.16 7.5 75 1.79 0
07:29 756.16 7.56 75 .89 0
07:30 756.16 7.56 75 1.34 0
07:31 756.16 7.56 75 1.34 0
07:32 756.16 7.56 75 .89 0
07:33 756.16 7.61 75 1.34 0
07:34 756.16 7.67 75 1.79 0
07:35 756.16 7.67 74 .45 0
07:36 756.16 7.67 75 1.34 0
07:37 756.41 7.72 74 .89 0
07:38 756.41 7.72 74 .89 0
07:39 756.16 7.72 74 1.79 0
07:40 756.16 7.78 74 1.34 0
07:41 756.16 7.83 74 1.34 0
07:42 756.16 7.83 74 .89 0
07:43 756.41 7.89 74 .89 0
07:44 756.41 7.89 74 .89 0
07:45 756.41 7.94 74 1.79 0
07:46 756.41 7.94 74 1.79 0
07:47 756.41 8 74 1.79 0
07:48 756.41 8.06 74 1.34 0
07:49 756.41 8.06 73 1.79 0
07:50 756.41 8.06 73 2.24 0
07:51 756.41 8.11 73 1.34 0
07:52 756.41 8.11 73 1.79 0
07:53 756.41 8.17 73 1.79 0
07:54 756.41 8.17 73 1.34 0
07:55 756.41 8.17 73 .89 0
07:56 756.41 8.22 73 2.24 0
07:57 756.41 8.28 73 1.34 0
07:58 756.41 8.28 73 1.79 0
07:59 756.41 8.33 73 1.34 0
08:00 756.41 8.33 73 1.79 0
08:01 756.41 8.39 73 1.79 0
08:02 756.41 8.39 73 1.34 0
08:03 756.41 8.44 73 1.79 0
08:04 756.41 8.44 73 .89 0
08:05 756.41 8.44 73 .89 0
08:06 756.41 8.5 73 1.34 0
08:07 756.41 8.56 73 2.24 0
08:08 756.41 8.61 72 2.68 0
08:09 756.41 8.61 72 .89 0
08:10 756.41 8.67 72 1.79 0
08:11 756.41 8.67 72 1.34 0
08:12 756.41 8.72 72 2.68 0
08:13 756.41 8.78 72 2.68 0
08:14 756.41 8.78 72 1.34 0
08:15 756.41 8.78 72 3.13 0
08:16 756.41 8.83 72 1.79 0
08:17 756.41 8.83 72 .89 0
08:18 756.41 8.89 72 1.34 0
08:19 756.41 8.94 71 .45 0
08:20 756.41 8.94 71 1.34 0
08:21 756.41 9 71 2.24 0
08:22 756.41 9.06 71 3.13 0
08:23 756.41 9.06 71 1.34 0
08:24 756.41 9.11 71 1.34 0
08:25 756.41 9.11 71 .45 0
08:26 756.41 9.17 71 2.68 0
08:27 756.41 9.17 71 1.34 0
08:28 756.41 9.17 71 1.79 0
08:29 756.41 9.22 71 1.34 0
08:30 756.41 9.28 71 1.79 0
08:31 756.41 9.33 71 1.79 0
08:32 756.41 9.33 70 2.24 0
08:33 756.41 9.33 70 1.34 0
08:34 756.41 9.33 70 1.34 0
08:35 756.41 9.39 70 1.34 0
08:36 756.41 9.39 71 1.79 0
08:37 756.41 9.5 70 .45 0
08:38 756.41 9.56 70 1.34 0
08:39 756.41 9.61 70 1.34 0
08:40 756.41 9.67 69 2.24 0
08:41 756.41 9.67 70 2.24 0
08:42 756.41 9.72 70 2.68 0
08:43 756.41 9.72 70 3.58 0
08:44 756.41 9.72 69 1.79 0
08:45 756.41 9.78 69 3.13 0
08:46 756.41 9.78 69 1.79 0
08:47 756.41 9.83 69 .89 0
08:48 756.41 9.83 69 .89 0
08:49 756.41 9.89 69 1.34 0
08:50 756.41 9.94 69 .89 0
08:51 756.41 10 69 2.24 0
08:52 756.41 10.06 69 1.34 0
08:53 756.41 10.06 69 .89 0
08:54 756.41 10.11 68 3.58 0
08:55 756.67 10.17 68 .89 0
08:56 756.41 10.22 68 1.34 0
08:57 756.41 10.22 68 .89 0
08:58 756.41 10.28 68 .89 0
08:59 756.41 10.28 69 1.34 0
09:00 756.41 10.39 68 1.79 0
09:01 756.67 10.39 68 1.79 0
09:02 756.67 10.44 68 1.79 0
09:03 756.41 10.44 67 1.34 0
09:04 756.41 10.5 68 .89 0
09:05 756.41 10.5 67 .89 0
09:06 756.41 10.56 67 2.24 0
09:07 756.41 10.56 67 1.34 0
09:08 756.41 10.61 67 1.34 0
09:09 756.41 10.67 67 1.79 0
09:10 756.41 10.72 67 1.79 0
09:11 756.41 10.78 67 1.79 0
09:12 756.41 10.83 67 .89 0
09:13 756.41 10.94 67 .45 0
09:14 756.41 10.94 67 1.79 0
09:15 756.41 11 66 3.58 0
09:16 756.41 11.06 66 1.79 0
09:17 756.41 11.06 66 3.58 0
09:18 756.41 11.06 66 1.79 0
09:19 756.41 11.11 66 3.58 0
09:20 756.41 11.11 66 2.24 0
09:21 756.41 11.11 66 .89 0
09:22 756.41 11.17 66 .89 0
09:23 756.41 11.22 66 2.24 0
09:24 756.41 11.28 66 2.24 0
09:25 756.41 11.33 66 1.79 0
09:26 756.41 11.39 66 2.24 0
09:27 756.41 11.44 65 2.68 0
09:28 756.41 11.5 65 1.34 0
09:29 756.41 11.56 65 2.68 0
09:30 756.41 11.61 65 2.24 0
09:31 756.41 11.67 65 .89 0
09:32 756.41 11.72 65 .89 0
09:33 756.41 11.72 65 2.68 0
09:34 756.41 11.83 65 .89 0
09:35 756.41 11.89 65 1.79 0
09:36 756.41 11.89 65 .89 0
09:37 756.41 11.94 65 2.68 0
09:38 756.41 12 64 .89 0
09:39 756.41 12.06 64 1.34 0
09:40 756.41 12.06 64 1.34 0
09:41 756.41 12.17 64 1.79 0
09:42 756.67 12.17 64 1.79 0
09:43 756.41 12.28 64 2.24 0
09:44 756.41 12.28 64 1.34 0
09:45 756.67 12.33 64 3.13 0
09:46 756.41 12.33 63 .89 0
09:47 756.41 12.33 63 3.58 0
09:48 756.41 12.33 63 2.24 0
09:49 756.41 12.28 63 3.58 0
09:50 756.41 12.28 63 1.34 0
09:51 756.41 12.33 63 1.79 0
09:52 756.67 12.39 63 3.58 0
09:53 756.41 12.44 63 2.24 0
09:54 756.67 12.39 63 2.68 0
09:55 756.67 12.44 62 2.24 0
09:56 756.41 12.44 63 3.13 0
09:57 756.67 12.44 63 3.13 0
09:58 756.41 12.5 63 1.79 0
09:59 756.67 12.56 63 3.13 0
10:00 756.41 12.56 63 1.79 0
10:01 756.41 12.5 63 .89 0
10:02 756.67 12.56 63 1.34 0
10:03 756.67 12.61 63 1.34 0
10:04 756.67 12.61 64 1.79 0
10:05 756.67 12.72 63 2.24 0
10:06 756.67 12.78 62 1.79 0
10:07 756.67 12.83 62 1.34 0
10:08 756.67 12.89 63 1.34 0
10:09 756.67 12.94 63 1.34 0
10:10 756.67 12.94 63 .45 0
10:11 756.67 13.06 63 .45 0
10:12 756.41 13.17 62 1.79 0
10:13 756.41 13.17 62 .89 0
10:14 756.67 13.22 62 1.34 0
10:15 756.67 13.28 62 1.34 0
10:16 756.67 13.33 62 1.34 0
10:17 756.67 13.39 62 .89 0
10:18 756.67 13.44 61 3.13 0
10:19 756.67 13.39 62 2.24 0
10:20 756.67 13.39 62 1.79 0
10:21 756.67 13.33 61 1.34 0
10:22 756.67 13.39 62 1.79 0
10:23 756.67 13.44 62 1.79 0
10:24 756.67 13.44 62 1.79 0
10:25 756.67 13.44 62 3.13 0
10:26 756.67 13.5 62 .89 0
10:27 756.67 13.5 62 1.34 0
10:28 756.67 13.5 62 .89 0
10:29 756.67 13.56 61 .89 0
10:30 756.67 13.56 62 1.34 0
10:31 756.67 13.61 62 1.34 0
10:32 756.67 13.67 62 .89 0
10:33 756.67 13.72 62 .89 0
10:34 756.67 13.78 61 1.34 0
10:35 756.67 13.83 61 1.79 0
10:36 756.67 13.89 61 .45 0
10:37 756.67 13.94 61 .89 0
10:38 756.67 14 61 3.13 0
10:39 756.67 14 61 1.34 0
10:40 756.67 14 61 .89 0
10:41 756.67 14.06 61 .89 0
10:42 756.67 14.06 61 1.34 0
10:43 756.67 14.06 61 1.34 0
10:44 756.67 14.17 61 0 0
10:45 756.67 14.22 61 .45 0
10:46 756.67 14.28 61 1.79 0
10:47 756.67 14.33 60 .89 0
10:48 756.67 14.39 61 .45 0
10:49 756.67 14.44 61 2.24 0
10:50 756.67 14.44 60 3.13 0
10:51 756.67 14.39 60 1.79 0
10:52 756.67 14.33 60 1.79 0
10:53 756.67 14.33 60 1.34 0
10:54 756.67 14.33 60 .45 0
10:55 756.67 14.33 61 2.24 0
10:56 756.67 14.44 60 1.34 0
10:57 756.67 14.44 60 2.24 0
10:58 756.67 14.5 60 2.68 0
10:59 756.67 14.56 60 1.34 0
11:00 756.67 14.5 60 3.13 0
11:01 756.67 14.56 60 4.02 0
11:02 756.67 14.56 60 1.79 0
11:03 756.67 14.56 60 .89 0
11:04 756.67 14.61 60 1.79 0
11:05 756.67 14.61 60 1.34 0
11:06 756.67 14.67 60 1.34 0
11:07 756.67 14.78 60 1.34 0
11:08 756.67 14.78 60 1.79 0
11:09 756.67 14.89 60 1.34 0
11:10 756.67 14.94 59 1.34 0
11:11 756.67 15 59 3.13 0
11:12 756.67 15 59 1.79 0
11:13 756.67 15 59 .89 0
11:14 756.67 15.06 59 2.68 0
11:15 756.67 15.11 60 2.24 0
11:16 756.67 15.17 59 1.34 0
11:17 756.67 15.22 60 .89 0
11:18 756.67 15.28 59 1.79 0
11:19 756.67 15.33 59 1.79 0
11:20 756.67 15.33 60 1.79 0
11:21 756.67 15.39 59 .89 0
11:22 756.67 15.39 59 1.34 0
11:23 756.67 15.44 59 1.79 0
11:24 756.67 15.56 59 .89 0
11:25 756.67 15.56 59 .45 0
11:26 756.67 15.61 59 1.34 0
11:27 756.67 15.61 59 3.13 0
11:28 756.67 15.67 58 2.24 0
11:29 756.67 15.67 58 .89 0
11:30 756.67 15.72 58 1.79 0
11:31 756.67 15.72 58 1.79 0
11:32 756.67 15.72 58 1.79 0
11:33 756.67 15.78 58 2.68 0
11:34 756.67 15.78 58 .89 0
11:35 756.67 15.89 58 1.79 0
11:36 756.67 15.89 58 3.13 0
11:37 756.67 15.89 58 3.13 0
11:38 756.67 15.83 58 1.79 0
11:39 756.67 15.83 58 1.34 0
11:40 756.67 15.89 58 .89 0
11:41 756.67 15.89 58 1.34 0
11:42 756.67 15.94 58 1.79 0
11:43 756.67 16.06 59 .89 0
11:44 756.67 16.06 58 1.34 0
11:45 756.67 16.17 58 1.79 0
11:46 756.67 16.28 58 .89 0
11:47 756.67 16.28 58 .45 0
11:48 756.67 16.33 58 1.34 0
11:49 756.67 16.44 57 1.79 0
11:50 756.67 16.44 57 1.34 0
11:51 756.67 16.44 57 1.79 0
11:52 756.67 16.5 57 2.68 0
11:53 756.67 16.56 56 1.79 0
11:54 756.67 16.56 56 1.79 0
11:55 756.67 16.61 57 1.79 0
11:56 756.67 16.67 57 3.58 0
11:57 756.67 16.72 56 1.79 0
11:58 756.67 16.72 56 2.68 0
11:59 756.67 16.72 56 2.68 0
12:00 756.67 16.72 56 3.58 0
12:01 756.67 16.72 56 1.79 0
12:02 756.67 16.78 56 0 0
12:03 756.67 16.83 56 1.34 0
12:04 756.67 16.83 56 1.79 0
12:05 756.67 16.83 56 3.13 0
12:06 756.67 16.83 55 1.34 0
12:07 756.67 16.83 56 .89 0
12:08 756.67 16.89 56 3.58 0
12:09 756.67 16.94 55 3.13 0
12:10 756.67 16.94 55 4.02 0
12:11 756.67 16.94 55 1.34 0
12:12 756.67 16.94 55 3.13 0
12:13 756.67 17 55 3.58 0
12:14 756.67 17 55 1.79 0
12:15 756.67 17.06 55 1.34 0
12:16 756.67 17.11 55 .89 0
12:17 756.67 17.17 55 1.34 0
12:18 756.67 17.22 54 4.02 0
12:19 756.67 17.17 55 4.47 0
12:20 756.67 17.17 55 3.13 0
12:21 756.67 17.17 55 3.13 0
12:22 756.67 17.11 55 3.13 0
12:23 756.67 17.11 55 2.24 0
12:24 756.67 17.11 55 1.79 0
12:25 756.67 17.17 55 4.92 0
12:26 756.67 17.17 55 .89 0
12:27 756.67 17.17 55 2.24 0
12:28 756.67 17.17 55 1.34 0
12:29 756.67 17.22 55 1.79 0
12:30 756.67 17.28 55 1.79 0
12:31 756.67 17.33 54 4.02 0
12:32 756.67 17.39 55 4.02 0
12:33 756.67 17.44 55 2.24 0
12:34 756.67 17.5 55 2.68 0
12:35 756.67 17.56 55 4.02 0
12:36 756.67 17.5 53 4.47 0
12:37 756.67 17.5 54 1.34 0
12:38 756.41 17.5 53 4.47 0
12:39 756.67 17.56 53 2.68 0
12:40 756.67 17.56 53 .89 0
12:41 756.67 17.61 54 2.68 0
12:42 756.67 17.72 53 4.02 0
12:43 756.67 17.72 53 3.58 0
12:44 756.67 17.78 53 1.79 0
12:45 756.67 17.83 53 2.68 0
12:46 756.41 17.94 53 1.34 0
12:47 756.67 18 53 4.02 0
12:48 756.41 18.06 52 2.24 0
12:49 756.67 18.06 52 3.13 0
12:50 756.67 18.11 52 3.13 0
12:51 756.67 18.11 52 3.58 0
12:52 756.67 18.11 52 2.24 0
12:53 756.41 18.06 52 4.92 0
12:54 756.41 18.06 52 5.81 0
12:55 756.41 17.94 52 5.36 0
12:56 756.67 17.89 52 2.68 0
12:57 756.41 17.83 52 5.36 0
12:58 756.41 17.89 52 5.36 0
12:59 756.41 17.83 53 4.02 0
13:00 756.41 17.89 53 2.24 0
13:01 756.41 17.89 52 4.02 0
13:02 756.41 17.89 52 1.34 0
13:03 756.41 17.94 53 2.24 0
13:04 756.41 18 52 3.13 0
13:05 756.41 18.06 52 2.24 0
13:06 756.41 18.06 52 2.68 0
13:07 756.41 18.11 52 4.47 0
13:08 756.41 18.17 52 1.79 0
13:09 756.41 18.17 53 .89 0
13:10 756.41 18.22 52 1.34 0
13:11 756.41 18.22 52 4.47 0
13:12 756.41 18.28 52 1.79 0
13:13 756.41 18.28 52 2.68 0
13:14 756.41 18.39 52 2.24 0
13:15 756.41 18.44 52 .89 0
13:16 756.41 18.5 52 4.02 0
13:17 756.41 18.56 52 3.13 0
13:18 756.41 18.56 52 1.79 0
13:19 756.41 18.61 52 5.81 0
13:20 756.41 18.61 51 4.02 0
13:21 756.41 18.67 50 4.92 0
13:22 756.41 18.72 50 3.58 0
13:23 756.41 18.72 49 3.58 0
13:24 756.41 18.72 50 3.58 0
13:25 756.41 18.78 50 2.24 0
13:26 756.41 18.78 50 2.24 0
13:27 756.41 18.83 50 3.58 0
13:28 756.41 18.89 50 2.24 0
13:29 756.41 18.89 50 3.13 0
13:30 756.41 18.94 50 2.68 0
13:31 756.41 19 50 3.13 0
13:32 756.41 19.06 50 1.79 0
13:33 756.41 19.11 51 1.79 0
13:34 756.41 19.17 51 4.02 0
13:35 756.41 19.22 50 3.58 0
13:36 756.41 19.22 49 4.92 0
13:37 756.41 19.22 49 4.02 0
13:38 756.41 19.17 49 3.13 0
13:39 756.41 19.17 49 2.68 0
13:40 756.41 19.11 49 3.58 0
13:41 756.41 19.17 49 4.47 0
13:42 756.41 19.17 49 5.36 0
13:43 756.41 19.11 48 4.47 0
13:44 756.41 19.11 49 5.81 0
13:45 756.41 19.06 49 4.02 0
13:46 756.41 19.06 50 2.68 0
13:47 756.41 19.06 50 1.79 0
13:48 756.41 19.06 50 2.68 0
13:49 756.41 19.11 49 3.13 0
13:50 756.41 19.17 50 4.92 0
13:51 756.41 19.17 49 4.02 0
13:52 756.41 19.22 49 5.36 0
13:53 756.41 19.22 49 4.47 0
13:54 756.41 19.22 50 2.68 0
13:55 756.41 19.22 50 1.34 0
13:56 756.41 19.28 49 3.13 0
13:57 756.41 19.33 49 4.47 0
13:58 756.41 19.33 49 2.24 0
13:59 756.41 19.39 49 3.13 0
14:00 756.41 19.39 48 3.13 0
14:01 756.41 19.44 49 1.34 0
14:02 756.41 19.44 48 4.02 0
14:03 756.41 19.5 48 2.68 0
14:04 756.41 19.56 49 2.68 0
14:05 756.41 19.56 48 3.13 0
14:06 756.16 19.56 48 4.02 0
14:07 756.41 19.56 48 5.36 0
14:08 756.41 19.5 48 3.58 0
14:09 756.41 19.5 48 2.68 0
14:10 756.41 19.5 48 4.02 0
14:11 756.16 19.5 48 .45 0
14:12 756.41 19.56 48 3.58 0
14:13 756.16 19.56 48 3.58 0
14:14 756.16 19.56 47 3.13 0
14:15 756.41 19.56 46 4.02 0
14:16 756.16 19.5 47 2.24 0
14:17 756.16 19.44 47 3.58 0
14:18 756.41 19.5 48 1.34 0
14:19 756.16 19.5 48 5.81 0
14:20 756.16 19.5 47 2.24 0
14:21 756.16 19.5 47 2.68 0
14:22 756.16 19.56 47 4.47 0
14:23 756.41 19.5 47 2.68 0
14:24 756.41 19.5 48 4.47 0
14:25 756.16 19.5 48 3.13 0
14:26 756.16 19.5 47 7.6 0
14:27 756.16 19.44 47 5.81 0
14:28 756.16 19.39 47 6.26 0
14:29 756.16 19.39 47 1.79 0
14:30 756.16 19.39 48 3.58 0
14:31 756.16 19.39 48 5.81 0
14:32 756.16 19.39 47 4.02 0
14:33 756.16 19.44 48 4.47 0
14:34 756.16 19.44 48 4.92 0
14:35 756.16 19.44 48 .89 0
14:36 756.16 19.5 48 3.13 0
14:37 756.16 19.56 48 3.13 0
14:38 756.16 19.56 47 4.02 0
14:39 756.16 19.61 48 2.24 0
14:40 756.16 19.61 48 .89 0
14:41 756.16 19.67 47 3.58 0
14:42 756.16 19.72 47 3.58 0
14:43 756.16 19.78 46 3.58 0
14:44 756.16 19.78 46 1.79 0
14:45 756.16 19.78 45 3.58 0
14:46 756.16 19.78 46 4.92 0
14:47 756.16 19.83 45 5.36 0
14:48 756.16 19.78 45 4.47 0
14:49 756.16 19.78 45 4.92 0
14:50 756.16 19.78 45 6.26 0
14:51 756.16 19.83 44 3.58 0
14:52 756.16 19.78 45 2.24 0
14:53 756.16 19.78 45 2.24 0
14:54 756.16 19.78 45 3.13 0
14:55 756.16 19.78 44 1.34 0
14:56 756.16 19.78 45 6.26 0
14:57 756.16 19.78 45 3.58 0
14:58 756.16 19.83 45 3.58 0
14:59 756.16 19.83 44 3.13 0
15:00 756.16 19.83 44 5.81 0
15:01 756.16 19.83 43 2.68 0
15:02 756.16 19.78 44 6.71 0
15:03 756.16 19.78 44 2.24 0
15:04 756.16 19.83 44 2.24 0
15:05 756.16 19.78 44 .45 0
15:06 756.16 19.83 44 5.81 0
15:07 756.16 19.83 44 .89 0
15:08 756.16 19.83 44 1.34 0
15:09 756.16 19.83 44 2.24 0
15:10 756.16 19.83 44 1.34 0
15:11 756.16 19.89 44 4.92 0
15:12 756.16 19.89 44 1.79 0
15:13 756.16 19.83 44 2.24 0
15:14 756.16 19.83 44 1.34 0
15:15 756.16 19.83 45 5.36 0
15:16 756.16 19.83 45 3.13 0
15:17 756.16 19.83 45 1.79 0
15:18 756.16 19.89 44 7.15 0
15:19 756.16 19.83 44 4.02 0
15:20 756.16 19.83 44 3.13 0
15:21 756.16 19.83 44 3.13 0
15:22 756.16 19.83 44 6.71 0
15:23 756.16 19.78 44 5.36 0
15:24 756.16 19.78 44 5.81 0
15:25 755.9 19.72 44 3.58 0
15:26 756.16 19.72 44 6.26 0
15:27 755.9 19.72 44 1.34 0
15:28 756.16 19.72 44 1.79 0
15:29 755.9 19.72 44 1.79 0
15:30 755.9 19.78 45 2.24 0
15:31 755.9 19.78 45 3.13 0
15:32 755.9 19.83 45 4.02 0
15:33 755.9 19.83 44 2.24 0
15:34 755.9 19.83 45 6.26 0
15:35 755.9 19.83 45 1.34 0
15:36 755.9 19.78 45 1.79 0
15:37 755.9 19.78 44 3.13 0
15:38 755.9 19.78 45 .89 0
15:39 755.9 19.72 45 4.02 0
15:40 755.9 19.78 45 3.13 0
15:41 755.9 19.72 45 1.79 0
15:42 755.9 19.72 45 3.13 0
15:43 756.16 19.72 45 4.02 0
15:44 755.9 19.72 45 2.68 0
15:45 755.9 19.72 45 4.47 0
15:46 755.9 19.72 45 7.15 0
15:47 755.9 19.72 45 5.36 0
15:48 755.9 19.67 45 3.58 0
15:49 756.16 19.67 45 4.02 0
15:50 755.9 19.67 45 3.13 0
15:51 755.9 19.67 45 4.02 0
15:52 755.9 19.61 45 1.34 0
15:53 755.9 19.67 45 4.92 0
15:54 755.9 19.67 45 2.68 0
15:55 755.9 19.61 45 2.24 0
15:56 755.9 19.61 45 1.34 0
15:57 755.9 19.67 45 .89 0
15:58 755.9 19.67 45 2.24 0
15:59 755.9 19.67 45 3.13 0
16:00 755.9 19.67 45 2.68 0
16:01 755.9 19.67 46 2.24 0
16:02 756.16 19.61 45 4.92 0
16:03 755.9 19.61 45 5.81 0
16:04 755.9 19.61 45 4.47 0
16:05 755.9 19.56 45 4.02 0
16:06 755.9 19.5 45 4.47 0
16:07 755.9 19.5 46 3.13 0
16:08 755.9 19.5 46 6.26 0
16:09 755.9 19.44 45 6.71 0
16:10 755.9 19.44 45 5.36 0
16:11 755.9 19.39 46 2.24 0
16:12 755.9 19.39 46 4.47 0
16:13 755.9 19.39 46 4.47 0
16:14 755.9 19.44 46 3.58 0
16:15 755.9 19.39 46 2.24 0
16:16 755.9 19.44 46 3.58 0
16:17 755.9 19.39 46 6.26 0
16:18 755.9 19.39 45 4.47 0
16:19 755.9 19.39 46 4.47 0
16:20 755.9 19.33 46 4.02 0
16:21 755.9 19.33 46 3.13 0
16:22 755.9 19.33 46 3.58 0
16:23 755.9 19.33 46 1.79 0
16:24 755.9 19.33 46 2.68 0
16:25 755.9 19.33 47 5.36 0
16:26 755.9 19.33 46 5.81 0
16:27 755.9 19.33 46 4.92 0
16:28 755.9 19.33 46 3.58 0
16:29 755.9 19.33 46 4.02 0
16:30 755.9 19.28 46 4.47 0
16:31 755.9 19.28 46 1.34 0
16:32 755.9 19.28 46 3.13 0
16:33 755.9 19.28 46 4.47 0
16:34 755.9 19.22 46 1.34 0
16:35 755.9 19.22 46 4.02 0
16:36 755.9 19.22 47 4.02 0
16:37 755.9 19.22 47 3.58 0
16:38 755.9 19.22 46 4.47 0
16:39 755.9 19.17 47 2.24 0
16:40 755.9 19.17 47 .45 0
16:41 755.9 19.17 47 2.24 0
16:42 755.9 19.17 47 4.02 0
16:43 755.9 19.11 47 3.58 0
16:44 755.9 19.06 47 3.58 0
16:45 755.9 19.06 47 4.47 0
16:46 755.9 19.06 47 4.47 0
16:47 755.9 19 47 1.34 0
16:48 755.9 19 48 1.34 0
16:49 755.9 19 48 2.68 0
16:50 755.9 19 47 1.34 0
16:51 756.16 19 48 2.24 0
16:52 755.9 19 48 4.47 0
16:53 755.9 18.94 48 4.02 0
16:54 755.9 18.94 48 3.58 0
16:55 756.16 18.89 48 2.24 0
16:56 756.16 18.94 48 3.13 0
16:57 755.9 18.89 48 2.68 0
16:58 756.16 18.83 48 2.24 0
16:59 756.16 18.83 48 1.34 0
17:00 755.9 18.78 48 2.68 0
17:01 755.9 18.83 48 2.68 0
17:02 756.16 18.78 48 3.58 0
17:03 756.16 18.72 49 2.24 0
17:04 756.16 18.72 49 2.68 0
17:05 756.16 18.67 49 1.34 0
17:06 756.16 18.61 49 3.13 0
17:07 756.16 18.61 49 1.79 0
17:08 756.16 18.56 49 1.79 0
17:09 756.16 18.56 49 4.47 0
17:10 756.16 18.56 49 1.79 0
17:11 756.16 18.5 49 3.58 0
17:12 756.16 18.5 49 2.24 0
17:13 756.16 18.44 49 1.79 0
17:14 756.16 18.44 50 .89 0
17:15 756.16 18.39 49 3.58 0
17:16 756.16 18.39 50 1.79 0
17:17 756.16 18.33 50 3.13 0
17:18 756.16 18.33 50 3.58 0
17:19 756.16 18.28 50 .89 0
17:20 756.16 18.28 50 4.47 0
17:21 756.16 18.28 50 1.34 0
17:22 756.16 18.22 50 2.68 0
17:23 756.16 18.22 50 1.34 0
17:24 756.16 18.17 50 1.34 0
17:25 756.16 18.17 50 2.24 0
17:26 756.16 18.11 51 2.24 0
17:27 756.16 18.06 51 1.79 0
17:28 756.16 18.06 51 1.79 0
17:29 756.16 18 51 3.58 0
17:30 756.16 17.94 51 1.79 0
17:31 756.16 17.89 51 1.34 0
17:32 756.16 17.83 51 1.34 0
17:33 756.16 17.83 52 1.79 0
17:34 756.16 17.78 52 2.24 0
17:35 756.16 17.72 52 1.79 0
17:36 756.16 17.67 52 .89 0
17:37 756.16 17.61 52 2.68 0
17:38 756.16 17.61 52 3.13 0
17:39 756.16 17.56 52 .89 0
17:40 756.16 17.5 53 1.79 0
17:41 756.16 17.5 53 1.79 0
17:42 756.16 17.44 53 2.24 0
17:43 756.16 17.39 53 1.79 0
17:44 756.16 17.33 53 1.79 0
17:45 756.16 17.33 53 1.34 0
17:46 756.16 17.33 53 .89 0
17:47 756.16 17.28 53 .89 0
17:48 756.16 17.22 54 1.34 0
17:49 756.16 17.17 54 1.79 0
17:50 756.16 17.17 53 .89 0
17:51 756.16 17.11 54 1.79 0
17:52 756.16 17.11 54 2.68 0
17:53 756.16 17.06 54 1.34 0
17:54 756.16 17.06 54 1.79 0
17:55 756.16 17 54 1.34 0
17:56 756.16 16.94 54 2.24 0
17:57 756.16 16.94 54 1.79 0
17:58 756.16 16.89 54 1.79 0
17:59 756.16 16.89 55 1.34 0
18:00 756.16 16.83 54 .89 0
18:01 756.16 16.83 54 1.79 0
18:02 756.16 16.78 55 2.24 0
18:03 756.16 16.72 55 1.79 0
18:04 756.16 16.67 55 1.79 0
18:05 756.16 16.72 55 .89 0
18:06 756.16 16.67 55 1.34 0
18:07 756.16 16.67 55 1.34 0
18:08 756.16 16.61 55 1.34 0
18:09 756.16 16.56 55 1.34 0
18:10 756.16 16.56 55 1.34 0
18:11 756.16 16.56 55 1.79 0
18:12 756.16 16.44 55 1.34 0
18:13 756.16 16.44 55 .89 0
18:14 756.16 16.44 56 .89 0
18:15 756.16 16.39 56 .89 0
18:16 756.16 16.33 56 .89 0
18:17 756.16 16.28 56 1.34 0
18:18 756.16 16.28 56 1.34 0
18:19 756.16 16.22 56 1.34 0
18:20 756.16 16.22 56 1.34 0
18:21 756.16 16.17 57 .89 0
18:22 756.16 16.11 57 .89 0
18:23 756.16 16.06 57 .89 0
18:24 756.16 16.06 57 1.34 0
18:25 756.16 16 57 .89 0
18:26 756.16 15.94 57 1.34 0
18:27 756.16 15.94 57 1.34 0
18:28 756.16 15.94 58 1.34 0
18:29 756.16 15.89 57 1.34 0
18:30 756.16 15.89 58 1.34 0
18:31 756.16 15.83 57 .89 0
18:32 756.16 15.83 58 .45 0
18:33 756.16 15.83 58 .89 0
18:34 756.16 15.78 58 1.79 0
18:35 756.16 15.78 58 1.34 0
18:36 756.16 15.78 58 1.34 0
18:37 756.16 15.72 58 1.79 0
18:38 756.16 15.72 58 .45 0
18:39 756.16 15.72 58 1.79 0
18:40 756.16 15.67 58 .89 0
18:41 756.16 15.67 58 1.34 0
18:42 756.16 15.61 58 1.34 0
18:43 756.16 15.61 58 .89 0
18:44 756.16 15.56 59 1.34 0
18:45 756.16 15.56 59 1.34 0
18:46 756.16 15.5 59 1.34 0
18:47 756.16 15.56 59 1.79 0
18:48 756.41 15.44 59 1.34 0
18:49 756.16 15.44 59 .89 0
18:50 756.16 15.44 59 .89 0
18:51 756.16 15.39 59 1.79 0
18:52 756.16 15.39 59 .89 0
18:53 756.16 15.33 59 1.34 0
18:54 756.16 15.33 59 1.34 0
18:55 756.16 15.33 59 1.34 0
18:56 756.16 15.33 59 1.34 0
18:57 756.16 15.28 60 1.34 0
18:58 756.16 15.28 60 1.34 0
18:59 756.16 15.22 60 1.34 0
19:00 756.41 15.22 60 .89 0
19:01 756.41 15.22 60 1.34 0
19:02 756.41 15.17 60 .89 0
19:03 756.16 15.17 60 1.34 0
19:04 756.16 15.17 60 1.34 0
19:05 756.16 15.17 60 1.34 0
19:06 756.16 15.11 60 .45 0
19:07 756.16 15.11 60 .89 0
19:08 756.16 15.11 60 1.34 0
19:09 756.41 15.06 60 1.34 0
19:10 756.16 15.06 60 1.79 0
19:11 756.16 15.06 60 1.79 0
19:12 756.16 15 60 1.34 0
19:13 756.41 15 60 1.34 0
19:14 756.16 15 60 1.79 0
19:15 756.16 14.94 60 1.34 0
19:16 756.16 14.94 60 .89 0
19:17 756.16 14.94 60 .45 0
19:18 756.16 14.89 61 .89 0
19:19 756.16 14.83 61 1.79 0
19:20 756.16 14.83 61 .89 0
19:21 756.16 14.83 61 .89 0
19:22 756.16 14.78 61 .89 0
19:23 756.16 14.78 61 1.79 0
19:24 756.16 14.72 61 1.34 0
19:25 756.41 14.72 61 1.34 0
19:26 756.16 14.67 62 .89 0
19:27 756.16 14.67 62 .89 0
19:28 756.16 14.61 62 .89 0
19:29 756.16 14.61 62 .89 0
19:30 756.16 14.56 62 1.79 0
19:31 756.16 14.56 62 1.34 0
19:32 756.41 14.56 62 1.34 0
19:33 756.16 14.56 62 1.79 0
19:34 756.16 14.5 62 .89 0
19:35 756.16 14.5 62 1.34 0
19:36 756.41 14.5 62 .89 0
19:37 756.41 14.44 62 .89 0
19:38 756.41 14.44 63 .89 0
19:39 756.16 14.39 63 .45 0
19:40 756.41 14.39 63 1.34 0
19:41 756.41 14.33 63 .89 0
19:42 756.41 14.33 63 .89 0
19:43 756.41 14.28 63 1.79 0
19:44 756.41 14.28 63 1.34 0
19:45 756.41 14.28 63 1.34 0
19:46 756.41 14.22 63 1.34 0
19:47 756.41 14.22 63 1.34 0
19:48 756.41 14.17 63 .89 0
19:49 756.41 14.17 63 .89 0
19:50 756.41 14.17 64 1.34 0
19:51 756.41 14.17 64 1.34 0
19:52 756.41 14.17 64 .89 0
19:53 756.41 14.17 64 .45 0
19:54 756.41 14.11 64 .89 0
19:55 756.41 14.06 64 .89 0
19:56 756.41 14.06 64 .89 0
19:57 756.41 14.06 64 1.34 0
19:58 756.41 14.06 64 .45 0
19:59 756.41 14.06 64 .45 0
20:00 756.41 14.06 64 .89 0
20:01 756.41 14.06 64 .89 0
20:02 756.41 14.06 64 1.79 0
20:03 756.67 14.06 64 .89 0
20:04 756.67 14 64 .89 0
20:05 756.67 14.06 64 .45 0
20:06 756.67 14 64 .89 0
20:07 756.67 14 64 .89 0
20:08 756.67 13.94 65 .45 0
20:09 756.67 14 65 1.34 0
20:10 756.67 13.94 65 .45 0
20:11 756.67 13.94 65 .89 0
20:12 756.67 13.94 65 1.79 0
20:13 756.67 13.94 65 .89 0
20:14 756.67 13.94 65 3.13 0
20:15 756.67 13.94 65 1.34 0
20:16 756.67 13.94 65 .89 0
20:17 756.67 13.94 65 1.79 0
20:18 756.67 13.94 65 1.34 0
20:19 756.67 13.94 65 .89 0
20:20 756.67 13.94 65 1.79 0
20:21 756.67 13.89 65 1.34 0
20:22 756.67 13.89 65 .89 0
20:23 756.67 13.83 65 1.34 0
20:24 756.67 13.83 65 1.79 0
20:25 756.67 13.78 66 1.34 0
20:26 756.67 13.78 66 1.34 0
20:27 756.67 13.78 66 1.34 0
20:28 756.67 13.72 66 1.34 0
20:29 756.67 13.72 66 1.34 0
20:30 756.67 13.72 66 2.24 0
20:31 756.67 13.72 66 1.34 0
20:32 756.67 13.72 66 1.34 0
20:33 756.67 13.72 66 2.24 0
20:34 756.67 13.72 66 1.79 0
20:35 756.67 13.72 66 1.34 0
20:36 756.67 13.72 66 1.79 0
20:37 756.67 13.72 66 1.34 0
20:38 756.67 13.78 66 .89 0
20:39 756.67 13.78 66 1.34 0
20:40 756.67 13.78 66 2.24 0
20:41 756.67 13.72 66 3.13 0
20:42 756.67 13.72 66 1.34 0
20:43 756.67 13.78 66 2.24 0
20:44 756.67 13.72 66 1.34 0
20:45 756.67 13.72 66 1.34 0
20:46 756.67 13.72 66 3.13 0
20:47 756.67 13.72 66 1.79 0
20:48 756.67 13.72 66 1.79 0
20:49 756.92 13.72 66 2.24 0
20:50 756.92 13.72 66 1.79 0
20:51 756.92 13.72 66 1.34 0
20:52 756.92 13.72 66 1.34 0
20:53 756.92 13.72 66 1.34 0
20:54 756.92 13.72 66 1.79 0
20:55 756.92 13.72 66 3.58 0
20:56 756.92 13.72 66 1.34 0
20:57 756.92 13.72 66 3.13 0
20:58 756.92 13.72 66 2.24 0
20:59 756.92 13.72 66 1.34 0
21:00 756.92 13.67 66 1.79 0
21:01 756.92 13.72 66 1.79 0
21:02 756.92 13.67 66 2.24 0
21:03 756.92 13.67 66 1.79 0
21:04 756.92 13.67 66 1.79 0
21:05 756.92 13.61 66 2.24 0
21:06 756.92 13.61 66 1.34 0
21:07 756.92 13.61 66 3.13 0
21:08 756.92 13.61 66 2.24 0
21:09 756.92 13.61 66 1.79 0
21:10 756.92 13.61 66 1.79 0
21:11 756.92 13.56 66 1.79 0
21:12 756.92 13.56 66 1.34 0
21:13 756.92 13.56 66 1.79 0
21:14 756.92 13.5 66 1.34 0
21:15 756.92 13.5 67 1.34 0
21:16 756.92 13.5 67 .89 0
21:17 756.92 13.44 67 .89 0
21:18 756.92 13.44 67 1.34 0
21:19 756.92 13.39 67 .89 0
21:20 756.92 13.33 67 .89 0
21:21 756.92 13.33 67 1.79 0
21:22 756.92 13.33 67 1.34 0
21:23 756.92 13.33 67 3.13 0
21:24 756.92 13.28 67 1.79 0
21:25 756.92 13.28 67 1.79 0
21:26 756.92 13.28 67 1.79 0
21:27 756.92 13.28 67 1.34 0
21:28 756.92 13.22 67 .89 0
21:29 756.92 13.28 67 1.79 0
21:30 756.92 13.28 67 .89 0
21:31 756.92 13.22 67 1.34 0
21:32 756.92 13.22 68 1.34 0
21:33 756.92 13.17 68 1.79 0
21:34 756.92 13.17 68 1.79 0
21:35 756.92 13.17 68 1.34 0
21:36 756.92 13.17 68 3.13 0
21:37 756.92 13.17 68 2.24 0
21:38 756.92 13.17 68 1.34 0
21:39 756.92 13.17 68 1.79 0
21:40 756.92 13.11 68 1.79 0
21:41 756.92 13.17 68 1.34 0
21:42 756.92 13.11 68 1.79 0
21:43 756.92 13.06 68 1.79 0
21:44 756.92 13.06 68 1.79 0
21:45 756.92 13.06 68 1.34 0
21:46 756.92 13.06 68 1.79 0
21:47 756.92 13 68 3.58 0
21:48 756.92 13 68 1.79 0
21:49 756.92 13 68 2.24 0
21:50 756.92 13 68 1.34 0
21:51 756.92 13 68 .89 0
21:52 756.92 12.94 68 .89 0
21:53 756.92 12.94 68 1.34 0
21:54 756.92 12.94 69 .89 0
21:55 756.92 12.89 69 1.34 0
21:56 756.92 12.89 69 1.79 0
21:57 756.92 12.89 69 1.34 0
21:58 756.92 12.89 69 .89 0
21:59 756.92 12.89 69 .89 0
22:00 756.92 12.83 69 .89 0
22:01 756.92 12.83 69 1.34 0
22:02 756.92 12.83 69 1.34 0
22:03 756.92 12.83 69 1.34 0
22:04 756.92 12.78 69 .89 0
22:05 756.92 12.78 69 1.79 0
22:06 756.92 12.78 69 1.34 0
22:07 756.92 12.72 69 .89 0
22:08 756.92 12.78 69 1.34 0
22:09 756.92 12.72 69 1.79 0
22:10 756.92 12.72 69 .89 0
22:11 756.92 12.72 69 .89 0
22:12 756.92 12.72 69 .89 0
22:13 756.92 12.67 69 1.34 0
22:14 756.92 12.72 70 2.24 0
22:15 756.92 12.72 69 1.34 0
22:16 756.92 12.67 70 1.34 0
22:17 756.92 12.67 70 2.24 0
22:18 756.92 12.67 69 1.79 0
22:19 756.92 12.67 69 1.34 0
22:20 756.92 12.67 70 1.34 0
22:21 756.92 12.61 70 1.79 0
22:22 756.92 12.61 70 1.79 0
22:23 756.92 12.61 70 1.34 0
22:24 756.92 12.61 70 1.34 0
22:25 756.92 12.61 70 .89 0
22:26 756.92 12.56 70 1.34 0
22:27 756.92 12.56 70 1.34 0
22:28 756.92 12.56 70 1.34 0
22:29 756.92 12.56 70 .89 0
22:30 756.92 12.56 70 1.34 0
22:31 756.92 12.5 70 .89 0
22:32 756.92 12.5 70 .89 0
22:33 756.92 12.5 70 .89 0
22:34 756.92 12.44 70 .89 0
22:35 756.92 12.44 70 .45 0
22:36 756.92 12.44 70 .89 0
22:37 756.92 12.39 70 .89 0
22:38 756.92 12.44 70 .89 0
22:39 756.92 12.39 70 1.79 0
22:40 757.17 12.39 70 .89 0
22:41 756.92 12.39 70 1.34 0
22:42 756.92 12.39 70 .89 0
22:43 757.17 12.33 70 1.34 0
22:44 756.92 12.33 70 .89 0
22:45 757.17 12.33 70 .89 0
22:46 757.17 12.33 70 1.34 0
22:47 757.17 12.28 70 .45 0
22:48 757.17 12.33 70 .89 0
22:49 757.17 12.28 70 .89 0
22:50 757.17 12.28 70 .89 0
22:51 757.17 12.28 71 1.34 0
22:52 756.92 12.22 71 1.34 0
22:53 757.17 12.17 71 1.34 0
22:54 757.17 12.17 71 .89 0
22:55 757.17 12.17 71 .89 0
22:56 757.17 12.11 71 1.79 0
22:57 756.92 12.11 71 1.79 0
22:58 757.17 12.11 71 .89 0
22:59 757.17 12.06 71 1.34 0
23:00 757.17 12.06 71 1.34 0
23:01 756.92 12.06 71 1.34 0
23:02 757.17 12 71 1.79 0
23:03 756.92 12 71 2.24 0
23:04 756.92 12 71 1.34 0
23:05 756.92 12 71 1.34 0
23:06 756.92 11.94 71 1.34 0
23:07 757.17 11.94 71 1.79 0
23:08 757.17 11.94 71 1.34 0
23:09 757.17 11.94 71 .89 0
23:10 757.17 11.94 71 .89 0
23:11 757.17 11.94 71 2.24 0
23:12 756.92 11.89 71 .89 0
23:13 756.92 11.89 71 1.34 0
23:14 756.92 11.89 71 1.34 0
23:15 756.92 11.83 71 .45 0
23:16 756.92 11.83 71 1.34 0
23:17 756.92 11.83 71 .45 0
23:18 756.92 11.78 72 .89 0
23:19 756.92 11.78 72 .45 0
23:20 756.92 11.72 72 1.34 0
23:21 756.92 11.72 72 .45 0
23:22 757.17 11.72 72 .45 0
23:23 756.92 11.67 72 .89 0
23:24 757.17 11.61 72 .89 0
23:25 756.92 11.61 72 1.34 0
23:26 756.92 11.56 72 .89 0
23:27 757.17 11.56 72 .89 0
23:28 756.92 11.56 72 .45 0
23:29 757.17 11.56 72 .45 0
23:30 756.92 11.5 72 .89 0
23:31 756.92 11.5 72 .89 0
23:32 756.92 11.44 72 1.34 0
23:33 756.92 11.44 72 1.34 0
23:34 756.92 11.44 72 1.34 0
23:35 756.92 11.39 72 .89 0
23:36 757.17 11.39 72 1.79 0
23:37 756.92 11.39 72 1.34 0
23:38 756.92 11.39 72 1.79 0
23:39 756.92 11.33 72 1.34 0
23:40 756.92 11.33 72 1.34 0
23:41 756.92 11.33 72 1.79 0
23:42 756.92 11.33 72 .45 0
23:43 756.92 11.33 72 1.34 0
23:44 756.92 11.28 72 1.79 0
23:45 756.92 11.22 72 1.34 0
23:46 757.17 11.28 72 1.79 0
23:47 756.92 11.28 72 .89 0
23:48 757.17 11.22 72 .45 0
23:49 756.92 11.22 72 .89 0
23:50 756.92 11.17 72 .45 0
23:51 756.92 11.17 72 1.34 0
23:52 756.92 11.11 72 1.34 0
23:53 756.92 11.11 72 1.34 0
23:54 756.92 11.11 72 1.34 0
23:55 756.92 11.11 73 1.79 0
23:56 756.92 11.06 73 1.34 0
23:57 756.92 11.06 73 1.79 0
23:58 756.92 11 73 1.34 0
23:59 756.92 11 73 .45 0
