00:00 737.62 13 93 .89 0
00:01 737.62 13 93 1.34 0
00:02 737.62 13 93 1.34 0
00:03 737.62 13 93 1.34 0
00:04 737.62 12.94 93 .89 0
00:05 737.62 12.94 93 1.34 0
00:06 737.62 12.94 93 1.34 0
00:07 737.62 12.94 93 1.79 0
00:08 737.62 12.94 93 1.79 0
00:09 737.62 12.94 93 1.34 0
00:10 737.62 12.94 93 1.34 0
00:11 737.62 12.94 93 1.34 0
00:12 737.62 12.94 93 1.34 0
00:13 737.62 12.94 93 1.79 0
00:14 737.62 12.94 93 .89 0
00:15 737.62 12.94 93 1.34 0
00:16 737.62 12.94 93 1.34 0
00:17 737.62 12.94 93 .89 0
00:18 737.62 12.94 93 1.34 0
00:19 737.62 12.94 93 .89 0
00:20 737.62 12.94 93 1.34 0
00:21 737.62 12.94 93 1.79 0
00:22 737.62 12.94 93 1.34 0
00:23 737.62 12.94 93 1.79 0
00:24 737.62 12.94 93 2.24 0
00:25 737.62 12.94 93 1.79 0
00:26 737.62 12.94 93 1.34 0
00:27 737.62 12.94 93 .89 0
00:28 737.62 12.94 93 1.34 0
00:29 737.62 12.89 93 1.79 0
00:30 737.62 12.94 93 1.79 0
00:31 737.62 12.94 93 1.34 0
00:32 737.62 12.94 93 .89 0
00:33 737.62 12.94 93 .89 0
00:34 737.62 12.89 93 1.34 0
00:35 737.62 12.94 93 .89 0
00:36 737.62 12.89 93 .89 0
00:37 737.62 12.94 93 1.34 0
00:38 737.62 12.94 93 1.79 0
00:39 737.62 12.94 93 1.34 0
00:40 737.62 12.89 94 .89 0
00:41 737.62 12.89 93 1.34 0
00:42 737.62 12.89 93 1.79 0
00:43 737.62 12.94 93 2.24 0
00:44 737.62 12.94 93 1.79 0
00:45 737.62 12.89 93 1.34 0
00:46 737.62 12.94 93 1.34 0
00:47 737.62 12.94 93 1.79 0
00:48 737.62 12.94 93 1.79 0
00:49 737.62 12.94 93 1.34 0
00:50 737.62 12.94 94 .89 0
00:51 737.62 12.94 93 2.24 0
00:52 737.87 12.89 94 .89 0
00:53 737.87 12.94 93 1.79 0
00:54 737.87 12.94 94 1.79 0
00:55 737.87 12.89 93 1.34 0
00:56 737.87 12.89 93 1.79 0
00:57 737.87 12.94 93 1.34 0
00:58 737.87 12.89 93 1.34 0
00:59 737.87 12.89 93 1.79 0
01:00 737.62 12.89 93 .89 0
01:01 737.62 12.89 93 1.34 0
01:02 737.87 12.89 93 1.79 0
01:03 737.62 12.89 93 1.79 0
01:04 737.62 12.83 93 1.34 0
01:05 737.62 12.83 93 3.13 0
01:06 737.62 12.83 93 1.79 0
01:07 737.87 12.83 93 2.24 0
01:08 737.62 12.78 93 1.34 0
01:09 737.87 12.78 93 3.58 0
01:10 737.87 12.78 93 3.13 0
01:11 737.62 12.78 93 1.79 0
01:12 737.62 12.72 93 1.34 0
01:13 737.87 12.72 93 2.24 0
01:14 737.87 12.72 93 .89 0
01:15 737.87 12.72 93 1.79 0
01:16 737.87 12.72 93 .45 0
01:17 737.87 12.72 93 .89 0
01:18 737.87 12.72 93 1.34 0
01:19 737.62 12.72 93 1.79 0
01:20 737.87 12.67 93 1.79 0
01:21 737.87 12.67 93 1.34 0
01:22 737.87 12.67 93 .89 0
01:23 737.87 12.61 93 2.24 0
01:24 737.87 12.61 93 2.24 0
01:25 737.87 12.56 93 2.24 0
01:26 737.87 12.56 93 .89 0
01:27 737.87 12.56 93 2.24 0
01:28 737.87 12.56 93 1.79 0
01:29 737.87 12.56 93 1.79 0
01:30 737.87 12.56 93 .89 0
01:31 737.87 12.56 93 2.24 0
01:32 737.87 12.56 93 1.34 0
01:33 737.62 12.5 93 1.79 0
01:34 737.62 12.5 93 .89 0
01:35 737.87 12.5 93 1.79 0
01:36 737.62 12.5 93 1.79 0
01:37 737.62 12.44 93 1.34 0
01:38 737.62 12.44 93 1.34 0
01:39 737.62 12.44 93 .89 0
01:40 737.62 12.44 93 1.34 0
01:41 737.62 12.44 93 .89 0
01:42 737.87 12.44 93 1.34 0
01:43 737.87 12.44 93 .89 0
01:44 737.87 12.44 93 1.79 0
01:45 737.87 12.39 93 2.24 0
01:46 737.87 12.39 93 1.79 0
01:47 737.87 12.33 93 2.24 0
01:48 737.87 12.33 93 .89 0
01:49 737.87 12.33 93 1.79 0
01:50 737.62 12.28 93 1.34 0
01:51 737.62 12.28 93 .89 0
01:52 737.87 12.33 93 1.34 0
01:53 737.62 12.33 93 .89 0
01:54 737.62 12.28 93 .89 0
01:55 737.62 12.28 93 .45 0
01:56 737.87 12.28 93 .89 0
01:57 737.62 12.28 93 .89 0
01:58 737.62 12.28 93 1.34 0
01:59 737.62 12.28 93 .89 0
02:00 737.62 12.28 93 .89 0
02:01 737.62 12.28 93 1.34 0
02:02 737.62 12.28 93 1.34 0
02:03 737.62 12.22 93 1.79 0
02:04 737.62 12.28 93 0 0
02:05 737.62 12.22 93 1.34 0
02:06 737.87 12.22 93 1.34 0
02:07 737.62 12.22 93 1.79 0
02:08 737.62 12.22 93 1.34 0
02:09 737.87 12.22 93 .89 0
02:10 737.62 12.22 93 1.79 0
02:11 737.62 12.22 93 .89 0
02:12 737.87 12.22 93 .89 0
02:13 737.62 12.22 93 .89 0
02:14 737.62 12.22 93 .45 0
02:15 737.87 12.22 93 1.34 0
02:16 737.87 12.22 93 .89 0
02:17 737.87 12.22 93 .89 0
02:18 737.87 12.22 93 .89 0
02:19 737.87 12.17 93 .45 0
02:20 737.87 12.17 93 .45 0
02:21 737.87 12.17 93 .89 0
02:22 737.87 12.17 93 1.34 0
02:23 737.62 12.22 93 .89 0
02:24 737.87 12.17 93 .89 0
02:25 737.62 12.17 93 .89 0
02:26 737.87 12.17 93 .45 0
02:27 737.87 12.22 93 1.79 0
02:28 737.87 12.17 93 .89 0
02:29 737.62 12.17 93 .89 0
02:30 737.62 12.17 93 1.79 0
02:31 737.62 12.17 93 .89 0
02:32 737.62 12.22 93 .89 0
02:33 737.62 12.22 93 .89 0
02:34 737.62 12.17 93 1.34 0
02:35 737.62 12.17 93 .89 0
02:36 737.62 12.22 93 1.34 0
02:37 737.62 12.17 93 .89 0
02:38 737.87 12.17 93 1.34 0
02:39 737.62 12.17 93 1.79 0
02:40 737.62 12.17 93 1.34 0
02:41 737.62 12.17 93 .89 0
02:42 737.62 12.22 93 .89 0
02:43 737.62 12.17 93 .89 0
02:44 737.62 12.17 93 1.34 0
02:45 737.87 12.17 93 1.79 0
02:46 737.87 12.17 93 .89 0
02:47 737.62 12.17 93 .89 0
02:48 737.87 12.17 93 .45 0
02:49 737.62 12.17 93 .45 0
02:50 737.62 12.17 93 .89 0
02:51 737.87 12.17 93 .89 0
02:52 737.62 12.17 93 .89 0
02:53 737.87 12.17 93 .89 0
02:54 737.87 12.17 93 1.34 0
02:55 737.87 12.11 93 .45 0
02:56 737.87 12.17 93 .89 0
02:57 737.87 12.11 93 .89 0
02:58 737.87 12.11 93 .45 0
02:59 737.87 12.11 93 .45 0
03:00 737.87 12.11 93 .89 0
03:01 737.87 12.11 93 .89 0
03:02 737.87 12.11 93 1.34 0
03:03 737.87 12.11 93 .89 0
03:04 737.62 12.11 93 .89 0
03:05 737.87 12.17 93 1.34 0
03:06 737.87 12.17 93 .89 0
03:07 737.62 12.11 93 1.34 0
03:08 737.87 12.17 93 1.34 0
03:09 737.87 12.17 93 .89 0
03:10 737.87 12.17 93 2.68 0
03:11 737.87 12.17 93 1.34 0
03:12 737.87 12.17 94 1.34 0
03:13 737.87 12.22 94 1.34 0
03:14 737.87 12.17 94 .89 0
03:15 737.87 12.17 94 1.79 0
03:16 737.87 12.22 94 .45 0
03:17 737.87 12.22 94 1.34 0
03:18 737.87 12.22 94 1.79 0
03:19 737.87 12.17 94 1.34 0
03:20 737.87 12.22 94 1.34 0
03:21 737.87 12.17 94 .89 0
03:22 737.87 12.17 94 1.34 0
03:23 737.87 12.17 93 .89 0
03:24 737.87 12.17 93 2.68 0
03:25 737.87 12.17 93 2.68 0
03:26 737.87 12.17 93 1.79 0
03:27 737.87 12.17 93 1.79 0
03:28 737.87 12.17 94 1.34 0
03:29 737.87 12.17 93 .89 0
03:30 737.87 12.17 93 2.24 0
03:31 737.87 12.17 93 1.34 0
03:32 737.87 12.17 93 1.79 0
03:33 737.87 12.17 93 1.79 0
03:34 737.87 12.17 94 .89 0
03:35 737.87 12.17 93 1.34 0
03:36 737.87 12.17 93 .89 0
03:37 737.87 12.17 94 1.34 0
03:38 737.87 12.17 93 .89 0
03:39 737.87 12.22 93 1.34 0
03:40 737.87 12.17 93 1.79 0
03:41 737.87 12.22 93 2.24 0
03:42 737.87 12.22 93 1.79 0
03:43 737.87 12.22 93 1.79 0
03:44 737.87 12.22 93 1.79 0
03:45 737.87 12.22 93 1.34 0
03:46 737.87 12.22 93 1.34 0
03:47 737.87 12.22 94 1.34 0
03:48 737.87 12.22 93 1.34 0
03:49 737.87 12.22 93 1.79 0
03:50 737.87 12.28 93 1.34 0
03:51 737.87 12.22 93 1.79 0
03:52 737.87 12.22 93 1.34 0
03:53 737.87 12.22 94 .89 0
03:54 737.87 12.22 93 .89 0
03:55 737.87 12.22 94 .89 0
03:56 737.87 12.22 93 .89 0
03:57 737.87 12.22 94 .89 0
03:58 737.87 12.22 94 .89 0
03:59 737.87 12.22 94 .89 0
04:00 737.87 12.22 94 1.79 0
04:01 737.87 12.17 94 1.34 0
04:02 737.87 12.17 93 .89 0
04:03 737.87 12.17 93 1.34 0
04:04 737.87 12.17 93 .89 0
04:05 737.87 12.17 93 1.79 0
04:06 737.87 12.17 93 .89 0
04:07 737.87 12.17 93 .89 0
04:08 737.87 12.17 93 1.79 0
04:09 737.87 12.17 94 .89 0
04:10 737.87 12.17 94 .89 0
04:11 737.87 12.22 93 .89 0
04:12 737.87 12.22 94 1.79 0
04:13 737.87 12.17 93 1.34 0
04:14 737.87 12.22 93 2.24 0
04:15 737.87 12.22 93 .89 0
04:16 737.87 12.22 93 1.34 0
04:17 737.87 12.22 94 .45 0
04:18 737.87 12.22 94 .89 0
04:19 737.87 12.28 94 0 0
04:20 737.87 12.28 94 .45 0
04:21 737.87 12.28 94 .89 0
04:22 737.87 12.28 94 0 0
04:23 737.87 12.28 94 .45 0
04:24 737.87 12.28 94 0 0
04:25 737.87 12.28 94 .45 0
04:26 737.87 12.28 94 2.24 0
04:27 737.87 12.28 94 1.79 0
04:28 737.87 12.28 94 1.34 0
04:29 737.87 12.22 93 .89 0
04:30 737.87 12.28 93 .45 0
04:31 737.87 12.28 93 .45 0
04:32 737.87 12.22 93 .89 0
04:33 737.87 12.22 93 .89 0
04:34 737.87 12.28 93 .89 0
04:35 737.87 12.28 93 1.34 0
04:36 737.87 12.22 93 .89 0
04:37 737.87 12.22 93 1.34 0
04:38 737.87 12.22 93 1.79 0
04:39 737.87 12.28 93 2.24 0
04:40 737.87 12.22 93 2.24 0
04:41 737.87 12.22 93 2.24 0
04:42 737.87 12.22 93 2.24 0
04:43 737.87 12.22 93 1.79 0
04:44 737.87 12.22 93 1.34 0
04:45 737.87 12.28 93 1.34 0
04:46 737.87 12.28 93 1.34 0
04:47 737.87 12.28 93 .89 0
04:48 737.87 12.28 93 1.34 0
04:49 737.87 12.28 93 1.79 0
04:50 737.87 12.22 93 1.34 0
04:51 737.87 12.28 93 2.24 0
04:52 737.87 12.28 93 1.79 0
04:53 737.87 12.22 93 2.24 0
04:54 737.87 12.22 93 1.34 0
04:55 737.87 12.28 93 .89 0
04:56 737.87 12.28 93 1.79 0
04:57 737.87 12.28 93 1.34 0
04:58 737.87 12.28 93 1.34 0
04:59 737.87 12.28 93 1.79 0
05:00 737.87 12.28 93 1.79 0
05:01 737.87 12.28 93 1.79 0
05:02 737.87 12.28 93 1.79 0
05:03 737.87 12.33 92 1.34 0
05:04 737.87 12.28 92 1.34 0
05:05 737.87 12.28 92 1.34 0
05:06 737.87 12.33 92 1.79 0
05:07 737.87 12.33 92 1.79 0
05:08 737.87 12.33 92 1.79 0
05:09 737.87 12.33 92 1.79 0
05:10 737.87 12.33 92 1.79 0
05:11 737.87 12.28 92 2.24 0
05:12 737.87 12.33 92 2.68 0
05:13 737.87 12.33 92 1.79 0
05:14 737.87 12.33 92 1.34 0
05:15 737.87 12.33 92 2.24 0
05:16 737.87 12.33 92 1.79 0
05:17 737.87 12.33 92 2.24 0
05:18 737.87 12.33 92 1.79 0
05:19 737.87 12.39 92 .89 0
05:20 737.87 12.39 92 1.34 0
05:21 737.87 12.44 92 1.34 0
05:22 737.87 12.44 92 .89 0
05:23 737.87 12.44 92 1.79 0
05:24 737.87 12.44 92 1.79 0
05:25 737.87 12.44 92 .45 0
05:26 737.87 12.44 92 .89 0
05:27 737.87 12.44 92 1.79 0
05:28 737.87 12.44 92 1.34 0
05:29 737.87 12.5 92 1.34 0
05:30 737.87 12.5 92 .89 0
05:31 737.87 12.56 92 1.34 0
05:32 737.87 12.56 92 .45 0
05:33 737.87 12.56 92 1.79 0
05:34 737.87 12.61 92 1.79 0
05:35 737.87 12.61 92 1.79 0
05:36 737.87 12.61 92 1.79 0
05:37 737.87 12.61 92 2.68 0
05:38 737.87 12.61 92 .45 0
05:39 737.87 12.61 92 1.34 0
05:40 737.87 12.61 92 1.79 0
05:41 737.87 12.56 92 .89 0
05:42 737.87 12.61 92 1.34 0
05:43 737.87 12.61 92 2.24 0
05:44 737.87 12.61 92 1.79 0
05:45 737.87 12.61 92 1.79 0
05:46 737.87 12.61 92 3.13 0
05:47 737.87 12.61 92 2.68 0
05:48 737.87 12.61 92 1.79 0
05:49 737.87 12.61 92 .89 0
05:50 737.87 12.61 92 1.34 0
05:51 737.87 12.67 92 .89 0
05:52 737.87 12.67 92 .89 0
05:53 737.87 12.72 93 .45 0
05:54 737.87 12.72 93 1.34 0
05:55 737.87 12.72 93 1.34 0
05:56 737.87 12.78 93 .45 0
05:57 737.87 12.78 93 .89 0
05:58 737.87 12.78 93 1.34 0
05:59 737.87 12.78 92 .45 0
06:00 737.87 12.78 92 .45 0
06:01 737.87 12.78 92 .89 0
06:02 737.87 12.78 92 1.34 0
06:03 737.87 12.78 92 .89 0
06:04 737.87 12.78 92 .89 0
06:05 737.87 12.78 92 1.34 0
06:06 737.87 12.78 92 1.79 0
06:07 737.87 12.78 92 1.34 0
06:08 737.87 12.78 92 1.34 0
06:09 737.87 12.83 92 .45 0
06:10 737.87 12.78 92 .89 0
06:11 737.87 12.83 92 1.34 0
06:12 737.87 12.83 93 1.34 0
06:13 737.87 12.89 93 2.68 0
06:14 737.87 12.89 93 1.34 0
06:15 737.87 12.89 92 1.79 0
06:16 737.87 12.83 92 .89 0
06:17 737.87 12.89 92 1.79 0
06:18 737.87 12.89 92 3.13 0
06:19 737.87 12.89 92 1.34 0
06:20 737.87 12.89 92 2.68 0
06:21 737.87 12.89 92 1.79 0
06:22 737.87 12.89 92 1.34 0
06:23 737.87 12.94 92 1.79 0
06:24 737.87 12.94 92 1.34 0
06:25 737.87 12.94 92 1.34 0
06:26 737.87 12.94 92 3.58 0
06:27 737.87 12.94 92 1.79 0
06:28 737.87 12.94 92 1.79 0
06:29 737.87 12.94 92 3.13 0
06:30 737.87 13 92 .89 0
06:31 737.87 13 92 1.34 0
06:32 737.87 13 92 2.68 0
06:33 737.87 13 92 2.68 0
06:34 737.87 13 92 3.13 0
06:35 737.87 13 92 1.34 0
06:36 737.87 13 92 2.24 0
06:37 737.87 13 92 3.13 0
06:38 737.87 13.06 92 1.79 0
06:39 737.87 13.06 92 2.68 0
06:40 737.87 13.06 92 2.68 0
06:41 737.87 13.06 92 .89 0
06:42 737.87 13.11 92 1.34 0
06:43 737.87 13.11 92 1.79 0
06:44 738.12 13.11 92 1.79 0
06:45 737.87 13.11 92 3.13 0
06:46 737.87 13.11 92 1.79 0
06:47 737.87 13.11 92 1.79 0
06:48 737.87 13.11 92 2.68 0
06:49 737.87 13.11 92 1.79 0
06:50 737.87 13.11 92 1.79 0
06:51 737.87 13.11 92 .89 0
06:52 737.87 13.17 92 1.79 0
06:53 737.87 13.17 92 1.34 0
06:54 737.87 13.22 92 .89 0
06:55 737.87 13.28 92 1.79 0
06:56 737.87 13.28 92 3.13 0
06:57 737.87 13.33 92 .45 0
06:58 737.87 13.33 92 1.79 0
06:59 737.87 13.39 92 .45 0
07:00 737.87 13.39 92 1.79 0
07:01 737.87 13.39 92 1.79 0
07:02 737.87 13.44 92 .89 0
07:03 737.87 13.5 92 1.79 0
07:04 737.87 13.5 92 1.79 0
07:05 737.87 13.56 91 .89 0
07:06 737.87 13.5 91 2.24 0
07:07 737.87 13.5 91 3.58 0
07:08 737.87 13.5 91 2.68 0
07:09 737.87 13.5 91 4.02 0
07:10 737.87 13.44 90 3.58 0
07:11 737.87 13.44 90 1.79 0
07:12 737.87 13.44 90 1.79 0
07:13 737.87 13.44 90 .89 0
07:14 737.87 13.44 90 3.58 0
07:15 737.87 13.44 90 1.34 0
07:16 737.87 13.5 90 1.79 0
07:17 737.87 13.5 90 1.79 0
07:18 737.87 13.56 90 1.79 0
07:19 737.87 13.56 90 .89 0
07:20 737.87 13.61 91 2.24 0
07:21 737.87 13.61 91 1.34 0
07:22 737.87 13.61 91 1.34 0
07:23 737.87 13.67 90 3.13 0
07:24 738.12 13.67 90 1.79 0
07:25 737.87 13.67 90 1.79 0
07:26 737.87 13.67 90 3.58 0
07:27 738.12 13.67 90 1.34 0
07:28 737.87 13.67 90 3.58 0
07:29 738.12 13.72 90 3.13 0
07:30 738.12 13.72 89 1.34 0
07:31 738.12 13.72 90 1.79 0
07:32 738.12 13.78 90 3.13 0
07:33 738.12 13.83 90 2.68 0
07:34 738.12 13.83 90 3.13 0
07:35 738.12 13.78 89 4.47 0
07:36 738.12 13.78 89 1.79 0
07:37 738.12 13.78 89 1.79 0
07:38 737.87 13.78 89 1.34 0
07:39 738.12 13.78 89 2.68 0
07:40 738.12 13.78 89 1.34 0
07:41 738.12 13.78 89 3.13 0
07:42 738.12 13.83 89 1.79 0
07:43 738.12 13.83 89 1.79 0
07:44 738.12 13.89 89 1.79 0
07:45 738.12 13.89 89 1.79 0
07:46 738.12 13.89 89 2.68 0
07:47 738.12 13.89 88 2.24 0
07:48 738.12 13.89 88 1.34 0
07:49 737.87 13.94 88 3.58 0
07:50 738.12 13.94 88 2.68 0
07:51 738.12 13.94 88 1.34 0
07:52 738.12 13.94 88 1.34 0
07:53 737.87 13.94 88 3.13 0
07:54 737.87 13.94 88 2.68 0
07:55 738.12 14 88 2.68 0
07:56 737.87 14.06 88 1.34 0
07:57 738.12 14.06 88 1.79 0
07:58 738.12 14.17 88 1.79 0
07:59 738.12 14.22 88 .89 0
08:00 738.12 14.22 88 1.34 0
08:01 738.12 14.22 87 2.68 0
08:02 738.12 14.22 87 2.24 0
08:03 738.12 14.28 87 3.13 0
08:04 738.12 14.28 87 2.68 0
08:05 738.12 14.28 87 2.24 0
08:06 738.12 14.28 87 3.13 0
08:07 738.12 14.28 87 1.79 0
08:08 738.12 14.28 87 1.79 0
08:09 738.12 14.22 87 4.47 0
08:10 738.12 14.22 87 1.34 0
08:11 738.12 14.17 87 2.24 0
08:12 738.12 14.17 87 2.68 0
08:13 738.12 14.17 87 2.68 0
08:14 738.12 14.17 87 1.34 0
08:15 738.12 14.22 87 1.34 0
08:16 738.12 14.22 88 1.34 0
08:17 738.12 14.22 88 .45 0
08:18 738.12 14.28 88 1.34 0
08:19 738.12 14.33 88 1.34 0
08:20 738.12 14.39 88 .89 0
08:21 738.12 14.39 88 .89 0
08:22 738.12 14.44 88 .89 0
08:23 738.12 14.44 88 1.79 0
08:24 738.12 14.44 87 2.24 0
08:25 738.12 14.44 87 .89 0
08:26 738.12 14.44 87 3.58 0
08:27 738.12 14.39 87 3.13 0
08:28 738.12 14.39 87 1.79 0
08:29 738.12 14.33 87 4.02 0
08:30 738.12 14.33 87 1.79 0
08:31 738.12 14.33 88 .89 0
08:32 738.12 14.39 88 1.34 0
08:33 738.12 14.44 88 3.58 0
08:34 738.12 14.44 87 4.02 0
08:35 738.12 14.5 86 3.58 0
08:36 738.12 14.56 86 4.02 0
08:37 738.12 14.56 86 1.34 0
08:38 738.12 14.5 86 2.68 0
08:39 738.12 14.5 86 2.24 0
08:40 738.12 14.5 86 1.34 0
08:41 738.12 14.56 86 1.34 0
08:42 738.12 14.56 87 .89 0
08:43 738.12 14.56 87 3.58 0
08:44 738.12 14.56 87 2.68 0
08:45 738.12 14.5 86 1.79 0
08:46 738.12 14.56 86 3.13 0
08:47 738.12 14.56 86 3.58 0
08:48 738.38 14.5 86 3.58 0
08:49 738.38 14.5 86 3.13 0
08:50 738.38 14.5 86 1.79 0
08:51 738.38 14.5 86 4.47 0
08:52 738.38 14.56 85 3.58 0
08:53 738.38 14.56 85 3.13 0
08:54 738.38 14.56 85 1.34 0
08:55 738.38 14.56 86 .45 0
08:56 738.38 14.61 86 2.24 0
08:57 738.38 14.61 86 .89 0
08:58 738.38 14.67 86 1.79 0
08:59 738.38 14.67 86 .45 0
09:00 738.38 14.72 86 1.34 0
09:01 738.38 14.78 86 .89 0
09:02 738.38 14.83 86 1.79 0
09:03 738.38 14.89 86 2.24 0
09:04 738.38 14.94 85 2.68 0
09:05 738.38 15 85 3.13 0
09:06 738.38 15.06 84 1.79 0
09:07 738.38 15 84 2.68 0
09:08 738.38 15 84 .89 0
09:09 738.38 15 85 1.79 0
09:10 738.38 15 85 .89 0
09:11 738.38 15.06 84 2.24 0
09:12 738.38 15.06 84 1.34 0
09:13 738.38 15.11 84 1.34 0
09:14 738.38 15.11 84 3.58 0
09:15 738.38 15.06 84 .89 0
09:16 738.38 15.06 84 .45 0
09:17 738.38 15.06 85 1.34 0
09:18 738.38 15.11 85 2.24 0
09:19 738.38 15.06 85 .45 0
09:20 738.38 15.11 85 3.13 0
09:21 738.38 15.11 84 .89 0
09:22 738.38 15.11 85 .89 0
09:23 738.38 15.17 85 3.13 0
09:24 738.38 15.17 84 1.79 0
09:25 738.38 15.11 84 2.24 0
09:26 738.38 15.17 84 3.58 0
09:27 738.38 15.17 84 3.58 0
09:28 738.38 15.17 84 4.02 0
09:29 738.38 15.17 83 2.24 0
09:30 738.38 15.17 83 2.68 0
09:31 738.38 15.28 84 1.79 0
09:32 738.38 15.28 84 1.79 0
09:33 738.38 15.33 84 1.34 0
09:34 738.38 15.44 84 1.79 0
09:35 738.38 15.56 84 1.34 0
09:36 738.38 15.61 84 4.02 0
09:37 738.38 15.67 82 2.68 0
09:38 738.38 15.67 82 4.47 0
09:39 738.38 15.61 82 3.13 0
09:40 738.38 15.56 82 3.13 0
09:41 738.38 15.56 82 3.58 0
09:42 738.38 15.56 82 1.79 0
09:43 738.38 15.56 82 4.47 0
09:44 738.38 15.56 82 2.68 0
09:45 738.38 15.56 82 3.58 0
09:46 738.38 15.5 82 4.02 0
09:47 738.38 15.5 82 1.79 0
09:48 738.38 15.56 82 3.58 0
09:49 738.38 15.56 82 2.24 0
09:50 738.38 15.56 82 3.58 0
09:51 738.38 15.56 82 4.47 0
09:52 738.38 15.56 81 1.79 0
09:53 738.38 15.56 82 2.24 0
09:54 738.38 15.5 82 1.34 0
09:55 738.38 15.56 82 1.79 0
09:56 738.38 15.56 82 1.79 0
09:57 738.38 15.56 82 1.79 0
09:58 738.38 15.61 82 1.79 0
09:59 738.38 15.67 82 3.13 0
10:00 738.38 15.67 81 3.58 0
10:01 738.38 15.67 81 3.13 0
10:02 738.38 15.67 81 .89 0
10:03 738.38 15.67 82 3.13 0
10:04 738.38 15.61 81 3.13 0
10:05 738.38 15.61 81 1.34 0
10:06 738.38 15.56 81 2.68 0
10:07 738.38 15.56 81 1.79 0
10:08 738.38 15.61 81 2.24 0
10:09 738.63 15.61 81 .89 0
10:10 738.38 15.61 81 3.13 0
10:11 738.63 15.61 81 1.34 0
10:12 738.63 15.61 80 2.68 0
10:13 738.63 15.72 81 .45 0
10:14 738.63 15.78 81 1.79 0
10:15 738.38 15.89 81 2.24 0
10:16 738.63 15.94 81 1.79 0
10:17 738.38 16.06 81 2.24 0
10:18 738.63 16.17 79 4.47 0
10:19 738.63 16.39 78 3.58 0
10:20 738.38 16.5 78 5.36 0
10:21 738.63 16.5 77 3.13 0
10:22 738.63 16.56 78 2.68 0
10:23 738.38 16.67 78 3.13 0
10:24 738.38 16.72 76 3.58 0
10:25 738.63 16.67 76 4.47 0
10:26 738.63 16.72 75 4.92 0
10:27 738.63 16.72 74 3.58 0
10:28 738.63 16.72 74 2.68 0
10:29 738.63 16.72 73 4.47 0
10:30 738.63 16.72 73 4.02 0
10:31 738.63 16.67 73 3.13 0
10:32 738.63 16.61 74 1.34 0
10:33 738.63 16.61 74 3.13 0
10:34 738.63 16.56 75 1.34 0
10:35 738.63 16.5 75 .89 0
10:36 738.38 16.56 75 1.34 0
10:37 738.63 16.5 76 1.79 0
10:38 738.63 16.5 75 4.47 0
10:39 738.38 16.39 75 2.68 0
10:40 738.63 16.33 76 2.68 0
10:41 738.63 16.33 76 4.02 0
10:42 738.38 16.28 75 3.13 0
10:43 738.63 16.28 75 4.02 0
10:44 738.38 16.22 76 4.02 0
10:45 738.38 16.22 75 .89 0
10:46 738.38 16.28 75 1.34 0
10:47 738.38 16.28 75 1.79 0
10:48 738.63 16.33 76 1.34 0
10:49 738.38 16.5 76 4.47 0
10:50 738.63 16.67 75 3.13 0
10:51 738.63 16.83 73 2.24 0
10:52 738.63 16.89 73 1.34 0
10:53 738.63 16.94 73 3.13 0
10:54 738.63 17 72 3.58 0
10:55 738.38 17.06 72 2.24 0
10:56 738.38 17.11 72 2.68 0
10:57 738.63 17.11 72 3.58 0
10:58 738.63 17.06 71 3.13 0
10:59 738.38 17.06 72 2.24 0
11:00 738.63 17.06 72 3.58 0
11:01 738.63 17 71 3.13 0
11:02 738.63 17 71 2.24 0
11:03 738.63 16.94 73 5.36 0
11:04 738.63 16.94 70 4.02 0
11:05 738.63 16.94 70 1.79 0
11:06 738.63 16.94 71 4.02 0
11:07 738.63 17 71 3.13 0
11:08 738.38 17 71 1.34 0
11:09 738.38 17.06 73 2.24 0
11:10 738.38 17.17 71 1.79 0
11:11 738.63 17.33 70 4.02 0
11:12 738.38 17.44 69 2.68 0
11:13 738.38 17.5 69 3.13 0
11:14 738.38 17.56 69 2.68 0
11:15 738.63 17.5 69 2.24 0
11:16 738.63 17.44 67 3.58 0
11:17 738.63 17.44 69 4.47 0
11:18 738.63 17.39 70 5.81 0
11:19 738.38 17.33 70 2.24 0
11:20 738.63 17.39 71 2.68 0
11:21 738.63 17.33 71 2.24 0
11:22 738.63 17.33 70 3.13 0
11:23 738.63 17.33 70 3.13 0
11:24 738.63 17.39 71 1.79 0
11:25 738.63 17.44 71 1.79 0
11:26 738.63 17.56 70 5.36 0
11:27 738.38 17.56 67 3.13 0
11:28 738.38 17.61 68 .89 0
11:29 738.38 17.67 67 1.34 0
11:30 738.38 17.78 68 2.24 0
11:31 738.38 17.83 66 4.47 0
11:32 738.38 17.78 65 2.24 0
11:33 738.38 17.78 66 4.92 0
11:34 738.38 17.67 66 2.24 0
11:35 738.38 17.61 68 1.79 0
11:36 738.38 17.61 67 2.68 0
11:37 738.38 17.61 68 2.24 0
11:38 738.38 17.67 66 5.36 0
11:39 738.38 17.72 66 3.58 0
11:40 738.38 17.78 66 3.58 0
11:41 738.38 17.83 67 1.79 0
11:42 738.38 17.89 67 1.34 0
11:43 738.38 17.89 66 3.58 0
11:44 738.38 17.83 66 4.02 0
11:45 738.63 17.78 66 1.79 0
11:46 738.63 17.78 67 2.68 0
11:47 738.38 17.78 66 3.58 0
11:48 738.38 17.83 66 3.13 0
11:49 738.38 17.89 66 1.79 0
11:50 738.38 17.94 66 3.13 0
11:51 738.38 18.06 65 3.13 0
11:52 738.38 18.17 68 2.24 0
11:53 738.38 18.28 68 1.79 0
11:54 738.38 18.22 68 2.24 0
11:55 738.38 18.17 67 2.24 0
11:56 738.38 18.06 67 4.02 0
11:57 738.38 17.89 65 1.79 0
11:58 738.63 17.89 64 3.13 0
11:59 738.63 17.83 64 4.02 0
12:00 738.38 17.78 65 4.92 0
12:01 738.38 17.72 65 3.13 0
12:02 738.63 17.67 66 1.79 0
12:03 738.63 17.61 67 3.13 0
12:04 738.63 17.5 68 2.24 0
12:05 738.63 17.44 68 4.02 0
12:06 738.63 17.33 69 3.58 0
12:07 738.63 17.28 69 2.68 0
12:08 738.63 17.22 69 1.79 0
12:09 738.63 17.17 70 4.47 0
12:10 738.63 17.17 71 3.13 0
12:11 738.63 17.17 71 4.92 0
12:12 738.63 17.11 70 3.13 0
12:13 738.63 17.11 70 3.13 0
12:14 738.89 17.06 71 2.24 0
12:15 738.89 17.06 71 4.02 0
12:16 738.63 17.06 71 1.34 0
12:17 738.89 17.11 71 4.02 0
12:18 738.63 17.22 71 4.02 0
12:19 738.63 17.33 71 4.92 0
12:20 738.63 17.5 71 3.58 0
12:21 738.63 17.67 71 2.24 0
12:22 738.63 17.83 70 4.47 0
12:23 738.63 17.94 69 1.34 0
12:24 738.63 18.06 69 3.58 0
12:25 738.63 18.11 68 3.13 0
12:26 738.63 18.17 68 2.24 0
12:27 738.63 18.22 67 4.47 0
12:28 738.63 18.22 67 3.58 0
12:29 738.63 18.22 68 3.13 0
12:30 738.63 18.22 68 2.68 0
12:31 738.63 18.33 68 3.58 0
12:32 738.63 18.39 68 2.68 0
12:33 738.63 18.44 69 1.34 0
12:34 738.63 18.5 68 1.79 0
12:35 738.63 18.61 68 1.34 0
12:36 738.63 18.67 68 4.02 0
12:37 738.63 18.61 65 3.13 0
12:38 738.63 18.56 66 3.13 0
12:39 738.63 18.61 67 3.58 0
12:40 738.63 18.67 67 3.13 0
12:41 738.63 18.72 67 4.02 0
12:42 738.63 18.56 63 1.79 0
12:43 738.63 18.56 65 1.34 0
12:44 738.63 18.56 65 1.79 0
12:45 738.63 18.72 64 5.81 0
12:46 738.63 18.83 64 3.58 0
12:47 738.63 18.89 65 3.58 0
12:48 738.63 19.06 64 1.79 0
12:49 738.63 19.17 63 2.24 0
12:50 738.63 19.33 64 6.71 0
12:51 738.63 19.33 62 4.92 0
12:52 738.63 19.28 62 3.58 0
12:53 738.63 19.22 63 4.92 0
12:54 738.63 19.22 62 4.02 0
12:55 738.63 19.11 63 2.68 0
12:56 738.63 19.06 63 2.24 0
12:57 738.63 19.11 64 3.13 0
12:58 738.63 19.11 63 2.68 0
12:59 738.63 19.17 64 2.68 0
13:00 738.63 19.22 64 3.58 0
13:01 738.63 19.22 63 4.47 0
13:02 738.63 19.17 63 2.24 0
13:03 738.63 19.17 63 1.79 0
13:04 738.63 19.17 63 3.13 0
13:05 738.63 19.28 64 4.92 0
13:06 738.63 19.33 61 2.68 0
13:07 738.63 19.44 61 4.47 0
13:08 738.63 19.56 61 4.92 0
13:09 738.63 19.61 59 3.13 0
13:10 738.38 19.67 58 4.92 0
13:11 738.63 19.61 60 6.71 0
13:12 738.63 19.5 58 4.47 0
13:13 738.63 19.39 59 3.13 0
13:14 738.38 19.22 60 2.24 0
13:15 738.38 19.17 61 1.34 0
13:16 738.38 19.17 62 1.34 0
13:17 738.38 19.22 62 4.47 0
13:18 738.63 19.39 62 3.58 0
13:19 738.63 19.5 61 3.58 0
13:20 738.63 19.56 60 4.02 0
13:21 738.63 19.56 59 4.92 0
13:22 738.38 19.56 59 2.24 0
13:23 738.38 19.56 61 4.47 0
13:24 738.38 19.56 60 2.24 0
13:25 738.38 19.56 61 4.47 0
13:26 738.38 19.56 61 2.24 0
13:27 738.38 19.61 61 2.24 0
13:28 738.38 19.61 60 2.68 0
13:29 738.38 19.72 61 5.81 0
13:30 738.38 19.78 58 4.47 0
13:31 738.38 19.83 58 1.34 0
13:32 738.38 19.83 58 4.02 0
13:33 738.38 19.78 58 4.47 0
13:34 738.38 19.67 58 4.47 0
13:35 738.38 19.56 59 7.6 0
13:36 738.38 19.39 59 6.26 0
13:37 738.63 19.28 60 6.71 0
13:38 738.63 19.11 60 8.05 0
13:39 738.63 19 61 3.58 0
13:40 738.38 19 61 5.36 0
13:41 738.63 19 62 6.71 0
13:42 738.38 18.94 61 4.47 0
13:43 738.63 18.94 62 3.13 0
13:44 738.63 19 63 4.02 0
13:45 738.63 19 63 6.26 0
13:46 738.63 18.94 61 4.47 0
13:47 738.63 18.94 63 4.47 0
13:48 738.38 19 63 4.02 0
13:49 738.63 19 62 4.02 0
13:50 738.38 19 62 3.13 0
13:51 738.63 19.06 63 4.47 0
13:52 738.63 19.06 62 4.02 0
13:53 738.63 19 62 3.13 0
13:54 738.38 19 62 3.13 0
13:55 738.38 19.06 63 3.58 0
13:56 738.38 19.06 64 4.02 0
13:57 738.38 19.06 63 3.13 0
13:58 738.63 19.06 64 3.58 0
13:59 738.63 19.11 64 6.26 0
14:00 738.63 19.17 64 6.26 0
14:01 738.63 19.17 63 3.58 0
14:02 738.63 19.22 62 6.26 0
14:03 738.63 19.28 62 4.02 0
14:04 738.63 19.28 62 6.26 0
14:05 738.63 19.28 61 5.36 0
14:06 738.63 19.33 59 6.71 0
14:07 738.63 19.39 60 3.58 0
14:08 738.63 19.44 61 5.36 0
14:09 738.63 19.44 61 3.13 0
14:10 738.63 19.5 62 2.24 0
14:11 738.63 19.61 62 2.24 0
14:12 738.63 19.72 60 3.58 0
14:13 738.63 19.72 57 4.92 0
14:14 738.63 19.67 58 4.92 0
14:15 738.63 19.56 58 4.02 0
14:16 738.63 19.5 59 1.79 0
14:17 738.63 19.56 60 6.71 0
14:18 738.63 19.61 58 4.92 0
14:19 738.63 19.67 59 3.58 0
14:20 738.63 19.72 58 7.15 0
14:21 738.63 19.72 59 6.26 0
14:22 738.63 19.72 59 6.71 0
14:23 738.63 19.67 59 5.36 0
14:24 738.63 19.67 60 4.02 0
14:25 738.63 19.72 59 4.47 0
14:26 738.63 19.67 59 4.92 0
14:27 738.63 19.56 59 5.81 0
14:28 738.63 19.44 60 3.58 0
14:29 738.63 19.39 61 2.68 0
14:30 738.63 19.39 61 4.92 0
14:31 738.63 19.44 60 2.68 0
14:32 738.63 19.5 60 4.02 0
14:33 738.63 19.5 60 4.02 0
14:34 738.63 19.56 60 3.13 0
14:35 738.63 19.61 61 5.36 0
14:36 738.63 19.61 58 3.58 0
14:37 738.63 19.61 58 3.13 0
14:38 738.63 19.56 58 4.02 0
14:39 738.63 19.61 58 4.92 0
14:40 738.38 19.61 58 4.47 0
14:41 738.63 19.56 58 2.24 0
14:42 738.38 19.5 61 3.13 0
14:43 738.63 19.56 58 4.92 0
14:44 738.38 19.56 59 2.24 0
14:45 738.38 19.61 59 4.02 0
14:46 738.38 19.67 59 4.47 0
14:47 738.38 19.67 59 2.68 0
14:48 738.38 19.67 59 6.71 0
14:49 738.38 19.67 58 4.47 0
14:50 738.38 19.67 59 3.13 0
14:51 738.38 19.61 59 4.92 0
14:52 738.38 19.61 59 6.26 0
14:53 738.38 19.61 59 6.26 0
14:54 738.38 19.56 59 4.02 0
14:55 738.38 19.56 60 4.02 0
14:56 738.38 19.56 59 2.68 0
14:57 738.38 19.61 60 1.34 0
14:58 738.38 19.72 60 7.6 0
14:59 738.38 19.78 59 5.81 0
15:00 738.38 19.78 60 1.34 0
15:01 738.38 19.83 60 1.79 0
15:02 738.38 19.89 60 4.92 0
15:03 738.38 19.94 58 3.58 0
15:04 738.38 19.89 58 4.47 0
15:05 738.38 19.89 56 4.47 0
15:06 738.38 19.89 57 6.26 0
15:07 738.38 19.83 57 2.24 0
15:08 738.38 19.89 58 3.13 0
15:09 738.38 19.94 58 1.79 0
15:10 738.38 20.06 58 2.24 0
15:11 738.38 20.11 58 4.47 0
15:12 738.38 20.22 56 1.79 0
15:13 738.38 20.33 57 2.68 0
15:14 738.38 20.44 56 4.02 0
15:15 738.38 20.5 56 4.02 0
15:16 738.38 20.5 55 4.47 0
15:17 738.38 20.5 56 3.58 0
15:18 738.38 20.44 55 .45 0
15:19 738.38 20.39 56 2.24 0
15:20 738.38 20.39 56 2.24 0
15:21 738.38 20.44 57 2.24 0
15:22 738.38 20.44 57 1.79 0
15:23 738.38 20.5 57 3.58 0
15:24 738.38 20.56 56 4.02 0
15:25 738.38 20.5 56 2.68 0
15:26 738.38 20.44 54 2.24 0
15:27 738.38 20.39 55 3.13 0
15:28 738.38 20.39 56 3.58 0
15:29 738.38 20.44 56 2.68 0
15:30 738.38 20.5 56 4.47 0
15:31 738.38 20.56 56 4.92 0
15:32 738.38 20.61 56 4.02 0
15:33 738.38 20.67 56 2.24 0
15:34 738.38 20.67 56 2.68 0
15:35 738.12 20.67 56 6.26 0
15:36 738.38 20.67 56 5.36 0
15:37 738.38 20.61 55 8.49 0
15:38 738.38 20.5 55 6.71 0
15:39 738.38 20.44 56 5.36 0
15:40 738.38 20.28 56 3.58 0
15:41 738.38 20.22 57 4.92 0
15:42 738.38 20.11 57 3.13 0
15:43 738.38 20.11 58 1.34 0
15:44 738.38 20.06 58 4.02 0
15:45 738.38 20 57 2.68 0
15:46 738.38 20 57 5.81 0
15:47 738.38 19.94 57 2.68 0
15:48 738.38 19.94 57 6.26 0
15:49 738.38 19.94 56 5.36 0
15:50 738.38 19.94 56 3.13 0
15:51 738.38 19.94 57 5.81 0
15:52 738.38 19.94 57 1.79 0
15:53 738.38 20 58 1.79 0
15:54 738.38 20 58 4.02 0
15:55 738.38 20 58 4.47 0
15:56 738.38 20.06 58 3.13 0
15:57 738.38 20.06 58 5.36 0
15:58 738.38 20.06 57 4.47 0
15:59 738.12 20.06 57 4.92 0
16:00 738.38 20 57 3.13 0
16:01 738.38 20 58 3.58 0
16:02 738.38 20 58 3.58 0
16:03 738.38 20 58 3.13 0
16:04 738.38 20 58 2.68 0
16:05 738.38 20.06 58 1.79 0
16:06 738.38 20.06 58 .45 0
16:07 738.38 20.11 58 1.79 0
16:08 738.38 20.17 58 1.34 0
16:09 738.38 20.22 58 3.13 0
16:10 738.38 20.28 58 1.79 0
16:11 738.38 20.28 58 1.34 0
16:12 738.12 20.33 58 4.47 0
16:13 738.38 20.39 56 5.36 0
16:14 738.38 20.44 56 3.58 0
16:15 738.12 20.44 56 4.92 0
16:16 738.38 20.56 55 5.36 0
16:17 738.12 20.5 54 4.02 0
16:18 738.12 20.5 55 4.47 0
16:19 738.38 20.44 55 2.24 0
16:20 738.38 20.44 56 5.36 0
16:21 738.12 20.39 56 3.58 0
16:22 738.12 20.33 55 4.92 0
16:23 738.38 20.33 56 6.26 0
16:24 738.38 20.39 55 5.36 0
16:25 738.38 20.44 55 5.36 0
16:26 738.38 20.44 55 3.58 0
16:27 738.38 20.44 55 4.02 0
16:28 738.38 20.39 56 2.24 0
16:29 738.38 20.39 56 4.47 0
16:30 738.38 20.39 56 4.02 0
16:31 738.38 20.33 56 4.02 0
16:32 738.38 20.33 57 4.02 0
16:33 738.38 20.28 57 4.02 0
16:34 738.38 20.28 57 4.47 0
16:35 738.38 20.22 57 3.58 0
16:36 738.38 20.17 57 3.13 0
16:37 738.38 20.11 56 2.68 0
16:38 738.38 20.11 57 2.24 0
16:39 738.38 20.11 57 3.13 0
16:40 738.38 20.11 57 1.79 0
16:41 738.38 20.06 58 2.24 0
16:42 738.38 20.06 57 2.24 0
16:43 738.38 20 56 3.13 0
16:44 738.38 20 57 4.92 0
16:45 738.38 20 56 4.02 0
16:46 738.38 20.06 57 5.36 0
16:47 738.12 20.06 56 2.68 0
16:48 738.12 20.06 56 2.68 0
16:49 738.12 20.11 56 6.26 0
16:50 738.12 20.11 55 3.13 0
16:51 738.12 20.11 55 4.47 0
16:52 738.12 20.11 55 3.13 0
16:53 738.38 20.11 55 4.02 0
16:54 738.38 20.17 55 1.79 0
16:55 738.38 20.17 55 6.71 0
16:56 738.38 20.11 55 4.47 0
16:57 738.38 20.17 54 5.36 0
16:58 738.38 20.11 55 4.47 0
16:59 738.38 20.11 55 6.26 0
17:00 738.38 20.06 55 7.6 0
17:01 738.38 20 55 4.02 0
17:02 738.38 19.94 56 5.36 0
17:03 738.38 19.89 56 6.71 0
17:04 738.38 19.83 57 2.68 0
17:05 738.38 19.78 57 5.81 0
17:06 738.38 19.72 58 4.92 0
17:07 738.38 19.67 59 1.34 0
17:08 738.38 19.56 60 1.79 0
17:09 738.38 19.44 61 1.34 0
17:10 738.38 19.33 62 2.68 0
17:11 738.38 19.17 62 2.24 0
17:12 738.38 18.94 63 1.34 0
17:13 738.38 18.78 64 1.79 0
17:14 738.38 18.61 65 1.79 0
17:15 738.38 18.56 66 1.79 0
17:16 738.38 18.44 66 3.58 0
17:17 738.38 18.39 66 2.24 0
17:18 738.38 18.39 66 1.34 0
17:19 738.38 18.33 68 4.92 0
17:20 738.38 18.44 62 5.36 0
17:21 738.38 18.61 60 4.92 0
17:22 738.38 18.78 60 5.36 0
17:23 738.38 19 60 5.36 0
17:24 738.63 19.11 59 4.92 0
17:25 738.63 19.22 58 1.34 0
17:26 738.63 19.22 57 4.92 0
17:27 738.38 19.28 58 3.58 0
17:28 738.38 19.33 56 5.36 0
17:29 738.38 19.33 56 4.47 0
17:30 738.63 19.39 56 5.36 0
17:31 738.63 19.44 56 3.13 0
17:32 738.63 19.44 55 4.02 0
17:33 738.63 19.44 56 4.92 0
17:34 738.63 19.5 56 4.02 0
17:35 738.63 19.44 56 7.6 0
17:36 738.89 19.06 59 5.81 0
17:37 738.89 18.33 61 7.15 0
17:38 738.89 17.89 66 5.36 0
17:39 738.89 17.5 68 8.94 0
17:40 738.89 17.06 70 4.47 0
17:41 738.89 16.72 72 5.36 0
17:42 738.89 16.5 73 7.15 0
17:43 738.89 16.28 73 6.71 0
17:44 738.89 16.06 74 5.36 0
17:45 738.89 15.94 75 6.71 0
17:46 738.89 15.83 76 6.26 0
17:47 738.89 15.72 76 5.36 0
17:48 738.89 15.67 76 5.36 0
17:49 738.89 15.61 76 3.58 0
17:50 738.89 15.56 76 4.47 0
17:51 738.89 15.56 77 2.68 0
17:52 738.89 15.56 77 2.24 0
17:53 738.89 15.56 77 4.92 0
17:54 738.89 15.56 76 4.47 0
17:55 738.89 15.56 77 4.02 0
17:56 738.89 15.56 76 2.68 0
17:57 738.89 15.56 76 2.24 0
17:58 738.89 15.56 76 4.92 0
17:59 738.89 15.61 76 4.47 0
18:00 738.89 15.56 76 4.02 0
18:01 738.89 15.56 76 3.58 0
18:02 738.89 15.56 76 3.58 0
18:03 738.89 15.56 77 2.24 0
18:04 738.89 15.56 77 4.02 0
18:05 738.89 15.61 76 2.24 0
18:06 738.89 15.61 76 1.79 0
18:07 738.89 15.67 76 2.68 0
18:08 738.89 15.67 76 2.24 0
18:09 738.89 15.67 76 4.02 0
18:10 738.89 15.67 76 3.58 0
18:11 739.14 15.67 76 4.02 0
18:12 739.14 15.61 76 4.47 0
18:13 739.14 15.56 76 3.58 0
18:14 739.14 15.56 76 2.68 0
18:15 739.14 15.56 76 2.24 0
18:16 739.14 15.5 77 1.79 0
18:17 739.14 15.5 77 2.24 0
18:18 739.14 15.5 77 1.79 0
18:19 739.14 15.44 76 2.24 0
18:20 739.14 15.39 76 2.68 0
18:21 739.14 15.44 77 3.58 0
18:22 739.14 15.44 77 3.58 0
18:23 739.14 15.44 76 2.68 0
18:24 739.14 15.39 76 3.58 0
18:25 739.14 15.39 77 1.34 0
18:26 739.14 15.39 78 4.02 0
18:27 739.14 15.28 78 2.24 0
18:28 738.89 15.22 78 2.68 0
18:29 739.14 15.17 79 2.24 0
18:30 738.89 15.11 80 3.13 0
18:31 738.89 15.06 80 2.24 0
18:32 738.89 15 80 4.02 0
18:33 739.14 15 80 2.24 0
18:34 739.14 15 81 1.79 0
18:35 739.14 14.94 81 1.34 0
18:36 738.89 15 81 1.79 0
18:37 739.14 15 82 1.34 0
18:38 738.89 15 82 1.79 0
18:39 739.14 15.06 81 .45 0
18:40 738.89 15.17 82 0 0
18:41 738.89 15.22 82 .45 0
18:42 738.89 15.28 82 1.34 0
18:43 738.89 15.39 82 .45 0
18:44 738.89 15.44 81 .45 0
18:45 738.89 15.56 81 .89 0
18:46 738.89 15.67 80 .89 0
18:47 738.89 15.72 80 .89 0
18:48 738.89 15.78 79 .89 0
18:49 738.89 15.83 79 .89 0
18:50 738.89 15.89 79 0 0
18:51 738.89 15.94 79 .45 0
18:52 738.89 16 79 .89 0
18:53 738.89 16.06 78 .89 0
18:54 738.89 16.11 78 .45 0
18:55 738.89 16.11 77 .45 0
18:56 738.89 16.17 77 .45 0
18:57 738.89 16.17 77 .45 0
18:58 738.89 16.17 77 .45 0
18:59 738.89 16.22 77 .45 0
19:00 738.89 16.22 77 .89 0
19:01 738.89 16.22 76 .45 0
19:02 738.89 16.22 77 .45 0
19:03 738.89 16.22 78 .45 0
19:04 738.89 16.22 78 .45 0
19:05 738.89 16.22 78 .45 0
19:06 738.89 16.22 77 .45 0
19:07 738.89 16.22 77 0 0
19:08 738.89 16.22 78 .45 0
19:09 738.89 16.22 77 .45 0
19:10 738.89 16.28 77 .45 0
19:11 738.89 16.28 77 0 0
19:12 738.89 16.28 77 0 0
19:13 738.89 16.28 77 .45 0
19:14 738.89 16.28 77 0 0
19:15 738.89 16.28 78 0 0
19:16 738.89 16.28 77 0 0
19:17 738.89 16.28 77 .45 0
19:18 738.89 16.28 78 .45 0
19:19 738.89 16.28 78 .45 0
19:20 738.89 16.33 78 0 0
19:21 738.89 16.33 79 0 0
19:22 738.89 16.39 79 0 0
19:23 738.89 16.39 80 .45 0
19:24 738.89 16.44 80 0 0
19:25 738.89 16.5 80 0 0
19:26 738.89 16.56 79 0 0
19:27 738.89 16.61 79 .45 0
19:28 738.89 16.67 78 .45 0
19:29 738.89 16.72 77 .45 0
19:30 738.89 16.83 77 0 0
19:31 738.89 16.83 78 0 0
19:32 738.89 16.94 78 .45 0
19:33 738.89 17 77 0 0
19:34 738.89 17.06 77 0 0
19:35 738.89 17.11 77 0 0
19:36 738.89 17.17 76 0 0
19:37 738.89 17.17 76 .45 0
19:38 738.89 17.22 76 0 0
19:39 738.89 17.28 76 .45 0
19:40 738.89 17.33 76 0 0
19:41 738.89 17.44 74 .89 0
19:42 738.89 17.5 74 .89 0
19:43 738.89 17.5 74 .45 0
19:44 738.89 17.5 75 .45 0
19:45 738.89 17.56 75 .89 0
19:46 738.89 17.56 74 .45 0
19:47 738.89 17.61 74 .45 0
19:48 738.89 17.61 75 .89 0
19:49 738.89 17.67 74 .89 0
19:50 738.89 17.61 74 1.34 0
19:51 738.89 17.61 74 1.34 0
19:52 738.89 17.61 74 .45 0
19:53 738.89 17.61 74 .89 0
19:54 738.89 17.56 74 .89 0
19:55 738.89 17.56 74 .89 0
19:56 738.89 17.56 74 1.34 0
19:57 738.89 17.56 74 .89 0
19:58 738.89 17.5 75 .89 0
19:59 738.89 17.5 75 .89 0
20:00 738.89 17.5 75 .89 0
20:01 738.89 17.56 75 .89 0
20:02 738.89 17.5 75 1.34 0
20:03 738.89 17.5 75 .89 0
20:04 738.89 17.5 75 .89 0
20:05 738.89 17.56 75 .89 0
20:06 738.89 17.5 75 1.34 0
20:07 738.89 17.56 75 .45 0
20:08 738.89 17.56 75 .45 0
20:09 738.89 17.56 75 .45 0
20:10 738.89 17.56 75 .89 0
20:11 738.89 17.56 75 .89 0
20:12 738.89 17.61 74 .89 0
20:13 738.89 17.61 74 .45 0
20:14 738.89 17.61 75 .45 0
20:15 738.89 17.61 75 .89 0
20:16 738.89 17.61 75 .45 0
20:17 738.89 17.61 75 .89 0
20:18 738.89 17.61 75 1.34 0
20:19 738.89 17.61 74 .89 0
20:20 738.89 17.61 74 1.34 0
20:21 738.89 17.56 74 .45 0
20:22 738.89 17.56 75 .45 0
20:23 738.89 17.56 75 1.34 0
20:24 738.89 17.5 74 1.79 0
20:25 738.89 17.5 73 .45 0
20:26 738.89 17.5 74 1.34 0
20:27 738.89 17.5 74 1.34 0
20:28 738.89 17.44 73 0 0
20:29 738.89 17.44 74 .45 0
20:30 738.89 17.44 75 .89 0
20:31 738.89 17.39 75 .89 0
20:32 738.89 17.33 76 .45 0
20:33 738.89 17.28 77 .89 0
20:34 738.89 17.22 77 .45 0
20:35 738.89 17.17 77 .89 0
20:36 738.89 17.06 77 1.34 0
20:37 738.89 16.94 78 1.79 0
20:38 738.89 16.83 78 2.24 0
20:39 738.89 16.78 78 1.34 0
20:40 738.89 16.67 79 1.34 0
20:41 738.89 16.56 79 1.34 0
20:42 738.89 16.5 80 .89 0
20:43 738.89 16.44 80 1.34 0
20:44 738.89 16.33 80 1.34 0
20:45 738.89 16.28 80 .89 0
20:46 738.89 16.28 81 .89 0
20:47 738.89 16.22 81 1.34 0
20:48 738.89 16.17 81 1.34 0
20:49 738.89 16.11 81 1.34 0
20:50 738.89 16.06 81 1.34 0
20:51 738.89 16.06 81 1.79 0
20:52 738.89 16 82 1.34 0
20:53 738.89 15.94 82 1.34 0
20:54 738.89 15.94 82 1.79 0
20:55 738.89 15.89 82 1.79 0
20:56 738.89 15.89 82 1.34 0
20:57 738.89 15.83 82 1.34 0
20:58 738.89 15.83 82 1.34 0
20:59 738.89 15.83 82 1.34 0
21:00 738.89 15.83 82 .89 0
21:01 738.89 15.78 82 1.34 0
21:02 738.89 15.78 83 .89 0
21:03 738.89 15.78 83 .89 0
21:04 738.89 15.78 83 .89 0
21:05 738.89 15.72 83 .45 0
21:06 738.89 15.72 83 .89 0
21:07 738.89 15.72 83 .89 0
21:08 738.89 15.67 83 .89 0
21:09 738.89 15.72 83 .89 0
21:10 738.89 15.67 83 1.34 0
21:11 738.89 15.67 83 .89 0
21:12 738.89 15.67 83 .89 0
21:13 738.89 15.67 83 .89 0
21:14 738.89 15.61 83 .89 0
21:15 738.89 15.67 83 .89 0
21:16 738.89 15.61 83 1.34 0
21:17 738.89 15.61 83 .89 0
21:18 738.89 15.56 83 .89 0
21:19 738.89 15.61 83 .45 0
21:20 738.89 15.56 83 .89 0
21:21 738.89 15.56 84 .89 0
21:22 738.89 15.56 84 2.24 0
21:23 738.89 15.56 83 1.34 0
21:24 738.89 15.56 84 .45 0
21:25 738.89 15.56 84 .89 0
21:26 738.89 15.56 84 .89 0
21:27 738.89 15.56 84 2.24 0
21:28 738.89 15.56 83 1.79 0
21:29 739.14 15.56 83 1.79 0
21:30 738.89 15.5 83 1.79 0
21:31 738.89 15.5 83 1.79 0
21:32 738.89 15.56 83 1.34 0
21:33 738.89 15.5 83 .45 0
21:34 738.89 15.5 83 1.34 0
21:35 738.89 15.5 83 .89 0
21:36 738.89 15.44 83 1.34 0
21:37 738.89 15.44 83 .89 0
21:38 738.89 15.44 84 1.34 0
21:39 738.89 15.44 84 .89 0
21:40 738.89 15.39 84 .45 0
21:41 738.89 15.39 84 .45 0
21:42 738.89 15.33 84 .89 0
21:43 738.89 15.33 84 .89 0
21:44 738.89 15.33 84 .89 0
21:45 738.89 15.28 84 .89 0
21:46 738.89 15.22 84 .89 0
21:47 738.89 15.22 84 .45 0
21:48 738.89 15.17 85 .45 0
21:49 738.89 15.11 85 .89 0
21:50 738.89 15.11 85 0 0
21:51 738.89 15.06 85 0 0
21:52 738.89 15 85 .45 0
21:53 738.89 15 85 .45 0
21:54 738.89 15 85 .45 0
21:55 738.89 14.94 85 .45 0
21:56 738.89 14.94 85 .89 0
21:57 738.89 14.94 85 .89 0
21:58 738.89 14.89 86 .45 0
21:59 738.89 14.83 86 .89 0
22:00 738.89 14.83 86 0 0
22:01 738.89 14.83 86 .45 0
22:02 738.89 14.78 86 .89 0
22:03 738.89 14.78 86 .89 0
22:04 738.89 14.78 86 .45 0
22:05 738.89 14.78 86 .89 0
22:06 738.89 14.78 86 .89 0
22:07 738.89 14.78 86 .45 0
22:08 738.89 14.72 86 .89 0
22:09 738.89 14.72 86 .45 0
22:10 738.89 14.72 86 .89 0
22:11 738.89 14.67 86 .89 0
22:12 738.89 14.72 87 .89 0
22:13 738.89 14.67 87 .89 0
22:14 738.89 14.67 87 .89 0
22:15 738.89 14.67 87 1.34 0
22:16 738.89 14.61 87 .89 0
22:17 738.89 14.61 87 .89 0
22:18 738.89 14.61 87 .89 0
22:19 738.89 14.56 87 .89 0
22:20 738.89 14.56 87 .89 0
22:21 738.89 14.56 87 .89 0
22:22 738.89 14.56 87 1.79 0
22:23 738.89 14.56 87 .89 0
22:24 738.89 14.56 87 .89 0
22:25 738.89 14.56 87 1.34 0
22:26 738.89 14.56 87 1.34 0
22:27 738.89 14.56 87 .89 0
22:28 738.89 14.56 87 .45 0
22:29 738.89 14.56 87 .89 0
22:30 738.89 14.56 87 .45 0
22:31 738.89 14.56 87 .45 0
22:32 738.89 14.5 87 .45 0
22:33 738.89 14.5 87 .89 0
22:34 738.89 14.5 87 .45 0
22:35 738.89 14.5 87 .89 0
22:36 738.89 14.5 87 .89 0
22:37 738.89 14.5 87 .45 0
22:38 738.89 14.5 87 1.79 0
22:39 738.89 14.5 87 .45 0
22:40 738.89 14.56 87 .45 0
22:41 738.89 14.5 87 .89 0
22:42 738.89 14.5 87 .45 0
22:43 738.89 14.56 87 .89 0
22:44 738.89 14.56 87 .89 0
22:45 738.89 14.56 87 .89 0
22:46 738.89 14.56 87 1.79 0
22:47 738.89 14.56 87 .45 0
22:48 738.89 14.56 87 1.79 0
22:49 738.89 14.61 87 1.79 0
22:50 738.89 14.61 87 .89 0
22:51 738.89 14.61 86 .89 0
22:52 738.89 14.61 86 .89 0
22:53 738.89 14.67 86 .89 0
22:54 738.89 14.67 86 1.34 0
22:55 738.89 14.67 86 .45 0
22:56 738.89 14.67 86 1.79 0
22:57 738.89 14.67 86 .45 0
22:58 738.89 14.72 86 1.34 0
22:59 738.89 14.72 86 1.34 0
23:00 738.89 14.72 86 .89 0
23:01 738.89 14.72 85 1.79 0
23:02 738.89 14.72 85 1.79 0
23:03 738.89 14.78 85 .89 0
23:04 738.89 14.78 85 .89 0
23:05 738.89 14.78 85 .89 0
23:06 738.89 14.78 85 .89 0
23:07 738.89 14.78 85 .89 0
23:08 738.89 14.83 85 .89 0
23:09 738.89 14.83 85 1.79 0
23:10 738.89 14.83 85 .89 0
23:11 738.89 14.78 85 .45 0
23:12 738.89 14.83 85 .45 0
23:13 738.89 14.83 85 1.79 0
23:14 738.89 14.83 85 .89 0
23:15 738.89 14.78 85 .89 0
23:16 738.89 14.83 85 .45 0
23:17 738.89 14.78 85 .45 0
23:18 738.89 14.78 85 .45 0
23:19 738.89 14.78 85 .45 0
23:20 738.89 14.78 85 0 0
23:21 738.89 14.78 85 0 0
23:22 738.89 14.78 85 .45 0
23:23 738.89 14.67 85 1.79 0
23:24 738.89 14.5 85 2.68 0
23:25 738.89 14.28 85 2.24 0
23:26 738.89 14.06 85 2.68 0
23:27 738.89 13.94 86 1.79 0
23:28 738.89 13.89 87 1.79 0
23:29 738.89 13.83 87 1.79 0
23:30 738.89 13.78 87 1.79 0
23:31 738.89 13.78 88 1.79 0
23:32 738.89 13.78 88 1.79 0
23:33 738.89 13.83 88 .89 0
23:34 738.89 13.89 88 .89 0
23:35 738.89 13.89 88 1.34 0
23:36 738.89 13.94 88 .45 0
23:37 738.89 14 88 .45 0
23:38 738.89 14.06 88 .45 0
23:39 738.89 14.11 87 .89 0
23:40 738.89 14.17 87 1.34 0
23:41 738.89 14.17 87 1.34 0
23:42 738.89 14.22 87 .89 0
23:43 738.89 14.22 87 .89 0
23:44 738.89 14.17 87 1.79 0
23:45 738.89 14.17 87 1.34 0
23:46 738.89 14.17 86 .89 0
23:47 738.89 14.17 87 .89 0
23:48 738.89 14.17 87 .89 0
23:49 738.89 14.11 87 .45 0
23:50 738.89 14.11 87 .89 0
23:51 738.63 14.11 87 1.34 0
23:52 738.63 14.11 87 .45 0
23:53 738.63 14.11 87 .45 0
23:54 738.63 14.17 87 0 0
23:55 738.63 14.17 87 0 0
23:56 738.89 14.17 87 0 0
23:57 738.63 14.17 87 0 0
23:58 738.63 14.17 87 .45 0
23:59 738.63 14.17 87 .45 0
