00:00 755.4 11.28 75 0 0
00:01 755.4 11.28 76 0 0
00:02 755.4 11.17 76 0 0
00:03 755.4 11.17 76 0 0
00:04 755.4 11.17 77 0 0
00:05 755.4 11.11 77 0 0
00:06 755.4 11.11 77 0 0
00:07 755.4 11.11 77 0 0
00:08 755.4 11.11 78 0 0
00:09 755.4 11 78 0 0
00:10 755.4 11 77 0 0
00:11 755.4 11 77 0 0
00:12 755.4 11 77 0 0
00:13 755.4 10.94 78 0 0
00:14 755.4 10.94 78 0 0
00:15 755.65 10.94 78 0 0
00:16 755.65 10.94 78 0 0
00:17 755.65 10.94 78 0 0
00:18 755.65 10.94 78 0 0
00:19 755.65 10.94 78 0 0
00:20 755.65 10.94 78 0 0
00:21 755.65 10.94 78 0 0
00:22 755.65 10.94 78 0 0
00:23 755.65 10.83 79 0 0
00:24 755.65 10.83 79 0 0
00:25 755.65 10.83 79 0 0
00:26 755.65 10.83 79 0 0
00:27 755.65 10.83 79 0 0
00:28 755.65 10.83 79 0 0
00:29 755.65 10.83 79 0 0
00:30 755.4 10.78 79 0 0
00:31 755.4 10.78 79 0 0
00:32 755.4 10.78 79 0 0
00:33 755.4 10.78 79 0 0
00:34 755.4 10.78 79 0 0
00:35 755.4 10.78 79 0 0
00:36 755.4 10.78 80 0 0
00:37 755.4 10.67 80 0 0
00:38 755.4 10.67 80 0 0
00:39 755.4 10.61 80 0 0
00:40 755.4 10.61 80 0 0
00:41 755.4 10.61 80 0 0
00:42 755.4 10.5 80 0 0
00:43 755.4 10.5 80 0 0
00:44 755.4 10.44 81 0 0
00:45 755.4 10.44 81 0 0
00:46 755.4 10.44 81 0 0
00:47 755.4 10.44 81 0 0
00:48 755.4 10.44 81 0 0
00:49 755.4 10.44 81 0 0
00:50 755.4 10.33 81 0 0
00:51 755.4 10.33 81 0 0
00:52 755.4 10.33 81 0 0
00:53 755.4 10.28 82 0 0
00:54 755.4 10.28 82 0 0
00:55 755.4 10.28 82 0 0
00:56 755.4 10.17 82 0 0
00:57 755.4 10.17 82 0 0
00:58 755.4 10.17 82 0 0
00:59 755.4 10.17 82 0 0
01:00 755.4 10.17 82 0 0
01:01 755.4 10.17 82 0 0
01:02 755.4 10.28 82 0 0
01:03 755.4 10.28 82 0 0
01:04 755.4 10.28 82 0 0
01:05 755.4 10.28 82 0 0
01:06 755.4 10.28 82 0 0
01:07 755.4 10.33 82 0 0
01:08 755.4 10.33 82 0 0
01:09 755.4 10.33 82 0 0
01:10 755.4 10.33 82 0 0
01:11 755.4 10.44 82 0 0
01:12 755.4 10.44 82 0 0
01:13 755.4 10.44 82 0 0
01:14 755.4 10.5 82 0 0
01:15 755.65 10.5 82 0 0
01:16 755.65 10.5 82 0 0
01:17 755.65 10.5 82 0 0
01:18 755.65 10.5 82 0 0
01:19 755.65 10.5 82 0 0
01:20 755.65 10.5 82 0 0
01:21 755.65 10.5 82 0 0
01:22 755.65 10.5 82 0 0
01:23 755.65 10.5 82 0 0
01:24 755.65 10.5 82 0 0
01:25 755.65 10.61 82 0 0
01:26 755.65 10.61 82 .45 0
01:27 755.65 10.61 82 .45 0
01:28 755.65 10.61 82 .45 0
01:29 755.65 10.61 82 .45 0
01:30 755.65 10.61 82 0 0
01:31 755.65 10.61 82 0 0
01:32 755.65 10.61 82 0 0
01:33 755.65 10.61 82 0 0
01:34 755.65 10.5 83 .89 0
01:35 755.65 10.5 83 .89 0
01:36 755.65 10.44 83 1.34 0
01:37 755.65 10.44 84 .45 0
01:38 755.65 10.33 84 .45 0
01:39 755.65 10.33 84 .89 0
01:40 755.65 10.28 84 0 0
01:41 755.65 10.28 84 .45 0
01:42 755.65 10.28 84 0 0
01:43 755.65 10.28 85 0 0
01:44 755.65 10.28 85 .89 0
01:45 755.65 10.17 85 .45 0
01:46 755.65 10.17 85 1.34 0
01:47 755.65 10.17 85 .89 0
01:48 755.65 10.17 85 0 0
01:49 755.65 10.17 85 0 0
01:50 755.65 10.17 85 0 0
01:51 755.65 10.11 85 0 0
01:52 755.65 10.11 85 0 0
01:53 755.65 10.11 86 0 0
01:54 755.65 10 85 0 0
01:55 755.65 10 85 0 0
01:56 755.65 10 86 0 0
01:57 755.65 9.94 86 0 0
01:58 755.65 9.94 86 0 0
01:59 755.65 9.94 86 0 0
02:00 755.4 9.94 86 0 0
02:01 755.4 9.94 86 0 0
02:02 755.4 9.83 86 0 0
02:03 755.4 9.83 86 0 0
02:04 755.4 9.83 86 0 0
02:05 755.4 9.83 86 0 0
02:06 755.4 9.83 86 0 0
02:07 755.4 9.83 86 0 0
02:08 755.4 9.83 86 0 0
02:09 755.4 9.83 86 0 0
02:10 755.4 9.83 86 0 0
02:11 755.4 9.83 86 0 0
02:12 755.4 9.83 86 0 0
02:13 755.4 9.83 86 0 0
02:14 755.4 9.83 87 0 0
02:15 755.14 9.83 87 0 0
02:16 755.14 9.83 87 0 0
02:17 755.14 9.83 87 0 0
02:18 755.14 9.83 87 0 0
02:19 755.14 9.94 87 0 0
02:20 755.14 9.94 87 0 0
02:21 755.14 9.94 87 0 0
02:22 755.14 9.94 87 .89 0
02:23 755.14 9.94 87 .45 0
02:24 755.14 10 87 .45 0
02:25 755.14 10 87 .45 0
02:26 755.14 10 87 .45 0
02:27 755.14 10 87 0 0
02:28 755.14 10 87 .45 0
02:29 755.14 10.11 87 0 0
02:30 755.14 10.11 87 0 0
02:31 755.14 10.11 87 0 0
02:32 755.14 10.11 87 0 0
02:33 755.14 10.11 87 0 0
02:34 755.14 10.11 87 0 0
02:35 755.14 10.11 87 0 0
02:36 755.14 10.11 87 0 0
02:37 755.14 10.11 87 0 0
02:38 755.14 10.11 87 0 0
02:39 755.14 10.11 87 1.34 0
02:40 755.14 10.11 87 .89 0
02:41 755.14 10.11 87 0 0
02:42 755.14 10.11 87 .45 0
02:43 755.14 10.11 87 .45 0
02:44 755.14 10.11 87 .89 0
02:45 755.14 10 87 .45 0
02:46 755.14 10 88 0 0
02:47 755.14 10 88 0 0
02:48 755.14 10 88 0 0
02:49 755.14 10 88 0 0
02:50 755.14 9.94 88 0 0
02:51 755.14 9.94 88 0 0
02:52 755.14 9.94 88 0 0
02:53 755.14 9.94 88 0 0
02:54 755.14 9.94 88 0 0
02:55 755.14 9.94 89 0 0
02:56 755.14 9.83 89 0 0
02:57 755.14 9.83 89 0 0
02:58 755.14 9.83 89 0 0
02:59 755.14 9.83 89 .45 0
03:00 755.14 9.83 89 0 0
03:01 755.14 9.83 89 0 0
03:02 755.14 9.83 89 .45 0
03:03 755.14 9.83 89 0 0
03:04 755.14 9.83 89 0 0
03:05 755.14 9.83 89 0 0
03:06 755.14 9.83 89 0 0
03:07 755.14 9.83 89 0 0
03:08 755.14 9.83 89 0 0
03:09 755.14 9.83 89 0 0
03:10 755.14 9.83 89 .45 0
03:11 755.14 9.83 89 0 0
03:12 755.14 9.83 89 0 0
03:13 755.14 9.83 89 0 0
03:14 755.14 9.83 89 0 0
03:15 755.14 9.83 89 0 0
03:16 755.14 9.83 89 0 0
03:17 755.14 9.83 89 0 0
03:18 755.14 9.83 89 0 0
03:19 755.14 9.83 89 0 0
03:20 755.14 9.83 89 0 0
03:21 755.14 9.83 89 0 0
03:22 755.14 9.83 89 0 0
03:23 755.14 9.83 89 0 0
03:24 755.14 9.83 89 0 0
03:25 755.14 9.83 90 0 0
03:26 755.14 9.83 89 0 0
03:27 755.14 9.83 90 0 0
03:28 755.14 9.83 90 0 0
03:29 755.14 9.83 90 0 0
03:30 754.89 9.83 90 0 0
03:31 754.89 9.83 90 .89 0
03:32 754.89 9.83 90 0 0
03:33 754.89 9.83 90 0 0
03:34 754.89 9.83 90 .45 0
03:35 754.89 9.83 90 0 0
03:36 754.89 9.83 90 0 0
03:37 754.89 9.83 90 0 0
03:38 754.89 9.83 90 .89 0
03:39 754.89 9.83 90 .89 0
03:40 754.89 9.83 90 1.34 0
03:41 754.89 9.83 90 0 0
03:42 754.89 9.83 90 0 0
03:43 754.89 9.78 90 0 0
03:44 754.89 9.78 90 0 0
03:45 754.89 9.78 90 0 0
03:46 754.89 9.78 90 0 0
03:47 754.89 9.78 90 .45 0
03:48 754.89 9.78 90 .45 0
03:49 754.89 9.78 90 .89 0
03:50 754.89 9.78 91 .89 0
03:51 754.89 9.78 91 0 0
03:52 754.89 9.78 91 0 0
03:53 754.89 9.78 91 0 0
03:54 754.89 9.78 91 0 0
03:55 754.89 9.72 91 0 0
03:56 754.89 9.72 91 0 0
03:57 754.89 9.72 91 0 0
03:58 754.89 9.72 91 0 0
03:59 754.89 9.72 91 0 0
04:00 754.89 9.72 91 0 0
04:01 754.89 9.72 91 0 0
04:02 754.89 9.72 91 0 0
04:03 754.89 9.72 91 0 0
04:04 754.89 9.72 91 0 0
04:05 754.89 9.72 91 0 0
04:06 754.89 9.72 91 0 0
04:07 754.89 9.72 91 0 0
04:08 754.89 9.72 91 0 0
04:09 754.89 9.72 91 0 0
04:10 754.89 9.72 91 0 0
04:11 754.89 9.72 91 0 0
04:12 754.89 9.72 91 0 0
04:13 754.89 9.72 91 0 0
04:14 754.89 9.72 91 0 0
04:15 754.89 9.61 91 0 0
04:16 754.89 9.61 91 0 0
04:17 754.89 9.61 91 0 0
04:18 754.89 9.61 91 0 0
04:19 754.89 9.61 91 0 0
04:20 754.89 9.61 91 0 0
04:21 754.89 9.61 91 0 0
04:22 754.89 9.61 92 0 0
04:23 754.89 9.61 92 0 0
04:24 754.89 9.61 92 0 0
04:25 754.89 9.61 92 0 0
04:26 754.89 9.61 92 0 0
04:27 754.89 9.61 92 0 0
04:28 754.89 9.61 92 0 0
04:29 754.89 9.61 92 0 0
04:30 754.89 9.61 92 0 0
04:31 754.89 9.61 92 0 0
04:32 754.89 9.61 92 0 0
04:33 754.89 9.61 92 0 0
04:34 754.89 9.61 92 0 0
04:35 754.89 9.61 92 0 0
04:36 754.89 9.61 92 0 0
04:37 754.89 9.61 92 .89 0
04:38 754.89 9.61 92 .89 0
04:39 754.89 9.61 92 .45 0
04:40 754.89 9.61 92 0 0
04:41 754.89 9.61 92 0 0
04:42 754.89 9.61 92 0 0
04:43 754.89 9.61 92 0 0
04:44 754.89 9.61 92 .89 0
04:45 754.89 9.61 92 .89 0
04:46 754.89 9.61 92 .45 0
04:47 754.89 9.61 92 .89 0
04:48 754.89 9.61 92 0 0
04:49 754.89 9.61 92 .45 0
04:50 754.89 9.61 92 .89 0
04:51 754.89 9.61 92 .45 0
04:52 754.89 9.56 92 .45 0
04:53 754.89 9.56 92 .45 0
04:54 754.89 9.56 92 1.34 0
04:55 754.89 9.56 92 .89 0
04:56 754.89 9.56 92 .89 0
04:57 754.89 9.56 92 0 0
04:58 754.89 9.56 92 .89 0
04:59 754.89 9.56 92 0 0
05:00 754.89 9.56 92 .45 0
05:01 754.89 9.56 92 0 0
05:02 754.89 9.56 92 .45 0
05:03 754.89 9.56 92 0 0
05:04 754.89 9.56 92 .45 0
05:05 754.89 9.56 92 .89 0
05:06 754.89 9.56 92 .45 0
05:07 754.89 9.56 92 1.34 0
05:08 754.89 9.56 92 .45 0
05:09 754.89 9.56 92 .45 0
05:10 754.89 9.56 92 .45 0
05:11 754.89 9.56 92 0 0
05:12 754.89 9.56 92 .45 0
05:13 754.89 9.56 92 .45 0
05:14 754.89 9.56 92 0 0
05:15 754.89 9.56 92 .89 0
05:16 754.89 9.56 92 .45 0
05:17 754.89 9.56 92 0 0
05:18 754.89 9.56 92 0 0
05:19 754.89 9.56 92 0 0
05:20 754.89 9.56 92 0 0
05:21 754.89 9.56 92 0 0
05:22 754.89 9.56 92 0 0
05:23 754.89 9.56 92 0 0
05:24 754.89 9.56 92 0 0
05:25 754.89 9.44 92 0 0
05:26 754.89 9.44 92 0 0
05:27 754.89 9.44 93 0 0
05:28 754.89 9.44 93 0 0
05:29 754.89 9.56 93 0 0
05:30 754.63 9.56 93 0 0
05:31 754.63 9.56 93 0 0
05:32 754.63 9.56 93 .89 0
05:33 754.63 9.56 93 0 0
05:34 754.63 9.56 93 0 0
05:35 754.63 9.56 93 0 0
05:36 754.63 9.56 93 0 0
05:37 754.63 9.61 93 0 0
05:38 754.63 9.61 93 0 0
05:39 754.63 9.61 93 0 0
05:40 754.63 9.61 93 0 0
05:41 754.63 9.61 93 0 0
05:42 754.63 9.61 93 0 0
05:43 754.63 9.61 93 0 0
05:44 754.63 9.72 93 0 0
05:45 754.63 9.72 93 0 0
05:46 754.63 9.72 93 0 0
05:47 754.63 9.72 93 0 0
05:48 754.63 9.72 93 0 0
05:49 754.63 9.72 93 0 0
05:50 754.63 9.72 93 0 0
05:51 754.63 9.72 93 0 0
05:52 754.63 9.72 93 0 0
05:53 754.63 9.72 93 0 0
05:54 754.63 9.72 93 0 0
05:55 754.63 9.72 93 0 0
05:56 754.63 9.72 93 0 0
05:57 754.63 9.72 93 0 0
05:58 754.63 9.72 93 0 0
05:59 754.63 9.72 93 0 0
06:00 754.63 9.72 93 0 0
06:01 754.63 9.72 93 0 0
06:02 754.63 9.72 93 0 0
06:03 754.63 9.72 93 0 0
06:04 754.63 9.78 93 0 0
06:05 754.63 9.78 93 0 0
06:06 754.63 9.78 93 0 0
06:07 754.63 9.78 93 0 0
06:08 754.63 9.78 93 0 0
06:09 754.63 9.78 93 0 0
06:10 754.63 9.78 93 0 0
06:11 754.63 9.78 93 0 0
06:12 754.63 9.78 93 0 0
06:13 754.63 9.78 93 0 0
06:14 754.63 9.78 93 0 0
06:15 754.63 9.78 93 0 0
06:16 754.63 9.83 93 0 0
06:17 754.63 9.83 93 0 0
06:18 754.63 9.83 93 0 0
06:19 754.63 9.83 93 0 0
06:20 754.63 9.94 93 0 0
06:21 754.63 9.94 93 0 0
06:22 754.63 9.94 93 0 0
06:23 754.63 9.94 93 0 0
06:24 754.63 9.94 93 0 0
06:25 754.63 9.94 93 0 0
06:26 754.63 9.94 93 0 0
06:27 754.63 9.94 93 0 0
06:28 754.63 10 93 0 0
06:29 754.63 10 93 0 0
06:30 754.38 10 93 0 0
06:31 754.38 10 93 0 0
06:32 754.38 10 93 0 0
06:33 754.38 10.11 93 0 0
06:34 754.38 10.11 93 0 0
06:35 754.38 10.11 93 0 0
06:36 754.38 10.17 93 0 0
06:37 754.38 10.17 93 .89 0
06:38 754.38 10.17 93 0 0
06:39 754.38 10.17 93 0 0
06:40 754.38 10.28 93 0 0
06:41 754.38 10.28 93 0 0
06:42 754.38 10.28 93 1.34 0
06:43 754.38 10.28 93 1.34 0
06:44 754.38 10.28 93 .89 0
06:45 754.63 10.28 93 1.79 0
06:46 754.63 10.28 93 1.34 0
06:47 754.63 10.28 93 .89 0
06:48 754.63 10.28 93 .89 0
06:49 754.63 10.28 92 .45 0
06:50 754.63 10.28 92 0 0
06:51 754.63 10.33 92 0 0
06:52 754.63 10.33 92 .89 0
06:53 754.63 10.33 92 1.34 0
06:54 754.63 10.44 92 1.34 0
06:55 754.63 10.44 92 0 0
06:56 754.63 10.44 92 0 0
06:57 754.63 10.5 92 0 0
06:58 754.63 10.5 92 0 0
06:59 754.63 10.5 92 .45 0
07:00 754.63 10.61 92 0 0
07:01 754.63 10.61 92 .89 0
07:02 754.63 10.61 92 1.34 0
07:03 754.63 10.61 92 1.34 0
07:04 754.63 10.61 91 .89 0
07:05 754.63 10.61 91 1.79 0
07:06 754.63 10.61 91 .89 0
07:07 754.63 10.61 91 .89 0
07:08 754.63 10.61 91 .89 0
07:09 754.63 10.61 91 1.79 0
07:10 754.63 10.61 91 1.34 0
07:11 754.63 10.61 91 1.79 0
07:12 754.63 10.61 90 1.79 0
07:13 754.63 10.61 90 1.34 0
07:14 754.63 10.61 90 1.34 0
07:15 754.63 10.61 90 1.34 0
07:16 754.63 10.67 90 1.34 0
07:17 754.63 10.67 90 1.79 0
07:18 754.63 10.67 90 1.34 0
07:19 754.63 10.67 90 1.34 0
07:20 754.63 10.78 90 .89 0
07:21 754.63 10.78 90 .89 0
07:22 754.63 10.83 89 1.34 0
07:23 754.63 10.83 89 1.34 0
07:24 754.63 10.94 89 1.79 0
07:25 754.63 10.94 89 .89 0
07:26 754.63 10.94 89 .89 0
07:27 754.63 11 89 .89 0
07:28 754.63 11 89 1.34 0
07:29 754.63 11 89 .45 0
07:30 754.63 11.11 89 1.34 0
07:31 754.63 11.11 88 1.79 0
07:32 754.63 11.11 88 1.34 0
07:33 754.63 11.11 88 .89 0
07:34 754.63 11 87 1.79 0
07:35 754.63 11.11 87 1.34 0
07:36 754.63 11.11 87 .45 0
07:37 754.63 11.17 87 2.24 0
07:38 754.63 11.11 87 1.79 0
07:39 754.63 11.17 87 1.34 0
07:40 754.63 11.17 87 1.34 0
07:41 754.63 11.17 87 .45 0
07:42 754.63 11.17 87 0 0
07:43 754.63 11.28 87 0 0
07:44 754.63 11.28 87 0 0
07:45 754.63 11.28 87 0 0
07:46 754.63 11.33 87 0 0
07:47 754.63 11.33 87 1.34 0
07:48 754.63 11.33 86 0 0
07:49 754.63 11.33 87 0 0
07:50 754.63 11.44 86 .89 0
07:51 754.63 11.44 86 .89 0
07:52 754.63 11.44 87 0 0
07:53 754.63 11.44 87 0 0
07:54 754.63 11.44 87 0 0
07:55 754.63 11.44 87 0 0
07:56 754.63 11.5 87 0 0
07:57 754.63 11.5 87 0 0
07:58 754.63 11.5 87 0 0
07:59 754.63 11.61 87 0 0
08:00 754.63 11.61 87 0 0
08:01 754.63 11.67 87 1.79 0
08:02 754.63 11.67 86 1.34 0
08:03 754.63 11.67 86 .45 0
08:04 754.63 11.67 86 .89 0
08:05 754.63 11.67 85 1.34 0
08:06 754.63 11.67 85 .89 0
08:07 754.63 11.67 84 1.34 0
08:08 754.63 11.67 85 .89 0
08:09 754.63 11.67 85 .45 0
08:10 754.63 11.67 85 .89 0
08:11 754.63 11.78 85 1.34 0
08:12 754.63 11.78 85 1.34 0
08:13 754.63 11.78 85 1.34 0
08:14 754.63 11.83 84 .45 0
08:15 754.63 11.83 84 .89 0
08:16 754.63 11.83 84 1.34 0
08:17 754.63 11.83 84 1.79 0
08:18 754.63 11.78 84 .89 0
08:19 754.63 11.78 83 0 0
08:20 754.63 11.78 83 0 0
08:21 754.63 11.83 84 0 0
08:22 754.63 11.83 83 0 0
08:23 754.63 11.89 84 1.34 0
08:24 754.63 12 83 1.79 0
08:25 754.63 12.06 83 0 0
08:26 754.63 12.06 82 0 0
08:27 754.63 12.17 82 0 0
08:28 754.63 12.22 82 0 0
08:29 754.63 12.22 82 0 0
08:30 754.63 12.33 82 1.34 0
08:31 754.63 12.33 81 1.34 0
08:32 754.63 12.22 80 1.34 0
08:33 754.63 12.22 80 1.34 0
08:34 754.63 12.22 80 .89 0
08:35 754.63 12.22 80 1.34 0
08:36 754.63 12.17 79 1.34 0
08:37 754.63 12.17 79 0 0
08:38 754.63 12.17 80 .45 0
08:39 754.63 12.17 80 0 0
08:40 754.63 12.17 80 0 0
08:41 754.63 12.17 80 .45 0
08:42 754.63 12.22 80 .89 0
08:43 754.63 12.33 80 0 0
08:44 754.63 12.33 80 .45 0
08:45 754.63 12.39 80 0 0
08:46 754.63 12.39 79 1.34 0
08:47 754.63 12.5 79 .89 0
08:48 754.63 12.5 79 .89 0
08:49 754.63 12.5 78 .45 0
08:50 754.63 12.56 78 .89 0
08:51 754.63 12.5 78 .45 0
08:52 754.63 12.5 77 0 0
08:53 754.63 12.5 77 0 0
08:54 754.63 12.5 77 0 0
08:55 754.63 12.56 77 0 0
08:56 754.63 12.72 77 0 0
08:57 754.63 12.83 77 0 0
08:58 754.63 12.89 76 0 0
08:59 754.63 13 75 0 0
09:00 754.63 13 75 .45 0
09:01 754.63 13.06 75 0 0
09:02 754.63 13.17 75 .89 0
09:03 754.63 13.17 75 0 0
09:04 754.63 13.17 74 0 0
09:05 754.63 13.22 73 .45 0
09:06 754.63 13.17 73 0 0
09:07 754.63 13.17 73 0 0
09:08 754.63 13.22 74 .89 0
09:09 754.63 13.22 74 .45 0
09:10 754.63 13.22 74 .45 0
09:11 754.63 13.22 74 0 0
09:12 754.63 13.33 74 .45 0
09:13 754.63 13.33 74 1.79 0
09:14 754.63 13.33 74 1.34 0
09:15 754.63 13.33 74 1.34 0
09:16 754.63 13.33 73 1.34 0
09:17 754.63 13.22 73 .45 0
09:18 754.63 13.22 73 .45 0
09:19 754.63 13.22 74 .89 0
09:20 754.63 13.17 73 0 0
09:21 754.63 13.22 73 1.34 0
09:22 754.63 13.22 73 .89 0
09:23 754.63 13.22 74 0 0
09:24 754.63 13.22 73 1.34 0
09:25 754.63 13.17 72 0 0
09:26 754.63 13.22 72 .89 0
09:27 754.63 13.22 71 .45 0
09:28 754.63 13.22 71 0 0
09:29 754.63 13.22 72 0 0
09:30 754.63 13.33 72 .89 0
09:31 754.63 13.22 71 .45 0
09:32 754.63 13.22 71 .45 0
09:33 754.63 13.22 72 0 0
09:34 754.63 13.22 72 .89 0
09:35 754.63 13.22 73 .45 0
09:36 754.63 13.22 73 0 0
09:37 754.63 13.22 73 0 0
09:38 754.63 13.33 73 0 0
09:39 754.63 13.33 73 0 0
09:40 754.63 13.39 74 0 0
09:41 754.63 13.39 74 0 0
09:42 754.63 13.5 74 .89 0
09:43 754.63 13.5 73 0 0
09:44 754.63 13.39 73 0 0
09:45 754.38 13.39 73 0 0
09:46 754.38 13.39 73 1.79 0
09:47 754.38 13.33 72 1.34 0
09:48 754.38 13.33 72 1.34 0
09:49 754.38 13.22 71 .45 0
09:50 754.38 13.17 71 1.79 0
09:51 754.38 13.17 70 .89 0
09:52 754.38 13.17 72 .89 0
09:53 754.38 13.17 70 .89 0
09:54 754.38 13.17 70 .89 0
09:55 754.38 13.17 69 0 0
09:56 754.38 13.06 69 0 0
09:57 754.38 13.17 69 0 0
09:58 754.38 13.17 69 0 0
09:59 754.38 13.17 69 0 0
10:00 754.38 13.17 69 0 0
10:01 754.38 13.17 69 .89 0
10:02 754.38 13.17 69 .89 0
10:03 754.38 13.22 70 .89 0
10:04 754.38 13.22 69 0 0
10:05 754.38 13.22 68 0 0
10:06 754.38 13.22 68 0 0
10:07 754.38 13.33 68 0 0
10:08 754.38 13.33 68 0 0
10:09 754.38 13.33 67 0 0
10:10 754.38 13.39 67 0 0
10:11 754.38 13.39 67 0 0
10:12 754.38 13.5 67 0 0
10:13 754.38 13.5 67 0 0
10:14 754.38 13.56 67 0 0
10:15 754.38 13.67 68 0 0
10:16 754.38 13.72 67 0 0
10:17 754.38 13.89 68 0 0
10:18 754.38 13.94 68 0 0
10:19 754.38 13.94 66 .45 0
10:20 754.38 13.94 66 0 0
10:21 754.38 13.94 66 0 0
10:22 754.38 14.06 67 0 0
10:23 754.38 14.06 65 0 0
10:24 754.38 14.06 65 .89 0
10:25 754.38 14.06 65 .45 0
10:26 754.38 14.06 64 0 0
10:27 754.38 14.06 63 .45 0
10:28 754.38 14.06 63 0 0
10:29 754.38 14.06 63 0 0
10:30 754.38 14.06 63 0 0
10:31 754.38 14.06 62 0 0
10:32 754.38 14.06 63 0 0
10:33 754.38 14.11 63 0 0
10:34 754.38 14.11 64 .89 0
10:35 754.38 14.22 64 .89 0
10:36 754.38 14.22 63 1.34 0
10:37 754.38 14.11 63 0 0
10:38 754.38 14.11 64 0 0
10:39 754.38 14.22 64 0 0
10:40 754.38 14.28 64 0 0
10:41 754.38 14.39 63 0 0
10:42 754.38 14.39 63 0 0
10:43 754.38 14.5 63 0 0
10:44 754.38 14.5 63 0 0
10:45 754.38 14.5 63 0 0
10:46 754.38 14.56 63 0 0
10:47 754.38 14.67 63 .89 0
10:48 754.38 14.67 62 0 0
10:49 754.38 14.67 62 0 0
10:50 754.38 14.67 62 0 0
10:51 754.38 14.72 62 0 0
10:52 754.38 14.72 62 1.34 0
10:53 754.38 14.72 61 1.34 0
10:54 754.38 14.67 61 2.24 0
10:55 754.38 14.5 62 1.79 0
10:56 754.38 14.28 63 1.34 0
10:57 754.38 14.22 64 1.79 0
10:58 754.38 14.22 64 1.34 0
10:59 754.38 14.22 64 1.34 0
11:00 754.38 14.11 63 1.34 0
11:01 754.38 14.22 63 1.34 0
11:02 754.38 14.11 63 1.79 0
11:03 754.38 14.11 63 .45 0
11:04 754.38 14.11 62 0 0
11:05 754.38 14.11 62 0 0
11:06 754.38 14.11 62 .89 0
11:07 754.38 14.11 62 0 0
11:08 754.38 14.22 63 0 0
11:09 754.38 14.28 62 0 0
11:10 754.38 14.39 62 0 0
11:11 754.38 14.56 62 .89 0
11:12 754.38 14.67 60 .89 0
11:13 754.38 14.72 59 1.79 0
11:14 754.38 14.72 59 .45 0
11:15 754.38 14.83 60 0 0
11:16 754.38 14.89 60 1.34 0
11:17 754.38 14.83 59 1.34 0
11:18 754.38 14.67 59 .89 0
11:19 754.38 14.56 59 1.34 0
11:20 754.38 14.39 58 .45 0
11:21 754.38 14.39 59 .89 0
11:22 754.38 14.28 59 0 0
11:23 754.38 14.39 60 1.34 0
11:24 754.38 14.39 61 1.79 0
11:25 754.38 14.39 60 1.79 0
11:26 754.38 14.39 59 0 0
11:27 754.38 14.5 59 0 0
11:28 754.38 14.67 60 0 0
11:29 754.38 14.72 59 .89 0
11:30 754.38 14.89 57 1.34 0
11:31 754.38 15 56 1.34 0
11:32 754.38 15.06 56 0 0
11:33 754.38 15.17 56 .89 0
11:34 754.38 15.17 55 0 0
11:35 754.38 15.17 55 0 0
11:36 754.38 15.22 55 .89 0
11:37 754.38 15.33 54 0 0
11:38 754.38 15.33 54 0 0
11:39 754.38 15.33 54 .89 0
11:40 754.38 15.33 54 .45 0
11:41 754.38 15.33 54 .45 0
11:42 754.38 15.33 53 .89 0
11:43 754.38 15.33 53 0 0
11:44 754.38 15.33 53 0 0
11:45 754.38 15.33 53 0 0
11:46 754.38 15.33 54 0 0
11:47 754.38 15.39 54 1.34 0
11:48 754.38 15.5 55 .89 0
11:49 754.38 15.56 54 1.79 0
11:50 754.38 15.5 53 .89 0
11:51 754.38 15.5 53 .45 0
11:52 754.38 15.39 54 0 0
11:53 754.38 15.39 54 .45 0
11:54 754.38 15.33 54 .45 0
11:55 754.38 15.33 54 0 0
11:56 754.38 15.33 55 .45 0
11:57 754.38 15.39 55 .89 0
11:58 754.38 15.33 54 1.79 0
11:59 754.38 15.33 54 0 0
12:00 754.38 15.33 54 1.34 0
12:01 754.38 15.33 53 1.79 0
12:02 754.38 15.22 53 2.24 0
12:03 754.38 15.17 54 2.24 0
12:04 754.38 15.06 54 1.34 0
12:05 754.38 15.06 55 .45 0
12:06 754.38 15.06 55 .89 0
12:07 754.38 15.06 54 .45 0
12:08 754.38 15.06 54 .89 0
12:09 754.38 15.17 54 0 0
12:10 754.38 15.17 55 0 0
12:11 754.38 15.22 55 .45 0
12:12 754.38 15.33 55 0 0
12:13 754.38 15.33 53 0 0
12:14 754.38 15.39 53 0 0
12:15 754.13 15.5 52 0 0
12:16 754.13 15.56 52 0 0
12:17 754.13 15.67 52 0 0
12:18 754.13 15.67 53 0 0
12:19 754.13 15.83 53 0 0
12:20 754.13 15.89 51 0 0
12:21 754.13 15.89 51 0 0
12:22 754.13 16 51 .45 0
12:23 754.13 16.11 51 0 0
12:24 754.13 16.17 51 0 0
12:25 754.13 16.28 52 0 0
12:26 754.13 16.33 51 .45 0
12:27 754.13 16.44 51 1.79 0
12:28 754.13 16.33 50 2.24 0
12:29 754.13 16.17 50 2.24 0
12:30 754.13 16.11 51 1.79 0
12:31 754.13 16 52 .89 0
12:32 754.13 15.89 52 2.24 0
12:33 754.13 15.89 52 .45 0
12:34 754.13 15.89 53 .89 0
12:35 754.13 16 52 0 0
12:36 754.13 16 52 .45 0
12:37 754.13 16.11 52 0 0
12:38 754.13 16.28 52 0 0
12:39 754.13 16.44 52 1.34 0
12:40 754.13 16.44 51 .89 0
12:41 754.13 16.44 51 .45 0
12:42 754.13 16.44 51 0 0
12:43 754.13 16.5 52 0 0
12:44 754.13 16.61 53 .89 0
12:45 754.13 16.61 52 0 0
12:46 754.13 16.78 52 2.24 0
12:47 754.13 16.89 50 1.79 0
12:48 754.13 16.89 49 1.79 0
12:49 754.13 16.78 50 1.34 0
12:50 754.13 16.72 51 .45 0
12:51 754.13 16.72 51 0 0
12:52 754.13 16.72 51 2.68 0
12:53 754.13 16.5 50 1.34 0
12:54 754.13 16.33 51 1.79 0
12:55 754.13 16.33 51 1.79 0
12:56 754.13 16.33 52 2.68 0
12:57 754.13 16.33 53 2.24 0
12:58 754.13 16.28 50 1.79 0
12:59 754.13 16.11 50 1.79 0
13:00 754.13 16 52 .89 0
13:01 754.13 16 51 .89 0
13:02 754.13 15.89 51 1.79 0
13:03 754.13 15.89 51 2.24 0
13:04 754.13 15.89 52 1.34 0
13:05 754.13 15.89 52 .89 0
13:06 754.13 15.89 52 .89 0
13:07 754.13 16 53 1.79 0
13:08 754.13 16 53 1.34 0
13:09 754.13 16 52 2.24 0
13:10 754.13 16.11 51 1.79 0
13:11 754.13 16 51 2.24 0
13:12 754.13 16 51 2.24 0
13:13 754.13 15.89 51 1.34 0
13:14 754.13 16 51 2.68 0
13:15 753.87 16 51 1.79 0
13:16 753.87 16 51 1.79 0
13:17 753.87 16 50 1.79 0
13:18 753.87 16.11 51 2.24 0
13:19 753.87 16.11 50 1.79 0
13:20 753.87 16.11 50 1.34 0
13:21 753.87 16.11 50 1.79 0
13:22 753.87 16.17 51 1.34 0
13:23 753.87 16.28 50 .89 0
13:24 753.87 16.33 50 1.34 0
13:25 753.87 16.33 50 0 0
13:26 753.87 16.44 50 .45 0
13:27 753.87 16.61 50 .45 0
13:28 753.87 16.78 49 0 0
13:29 753.87 16.89 49 .89 0
13:30 753.87 16.94 48 .89 0
13:31 753.87 16.94 49 0 0
13:32 753.87 17.11 49 .89 0
13:33 753.87 17.11 48 .89 0
13:34 753.87 17.22 48 0 0
13:35 753.87 17.33 48 0 0
13:36 753.87 17.39 48 .45 0
13:37 753.87 17.5 47 0 0
13:38 753.87 17.56 47 .45 0
13:39 753.87 17.67 47 .45 0
13:40 753.87 17.78 48 0 0
13:41 753.87 17.83 48 0 0
13:42 753.87 17.94 47 0 0
13:43 753.87 18 47 1.34 0
13:44 753.87 18 46 2.24 0
13:45 753.87 18 44 2.68 0
13:46 753.87 17.83 43 2.68 0
13:47 753.87 17.67 44 2.24 0
13:48 753.87 17.56 45 1.34 0
13:49 753.87 17.39 45 .89 0
13:50 753.87 17.33 45 2.24 0
13:51 753.87 17.22 45 .89 0
13:52 753.87 17.11 45 .89 0
13:53 753.87 17.11 45 0 0
13:54 753.87 17.22 46 .45 0
13:55 753.87 17.11 46 0 0
13:56 753.87 17.22 46 .45 0
13:57 753.87 17.22 46 0 0
13:58 753.87 17.22 46 .45 0
13:59 753.87 17.33 46 0 0
14:00 753.87 17.39 46 0 0
14:01 753.87 17.5 45 0 0
14:02 753.87 17.56 45 .89 0
14:03 753.87 17.56 45 0 0
14:04 753.87 17.56 44 .89 0
14:05 753.87 17.56 45 0 0
14:06 753.87 17.56 45 .89 0
14:07 753.87 17.56 44 1.34 0
14:08 753.87 17.5 42 1.34 0
14:09 753.87 17.33 44 1.34 0
14:10 753.87 17.22 44 .45 0
14:11 753.87 17.11 44 0 0
14:12 753.87 17.11 44 0 0
14:13 753.87 17.11 44 1.34 0
14:14 753.87 17.11 44 1.79 0
14:15 753.87 17.11 44 .89 0
14:16 753.87 17.11 44 .89 0
14:17 753.87 17.06 41 .45 0
14:18 753.87 17.06 42 0 0
14:19 753.87 17.06 41 0 0
14:20 753.87 17.11 42 .45 0
14:21 753.87 17.11 43 .45 0
14:22 753.87 17.11 43 .89 0
14:23 753.87 17.11 43 .89 0
14:24 753.87 17.22 44 1.34 0
14:25 753.87 17.11 43 .45 0
14:26 753.87 17.11 44 .89 0
14:27 753.87 17.11 45 1.34 0
14:28 753.87 17.11 44 .45 0
14:29 753.87 17.06 44 0 0
14:30 753.87 17.11 44 0 0
14:31 753.87 17.11 45 0 0
14:32 753.87 17.11 43 .45 0
14:33 753.87 17.11 43 .89 0
14:34 753.87 17.11 43 2.68 0
14:35 753.87 17.11 44 0 0
14:36 753.87 17.11 44 0 0
14:37 753.87 17.22 44 0 0
14:38 753.87 17.22 43 0 0
14:39 753.87 17.33 43 0 0
14:40 753.87 17.39 43 0 0
14:41 753.87 17.39 43 0 0
14:42 753.87 17.5 43 0 0
14:43 753.87 17.5 43 0 0
14:44 753.87 17.5 44 1.34 0
14:45 753.87 17.5 44 .45 0
14:46 753.87 17.56 45 1.79 0
14:47 753.87 17.5 43 1.79 0
14:48 753.87 17.5 44 .89 0
14:49 753.87 17.56 43 1.34 0
14:50 753.87 17.56 43 2.68 0
14:51 753.87 17.5 43 1.34 0
14:52 753.87 17.39 43 1.34 0
14:53 753.87 17.33 43 1.34 0
14:54 753.87 17.22 43 0 0
14:55 753.87 17.22 43 1.34 0
14:56 753.87 17.06 43 1.34 0
14:57 753.87 16.94 43 0 0
14:58 753.87 16.94 43 .45 0
14:59 753.87 16.94 44 0 0
15:00 753.87 17.06 44 .89 0
15:01 753.87 17.06 45 1.34 0
15:02 753.87 17.06 45 .89 0
15:03 753.87 16.94 44 .89 0
15:04 753.87 16.94 45 .89 0
15:05 753.87 16.94 44 0 0
15:06 753.87 16.94 45 0 0
15:07 753.87 17.06 45 0 0
15:08 753.87 17.06 45 0 0
15:09 753.87 17.11 45 0 0
15:10 753.87 17.22 44 0 0
15:11 753.87 17.33 44 0 0
15:12 753.87 17.33 43 0 0
15:13 753.87 17.39 43 0 0
15:14 753.87 17.56 43 0 0
15:15 753.87 17.56 43 1.34 0
15:16 753.87 17.56 43 .89 0
15:17 753.87 17.56 44 0 0
15:18 753.87 17.56 44 0 0
15:19 753.87 17.56 44 0 0
15:20 753.87 17.67 43 0 0
15:21 753.87 17.67 42 0 0
15:22 753.87 17.78 42 0 0
15:23 753.87 17.94 42 0 0
15:24 753.87 18 42 0 0
15:25 753.87 18 42 .89 0
15:26 753.87 18 41 0 0
15:27 753.87 18 42 1.79 0
15:28 753.87 18 41 .89 0
15:29 753.87 18 41 0 0
15:30 753.87 18 41 0 0
15:31 753.87 18 41 0 0
15:32 753.87 18 40 0 0
15:33 753.87 18.11 40 0 0
15:34 753.87 18.11 41 .45 0
15:35 753.87 18.22 41 .89 0
15:36 753.87 18.22 40 0 0
15:37 753.87 18.22 39 1.79 0
15:38 753.87 18.11 40 .89 0
15:39 753.87 18 41 0 0
15:40 753.87 18 41 .45 0
15:41 753.87 18.11 41 .89 0
15:42 753.87 18.11 41 1.34 0
15:43 753.87 18.11 40 1.34 0
15:44 753.87 18 40 1.34 0
15:45 753.62 18 41 .45 0
15:46 753.62 18 41 .45 0
15:47 753.62 18 40 0 0
15:48 753.62 18.11 40 0 0
15:49 753.62 18.28 41 0 0
15:50 753.62 18.39 40 .89 0
15:51 753.62 18.39 39 0 0
15:52 753.62 18.39 39 .89 0
15:53 753.62 18.5 40 0 0
15:54 753.62 18.56 39 .45 0
15:55 753.62 18.56 39 .45 0
15:56 753.62 18.56 39 1.79 0
15:57 753.62 18.5 38 2.24 0
15:58 753.62 18.39 39 0 0
15:59 753.62 18.28 39 0 0
16:00 753.62 18.28 39 .45 0
16:01 753.62 18.39 39 .45 0
16:02 753.62 18.39 40 .45 0
16:03 753.62 18.5 39 .89 0
16:04 753.62 18.5 38 .89 0
16:05 753.62 18.5 38 0 0
16:06 753.62 18.56 39 .89 0
16:07 753.62 18.56 39 .89 0
16:08 753.62 18.56 37 .45 0
16:09 753.62 18.56 38 1.34 0
16:10 753.62 18.56 39 1.79 0
16:11 753.62 18.5 38 1.79 0
16:12 753.62 18.5 40 1.34 0
16:13 753.62 18.56 38 .89 0
16:14 753.62 18.56 39 1.79 0
16:15 753.62 18.56 36 1.34 0
16:16 753.62 18.56 36 1.34 0
16:17 753.62 18.5 36 1.34 0
16:18 753.62 18.5 38 1.34 0
16:19 753.62 18.5 36 .45 0
16:20 753.62 18.5 38 1.79 0
16:21 753.62 18.39 38 .89 0
16:22 753.62 18.28 37 1.79 0
16:23 753.62 18.28 38 1.79 0
16:24 753.62 18.22 38 2.68 0
16:25 753.62 18.22 38 1.79 0
16:26 753.62 18.11 38 2.68 0
16:27 753.62 18.11 38 0 0
16:28 753.62 18.11 39 1.34 0
16:29 753.62 18.11 39 .89 0
16:30 753.62 18.11 39 1.34 0
16:31 753.62 18.11 38 .45 0
16:32 753.62 18.11 38 0 0
16:33 753.62 18.22 39 0 0
16:34 753.62 18.28 38 0 0
16:35 753.62 18.39 38 0 0
16:36 753.62 18.56 37 0 0
16:37 753.62 18.67 38 0 0
16:38 753.62 18.72 37 0 0
16:39 753.62 18.83 36 1.34 0
16:40 753.62 18.94 37 2.24 0
16:41 753.62 18.94 36 1.79 0
16:42 753.62 18.94 36 2.24 0
16:43 753.62 18.83 36 0 0
16:44 753.62 18.83 36 .45 0
16:45 753.62 18.72 36 0 0
16:46 753.62 18.72 36 0 0
16:47 753.62 18.83 36 2.24 0
16:48 753.62 18.83 36 .45 0
16:49 753.62 18.72 36 1.79 0
16:50 753.62 18.67 36 .89 0
16:51 753.62 18.5 36 0 0
16:52 753.62 18.39 38 0 0
16:53 753.62 18.28 37 0 0
16:54 753.62 18.22 38 .89 0
16:55 753.62 18.11 38 1.34 0
16:56 753.62 18 36 1.79 0
16:57 753.62 17.94 37 1.79 0
16:58 753.62 17.83 38 1.79 0
16:59 753.62 17.78 37 1.34 0
17:00 753.62 17.67 38 2.68 0
17:01 753.62 17.56 39 1.79 0
17:02 753.62 17.5 38 2.24 0
17:03 753.62 17.5 39 2.24 0
17:04 753.62 17.39 39 1.34 0
17:05 753.62 17.39 39 1.34 0
17:06 753.62 17.33 39 .45 0
17:07 753.62 17.33 39 .45 0
17:08 753.62 17.33 39 0 0
17:09 753.62 17.33 40 0 0
17:10 753.62 17.33 40 0 0
17:11 753.62 17.33 40 0 0
17:12 753.62 17.33 39 0 0
17:13 753.62 17.39 39 0 0
17:14 753.62 17.39 39 0 0
17:15 753.36 17.39 39 0 0
17:16 753.36 17.39 39 0 0
17:17 753.36 17.5 39 0 0
17:18 753.36 17.5 39 0 0
17:19 753.36 17.5 39 0 0
17:20 753.36 17.5 39 0 0
17:21 753.36 17.5 39 0 0
17:22 753.36 17.56 38 0 0
17:23 753.36 17.56 38 0 0
17:24 753.36 17.56 38 0 0
17:25 753.36 17.67 38 0 0
17:26 753.36 17.67 39 0 0
17:27 753.36 17.78 38 0 0
17:28 753.36 17.78 38 0 0
17:29 753.36 17.83 38 0 0
17:30 753.36 18 38 0 0
17:31 753.36 18.11 37 0 0
17:32 753.36 18.22 36 0 0
17:33 753.36 18.22 36 .89 0
17:34 753.36 18.22 36 .89 0
17:35 753.36 18.22 36 1.34 0
17:36 753.36 18.11 36 1.34 0
17:37 753.36 18.11 36 .45 0
17:38 753.36 18.11 36 .45 0
17:39 753.36 18.11 37 .45 0
17:40 753.36 18.11 37 0 0
17:41 753.36 18.11 38 0 0
17:42 753.36 18.11 38 .89 0
17:43 753.36 18.11 38 .45 0
17:44 753.36 18.11 37 .45 0
17:45 753.36 18.11 37 .45 0
17:46 753.36 18.11 38 .45 0
17:47 753.36 18 37 .45 0
17:48 753.36 18 37 0 0
17:49 753.36 17.94 37 .45 0
17:50 753.36 17.94 37 .89 0
17:51 753.36 17.94 38 .45 0
17:52 753.36 17.94 38 1.34 0
17:53 753.36 17.94 38 1.79 0
17:54 753.36 17.83 38 1.34 0
17:55 753.36 17.78 38 .45 0
17:56 753.36 17.78 39 1.79 0
17:57 753.36 17.78 39 2.24 0
17:58 753.36 17.67 39 1.79 0
17:59 753.36 17.67 40 0 0
18:00 753.36 17.67 40 1.34 0
18:01 753.36 17.67 40 1.34 0
18:02 753.36 17.67 39 1.34 0
18:03 753.36 17.67 39 1.79 0
18:04 753.36 17.67 40 .45 0
18:05 753.36 17.67 40 .45 0
18:06 753.36 17.67 40 1.79 0
18:07 753.36 17.67 40 .45 0
18:08 753.36 17.67 40 .89 0
18:09 753.36 17.56 40 .89 0
18:10 753.36 17.56 40 0 0
18:11 753.36 17.56 40 .89 0
18:12 753.36 17.56 40 0 0
18:13 753.36 17.56 41 0 0
18:14 753.36 17.56 40 .89 0
18:15 753.36 17.56 40 0 0
18:16 753.36 17.56 40 1.34 0
18:17 753.36 17.56 40 .89 0
18:18 753.36 17.5 40 1.34 0
18:19 753.36 17.5 40 1.34 0
18:20 753.36 17.5 40 1.79 0
18:21 753.36 17.39 40 1.79 0
18:22 753.36 17.39 40 1.79 0
18:23 753.36 17.39 40 1.79 0
18:24 753.36 17.33 40 2.24 0
18:25 753.36 17.33 41 2.68 0
18:26 753.36 17.22 42 1.34 0
18:27 753.36 17.22 42 1.79 0
18:28 753.36 17.11 42 2.24 0
18:29 753.36 17.06 42 1.79 0
18:30 753.36 17.06 43 2.24 0
18:31 753.36 17.06 43 1.34 0
18:32 753.36 16.94 43 2.24 0
18:33 753.36 16.94 44 1.34 0
18:34 753.36 16.94 44 2.24 0
18:35 753.36 16.94 43 2.24 0
18:36 753.36 16.94 44 .89 0
18:37 753.36 16.94 44 1.79 0
18:38 753.36 16.94 44 2.68 0
18:39 753.36 16.94 44 2.24 0
18:40 753.36 16.89 44 1.79 0
18:41 753.36 16.89 45 1.79 0
18:42 753.36 16.89 45 1.79 0
18:43 753.36 16.89 45 2.68 0
18:44 753.36 16.89 44 1.34 0
18:45 753.36 16.89 44 1.34 0
18:46 753.36 16.89 44 .45 0
18:47 753.36 16.89 44 0 0
18:48 753.36 16.89 45 1.79 0
18:49 753.36 16.89 44 1.34 0
18:50 753.36 16.89 44 1.34 0
18:51 753.36 16.89 44 2.24 0
18:52 753.36 16.89 44 1.34 0
18:53 753.36 16.89 44 1.34 0
18:54 753.36 16.94 44 2.24 0
18:55 753.36 16.94 43 1.34 0
18:56 753.36 16.94 43 1.79 0
18:57 753.36 16.94 43 .45 0
18:58 753.36 16.94 44 0 0
18:59 753.36 16.94 44 1.34 0
19:00 753.36 16.94 43 0 0
19:01 753.36 16.94 44 0 0
19:02 753.36 16.94 44 0 0
19:03 753.36 16.94 44 0 0
19:04 753.36 16.94 44 0 0
19:05 753.36 16.94 45 0 0
19:06 753.36 16.94 45 0 0
19:07 753.36 16.94 46 .45 0
19:08 753.36 16.94 46 .45 0
19:09 753.36 16.94 46 .89 0
19:10 753.36 16.89 46 .45 0
19:11 753.36 16.89 47 0 0
19:12 753.36 16.89 48 0 0
19:13 753.36 16.78 48 0 0
19:14 753.36 16.78 48 0 0
19:15 753.36 16.78 48 0 0
19:16 753.36 16.72 48 .89 0
19:17 753.36 16.72 48 .45 0
19:18 753.36 16.72 47 0 0
19:19 753.36 16.72 48 0 0
19:20 753.36 16.61 47 0 0
19:21 753.36 16.61 48 0 0
19:22 753.36 16.61 48 0 0
19:23 753.36 16.61 49 0 0
19:24 753.36 16.61 49 0 0
19:25 753.36 16.61 49 0 0
19:26 753.36 16.61 49 .45 0
19:27 753.36 16.61 49 .89 0
19:28 753.36 16.5 50 .89 0
19:29 753.36 16.5 49 .89 0
19:30 753.36 16.5 48 .45 0
19:31 753.36 16.5 47 .45 0
19:32 753.36 16.5 47 0 0
19:33 753.36 16.5 47 0 0
19:34 753.36 16.5 47 0 0
19:35 753.36 16.5 48 0 0
19:36 753.36 16.5 47 0 0
19:37 753.36 16.5 48 0 0
19:38 753.36 16.5 48 0 0
19:39 753.36 16.5 49 0 0
19:40 753.36 16.5 49 0 0
19:41 753.36 16.5 49 0 0
19:42 753.36 16.5 49 0 0
19:43 753.36 16.44 49 0 0
19:44 753.36 16.44 49 0 0
19:45 753.62 16.44 49 0 0
19:46 753.62 16.44 49 0 0
19:47 753.62 16.44 49 0 0
19:48 753.62 16.44 49 0 0
19:49 753.62 16.44 50 0 0
19:50 753.62 16.44 51 0 0
19:51 753.62 16.33 53 0 0
19:52 753.62 16.33 54 0 0
19:53 753.62 16.33 55 0 0
19:54 753.62 16.28 55 0 0
19:55 753.62 16.17 54 0 0
19:56 753.62 16.17 55 0 0
19:57 753.62 16.11 54 0 0
19:58 753.62 16.11 53 0 0
19:59 753.62 16.11 51 0 0
20:00 753.62 16.11 51 0 0
20:01 753.62 16.11 52 0 0
20:02 753.62 16 52 0 0
20:03 753.62 16.11 53 0 0
20:04 753.62 16 54 0 0
20:05 753.62 16 56 0 0
20:06 753.62 15.89 57 0 0
20:07 753.62 15.89 55 0 0
20:08 753.62 15.83 57 0 0
20:09 753.62 15.83 58 0 0
20:10 753.62 15.72 56 0 0
20:11 753.62 15.72 56 0 0
20:12 753.62 15.67 55 0 0
20:13 753.62 15.67 55 0 0
20:14 753.62 15.56 55 0 0
20:15 753.62 15.56 54 0 0
20:16 753.62 15.56 55 0 0
20:17 753.62 15.56 56 0 0
20:18 753.62 15.56 56 0 0
20:19 753.62 15.56 56 0 0
20:20 753.62 15.5 56 1.34 0
20:21 753.62 15.56 54 .89 0
20:22 753.62 15.67 53 0 0
20:23 753.62 15.72 53 0 0
20:24 753.62 15.83 54 0 0
20:25 753.62 15.83 55 0 0
20:26 753.62 15.83 54 0 0
20:27 753.62 15.72 54 0 0
20:28 753.62 15.72 54 0 0
20:29 753.62 15.72 55 0 0
20:30 753.62 15.72 57 0 0
20:31 753.62 15.72 59 0 0
20:32 753.62 15.67 60 0 0
20:33 753.62 15.56 60 0 0
20:34 753.62 15.5 60 0 0
20:35 753.62 15.39 58 0 0
20:36 753.62 15.39 57 0 0
20:37 753.62 15.39 57 0 0
20:38 753.62 15.33 57 0 0
20:39 753.62 15.33 57 0 0
20:40 753.62 15.33 56 0 0
20:41 753.62 15.33 57 0 0
20:42 753.62 15.22 56 0 0
20:43 753.62 15.22 57 0 0
20:44 753.62 15.22 57 0 0
20:45 753.62 15.22 57 0 0
20:46 753.62 15.17 57 0 0
20:47 753.62 15.17 57 0 0
20:48 753.62 15.17 58 0 0
20:49 753.62 15.06 58 0 0
20:50 753.62 15.06 58 0 0
20:51 753.62 15.06 58 0 0
20:52 753.62 15.06 59 0 0
20:53 753.62 15 59 0 0
20:54 753.62 15 58 0 0
20:55 753.62 15 59 0 0
20:56 753.62 15 58 0 0
20:57 753.62 14.89 59 0 0
20:58 753.62 14.89 59 0 0
20:59 753.62 14.89 59 0 0
21:00 753.62 14.89 59 0 0
21:01 753.62 14.89 59 0 0
21:02 753.62 14.89 59 0 0
21:03 753.62 14.89 59 0 0
21:04 753.62 14.89 60 0 0
21:05 753.62 14.83 62 0 0
21:06 753.62 14.72 62 0 0
21:07 753.62 14.72 62 0 0
21:08 753.62 14.67 62 0 0
21:09 753.62 14.56 62 0 0
21:10 753.62 14.56 62 0 0
21:11 753.62 14.5 62 0 0
21:12 753.62 14.39 62 0 0
21:13 753.62 14.28 63 0 0
21:14 753.62 14.28 63 0 0
21:15 753.62 14.22 64 0 0
21:16 753.62 14.11 66 0 0
21:17 753.62 14.06 66 0 0
21:18 753.62 13.94 67 0 0
21:19 753.62 13.89 67 0 0
21:20 753.62 13.78 67 0 0
21:21 753.62 13.78 67 0 0
21:22 753.62 13.72 68 0 0
21:23 753.62 13.72 68 0 0
21:24 753.62 13.72 68 0 0
21:25 753.62 13.67 68 0 0
21:26 753.62 13.67 68 0 0
21:27 753.62 13.56 68 0 0
21:28 753.62 13.56 68 0 0
21:29 753.62 13.5 68 0 0
21:30 753.62 13.5 69 0 0
21:31 753.62 13.5 69 0 0
21:32 753.62 13.39 69 0 0
21:33 753.62 13.39 69 0 0
21:34 753.62 13.39 70 0 0
21:35 753.62 13.39 70 0 0
21:36 753.62 13.33 71 .45 0
21:37 753.62 13.33 70 0 0
21:38 753.62 13.33 71 0 0
21:39 753.62 13.33 71 0 0
21:40 753.62 13.33 71 0 0
21:41 753.62 13.33 71 0 0
21:42 753.62 13.33 71 0 0
21:43 753.62 13.33 71 .89 0
21:44 753.62 13.33 71 0 0
21:45 753.87 13.33 72 .45 0
21:46 753.87 13.33 73 0 0
21:47 753.87 13.33 73 0 0
21:48 753.87 13.22 73 0 0
21:49 753.87 13.22 73 0 0
21:50 753.87 13.22 73 0 0
21:51 753.87 13.17 73 0 0
21:52 753.87 13.17 73 0 0
21:53 753.87 13.17 72 .45 0
21:54 753.87 13.17 72 0 0
21:55 753.87 13.17 72 0 0
21:56 753.87 13.06 72 0 0
21:57 753.87 13.06 72 0 0
21:58 753.87 13.06 72 0 0
21:59 753.87 13.06 72 0 0
22:00 753.62 13.06 72 0 0
22:01 753.62 13.06 72 0 0
22:02 753.62 13 72 0 0
22:03 753.62 13 73 0 0
22:04 753.62 12.89 74 0 0
22:05 753.62 12.83 74 0 0
22:06 753.62 12.72 75 0 0
22:07 753.62 12.67 75 0 0
22:08 753.62 12.5 75 0 0
22:09 753.62 12.39 76 0 0
22:10 753.62 12.33 76 0 0
22:11 753.62 12.22 76 0 0
22:12 753.62 12.17 76 0 0
22:13 753.62 12.17 76 0 0
22:14 753.62 12.06 77 0 0
22:15 753.87 12.06 77 0 0
22:16 753.87 12.06 77 0 0
22:17 753.87 12 77 0 0
22:18 753.87 12 76 0 0
22:19 753.87 12 77 0 0
22:20 753.87 11.89 77 0 0
22:21 753.87 11.89 76 0 0
22:22 753.87 11.89 76 0 0
22:23 753.87 11.83 76 0 0
22:24 753.87 11.78 77 0 0
22:25 753.87 11.78 77 0 0
22:26 753.87 11.67 77 0 0
22:27 753.87 11.67 77 0 0
22:28 753.87 11.67 77 0 0
22:29 753.87 11.67 77 0 0
22:30 753.87 11.67 77 0 0
22:31 753.87 11.67 78 0 0
22:32 753.87 11.67 77 0 0
22:33 753.87 11.67 77 0 0
22:34 753.87 11.67 77 0 0
22:35 753.87 11.78 77 0 0
22:36 753.87 11.78 77 0 0
22:37 753.87 11.78 77 0 0
22:38 753.87 11.78 77 0 0
22:39 753.87 11.78 77 0 0
22:40 753.87 11.78 77 0 0
22:41 753.87 11.78 76 0 0
22:42 753.87 11.78 76 0 0
22:43 753.87 11.78 76 0 0
22:44 753.87 11.78 76 0 0
22:45 753.87 11.78 76 0 0
22:46 753.87 11.78 76 0 0
22:47 753.87 11.78 76 0 0
22:48 753.87 11.78 76 0 0
22:49 753.87 11.78 76 0 0
22:50 753.87 11.83 76 0 0
22:51 753.87 11.83 76 0 0
22:52 753.87 11.83 76 0 0
22:53 753.87 11.83 76 0 0
22:54 753.87 11.83 76 0 0
22:55 753.87 11.83 76 0 0
22:56 753.87 11.83 76 0 0
22:57 753.87 11.83 76 0 0
22:58 753.87 11.83 76 0 0
22:59 753.87 11.89 76 0 0
23:00 753.87 11.89 76 0 0
23:01 753.87 11.89 76 0 0
23:02 753.87 11.89 77 0 0
23:03 753.87 11.89 77 0 0
23:04 753.87 11.89 77 0 0
23:05 753.87 11.89 77 0 0
23:06 753.87 11.83 77 0 0
23:07 753.87 11.83 77 0 0
23:08 753.87 11.83 76 0 0
23:09 753.87 11.83 77 0 0
23:10 753.87 11.83 77 0 0
23:11 753.87 11.83 77 0 0
23:12 753.87 11.83 77 0 0
23:13 753.87 11.83 77 0 0
23:14 753.87 11.83 77 0 0
23:15 753.87 11.83 77 0 0
23:16 753.87 11.83 77 0 0
23:17 753.87 11.83 77 0 0
23:18 753.87 11.83 77 0 0
23:19 753.87 11.83 78 0 0
23:20 753.87 11.83 78 0 0
23:21 753.87 11.83 78 0 0
23:22 753.87 11.83 78 0 0
23:23 753.87 11.83 78 0 0
23:24 753.87 11.89 78 0 0
23:25 753.87 11.89 78 .45 0
23:26 753.87 11.89 78 0 0
23:27 753.87 11.89 78 0 0
23:28 753.87 11.89 78 0 0
23:29 753.87 12 78 0 0
23:30 753.62 12 78 0 0
23:31 753.62 12 78 0 0
23:32 753.62 12 78 0 0
23:33 753.62 12 78 0 0
23:34 753.62 12 78 0 0
23:35 753.62 12 78 0 0
23:36 753.62 12 78 0 0
23:37 753.62 12 78 0 0
23:38 753.62 12 78 0 0
23:39 753.62 12 78 0 0
23:40 753.62 12 78 0 0
23:41 753.62 12 78 0 0
23:42 753.62 12 78 .45 0
23:43 753.62 12 78 0 0
23:44 753.62 12 78 0 0
23:45 753.62 12 78 0 0
23:46 753.62 12 78 0 0
23:47 753.62 12 78 0 0
23:48 753.62 12 78 0 0
23:49 753.62 12 78 0 0
23:50 753.62 11.89 78 0 0
23:51 753.62 11.89 78 0 0
23:52 753.62 11.89 78 0 0
23:53 753.62 11.89 78 0 0
23:54 753.62 11.89 77 0 0
23:55 753.62 11.89 77 0 0
23:56 753.62 11.89 77 0 0
23:57 753.62 11.89 77 0 0
23:58 753.62 11.89 77 0 0
23:59 753.62 11.89 77 0 0
