00:00 751.84 16.89 74 2.24 0
00:01 751.84 16.89 74 1.34 0
00:02 751.84 16.89 74 2.24 0
00:03 751.84 16.89 74 2.24 0
00:04 751.84 16.89 74 1.34 0
00:05 751.84 16.89 75 1.34 0
00:06 751.84 16.78 75 .89 0
00:07 751.84 16.78 75 2.68 0
00:08 751.84 16.78 75 .45 0
00:09 751.84 16.78 75 1.79 0
00:10 752.09 16.72 75 1.79 0
00:11 752.09 16.72 75 2.24 0
00:12 752.09 16.78 74 2.24 0
00:13 752.09 16.78 74 2.24 0
00:14 752.09 16.78 74 2.24 0
00:15 752.09 16.89 73 1.79 0
00:16 752.09 16.89 73 2.24 0
00:17 752.09 16.89 73 1.34 0
00:18 752.09 16.94 73 1.34 0
00:19 752.09 16.94 73 4.02 0
00:20 752.09 16.94 73 1.34 0
00:21 752.09 17.06 72 1.79 0
00:22 752.09 17.06 72 2.24 0
00:23 752.09 17.11 72 1.79 0
00:24 752.09 17.11 72 2.24 0
00:25 752.09 17.11 72 1.79 0
00:26 752.09 17.22 72 3.13 0
00:27 752.09 17.22 71 4.47 0
00:28 752.09 17.22 71 3.13 0
00:29 752.09 17.33 71 2.68 0
00:30 752.09 17.33 71 1.79 0
00:31 752.09 17.33 71 4.47 0
00:32 752.09 17.33 71 2.24 0
00:33 752.09 17.33 71 2.24 0
00:34 752.09 17.33 71 3.58 0
00:35 752.09 17.33 70 2.68 0
00:36 752.09 17.33 70 2.68 0
00:37 752.09 17.33 71 4.02 0
00:38 752.09 17.33 70 3.13 0
00:39 752.09 17.33 70 2.24 0
00:40 752.09 17.33 70 1.34 0
00:41 752.09 17.33 71 2.68 0
00:42 752.09 17.33 71 2.68 0
00:43 752.09 17.22 71 2.24 0
00:44 752.09 17.22 71 1.34 0
00:45 752.09 17.11 71 1.79 0
00:46 752.09 17.11 72 2.68 0
00:47 752.09 17.11 72 1.34 0
00:48 752.09 17.06 72 2.24 0
00:49 752.09 17.06 72 3.13 0
00:50 752.09 17.06 71 2.24 0
00:51 752.09 17.06 72 2.68 0
00:52 752.09 17.06 71 1.79 0
00:53 752.09 17.06 71 3.13 0
00:54 752.09 17.06 71 3.13 0
00:55 752.09 17.06 71 3.58 0
00:56 752.09 17.11 71 4.47 0
00:57 752.09 17.11 71 3.58 0
00:58 752.09 17.06 71 4.02 0
00:59 752.09 17.06 71 3.13 0
01:00 752.09 17.06 71 2.68 0
01:01 752.09 17.06 71 2.68 0
01:02 752.09 17.06 72 2.24 0
01:03 752.09 17.06 72 1.79 0
01:04 752.09 17.06 73 .45 0
01:05 752.09 17.06 73 .89 0
01:06 752.09 16.94 73 .89 0
01:07 752.09 16.94 73 1.79 0
01:08 752.09 16.94 73 1.79 0
01:09 752.09 16.89 73 1.34 0
01:10 752.09 16.89 73 1.79 0
01:11 752.09 16.89 74 1.34 0
01:12 752.09 16.89 74 1.79 0
01:13 752.09 16.89 74 2.24 0
01:14 752.09 16.78 74 .89 0
01:15 752.09 16.78 74 1.34 0
01:16 752.09 16.78 75 .89 0
01:17 752.09 16.78 75 1.79 0
01:18 752.09 16.78 75 1.34 0
01:19 752.09 16.72 75 1.34 0
01:20 752.09 16.72 75 1.34 0
01:21 752.09 16.72 75 1.79 0
01:22 752.09 16.72 75 1.34 0
01:23 752.09 16.72 76 1.79 0
01:24 752.09 16.61 75 1.79 0
01:25 752.09 16.61 76 1.34 0
01:26 752.09 16.61 76 0 0
01:27 752.09 16.61 77 1.34 0
01:28 752.09 16.5 77 1.34 2.79
01:29 752.09 16.5 78 1.79 2.79
01:30 752.09 16.44 79 1.34 2.79
01:31 752.09 16.33 79 .89 2.79
01:32 752.09 16.28 80 4.92 2.79
01:33 752.09 16.28 80 4.02 2.79
01:34 752.09 16.17 79 3.13 2.29
01:35 752.09 16.28 79 .89 2.03
01:36 752.09 16.28 79 1.34 1.78
01:37 752.09 16.33 79 1.79 1.52
01:38 752.09 16.33 79 2.24 1.52
01:39 752.09 16.33 79 1.79 1.27
01:40 752.09 16.33 79 1.34 1.27
01:41 752.09 16.33 79 1.79 1.02
01:42 752.09 16.33 79 3.13 1.02
01:43 752.09 16.33 78 3.13 1.02
01:44 752.09 16.33 79 2.24 1.02
01:45 752.09 16.44 78 1.79 0
01:46 752.09 16.44 79 1.79 0
01:47 752.09 16.44 79 4.02 0
01:48 752.09 16.33 79 3.58 0
01:49 752.09 16.33 79 1.79 0
01:50 752.09 16.28 79 3.13 0
01:51 752.09 16.28 80 5.36 0
01:52 752.09 16.28 80 3.13 0
01:53 752.09 16.17 80 5.81 0
01:54 752.09 16.28 80 5.81 0
01:55 752.35 16.28 80 4.47 0
01:56 752.35 16.33 79 4.47 0
01:57 752.35 16.44 78 3.58 0
01:58 752.35 16.44 78 2.68 0
01:59 752.35 16.5 78 2.68 0
02:00 752.35 16.5 78 4.47 0
02:01 752.35 16.5 78 4.47 0
02:02 752.35 16.61 78 5.36 0
02:03 752.35 16.61 78 2.68 0
02:04 752.35 16.61 78 2.24 0
02:05 752.35 16.61 78 3.58 0
02:06 752.35 16.5 78 3.13 0
02:07 752.35 16.5 78 1.79 0
02:08 752.35 16.5 78 2.68 0
02:09 752.35 16.5 78 4.02 0
02:10 752.6 16.5 78 4.02 0
02:11 752.6 16.5 79 1.79 0
02:12 752.6 16.44 79 2.24 0
02:13 752.6 16.44 79 2.24 0
02:14 752.6 16.44 80 1.79 2.03
02:15 752.6 16.33 80 4.47 2.03
02:16 752.6 16.44 79 3.13 2.03
02:17 752.6 16.44 78 2.68 2.03
02:18 752.6 16.5 78 2.24 2.03
02:19 752.6 16.61 78 4.02 3.56
02:20 752.6 16.61 78 2.68 3.56
02:21 752.6 16.61 78 4.02 3.56
02:22 752.6 16.5 78 4.02 3.56
02:23 752.6 16.61 78 3.13 3.3
02:24 752.6 16.5 78 2.68 3.3
02:25 752.35 16.5 78 2.68 3.3
02:26 752.35 16.61 77 2.68 3.3
02:27 752.35 16.61 77 2.24 3.3
02:28 752.35 16.61 78 3.58 3.05
02:29 752.35 16.5 78 4.02 2.54
02:30 752.35 16.61 77 2.24 2.29
02:31 752.35 16.5 78 3.58 2.29
02:32 752.35 16.5 77 5.36 2.29
02:33 752.35 16.5 76 5.36 2.29
02:34 752.35 16.61 74 6.26 4.32
02:35 752.35 16.72 73 6.71 4.32
02:36 752.35 16.78 72 8.05 4.32
02:37 752.35 16.78 73 5.36 4.06
02:38 752.35 16.89 71 8.05 3.3
02:39 752.35 16.89 71 8.05 3.3
02:40 752.6 16.94 70 7.6 3.3
02:41 752.6 16.94 71 6.71 3.3
02:42 752.6 16.94 71 5.36 4.06
02:43 752.6 16.89 71 5.36 4.06
02:44 752.6 16.89 72 5.36 4.06
02:45 752.6 16.89 73 4.92 4.06
02:46 752.6 16.78 73 5.36 3.56
02:47 752.6 16.72 74 4.47 3.05
02:48 752.6 16.72 75 4.47 3.05
02:49 752.6 16.5 77 5.36 9.65
02:50 752.6 16.44 78 5.81 8.89
02:51 752.6 16.28 78 5.36 6.6
02:52 752.6 16.17 79 5.81 6.6
02:53 752.6 16.11 78 4.92 6.6
02:54 752.6 16.11 79 5.36 5.08
02:55 752.09 16 79 3.58 5.08
02:56 752.09 16 79 6.71 5.08
02:57 752.09 16 79 6.71 4.32
02:58 752.09 16 78 3.58 4.06
02:59 752.09 16.11 78 5.36 4.06
03:00 752.09 16.11 78 4.92 4.06
03:01 752.09 16.11 79 4.92 4.06
03:02 752.09 16 78 6.26 3.56
03:03 752.09 16 79 6.26 3.56
03:04 752.09 15.89 79 5.36 3.56
03:05 752.09 15.89 79 6.71 3.56
03:06 752.09 15.83 79 5.81 3.56
03:07 752.09 15.83 78 6.26 2.79
03:08 752.09 15.83 78 5.36 2.29
03:09 752.09 15.83 78 4.92 2.03
03:10 751.33 15.83 78 4.47 1.78
03:11 751.33 15.83 79 4.02 1.52
03:12 751.33 15.72 79 4.92 1.52
03:13 751.33 15.72 79 2.68 1.27
03:14 751.33 15.72 79 4.02 1.27
03:15 751.33 15.72 79 4.02 1.27
03:16 751.33 15.72 78 4.92 1.02
03:17 751.33 15.72 78 4.47 1.02
03:18 751.33 15.83 78 3.58 1.02
03:19 751.33 15.83 77 5.81 0
03:20 751.33 15.89 77 4.92 0
03:21 751.33 15.89 77 4.02 0
03:22 751.33 15.89 78 5.36 0
03:23 751.33 15.89 78 4.47 0
03:24 751.33 15.83 78 3.13 0
03:25 751.84 15.83 79 2.68 0
03:26 751.84 15.72 79 .89 0
03:27 751.84 15.72 79 2.68 0
03:28 751.84 15.67 79 4.02 0
03:29 751.84 15.67 80 4.92 0
03:30 751.84 15.56 82 4.47 0
03:31 751.84 15.39 83 4.92 0
03:32 751.84 15.33 83 2.68 0
03:33 751.84 15.22 84 3.58 0
03:34 751.84 15.22 84 4.47 0
03:35 751.84 15.22 84 4.02 0
03:36 751.84 15.22 84 1.79 0
03:37 751.84 15.22 84 3.13 0
03:38 751.84 15.22 84 4.02 0
03:39 751.84 15.17 84 5.36 0
03:40 752.35 15.22 84 4.47 0
03:41 752.35 15.22 83 5.36 0
03:42 752.35 15.33 82 5.81 0
03:43 752.35 15.39 82 5.81 0
03:44 752.35 15.5 82 5.36 0
03:45 752.35 15.5 81 4.92 0
03:46 752.35 15.5 82 4.47 0
03:47 752.35 15.5 82 4.92 0
03:48 752.35 15.5 82 3.58 0
03:49 752.35 15.5 82 3.13 0
03:50 752.35 15.5 82 4.02 0
03:51 752.35 15.5 82 6.71 0
03:52 752.35 15.5 83 6.26 0
03:53 752.35 15.5 83 4.92 0
03:54 752.35 15.39 82 7.15 0
03:55 752.09 15.5 82 5.36 0
03:56 752.09 15.5 82 7.15 0
03:57 752.09 15.5 82 4.02 0
03:58 752.09 15.5 82 5.81 0
03:59 752.09 15.5 83 4.02 0
04:00 752.09 15.39 83 4.47 0
04:01 752.09 15.39 82 5.81 0
04:02 752.09 15.5 82 4.47 0
04:03 752.09 15.5 82 3.13 0
04:04 752.09 15.5 82 4.47 0
04:05 752.09 15.5 82 6.26 0
04:06 752.09 15.5 82 4.92 0
04:07 752.09 15.5 83 5.36 0
04:08 752.09 15.5 82 4.02 0
04:09 752.09 15.5 82 4.92 0
04:10 752.09 15.5 83 5.36 0
04:11 752.09 15.5 82 6.71 0
04:12 752.09 15.5 82 6.71 0
04:13 752.09 15.56 82 6.26 0
04:14 752.09 15.56 82 7.6 0
04:15 752.09 15.56 82 6.26 0
04:16 752.09 15.56 82 7.15 0
04:17 752.09 15.67 81 6.71 0
04:18 752.09 15.67 81 6.26 0
04:19 752.09 15.67 81 6.26 0
04:20 752.09 15.67 81 6.26 0
04:21 752.09 15.72 81 6.26 0
04:22 752.09 15.72 80 8.49 0
04:23 752.09 15.72 80 5.36 0
04:24 752.09 15.72 80 8.05 0
04:25 752.09 15.72 81 8.05 0
04:26 752.09 15.67 81 8.05 0
04:27 752.09 15.56 82 8.94 0
04:28 752.09 15.56 82 8.49 0
04:29 752.09 15.5 82 9.39 0
04:30 752.09 15.5 82 8.49 0
04:31 752.09 15.56 82 6.71 0
04:32 752.09 15.56 82 8.05 0
04:33 752.09 15.56 82 9.83 0
04:34 752.09 15.67 82 8.05 0
04:35 752.09 15.67 81 7.15 0
04:36 752.09 15.67 81 6.26 0
04:37 752.09 15.67 81 5.81 0
04:38 752.09 15.67 81 8.49 0
04:39 752.09 15.67 81 7.6 0
04:40 751.84 15.72 80 7.15 0
04:41 751.84 15.72 80 7.15 0
04:42 751.84 15.67 80 8.05 0
04:43 751.84 15.67 80 7.15 0
04:44 751.84 15.67 80 5.36 1.52
04:45 751.84 15.67 80 8.94 1.52
04:46 751.84 15.67 80 8.49 1.52
04:47 751.84 15.67 80 9.39 1.52
04:48 751.84 15.67 80 8.49 1.52
04:49 751.84 15.67 79 8.49 1.52
04:50 751.84 15.72 79 8.49 1.52
04:51 751.84 15.72 79 8.49 2.03
04:52 751.84 15.83 78 8.49 2.03
04:53 751.84 15.83 78 4.92 2.03
04:54 751.84 15.83 78 6.71 2.03
04:55 751.84 15.83 78 7.6 2.03
04:56 751.84 15.83 77 4.92 2.03
04:57 751.84 15.89 77 7.15 2.03
04:58 751.84 15.89 77 6.71 2.03
04:59 751.84 15.89 77 6.26 1.78
05:00 751.84 15.89 78 4.47 1.78
05:01 751.84 15.83 78 4.47 1.52
05:02 751.84 15.83 78 4.47 1.27
05:03 751.84 15.72 79 5.81 1.27
05:04 751.84 15.67 81 4.47 1.27
05:05 751.84 15.56 81 2.24 1.02
05:06 751.84 15.5 82 1.79 1.02
05:07 751.84 15.39 82 1.79 1.02
05:08 751.84 15.39 83 1.79 0
05:09 751.84 15.33 83 .89 0
05:10 752.35 15.33 84 1.34 0
05:11 752.35 15.22 84 1.34 0
05:12 752.35 15.22 84 1.79 0
05:13 752.35 15.17 84 3.13 0
05:14 752.35 15.17 84 2.68 0
05:15 752.35 15.17 84 4.47 0
05:16 752.35 15.17 83 4.92 0
05:17 752.35 15.22 83 4.02 0
05:18 752.35 15.33 82 4.92 0
05:19 752.35 15.39 82 6.26 0
05:20 752.35 15.39 81 5.36 0
05:21 752.35 15.5 81 4.92 0
05:22 752.35 15.5 81 6.71 0
05:23 752.35 15.56 81 5.81 0
05:24 752.35 15.56 81 6.26 0
05:25 752.35 15.56 80 8.05 0
05:26 752.35 15.67 80 5.81 0
05:27 752.35 15.67 79 6.26 0
05:28 752.35 15.67 80 4.47 0
05:29 752.35 15.67 80 4.92 0
05:30 752.35 15.56 80 5.81 0
05:31 752.35 15.56 80 2.68 0
05:32 752.35 15.56 81 4.02 0
05:33 752.35 15.5 81 3.13 0
05:34 752.35 15.5 82 4.92 0
05:35 752.35 15.39 82 2.68 0
05:36 752.35 15.39 82 2.24 0
05:37 752.35 15.33 82 4.02 0
05:38 752.35 15.33 82 2.24 0
05:39 752.35 15.33 82 .45 0
05:40 752.6 15.22 83 .45 1.52
05:41 752.6 15.22 83 1.34 1.52
05:42 752.6 15.22 83 4.92 10.67
05:43 752.6 15.17 83 5.81 9.4
05:44 752.6 15.17 83 3.13 5.84
05:45 752.6 15.17 84 3.13 5.33
05:46 752.6 15.06 84 5.36 5.33
05:47 752.6 15.06 84 4.47 5.33
05:48 752.6 15.06 84 2.24 3.81
05:49 752.6 15.06 84 4.02 3.3
05:50 752.6 15 84 3.58 2.54
05:51 752.6 15 85 .89 2.29
05:52 752.6 15 85 .45 2.03
05:53 752.6 14.89 85 0 1.78
05:54 752.6 14.89 86 .89 1.52
05:55 752.09 14.89 86 1.34 1.52
05:56 752.09 14.83 85 2.24 1.27
05:57 752.09 14.83 86 1.79 1.27
05:58 752.09 14.83 85 1.34 1.02
05:59 752.09 14.83 85 1.79 1.02
06:00 752.09 14.83 84 1.34 1.02
06:01 752.09 14.83 84 .45 1.02
06:02 752.09 14.89 84 1.79 1.02
06:03 752.09 14.89 85 2.68 1.02
06:04 752.09 14.89 85 1.34 1.02
06:05 752.09 14.89 85 2.24 1.02
06:06 752.09 14.89 85 1.79 1.02
06:07 752.09 14.89 84 2.24 1.02
06:08 752.09 14.89 85 3.13 1.02
06:09 752.09 14.89 85 2.24 1.02
06:10 752.35 14.89 85 2.24 1.02
06:11 752.35 14.89 85 2.68 1.02
06:12 752.35 14.89 85 2.68 1.02
06:13 752.35 14.89 85 3.58 1.02
06:14 752.35 14.89 84 4.47 1.02
06:15 752.35 14.89 84 3.13 0
06:16 752.35 15 84 2.24 0
06:17 752.35 14.89 84 2.24 0
06:18 752.35 14.89 85 1.79 0
06:19 752.35 14.89 85 .89 0
06:20 752.35 14.89 85 1.79 0
06:21 752.35 14.83 84 1.79 0
06:22 752.35 14.89 84 1.79 0
06:23 752.35 14.89 84 .89 0
06:24 752.35 14.89 84 2.68 0
06:25 752.6 14.89 84 2.68 0
06:26 752.6 14.89 84 2.24 0
06:27 752.6 14.89 84 4.47 0
06:28 752.6 14.89 84 3.58 2.79
06:29 752.6 14.89 84 4.02 2.79
06:30 752.6 14.89 84 3.58 2.79
06:31 752.6 14.83 84 5.36 2.79
06:32 752.6 14.89 84 1.79 2.79
06:33 752.6 14.89 84 2.24 2.79
06:34 752.6 14.89 84 3.58 2.54
06:35 752.6 14.89 84 2.68 2.03
06:36 752.6 14.89 84 4.47 1.78
06:37 752.6 14.89 84 4.47 1.78
06:38 752.6 14.89 84 4.47 1.52
06:39 752.6 14.89 84 4.02 1.27
06:40 752.35 14.89 84 1.79 1.27
06:41 752.35 14.89 84 2.68 1.27
06:42 752.35 14.89 84 1.79 1.27
06:43 752.35 14.83 84 1.79 1.27
06:44 752.35 14.83 85 1.34 1.27
06:45 752.35 14.83 85 2.68 1.27
06:46 752.35 14.72 85 3.13 1.27
06:47 752.35 14.72 86 2.24 1.27
06:48 752.35 14.72 86 1.79 1.27
06:49 752.35 14.67 86 2.68 1.78
06:50 752.35 14.67 86 2.24 1.78
06:51 752.35 14.67 86 .89 1.78
06:52 752.35 14.67 87 2.68 5.33
06:53 752.35 14.56 87 3.13 5.33
06:54 752.35 14.56 87 2.24 5.33
06:55 752.86 14.56 87 4.92 4.57
06:56 752.86 14.56 87 4.92 3.56
06:57 752.86 14.5 88 2.68 3.3
06:58 752.86 14.5 88 3.13 3.3
06:59 752.86 14.5 88 6.71 3.3
07:00 752.86 14.5 88 4.92 3.3
07:01 752.86 14.5 88 3.13 3.3
07:02 752.86 14.39 88 5.36 2.54
07:03 752.86 14.5 91 4.47 2.29
07:04 752.86 14.5 87 4.92 2.03
07:05 752.86 14.56 87 1.79 1.78
07:06 752.86 14.56 87 2.68 1.52
07:07 752.86 14.56 86 4.92 1.52
07:08 752.86 14.67 86 2.24 1.27
07:09 752.86 14.67 85 4.92 1.27
07:10 752.6 14.67 85 8.05 1.02
07:11 752.6 14.72 84 4.47 1.02
07:12 752.6 14.83 84 4.02 1.02
07:13 752.6 14.83 84 2.68 1.02
07:14 752.6 14.83 84 2.24 0
07:15 752.6 14.83 84 4.02 0
07:16 752.6 14.83 84 3.58 0
07:17 752.6 14.72 84 4.02 0
07:18 752.6 14.83 84 5.36 0
07:19 752.6 14.83 84 4.02 0
07:20 752.6 14.83 83 4.47 0
07:21 752.6 14.83 83 4.47 0
07:22 752.6 14.83 83 4.92 0
07:23 752.6 14.83 83 4.02 0
07:24 752.6 14.83 84 3.13 0
07:25 752.35 14.83 84 2.68 0
07:26 752.35 14.83 84 2.24 0
07:27 752.35 14.83 84 2.24 0
07:28 752.35 14.83 84 1.79 0
07:29 752.35 14.83 84 2.24 0
07:30 752.35 14.83 84 .45 0
07:31 752.35 14.83 84 .45 0
07:32 752.35 14.83 84 0 0
07:33 752.35 14.83 84 0 0
07:34 752.35 14.83 85 1.79 0
07:35 752.35 14.83 85 3.58 0
07:36 752.35 14.72 85 6.71 0
07:37 752.35 14.72 85 6.26 0
07:38 752.35 14.67 86 2.68 0
07:39 752.35 14.56 86 1.79 0
07:40 752.09 14.5 87 1.79 0
07:41 752.09 14.5 87 1.34 0
07:42 752.09 14.39 87 1.34 0
07:43 752.09 14.39 87 .89 0
07:44 752.09 14.39 87 .89 0
07:45 752.09 14.39 87 1.79 0
07:46 752.09 14.39 87 2.24 0
07:47 752.09 14.39 87 2.68 0
07:48 752.09 14.28 87 1.79 0
07:49 752.09 14.28 87 .45 0
07:50 752.09 14.28 87 0 0
07:51 752.09 14.39 87 0 0
07:52 752.09 14.39 87 .89 0
07:53 752.09 14.5 87 0 0
07:54 752.09 14.5 86 .89 0
07:55 752.35 14.5 86 .89 0
07:56 752.35 14.5 86 .45 0
07:57 752.35 14.56 86 .89 0
07:58 752.35 14.56 86 1.34 0
07:59 752.35 14.56 86 .89 0
08:00 752.35 14.67 86 1.34 0
08:01 752.35 14.67 86 1.79 0
08:02 752.35 14.67 86 1.79 0
08:03 752.35 14.67 85 1.34 0
08:04 752.35 14.67 85 .89 0
08:05 752.35 14.67 85 .45 0
08:06 752.35 14.72 84 0 0
08:07 752.35 14.83 84 0 0
08:08 752.35 14.83 84 .89 0
08:09 752.35 14.89 84 .89 0
08:10 752.35 14.89 84 1.34 0
08:11 752.35 14.89 85 .89 0
08:12 752.35 14.89 85 .89 0
08:13 752.35 14.89 85 .45 0
08:14 752.35 15 85 0 0
08:15 752.35 15 85 .89 0
08:16 752.35 15 85 .89 0
08:17 752.35 15 85 0 0
08:18 752.35 15 85 0 0
08:19 752.35 15.06 85 .89 0
08:20 752.35 15.06 85 1.34 0
08:21 752.35 15.06 85 1.34 0
08:22 752.35 15.06 85 .89 0
08:23 752.35 15.06 85 .89 0
08:24 752.35 15.06 85 .45 0
08:25 752.35 15.06 85 .89 0
08:26 752.35 15.06 86 .45 0
08:27 752.35 15.06 86 .45 0
08:28 752.35 15.06 86 0 0
08:29 752.35 15.06 86 0 0
08:30 752.35 15.06 86 0 0
08:31 752.35 15 85 0 0
08:32 752.35 15 85 0 0
08:33 752.35 15 85 .89 0
08:34 752.35 15 85 .89 0
08:35 752.35 15.06 86 .45 0
08:36 752.35 15.06 86 0 0
08:37 752.35 15.06 87 0 0
08:38 752.35 15.06 87 0 0
08:39 752.35 15.06 87 0 0
08:40 752.35 15.06 87 0 0
08:41 752.35 15.06 87 0 0
08:42 752.35 15.06 87 0 0
08:43 752.35 15.06 87 0 0
08:44 752.35 15.06 87 0 0
08:45 752.35 15.06 87 .45 0
08:46 752.35 15.06 87 .89 0
08:47 752.35 15.06 87 .45 0
08:48 752.35 15.17 87 0 0
08:49 752.35 15.17 87 .45 0
08:50 752.35 15.17 86 0 0
08:51 752.35 15.17 86 .89 0
08:52 752.35 15.17 86 1.34 0
08:53 752.35 15.22 86 1.79 0
08:54 752.35 15.22 86 1.34 0
08:55 752.35 15.22 86 .45 0
08:56 752.35 15.22 86 0 0
08:57 752.35 15.22 86 0 0
08:58 752.35 15.33 86 0 0
08:59 752.35 15.33 86 0 0
09:00 752.35 15.33 86 0 0
09:01 752.35 15.33 86 0 0
09:02 752.35 15.33 86 0 0
09:03 752.35 15.39 86 0 0
09:04 752.35 15.39 86 .89 0
09:05 752.35 15.39 87 .89 0
09:06 752.35 15.39 87 .89 0
09:07 752.35 15.39 86 .45 0
09:08 752.35 15.39 86 .45 0
09:09 752.35 15.39 86 .89 0
09:10 752.35 15.39 86 .89 0
09:11 752.35 15.5 86 .89 0
09:12 752.35 15.5 86 1.79 0
09:13 752.35 15.56 86 1.34 0
09:14 752.35 15.56 86 1.34 0
09:15 752.35 15.56 86 .89 0
09:16 752.35 15.56 87 .45 0
09:17 752.35 15.56 87 0 0
09:18 752.35 15.56 87 0 0
09:19 752.35 15.67 87 .89 0
09:20 752.35 15.67 87 .89 0
09:21 752.35 15.67 87 .45 0
09:22 752.35 15.67 87 .45 0
09:23 752.35 15.67 87 1.34 0
09:24 752.35 15.72 87 .89 0
09:25 752.6 15.72 88 1.34 0
09:26 752.6 15.83 88 .45 0
09:27 752.6 15.83 87 .89 0
09:28 752.6 15.89 87 .89 0
09:29 752.6 15.89 87 .89 0
09:30 752.6 15.89 87 .45 0
09:31 752.6 16 87 .89 0
09:32 752.6 16 86 .45 0
09:33 752.6 16.11 86 1.34 0
09:34 752.6 16.11 85 .45 0
09:35 752.6 16.17 85 .45 0
09:36 752.6 16.17 85 .45 0
09:37 752.6 16.28 85 0 0
09:38 752.6 16.28 84 .45 0
09:39 752.6 16.33 84 .89 0
09:40 752.6 16.33 84 .89 0
09:41 752.6 16.33 84 1.34 0
09:42 752.6 16.33 83 .89 0
09:43 752.6 16.33 83 .89 0
09:44 752.6 16.33 82 .89 0
09:45 752.6 16.33 81 .45 0
09:46 752.6 16.33 81 0 0
09:47 752.6 16.33 80 0 0
09:48 752.6 16.44 80 0 0
09:49 752.6 16.44 80 0 0
09:50 752.6 16.5 81 0 0
09:51 752.6 16.72 80 0 0
09:52 752.6 16.78 79 0 0
09:53 752.6 16.89 78 0 0
09:54 752.6 16.94 78 0 0
09:55 752.6 17.06 78 0 0
09:56 752.6 17.11 78 0 0
09:57 752.6 17.22 78 0 0
09:58 752.6 17.33 77 0 0
09:59 752.6 17.39 76 .45 0
10:00 752.6 17.39 76 .45 0
10:01 752.6 17.5 77 .45 0
10:02 752.6 17.5 77 1.34 0
10:03 752.6 17.5 77 .89 0
10:04 752.6 17.5 77 .89 0
10:05 752.6 17.5 78 0 0
10:06 752.6 17.5 78 0 0
10:07 752.6 17.56 78 .89 0
10:08 752.6 17.56 77 0 0
10:09 752.6 17.56 77 .45 0
10:10 752.6 17.56 77 0 0
10:11 752.6 17.67 77 0 0
10:12 752.6 17.67 78 0 0
10:13 752.6 17.78 77 0 0
10:14 752.6 17.67 76 .45 0
10:15 752.6 17.67 76 0 0
10:16 752.6 17.67 76 0 0
10:17 752.6 17.67 76 0 0
10:18 752.6 17.78 77 .45 0
10:19 752.6 17.78 76 .89 0
10:20 752.6 17.78 75 0 0
10:21 752.6 17.78 75 0 0
10:22 752.6 17.78 75 0 0
10:23 752.6 17.78 75 0 0
10:24 752.6 17.83 76 0 0
10:25 752.6 17.83 76 0 0
10:26 752.6 17.94 75 0 0
10:27 752.6 17.94 75 .45 0
10:28 752.6 18 75 .89 0
10:29 752.6 18 75 1.34 0
10:30 752.6 18 75 .89 0
10:31 752.6 18 75 0 0
10:32 752.6 18 75 0 0
10:33 752.6 18 75 .45 0
10:34 752.6 18 74 1.34 0
10:35 752.6 17.94 75 .89 0
10:36 752.6 17.83 75 1.79 0
10:37 752.6 17.78 75 .89 0
10:38 752.6 17.78 75 .45 0
10:39 752.6 17.67 76 .45 0
10:40 752.86 17.67 76 0 0
10:41 752.86 17.67 76 0 0
10:42 752.86 17.67 76 1.34 0
10:43 752.86 17.78 76 .89 0
10:44 752.86 17.78 76 1.34 0
10:45 752.86 17.78 76 2.24 0
10:46 752.86 17.78 76 .89 0
10:47 752.86 17.78 76 1.79 0
10:48 752.86 17.83 76 1.34 0
10:49 752.86 17.83 76 1.34 0
10:50 752.86 17.83 76 1.34 0
10:51 752.86 17.83 76 0 0
10:52 752.86 17.94 76 .45 0
10:53 752.86 18 75 .89 0
10:54 752.86 18.11 75 .89 0
10:55 752.86 18.22 75 .89 0
10:56 752.86 18.28 73 .89 0
10:57 752.86 18.39 73 .45 0
10:58 752.86 18.39 72 .89 0
10:59 752.86 18.39 72 .89 0
11:00 752.86 18.39 72 1.34 0
11:01 752.86 18.28 72 .45 0
11:02 752.86 18.22 72 .45 0
11:03 752.86 18.22 73 0 0
11:04 752.86 18.22 73 0 0
11:05 752.86 18.22 73 .45 0
11:06 752.86 18.22 73 .89 0
11:07 752.86 18.28 73 0 0
11:08 752.86 18.39 73 .45 0
11:09 752.86 18.39 73 .89 0
11:10 752.86 18.5 74 .45 0
11:11 752.86 18.5 75 0 0
11:12 752.86 18.56 75 .89 0
11:13 752.86 18.56 76 .89 0
11:14 752.86 18.56 76 .89 0
11:15 752.86 18.56 77 .89 0
11:16 752.86 18.67 77 .45 0
11:17 752.86 18.56 77 1.34 0
11:18 752.86 18.5 77 1.34 0
11:19 752.86 18.39 77 1.79 0
11:20 752.86 18.39 78 .45 0
11:21 752.86 18.28 78 1.79 0
11:22 752.86 18.28 78 .89 0
11:23 752.86 18.28 78 .89 0
11:24 752.86 18.28 79 0 0
11:25 752.86 18.28 79 .45 0
11:26 752.86 18.28 79 0 0
11:27 752.86 18.28 79 .45 0
11:28 752.86 18.28 79 0 0
11:29 752.86 18.39 79 .45 0
11:30 752.86 18.5 79 0 0
11:31 752.86 18.56 79 .45 0
11:32 752.86 18.67 78 .45 0
11:33 752.86 18.72 77 0 0
11:34 752.86 18.83 76 0 0
11:35 752.86 18.83 75 1.34 0
11:36 752.86 18.94 75 .45 0
11:37 752.86 19 75 1.79 0
11:38 752.86 18.94 74 1.79 0
11:39 752.86 18.83 75 1.79 0
11:40 752.86 18.83 75 .89 0
11:41 752.86 18.83 75 1.79 0
11:42 752.86 18.83 75 .45 0
11:43 752.86 18.83 75 1.79 0
11:44 752.86 18.83 75 .89 0
11:45 752.86 18.94 76 .45 0
11:46 752.86 18.94 76 0 0
11:47 752.86 19 75 .45 0
11:48 752.86 19 74 .89 0
11:49 752.86 19 74 1.79 0
11:50 752.86 18.94 74 1.34 0
11:51 752.86 18.94 74 .89 0
11:52 752.86 18.83 74 2.24 0
11:53 752.86 18.83 75 1.34 0
11:54 752.86 18.83 75 1.34 0
11:55 752.86 18.83 74 1.34 0
11:56 752.86 18.72 75 1.34 0
11:57 752.86 18.72 75 .45 0
11:58 752.86 18.72 75 0 0
11:59 752.86 18.83 74 0 0
12:00 752.86 18.83 74 0 0
12:01 752.86 18.94 74 0 0
12:02 752.86 19 74 0 0
12:03 752.86 19.17 74 .89 0
12:04 752.86 19.39 74 0 0
12:05 752.86 19.44 73 .89 0
12:06 752.86 19.56 73 .45 0
12:07 752.86 19.56 72 1.34 0
12:08 752.86 19.56 73 .89 0
12:09 752.86 19.67 73 1.79 0
12:10 752.86 19.56 72 1.34 0
12:11 752.86 19.44 72 1.34 0
12:12 752.86 19.44 73 .89 0
12:13 752.86 19.44 73 .89 0
12:14 752.86 19.44 72 1.34 0
12:15 752.86 19.44 72 .45 0
12:16 752.86 19.44 72 .45 0
12:17 752.86 19.56 72 0 0
12:18 752.86 19.67 71 .45 0
12:19 752.86 19.72 70 .89 0
12:20 752.86 19.72 71 .89 0
12:21 752.86 19.83 71 .89 0
12:22 752.86 19.83 71 .45 0
12:23 752.86 19.94 72 .45 0
12:24 752.86 19.94 71 .89 0
12:25 752.86 20 71 .45 0
12:26 752.86 20 71 0 0
12:27 752.86 20.11 71 0 0
12:28 752.86 20.11 71 .45 0
12:29 752.86 20.22 71 .45 0
12:30 752.86 20.28 70 1.79 0
12:31 752.86 20.22 70 1.79 0
12:32 752.86 20.22 69 .89 0
12:33 752.86 20.11 70 1.34 0
12:34 752.86 20.11 70 1.79 0
12:35 752.86 20 70 1.34 0
12:36 752.86 20 71 1.34 0
12:37 752.86 19.94 70 2.24 0
12:38 752.86 19.94 70 1.79 0
12:39 752.86 19.94 71 .45 0
12:40 752.86 20 71 1.34 0
12:41 752.86 20 70 1.79 0
12:42 752.86 20 71 1.79 0
12:43 752.86 20 71 1.79 0
12:44 752.86 20 70 2.24 0
12:45 752.86 20 71 1.34 0
12:46 752.86 20 71 1.34 0
12:47 752.86 20 70 .89 0
12:48 752.86 20 70 1.79 0
12:49 752.86 20 70 .89 0
12:50 752.86 20 70 1.34 0
12:51 752.86 19.94 70 2.68 0
12:52 752.86 19.94 70 2.24 0
12:53 752.86 19.94 72 3.13 0
12:54 752.86 19.94 71 1.79 0
12:55 752.86 19.94 70 2.24 0
12:56 752.86 19.94 71 1.34 0
12:57 752.86 20 72 1.34 0
12:58 752.86 20 71 .45 0
12:59 752.86 20.11 71 0 0
13:00 752.86 20.22 72 1.79 0
13:01 752.86 20.28 71 .45 0
13:02 752.86 20.39 70 1.34 0
13:03 752.86 20.39 70 1.34 0
13:04 752.86 20.5 70 1.79 0
13:05 752.86 20.5 70 1.34 0
13:06 752.86 20.5 69 2.68 0
13:07 752.86 20.5 69 .89 0
13:08 752.86 20.5 69 1.34 0
13:09 752.86 20.5 70 2.68 0
13:10 752.86 20.5 69 3.58 0
13:11 752.86 20.39 70 2.24 0
13:12 752.86 20.28 70 1.34 0
13:13 752.86 20.22 71 .89 0
13:14 752.86 20.22 71 2.24 0
13:15 752.86 20.11 71 1.79 0
13:16 752.86 20.11 70 1.34 0
13:17 752.86 20.11 71 1.79 0
13:18 752.86 20.11 70 1.34 0
13:19 752.86 20.11 71 1.34 0
13:20 752.86 20.11 70 1.79 0
13:21 752.86 20.22 70 2.24 0
13:22 752.86 20.22 70 2.24 0
13:23 752.86 20.22 70 2.68 0
13:24 752.86 20.22 70 1.34 0
13:25 752.86 20.28 70 1.79 0
13:26 752.86 20.22 70 2.68 0
13:27 752.86 20.22 70 2.24 0
13:28 752.86 20.22 69 1.79 0
13:29 752.86 20.11 70 1.34 0
13:30 752.86 20.22 70 .89 0
13:31 752.86 20.28 70 .89 0
13:32 752.86 20.39 70 1.34 0
13:33 752.86 20.5 69 0 0
13:34 752.86 20.56 69 1.34 0
13:35 752.86 20.67 68 1.79 0
13:36 752.86 20.67 68 1.79 0
13:37 752.86 20.67 68 2.24 0
13:38 752.86 20.67 68 .89 0
13:39 752.86 20.78 68 .89 0
13:40 752.86 20.78 68 .45 0
13:41 752.86 20.83 68 1.34 0
13:42 752.86 20.94 68 1.79 0
13:43 752.86 21.06 67 2.24 0
13:44 752.86 21.11 67 1.34 0
13:45 752.86 21.11 66 1.79 0
13:46 752.86 21.06 66 1.34 0
13:47 752.86 21.06 66 1.34 0
13:48 752.86 21.06 67 1.34 0
13:49 752.86 20.94 67 1.79 0
13:50 752.86 20.94 66 1.34 0
13:51 752.86 20.94 67 1.34 0
13:52 752.86 21.06 66 .45 0
13:53 752.86 21.06 66 .45 0
13:54 752.86 21.11 66 1.79 0
13:55 752.86 21.11 65 1.79 0
13:56 752.86 21.11 65 .89 0
13:57 752.86 21.11 66 .45 0
13:58 752.86 21.33 66 1.79 0
13:59 752.86 21.39 65 1.34 0
14:00 752.86 21.39 65 .89 0
14:01 752.86 21.5 65 1.34 0
14:02 752.86 21.5 64 1.34 0
14:03 752.86 21.61 64 .89 0
14:04 752.86 21.61 62 .89 0
14:05 752.86 21.61 62 .89 0
14:06 752.86 21.61 63 1.34 0
14:07 752.86 21.61 63 1.79 0
14:08 752.86 21.5 61 1.34 0
14:09 752.86 21.5 62 1.34 0
14:10 752.6 21.5 62 2.24 0
14:11 752.6 21.61 63 2.24 0
14:12 752.6 21.67 62 .89 0
14:13 752.6 21.67 61 1.79 0
14:14 752.6 21.61 59 1.34 0
14:15 752.6 21.61 57 0 0
14:16 752.6 21.67 58 1.34 0
14:17 752.6 21.67 59 1.34 0
14:18 752.6 21.67 59 1.34 0
14:19 752.6 21.67 59 1.34 0
14:20 752.6 21.67 59 2.24 0
14:21 752.6 21.67 58 1.34 0
14:22 752.6 21.67 57 2.24 0
14:23 752.6 21.61 55 1.34 0
14:24 752.6 21.5 55 1.79 0
14:25 752.6 21.5 55 .45 0
14:26 752.6 21.5 56 .45 0
14:27 752.6 21.61 57 1.79 0
14:28 752.6 21.67 57 1.79 0
14:29 752.6 21.78 57 2.68 0
14:30 752.6 21.78 56 2.24 0
14:31 752.6 21.67 56 1.79 0
14:32 752.6 21.67 56 2.24 0
14:33 752.6 21.67 55 2.24 0
14:34 752.6 21.61 56 1.79 0
14:35 752.6 21.61 56 1.34 0
14:36 752.6 21.67 56 .89 0
14:37 752.6 21.78 57 1.34 0
14:38 752.6 21.89 54 1.34 0
14:39 752.6 21.89 54 1.34 0
14:40 752.6 22 53 .89 0
14:41 752.6 22.06 52 .45 0
14:42 752.6 22.17 53 .89 0
14:43 752.6 22.17 54 .45 0
14:44 752.6 22.28 54 1.79 0
14:45 752.6 22.28 51 1.79 0
14:46 752.6 22.28 49 2.24 0
14:47 752.6 22.06 49 2.68 0
14:48 752.6 22 49 2.68 0
14:49 752.6 21.89 52 2.68 0
14:50 752.6 21.78 50 2.68 0
14:51 752.6 21.78 53 2.24 0
14:52 752.6 21.78 56 3.13 0
14:53 752.6 21.78 55 2.24 0
14:54 752.6 21.67 55 3.58 0
14:55 752.6 21.67 56 4.47 0
14:56 752.6 21.67 58 3.13 0
14:57 752.6 21.61 59 1.34 0
14:58 752.6 21.61 59 1.34 0
14:59 752.6 21.67 59 2.24 0
15:00 752.6 21.67 60 1.34 0
15:01 752.6 21.67 60 3.58 0
15:02 752.6 21.61 59 4.47 0
15:03 752.6 21.61 59 4.92 0
15:04 752.6 21.5 59 1.34 0
15:05 752.6 21.5 59 4.02 0
15:06 752.6 21.5 59 3.13 0
15:07 752.6 21.5 55 2.24 0
15:08 752.6 21.5 57 4.47 0
15:09 752.6 21.61 58 3.13 0
15:10 752.6 21.61 58 2.68 0
15:11 752.6 21.61 57 3.13 0
15:12 752.6 21.67 59 4.02 0
15:13 752.6 21.67 57 2.68 0
15:14 752.6 21.61 58 3.58 0
15:15 752.6 21.5 59 3.13 0
15:16 752.6 21.5 59 3.13 0
15:17 752.6 21.5 57 2.68 0
15:18 752.6 21.5 56 3.13 0
15:19 752.6 21.61 57 2.68 0
15:20 752.6 21.61 56 2.24 0
15:21 752.6 21.61 55 2.68 0
15:22 752.6 21.61 54 1.79 0
15:23 752.6 21.61 55 2.68 0
15:24 752.6 21.67 56 1.34 0
15:25 752.6 21.67 56 1.79 0
15:26 752.6 21.67 57 .45 0
15:27 752.6 21.67 57 1.79 0
15:28 752.6 21.67 58 2.24 0
15:29 752.6 21.67 58 1.79 0
15:30 752.6 21.78 58 2.24 0
15:31 752.6 21.78 59 2.68 0
15:32 752.6 21.78 58 2.68 0
15:33 752.6 21.78 59 .45 0
15:34 752.6 21.78 59 1.34 0
15:35 752.6 21.89 59 1.79 0
15:36 752.6 22 59 .45 0
15:37 752.6 22.06 57 4.47 0
15:38 752.6 22 57 3.13 0
15:39 752.6 21.78 57 2.68 0
15:40 752.6 21.78 57 1.79 0
15:41 752.6 21.67 59 1.34 0
15:42 752.6 21.67 59 1.79 0
15:43 752.6 21.67 60 .89 0
15:44 752.6 21.67 60 3.58 0
15:45 752.6 21.67 59 2.24 0
15:46 752.6 21.67 60 .89 0
15:47 752.6 21.67 60 2.68 0
15:48 752.6 21.67 60 1.79 0
15:49 752.6 21.67 60 4.47 0
15:50 752.6 21.67 57 2.24 0
15:51 752.6 21.61 56 2.68 0
15:52 752.6 21.61 57 1.79 0
15:53 752.6 21.61 58 1.34 0
15:54 752.6 21.67 60 1.79 0
15:55 752.6 21.67 59 4.02 0
15:56 752.6 21.67 58 3.13 0
15:57 752.6 21.67 58 2.24 0
15:58 752.6 21.61 57 4.92 0
15:59 752.6 21.5 57 4.92 0
16:00 752.6 21.5 59 1.79 0
16:01 752.6 21.5 58 4.02 0
16:02 752.6 21.5 58 1.34 0
16:03 752.6 21.5 57 3.13 0
16:04 752.6 21.39 57 4.47 0
16:05 752.6 21.39 57 3.13 0
16:06 752.6 21.39 56 3.13 0
16:07 752.6 21.33 57 1.79 0
16:08 752.6 21.39 58 4.02 0
16:09 752.6 21.39 58 4.02 0
16:10 752.6 21.39 58 2.24 0
16:11 752.6 21.39 58 1.79 0
16:12 752.6 21.39 57 4.92 0
16:13 752.6 21.5 55 4.02 0
16:14 752.6 21.39 56 .89 0
16:15 752.6 21.39 57 2.24 0
16:16 752.6 21.39 56 1.79 0
16:17 752.6 21.5 56 1.34 0
16:18 752.6 21.5 53 1.34 0
16:19 752.6 21.5 54 .89 0
16:20 752.6 21.5 54 1.79 0
16:21 752.6 21.61 54 2.24 0
16:22 752.6 21.61 55 1.79 0
16:23 752.6 21.5 55 3.58 0
16:24 752.6 21.5 55 3.58 0
16:25 752.6 21.5 52 2.24 0
16:26 752.6 21.5 51 3.13 0
16:27 752.6 21.5 52 2.24 0
16:28 752.6 21.5 51 2.24 0
16:29 752.6 21.5 51 1.79 0
16:30 752.6 21.5 52 3.58 0
16:31 752.6 21.61 55 1.79 0
16:32 752.6 21.61 55 1.79 0
16:33 752.6 21.61 55 2.24 0
16:34 752.6 21.61 54 3.13 0
16:35 752.6 21.61 54 3.13 0
16:36 752.6 21.5 54 1.34 0
16:37 752.6 21.5 54 2.68 0
16:38 752.6 21.5 53 2.68 0
16:39 752.6 21.5 52 1.34 0
16:40 752.86 21.39 52 1.34 0
16:41 752.86 21.5 53 1.34 0
16:42 752.86 21.5 54 .89 0
16:43 752.86 21.5 54 2.68 0
16:44 752.86 21.61 54 1.34 0
16:45 752.86 21.61 55 3.13 0
16:46 752.86 21.61 54 2.68 0
16:47 752.86 21.61 55 .89 0
16:48 752.86 21.61 55 2.24 0
16:49 752.86 21.61 54 3.13 0
16:50 752.86 21.61 54 2.68 0
16:51 752.86 21.61 54 2.68 0
16:52 752.86 21.61 54 2.24 0
16:53 752.86 21.5 54 1.34 0
16:54 752.86 21.5 54 2.24 0
16:55 752.86 21.5 54 3.13 0
16:56 752.86 21.5 54 2.68 0
16:57 752.86 21.5 54 2.24 0
16:58 752.86 21.5 54 3.13 0
16:59 752.86 21.5 54 2.24 0
17:00 752.86 21.5 54 1.34 0
17:01 752.86 21.5 54 1.79 0
17:02 752.86 21.5 54 1.79 0
17:03 752.86 21.5 54 2.68 0
17:04 752.86 21.5 54 2.24 0
17:05 752.86 21.5 54 1.79 0
17:06 752.86 21.5 54 .89 0
17:07 752.86 21.5 54 1.79 0
17:08 752.86 21.5 54 2.24 0
17:09 752.86 21.5 53 3.13 0
17:10 752.86 21.5 53 2.68 0
17:11 752.86 21.5 54 2.24 0
17:12 752.86 21.5 54 2.24 0
17:13 752.86 21.39 54 .45 0
17:14 752.86 21.39 54 .89 0
17:15 752.86 21.39 54 2.68 0
17:16 752.86 21.39 54 2.24 0
17:17 752.86 21.39 54 2.24 0
17:18 752.86 21.39 53 1.34 0
17:19 752.86 21.39 53 2.24 0
17:20 752.86 21.33 53 2.24 0
17:21 752.86 21.33 53 1.34 0
17:22 752.86 21.33 53 2.24 0
17:23 752.86 21.33 53 2.24 0
17:24 752.86 21.33 52 3.13 0
17:25 752.86 21.33 53 1.79 0
17:26 752.86 21.33 52 2.24 0
17:27 752.86 21.33 52 .45 0
17:28 752.86 21.33 52 2.24 0
17:29 752.86 21.33 52 2.24 0
17:30 752.86 21.33 52 2.24 0
17:31 752.86 21.33 52 1.79 0
17:32 752.86 21.33 52 .89 0
17:33 752.86 21.33 53 3.13 0
17:34 752.86 21.22 53 2.24 0
17:35 752.86 21.22 53 3.13 0
17:36 752.86 21.22 53 3.13 0
17:37 752.86 21.22 53 2.68 0
17:38 752.86 21.22 54 3.13 0
17:39 752.86 21.22 54 2.68 0
17:40 752.86 21.22 53 2.24 0
17:41 752.86 21.22 53 2.68 0
17:42 752.86 21.11 53 2.24 0
17:43 752.86 21.11 53 1.79 0
17:44 752.86 21.11 54 1.79 0
17:45 752.86 21.11 54 1.34 0
17:46 752.86 21.11 54 1.79 0
17:47 752.86 21.11 54 .89 0
17:48 752.86 21.11 54 2.24 0
17:49 752.86 21.11 54 2.24 0
17:50 752.86 21.11 54 2.24 0
17:51 752.86 21.11 54 0 0
17:52 752.86 21.11 54 .89 0
17:53 752.86 21.11 54 2.68 0
17:54 752.86 21.11 54 1.34 0
17:55 752.86 21.11 54 1.34 0
17:56 752.86 21.11 54 1.79 0
17:57 752.86 21.11 54 1.34 0
17:58 752.86 21.06 54 .89 0
17:59 752.86 21.06 54 1.79 0
18:00 752.86 21.06 54 2.24 0
18:01 752.86 21.06 54 2.68 0
18:02 752.86 21.06 54 .45 0
18:03 752.86 21.06 54 1.34 0
18:04 752.86 21.06 54 2.24 0
18:05 752.86 20.94 54 2.24 0
18:06 752.86 20.94 54 1.79 0
18:07 752.86 20.94 55 2.24 0
18:08 752.86 20.94 55 2.24 0
18:09 752.86 20.94 54 1.79 0
18:10 752.86 20.94 54 .89 0
18:11 752.86 20.94 54 2.24 0
18:12 752.86 20.83 55 .89 0
18:13 752.86 20.83 55 .89 0
18:14 752.86 20.83 55 2.24 0
18:15 752.86 20.83 56 2.24 0
18:16 752.86 20.83 56 1.79 0
18:17 752.86 20.78 57 1.79 0
18:18 752.86 20.78 57 1.79 0
18:19 752.86 20.78 57 .89 0
18:20 752.86 20.78 57 1.34 0
18:21 752.86 20.78 58 1.79 0
18:22 752.86 20.67 58 1.34 0
18:23 752.86 20.67 58 1.79 0
18:24 752.86 20.67 58 0 0
18:25 752.86 20.67 58 .89 0
18:26 752.86 20.67 59 1.79 0
18:27 752.86 20.56 59 .45 0
18:28 752.86 20.56 59 .89 0
18:29 752.86 20.56 59 .45 0
18:30 752.86 20.56 59 .45 0
18:31 752.86 20.56 59 0 0
18:32 752.86 20.56 60 1.79 0
18:33 752.86 20.56 60 .45 0
18:34 752.86 20.5 60 1.34 0
18:35 752.86 20.5 60 .45 0
18:36 752.86 20.5 60 .45 0
18:37 752.86 20.5 60 0 0
18:38 752.86 20.5 60 0 0
18:39 752.86 20.39 61 .89 0
18:40 752.86 20.39 61 0 0
18:41 752.86 20.39 61 0 0
18:42 752.86 20.39 61 .89 0
18:43 752.86 20.28 61 .89 0
18:44 752.86 20.28 62 0 0
18:45 752.86 20.28 62 .89 0
18:46 752.86 20.28 62 0 0
18:47 752.86 20.22 62 .89 0
18:48 752.86 20.22 62 .45 0
18:49 752.86 20.22 63 1.34 0
18:50 752.86 20.22 63 1.34 0
18:51 752.86 20.11 63 1.34 0
18:52 752.86 20.11 63 1.34 0
18:53 752.86 20 64 .89 0
18:54 752.86 20 64 1.79 0
18:55 752.86 19.94 64 .89 0
18:56 752.86 19.94 64 1.34 0
18:57 752.86 19.83 64 1.34 0
18:58 752.86 19.83 64 1.34 0
18:59 752.86 19.83 64 .45 0
19:00 752.86 19.83 65 .45 0
19:01 752.86 19.72 65 .45 0
19:02 752.86 19.72 65 .89 0
19:03 752.86 19.72 65 .45 0
19:04 752.86 19.72 65 0 0
19:05 752.86 19.67 65 0 0
19:06 752.86 19.67 66 .45 0
19:07 752.86 19.67 66 0 0
19:08 752.86 19.67 66 0 0
19:09 752.86 19.56 66 .45 0
19:10 753.11 19.56 66 1.34 0
19:11 753.11 19.56 67 1.34 0
19:12 753.11 19.44 67 .89 0
19:13 753.11 19.44 67 1.34 0
19:14 753.11 19.39 67 .89 0
19:15 753.11 19.39 68 .89 0
19:16 753.11 19.28 68 1.34 0
19:17 753.11 19.28 68 .89 0
19:18 753.11 19.17 68 .89 0
19:19 753.11 19.17 69 .89 0
19:20 753.11 19.17 69 .45 0
19:21 753.11 19.11 69 .89 0
19:22 753.11 19.11 69 .45 0
19:23 753.11 19 69 .89 0
19:24 753.11 19 70 1.34 0
19:25 753.11 18.94 70 .89 0
19:26 753.11 18.94 70 .45 0
19:27 753.11 18.94 70 1.34 0
19:28 753.11 18.83 70 .89 0
19:29 753.11 18.83 71 .89 0
19:30 753.11 18.83 71 .89 0
19:31 753.11 18.72 71 .89 0
19:32 753.11 18.72 71 .89 0
19:33 753.11 18.72 71 .45 0
19:34 753.11 18.67 72 1.34 0
19:35 753.11 18.67 72 .89 0
19:36 753.11 18.67 72 .45 0
19:37 753.11 18.56 72 .45 0
19:38 753.11 18.56 72 .45 0
19:39 753.11 18.5 73 .45 0
19:40 753.36 18.5 73 0 0
19:41 753.36 18.39 73 0 0
19:42 753.36 18.28 73 0 0
19:43 753.36 18.22 73 0 0
19:44 753.36 18.11 73 0 0
19:45 753.36 18.11 74 0 0
19:46 753.36 18 75 0 0
19:47 753.36 18 75 0 0
19:48 753.36 17.94 75 0 0
19:49 753.36 17.94 75 0 0
19:50 753.36 17.83 75 0 0
19:51 753.36 17.83 75 0 0
19:52 753.36 17.78 76 0 0
19:53 753.36 17.78 76 0 0
19:54 753.36 17.78 77 0 0
19:55 753.36 17.78 77 0 0
19:56 753.36 17.67 77 .45 0
19:57 753.36 17.67 77 .89 0
19:58 753.36 17.56 77 .89 0
19:59 753.36 17.56 77 .89 0
20:00 753.36 17.5 77 .89 0
20:01 753.36 17.5 77 .45 0
20:02 753.36 17.39 77 .89 0
20:03 753.36 17.39 78 .89 0
20:04 753.36 17.39 78 .45 0
20:05 753.36 17.33 78 .89 0
20:06 753.36 17.33 78 .45 0
20:07 753.36 17.33 78 .89 0
20:08 753.36 17.22 78 .45 0
20:09 753.36 17.22 79 0 0
20:10 753.62 17.11 79 0 0
20:11 753.62 17.06 80 0 0
20:12 753.62 17.06 80 0 0
20:13 753.62 16.94 80 0 0
20:14 753.62 16.94 80 0 0
20:15 753.62 16.94 80 0 0
20:16 753.62 16.89 80 0 0
20:17 753.62 16.89 80 0 0
20:18 753.62 16.89 80 0 0
20:19 753.62 16.89 80 1.34 0
20:20 753.62 16.78 80 .89 0
20:21 753.62 16.72 80 .45 0
20:22 753.62 16.61 80 0 0
20:23 753.62 16.61 81 0 0
20:24 753.62 16.5 81 0 0
20:25 753.62 16.5 81 0 0
20:26 753.62 16.5 81 .89 0
20:27 753.62 16.5 81 1.34 0
20:28 753.62 16.5 81 .89 0
20:29 753.62 16.44 81 .45 0
20:30 753.62 16.44 82 .45 0
20:31 753.62 16.33 82 0 0
20:32 753.62 16.33 82 0 0
20:33 753.62 16.33 82 0 0
20:34 753.62 16.28 82 .89 0
20:35 753.62 16.28 82 .45 0
20:36 753.62 16.17 82 0 0
20:37 753.62 16.17 82 0 0
20:38 753.62 16.11 82 0 0
20:39 753.62 16.11 83 0 0
20:40 753.62 16.11 83 0 0
20:41 753.62 16.11 82 .45 0
20:42 753.62 16 82 0 0
20:43 753.62 16 83 0 0
20:44 753.62 16 83 0 0
20:45 753.62 16 83 0 0
20:46 753.62 15.89 83 0 0
20:47 753.62 15.89 84 0 0
20:48 753.62 15.89 84 0 0
20:49 753.62 15.89 84 0 0
20:50 753.62 15.89 84 .45 0
20:51 753.62 15.89 83 .89 0
20:52 753.62 15.89 84 1.34 0
20:53 753.62 15.89 84 1.79 0
20:54 753.62 15.89 83 1.34 0
20:55 753.62 15.89 83 1.79 0
20:56 753.62 15.89 83 1.34 0
20:57 753.62 15.89 83 .45 0
20:58 753.62 15.83 83 .45 0
20:59 753.62 15.83 83 0 0
21:00 753.62 15.83 83 .45 0
21:01 753.62 15.72 83 .45 0
21:02 753.62 15.67 83 0 0
21:03 753.62 15.56 83 .45 0
21:04 753.62 15.5 84 .89 0
21:05 753.62 15.39 84 .89 0
21:06 753.62 15.39 85 1.34 0
21:07 753.62 15.33 85 .89 0
21:08 753.62 15.22 85 .89 0
21:09 753.62 15.22 85 1.34 0
21:10 753.62 15.17 86 1.34 0
21:11 753.62 15.17 86 1.79 0
21:12 753.62 15.17 86 .89 0
21:13 753.62 15.06 86 .89 0
21:14 753.62 15.06 86 .89 0
21:15 753.62 15.06 86 1.34 0
21:16 753.62 15 86 1.34 0
21:17 753.62 15 86 1.34 0
21:18 753.62 15 86 1.34 0
21:19 753.62 14.89 87 1.34 0
21:20 753.62 14.89 87 1.34 0
21:21 753.62 14.89 87 1.79 0
21:22 753.62 14.89 87 1.79 0
21:23 753.62 14.83 87 1.34 0
21:24 753.62 14.83 87 .89 0
21:25 753.62 14.83 87 .89 0
21:26 753.62 14.83 87 1.34 0
21:27 753.62 14.83 87 1.34 0
21:28 753.62 14.72 87 1.34 0
21:29 753.62 14.72 87 .89 0
21:30 753.62 14.72 87 .89 0
21:31 753.62 14.72 87 .89 0
21:32 753.62 14.72 87 .45 0
21:33 753.62 14.72 87 .89 0
21:34 753.62 14.72 87 1.34 0
21:35 753.62 14.72 87 .89 0
21:36 753.62 14.72 87 .89 0
21:37 753.62 14.67 87 .89 0
21:38 753.62 14.67 87 .89 0
21:39 753.62 14.67 87 .89 0
21:40 753.62 14.67 87 .89 0
21:41 753.62 14.67 87 .89 0
21:42 753.62 14.67 87 .45 0
21:43 753.62 14.67 87 .45 0
21:44 753.62 14.67 87 0 0
21:45 753.62 14.56 87 0 0
21:46 753.62 14.56 88 0 0
21:47 753.62 14.56 88 0 0
21:48 753.62 14.67 88 0 0
21:49 753.62 14.67 88 0 0
21:50 753.62 14.67 88 0 0
21:51 753.62 14.67 88 0 0
21:52 753.62 14.67 88 0 0
21:53 753.62 14.67 88 0 0
21:54 753.62 14.67 88 0 0
21:55 753.62 14.67 88 0 0
21:56 753.62 14.67 88 0 0
21:57 753.62 14.72 88 0 0
21:58 753.62 14.72 88 0 0
21:59 753.62 14.72 88 0 0
22:00 753.62 14.72 88 0 0
22:01 753.62 14.83 88 0 0
22:02 753.62 14.83 88 0 0
22:03 753.62 14.83 88 0 0
22:04 753.62 14.83 88 0 0
22:05 753.62 14.83 87 0 0
22:06 753.62 14.83 87 0 0
22:07 753.62 14.83 88 0 0
22:08 753.62 14.83 87 0 0
22:09 753.62 14.89 88 0 0
22:10 753.62 14.89 87 0 0
22:11 753.62 14.89 88 0 0
22:12 753.62 14.89 88 0 0
22:13 753.62 14.89 88 0 0
22:14 753.62 14.89 88 0 0
22:15 753.62 14.89 88 0 0
22:16 753.62 14.89 88 0 0
22:17 753.62 14.89 88 0 0
22:18 753.62 14.89 88 0 0
22:19 753.62 15 88 0 0
22:20 753.62 15 88 0 0
22:21 753.62 15 88 0 0
22:22 753.62 15 88 0 0
22:23 753.62 15 88 0 0
22:24 753.62 15 88 0 0
22:25 753.87 15 87 0 0
22:26 753.87 15 87 0 0
22:27 753.87 14.89 87 0 0
22:28 753.87 14.89 87 .45 0
22:29 753.87 14.83 87 1.34 0
22:30 753.87 14.72 87 .89 0
22:31 753.87 14.67 87 1.34 0
22:32 753.87 14.56 87 1.34 0
22:33 753.87 14.5 87 1.34 0
22:34 753.87 14.39 87 1.34 0
22:35 753.87 14.28 87 .89 0
22:36 753.87 14.22 87 .89 0
22:37 753.87 14.22 87 .45 0
22:38 753.87 14.11 87 .45 0
22:39 753.87 14.06 87 0 0
22:40 753.87 14.06 87 0 0
22:41 753.87 13.94 87 0 0
22:42 753.87 13.94 87 0 0
22:43 753.87 13.89 87 0 0
22:44 753.87 13.89 88 0 0
22:45 753.87 13.89 88 0 0
22:46 753.87 13.94 88 0 0
22:47 753.87 13.94 89 0 0
22:48 753.87 13.94 89 0 0
22:49 753.87 13.94 89 0 0
22:50 753.87 14.06 89 0 0
22:51 753.87 14.06 89 0 0
22:52 753.87 14.06 89 0 0
22:53 753.87 14.06 89 0 0
22:54 753.87 14.06 89 0 0
22:55 753.87 14.06 89 0 0
22:56 753.87 14.06 89 0 0
22:57 753.87 13.94 89 0 0
22:58 753.87 13.94 89 0 0
22:59 753.87 13.94 89 0 0
23:00 753.87 13.94 90 0 0
23:01 753.87 13.89 90 0 0
23:02 753.87 13.89 90 0 0
23:03 753.87 13.94 90 0 0
23:04 753.87 13.94 90 0 0
23:05 753.87 13.94 90 0 0
23:06 753.87 13.94 90 0 0
23:07 753.87 13.94 90 0 0
23:08 753.87 13.94 90 0 0
23:09 753.87 14.06 90 0 0
23:10 753.87 14.06 90 0 0
23:11 753.87 14.06 91 0 0
23:12 753.87 14.06 90 0 0
23:13 753.87 14.06 90 0 0
23:14 753.87 14.06 90 0 0
23:15 753.87 14.06 90 0 0
23:16 753.87 14.06 90 0 0
23:17 753.87 14.06 90 0 0
23:18 753.87 14.06 91 0 0
23:19 753.87 14.06 91 0 0
23:20 753.87 14.06 91 0 0
23:21 753.87 14.06 91 0 0
23:22 753.87 14.06 90 0 0
23:23 753.87 13.94 91 0 0
23:24 753.87 13.94 90 0 0
23:25 754.13 13.94 91 0 0
23:26 754.13 13.94 91 0 0
23:27 754.13 13.94 91 0 0
23:28 754.13 13.94 91 0 0
23:29 754.13 13.94 91 0 0
23:30 754.13 13.94 91 0 0
23:31 754.13 13.89 91 0 0
23:32 754.13 13.89 91 0 0
23:33 754.13 13.89 90 0 0
23:34 754.13 13.89 91 0 0
23:35 754.13 13.78 91 0 0
23:36 754.13 13.78 91 0 0
23:37 754.13 13.78 91 0 0
23:38 754.13 13.72 91 0 0
23:39 754.13 13.72 90 0 0
23:40 754.13 13.67 90 0 0
23:41 754.13 13.67 90 0 0
23:42 754.13 13.56 90 0 0
23:43 754.13 13.56 91 0 0
23:44 754.13 13.56 91 0 0
23:45 754.13 13.5 90 0 0
23:46 754.13 13.39 90 0 0
23:47 754.13 13.33 90 0 0
23:48 754.13 13.33 90 0 0
23:49 754.13 13.22 90 .45 0
23:50 754.13 13.22 90 .89 0
23:51 754.13 13.17 91 .89 0
23:52 754.13 13.06 91 .89 0
23:53 754.13 13 91 1.34 0
23:54 754.13 12.89 90 1.34 0
23:55 754.13 12.89 91 1.34 0
23:56 754.13 12.89 91 .89 0
23:57 754.13 12.89 91 .89 0
23:58 754.13 12.89 91 .89 0
23:59 754.13 12.89 92 .45 0
