00:00 734.31 2.56 70 6.26 0
00:01 734.31 2.56 70 5.36 0
00:02 734.31 2.56 70 8.05 0
00:03 734.31 2.61 70 6.71 0
00:04 734.31 2.61 70 4.92 0
00:05 734.31 2.56 70 4.47 0
00:06 734.31 2.56 70 3.13 0
00:07 734.31 2.56 70 6.26 0
00:08 734.31 2.56 70 5.81 0
00:09 734.31 2.56 70 2.68 0
00:10 734.31 2.56 70 5.81 0
00:11 734.31 2.56 70 4.02 0
00:12 734.31 2.56 70 5.81 0
00:13 734.31 2.56 70 8.49 0
00:14 734.31 2.56 70 5.81 0
00:15 734.31 2.56 70 4.02 0
00:16 734.31 2.56 70 4.02 0
00:17 734.31 2.56 70 6.71 0
00:18 734.31 2.56 70 7.6 0
00:19 734.31 2.56 70 2.68 0
00:20 734.31 2.61 70 8.94 0
00:21 734.31 2.61 70 5.36 0
00:22 734.31 2.61 70 8.49 0
00:23 734.31 2.61 70 4.92 0
00:24 734.31 2.61 70 8.05 0
00:25 734.31 2.61 70 4.02 0
00:26 734.31 2.56 70 5.81 0
00:27 734.31 2.56 70 4.02 0
00:28 734.31 2.56 70 4.02 0
00:29 734.31 2.56 70 5.81 0
00:30 734.31 2.56 70 4.92 0
00:31 734.31 2.56 70 6.26 0
00:32 734.31 2.56 70 3.58 0
00:33 734.31 2.56 70 5.36 0
00:34 734.31 2.56 70 5.81 0
00:35 734.31 2.56 70 3.13 0
00:36 734.31 2.56 70 4.02 0
00:37 734.31 2.56 70 4.02 0
00:38 734.31 2.56 70 4.92 0
00:39 734.31 2.44 70 4.02 0
00:40 734.31 2.44 70 7.15 0
00:41 734.31 2.44 70 3.13 0
00:42 734.31 2.44 70 8.05 0
00:43 734.31 2.56 70 5.81 0
00:44 734.57 2.56 70 8.94 0
00:45 734.57 2.56 70 4.92 0
00:46 734.57 2.56 70 7.15 0
00:47 734.57 2.56 70 6.71 0
00:48 734.57 2.56 70 8.05 0
00:49 734.57 2.56 70 6.26 0
00:50 734.57 2.44 70 5.36 0
00:51 734.57 2.44 70 5.36 0
00:52 734.57 2.44 71 6.26 0
00:53 734.57 2.39 71 8.05 0
00:54 734.57 2.44 70 7.15 0
00:55 734.57 2.44 70 4.92 0
00:56 734.57 2.39 71 4.92 0
00:57 734.57 2.39 71 2.68 0
00:58 734.57 2.39 71 6.71 0
00:59 734.57 2.39 71 4.47 0
01:00 734.57 2.39 71 6.71 0
01:01 734.57 2.39 71 4.02 0
01:02 734.57 2.39 71 5.81 0
01:03 734.57 2.39 71 4.92 0
01:04 734.57 2.39 71 7.15 0
01:05 734.57 2.39 71 6.26 0
01:06 734.57 2.39 71 5.36 0
01:07 734.57 2.39 71 7.15 0
01:08 734.57 2.39 70 8.94 0
01:09 734.57 2.39 70 5.81 0
01:10 734.57 2.39 71 4.47 0
01:11 734.57 2.39 71 1.79 0
01:12 734.57 2.39 71 2.68 0
01:13 734.57 2.39 71 7.6 0
01:14 734.57 2.39 71 4.47 0
01:15 734.57 2.39 71 5.81 0
01:16 734.57 2.39 71 5.36 0
01:17 734.57 2.39 71 5.36 0
01:18 734.57 2.39 71 10.28 0
01:19 734.57 2.39 70 5.81 0
01:20 734.57 2.39 70 5.81 0
01:21 734.57 2.44 70 7.6 0
01:22 734.57 2.44 70 6.26 0
01:23 734.57 2.44 70 3.13 0
01:24 734.57 2.44 70 5.81 0
01:25 734.57 2.39 70 6.71 0
01:26 734.57 2.39 70 8.05 0
01:27 734.57 2.44 70 5.36 0
01:28 734.57 2.44 70 5.81 0
01:29 734.57 2.39 70 5.81 0
01:30 734.57 2.39 70 4.47 0
01:31 734.57 2.39 71 4.92 0
01:32 734.57 2.39 71 7.6 0
01:33 734.57 2.39 71 4.02 0
01:34 734.57 2.39 71 2.68 0
01:35 734.57 2.39 71 1.34 0
01:36 734.57 2.39 71 4.92 0
01:37 734.57 2.28 71 8.49 0
01:38 734.57 2.28 71 3.13 0
01:39 734.57 2.28 72 5.81 0
01:40 734.57 2.28 72 7.6 0
01:41 734.57 2.28 72 5.81 0
01:42 734.57 2.28 72 5.36 0
01:43 734.57 2.28 72 4.47 0
01:44 734.82 2.22 72 4.92 0
01:45 734.82 2.22 72 3.13 0
01:46 734.82 2.22 73 2.68 0
01:47 734.82 2.22 73 5.81 0
01:48 734.82 2.22 72 4.47 0
01:49 734.82 2.22 72 5.36 0
01:50 734.82 2.22 72 4.47 0
01:51 734.82 2.22 72 4.92 0
01:52 734.82 2.22 72 3.13 0
01:53 734.82 2.22 72 5.36 0
01:54 734.82 2.22 72 2.68 0
01:55 734.82 2.22 72 4.02 0
01:56 734.82 2.22 72 5.36 0
01:57 734.82 2.22 73 4.92 0
01:58 734.82 2.22 73 4.92 0
01:59 734.82 2.22 73 5.36 0
02:00 734.82 2.22 72 4.02 0
02:01 734.82 2.22 72 5.81 0
02:02 734.82 2.22 72 4.02 0
02:03 734.82 2.22 72 3.13 0
02:04 734.82 2.22 72 1.79 0
02:05 734.82 2.22 72 4.92 0
02:06 734.82 2.22 72 5.36 0
02:07 734.82 2.22 73 7.6 0
02:08 734.82 2.22 72 6.71 0
02:09 734.82 2.28 72 4.02 0
02:10 734.82 2.28 72 6.26 0
02:11 734.82 2.28 72 3.13 0
02:12 734.82 2.28 71 3.13 0
02:13 734.82 2.28 71 5.81 0
02:14 734.82 2.28 72 5.81 0
02:15 734.82 2.22 72 4.92 0
02:16 734.82 2.22 72 2.68 0
02:17 734.82 2.17 73 6.26 0
02:18 734.82 2.17 73 5.36 0
02:19 734.82 2.06 73 6.26 0
02:20 734.82 2.06 73 6.26 0
02:21 734.82 2.06 73 6.26 0
02:22 734.82 2.17 73 6.26 0
02:23 734.82 2.17 73 5.81 0
02:24 734.82 2.17 73 3.13 0
02:25 734.82 2.17 73 2.68 0
02:26 734.82 2.17 73 3.13 0
02:27 734.82 2.17 73 5.81 0
02:28 734.82 2.17 73 3.13 0
02:29 735.08 2.06 73 4.92 0
02:30 735.08 2.17 73 4.47 0
02:31 735.08 2.17 73 6.26 0
02:32 735.08 2.17 73 7.15 0
02:33 735.08 2.17 73 5.36 0
02:34 735.08 2.17 73 5.81 0
02:35 735.08 2.17 73 4.02 0
02:36 735.08 2.17 73 5.36 0
02:37 735.08 2.17 73 1.34 0
02:38 735.08 2.17 73 4.92 0
02:39 735.08 2.17 73 1.34 0
02:40 735.08 2.17 73 3.13 0
02:41 735.08 2.17 73 4.02 0
02:42 735.08 2.17 73 6.26 0
02:43 735.08 2.17 73 6.71 0
02:44 735.08 2.17 73 6.26 0
02:45 735.08 2.17 73 5.81 0
02:46 735.08 2.17 73 3.13 0
02:47 735.08 2.17 73 3.13 0
02:48 735.08 2.17 73 8.49 0
02:49 735.08 2.17 73 6.71 0
02:50 735.08 2.17 73 5.36 0
02:51 735.08 2.06 73 4.92 0
02:52 735.08 2.06 73 4.92 0
02:53 735.08 2.06 74 2.24 0
02:54 735.08 2.06 74 1.79 0
02:55 735.08 2.06 74 5.36 0
02:56 735.08 2.06 74 3.13 0
02:57 735.08 2.06 74 4.02 0
02:58 735.08 2.06 74 6.26 0
02:59 735.08 2.06 74 4.47 0
03:00 735.08 2.06 74 3.13 0
03:01 735.08 2.06 74 4.92 0
03:02 735.08 2.06 74 7.15 0
03:03 735.08 2.06 74 4.02 0
03:04 735.08 2.06 74 3.13 0
03:05 735.08 2.06 74 4.47 0
03:06 735.08 2.06 74 5.81 0
03:07 735.08 2.06 74 4.92 0
03:08 735.08 2.06 74 2.68 0
03:09 735.08 2.06 74 2.24 0
03:10 735.08 2 75 5.81 0
03:11 735.08 2 75 1.79 0
03:12 735.08 2 75 6.26 0
03:13 735.08 2 75 6.26 0
03:14 735.08 2 75 4.47 0
03:15 735.08 2 75 4.47 0
03:16 735.08 2 75 6.71 0
03:17 735.08 2 75 5.36 0
03:18 735.08 2 75 3.58 0
03:19 735.08 2 75 4.47 0
03:20 735.08 2 75 6.71 0
03:21 735.08 2 75 5.36 0
03:22 735.08 2 75 6.71 0
03:23 735.08 2 76 6.71 0
03:24 735.08 1.89 76 2.68 0
03:25 735.08 1.89 76 4.47 0
03:26 735.08 1.89 76 5.36 0
03:27 735.08 1.89 76 6.26 0
03:28 735.08 1.89 76 4.92 0
03:29 735.08 1.89 77 4.92 0
03:30 735.08 1.83 77 7.15 0
03:31 735.08 1.83 77 5.81 0
03:32 735.08 1.83 77 5.81 0
03:33 735.08 1.83 77 4.02 0
03:34 735.08 1.83 77 2.68 0
03:35 735.08 1.83 78 2.68 0
03:36 735.08 1.83 78 2.68 0
03:37 735.08 1.72 78 2.24 0
03:38 735.08 1.72 78 4.02 0
03:39 735.08 1.72 78 3.58 0
03:40 735.08 1.72 78 6.26 0
03:41 735.08 1.72 78 6.71 0
03:42 735.08 1.72 78 3.13 0
03:43 735.08 1.72 78 6.71 0
03:44 735.33 1.83 78 4.47 0
03:45 735.33 1.83 78 6.26 0
03:46 735.33 1.83 78 3.58 0
03:47 735.33 1.83 77 2.68 0
03:48 735.33 1.83 77 1.79 0
03:49 735.33 1.83 77 1.34 0
03:50 735.33 1.83 78 7.15 0
03:51 735.33 1.83 77 4.92 0
03:52 735.33 1.83 77 7.6 0
03:53 735.33 1.83 77 4.92 0
03:54 735.33 1.83 77 4.02 0
03:55 735.33 1.83 77 2.68 0
03:56 735.33 1.83 77 1.79 0
03:57 735.33 1.83 77 1.79 0
03:58 735.33 1.83 77 6.26 0
03:59 735.33 1.83 77 7.15 0
04:00 735.33 1.83 77 4.47 0
04:01 735.33 1.83 77 2.68 0
04:02 735.33 1.83 77 2.24 0
04:03 735.33 1.83 77 5.36 0
04:04 735.33 1.89 77 8.05 0
04:05 735.33 1.89 77 4.92 0
04:06 735.33 1.89 76 2.68 0
04:07 735.33 1.89 76 5.36 0
04:08 735.33 1.89 76 2.68 0
04:09 735.33 1.89 76 6.71 0
04:10 735.33 1.89 75 3.13 0
04:11 735.33 1.89 76 4.47 0
04:12 735.33 1.89 76 3.13 0
04:13 735.33 1.89 76 3.13 0
04:14 735.33 1.89 76 1.79 0
04:15 735.33 1.89 76 6.71 0
04:16 735.33 1.89 76 4.92 0
04:17 735.33 1.89 76 4.02 0
04:18 735.33 1.89 76 4.92 0
04:19 735.33 1.89 76 4.92 0
04:20 735.33 1.89 76 5.81 0
04:21 735.33 1.89 76 1.79 0
04:22 735.33 1.89 76 4.02 0
04:23 735.33 1.89 76 4.92 0
04:24 735.33 1.89 76 1.34 0
04:25 735.33 1.89 76 4.47 0
04:26 735.33 1.89 76 4.47 0
04:27 735.33 1.89 76 4.92 0
04:28 735.33 1.89 76 1.79 0
04:29 735.58 1.89 76 6.71 0
04:30 735.58 1.89 76 2.68 0
04:31 735.58 1.89 76 2.68 0
04:32 735.58 1.89 76 5.36 0
04:33 735.58 1.89 76 4.92 0
04:34 735.58 1.89 76 5.36 0
04:35 735.58 1.89 76 1.79 0
04:36 735.58 1.89 76 4.02 0
04:37 735.58 1.89 75 2.68 0
04:38 735.58 1.89 75 4.02 0
04:39 735.58 1.89 75 4.92 0
04:40 735.58 1.89 75 3.58 0
04:41 735.58 1.89 75 4.47 0
04:42 735.58 1.89 75 5.81 0
04:43 735.58 1.89 75 4.92 0
04:44 735.58 1.89 75 2.24 0
04:45 735.58 1.89 75 4.92 0
04:46 735.58 1.89 75 5.36 0
04:47 735.58 1.89 75 5.36 0
04:48 735.58 2 75 5.81 0
04:49 735.58 2 75 5.81 0
04:50 735.58 2 75 5.81 0
04:51 735.58 2 74 8.49 0
04:52 735.58 2 74 4.47 0
04:53 735.58 2 74 4.02 0
04:54 735.58 2 74 4.02 0
04:55 735.58 2 74 2.68 0
04:56 735.58 2 75 4.92 0
04:57 735.58 2 75 6.71 0
04:58 735.58 2 74 2.68 0
04:59 735.84 2 74 4.92 0
05:00 735.84 2 74 7.6 0
05:01 735.84 2 74 4.47 0
05:02 735.84 2 74 3.13 0
05:03 735.84 2 74 2.68 0
05:04 735.84 2 74 5.36 0
05:05 735.84 2 74 4.92 0
05:06 735.84 2 74 2.24 0
05:07 735.84 2 74 4.02 0
05:08 735.84 2 75 2.24 0
05:09 735.84 1.89 75 5.81 0
05:10 735.84 1.89 75 3.58 0
05:11 735.84 1.89 75 4.02 0
05:12 735.84 1.89 75 2.68 0
05:13 735.84 1.89 75 5.36 0
05:14 735.84 1.89 75 5.81 0
05:15 735.84 1.89 75 3.13 0
05:16 735.84 1.89 75 4.92 0
05:17 735.84 1.89 75 4.47 0
05:18 735.84 1.89 75 3.13 0
05:19 735.84 1.89 76 4.92 0
05:20 735.84 1.89 76 4.02 0
05:21 735.84 1.89 76 4.47 0
05:22 735.84 1.83 76 4.02 0
05:23 735.84 1.83 76 5.81 0
05:24 735.84 1.83 76 5.36 0
05:25 735.84 1.83 76 2.68 0
05:26 735.84 1.83 76 7.15 0
05:27 735.84 1.89 76 6.71 0
05:28 735.84 1.89 79 4.92 0
05:29 736.09 1.89 75 6.26 0
05:30 736.09 1.89 75 3.13 0
05:31 736.09 1.89 75 4.47 0
05:32 736.09 1.89 75 5.36 0
05:33 736.09 1.89 74 2.68 0
05:34 736.09 1.89 75 4.92 0
05:35 736.09 1.89 75 4.02 0
05:36 736.09 1.89 75 2.24 0
05:37 736.09 1.89 75 3.13 0
05:38 736.09 1.89 75 2.24 0
05:39 736.09 1.89 75 2.68 0
05:40 736.09 1.83 76 5.81 0
05:41 736.09 1.83 76 2.68 0
05:42 736.09 1.83 76 1.79 0
05:43 736.09 1.83 76 3.58 0
05:44 736.09 1.83 76 6.26 0
05:45 736.09 1.83 76 8.05 0
05:46 736.09 1.83 76 5.81 0
05:47 736.09 1.83 76 4.02 0
05:48 736.09 1.83 76 4.92 0
05:49 736.09 1.83 76 4.47 0
05:50 736.09 1.83 76 4.47 0
05:51 736.09 1.83 76 1.79 0
05:52 736.09 1.72 76 4.02 0
05:53 736.09 1.72 76 6.71 0
05:54 736.09 1.72 77 4.47 0
05:55 736.09 1.72 77 4.92 0
05:56 736.09 1.72 77 7.15 0
05:57 736.09 1.72 77 4.02 0
05:58 736.09 1.72 77 5.36 0
05:59 736.09 1.72 77 5.81 0
06:00 736.09 1.72 77 5.81 0
06:01 736.09 1.72 77 4.47 0
06:02 736.09 1.72 77 5.36 0
06:03 736.09 1.72 77 7.15 0
06:04 736.09 1.72 77 4.02 0
06:05 736.09 1.72 77 6.71 0
06:06 736.09 1.72 77 5.81 0
06:07 736.09 1.72 77 4.02 0
06:08 736.09 1.72 77 5.36 0
06:09 736.09 1.72 77 4.47 0
06:10 736.09 1.72 77 1.79 0
06:11 736.09 1.67 77 8.49 0
06:12 736.09 1.67 77 5.36 0
06:13 736.09 1.67 77 6.71 0
06:14 736.09 1.67 78 2.68 0
06:15 736.09 1.67 78 3.58 0
06:16 736.09 1.56 78 2.24 0
06:17 736.09 1.56 78 5.81 0
06:18 736.09 1.56 78 5.36 0
06:19 736.09 1.56 78 5.81 0
06:20 736.09 1.56 79 2.24 0
06:21 736.09 1.56 79 4.92 0
06:22 736.09 1.5 79 2.68 0
06:23 736.09 1.5 79 4.47 0
06:24 736.09 1.5 79 6.71 0
06:25 736.09 1.5 79 3.13 0
06:26 736.09 1.5 79 4.47 0
06:27 736.09 1.5 79 3.13 0
06:28 736.09 1.5 79 4.02 0
06:29 736.35 1.5 80 8.49 0
06:30 736.35 1.5 80 4.02 0
06:31 736.35 1.5 80 .89 0
06:32 736.35 1.5 80 4.92 0
06:33 736.35 1.5 80 3.58 0
06:34 736.35 1.39 80 4.92 0
06:35 736.35 1.39 80 7.15 0
06:36 736.35 1.39 80 4.92 0
06:37 736.35 1.39 80 7.6 0
06:38 736.35 1.39 80 6.26 0
06:39 736.35 1.39 80 4.92 0
06:40 736.35 1.39 80 1.79 0
06:41 736.35 1.39 80 5.81 0
06:42 736.35 1.33 81 5.81 0
06:43 736.35 1.33 81 5.36 0
06:44 736.6 1.33 81 7.6 0
06:45 736.6 1.33 81 3.58 0
06:46 736.6 1.33 81 5.36 0
06:47 736.6 1.33 81 4.47 0
06:48 736.6 1.33 81 5.36 0
06:49 736.6 1.33 81 7.15 0
06:50 736.6 1.22 82 5.36 0
06:51 736.6 1.22 82 4.47 0
06:52 736.6 1.22 82 5.36 0
06:53 736.6 1.22 82 2.24 0
06:54 736.6 1.22 82 3.13 0
06:55 736.6 1.22 82 3.13 0
06:56 736.6 1.22 82 5.36 0
06:57 736.6 1.22 82 3.13 0
06:58 736.6 1.22 82 4.02 0
06:59 736.6 1.17 82 4.47 0
07:00 736.6 1.17 82 3.13 0
07:01 736.6 1.17 83 4.02 0
07:02 736.6 1.17 83 4.92 0
07:03 736.6 1.17 83 2.24 0
07:04 736.6 1.17 83 3.13 0
07:05 736.6 1.17 83 6.26 0
07:06 736.6 1.17 83 3.58 0
07:07 736.6 1.17 83 6.71 0
07:08 736.6 1.17 83 4.92 0
07:09 736.6 1.17 83 3.13 0
07:10 736.6 1.17 83 5.36 0
07:11 736.6 1.17 83 4.47 0
07:12 736.6 1.17 83 4.47 0
07:13 736.6 1.17 83 2.68 0
07:14 736.6 1.17 83 2.68 0
07:15 736.6 1.17 83 3.58 0
07:16 736.6 1.17 83 2.68 0
07:17 736.6 1.06 83 2.24 0
07:18 736.6 1.06 83 4.02 0
07:19 736.6 1.06 83 4.02 0
07:20 736.6 1.17 83 4.92 0
07:21 736.6 1.17 83 2.68 0
07:22 736.6 1.17 83 4.02 0
07:23 736.6 1.17 83 3.13 0
07:24 736.6 1.06 83 4.47 0
07:25 736.6 1.06 83 4.02 0
07:26 736.6 1.17 83 2.24 0
07:27 736.6 1.17 83 4.92 0
07:28 736.6 1.17 83 3.58 0
07:29 736.6 1.17 83 3.13 0
07:30 736.6 1.17 83 1.79 0
07:31 736.6 1.17 83 2.24 0
07:32 736.6 1.17 83 4.47 0
07:33 736.6 1.17 83 1.34 0
07:34 736.6 1.17 83 1.79 0
07:35 736.6 1.06 83 5.36 0
07:36 736.6 1.06 83 2.68 0
07:37 736.6 1.06 83 3.13 0
07:38 736.6 1.06 83 2.68 0
07:39 736.6 1.06 83 4.02 0
07:40 736.6 1.06 83 4.47 0
07:41 736.6 1.06 83 4.47 0
07:42 736.6 1.06 83 4.47 0
07:43 736.6 1.06 83 3.13 0
07:44 736.85 1.06 83 2.24 0
07:45 736.85 1.06 83 5.81 0
07:46 736.85 1.06 83 4.47 0
07:47 736.85 1.06 83 5.36 0
07:48 736.85 1.17 83 4.02 0
07:49 736.85 1.17 83 5.36 0
07:50 736.85 1.17 83 5.36 0
07:51 736.85 1.17 83 3.13 0
07:52 736.85 1.17 83 4.92 0
07:53 736.85 1.06 83 2.68 0
07:54 736.85 1.06 83 2.68 0
07:55 736.85 1.06 83 6.26 0
07:56 736.85 1.06 83 2.24 0
07:57 736.85 1.06 83 2.68 0
07:58 736.85 1.06 83 2.68 0
07:59 736.85 1.06 83 4.02 0
08:00 736.85 1.06 83 4.47 0
08:01 736.85 1.06 83 4.47 0
08:02 736.85 1.06 83 2.68 0
08:03 736.85 1.06 83 2.68 0
08:04 736.85 1.06 84 4.47 0
08:05 736.85 1.06 84 2.24 0
08:06 736.85 1.06 84 4.02 0
08:07 736.85 1.06 84 3.13 0
08:08 736.85 1.06 84 3.58 0
08:09 736.85 1.06 84 1.79 0
08:10 736.85 1.06 84 3.58 0
08:11 736.85 1.06 84 1.79 0
08:12 736.85 1.06 84 .89 0
08:13 736.85 1.06 84 4.92 0
08:14 737.11 1.06 84 4.47 0
08:15 737.11 1.06 84 3.13 0
08:16 737.11 1.06 84 2.24 0
08:17 737.11 1.06 84 4.02 0
08:18 737.11 1.06 84 4.02 0
08:19 737.11 1.06 84 5.36 0
08:20 737.11 1.06 84 4.92 0
08:21 737.11 1.06 84 2.24 0
08:22 737.11 1.06 84 1.34 0
08:23 737.11 1.06 84 4.47 0
08:24 737.11 1.06 84 4.47 0
08:25 737.11 1.06 84 4.47 0
08:26 737.11 1.06 84 3.13 0
08:27 737.11 1.06 84 4.02 0
08:28 737.11 1.06 84 1.34 0
08:29 737.11 1.06 84 .89 0
08:30 737.11 1.06 84 3.58 0
08:31 737.11 1.06 84 2.24 0
08:32 737.11 1 84 4.47 0
08:33 737.11 1 84 3.13 0
08:34 737.11 1 84 2.24 0
08:35 737.11 1 84 4.92 0
08:36 737.11 1 84 4.02 0
08:37 737.11 1 84 2.24 0
08:38 737.11 1 84 3.13 0
08:39 737.11 1 84 5.36 0
08:40 737.11 .89 84 3.13 0
08:41 737.11 .89 85 2.24 0
08:42 737.11 .89 85 1.79 0
08:43 737.11 .89 85 1.34 0
08:44 737.36 .89 85 2.24 0
08:45 737.36 .89 85 2.24 0
08:46 737.36 .89 85 2.68 0
08:47 737.36 .89 86 2.68 0
08:48 737.36 .83 86 1.79 0
08:49 737.36 .83 86 2.24 0
08:50 737.36 .83 86 2.68 0
08:51 737.36 .83 86 5.81 0
08:52 737.36 .83 86 1.79 0
08:53 737.36 .89 86 1.79 0
08:54 737.36 .89 86 2.24 0
08:55 737.36 .89 86 1.79 0
08:56 737.36 .89 86 4.02 0
08:57 737.36 .89 86 2.68 0
08:58 737.36 .89 86 3.13 0
08:59 737.36 .89 86 3.13 0
09:00 737.36 .89 86 1.34 0
09:01 737.36 .89 86 2.24 0
09:02 737.36 .89 86 1.79 0
09:03 737.36 .89 86 .89 0
09:04 737.36 .89 86 1.34 0
09:05 737.36 .89 86 1.79 0
09:06 737.36 .89 86 1.79 0
09:07 737.36 .89 86 2.68 0
09:08 737.36 .89 86 4.02 0
09:09 737.36 .89 86 2.24 0
09:10 737.36 .89 86 1.79 0
09:11 737.36 .89 86 1.79 0
09:12 737.36 .89 86 2.68 0
09:13 737.36 .89 86 2.24 0
09:14 737.62 .89 86 2.24 0
09:15 737.62 .89 86 1.79 0
09:16 737.62 .89 86 1.34 0
09:17 737.62 .89 86 2.68 0
09:18 737.62 .89 86 1.34 0
09:19 737.62 .89 86 1.34 0
09:20 737.62 .89 87 4.02 0
09:21 737.62 .89 86 2.68 0
09:22 737.62 .89 87 4.02 0
09:23 737.62 .89 87 3.13 0
09:24 737.62 .89 87 1.79 0
09:25 737.62 .89 87 3.13 0
09:26 737.62 .89 86 3.58 0
09:27 737.62 .89 86 2.24 0
09:28 737.62 .89 86 1.34 0
09:29 737.87 .89 87 2.68 0
09:30 737.87 .89 87 4.92 0
09:31 737.87 .89 87 2.24 0
09:32 737.87 .89 87 .89 0
09:33 737.87 .89 87 1.79 0
09:34 737.87 .89 87 2.68 0
09:35 737.87 .89 87 2.68 0
09:36 737.87 .89 87 4.47 0
09:37 737.87 1 86 1.79 0
09:38 737.87 1 87 1.79 0
09:39 737.87 1 87 2.24 0
09:40 737.87 1 87 2.68 0
09:41 737.87 1 86 3.13 0
09:42 737.87 1 86 2.68 0
09:43 737.87 1 86 2.68 0
09:44 737.87 1 86 4.02 0
09:45 737.87 1 86 3.13 0
09:46 737.87 1 86 4.02 0
09:47 737.87 1 86 2.68 0
09:48 737.87 1 86 4.02 0
09:49 737.87 1 86 2.68 0
09:50 737.87 1 86 1.34 0
09:51 737.87 1 86 1.34 0
09:52 737.87 1 86 1.79 0
09:53 737.87 1.06 86 2.24 0
09:54 737.87 1 86 2.68 0
09:55 737.87 1 86 1.79 0
09:56 737.87 1.06 86 1.79 0
09:57 737.87 1 86 6.26 0
09:58 737.87 1 86 3.13 0
09:59 738.12 1 86 4.02 0
10:00 738.12 1 86 4.92 0
10:01 738.12 1 86 4.92 0
10:02 738.12 .89 86 5.36 0
10:03 738.12 .89 86 6.26 0
10:04 738.12 .89 86 4.47 0
10:05 738.12 .89 86 2.24 0
10:06 738.12 .89 86 4.92 0
10:07 738.12 .89 86 4.92 0
10:08 738.12 .89 86 4.02 0
10:09 738.12 .89 87 2.24 0
10:10 738.12 .89 87 3.58 0
10:11 738.12 .89 87 4.92 0
10:12 738.12 .89 87 2.68 0
10:13 738.12 .89 87 3.13 0
10:14 738.12 .89 87 4.02 0
10:15 738.12 1 87 4.47 0
10:16 738.12 1 87 2.24 0
10:17 738.12 1 87 4.47 0
10:18 738.12 1 86 4.47 0
10:19 738.12 1 86 4.92 0
10:20 738.12 1 86 4.02 0
10:21 738.12 1.06 85 3.13 0
10:22 738.12 1.06 85 6.26 0
10:23 738.12 1.06 85 2.68 0
10:24 738.12 1.06 89 6.26 0
10:25 738.12 1.06 85 5.36 0
10:26 738.12 1.06 85 5.81 0
10:27 738.12 1.06 84 5.81 0
10:28 738.12 1.06 84 3.58 0
10:29 738.12 1.06 84 3.13 0
10:30 738.12 1.06 84 4.47 0
10:31 738.12 1.06 84 5.36 0
10:32 738.12 1.06 84 6.71 0
10:33 738.12 1.06 84 4.92 0
10:34 738.12 1.06 84 5.36 0
10:35 738.12 1.06 84 5.36 0
10:36 738.12 1.06 84 4.92 0
10:37 738.12 1.06 84 4.47 0
10:38 738.12 1.17 84 5.36 0
10:39 738.12 1.17 84 4.47 0
10:40 738.12 1.06 84 4.92 0
10:41 738.12 1.06 84 4.02 0
10:42 738.12 1.06 84 4.02 0
10:43 738.12 1.06 84 4.02 0
10:44 738.38 1.06 84 5.81 0
10:45 738.38 1.06 84 4.02 0
10:46 738.38 1.17 84 4.02 0
10:47 738.38 1.17 84 4.47 0
10:48 738.38 1.17 84 6.26 0
10:49 738.38 1.17 84 4.47 0
10:50 738.38 1.17 84 2.24 0
10:51 738.38 1.17 84 3.13 0
10:52 738.38 1.17 84 1.79 0
10:53 738.38 1.17 84 3.58 0
10:54 738.38 1.22 84 6.71 0
10:55 738.38 1.22 83 5.81 0
10:56 738.38 1.22 83 4.02 0
10:57 738.38 1.22 83 2.68 0
10:58 738.38 1.22 83 1.79 0
10:59 738.63 1.33 83 4.02 0
11:00 738.63 1.33 83 2.24 0
11:01 738.63 1.33 83 3.13 0
11:02 738.63 1.33 83 2.24 0
11:03 738.63 1.39 83 2.24 0
11:04 738.63 1.39 83 4.92 0
11:05 738.63 1.39 82 4.92 0
11:06 738.63 1.39 82 3.13 0
11:07 738.63 1.5 82 3.58 0
11:08 738.63 1.5 82 4.92 0
11:09 738.63 1.5 82 1.79 0
11:10 738.63 1.5 82 1.79 0
11:11 738.63 1.5 82 2.68 0
11:12 738.63 1.5 82 1.79 0
11:13 738.63 1.56 82 2.68 0
11:14 738.63 1.56 82 5.36 0
11:15 738.63 1.56 82 2.24 0
11:16 738.63 1.56 82 2.68 0
11:17 738.63 1.67 81 5.36 0
11:18 738.63 1.67 81 4.92 0
11:19 738.63 1.67 81 4.02 0
11:20 738.63 1.67 80 4.47 0
11:21 738.63 1.67 80 5.81 0
11:22 738.63 1.67 80 7.6 0
11:23 738.63 1.67 80 3.13 0
11:24 738.63 1.67 80 5.81 0
11:25 738.63 1.67 80 4.47 0
11:26 738.63 1.72 80 7.6 0
11:27 738.63 1.67 80 7.15 0
11:28 738.63 1.67 79 5.36 0
11:29 737.87 1.67 84 2.68 0
11:30 737.87 1.67 83 2.24 0
11:31 737.87 1.67 84 3.58 0
11:32 737.87 1.61 83 4.47 0
11:33 737.87 1.56 84 5.36 0
11:34 737.87 1.5 84 3.58 0
11:35 737.87 1.5 84 3.58 0
11:36 737.87 1.5 84 5.36 0
11:37 737.87 1.5 84 3.58 0
11:38 737.87 1.5 84 4.47 0
11:39 737.87 1.5 84 6.26 0
11:40 737.87 1.5 84 2.68 0
11:41 737.87 1.5 84 4.92 0
11:42 737.87 1.5 85 4.02 0
11:43 737.87 1.5 85 5.81 0
11:44 737.87 1.5 85 3.13 0
11:45 737.87 1.5 85 .89 0
11:46 737.87 1.56 85 5.81 0
11:47 738.12 1.5 85 3.13 0
11:48 738.12 1.56 84 3.58 0
11:49 738.12 1.56 85 5.36 0
11:50 738.12 1.56 84 4.47 0
11:51 738.12 1.56 84 3.58 0
11:52 738.12 1.56 84 4.92 0
11:53 738.12 1.56 84 3.58 0
11:54 738.12 1.56 84 4.02 0
11:55 738.12 1.5 84 5.36 0
11:56 738.12 1.5 84 4.47 0
11:57 738.12 1.5 83 4.02 0
11:58 738.12 1.5 83 3.58 0
11:59 738.12 1.5 84 3.58 0
12:00 738.12 1.5 84 2.68 0
12:01 738.12 1.5 84 4.47 0
12:02 738.12 1.5 83 4.47 0
12:03 738.12 1.5 83 3.58 0
12:04 738.12 1.5 83 3.58 0
12:05 738.12 1.5 84 3.58 0
12:06 738.12 1.56 84 7.15 0
12:07 738.12 1.56 84 1.34 0
12:08 738.12 1.5 83 3.58 0
12:09 738.12 1.56 83 3.58 0
12:10 738.12 1.56 83 4.92 0
12:11 738.12 1.56 83 2.68 0
12:12 738.12 1.56 83 2.68 0
12:13 738.12 1.56 83 4.92 0
12:14 738.12 1.56 83 .89 0
12:15 738.12 1.61 83 2.68 0
12:16 738.12 1.67 83 4.47 0
12:17 738.12 1.67 83 6.26 0
12:18 738.12 1.67 83 4.02 0
12:19 738.12 1.67 82 4.47 0
12:20 738.38 1.67 82 3.58 0
12:21 738.12 1.67 82 1.34 0
12:22 738.12 1.72 82 5.36 0
12:23 738.38 1.72 82 4.02 0
12:24 738.38 1.72 82 3.13 0
12:25 738.38 1.72 82 4.02 0
12:26 738.38 1.67 82 3.58 0
12:27 738.38 1.72 82 .89 0
12:28 738.38 1.72 82 2.68 0
12:29 738.38 1.78 82 1.79 0
12:30 738.38 1.78 82 2.68 0
12:31 738.38 1.78 82 4.02 0
12:32 738.38 1.83 82 3.58 0
12:33 738.38 1.83 82 4.02 0
12:34 738.38 1.83 82 3.13 0
12:35 738.38 1.83 82 2.24 0
12:36 738.38 1.83 82 3.13 0
12:37 738.38 1.83 82 1.79 0
12:38 738.38 1.89 82 .89 0
12:39 738.38 1.94 82 3.13 0
12:40 738.38 1.89 82 4.02 0
12:41 738.38 1.89 82 3.13 0
12:42 738.63 1.89 81 3.13 0
12:43 738.63 1.89 81 3.58 0
12:44 738.63 1.83 81 4.02 0
12:45 738.63 1.83 81 4.47 0
12:46 738.63 1.83 81 4.02 0
12:47 738.63 1.83 81 2.68 0
12:48 738.63 1.83 81 1.79 0
12:49 738.63 1.83 81 3.58 0
12:50 738.63 1.89 81 4.92 0
12:51 738.63 1.83 81 2.24 0
12:52 738.63 1.83 81 3.13 0
12:53 738.63 1.83 81 2.24 0
12:54 738.63 1.83 81 1.34 0
12:55 738.63 1.89 81 2.24 0
12:56 738.63 1.83 81 5.36 0
12:57 738.63 1.83 81 4.02 0
12:58 738.63 1.83 81 4.92 0
12:59 738.63 1.78 81 1.79 0
13:00 738.89 1.78 81 2.24 0
13:01 738.89 1.78 82 1.79 0
13:02 738.89 1.83 82 1.79 0
13:03 738.89 1.78 82 4.47 0
13:04 738.89 1.78 82 3.13 0
13:05 738.89 1.78 82 3.58 0
13:06 738.89 1.78 82 2.24 0
13:07 738.89 1.78 82 1.34 0
13:08 738.89 1.72 82 3.13 0
13:09 738.89 1.72 83 4.47 0
13:10 738.89 1.67 83 3.58 0
13:11 738.89 1.67 82 3.58 0
13:12 738.89 1.67 83 3.13 0
13:13 738.89 1.67 83 1.79 0
13:14 738.89 1.67 83 .89 0
13:15 738.89 1.67 83 .89 0
13:16 738.89 1.67 83 1.34 0
13:17 738.89 1.67 83 1.79 0
13:18 738.89 1.67 83 3.13 0
13:19 738.89 1.67 83 3.13 0
13:20 738.89 1.67 83 4.47 0
13:21 738.89 1.67 82 3.13 0
13:22 738.89 1.72 82 1.79 0
13:23 738.89 1.72 82 1.79 0
13:24 738.89 1.72 82 2.24 0
13:25 738.89 1.72 82 .89 0
13:26 738.89 1.72 82 4.47 0
13:27 739.14 1.78 82 5.81 0
13:28 739.14 1.78 81 4.02 0
13:29 739.14 1.83 81 3.58 0
13:30 739.14 1.83 80 4.92 0
13:31 739.14 1.83 81 4.47 0
13:32 739.14 1.83 80 2.68 0
13:33 739.14 1.89 80 4.47 0
13:34 739.14 1.89 80 4.92 0
13:35 739.14 1.89 80 2.24 0
13:36 739.14 1.94 80 3.13 0
13:37 739.14 1.94 80 0 0
13:38 739.14 1.94 80 2.24 0
13:39 739.14 2 80 2.68 0
13:40 739.14 2 80 4.47 0
13:41 739.14 2.06 80 1.34 0
13:42 739.14 2.06 80 4.02 0
13:43 739.14 2 80 2.24 0
13:44 739.39 2 80 .89 0
13:45 739.14 2 80 1.79 0
13:46 739.39 2 80 1.79 0
13:47 739.39 2 80 4.92 0
13:48 739.39 1.94 80 1.34 0
13:49 739.39 1.94 80 .89 0
13:50 739.39 1.94 80 3.58 0
13:51 739.39 1.89 80 1.79 0
13:52 739.39 1.89 80 1.79 0
13:53 739.39 1.89 80 3.13 0
13:54 739.39 1.83 80 4.92 0
13:55 739.39 1.83 80 3.58 0
13:56 739.39 1.83 80 2.24 0
13:57 739.39 1.83 80 4.92 0
13:58 739.39 1.83 79 3.58 0
13:59 739.39 1.83 79 4.47 0
14:00 739.39 1.83 79 1.79 0
14:01 739.39 1.83 80 4.47 0
14:02 739.39 1.83 80 1.34 0
14:03 739.39 1.89 80 1.34 0
14:04 739.39 1.89 80 2.68 0
14:05 739.39 1.89 80 3.58 0
14:06 739.39 1.89 80 6.26 0
14:07 739.39 1.89 79 2.24 0
14:08 739.39 1.83 79 5.36 0
14:09 739.39 1.83 79 4.92 0
14:10 739.65 1.83 79 4.47 0
14:11 739.65 1.83 79 3.58 0
14:12 739.39 1.78 79 3.58 0
14:13 739.65 1.78 79 3.13 0
14:14 739.65 1.78 79 2.68 0
14:15 739.65 1.78 79 4.47 0
14:16 739.65 1.78 79 2.68 0
14:17 739.65 1.78 79 1.79 0
14:18 739.65 1.78 79 3.13 0
14:19 739.65 1.78 79 3.13 0
14:20 739.65 1.78 79 4.47 0
14:21 739.65 1.78 79 4.92 0
14:22 739.65 1.78 79 4.92 0
14:23 739.65 1.72 79 .89 0
14:24 739.65 1.72 79 4.92 0
14:25 739.65 1.72 79 3.13 0
14:26 739.65 1.72 79 2.68 0
14:27 739.65 1.72 79 4.92 0
14:28 739.65 1.67 79 5.36 0
14:29 739.65 1.67 79 5.36 0
14:30 739.65 1.67 79 5.81 0
14:31 739.9 1.67 79 3.13 0
14:32 739.65 1.67 79 4.02 0
14:33 739.65 1.67 79 2.24 0
14:34 739.9 1.67 79 3.58 0
14:35 739.9 1.72 79 4.02 0
14:36 739.9 1.72 79 1.79 0
14:37 739.9 1.72 79 1.34 0
14:38 739.9 1.72 79 4.02 0
14:39 739.9 1.72 79 4.02 0
14:40 739.9 1.72 79 2.24 0
14:41 739.9 1.72 79 4.47 0
14:42 739.9 1.72 79 4.47 0
14:43 739.9 1.72 79 1.34 0
14:44 739.9 1.72 79 1.79 0
14:45 739.9 1.67 79 2.24 0
14:46 740.16 1.67 79 .89 0
14:47 739.9 1.67 79 2.68 0
14:48 740.16 1.72 79 4.92 0
14:49 740.16 1.67 79 2.68 0
14:50 740.16 1.67 79 1.79 0
14:51 740.16 1.67 79 3.58 0
14:52 740.16 1.67 79 4.92 0
14:53 740.16 1.67 79 8.94 0
14:54 740.16 1.61 79 5.36 0
14:55 740.16 1.56 79 2.68 0
14:56 740.16 1.61 79 3.58 0
14:57 740.16 1.56 80 3.13 0
14:58 740.16 1.56 79 4.02 0
14:59 740.16 1.56 80 4.47 0
15:00 740.16 1.5 80 4.02 0
15:01 740.16 1.56 80 1.34 0
15:02 740.16 1.56 80 4.47 0
15:03 740.16 1.5 80 3.13 0
15:04 740.16 1.5 80 3.13 0
15:05 740.16 1.5 80 1.79 0
15:06 740.16 1.56 80 .89 0
15:07 740.41 1.5 80 4.47 0
15:08 740.41 1.5 80 2.68 0
15:09 740.41 1.5 80 4.47 0
15:10 740.41 1.5 79 3.58 0
15:11 740.41 1.5 80 7.15 0
15:12 740.41 1.44 79 1.79 0
15:13 740.41 1.44 79 2.68 0
15:14 740.41 1.44 79 4.92 0
15:15 740.41 1.44 79 1.34 0
15:16 740.41 1.5 79 3.58 0
15:17 740.41 1.5 79 4.47 0
15:18 740.41 1.5 79 3.58 0
15:19 740.41 1.5 79 2.68 0
15:20 740.41 1.5 79 1.79 0
15:21 740.41 1.5 79 3.13 0
15:22 740.66 1.44 79 1.79 0
15:23 740.66 1.5 79 2.24 0
15:24 740.66 1.5 79 5.81 0
15:25 740.66 1.5 79 2.68 0
15:26 740.66 1.44 79 5.81 0
15:27 740.66 1.44 79 7.15 0
15:28 740.66 1.44 79 2.24 0
15:29 740.66 1.44 79 4.92 0
15:30 740.66 1.44 79 6.71 0
15:31 740.66 1.39 79 4.92 0
15:32 740.66 1.39 79 4.47 0
15:33 740.66 1.39 79 5.81 0
15:34 740.66 1.33 79 4.02 0
15:35 740.92 1.33 79 4.47 0
15:36 740.66 1.33 79 7.15 0
15:37 740.66 1.33 79 6.71 0
15:38 740.66 1.33 79 4.02 0
15:39 740.92 1.33 79 4.02 0
15:40 740.66 1.28 79 7.15 0
15:41 740.92 1.28 79 6.71 0
15:42 740.66 1.28 79 3.13 0
15:43 740.92 1.28 79 8.05 0
15:44 740.92 1.22 79 5.36 0
15:45 740.92 1.22 79 5.81 0
15:46 740.92 1.22 79 1.79 0
15:47 740.92 1.28 79 5.81 0
15:48 740.92 1.28 79 5.36 0
15:49 740.92 1.28 79 3.58 0
15:50 740.92 1.22 79 3.58 0
15:51 740.92 1.28 79 5.81 0
15:52 740.92 1.28 79 3.13 0
15:53 740.92 1.28 79 4.02 0
15:54 741.17 1.28 79 5.81 0
15:55 740.92 1.22 79 4.92 0
15:56 741.17 1.28 79 5.36 0
15:57 741.17 1.28 79 4.02 0
15:58 741.17 1.28 79 4.02 0
15:59 741.17 1.28 79 4.02 0
16:00 741.17 1.22 79 4.92 0
16:01 741.17 1.28 79 1.79 0
16:02 741.17 1.28 79 2.24 0
16:03 741.17 1.28 79 2.68 0
16:04 741.17 1.28 79 1.79 0
16:05 741.17 1.28 79 3.58 0
16:06 741.17 1.28 79 2.24 0
16:07 741.17 1.28 79 3.58 0
16:08 741.17 1.28 79 2.24 0
16:09 741.17 1.22 79 3.58 0
16:10 741.17 1.28 79 3.13 0
16:11 741.17 1.28 79 2.68 0
16:12 741.17 1.28 79 1.79 0
16:13 741.17 1.28 79 6.71 0
16:14 741.43 1.28 79 3.58 0
16:15 741.43 1.28 79 3.58 0
16:16 741.43 1.22 79 2.68 0
16:17 741.43 1.28 79 1.79 0
16:18 741.43 1.22 79 4.47 0
16:19 741.43 1.28 79 2.24 0
16:20 741.43 1.22 79 2.24 0
16:21 741.43 1.22 79 3.13 0
16:22 741.43 1.22 79 3.58 0
16:23 741.43 1.22 79 1.79 0
16:24 741.43 1.17 79 3.58 0
16:25 741.43 1.17 79 4.47 0
16:26 741.43 1.11 79 5.81 0
16:27 741.43 1.17 79 6.71 0
16:28 741.43 1.11 79 3.58 0
16:29 741.43 1.11 79 4.02 0
16:30 741.43 1.11 79 2.68 0
16:31 741.68 1.06 79 4.47 0
16:32 741.68 1.06 79 4.92 0
16:33 741.68 1.06 79 6.26 0
16:34 741.68 1 79 5.36 0
16:35 741.68 1 79 1.79 0
16:36 741.68 1 79 6.26 0
16:37 741.68 1 79 4.92 0
16:38 741.68 1 79 6.71 0
16:39 741.68 .94 79 5.36 0
16:40 741.68 1 79 4.02 0
16:41 741.68 .94 79 3.58 0
16:42 741.68 .94 79 2.68 0
16:43 741.68 .94 79 6.26 0
16:44 741.68 1 79 3.13 0
16:45 741.68 .94 79 1.79 0
16:46 741.68 1 79 1.79 0
16:47 741.68 .94 79 2.24 0
16:48 741.68 .94 79 2.24 0
16:49 741.68 .94 79 .89 0
16:50 741.68 1 79 3.58 0
16:51 741.68 1 79 3.13 0
16:52 741.68 .94 79 2.68 0
16:53 741.68 .94 79 3.13 0
16:54 741.68 .94 79 4.47 0
16:55 741.93 .94 79 4.47 0
16:56 741.68 .94 79 3.58 0
16:57 741.93 .94 79 4.02 0
16:58 741.93 .94 79 4.02 0
16:59 741.93 .94 79 4.47 0
17:00 741.93 .89 79 4.47 0
17:01 741.93 .94 79 4.02 0
17:02 741.93 .94 79 4.02 0
17:03 741.93 .94 78 5.36 0
17:04 741.93 .89 79 4.92 0
17:05 741.93 .89 78 4.92 0
17:06 741.93 .89 78 2.24 0
17:07 741.93 .89 78 4.47 0
17:08 741.93 .89 78 3.58 0
17:09 741.93 .89 78 6.26 0
17:10 741.93 .83 78 2.24 0
17:11 741.93 .89 78 3.13 0
17:12 741.93 .83 78 2.24 0
17:13 741.93 .83 78 4.47 0
17:14 741.93 .83 78 4.02 0
17:15 742.19 .83 78 5.36 0
17:16 742.19 .83 78 4.02 0
17:17 742.19 .83 78 3.58 0
17:18 742.19 .83 78 5.36 0
17:19 742.19 .83 78 4.47 0
17:20 742.19 .83 78 3.58 0
17:21 742.19 .83 78 1.79 0
17:22 742.19 .83 78 2.24 0
17:23 742.19 .83 78 2.24 0
17:24 742.19 .78 79 5.36 0
17:25 742.19 .78 79 3.13 0
17:26 742.19 .78 79 3.58 0
17:27 742.19 .78 79 4.02 0
17:28 742.19 .78 79 2.24 0
17:29 742.19 .78 79 2.24 0
17:30 742.19 .78 79 6.26 0
17:31 742.19 .78 79 4.47 0
17:32 742.19 .72 79 3.58 0
17:33 742.44 .72 79 3.58 0
17:34 742.44 .72 79 4.02 0
17:35 742.44 .72 79 4.92 0
17:36 742.44 .67 79 2.24 0
17:37 742.44 .67 79 2.24 0
17:38 742.44 .67 79 5.81 0
17:39 742.44 .67 79 4.02 0
17:40 742.44 .61 79 4.02 0
17:41 742.44 .61 79 3.13 0
17:42 742.44 .61 79 3.58 0
17:43 742.44 .61 79 4.02 0
17:44 742.44 .61 79 1.34 0
17:45 742.44 .61 79 4.47 0
17:46 742.44 .61 79 3.58 0
17:47 742.44 .56 79 3.13 0
17:48 742.44 .56 79 3.58 0
17:49 742.7 .56 79 3.58 0
17:50 742.7 .56 80 1.79 0
17:51 742.7 .56 80 2.68 0
17:52 742.7 .56 80 3.13 0
17:53 742.7 .61 80 2.24 0
17:54 742.7 .56 80 3.13 0
17:55 742.7 .56 80 3.13 0
17:56 742.7 .56 80 2.68 0
17:57 742.7 .56 80 4.47 0
17:58 742.7 .56 80 3.58 0
17:59 742.7 .5 80 1.79 0
18:00 742.7 .56 80 6.71 0
18:01 742.7 .5 80 4.47 0
18:02 742.7 .56 80 5.36 0
18:03 742.7 .5 80 4.47 0
18:04 742.7 .5 80 3.58 0
18:05 742.7 .5 80 2.68 0
18:06 742.7 .5 80 4.02 0
18:07 742.7 .5 80 1.79 0
18:08 742.7 .5 80 1.79 0
18:09 742.7 .5 80 2.68 0
18:10 742.7 .5 80 2.24 0
18:11 742.7 .5 80 4.02 0
18:12 742.7 .5 80 2.24 0
18:13 742.7 .44 80 4.92 0
18:14 742.7 .44 80 2.24 0
18:15 742.95 .44 80 2.24 0
18:16 742.95 .44 80 3.58 0
18:17 742.95 .44 80 4.02 0
18:18 742.95 .44 80 1.79 0
18:19 742.95 .44 80 .89 0
18:20 742.95 .44 80 1.79 0
18:21 742.95 .44 80 1.79 0
18:22 742.95 .44 80 1.79 0
18:23 742.95 .44 80 2.68 0
18:24 742.95 .44 80 1.34 0
18:25 742.95 .39 80 1.79 0
18:26 742.95 .39 80 3.13 0
18:27 742.95 .44 80 1.79 0
18:28 742.95 .39 80 3.58 0
18:29 742.95 .39 80 4.47 0
18:30 742.95 .39 80 3.13 0
18:31 742.95 .33 80 3.13 0
18:32 742.95 .39 80 2.24 0
18:33 742.95 .39 80 1.34 0
18:34 742.95 .39 80 2.24 0
18:35 743.2 .39 80 3.58 0
18:36 743.2 .33 80 1.34 0
18:37 743.2 .33 80 3.13 0
18:38 743.2 .33 80 3.13 0
18:39 743.2 .33 80 1.79 0
18:40 743.2 .33 80 1.34 0
18:41 743.2 .33 80 1.79 0
18:42 743.2 .28 80 3.13 0
18:43 743.2 .33 80 3.13 0
18:44 743.2 .33 80 2.24 0
18:45 743.2 .28 80 2.68 0
18:46 743.2 .33 80 3.58 0
18:47 743.2 .28 80 2.24 0
18:48 743.2 .28 80 2.24 0
18:49 743.2 .28 80 3.58 0
18:50 743.2 .28 80 2.68 0
18:51 743.2 .28 80 1.79 0
18:52 743.2 .28 80 1.79 0
18:53 743.2 .28 80 3.13 0
18:54 743.2 .28 80 1.79 0
18:55 743.2 .22 80 3.58 0
18:56 743.2 .22 80 3.13 0
18:57 743.46 .22 80 2.68 0
18:58 743.46 .22 80 .89 0
18:59 743.46 .22 80 3.13 0
19:00 743.46 .22 80 3.58 0
19:01 743.46 .22 80 4.02 0
19:02 743.46 .22 80 1.34 0
19:03 743.46 .22 80 3.13 0
19:04 743.46 .22 80 2.24 0
19:05 743.46 .22 80 3.13 0
19:06 743.46 .22 80 2.24 0
19:07 743.46 .22 80 2.24 0
19:08 743.46 .22 80 3.58 0
19:09 743.46 .22 80 3.13 0
19:10 743.46 .22 80 3.58 0
19:11 743.46 .22 80 1.34 0
19:12 743.46 .22 80 2.68 0
19:13 743.46 .22 80 3.13 0
19:14 743.46 .17 80 3.13 0
19:15 743.46 .22 80 4.02 0
19:16 743.71 .17 80 3.13 0
19:17 743.71 .17 80 3.13 0
19:18 743.71 .22 80 3.58 0
19:19 743.71 .17 80 3.13 0
19:20 743.71 .17 80 1.79 0
19:21 743.71 .17 80 4.02 0
19:22 743.71 .17 80 2.24 0
19:23 743.71 .17 80 3.13 0
19:24 743.71 .17 80 4.02 0
19:25 743.71 .17 80 1.34 0
19:26 743.71 .17 80 2.68 0
19:27 743.71 .17 80 3.58 0
19:28 743.71 .17 80 3.13 0
19:29 743.71 .17 80 2.24 0
19:30 743.71 .17 80 2.68 0
19:31 743.71 .17 80 1.79 0
19:32 743.71 .17 80 1.79 0
19:33 743.71 .17 80 3.13 0
19:34 743.71 .17 80 1.79 0
19:35 743.71 .17 80 3.13 0
19:36 743.71 .17 80 2.24 0
19:37 743.71 .17 80 2.68 0
19:38 743.71 .17 80 2.68 0
19:39 743.71 .17 80 1.34 0
19:40 743.97 .17 80 2.68 0
19:41 743.97 .17 80 3.13 0
19:42 743.97 .11 80 4.02 0
19:43 743.97 .17 80 3.13 0
19:44 743.97 .11 80 1.79 0
19:45 743.97 .17 80 5.81 0
19:46 743.97 .11 80 4.02 0
19:47 743.97 .11 80 2.24 0
19:48 743.97 .17 80 3.58 0
19:49 743.97 .17 80 4.47 0
19:50 743.97 .11 80 3.13 0
19:51 743.97 .11 80 4.02 0
19:52 743.97 .11 80 3.58 0
19:53 744.22 .11 80 1.34 0
19:54 744.22 .17 80 3.13 0
19:55 744.22 .11 80 4.47 0
19:56 744.22 .11 80 5.36 0
19:57 744.22 .11 80 4.47 0
19:58 744.22 .11 80 2.68 0
19:59 744.22 .11 80 2.68 0
20:00 744.22 .11 80 1.79 0
20:01 744.22 .11 80 1.34 0
20:02 744.22 .06 80 3.58 0
20:03 744.22 .06 80 4.47 0
20:04 744.22 .11 80 4.47 0
20:05 744.22 .11 80 4.02 0
20:06 744.22 .11 80 4.02 0
20:07 744.22 .06 80 2.68 0
20:08 744.22 .06 80 1.79 0
20:09 744.22 .06 80 2.68 0
20:10 744.22 .06 80 2.68 0
20:11 744.22 .06 80 4.47 0
20:12 744.47 .06 80 1.34 0
20:13 744.47 .06 80 2.68 0
20:14 744.47 .06 80 2.24 0
20:15 744.47 .06 80 1.79 0
20:16 744.47 .06 80 2.24 0
20:17 744.47 .06 80 3.13 0
20:18 744.47 .06 80 3.13 0
20:19 744.47 .06 80 2.24 0
20:20 744.47 .06 80 4.02 0
20:21 744.47 .06 80 1.34 0
20:22 744.47 .06 80 4.02 0
20:23 744.47 .06 80 2.68 0
20:24 744.47 .06 80 4.02 0
20:25 744.73 .06 80 4.47 0
20:26 744.47 .06 80 3.58 0
20:27 744.47 .06 80 4.02 0
20:28 744.73 0 80 1.79 0
20:29 744.73 .06 80 2.68 0
20:30 744.73 .06 80 3.13 0
20:31 744.73 .06 80 1.79 0
20:32 744.73 .06 80 4.47 0
20:33 744.73 .06 80 2.24 0
20:34 744.73 .06 80 4.02 0
20:35 744.73 .06 80 3.58 0
20:36 744.73 .06 80 1.79 0
20:37 744.73 0 80 4.02 0
20:38 744.73 0 80 3.13 0
20:39 744.73 0 80 3.58 0
20:40 744.73 0 80 3.58 0
20:41 744.73 0 80 3.58 0
20:42 744.73 0 80 3.13 0
20:43 744.73 .06 80 3.58 0
20:44 744.98 0 80 2.24 0
20:45 744.73 0 80 3.58 0
20:46 744.73 0 80 3.58 0
20:47 744.73 0 80 4.02 0
20:48 744.73 0 80 2.68 0
20:49 744.98 -.06 80 1.34 0
20:50 744.98 -.06 80 1.34 0
20:51 744.98 0 80 .89 0
20:52 744.98 0 80 1.79 0
20:53 744.98 -.06 80 2.24 0
20:54 744.98 -.06 80 2.24 0
20:55 744.98 -.06 80 2.24 0
20:56 744.98 -.06 80 1.34 0
20:57 744.98 -.06 80 1.79 0
20:58 744.98 -.06 80 2.68 0
20:59 744.98 -.06 80 3.58 0
21:00 744.98 -.06 80 4.47 0
21:01 744.98 -.06 80 2.68 0
21:02 744.98 -.06 80 4.02 0
21:03 744.98 -.06 80 4.02 0
21:04 744.98 -.06 79 3.58 0
21:05 744.98 -.06 80 2.24 0
21:06 744.98 -.06 79 2.68 0
21:07 744.98 -.06 80 4.92 0
21:08 744.98 -.06 79 4.47 0
21:09 744.98 -.06 79 4.02 0
21:10 744.98 -.06 79 2.24 0
21:11 744.98 -.06 79 3.13 0
21:12 744.98 -.06 79 4.02 0
21:13 744.98 -.06 80 4.47 0
21:14 745.24 -.06 79 4.47 0
21:15 745.24 -.06 80 1.34 0
21:16 745.24 -.06 79 1.34 0
21:17 745.24 -.06 79 2.24 0
21:18 745.24 -.06 79 3.13 0
21:19 744.98 -.06 79 .89 0
21:20 745.24 -.06 79 2.68 0
21:21 745.24 -.06 79 4.92 0
21:22 745.24 -.11 79 2.24 0
21:23 745.24 -.06 79 3.13 0
21:24 745.24 -.06 80 .89 0
21:25 745.24 -.11 80 1.79 0
21:26 745.24 -.06 80 3.58 0
21:27 745.24 -.11 79 3.13 0
21:28 745.24 -.06 79 1.79 0
21:29 745.24 -.11 79 2.24 0
21:30 745.24 -.11 80 3.13 0
21:31 745.24 -.11 79 1.34 0
21:32 745.24 -.11 79 3.13 0
21:33 745.24 -.11 79 3.58 0
21:34 745.24 -.11 80 3.58 0
21:35 745.24 -.11 79 4.47 0
21:36 745.24 -.11 79 2.24 0
21:37 745.24 -.11 79 1.79 0
21:38 745.24 -.11 79 2.24 0
21:39 745.24 -.11 80 1.79 0
21:40 745.24 -.11 80 2.24 0
21:41 745.24 -.11 80 4.02 0
21:42 745.24 -.17 80 3.58 0
21:43 745.24 -.17 80 2.68 0
21:44 745.24 -.17 80 3.58 0
21:45 745.24 -.17 80 4.02 0
21:46 745.24 -.17 80 3.13 0
21:47 745.49 -.22 80 1.34 0
21:48 745.49 -.22 80 2.24 0
21:49 745.49 -.17 80 3.13 0
21:50 745.49 -.22 80 .45 0
21:51 745.49 -.22 80 2.24 0
21:52 745.49 -.22 80 2.68 0
21:53 745.49 -.22 80 3.13 0
21:54 745.49 -.22 80 4.02 0
21:55 745.49 -.22 80 4.47 0
21:56 745.49 -.28 80 4.92 0
21:57 745.49 -.28 80 3.13 0
21:58 745.49 -.28 80 4.47 0
21:59 745.49 -.28 81 1.79 0
22:00 745.49 -.33 81 1.34 0
22:01 745.49 -.33 81 4.92 0
22:02 745.49 -.33 81 3.13 0
22:03 745.49 -.33 81 2.24 0
22:04 745.49 -.33 81 4.02 0
22:05 745.49 -.33 81 2.24 0
22:06 745.49 -.33 81 1.79 0
22:07 745.74 -.33 81 .89 0
22:08 745.74 -.39 81 5.81 0
22:09 745.74 -.39 82 4.47 0
22:10 745.49 -.44 82 2.68 0
22:11 745.74 -.39 82 2.24 0
22:12 745.74 -.44 82 4.02 0
22:13 745.74 -.44 82 2.68 0
22:14 745.74 -.44 82 2.68 0
22:15 745.74 -.5 82 4.02 0
22:16 745.74 -.5 83 1.34 0
22:17 745.49 -.5 83 4.02 0
22:18 745.49 -.56 83 2.24 0
22:19 745.49 -.56 83 4.02 0
22:20 745.74 -.56 83 2.24 0
22:21 745.74 -.56 83 2.24 0
22:22 745.74 -.56 83 2.24 0
22:23 745.74 -.56 84 3.13 0
22:24 745.74 -.61 84 1.79 0
22:25 745.74 -.61 84 3.13 0
22:26 745.74 -.61 84 1.34 0
22:27 745.74 -.61 84 4.02 0
22:28 745.74 -.61 84 2.68 0
22:29 745.74 -.67 84 2.24 0
22:30 745.74 -.67 84 4.02 0
22:31 745.74 -.67 84 2.24 0
22:32 745.74 -.67 84 4.02 0
22:33 745.74 -.67 84 4.02 0
22:34 745.74 -.72 84 4.02 0
22:35 745.74 -.67 84 2.68 0
22:36 745.74 -.72 84 2.24 0
22:37 745.74 -.72 84 3.13 0
22:38 745.74 -.72 84 2.24 0
22:39 745.74 -.72 84 2.68 0
22:40 746 -.72 84 2.24 0
22:41 746 -.72 84 3.58 0
22:42 746 -.72 84 3.58 0
22:43 746 -.72 84 2.24 0
22:44 746 -.72 84 2.24 0
22:45 746 -.72 84 1.79 0
22:46 746 -.72 84 3.13 0
22:47 746 -.72 84 4.02 0
22:48 746 -.72 84 2.24 0
22:49 746 -.72 84 1.79 0
22:50 746 -.78 84 1.79 0
22:51 746 -.72 84 1.34 0
22:52 746 -.72 84 1.79 0
22:53 746 -.78 84 1.79 0
22:54 746 -.78 84 3.13 0
22:55 746 -.78 84 3.58 0
22:56 746 -.78 84 3.13 0
22:57 746 -.78 84 1.34 0
22:58 746 -.78 84 1.79 0
22:59 746 -.78 84 1.79 0
23:00 746 -.78 84 1.34 0
23:01 746 -.78 84 .89 0
23:02 746 -.78 84 1.34 0
23:03 746 -.78 84 1.34 0
23:04 746 -.83 84 1.34 0
23:05 746 -.78 85 .89 0
23:06 746 -.78 85 .45 0
23:07 746 -.83 85 .89 0
23:08 746 -.78 85 1.34 0
23:09 746 -.83 85 .89 0
23:10 746 -.83 85 1.34 0
23:11 746 -.83 85 .89 0
23:12 746 -.83 85 1.34 0
23:13 746 -.83 85 .45 0
23:14 746.25 -.83 85 .45 0
23:15 746.25 -.83 85 .45 0
23:16 746.25 -.83 85 .45 0
23:17 746.25 -.83 85 1.34 0
23:18 746.25 -.83 85 1.34 0
23:19 746.25 -.83 85 .89 0
23:20 746.25 -.89 85 .89 0
23:21 746.25 -.89 85 2.24 0
23:22 746.25 -.83 85 1.79 0
23:23 746.25 -.89 85 1.79 0
23:24 746.25 -.89 85 .89 0
23:25 746.25 -.89 85 1.34 0
23:26 746.25 -.89 85 1.79 0
23:27 746.25 -.89 85 .89 0
23:28 746.25 -.89 85 .89 0
23:29 746.51 -.89 85 0 0
23:30 746.51 -.89 85 1.34 0
23:31 746.51 -.89 85 .45 0
23:32 746.51 -.89 85 .89 0
23:33 746.51 -.89 85 1.79 0
23:34 746.51 -.89 85 1.79 0
23:35 746.51 -.89 85 1.34 0
23:36 746.51 -.89 85 2.24 0
23:37 746.51 -.94 85 1.34 0
23:38 746.51 -.94 85 1.79 0
23:39 746.51 -.94 85 3.13 0
23:40 746.51 -.94 85 3.13 0
23:41 746.51 -.94 85 2.24 0
23:42 746.51 -.94 85 1.34 0
23:43 746.51 -.89 85 2.24 0
23:44 746.51 -.94 85 2.24 0
23:45 746.51 -.89 85 1.79 0
23:46 746.51 -.94 85 1.34 0
23:47 746.51 -.94 85 1.79 0
23:48 746.76 -.94 85 1.34 0
23:49 746.51 -.89 85 2.24 0
23:50 746.76 -.89 85 2.24 0
23:51 746.76 -.94 85 1.79 0
23:52 746.76 -.94 85 2.24 0
23:53 746.51 -.94 85 2.24 0
23:54 746.76 -.94 85 2.24 0
23:55 746.76 -1 85 1.79 0
23:56 746.76 -1 85 1.79 0
23:57 746.76 -1 85 2.24 0
23:58 746.76 -1 85 1.79 0
23:59 746.76 -1 85 2.24 0
