00:00 741.43 6 48 1.34 0
00:01 741.43 6.06 48 .89 0
00:02 741.43 6 49 .45 0
00:03 741.43 6.06 49 .45 0
00:04 741.43 6 49 .45 0
00:05 741.43 6.06 49 .89 0
00:06 741.43 6.06 49 .89 0
00:07 741.43 6.06 48 .89 0
00:08 741.43 6.06 49 .89 0
00:09 741.43 6.11 49 .45 0
00:10 741.43 6.11 49 .89 0
00:11 741.43 6.11 48 .45 0
00:12 741.43 6.17 49 .45 0
00:13 741.43 6.17 49 .89 0
00:14 741.43 6.17 48 .45 0
00:15 741.43 6.17 48 .45 0
00:16 741.43 6.22 49 .89 0
00:17 741.43 6.17 48 .89 0
00:18 741.43 6.22 48 1.34 0
00:19 741.43 6.22 48 .89 0
00:20 741.43 6.22 48 .89 0
00:21 741.43 6.22 48 1.34 0
00:22 741.43 6.28 47 .89 0
00:23 741.43 6.33 48 1.34 0
00:24 741.43 6.33 48 1.34 0
00:25 741.43 6.33 48 .89 0
00:26 741.43 6.39 49 1.34 0
00:27 741.43 6.39 48 .89 0
00:28 741.43 6.39 48 .89 0
00:29 741.43 6.39 48 .45 0
00:30 741.43 6.39 47 1.34 0
00:31 741.43 6.44 48 .89 0
00:32 741.43 6.44 48 .89 0
00:33 741.43 6.44 48 .89 0
00:34 741.43 6.44 48 .89 0
00:35 741.43 6.44 48 .89 0
00:36 741.43 6.44 48 1.34 0
00:37 741.43 6.44 48 2.68 0
00:38 741.43 6.44 47 .89 0
00:39 741.43 6.44 48 .89 0
00:40 741.43 6.44 48 1.34 0
00:41 741.43 6.44 48 .89 0
00:42 741.43 6.44 48 .45 0
00:43 741.43 6.44 48 1.34 0
00:44 741.43 6.39 48 1.34 0
00:45 741.43 6.39 48 .89 0
00:46 741.43 6.33 48 .89 0
00:47 741.43 6.33 49 .89 0
00:48 741.43 6.33 49 .45 0
00:49 741.17 6.33 49 .89 0
00:50 741.43 6.33 49 .89 0
00:51 741.17 6.33 49 .89 0
00:52 741.43 6.28 49 .89 0
00:53 741.43 6.28 50 .89 0
00:54 741.43 6.28 50 .89 0
00:55 741.43 6.28 50 .89 0
00:56 741.43 6.22 50 .89 0
00:57 741.43 6.22 50 .89 0
00:58 741.17 6.22 50 .89 0
00:59 741.43 6.22 50 .89 0
01:00 741.43 6.22 50 .89 0
01:01 741.43 6.22 50 .89 0
01:02 741.43 6.22 50 .89 0
01:03 741.17 6.22 50 .89 0
01:04 741.43 6.17 50 .89 0
01:05 741.17 6.17 49 .45 0
01:06 741.17 6.17 50 .45 0
01:07 741.17 6.17 50 .89 0
01:08 741.17 6.17 49 .89 0
01:09 741.17 6.17 49 .89 0
01:10 741.17 6.17 49 .89 0
01:11 741.17 6.17 49 1.34 0
01:12 741.17 6.11 49 1.34 0
01:13 741.17 6.11 49 .89 0
01:14 741.17 6.11 49 .89 0
01:15 741.17 6.11 49 .89 0
01:16 741.17 6.11 50 .89 0
01:17 741.17 6.11 50 .89 0
01:18 741.17 6.11 50 .89 0
01:19 741.17 6.11 50 .89 0
01:20 741.17 6.17 50 .89 0
01:21 741.17 6.11 50 .89 0
01:22 741.17 6.11 50 1.34 0
01:23 741.17 6.11 50 1.34 0
01:24 741.17 6.17 50 .89 0
01:25 741.17 6.17 50 1.34 0
01:26 741.17 6.17 50 .45 0
01:27 741.17 6.11 50 .89 0
01:28 741.17 6.11 51 .89 0
01:29 741.17 6.17 51 .89 0
01:30 741.17 6.11 51 .89 0
01:31 741.17 6.17 51 .45 0
01:32 741.17 6.11 51 .45 0
01:33 741.17 6.17 51 .45 0
01:34 741.17 6.17 51 .89 0
01:35 741.17 6.17 51 .89 0
01:36 741.17 6.17 51 .89 0
01:37 741.17 6.17 51 .89 0
01:38 741.17 6.17 51 .89 0
01:39 741.17 6.17 51 .89 0
01:40 741.17 6.17 51 .45 0
01:41 741.17 6.17 51 .89 0
01:42 741.17 6.17 51 .45 0
01:43 741.17 6.17 51 1.34 0
01:44 741.17 6.17 51 .45 0
01:45 741.17 6.17 51 .45 0
01:46 741.17 6.17 51 .89 0
01:47 741.17 6.17 51 .89 0
01:48 741.17 6.11 51 .89 0
01:49 741.17 6.17 51 .89 0
01:50 741.17 6.11 51 .89 0
01:51 741.17 6.17 51 .89 0
01:52 741.17 6.11 51 .89 0
01:53 741.17 6.11 51 .45 0
01:54 741.17 6.11 51 .45 0
01:55 741.17 6.11 51 .89 0
01:56 741.17 6.11 52 .45 0
01:57 741.17 6.06 52 .89 0
01:58 741.17 6.06 52 .45 0
01:59 741.17 6.06 52 .89 0
02:00 741.17 6.06 51 .89 0
02:01 741.17 6.06 52 1.34 0
02:02 740.92 6 52 .89 0
02:03 741.17 6 52 1.34 0
02:04 741.17 6 52 .89 0
02:05 741.17 6 51 .89 0
02:06 741.17 6 52 .89 0
02:07 741.17 5.94 52 .45 0
02:08 741.17 6 52 .89 0
02:09 741.17 6 52 .45 0
02:10 741.17 5.94 52 .89 0
02:11 741.17 5.94 52 .89 0
02:12 741.17 5.94 53 .45 0
02:13 741.17 5.94 53 .89 0
02:14 741.17 6 53 .89 0
02:15 741.17 5.94 53 .89 0
02:16 741.17 5.94 52 .89 0
02:17 740.92 5.94 52 .89 0
02:18 741.17 5.94 52 .89 0
02:19 741.17 5.94 52 1.34 0
02:20 741.17 5.94 52 1.79 0
02:21 740.92 5.94 53 .89 0
02:22 741.17 5.94 53 .89 0
02:23 741.17 5.89 53 1.34 0
02:24 741.17 5.89 53 .89 0
02:25 740.92 5.94 53 1.34 0
02:26 740.92 5.89 53 .89 0
02:27 740.92 5.89 53 .89 0
02:28 740.92 5.89 53 .89 0
02:29 741.17 5.89 53 .89 0
02:30 740.92 5.89 53 .89 0
02:31 740.92 5.89 53 1.34 0
02:32 740.92 5.83 53 1.34 0
02:33 740.92 5.83 53 1.34 0
02:34 740.92 5.89 53 1.34 0
02:35 740.92 5.83 53 1.34 0
02:36 740.92 5.89 53 1.34 0
02:37 740.92 5.83 53 1.34 0
02:38 740.92 5.89 53 1.34 0
02:39 740.92 5.89 53 .89 0
02:40 740.92 5.83 54 1.34 0
02:41 740.92 5.83 54 .45 0
02:42 740.92 5.83 54 1.34 0
02:43 740.92 5.83 54 1.34 0
02:44 740.92 5.83 54 1.34 0
02:45 740.92 5.89 54 .89 0
02:46 740.92 5.83 54 1.34 0
02:47 740.92 5.83 54 1.34 0
02:48 740.92 5.83 54 1.34 0
02:49 740.92 5.83 54 1.34 0
02:50 740.92 5.83 55 1.34 0
02:51 740.92 5.83 54 1.34 0
02:52 740.92 5.83 55 .45 0
02:53 740.92 5.83 55 .89 0
02:54 740.92 5.83 55 .89 0
02:55 740.92 5.83 55 .89 0
02:56 740.92 5.83 55 .89 0
02:57 740.92 5.83 55 .89 0
02:58 740.92 5.83 55 1.34 0
02:59 740.92 5.83 55 1.34 0
03:00 740.92 5.83 55 .89 0
03:01 740.92 5.83 55 .45 0
03:02 740.92 5.83 55 .45 0
03:03 740.92 5.83 55 .45 0
03:04 740.92 5.83 55 .45 0
03:05 740.92 5.83 56 .89 0
03:06 740.92 5.83 56 .89 0
03:07 740.92 5.83 56 1.34 0
03:08 740.92 5.83 55 .89 0
03:09 740.92 5.89 56 .89 0
03:10 740.92 5.89 56 .45 0
03:11 740.92 5.89 56 .45 0
03:12 740.92 5.89 56 .89 0
03:13 740.92 5.94 56 1.34 0
03:14 740.92 5.94 55 .89 0
03:15 740.92 6 55 .45 0
03:16 740.92 6 56 .45 0
03:17 740.92 6 55 .89 0
03:18 740.92 6.06 55 .45 0
03:19 740.92 6 56 1.34 0
03:20 740.92 6.06 55 .89 0
03:21 740.92 6.06 55 1.79 0
03:22 740.92 6.06 55 .89 0
03:23 740.92 6.06 55 1.79 0
03:24 740.92 6.06 55 1.34 0
03:25 740.92 6.11 55 .89 0
03:26 740.92 6.11 55 1.34 0
03:27 740.92 6.11 55 .45 0
03:28 740.92 6.11 55 .89 0
03:29 740.92 6.11 55 1.79 0
03:30 740.92 6.17 55 1.79 0
03:31 740.92 6.11 55 .89 0
03:32 740.92 6.17 55 1.79 0
03:33 740.92 6.17 55 1.79 0
03:34 740.92 6.17 55 2.24 0
03:35 740.92 6.17 55 2.68 0
03:36 740.92 6.22 55 .89 0
03:37 740.92 6.17 55 .89 0
03:38 740.92 6.22 55 .89 0
03:39 740.92 6.22 55 1.79 0
03:40 740.92 6.22 55 .89 0
03:41 740.92 6.22 55 1.79 0
03:42 740.92 6.28 55 .45 0
03:43 740.92 6.22 55 .45 0
03:44 740.92 6.28 55 1.79 0
03:45 740.92 6.28 55 1.79 0
03:46 740.92 6.22 55 1.79 0
03:47 740.92 6.28 55 1.79 0
03:48 740.92 6.28 55 .45 0
03:49 740.92 6.28 55 .45 0
03:50 740.66 6.28 55 .45 0
03:51 740.66 6.28 55 .45 0
03:52 740.66 6.28 55 .89 0
03:53 740.92 6.28 55 .89 0
03:54 740.92 6.28 55 .45 0
03:55 740.66 6.28 55 1.79 0
03:56 740.92 6.28 55 .89 0
03:57 740.66 6.33 55 .89 0
03:58 740.92 6.28 55 1.34 0
03:59 740.66 6.28 55 1.34 0
04:00 740.92 6.28 55 .45 0
04:01 740.92 6.28 56 1.79 0
04:02 740.92 6.33 55 .45 0
04:03 740.66 6.33 55 .45 0
04:04 740.92 6.28 56 1.34 0
04:05 740.92 6.33 56 1.79 0
04:06 740.92 6.33 56 1.79 0
04:07 740.92 6.33 56 1.34 0
04:08 740.92 6.33 56 1.34 0
04:09 740.92 6.33 56 1.34 0
04:10 740.92 6.33 56 0 0
04:11 740.92 6.33 57 0 0
04:12 740.92 6.28 57 2.24 0
04:13 740.92 6.33 56 0 0
04:14 740.92 6.33 57 1.79 0
04:15 740.92 6.33 57 0 0
04:16 740.92 6.33 57 1.34 0
04:17 740.66 6.33 56 2.24 0
04:18 740.66 6.33 56 .45 0
04:19 740.66 6.28 56 2.24 0
04:20 740.66 6.33 56 .89 0
04:21 740.66 6.33 56 .89 0
04:22 740.92 6.28 57 .89 0
04:23 740.66 6.28 57 1.79 0
04:24 740.92 6.33 56 2.24 0
04:25 740.92 6.33 56 .89 0
04:26 740.92 6.33 56 1.34 0
04:27 740.92 6.33 56 1.34 0
04:28 740.66 6.33 56 .89 0
04:29 740.66 6.33 56 .45 0
04:30 740.66 6.33 56 1.34 0
04:31 740.66 6.33 56 1.79 0
04:32 740.92 6.33 56 1.79 0
04:33 740.66 6.33 56 2.24 0
04:34 740.66 6.39 56 1.34 0
04:35 740.66 6.33 56 1.79 0
04:36 740.66 6.39 56 .45 0
04:37 740.66 6.39 57 .45 0
04:38 740.66 6.39 57 1.34 0
04:39 740.66 6.39 56 1.79 0
04:40 740.66 6.39 57 .89 0
04:41 740.66 6.39 57 1.79 0
04:42 740.66 6.44 57 .89 0
04:43 740.66 6.44 57 .89 0
04:44 740.66 6.44 58 2.24 0
04:45 740.66 6.39 58 1.34 0
04:46 740.66 6.39 58 1.34 0
04:47 740.66 6.44 58 1.34 0
04:48 740.66 6.44 59 1.34 0
04:49 740.66 6.39 59 .89 0
04:50 740.66 6.39 60 .89 0
04:51 740.66 6.39 60 .89 0
04:52 740.66 6.33 61 .89 0
04:53 740.66 6.39 61 .45 0
04:54 740.66 6.33 62 .89 0
04:55 740.66 6.28 61 .89 0
04:56 740.66 6.28 62 1.34 0
04:57 740.66 6.28 62 1.34 0
04:58 740.66 6.22 62 1.34 0
04:59 740.66 6.22 62 2.24 0
05:00 740.66 6.17 64 .89 0
05:01 740.66 6.17 64 .45 0
05:02 740.66 6.17 64 .89 0
05:03 740.66 6.11 64 1.34 0
05:04 740.66 6.11 64 1.34 0
05:05 740.66 6.17 63 .45 0
05:06 740.66 6.17 64 1.34 0
05:07 740.66 6.17 64 .45 0
05:08 740.66 6.17 65 .89 0
05:09 740.66 6.22 64 .89 0
05:10 740.66 6.17 64 .45 0
05:11 740.66 6.22 65 0 0
05:12 740.66 6.17 65 0 0
05:13 740.66 6.17 65 .45 0
05:14 740.66 6.17 65 .45 0
05:15 740.66 6.17 65 .89 0
05:16 740.66 6.17 65 .45 0
05:17 740.66 6.17 66 .89 0
05:18 740.66 6.11 66 .89 0
05:19 740.66 6.11 65 .89 0
05:20 740.66 6.17 66 1.34 0
05:21 740.66 6.17 66 1.79 0
05:22 740.66 6.11 65 1.79 0
05:23 740.66 6.11 65 .89 0
05:24 740.66 6.11 65 .89 0
05:25 740.66 6.11 66 1.34 0
05:26 740.66 6.17 65 .89 0
05:27 740.66 6.17 66 .89 0
05:28 740.66 6.17 66 1.34 0
05:29 740.41 6.17 65 1.79 0
05:30 740.66 6.17 65 .45 0
05:31 740.66 6.17 66 .89 0
05:32 740.66 6.17 66 1.34 0
05:33 740.66 6.17 65 .89 0
05:34 740.66 6.17 65 .89 0
05:35 740.66 6.17 66 .89 0
05:36 740.66 6.17 66 .89 0
05:37 740.66 6.17 66 .89 0
05:38 740.66 6.17 66 .89 0
05:39 740.66 6.17 66 .89 0
05:40 740.66 6.17 66 .45 0
05:41 740.66 6.17 66 .45 0
05:42 740.66 6.17 66 .45 0
05:43 740.66 6.17 67 .45 0
05:44 740.66 6.17 66 1.79 0
05:45 740.66 6.17 66 .45 0
05:46 740.66 6.17 67 1.34 0
05:47 740.66 6.17 67 .89 0
05:48 740.66 6.17 67 .89 0
05:49 740.66 6.17 67 2.24 0
05:50 740.66 6.17 67 1.79 0
05:51 740.66 6.11 67 1.34 0
05:52 740.66 6.11 68 1.79 0
05:53 740.66 6.11 68 1.79 0
05:54 740.66 6.11 68 1.34 0
05:55 740.66 6.11 68 1.34 0
05:56 740.66 6.11 68 1.34 0
05:57 740.66 6.06 68 1.34 0
05:58 740.66 6.11 68 1.34 0
05:59 740.66 6.06 68 .45 0
06:00 740.66 6.11 69 1.79 0
06:01 740.66 6.06 68 .89 0
06:02 740.66 6.06 69 2.24 0
06:03 740.66 6.06 68 .89 0
06:04 740.66 6 69 1.34 0
06:05 740.66 6 69 1.34 0
06:06 740.66 5.94 69 .89 0
06:07 740.66 6 69 2.24 0
06:08 740.66 5.94 69 2.68 0
06:09 740.66 5.94 69 .89 0
06:10 740.66 5.94 69 1.34 0
06:11 740.66 5.94 69 1.79 0
06:12 740.66 5.94 69 .89 0
06:13 740.66 5.94 69 .89 0
06:14 740.66 5.94 70 1.79 0
06:15 740.66 5.94 69 1.79 0
06:16 740.66 5.94 70 1.79 0
06:17 740.66 5.94 70 .45 0
06:18 740.66 5.94 70 1.79 0
06:19 740.66 5.94 70 1.79 0
06:20 740.66 5.94 70 1.34 0
06:21 740.66 5.94 71 .89 0
06:22 740.66 5.94 71 .89 0
06:23 740.66 5.94 71 .45 0
06:24 740.66 5.94 71 1.79 0
06:25 740.66 5.94 71 1.79 0
06:26 740.66 5.94 72 1.79 0
06:27 740.66 5.94 72 1.79 0
06:28 740.66 5.94 72 1.79 0
06:29 741.93 6.06 68 3.13 0
06:30 740.66 5.94 72 1.79 0
06:31 740.66 5.89 72 1.79 0
06:32 740.66 5.89 72 2.24 0
06:33 740.66 5.89 73 1.34 0
06:34 740.66 5.89 72 2.24 0
06:35 740.66 5.89 73 3.13 0
06:36 740.66 5.89 73 1.34 0
06:37 740.66 5.89 72 1.34 0
06:38 740.66 5.89 73 .89 0
06:39 740.41 5.94 73 2.68 0
06:40 740.66 5.94 73 2.24 0
06:41 740.66 5.89 73 2.24 0
06:42 740.66 5.89 73 .45 0
06:43 740.66 5.89 73 1.34 0
06:44 740.66 5.89 73 1.79 0
06:45 740.66 5.89 73 3.13 0
06:46 740.66 5.94 74 1.79 0
06:47 740.66 5.89 74 2.24 0
06:48 740.66 5.89 74 .89 0
06:49 740.66 5.89 74 1.79 0
06:50 740.66 5.89 74 .89 0
06:51 740.66 5.94 74 1.79 0
06:52 740.66 5.94 74 1.79 0
06:53 740.66 5.94 74 2.68 0
06:54 740.66 5.94 74 1.79 0
06:55 740.66 5.94 74 1.79 0
06:56 740.66 5.89 74 1.79 0
06:57 740.66 5.94 74 1.34 0
06:58 740.66 5.94 74 2.68 0
06:59 740.66 5.94 74 2.68 0
07:00 740.41 5.94 74 2.68 0
07:01 740.41 5.94 74 1.79 0
07:02 740.41 5.94 74 .45 0
07:03 740.41 5.94 75 1.34 0
07:04 740.41 5.94 75 .89 0
07:05 740.41 5.94 75 .89 0
07:06 740.41 5.94 75 1.79 0
07:07 740.41 6 75 1.79 0
07:08 740.41 5.94 75 2.68 0
07:09 740.41 6 75 2.24 0
07:10 740.41 6 75 1.79 0
07:11 740.41 6 75 1.34 0
07:12 740.41 6.06 75 2.68 0
07:13 740.41 6.06 75 .89 0
07:14 740.41 6.06 75 2.68 0
07:15 740.41 6.11 75 2.24 0
07:16 740.41 6.11 75 1.79 0
07:17 740.41 6.11 75 2.68 0
07:18 740.41 6.17 75 3.13 0
07:19 740.41 6.17 75 3.13 0
07:20 740.41 6.17 75 1.79 0
07:21 740.41 6.22 75 2.24 0
07:22 740.41 6.22 74 2.68 0
07:23 740.41 6.22 74 2.24 0
07:24 740.41 6.22 74 3.58 0
07:25 740.41 6.28 74 2.24 0
07:26 740.41 6.28 74 2.68 0
07:27 740.41 6.28 74 1.79 0
07:28 740.41 6.28 74 2.68 0
07:29 740.41 6.33 74 3.13 0
07:30 740.41 6.28 74 3.58 0
07:31 740.41 6.33 74 4.02 0
07:32 740.41 6.33 74 3.13 0
07:33 740.41 6.33 74 2.68 0
07:34 740.41 6.33 74 0 0
07:35 740.41 6.33 74 4.47 0
07:36 740.41 6.39 74 1.79 0
07:37 740.41 6.39 74 2.68 0
07:38 740.41 6.39 74 1.79 0
07:39 740.41 6.44 74 3.58 0
07:40 740.41 6.44 73 .45 0
07:41 740.41 6.5 73 2.68 0
07:42 740.41 6.5 73 3.13 0
07:43 740.41 6.5 73 1.79 0
07:44 740.41 6.56 73 2.68 0
07:45 740.41 6.56 73 2.24 0
07:46 740.41 6.56 73 4.92 0
07:47 740.16 6.61 72 3.58 0
07:48 740.41 6.61 72 2.24 0
07:49 740.16 6.67 73 4.92 0
07:50 740.41 6.67 73 .89 0
07:51 740.16 6.67 72 3.13 0
07:52 740.16 6.67 72 3.13 0
07:53 740.16 6.67 72 3.13 0
07:54 740.16 6.67 73 3.58 0
07:55 740.16 6.67 72 3.13 0
07:56 740.16 6.67 72 2.68 0
07:57 740.16 6.67 72 2.24 0
07:58 740.16 6.72 72 2.24 0
07:59 740.16 6.67 73 .89 0
08:00 740.16 6.67 73 3.13 0
08:01 740.16 6.72 73 3.58 0
08:02 740.16 6.72 73 5.81 0
08:03 740.16 6.67 73 2.68 0
08:04 740.16 6.67 73 3.13 0
08:05 740.16 6.67 73 3.58 0
08:06 740.16 6.67 73 4.02 0
08:07 740.16 6.67 73 3.13 0
08:08 740.16 6.61 73 4.02 0
08:09 740.16 6.61 73 3.13 0
08:10 740.16 6.56 73 2.68 0
08:11 740.16 6.56 73 5.36 0
08:12 740.16 6.5 74 1.79 0
08:13 740.16 6.5 74 3.58 0
08:14 740.16 6.5 74 3.58 0
08:15 740.16 6.5 74 4.02 0
08:16 740.16 6.5 74 2.24 0
08:17 740.16 6.5 74 .89 0
08:18 740.16 6.44 74 3.13 0
08:19 740.16 6.44 74 4.02 0
08:20 740.16 6.44 74 2.68 0
08:21 740.16 6.44 74 2.68 0
08:22 740.16 6.44 74 2.68 0
08:23 740.16 6.44 74 3.58 0
08:24 740.16 6.39 74 3.58 0
08:25 740.16 6.39 74 2.68 0
08:26 740.16 6.39 74 .45 0
08:27 740.16 6.39 74 1.34 0
08:28 740.16 6.39 74 1.79 0
08:29 740.16 6.39 75 4.47 0
08:30 740.16 6.39 74 4.47 0
08:31 740.16 6.44 74 4.47 0
08:32 740.16 6.39 74 .89 0
08:33 740.16 6.44 75 1.79 0
08:34 740.16 6.39 75 4.47 0
08:35 740.16 6.39 75 1.79 0
08:36 740.16 6.44 75 1.34 0
08:37 740.16 6.39 75 4.02 0
08:38 740.16 6.39 75 5.36 0
08:39 740.16 6.39 75 3.58 0
08:40 740.16 6.39 75 3.58 0
08:41 740.16 6.33 75 .89 0
08:42 740.16 6.39 75 3.13 0
08:43 740.16 6.33 75 3.58 0
08:44 740.16 6.33 75 1.79 0
08:45 740.16 6.39 75 2.68 0
08:46 740.16 6.33 75 2.24 0
08:47 740.16 6.39 75 .45 0
08:48 740.16 6.33 75 .89 0
08:49 740.16 6.33 75 .89 0
08:50 740.16 6.39 76 .45 0
08:51 740.16 6.39 75 2.24 0
08:52 740.16 6.39 75 3.13 0
08:53 740.16 6.39 76 .45 0
08:54 740.16 6.39 76 2.24 0
08:55 740.16 6.39 76 2.68 0
08:56 740.16 6.39 76 .89 0
08:57 740.16 6.39 76 3.58 0
08:58 740.16 6.39 76 3.58 0
08:59 740.16 6.39 76 2.24 0
09:00 740.16 6.39 76 1.34 0
09:01 740.16 6.39 76 2.24 0
09:02 740.16 6.39 76 2.24 0
09:03 740.16 6.39 76 2.68 0
09:04 740.16 6.39 76 .89 0
09:05 740.16 6.39 76 1.34 0
09:06 740.16 6.39 76 1.34 0
09:07 740.16 6.39 76 3.13 0
09:08 740.16 6.39 76 2.68 0
09:09 740.16 6.39 76 1.79 0
09:10 740.16 6.39 76 3.13 0
09:11 740.41 6.39 76 1.79 0
09:12 740.16 6.39 77 1.79 0
09:13 740.41 6.39 77 .45 0
09:14 740.16 6.39 76 1.79 0
09:15 740.16 6.39 77 2.68 0
09:16 740.16 6.39 76 1.34 0
09:17 740.16 6.44 76 3.13 0
09:18 740.16 6.44 76 3.13 0
09:19 740.16 6.39 76 1.34 0
09:20 740.16 6.44 76 1.34 0
09:21 740.16 6.44 76 3.13 0
09:22 740.16 6.44 76 1.79 0
09:23 740.16 6.5 76 3.13 0
09:24 740.16 6.5 76 1.79 0
09:25 740.16 6.5 76 2.68 0
09:26 740.16 6.56 76 1.34 0
09:27 740.16 6.56 76 4.02 0
09:28 740.16 6.56 76 1.79 0
09:29 740.16 6.56 76 3.13 0
09:30 740.16 6.56 76 1.79 0
09:31 740.16 6.56 76 2.24 0
09:32 740.16 6.56 76 1.79 0
09:33 740.16 6.56 76 1.34 0
09:34 740.16 6.61 76 1.79 0
09:35 740.16 6.61 77 .89 0
09:36 740.16 6.67 76 1.34 0
09:37 740.16 6.67 77 1.34 0
09:38 740.16 6.72 77 1.34 0
09:39 740.16 6.72 76 3.58 0
09:40 740.16 6.78 76 1.34 0
09:41 740.16 6.78 76 1.79 0
09:42 740.16 6.83 76 3.58 0
09:43 740.16 6.89 76 2.24 0
09:44 740.16 6.89 76 .89 0
09:45 740.16 6.94 76 .89 0
09:46 740.16 7.06 76 2.68 0
09:47 740.16 7.11 75 4.92 0
09:48 740.16 7.11 75 3.58 0
09:49 740.16 7.06 75 2.24 0
09:50 740.16 7.06 75 4.92 0
09:51 740.16 7.06 75 2.68 0
09:52 740.16 7.11 76 3.13 0
09:53 740.16 7.11 75 2.68 0
09:54 740.16 7.17 75 1.79 0
09:55 740.16 7.17 76 2.24 0
09:56 740.16 7.22 75 3.13 0
09:57 740.16 7.22 75 .89 0
09:58 740.16 7.28 75 3.58 0
09:59 740.16 7.33 75 3.13 0
10:00 739.9 7.39 75 1.79 0
10:01 740.16 7.44 75 2.68 0
10:02 739.9 7.5 75 2.24 0
10:03 740.16 7.56 75 2.24 0
10:04 740.16 7.67 75 5.81 0
10:05 739.9 7.67 74 4.47 0
10:06 739.9 7.78 74 3.58 0
10:07 739.9 7.78 74 4.47 0
10:08 739.9 7.83 74 3.13 0
10:09 739.9 7.89 74 4.47 0
10:10 739.9 7.89 74 4.92 0
10:11 739.9 7.89 74 3.58 0
10:12 739.9 7.94 73 4.92 0
10:13 739.9 7.94 74 5.36 0
10:14 739.9 8 73 3.13 0
10:15 739.9 8 74 2.68 0
10:16 739.9 8 73 6.26 0
10:17 739.9 8 73 2.24 0
10:18 739.9 8 73 4.02 0
10:19 739.9 8 73 4.02 0
10:20 739.9 7.94 73 3.13 0
10:21 739.9 7.94 73 5.36 0
10:22 739.9 8 73 3.58 0
10:23 739.9 8 73 4.02 0
10:24 739.9 8 74 5.36 0
10:25 739.9 8.06 73 5.81 0
10:26 739.9 8.11 73 1.79 0
10:27 739.9 8.11 73 5.36 0
10:28 739.9 8.11 73 5.36 0
10:29 739.9 8.17 73 4.47 0
10:30 739.9 8.17 73 4.92 0
10:31 739.9 8.28 73 2.24 0
10:32 739.9 8.28 73 2.24 0
10:33 739.9 8.33 73 3.58 0
10:34 739.9 8.39 73 5.81 0
10:35 739.9 8.44 72 4.47 0
10:36 739.9 8.44 73 4.92 0
10:37 739.9 8.44 72 3.58 0
10:38 739.9 8.44 73 2.24 0
10:39 739.9 8.5 73 2.68 0
10:40 739.9 8.5 73 5.36 0
10:41 739.9 8.56 74 3.13 0
10:42 739.9 8.56 73 4.92 0
10:43 739.9 8.61 73 5.81 0
10:44 739.9 8.67 73 4.47 0
10:45 739.9 8.67 73 2.68 0
10:46 739.9 8.72 73 1.79 0
10:47 739.9 8.78 73 .89 0
10:48 739.9 8.83 73 2.68 0
10:49 739.9 8.89 73 2.24 0
10:50 739.9 9 73 2.68 0
10:51 739.9 9.06 72 4.02 0
10:52 739.9 9.06 72 4.02 0
10:53 739.65 9.06 72 2.24 0
10:54 739.65 9.06 72 2.24 0
10:55 739.65 9.11 72 3.13 0
10:56 739.65 9.17 72 6.26 0
10:57 739.9 9.17 71 6.71 0
10:58 739.65 9.22 71 2.24 0
10:59 739.65 9.22 71 3.13 0
11:00 739.65 9.28 71 4.47 0
11:01 739.65 9.33 71 5.81 0
11:02 739.65 9.28 70 3.58 0
11:03 739.65 9.33 70 3.13 0
11:04 739.65 9.33 71 2.24 0
11:05 739.65 9.39 70 1.34 0
11:06 739.65 9.44 71 5.36 0
11:07 739.65 9.56 71 2.24 0
11:08 739.65 9.61 70 6.71 0
11:09 739.65 9.61 70 2.24 0
11:10 739.65 9.67 70 4.02 0
11:11 739.65 9.72 70 2.68 0
11:12 739.65 9.72 70 3.58 0
11:13 739.65 9.72 70 1.34 0
11:14 739.65 9.72 70 2.68 0
11:15 739.65 9.72 70 2.68 0
11:16 739.39 9.78 69 2.68 0
11:17 739.39 9.78 69 1.79 0
11:18 739.65 9.78 69 4.92 0
11:19 739.39 9.83 69 5.81 0
11:20 739.39 9.83 69 3.13 0
11:21 739.39 9.83 69 .89 0
11:22 739.39 9.83 69 5.36 0
11:23 739.39 9.83 68 1.34 0
11:24 739.39 9.89 69 2.68 0
11:25 739.39 9.89 68 4.92 0
11:26 739.39 9.94 69 4.02 0
11:27 739.39 10 68 3.58 0
11:28 739.39 10 68 3.13 0
11:29 739.39 10 68 5.81 0
11:30 739.39 10 68 3.58 0
11:31 739.39 10.06 68 4.92 0
11:32 739.39 10.06 68 5.36 0
11:33 739.39 10.06 67 4.47 0
11:34 739.39 10.11 67 4.92 0
11:35 739.39 10.11 67 4.02 0
11:36 739.39 10.17 67 5.36 0
11:37 739.39 10.22 67 2.68 0
11:38 739.39 10.28 67 6.71 0
11:39 739.39 10.33 67 3.58 0
11:40 739.39 10.44 67 5.36 0
11:41 739.39 10.5 67 6.71 0
11:42 739.39 10.5 66 4.02 0
11:43 739.39 10.5 66 2.24 0
11:44 739.39 10.61 67 1.34 0
11:45 739.39 10.67 66 2.68 0
11:46 739.39 10.78 66 4.02 0
11:47 739.39 10.83 66 6.26 0
11:48 739.39 10.78 65 4.92 0
11:49 739.39 10.78 65 4.02 0
11:50 739.39 10.78 66 2.24 0
11:51 739.39 10.78 66 4.02 0
11:52 739.39 10.78 66 3.13 0
11:53 739.39 10.83 66 4.02 0
11:54 739.39 10.83 66 5.36 0
11:55 739.39 10.78 65 6.26 0
11:56 739.39 10.78 65 3.13 0
11:57 739.39 10.78 65 4.47 0
11:58 739.39 10.72 65 2.68 0
11:59 739.39 10.72 65 4.02 0
12:00 739.39 10.72 65 3.13 0
12:01 739.39 10.67 66 3.13 0
12:02 739.39 10.72 65 4.47 0
12:03 739.39 10.72 65 2.68 0
12:04 739.39 10.72 65 2.68 0
12:05 739.39 10.72 65 5.81 0
12:06 739.39 10.78 65 1.79 0
12:07 739.39 10.78 65 3.58 0
12:08 739.39 10.72 66 4.92 0
12:09 739.39 10.72 66 8.49 0
12:10 739.39 10.67 66 3.58 0
12:11 739.39 10.67 66 3.13 0
12:12 739.39 10.72 66 4.92 0
12:13 739.39 10.72 66 2.24 0
12:14 739.39 10.78 66 2.24 0
12:15 739.39 10.78 66 2.24 0
12:16 739.39 10.83 66 3.58 0
12:17 739.39 10.83 66 4.02 0
12:18 739.39 10.83 66 4.92 0
12:19 739.39 10.78 66 4.47 0
12:20 739.39 10.72 66 4.02 0
12:21 739.39 10.67 66 4.47 0
12:22 739.39 10.67 66 4.02 0
12:23 739.39 10.61 66 2.68 0
12:24 739.39 10.67 66 3.58 0
12:25 739.39 10.67 66 5.36 0
12:26 739.39 10.67 67 1.79 0
12:27 739.39 10.67 67 1.79 0
12:28 739.39 10.67 67 4.47 0
12:29 739.39 10.67 66 6.71 0
12:30 739.39 10.67 66 2.68 0
12:31 739.39 10.61 66 3.13 0
12:32 739.39 10.67 66 3.13 0
12:33 739.39 10.67 66 4.02 0
12:34 739.39 10.61 66 3.58 0
12:35 739.39 10.61 66 5.36 0
12:36 739.39 10.61 66 5.36 0
12:37 739.39 10.61 66 2.68 0
12:38 739.39 10.61 67 .89 0
12:39 739.39 10.61 67 3.13 0
12:40 739.39 10.67 67 2.68 0
12:41 739.39 10.72 67 1.79 0
12:42 739.39 10.78 66 1.79 0
12:43 739.14 10.83 66 3.58 0
12:44 739.39 10.78 66 4.47 0
12:45 739.39 10.78 66 4.92 0
12:46 739.39 10.78 66 3.58 0
12:47 739.39 10.78 66 3.58 0
12:48 739.39 10.83 66 2.24 0
12:49 739.39 10.78 66 4.47 0
12:50 739.39 10.78 66 4.02 0
12:51 739.39 10.78 66 3.58 0
12:52 739.39 10.78 66 3.58 0
12:53 739.14 10.78 66 1.79 0
12:54 739.39 10.83 66 1.79 0
12:55 739.39 10.83 66 3.58 0
12:56 739.39 10.83 66 3.13 0
12:57 739.39 10.83 66 2.68 0
12:58 739.39 10.83 66 4.92 0
12:59 739.39 10.83 66 3.13 0
13:00 739.39 10.83 66 2.24 0
13:01 739.14 10.83 66 3.58 0
13:02 739.14 10.78 66 3.58 0
13:03 739.14 10.83 66 4.02 0
13:04 739.39 10.78 66 2.68 0
13:05 739.14 10.83 66 2.68 0
13:06 739.39 10.83 66 4.47 0
13:07 739.39 10.83 66 4.47 0
13:08 739.14 10.89 66 2.24 0
13:09 739.39 10.94 66 1.79 0
13:10 739.14 10.94 66 4.47 0
13:11 739.14 11 66 2.68 0
13:12 739.14 11 66 4.47 0
13:13 739.14 11 66 2.68 0
13:14 739.14 11 66 .45 0
13:15 739.14 11.06 66 .89 0
13:16 739.14 11.11 66 2.24 0
13:17 739.14 11.17 66 3.13 0
13:18 739.14 11.28 66 2.24 0
13:19 739.14 11.39 66 2.24 0
13:20 739.14 11.5 65 4.02 0
13:21 739.14 11.61 65 1.79 0
13:22 739.14 11.67 65 3.13 0
13:23 739.14 11.78 64 3.58 0
13:24 739.14 11.83 63 .89 0
13:25 739.14 11.83 63 .89 0
13:26 739.14 11.89 64 3.13 0
13:27 739.14 11.89 63 4.47 0
13:28 739.14 11.83 63 3.13 0
13:29 739.14 11.78 64 4.02 0
13:30 738.89 11.78 63 1.79 0
13:31 738.89 11.78 64 1.79 0
13:32 739.14 11.72 64 2.24 0
13:33 739.14 11.78 64 3.58 0
13:34 738.89 11.83 64 4.02 0
13:35 738.89 11.89 63 2.68 0
13:36 738.89 11.89 63 1.79 0
13:37 738.89 11.89 63 3.13 0
13:38 738.89 11.89 63 3.58 0
13:39 738.89 11.83 63 2.24 0
13:40 738.89 11.89 63 2.24 0
13:41 738.89 11.89 63 .89 0
13:42 738.89 11.94 63 2.24 0
13:43 738.89 12 63 4.47 0
13:44 738.89 12 63 3.13 0
13:45 738.89 12 63 1.79 0
13:46 738.89 12.06 63 2.24 0
13:47 738.89 12.06 62 2.68 0
13:48 738.89 12.11 62 1.34 0
13:49 738.89 12.11 62 .45 0
13:50 738.89 12.17 62 .45 0
13:51 738.89 12.22 63 1.79 0
13:52 738.89 12.22 62 .89 0
13:53 738.89 12.28 62 2.24 0
13:54 738.89 12.33 62 3.58 0
13:55 738.89 12.28 62 2.24 0
13:56 738.89 12.28 62 3.13 0
13:57 738.89 12.28 62 3.13 0
13:58 738.89 12.22 62 4.02 0
13:59 738.89 12.22 62 3.58 0
14:00 738.89 12.22 62 4.47 0
14:01 738.89 12.22 62 3.13 0
14:02 738.89 12.22 62 2.24 0
14:03 738.89 12.22 62 1.79 0
14:04 738.89 12.22 62 2.24 0
14:05 738.89 12.28 62 3.13 0
14:06 738.89 12.28 62 1.79 0
14:07 738.89 12.28 62 3.13 0
14:08 738.89 12.33 62 3.58 0
14:09 738.89 12.28 61 5.81 0
14:10 738.89 12.33 61 2.24 0
14:11 738.89 12.33 61 2.68 0
14:12 738.89 12.39 61 1.79 0
14:13 738.89 12.44 61 2.68 0
14:14 738.89 12.44 61 3.13 0
14:15 738.89 12.44 60 2.68 0
14:16 738.89 12.5 60 3.58 0
14:17 738.89 12.56 60 2.68 0
14:18 738.89 12.56 60 4.92 0
14:19 738.89 12.56 60 4.47 0
14:20 738.89 12.61 60 1.34 0
14:21 738.89 12.67 60 2.68 0
14:22 738.89 12.72 60 5.81 0
14:23 738.89 12.72 60 2.24 0
14:24 738.89 12.78 60 5.36 0
14:25 738.89 12.78 60 3.13 0
14:26 738.89 12.89 60 3.58 0
14:27 738.89 12.89 60 4.02 0
14:28 738.89 12.89 59 4.92 0
14:29 738.89 12.89 60 4.92 0
14:30 738.89 12.83 59 4.02 0
14:31 738.63 12.78 60 3.13 0
14:32 738.63 12.78 59 1.34 0
14:33 738.89 12.78 60 3.58 0
14:34 738.89 12.78 60 5.36 0
14:35 738.89 12.72 60 3.58 0
14:36 738.89 12.72 60 1.79 0
14:37 738.89 12.72 60 5.36 0
14:38 738.63 12.67 60 1.79 0
14:39 738.89 12.61 60 4.02 0
14:40 738.63 12.61 60 2.68 0
14:41 738.63 12.56 60 4.92 0
14:42 738.63 12.5 60 4.92 0
14:43 738.63 12.44 60 3.13 0
14:44 738.63 12.44 61 2.24 0
14:45 738.63 12.44 61 3.13 0
14:46 738.63 12.39 61 3.58 0
14:47 738.63 12.39 61 4.02 0
14:48 738.63 12.33 61 4.92 0
14:49 738.63 12.33 61 1.79 0
14:50 738.63 12.33 61 4.47 0
14:51 738.63 12.33 61 4.92 0
14:52 738.63 12.28 61 3.58 0
14:53 738.63 12.28 61 3.58 0
14:54 738.63 12.22 61 3.58 0
14:55 738.63 12.22 61 5.36 0
14:56 738.63 12.22 61 5.36 0
14:57 738.63 12.22 61 4.02 0
14:58 738.63 12.22 61 2.68 0
14:59 738.38 12.22 61 3.13 0
15:00 738.63 12.22 62 2.24 0
15:01 738.63 12.22 62 2.24 0
15:02 738.63 12.28 62 .89 0
15:03 738.38 12.28 62 1.34 0
15:04 738.38 12.39 61 1.79 0
15:05 738.63 12.39 61 2.68 0
15:06 738.38 12.44 62 2.68 0
15:07 738.38 12.5 61 2.24 0
15:08 738.38 12.56 60 1.79 0
15:09 738.38 12.56 61 1.79 0
15:10 738.38 12.61 60 3.58 0
15:11 738.38 12.61 60 2.24 0
15:12 738.38 12.61 61 3.13 0
15:13 738.38 12.67 60 2.24 0
15:14 738.38 12.67 61 1.79 0
15:15 738.38 12.67 61 .45 0
15:16 738.38 12.78 61 2.24 0
15:17 738.38 12.78 61 2.24 0
15:18 738.38 12.83 61 2.24 0
15:19 738.38 12.89 61 2.24 0
15:20 738.38 13.06 61 3.58 0
15:21 738.38 13.17 60 3.13 0
15:22 738.38 13.22 60 3.13 0
15:23 738.38 13.28 59 5.36 0
15:24 738.38 13.22 59 4.47 0
15:25 738.38 13.22 59 3.13 0
15:26 738.38 13.22 59 4.02 0
15:27 738.38 13.22 59 4.02 0
15:28 738.38 13.22 59 1.79 0
15:29 738.38 13.28 60 2.24 0
15:30 738.38 13.28 59 3.58 0
15:31 738.38 13.33 59 4.02 0
15:32 738.38 13.28 59 4.92 0
15:33 738.38 13.28 59 2.24 0
15:34 738.38 13.28 59 2.68 0
15:35 738.38 13.28 58 3.13 0
15:36 738.38 13.28 58 3.13 0
15:37 738.38 13.22 58 2.68 0
15:38 738.38 13.28 58 4.02 0
15:39 738.38 13.22 58 3.58 0
15:40 738.38 13.22 58 2.68 0
15:41 738.38 13.17 58 .45 0
15:42 738.12 13.22 58 4.47 0
15:43 738.12 13.17 58 3.13 0
15:44 738.12 13.17 59 5.81 0
15:45 738.12 13.11 58 5.81 0
15:46 738.12 13.06 58 3.13 0
15:47 738.12 13.06 59 2.68 0
15:48 738.12 13.06 59 5.36 0
15:49 738.12 13.06 58 4.02 0
15:50 738.12 13.06 58 2.68 0
15:51 738.12 13.06 58 2.68 0
15:52 738.12 13.06 58 2.68 0
15:53 738.12 13.06 58 1.79 0
15:54 738.12 13.06 58 4.92 0
15:55 738.12 13.11 60 7.6 0
15:56 738.12 13 61 5.36 0
15:57 738.12 12.89 61 4.92 0
15:58 738.12 12.72 62 3.13 0
15:59 738.12 12.61 62 4.02 0
16:00 738.12 12.56 63 4.47 0
16:01 738.12 12.44 63 4.02 0
16:02 738.12 12.44 63 5.36 0
16:03 738.38 12.39 63 5.36 0
16:04 738.12 12.39 63 5.81 0
16:05 738.12 12.39 64 6.26 0
16:06 738.12 12.33 64 .89 0
16:07 738.12 12.33 64 4.92 0
16:08 738.12 12.33 64 4.02 0
16:09 738.12 12.33 64 6.26 0
16:10 738.12 12.28 65 3.13 0
16:11 738.12 12.28 65 2.24 0
16:12 738.12 12.28 65 2.68 0
16:13 738.12 12.28 65 4.92 0
16:14 738.12 12.28 65 2.68 0
16:15 738.12 12.28 65 2.24 0
16:16 738.12 12.28 65 3.13 0
16:17 738.12 12.28 65 4.02 0
16:18 738.12 12.28 65 4.47 0
16:19 738.12 12.22 65 2.68 0
16:20 738.12 12.22 65 3.13 0
16:21 738.12 12.17 65 3.13 0
16:22 738.12 12.17 65 4.47 0
16:23 738.12 12.22 65 2.68 0
16:24 738.12 12.17 65 3.13 0
16:25 738.12 12.22 65 4.92 0
16:26 738.12 12.22 65 4.47 0
16:27 738.12 12.17 65 2.24 0
16:28 738.12 12.17 65 2.24 0
16:29 738.12 12.17 65 2.68 0
16:30 738.12 12.11 66 2.68 0
16:31 738.12 12.11 66 4.92 0
16:32 738.12 12.06 66 5.81 0
16:33 738.12 12.06 66 2.68 0
16:34 738.12 12 66 5.36 0
16:35 738.12 11.94 67 4.92 0
16:36 738.38 11.89 67 4.47 0
16:37 738.38 11.83 68 3.58 0
16:38 738.38 11.83 69 2.24 0
16:39 738.38 11.78 69 3.13 0
16:40 738.38 11.72 70 4.02 0
16:41 738.38 11.61 70 4.92 0
16:42 738.38 11.56 72 3.58 0
16:43 738.38 11.39 72 4.02 0
16:44 738.38 11.33 73 3.58 0
16:45 738.38 11.17 74 4.92 0
16:46 738.38 10.94 74 6.71 0
16:47 738.38 10.67 75 8.94 0
16:48 738.63 10.44 76 4.47 0
16:49 738.38 10.22 76 4.92 0
16:50 738.38 10.06 77 4.02 0
16:51 738.38 9.89 77 4.92 0
16:52 738.38 9.78 77 2.68 0
16:53 738.38 9.67 79 4.02 0
16:54 738.38 9.61 78 2.24 0
16:55 738.38 9.56 79 1.79 0
16:56 738.38 9.5 79 4.02 0
16:57 738.38 9.5 79 3.13 0
16:58 738.38 9.44 79 1.79 0
16:59 738.38 9.44 79 1.79 0
17:00 738.38 9.44 80 2.24 0
17:01 738.38 9.39 80 2.68 0
17:02 738.38 9.39 79 2.68 0
17:03 738.38 9.39 79 1.34 0
17:04 738.38 9.44 79 2.68 0
17:05 738.38 9.39 79 2.68 0
17:06 738.38 9.39 79 1.79 0
17:07 738.38 9.39 80 2.68 0
17:08 738.38 9.44 80 1.34 0
17:09 738.12 9.44 80 1.79 0
17:10 738.12 9.44 80 2.24 0
17:11 738.12 9.44 80 2.68 0
17:12 738.12 9.44 80 1.79 0
17:13 738.12 9.5 80 .89 0
17:14 738.12 9.5 80 1.79 0
17:15 738.12 9.5 80 2.24 0
17:16 738.12 9.56 80 1.34 0
17:17 738.12 9.56 81 1.79 0
17:18 738.12 9.56 81 .45 0
17:19 738.12 9.56 81 2.24 0
17:20 738.12 9.56 81 1.79 0
17:21 738.12 9.61 81 1.34 0
17:22 738.12 9.61 81 2.24 0
17:23 738.12 9.61 81 .89 0
17:24 738.12 9.67 81 .89 0
17:25 738.12 9.67 82 2.24 0
17:26 738.12 9.67 82 1.79 0
17:27 738.12 9.67 82 1.79 0
17:28 738.12 9.72 82 1.79 0
17:29 738.12 9.72 82 .89 0
17:30 738.12 9.72 82 .89 0
17:31 738.12 9.72 82 .45 0
17:32 738.12 9.72 82 .89 0
17:33 738.12 9.78 82 1.79 0
17:34 738.12 9.78 82 .89 0
17:35 738.12 9.78 82 .45 0
17:36 738.12 9.78 82 1.79 0
17:37 738.12 9.78 82 .45 0
17:38 738.12 9.78 82 1.79 0
17:39 738.12 9.72 82 1.34 0
17:40 738.12 9.78 82 1.79 0
17:41 738.12 9.78 82 .89 0
17:42 738.12 9.78 82 1.34 0
17:43 738.12 9.78 82 1.79 0
17:44 738.12 9.78 82 1.34 0
17:45 738.12 9.78 82 .89 0
17:46 737.87 9.78 82 .89 0
17:47 738.12 9.78 82 1.79 0
17:48 737.87 9.78 82 1.79 0
17:49 737.87 9.78 82 .89 0
17:50 738.12 9.78 82 2.68 0
17:51 737.87 9.78 82 1.34 0
17:52 738.12 9.78 82 .89 0
17:53 737.87 9.78 82 1.34 0
17:54 737.87 9.83 82 .89 0
17:55 737.87 9.83 82 2.24 0
17:56 737.87 9.83 82 1.79 0
17:57 737.87 9.83 82 .89 0
17:58 737.87 9.83 82 .45 0
17:59 737.87 9.89 82 .89 0
18:00 737.87 9.89 82 2.68 0
18:01 737.87 9.89 82 .89 0
18:02 737.87 9.94 82 .45 0
18:03 737.87 9.94 82 1.34 0
18:04 737.87 10 82 .89 0
18:05 737.87 10.06 82 2.24 0
18:06 737.87 10.06 82 3.13 0
18:07 737.87 10.06 82 2.24 0
18:08 737.87 10.06 82 2.68 0
18:09 737.87 10.11 82 2.24 0
18:10 737.87 10.11 82 2.24 0
18:11 737.87 10.11 82 1.79 0
18:12 737.87 10.17 82 3.13 0
18:13 737.87 10.17 81 2.24 0
18:14 737.87 10.17 81 2.68 0
18:15 737.87 10.17 81 2.68 0
18:16 737.87 10.22 81 2.24 0
18:17 737.87 10.22 81 2.24 0
18:18 737.87 10.22 81 1.34 0
18:19 737.87 10.22 81 2.68 0
18:20 737.87 10.17 81 3.58 0
18:21 737.87 10.22 81 1.34 0
18:22 737.87 10.22 81 1.34 0
18:23 737.87 10.22 80 3.13 0
18:24 737.87 10.22 81 2.68 0
18:25 737.62 10.22 81 2.24 0
18:26 737.62 10.22 81 1.79 0
18:27 737.62 10.22 81 2.24 0
18:28 737.62 10.28 81 2.24 0
18:29 737.62 10.22 81 1.79 0
18:30 737.62 10.22 81 1.79 0
18:31 737.62 10.22 81 1.34 0
18:32 737.62 10.22 81 2.24 0
18:33 737.62 10.22 81 .89 0
18:34 737.62 10.22 81 1.79 0
18:35 737.62 10.22 81 .45 0
18:36 737.62 10.22 81 1.34 0
18:37 737.62 10.22 81 2.24 0
18:38 737.62 10.28 81 0 0
18:39 737.62 10.28 81 1.34 0
18:40 737.62 10.33 81 .89 0
18:41 737.62 10.33 81 1.79 0
18:42 737.62 10.33 81 .89 0
18:43 737.62 10.39 81 3.13 0
18:44 737.62 10.39 81 .89 0
18:45 737.62 10.39 81 2.24 0
18:46 737.62 10.39 81 .89 0
18:47 737.62 10.39 81 2.24 0
18:48 737.62 10.33 81 .45 0
18:49 737.62 10.33 82 .89 0
18:50 737.62 10.33 81 .89 0
18:51 737.62 10.28 82 .89 0
18:52 737.62 10.28 82 2.24 0
18:53 737.62 10.22 82 2.24 0
18:54 737.62 10.22 82 .45 0
18:55 737.62 10.22 82 4.02 0
18:56 737.62 10.17 82 2.68 0
18:57 737.62 10.17 82 2.24 0
18:58 737.62 10.17 82 1.79 0
18:59 737.62 10.11 82 1.34 0
19:00 737.62 10.11 82 1.34 0
19:01 737.62 10.06 82 2.24 0
19:02 737.62 10.06 83 .89 0
19:03 737.62 10.06 83 2.68 0
19:04 737.62 10 83 .89 0
19:05 737.62 10.06 82 .89 0
19:06 737.62 10 83 2.68 0
19:07 737.62 10 83 .89 0
19:08 737.62 10 83 1.34 0
19:09 737.62 9.94 83 2.68 0
19:10 737.36 9.94 83 3.13 0
19:11 737.62 9.94 83 1.79 0
19:12 737.62 9.94 83 4.47 0
19:13 737.62 9.94 83 3.13 0
19:14 737.62 9.94 83 1.79 0
19:15 737.36 9.94 83 2.24 0
19:16 737.62 9.94 82 1.79 0
19:17 737.62 9.89 82 1.34 0
19:18 737.62 9.89 82 1.79 0
19:19 737.62 9.94 82 1.79 0
19:20 737.62 9.89 82 2.24 0
19:21 737.62 9.89 82 .45 0
19:22 737.62 9.89 82 1.79 0
19:23 737.62 9.89 82 1.34 0
19:24 737.62 9.89 82 2.68 0
19:25 737.62 9.83 82 2.68 0
19:26 737.62 9.89 82 2.68 0
19:27 737.62 9.89 82 1.79 0
19:28 737.62 9.83 82 3.13 0
19:29 737.62 9.83 82 1.79 0
19:30 737.62 9.83 83 2.24 0
19:31 737.62 9.83 83 3.13 0
19:32 737.62 9.83 83 2.24 0
19:33 737.62 9.83 83 3.58 0
19:34 737.62 9.83 83 4.02 0
19:35 737.62 9.89 83 1.34 0
19:36 737.62 9.83 83 2.24 0
19:37 737.62 9.83 83 2.24 0
19:38 737.62 9.83 83 1.79 0
19:39 737.62 9.83 83 2.68 0
19:40 737.62 9.83 83 .45 0
19:41 737.62 9.83 83 1.79 0
19:42 737.62 9.83 83 2.68 0
19:43 737.62 9.83 83 .89 0
19:44 737.62 9.83 83 3.13 0
19:45 737.62 9.78 83 3.13 0
19:46 737.62 9.83 83 1.34 0
19:47 737.62 9.83 83 1.79 0
19:48 737.87 9.83 83 6.71 0
19:49 737.87 9.72 83 5.36 0
19:50 737.87 9.67 80 4.02 0
19:51 737.87 9.56 79 4.47 0
19:52 737.87 9.56 77 7.15 0
19:53 737.87 9.56 75 5.36 0
19:54 737.87 9.56 74 3.58 0
19:55 738.12 9.56 75 3.58 0
19:56 738.12 9.5 74 3.13 0
19:57 738.12 9.44 75 2.24 0
19:58 738.12 9.44 75 2.68 0
19:59 738.12 9.33 74 3.13 0
20:00 738.12 9.33 75 3.58 0
20:01 738.12 9.28 75 3.58 0
20:02 738.12 9.22 75 2.24 0
20:03 738.12 9.11 75 2.68 0
20:04 738.12 9.06 76 1.34 0
20:05 737.87 9 76 2.24 0
20:06 738.12 8.94 76 1.34 0
20:07 737.87 8.89 77 .89 0
20:08 737.87 8.83 77 1.34 0
20:09 737.87 8.78 78 .89 0
20:10 737.87 8.72 78 .45 0
20:11 737.87 8.72 78 .89 0
20:12 737.87 8.67 78 .45 0
20:13 737.87 8.61 78 1.34 0
20:14 737.87 8.56 79 .89 0
20:15 737.87 8.56 79 .89 0
20:16 737.87 8.5 79 0 0
20:17 737.87 8.44 79 .45 0
20:18 737.87 8.44 80 .45 0
20:19 737.87 8.44 79 .89 0
20:20 737.87 8.44 80 .45 0
20:21 737.87 8.44 80 .45 0
20:22 737.87 8.44 80 .45 0
20:23 737.87 8.39 80 0 0
20:24 737.87 8.44 80 0 0
20:25 737.87 8.44 80 .45 0
20:26 737.87 8.44 80 .45 0
20:27 738.12 8.44 80 .89 0
20:28 738.12 8.39 80 .89 0
20:29 738.12 8.39 80 1.34 0
20:30 737.87 8.39 80 .89 0
20:31 737.87 8.39 80 .45 0
20:32 738.12 8.39 80 2.24 0
20:33 737.87 8.39 80 .45 0
20:34 737.87 8.39 80 1.34 0
20:35 737.87 8.39 80 1.34 0
20:36 737.87 8.39 80 1.34 0
20:37 737.87 8.33 80 1.79 0
20:38 737.87 8.33 80 1.34 0
20:39 737.87 8.33 80 .89 0
20:40 737.87 8.33 80 .89 0
20:41 737.87 8.33 80 1.79 0
20:42 737.87 8.33 80 .45 0
20:43 737.87 8.33 80 1.34 0
20:44 737.87 8.39 80 .89 0
20:45 737.87 8.33 80 .89 0
20:46 737.87 8.33 80 .89 0
20:47 737.87 8.33 80 .89 0
20:48 737.87 8.39 80 .89 0
20:49 737.87 8.33 80 .45 0
20:50 737.87 8.39 80 .89 0
20:51 737.87 8.33 80 1.34 0
20:52 737.87 8.39 79 .45 0
20:53 737.87 8.44 80 .89 0
20:54 737.87 8.44 80 .89 0
20:55 737.87 8.39 80 1.34 0
20:56 737.87 8.44 79 .45 0
20:57 737.87 8.44 80 .89 0
20:58 737.87 8.44 79 .89 0
20:59 737.87 8.44 79 .89 0
21:00 737.87 8.44 79 .45 0
21:01 737.87 8.44 79 .89 0
21:02 737.87 8.5 79 .45 0
21:03 737.87 8.44 79 .45 0
21:04 737.62 8.44 79 .45 0
21:05 737.87 8.5 79 .45 0
21:06 737.87 8.5 81 0 0
21:07 737.87 8.5 81 0 0
21:08 737.87 8.5 82 0 0
21:09 737.87 8.44 82 0 0
21:10 737.87 8.44 82 0 0
21:11 737.87 8.44 82 0 0
21:12 737.87 8.44 82 0 0
21:13 737.87 8.39 83 0 0
21:14 737.87 8.33 83 0 0
21:15 737.87 8.33 83 0 0
21:16 737.87 8.28 83 0 0
21:17 737.87 8.28 83 .45 0
21:18 737.87 8.28 83 .45 0
21:19 737.62 8.22 83 0 0
21:20 737.87 8.17 84 .45 0
21:21 737.87 8.17 84 0 0
21:22 737.62 8.11 84 0 0
21:23 737.87 8.06 84 .45 0
21:24 737.62 8.06 85 .45 0
21:25 737.87 8 85 .45 0
21:26 737.87 7.94 85 .45 0
21:27 737.87 7.94 85 1.34 0
21:28 737.87 7.89 85 .89 0
21:29 737.87 7.83 86 .89 0
21:30 737.62 7.78 86 .45 0
21:31 737.62 7.78 86 .45 0
21:32 737.62 7.72 86 .45 0
21:33 737.87 7.72 86 .45 0
21:34 737.87 7.67 86 .89 0
21:35 737.87 7.67 87 .45 0
21:36 737.87 7.67 87 1.34 0
21:37 737.87 7.67 87 .89 0
21:38 737.87 7.61 87 .89 0
21:39 737.87 7.56 87 .45 0
21:40 737.87 7.56 87 .89 0
21:41 737.87 7.56 87 .89 0
21:42 737.87 7.56 87 .45 0
21:43 737.87 7.56 87 .45 0
21:44 737.87 7.56 87 .89 0
21:45 737.62 7.56 88 .89 0
21:46 737.87 7.5 88 0 0
21:47 737.87 7.5 88 1.34 0
21:48 737.87 7.5 88 .89 0
21:49 737.87 7.44 88 .45 0
21:50 737.87 7.44 88 0 0
21:51 737.87 7.44 88 .45 0
21:52 737.87 7.44 88 0 0
21:53 737.87 7.44 88 0 0
21:54 737.87 7.39 88 0 0
21:55 737.87 7.39 88 .45 0
21:56 737.87 7.39 88 0 0
21:57 737.87 7.39 88 .89 0
21:58 737.87 7.39 88 1.79 0
21:59 737.87 7.39 88 .89 0
22:00 737.87 7.44 88 1.34 0
22:01 737.87 7.44 88 .89 0
22:02 737.87 7.5 88 .89 0
22:03 737.87 7.5 88 .89 0
22:04 737.87 7.5 88 0 0
22:05 737.87 7.5 88 .45 0
22:06 737.87 7.5 88 .45 0
22:07 737.87 7.56 88 .45 0
22:08 737.87 7.56 88 0 0
22:09 737.87 7.56 88 .45 0
22:10 737.87 7.56 88 0 0
22:11 737.87 7.56 88 0 0
22:12 737.87 7.61 88 .45 0
22:13 737.87 7.61 88 0 0
22:14 737.87 7.61 88 0 0
22:15 737.87 7.61 88 .45 0
22:16 737.87 7.61 88 0 0
22:17 737.87 7.61 88 .45 0
22:18 737.87 7.56 88 0 0
22:19 737.87 7.56 88 .45 0
22:20 737.87 7.61 88 .45 0
22:21 737.87 7.61 88 .45 0
22:22 737.87 7.61 88 .89 0
22:23 737.87 7.61 88 .89 0
22:24 737.87 7.67 88 .89 0
22:25 737.87 7.67 88 1.34 0
22:26 737.87 7.67 88 1.34 0
22:27 737.87 7.72 87 .45 0
22:28 737.87 7.72 87 .45 0
22:29 737.87 7.78 87 .45 0
22:30 737.87 7.78 87 0 0
22:31 737.87 7.78 87 .89 0
22:32 737.87 7.78 87 .45 0
22:33 737.87 7.78 87 .45 0
22:34 737.87 7.78 87 .45 0
22:35 737.87 7.83 87 0 0
22:36 737.87 7.78 86 .45 0
22:37 737.87 7.78 86 .45 0
22:38 737.87 7.78 86 0 0
22:39 737.87 7.72 86 .45 0
22:40 737.87 7.72 86 .45 0
22:41 737.87 7.67 86 0 0
22:42 737.87 7.56 86 .45 0
22:43 737.87 7.56 87 0 0
22:44 737.87 7.56 87 0 0
22:45 737.87 7.5 87 0 0
22:46 737.87 7.5 87 .45 0
22:47 737.87 7.44 87 0 0
22:48 737.87 7.44 87 0 0
22:49 737.87 7.44 87 .45 0
22:50 737.62 7.39 87 .45 0
22:51 737.87 7.39 88 0 0
22:52 737.87 7.39 88 .45 0
22:53 737.87 7.39 88 .89 0
22:54 737.87 7.39 88 .45 0
22:55 737.87 7.44 88 .89 0
22:56 737.87 7.44 88 .45 0
22:57 737.87 7.44 88 0 0
22:58 737.87 7.44 87 .45 0
22:59 737.87 7.44 87 .45 0
23:00 737.87 7.44 87 0 0
23:01 737.87 7.44 87 0 0
23:02 737.87 7.44 87 0 0
23:03 737.87 7.39 87 0 0
23:04 737.62 7.39 87 0 0
23:05 737.62 7.39 87 0 0
23:06 737.62 7.33 87 0 0
23:07 737.62 7.33 87 0 0
23:08 737.62 7.28 87 0 0
23:09 737.62 7.28 87 0 0
23:10 737.62 7.28 87 0 0
23:11 737.87 7.22 87 0 0
23:12 737.62 7.22 87 0 0
23:13 737.87 7.22 87 0 0
23:14 737.62 7.22 87 0 0
23:15 737.62 7.17 87 0 0
23:16 737.87 7.17 87 0 0
23:17 737.62 7.17 87 .45 0
23:18 737.62 7.11 88 .45 0
23:19 737.62 7.17 88 .45 0
23:20 737.62 7.17 88 .45 0
23:21 737.62 7.17 88 .45 0
23:22 737.62 7.17 88 .45 0
23:23 737.62 7.17 88 .45 0
23:24 737.62 7.17 88 .45 0
23:25 737.62 7.17 88 .45 0
23:26 737.62 7.17 88 .45 0
23:27 737.62 7.17 88 .45 0
23:28 737.62 7.17 88 .45 0
23:29 737.62 7.17 88 .45 0
23:30 737.87 7.11 88 .45 0
23:31 737.62 7.11 88 .45 0
23:32 737.62 7.06 88 .89 0
23:33 737.62 7.06 88 .45 0
23:34 737.62 7.06 88 .45 0
23:35 737.62 7.06 88 .45 0
23:36 737.62 7.06 88 .45 0
23:37 737.62 7.06 88 .89 0
23:38 737.62 7.11 89 .45 0
23:39 737.62 7.11 89 .45 0
23:40 737.62 7.11 89 0 0
23:41 737.62 7.17 89 0 0
23:42 737.62 7.17 88 0 0
23:43 737.62 7.17 88 0 0
23:44 737.62 7.17 88 .45 0
23:45 737.62 7.17 88 .45 0
23:46 737.62 7.17 88 .45 0
23:47 737.62 7.11 88 .45 0
23:48 737.62 7.17 88 .45 0
23:49 737.62 7.17 88 0 0
23:50 737.62 7.11 88 0 0
23:51 737.62 7.17 88 .45 0
23:52 737.62 7.17 87 0 0
23:53 737.62 7.17 87 0 0
23:54 737.62 7.17 87 .45 0
23:55 737.62 7.11 87 0 0
23:56 737.62 7.17 87 .45 0
23:57 737.62 7.11 87 .45 0
23:58 737.62 7.11 87 .45 0
23:59 737.62 7.17 87 .45 0
