00:00 766.83 -12.17 86 .89 0
00:01 766.83 -12.17 86 .89 0
00:02 766.83 -12.17 86 .89 0
00:03 766.83 -12.17 86 1.34 0
00:04 766.83 -12.17 86 .89 0
00:05 766.83 -12.17 86 1.34 0
00:06 766.83 -12.17 86 .89 0
00:07 766.83 -12.17 86 .89 0
00:08 766.83 -12.11 86 .45 0
00:09 766.83 -12.17 86 .89 0
00:10 766.83 -12.11 86 1.34 0
00:11 766.83 -12.11 86 .89 0
00:12 766.83 -12.11 86 1.34 0
00:13 766.83 -12.11 86 .89 0
00:14 766.83 -12.11 86 .89 0
00:15 766.83 -12.11 86 .89 0
00:16 766.83 -12.11 86 1.34 0
00:17 766.83 -12.11 86 .89 0
00:18 766.83 -12.11 86 .89 0
00:19 766.83 -12.11 86 .45 0
00:20 766.83 -12.11 86 .89 0
00:21 766.83 -12.11 86 1.34 0
00:22 766.83 -12.11 86 1.34 0
00:23 766.83 -12.11 86 .89 0
00:24 766.83 -12.06 86 .89 0
00:25 766.83 -12.06 86 1.79 0
00:26 766.83 -12.11 86 1.34 0
00:27 766.83 -12.11 86 .89 0
00:28 766.83 -12.11 86 1.34 0
00:29 766.83 -12.11 86 .89 0
00:30 766.83 -12.11 86 .89 0
00:31 766.83 -12.06 86 1.34 0
00:32 766.83 -12.11 86 .89 0
00:33 766.83 -12.11 86 .89 0
00:34 766.83 -12.11 86 1.34 0
00:35 766.83 -12.11 86 1.79 0
00:36 766.83 -12.17 86 .89 0
00:37 766.83 -12.11 86 1.79 0
00:38 766.83 -12.11 86 1.34 0
00:39 766.83 -12.11 86 1.34 0
00:40 766.83 -12.11 86 .89 0
00:41 766.83 -12.11 86 .89 0
00:42 766.83 -12.11 86 .89 0
00:43 766.83 -12.11 86 1.34 0
00:44 766.83 -12.11 86 1.34 0
00:45 766.83 -12.17 86 1.79 0
00:46 766.83 -12.17 86 1.34 0
00:47 766.83 -12.17 86 .89 0
00:48 766.83 -12.17 86 1.34 0
00:49 766.83 -12.17 86 .89 0
00:50 766.83 -12.17 86 .45 0
00:51 766.83 -12.17 86 .89 0
00:52 766.83 -12.22 86 1.34 0
00:53 766.83 -12.22 86 .89 0
00:54 766.83 -12.22 86 .89 0
00:55 766.83 -12.22 86 .89 0
00:56 766.83 -12.28 86 .89 0
00:57 766.83 -12.28 86 1.34 0
00:58 766.83 -12.28 86 .89 0
00:59 766.83 -12.28 86 .89 0
01:00 766.83 -12.28 86 1.34 0
01:01 766.83 -12.28 86 .89 0
01:02 766.83 -12.28 86 .89 0
01:03 766.83 -12.33 86 .89 0
01:04 766.83 -12.33 86 .89 0
01:05 766.83 -12.39 86 .89 0
01:06 766.83 -12.44 86 .89 0
01:07 766.83 -12.44 86 1.34 0
01:08 766.83 -12.5 86 .89 0
01:09 767.08 -12.56 86 .89 0
01:10 766.83 -12.56 86 .89 0
01:11 766.83 -12.56 86 .89 0
01:12 766.83 -12.61 86 .89 0
01:13 766.83 -12.61 86 1.34 0
01:14 766.83 -12.67 86 .89 0
01:15 767.08 -12.67 86 .89 0
01:16 766.83 -12.72 86 1.34 0
01:17 766.83 -12.72 86 .89 0
01:18 766.83 -12.72 86 .89 0
01:19 766.83 -12.72 86 .45 0
01:20 766.83 -12.72 86 .45 0
01:21 766.83 -12.72 86 .89 0
01:22 766.83 -12.78 86 .89 0
01:23 766.83 -12.78 86 1.34 0
01:24 766.83 -12.78 86 .89 0
01:25 766.83 -12.78 86 1.34 0
01:26 767.08 -12.83 86 1.79 0
01:27 766.83 -12.83 86 1.34 0
01:28 766.83 -12.89 86 .89 0
01:29 766.83 -12.94 85 .89 0
01:30 767.08 -12.89 86 .89 0
01:31 767.08 -12.94 85 .89 0
01:32 766.83 -12.89 86 1.79 0
01:33 766.83 -12.89 86 .89 0
01:34 766.83 -12.89 86 1.34 0
01:35 766.83 -12.89 86 .89 0
01:36 767.08 -12.89 86 1.34 0
01:37 766.83 -12.89 86 1.34 0
01:38 766.83 -12.83 86 .45 0
01:39 766.83 -12.83 86 1.34 0
01:40 766.83 -12.83 86 1.34 0
01:41 767.08 -12.83 86 .89 0
01:42 766.83 -12.83 86 1.34 0
01:43 766.83 -12.78 86 .89 0
01:44 766.83 -12.78 86 1.34 0
01:45 767.08 -12.78 86 1.34 0
01:46 766.83 -12.72 86 1.34 0
01:47 766.83 -12.72 86 .89 0
01:48 767.08 -12.72 86 1.79 0
01:49 767.08 -12.67 86 1.34 0
01:50 767.08 -12.67 86 1.79 0
01:51 767.08 -12.67 86 .89 0
01:52 767.08 -12.67 86 1.34 0
01:53 766.83 -12.67 86 .89 0
01:54 767.08 -12.67 86 1.79 0
01:55 766.83 -12.67 86 1.79 0
01:56 766.83 -12.67 86 1.34 0
01:57 767.08 -12.67 86 1.79 0
01:58 767.08 -12.61 86 1.79 0
01:59 767.08 -12.61 86 1.34 0
02:00 767.08 -12.61 86 1.34 0
02:01 767.08 -12.61 86 .89 0
02:02 766.83 -12.67 86 .89 0
02:03 767.08 -12.61 86 .89 0
02:04 767.08 -12.61 86 .89 0
02:05 767.08 -12.61 86 .89 0
02:06 767.08 -12.61 86 .89 0
02:07 767.08 -12.61 86 .89 0
02:08 767.08 -12.56 86 1.34 0
02:09 767.08 -12.56 86 .89 0
02:10 766.83 -12.56 86 .89 0
02:11 767.08 -12.56 86 1.34 0
02:12 767.08 -12.56 86 1.34 0
02:13 767.08 -12.56 86 1.34 0
02:14 767.08 -12.56 86 1.34 0
02:15 766.83 -12.56 86 1.34 0
02:16 767.08 -12.56 86 1.79 0
02:17 767.08 -12.5 86 1.34 0
02:18 767.08 -12.5 86 1.79 0
02:19 767.08 -12.5 86 1.34 0
02:20 767.08 -12.5 86 1.79 0
02:21 767.08 -12.5 86 1.34 0
02:22 766.83 -12.5 86 1.34 0
02:23 766.83 -12.56 86 .89 0
02:24 766.83 -12.56 86 1.34 0
02:25 767.08 -12.5 86 .89 0
02:26 767.08 -12.56 86 1.34 0
02:27 767.08 -12.56 86 .89 0
02:28 767.08 -12.56 86 1.34 0
02:29 767.08 -12.56 86 1.34 0
02:30 767.08 -12.56 86 1.79 0
02:31 767.08 -12.56 86 .89 0
02:32 767.08 -12.56 86 1.79 0
02:33 767.08 -12.56 86 2.24 0
02:34 766.83 -12.61 86 1.34 0
02:35 767.08 -12.56 86 1.79 0
02:36 767.08 -12.56 86 1.34 0
02:37 767.08 -12.56 86 1.79 0
02:38 766.83 -12.56 86 1.79 0
02:39 766.83 -12.56 86 1.79 0
02:40 766.83 -12.56 86 1.79 0
02:41 766.83 -12.56 86 1.34 0
02:42 766.83 -12.56 86 1.79 0
02:43 766.83 -12.56 86 3.13 0
02:44 766.83 -12.56 86 2.24 0
02:45 766.83 -12.56 86 3.13 0
02:46 766.83 -12.56 86 1.34 0
02:47 766.83 -12.56 86 1.79 0
02:48 766.83 -12.56 86 1.34 0
02:49 766.83 -12.56 86 1.79 0
02:50 766.83 -12.5 86 1.34 0
02:51 766.83 -12.56 86 1.79 0
02:52 766.83 -12.56 86 1.34 0
02:53 766.83 -12.56 86 1.34 0
02:54 766.83 -12.5 86 1.79 0
02:55 766.83 -12.5 86 1.34 0
02:56 766.83 -12.5 86 1.34 0
02:57 766.83 -12.5 86 .89 0
02:58 766.83 -12.5 86 1.34 0
02:59 766.83 -12.56 86 1.79 0
03:00 766.83 -12.56 86 1.34 0
03:01 766.83 -12.56 86 1.34 0
03:02 766.83 -12.61 86 1.34 0
03:03 766.83 -12.61 86 1.34 0
03:04 766.83 -12.56 86 1.34 0
03:05 766.83 -12.61 86 2.24 0
03:06 766.83 -12.61 86 1.34 0
03:07 766.83 -12.61 86 1.79 0
03:08 766.83 -12.61 86 1.34 0
03:09 766.83 -12.61 86 1.79 0
03:10 766.83 -12.61 86 1.79 0
03:11 766.83 -12.61 86 1.34 0
03:12 766.83 -12.61 86 1.79 0
03:13 766.83 -12.61 86 1.34 0
03:14 766.83 -12.61 86 1.34 0
03:15 766.83 -12.67 86 1.79 0
03:16 766.83 -12.67 86 .89 0
03:17 766.83 -12.61 86 1.34 0
03:18 766.83 -12.67 86 1.79 0
03:19 766.83 -12.61 86 1.34 0
03:20 766.83 -12.61 86 1.34 0
03:21 766.83 -12.61 86 1.34 0
03:22 766.83 -12.61 86 1.34 0
03:23 766.83 -12.61 86 .89 0
03:24 766.83 -12.61 86 .89 0
03:25 766.83 -12.61 86 1.34 0
03:26 766.83 -12.61 86 1.34 0
03:27 766.83 -12.61 86 .89 0
03:28 766.83 -12.61 86 1.34 0
03:29 766.83 -12.61 86 1.34 0
03:30 766.83 -12.61 86 1.79 0
03:31 766.83 -12.61 86 1.34 0
03:32 766.83 -12.61 86 1.34 0
03:33 766.83 -12.61 86 1.79 0
03:34 766.83 -12.61 86 .89 0
03:35 766.83 -12.61 86 1.34 0
03:36 766.83 -12.61 86 1.79 0
03:37 766.83 -12.61 86 .89 0
03:38 766.83 -12.61 86 1.79 0
03:39 766.83 -12.61 86 1.34 0
03:40 766.83 -12.61 86 .45 0
03:41 766.83 -12.61 86 1.34 0
03:42 766.83 -12.67 86 .89 0
03:43 766.83 -12.61 86 1.79 0
03:44 766.83 -12.61 86 .89 0
03:45 766.83 -12.61 86 1.79 0
03:46 766.57 -12.61 86 1.34 0
03:47 766.83 -12.61 86 .89 0
03:48 766.83 -12.61 86 1.79 0
03:49 766.83 -12.61 86 1.34 0
03:50 766.83 -12.61 86 .89 0
03:51 766.83 -12.61 86 1.34 0
03:52 766.83 -12.61 86 .89 0
03:53 766.83 -12.61 86 1.34 0
03:54 766.83 -12.61 86 1.34 0
03:55 766.83 -12.67 85 1.34 0
03:56 766.83 -12.67 85 1.34 0
03:57 766.57 -12.67 85 1.34 0
03:58 766.57 -12.67 85 .89 0
03:59 766.57 -12.67 85 1.34 0
04:00 766.83 -12.67 85 1.34 0
04:01 766.57 -12.67 85 1.79 0
04:02 766.83 -12.72 85 1.34 0
04:03 766.57 -12.72 85 1.34 0
04:04 766.57 -12.67 85 1.34 0
04:05 766.57 -12.72 85 1.79 0
04:06 766.57 -12.72 85 1.79 0
04:07 766.57 -12.72 85 1.34 0
04:08 766.57 -12.72 85 1.34 0
04:09 766.83 -12.72 85 1.79 0
04:10 766.57 -12.72 85 1.34 0
04:11 766.83 -12.72 85 .89 0
04:12 766.57 -12.72 85 1.79 0
04:13 766.57 -12.78 85 1.34 0
04:14 766.57 -12.78 85 1.34 0
04:15 766.57 -12.78 85 1.79 0
04:16 766.57 -12.78 85 1.79 0
04:17 766.57 -12.78 85 1.34 0
04:18 766.83 -12.78 85 .89 0
04:19 766.57 -12.83 85 1.34 0
04:20 766.57 -12.83 85 2.24 0
04:21 766.83 -12.83 85 1.34 0
04:22 766.83 -12.83 85 1.34 0
04:23 766.83 -12.89 85 1.79 0
04:24 766.57 -12.89 85 1.34 0
04:25 766.83 -12.89 85 1.34 0
04:26 766.57 -12.89 85 .89 0
04:27 766.57 -12.94 85 .89 0
04:28 766.83 -12.94 85 1.34 0
04:29 766.57 -12.94 85 1.34 0
04:30 766.83 -12.94 85 2.24 0
04:31 766.83 -13 85 1.34 0
04:32 766.83 -13 85 1.79 0
04:33 766.83 -13 85 .89 0
04:34 766.83 -13.06 85 1.79 0
04:35 766.57 -13.06 85 .89 0
04:36 766.83 -13 85 .89 0
04:37 766.57 -13 85 1.34 0
04:38 766.83 -13 85 .89 0
04:39 766.57 -13 85 1.79 0
04:40 766.83 -13.06 85 1.79 0
04:41 766.83 -13.06 85 2.24 0
04:42 766.57 -13 85 .89 0
04:43 766.57 -13.06 85 1.34 0
04:44 766.57 -13.06 85 1.34 0
04:45 766.57 -13.06 85 1.34 0
04:46 766.57 -13.06 85 1.79 0
04:47 766.57 -13.06 85 .89 0
04:48 766.57 -13.11 85 .89 0
04:49 766.57 -13.06 85 1.79 0
04:50 766.57 -13.11 85 1.79 0
04:51 766.57 -13.11 85 1.34 0
04:52 766.57 -13.17 85 1.79 0
04:53 766.57 -13.17 85 1.34 0
04:54 766.57 -13.17 85 1.79 0
04:55 766.57 -13.17 85 1.34 0
04:56 766.57 -13.17 85 1.34 0
04:57 766.57 -13.17 85 1.34 0
04:58 766.57 -13.22 85 1.34 0
04:59 766.57 -13.22 85 .89 0
05:00 766.57 -13.22 85 .45 0
05:01 766.57 -13.22 85 .89 0
05:02 766.57 -13.22 85 .89 0
05:03 766.57 -13.28 85 .45 0
05:04 766.57 -13.28 85 .89 0
05:05 766.57 -13.28 85 .45 0
05:06 766.57 -13.28 85 .89 0
05:07 766.57 -13.28 85 .89 0
05:08 766.57 -13.28 85 .89 0
05:09 766.57 -13.28 85 1.34 0
05:10 766.57 -13.33 85 .89 0
05:11 766.57 -13.33 85 .89 0
05:12 766.57 -13.33 85 .89 0
05:13 766.57 -13.39 85 .89 0
05:14 766.57 -13.39 85 .45 0
05:15 766.57 -13.39 85 .89 0
05:16 766.57 -13.39 85 .89 0
05:17 766.57 -13.39 85 1.34 0
05:18 766.57 -13.39 85 .45 0
05:19 766.57 -13.44 85 1.34 0
05:20 766.57 -13.44 85 .89 0
05:21 766.57 -13.44 85 1.34 0
05:22 766.57 -13.5 85 1.34 0
05:23 766.57 -13.5 85 .89 0
05:24 766.57 -13.56 85 1.34 0
05:25 766.57 -13.61 85 .89 0
05:26 766.57 -13.56 85 .89 0
05:27 766.57 -13.61 85 1.34 0
05:28 766.57 -13.61 85 .89 0
05:29 766.57 -13.67 85 .89 0
05:30 766.57 -13.67 85 1.34 0
05:31 766.57 -13.67 85 .89 0
05:32 766.57 -13.72 85 .45 0
05:33 766.57 -13.72 85 .89 0
05:34 766.57 -13.72 85 1.34 0
05:35 766.57 -13.72 85 .89 0
05:36 766.57 -13.78 85 1.79 0
05:37 766.57 -13.72 85 .89 0
05:38 766.57 -13.78 85 1.34 0
05:39 766.57 -13.78 85 .89 0
05:40 766.57 -13.78 85 .89 0
05:41 766.57 -13.78 85 1.34 0
05:42 766.57 -13.78 85 1.34 0
05:43 766.57 -13.78 85 .89 0
05:44 766.57 -13.72 85 .89 0
05:45 766.57 -13.72 85 1.34 0
05:46 766.57 -13.72 85 1.34 0
05:47 766.57 -13.72 85 .89 0
05:48 766.57 -13.72 85 1.34 0
05:49 766.57 -13.78 85 .89 0
05:50 766.57 -13.78 85 1.34 0
05:51 766.57 -13.72 85 1.79 0
05:52 766.57 -13.72 85 1.34 0
05:53 766.57 -13.72 85 1.79 0
05:54 766.57 -13.78 85 1.34 0
05:55 766.57 -13.78 85 .89 0
05:56 766.57 -13.72 85 .45 0
05:57 766.57 -13.72 85 2.24 0
05:58 766.57 -13.78 85 1.34 0
05:59 766.57 -13.72 85 .89 0
06:00 766.57 -13.72 85 .89 0
06:01 766.57 -13.72 85 .89 0
06:02 766.57 -13.72 85 1.79 0
06:03 766.57 -13.72 85 1.34 0
06:04 766.57 -13.72 85 1.34 0
06:05 766.57 -13.78 85 .89 0
06:06 766.57 -13.72 85 1.34 0
06:07 766.57 -13.72 85 1.34 0
06:08 766.57 -13.72 85 1.34 0
06:09 766.57 -13.72 85 .89 0
06:10 766.57 -13.78 85 1.34 0
06:11 766.57 -13.78 85 .89 0
06:12 766.57 -13.72 85 .89 0
06:13 766.57 -13.78 85 1.34 0
06:14 766.57 -13.78 85 1.34 0
06:15 766.57 -13.72 85 .45 0
06:16 766.57 -13.72 85 .45 0
06:17 766.57 -13.72 85 .89 0
06:18 766.57 -13.72 85 1.34 0
06:19 766.57 -13.72 85 1.79 0
06:20 766.57 -13.72 85 1.34 0
06:21 766.57 -13.72 85 1.34 0
06:22 766.57 -13.67 85 1.34 0
06:23 766.57 -13.72 85 .89 0
06:24 766.57 -13.67 85 1.34 0
06:25 766.57 -13.67 85 .89 0
06:26 766.57 -13.72 85 1.34 0
06:27 766.57 -13.72 85 .89 0
06:28 766.57 -13.67 85 1.34 0
06:29 766.57 -13.67 85 .89 0
06:30 766.57 -13.67 85 1.34 0
06:31 766.57 -13.61 85 .89 0
06:32 766.57 -13.67 85 1.34 0
06:33 766.57 -13.61 85 1.34 0
06:34 766.57 -13.67 85 .89 0
06:35 766.57 -13.67 85 1.34 0
06:36 766.57 -13.67 85 1.79 0
06:37 766.57 -13.67 85 .89 0
06:38 766.57 -13.67 85 .89 0
06:39 766.57 -13.67 85 .45 0
06:40 766.57 -13.67 85 .89 0
06:41 766.57 -13.67 85 1.34 0
06:42 766.57 -13.61 85 1.34 0
06:43 766.57 -13.61 85 .89 0
06:44 766.57 -13.61 85 .89 0
06:45 766.57 -13.61 85 .89 0
06:46 766.57 -13.61 85 .89 0
06:47 766.57 -13.61 85 1.34 0
06:48 766.57 -13.67 85 1.34 0
06:49 766.57 -13.67 85 1.34 0
06:50 766.57 -13.67 85 .89 0
06:51 766.57 -13.67 85 1.34 0
06:52 766.57 -13.72 85 .89 0
06:53 766.57 -13.72 85 .89 0
06:54 766.57 -13.72 85 1.34 0
06:55 766.57 -13.72 85 1.34 0
06:56 766.57 -13.78 85 .89 0
06:57 766.57 -13.78 85 2.24 0
06:58 766.57 -13.78 85 .89 0
06:59 766.57 -13.78 85 .89 0
07:00 766.57 -13.83 85 1.79 0
07:01 766.57 -13.83 85 .89 0
07:02 766.57 -13.83 84 1.34 0
07:03 766.57 -13.89 84 2.24 0
07:04 766.57 -13.94 84 .89 0
07:05 766.57 -13.89 84 1.34 0
07:06 766.57 -13.94 84 1.79 0
07:07 766.57 -13.94 84 1.79 0
07:08 766.57 -13.94 84 .89 0
07:09 766.57 -13.94 84 1.34 0
07:10 766.57 -13.94 84 1.34 0
07:11 766.57 -14 84 2.24 0
07:12 766.57 -14 84 .89 0
07:13 766.57 -14 85 1.79 0
07:14 766.57 -13.94 85 1.34 0
07:15 766.57 -14 85 1.34 0
07:16 766.57 -14 85 1.34 0
07:17 766.57 -14 85 1.34 0
07:18 766.57 -14 85 2.24 0
07:19 766.57 -13.94 85 1.34 0
07:20 766.57 -14 85 .89 0
07:21 766.57 -13.94 85 .89 0
07:22 766.57 -13.94 85 1.34 0
07:23 766.57 -13.94 85 .89 0
07:24 766.57 -13.94 85 1.34 0
07:25 766.57 -13.94 85 2.24 0
07:26 766.57 -13.94 85 .89 0
07:27 766.57 -13.94 85 1.34 0
07:28 766.57 -13.94 85 .89 0
07:29 766.57 -14 85 2.24 0
07:30 766.57 -13.94 85 1.34 0
07:31 766.57 -14 85 1.79 0
07:32 766.57 -14 85 .45 0
07:33 766.57 -14 85 2.68 0
07:34 766.57 -14.06 85 .45 0
07:35 766.57 -14.06 85 1.79 0
07:36 766.57 -14.06 85 .89 0
07:37 766.57 -14.06 85 1.79 0
07:38 766.57 -14.06 85 .89 0
07:39 766.57 -14.06 85 1.34 0
07:40 766.57 -14.11 85 1.34 0
07:41 766.57 -14.11 85 1.34 0
07:42 766.57 -14.06 85 .89 0
07:43 766.57 -14.11 85 .89 0
07:44 766.57 -14.06 85 .89 0
07:45 766.57 -14.11 85 1.34 0
07:46 766.57 -14.11 85 1.34 0
07:47 766.57 -14.11 85 1.34 0
07:48 766.57 -14.17 85 1.34 0
07:49 766.57 -14.17 85 .89 0
07:50 766.57 -14.17 85 .45 0
07:51 766.57 -14.17 85 .89 0
07:52 766.57 -14.17 85 .89 0
07:53 766.57 -14.17 85 1.34 0
07:54 766.57 -14.17 85 .89 0
07:55 766.57 -14.17 85 .89 0
07:56 766.57 -14.17 85 .89 0
07:57 766.57 -14.17 85 .45 0
07:58 766.57 -14.11 85 1.34 0
07:59 766.57 -14.11 85 1.34 0
08:00 766.57 -14.11 85 .89 0
08:01 766.57 -14.11 85 .89 0
08:02 766.57 -14.11 85 .89 0
08:03 766.57 -14.06 85 .89 0
08:04 766.57 -14.06 85 1.34 0
08:05 766.57 -14.11 85 1.34 0
08:06 766.57 -14.06 85 .89 0
08:07 766.57 -14.06 85 1.34 0
08:08 766.57 -14.06 85 .89 0
08:09 766.57 -14.06 85 1.34 0
08:10 766.57 -14.06 85 .89 0
08:11 766.57 -14.11 85 1.34 0
08:12 766.57 -14.11 85 .45 0
08:13 766.57 -14.06 85 .89 0
08:14 766.57 -14.11 85 .89 0
08:15 766.57 -14.11 85 1.34 0
08:16 766.57 -14.11 85 1.34 0
08:17 766.57 -14.17 85 .89 0
08:18 766.57 -14.17 85 1.34 0
08:19 766.57 -14.17 85 .89 0
08:20 766.57 -14.17 85 .89 0
08:21 766.57 -14.22 85 1.34 0
08:22 766.57 -14.22 85 1.34 0
08:23 766.57 -14.22 84 1.34 0
08:24 766.57 -14.28 84 1.34 0
08:25 766.57 -14.28 84 .89 0
08:26 766.57 -14.28 84 1.34 0
08:27 766.57 -14.28 84 1.34 0
08:28 766.57 -14.28 84 .89 0
08:29 766.57 -14.28 84 1.34 0
08:30 766.57 -14.28 84 .89 0
08:31 766.57 -14.28 84 .89 0
08:32 766.57 -14.28 84 .89 0
08:33 766.57 -14.28 84 1.34 0
08:34 766.57 -14.28 84 1.34 0
08:35 766.57 -14.33 84 1.79 0
08:36 766.57 -14.33 84 1.34 0
08:37 766.57 -14.33 84 1.34 0
08:38 766.57 -14.33 84 1.34 0
08:39 766.57 -14.33 84 1.34 0
08:40 766.57 -14.39 84 1.34 0
08:41 766.57 -14.39 84 1.34 0
08:42 766.57 -14.39 84 1.34 0
08:43 766.57 -14.44 84 2.68 0
08:44 766.57 -14.44 84 1.34 0
08:45 766.57 -14.44 84 1.79 0
08:46 766.57 -14.39 84 1.34 0
08:47 766.57 -14.44 85 1.34 0
08:48 766.57 -14.44 85 1.34 0
08:49 766.57 -14.39 85 1.34 0
08:50 766.57 -14.39 84 .89 0
08:51 766.57 -14.39 85 .89 0
08:52 766.57 -14.39 85 1.34 0
08:53 766.57 -14.33 85 .89 0
08:54 766.57 -14.33 85 .45 0
08:55 766.83 -14.33 85 1.34 0
08:56 766.57 -14.33 85 .89 0
08:57 766.83 -14.28 85 1.34 0
08:58 766.83 -14.28 85 .45 0
08:59 766.83 -14.28 85 1.34 0
09:00 766.83 -14.22 85 1.34 0
09:01 766.57 -14.22 85 1.34 0
09:02 766.83 -14.22 85 1.34 0
09:03 766.83 -14.17 85 1.34 0
09:04 766.83 -14.17 85 .45 0
09:05 766.83 -14.11 85 .89 0
09:06 766.83 -14.06 85 1.34 0
09:07 766.83 -14.06 85 .89 0
09:08 766.83 -14 85 1.79 0
09:09 766.83 -14 85 1.34 0
09:10 766.83 -14 85 1.34 0
09:11 766.83 -13.94 85 .89 0
09:12 766.83 -13.94 85 1.34 0
09:13 766.83 -13.89 85 .89 0
09:14 766.83 -13.89 85 1.34 0
09:15 766.83 -13.89 85 1.34 0
09:16 766.83 -13.83 85 1.34 0
09:17 766.83 -13.83 85 1.34 0
09:18 766.83 -13.83 85 .89 0
09:19 766.83 -13.78 85 .89 0
09:20 766.83 -13.78 85 1.34 0
09:21 766.83 -13.78 85 .89 0
09:22 766.83 -13.78 85 .89 0
09:23 766.83 -13.72 85 .89 0
09:24 766.83 -13.72 85 1.34 0
09:25 766.83 -13.72 85 1.34 0
09:26 766.83 -13.67 85 1.34 0
09:27 766.83 -13.67 85 1.79 0
09:28 766.83 -13.67 85 1.34 0
09:29 766.83 -13.61 85 1.34 0
09:30 766.83 -13.67 85 1.34 0
09:31 766.83 -13.56 85 1.34 0
09:32 766.83 -13.56 85 1.34 0
09:33 766.83 -13.56 84 1.34 0
09:34 766.83 -13.56 84 1.34 0
09:35 766.83 -13.56 84 1.34 0
09:36 766.83 -13.56 84 1.79 0
09:37 766.83 -13.56 85 1.34 0
09:38 766.83 -13.56 84 1.79 0
09:39 766.83 -13.5 84 .89 0
09:40 766.83 -13.5 84 .89 0
09:41 766.83 -13.44 84 .45 0
09:42 766.83 -13.44 84 1.34 0
09:43 766.83 -13.44 84 1.34 0
09:44 766.83 -13.39 85 .89 0
09:45 766.83 -13.44 84 .89 0
09:46 766.83 -13.39 84 1.79 0
09:47 766.83 -13.33 84 .89 0
09:48 766.83 -13.39 84 1.34 0
09:49 766.83 -13.33 84 1.34 0
09:50 766.83 -13.33 84 1.34 0
09:51 766.83 -13.28 85 .45 0
09:52 766.83 -13.22 85 1.34 0
09:53 766.83 -13.22 85 1.34 0
09:54 766.83 -13.17 85 .45 0
09:55 766.83 -13.17 84 1.34 0
09:56 766.83 -13.17 85 1.34 0
09:57 766.83 -13.11 85 .89 0
09:58 766.83 -13.11 85 1.34 0
09:59 766.83 -13.06 85 .89 0
10:00 766.83 -13.06 85 .45 0
10:01 766.83 -13 85 1.79 0
10:02 766.83 -13 84 1.34 0
10:03 766.83 -13 84 .45 0
10:04 767.08 -13 84 1.79 0
10:05 766.83 -12.94 84 1.79 0
10:06 766.83 -12.94 84 .45 0
10:07 766.83 -12.94 84 .89 0
10:08 767.08 -12.89 84 .89 0
10:09 766.83 -12.89 84 .89 0
10:10 766.83 -12.89 84 .89 0
10:11 766.83 -12.83 84 .45 0
10:12 766.83 -12.78 85 1.34 0
10:13 766.83 -12.78 85 1.34 0
10:14 766.83 -12.72 85 .89 0
10:15 766.83 -12.72 85 1.79 0
10:16 766.83 -12.72 85 1.34 0
10:17 766.83 -12.72 85 .89 0
10:18 766.83 -12.67 84 1.34 0
10:19 766.83 -12.67 84 1.34 0
10:20 766.83 -12.61 84 1.34 0
10:21 766.83 -12.61 84 1.34 0
10:22 767.08 -12.61 84 1.79 0
10:23 766.83 -12.61 84 .89 0
10:24 767.08 -12.56 84 1.34 0
10:25 767.08 -12.56 85 1.79 0
10:26 767.08 -12.56 85 1.79 0
10:27 767.08 -12.56 84 1.79 0
10:28 767.08 -12.56 84 .89 0
10:29 767.08 -12.5 84 1.79 0
10:30 767.08 -12.5 84 1.34 0
10:31 767.08 -12.44 84 1.34 0
10:32 766.83 -12.44 85 .89 0
10:33 767.08 -12.44 84 1.34 0
10:34 767.08 -12.39 84 1.34 0
10:35 767.08 -12.33 84 .89 0
10:36 767.08 -12.33 85 .89 0
10:37 767.08 -12.33 85 .45 0
10:38 767.08 -12.28 85 0 0
10:39 767.08 -12.22 85 .89 0
10:40 767.08 -12.17 85 1.34 0
10:41 767.08 -12.06 85 .89 0
10:42 767.08 -12 85 .45 0
10:43 767.08 -11.94 85 .45 0
10:44 767.08 -11.89 85 .89 0
10:45 767.08 -11.89 85 .45 0
10:46 767.08 -11.83 85 .89 0
10:47 767.08 -11.83 85 .45 0
10:48 767.08 -11.78 85 .89 0
10:49 767.08 -11.72 85 1.79 0
10:50 767.08 -11.72 85 .89 0
10:51 767.08 -11.67 85 1.34 0
10:52 767.08 -11.67 85 .89 0
10:53 767.08 -11.67 85 .89 0
10:54 767.08 -11.67 84 .45 0
10:55 767.08 -11.67 84 .45 0
10:56 767.08 -11.61 84 .45 0
10:57 767.08 -11.61 84 1.79 0
10:58 767.08 -11.56 84 1.34 0
10:59 767.08 -11.56 84 .89 0
11:00 767.08 -11.5 84 1.34 0
11:01 767.08 -11.5 84 1.34 0
11:02 767.08 -11.44 85 .89 0
11:03 767.08 -11.39 85 .89 0
11:04 767.08 -11.33 85 .89 0
11:05 767.08 -11.33 85 .45 0
11:06 767.08 -11.33 85 .89 0
11:07 767.08 -11.33 85 .45 0
11:08 767.08 -11.33 84 .89 0
11:09 767.08 -11.33 84 1.34 0
11:10 767.08 -11.33 84 .45 0
11:11 767.08 -11.28 85 1.34 0
11:12 767.08 -11.28 85 .45 0
11:13 767.08 -11.28 84 1.79 0
11:14 767.08 -11.22 84 1.34 0
11:15 767.08 -11.22 84 .89 0
11:16 767.08 -11.22 84 .45 0
11:17 767.08 -11.22 84 1.34 0
11:18 767.08 -11.17 85 .45 0
11:19 767.08 -11.17 85 1.34 0
11:20 767.08 -11.11 85 .89 0
11:21 767.08 -11.06 85 1.79 0
11:22 767.08 -11 85 .89 0
11:23 767.08 -10.94 85 1.34 0
11:24 767.08 -10.94 85 .89 0
11:25 767.08 -10.89 85 1.79 0
11:26 767.08 -10.89 85 1.34 0
11:27 767.08 -10.94 85 1.34 0
11:28 767.08 -10.89 84 .89 0
11:29 767.08 -10.83 84 1.34 0
11:30 767.08 -10.83 84 1.79 0
11:31 767.08 -10.83 84 .45 0
11:32 767.08 -10.78 84 1.34 0
11:33 767.08 -10.78 85 .89 0
11:34 767.08 -10.67 85 1.34 0
11:35 767.08 -10.67 85 1.34 0
11:36 767.08 -10.61 85 1.34 0
11:37 767.08 -10.61 85 .89 0
11:38 767.08 -10.61 85 .45 0
11:39 767.08 -10.56 85 .89 0
11:40 767.08 -10.56 85 1.34 0
11:41 767.08 -10.56 85 .89 0
11:42 767.08 -10.56 85 .45 0
11:43 767.08 -10.56 84 1.34 0
11:44 767.08 -10.56 84 1.34 0
11:45 767.08 -10.56 84 0 0
11:46 767.08 -10.5 84 .89 0
11:47 767.08 -10.5 84 .89 0
11:48 767.08 -10.5 85 .89 0
11:49 767.08 -10.5 85 1.34 0
11:50 767.08 -10.44 85 1.34 0
11:51 766.83 -10.44 85 .89 0
11:52 767.08 -10.39 85 .89 0
11:53 767.08 -10.39 85 1.79 0
11:54 767.08 -10.39 85 1.34 0
11:55 767.08 -10.33 85 1.34 0
11:56 767.08 -10.33 85 1.34 0
11:57 767.08 -10.28 85 .45 0
11:58 767.08 -10.28 85 .89 0
11:59 767.08 -10.22 85 .89 0
12:00 767.08 -10.22 85 .45 0
12:01 767.08 -10.22 85 .89 0
12:02 767.08 -10.17 85 .89 0
12:03 767.08 -10.11 85 1.34 0
12:04 767.08 -10.17 85 1.34 0
12:05 767.08 -10.17 85 1.34 0
12:06 767.08 -10.17 85 .89 0
12:07 767.08 -10.17 85 1.34 0
12:08 767.08 -10.11 85 1.79 0
12:09 767.08 -10.06 85 1.34 0
12:10 766.83 -10.06 85 1.79 0
12:11 766.83 -10.06 85 1.34 0
12:12 766.83 -10.06 85 .89 0
12:13 766.83 -10.06 85 2.68 0
12:14 766.83 -10.06 85 .89 0
12:15 766.83 -10 85 1.79 0
12:16 767.08 -10 85 1.34 0
12:17 767.08 -9.94 85 .89 0
12:18 766.83 -9.94 85 .45 0
12:19 766.83 -9.94 85 1.79 0
12:20 766.83 -9.89 85 .89 0
12:21 766.83 -9.78 85 .89 0
12:22 766.83 -9.78 85 .89 0
12:23 766.83 -9.72 85 .45 0
12:24 766.83 -9.67 85 1.34 0
12:25 766.83 -9.61 85 .89 0
12:26 766.83 -9.56 85 .45 0
12:27 766.83 -9.56 85 .45 0
12:28 766.83 -9.5 85 1.34 0
12:29 766.83 -9.5 85 .89 0
12:30 766.83 -9.44 85 .89 0
12:31 766.83 -9.39 85 1.34 0
12:32 766.83 -9.39 85 1.34 0
12:33 766.83 -9.33 85 1.34 0
12:34 766.83 -9.28 85 1.34 0
12:35 766.83 -9.28 85 1.34 0
12:36 766.83 -9.22 85 1.79 0
12:37 766.83 -9.28 85 .45 0
12:38 766.83 -9.28 85 1.34 0
12:39 766.83 -9.22 85 1.79 0
12:40 766.83 -9.22 85 .45 0
12:41 766.83 -9.22 85 2.68 0
12:42 766.83 -9.17 85 1.79 0
12:43 766.83 -9.17 85 1.79 0
12:44 766.83 -9.11 85 1.34 0
12:45 766.83 -9.11 85 1.79 0
12:46 766.83 -9.06 85 1.34 0
12:47 766.83 -9.06 85 1.34 0
12:48 766.83 -9 85 1.79 0
12:49 766.83 -8.94 85 .89 0
12:50 766.83 -8.94 85 0 0
12:51 766.83 -8.94 85 .45 0
12:52 766.83 -8.89 85 1.34 0
12:53 766.83 -8.83 85 1.34 0
12:54 766.83 -8.83 85 .45 0
12:55 766.83 -8.78 85 .89 0
12:56 766.83 -8.78 85 .45 0
12:57 766.83 -8.78 85 1.79 0
12:58 766.83 -8.72 85 1.34 0
12:59 766.83 -8.67 85 1.34 0
13:00 766.83 -8.61 85 1.34 0
13:01 766.83 -8.61 85 1.34 0
13:02 766.83 -8.67 85 2.68 0
13:03 766.83 -8.67 85 2.68 0
13:04 766.83 -8.67 85 .89 0
13:05 766.83 -8.61 85 1.79 0
13:06 766.83 -8.67 85 .89 0
13:07 766.83 -8.61 85 .45 0
13:08 766.83 -8.61 85 .89 0
13:09 766.83 -8.56 85 .45 0
13:10 766.83 -8.5 85 .89 0
13:11 766.83 -8.44 85 .89 0
13:12 766.83 -8.44 85 .45 0
13:13 766.83 -8.39 85 1.34 0
13:14 766.83 -8.39 85 1.79 0
13:15 766.83 -8.39 85 1.79 0
13:16 766.83 -8.33 85 .89 0
13:17 766.83 -8.33 85 1.79 0
13:18 766.83 -8.33 85 .45 0
13:19 766.83 -8.28 85 2.24 0
13:20 766.57 -8.28 85 .45 0
13:21 766.83 -8.28 85 1.79 0
13:22 766.83 -8.22 85 .89 0
13:23 766.83 -8.22 85 .45 0
13:24 766.83 -8.22 85 1.34 0
13:25 766.83 -8.22 85 .89 0
13:26 766.83 -8.22 84 .45 0
13:27 766.83 -8.17 85 .89 0
13:28 766.83 -8.17 85 .45 0
13:29 766.57 -8.17 85 1.34 0
13:30 766.57 -8.17 85 1.34 0
13:31 766.83 -8.11 85 1.34 0
13:32 766.57 -8.17 84 1.79 0
13:33 766.83 -8.17 84 .89 0
13:34 766.57 -8.17 84 1.34 0
13:35 766.57 -8.17 84 1.34 0
13:36 766.57 -8.17 84 .89 0
13:37 766.57 -8.11 84 .89 0
13:38 766.57 -8.17 84 1.79 0
13:39 766.57 -8.17 84 1.79 0
13:40 766.57 -8.17 84 1.34 0
13:41 766.57 -8.17 84 1.34 0
13:42 766.57 -8.17 84 1.79 0
13:43 766.57 -8.22 84 .45 0
13:44 766.57 -8.22 84 .89 0
13:45 766.57 -8.22 85 1.79 0
13:46 766.57 -8.22 85 1.34 0
13:47 766.57 -8.22 85 1.34 0
13:48 766.57 -8.22 85 .45 0
13:49 766.57 -8.17 85 1.79 0
13:50 766.57 -8.22 85 1.34 0
13:51 766.57 -8.22 85 1.34 0
13:52 766.57 -8.22 85 1.79 0
13:53 766.83 -8.22 85 .89 0
13:54 766.57 -8.17 85 0 0
13:55 766.57 -8.17 85 1.34 0
13:56 766.57 -8.17 85 0 0
13:57 766.57 -8.17 85 1.34 0
13:58 766.57 -8.11 85 1.34 0
13:59 766.57 -8.11 85 .89 0
14:00 766.57 -8.06 85 .89 0
14:01 766.57 -8.06 85 .89 0
14:02 766.83 -8.06 85 1.34 0
14:03 766.57 -8.06 85 1.34 0
14:04 766.57 -8.06 85 .89 0
14:05 766.57 -8 85 1.34 0
14:06 766.57 -8 85 .45 0
14:07 766.57 -8 85 1.34 0
14:08 766.57 -8 85 1.34 0
14:09 766.57 -8 85 1.34 0
14:10 766.57 -7.94 85 .45 0
14:11 766.57 -8 84 1.34 0
14:12 766.83 -7.94 85 .45 0
14:13 766.57 -7.94 85 .89 0
14:14 766.57 -7.94 85 1.34 0
14:15 766.57 -7.94 85 .89 0
14:16 766.83 -7.94 84 1.79 0
14:17 766.57 -7.94 85 2.24 0
14:18 766.57 -7.94 85 0 0
14:19 766.57 -7.94 85 2.24 0
14:20 766.57 -7.89 85 3.13 0
14:21 766.57 -7.89 85 1.79 0
14:22 766.57 -7.83 85 1.34 0
14:23 766.57 -7.83 84 1.79 0
14:24 766.57 -7.89 84 1.79 0
14:25 766.57 -7.89 84 1.79 0
14:26 766.57 -7.89 84 1.79 0
14:27 766.57 -7.89 84 3.13 0
14:28 766.57 -7.89 84 2.24 0
14:29 766.57 -7.89 84 2.24 0
14:30 766.57 -7.89 84 2.24 0
14:31 766.57 -7.94 84 1.34 0
14:32 766.57 -7.89 84 2.24 0
14:33 766.57 -7.89 84 2.24 0
14:34 766.57 -7.94 84 2.24 0
14:35 766.57 -7.94 84 2.24 0
14:36 766.57 -7.94 84 1.79 0
14:37 766.57 -7.94 84 3.13 0
14:38 766.57 -7.94 84 1.79 0
14:39 766.57 -7.94 84 1.79 0
14:40 766.57 -7.94 84 1.79 0
14:41 766.57 -7.94 84 2.24 0
14:42 766.57 -7.94 84 .89 0
14:43 766.57 -7.94 84 1.34 0
14:44 766.57 -7.89 84 1.34 0
14:45 766.57 -7.94 84 .89 0
14:46 766.83 -7.89 84 .89 0
14:47 766.57 -7.94 84 1.34 0
14:48 766.57 -7.89 84 1.34 0
14:49 766.57 -7.89 84 1.34 0
14:50 766.57 -7.89 84 .89 0
14:51 766.57 -7.89 84 1.34 0
14:52 766.57 -7.89 84 .89 0
14:53 766.57 -7.89 84 .89 0
14:54 766.57 -7.89 84 1.34 0
14:55 766.83 -7.89 84 1.34 0
14:56 766.57 -7.89 84 .89 0
14:57 766.57 -7.89 84 .89 0
14:58 766.57 -7.89 84 1.34 0
14:59 766.57 -7.89 84 2.24 0
15:00 766.57 -7.94 84 .45 0
15:01 766.57 -7.89 84 .89 0
15:02 766.57 -7.94 84 2.24 0
15:03 766.83 -7.94 85 .89 0
15:04 766.57 -7.94 85 1.79 0
15:05 766.57 -8 85 .45 0
15:06 766.57 -7.94 85 .89 0
15:07 766.57 -7.94 84 .89 0
15:08 766.83 -8 84 .89 0
15:09 766.57 -8 85 .45 0
15:10 766.57 -8.06 85 1.34 0
15:11 766.57 -8.06 85 .45 0
15:12 766.57 -8.11 84 .45 0
15:13 766.57 -8.11 85 .45 0
15:14 766.83 -8.17 85 .89 0
15:15 766.57 -8.17 85 .89 0
15:16 766.57 -8.17 85 0 0
15:17 766.83 -8.17 85 1.34 0
15:18 766.57 -8.22 85 1.34 0
15:19 766.83 -8.28 85 .89 0
15:20 766.57 -8.28 85 .89 0
15:21 766.83 -8.28 85 .89 0
15:22 766.83 -8.28 85 .45 0
15:23 766.83 -8.28 85 2.24 0
15:24 766.57 -8.28 85 2.24 0
15:25 766.57 -8.33 85 .89 0
15:26 766.83 -8.33 85 1.34 0
15:27 766.83 -8.33 85 1.79 0
15:28 766.83 -8.39 85 1.34 0
15:29 766.83 -8.39 85 .89 0
15:30 766.83 -8.44 85 .45 0
15:31 766.83 -8.39 85 .89 0
15:32 766.83 -8.44 85 1.79 0
15:33 766.83 -8.44 85 1.79 0
15:34 766.83 -8.44 85 .89 0
15:35 766.83 -8.44 85 .45 0
15:36 766.83 -8.44 85 .45 0
15:37 766.83 -8.5 85 .89 0
15:38 766.83 -8.44 85 .89 0
15:39 766.83 -8.5 85 .89 0
15:40 766.83 -8.5 85 .89 0
15:41 766.83 -8.5 85 1.34 0
15:42 766.83 -8.56 85 .89 0
15:43 766.83 -8.56 85 1.79 0
15:44 766.83 -8.61 85 1.79 0
15:45 766.83 -8.61 85 1.79 0
15:46 766.83 -8.67 85 .89 0
15:47 766.83 -8.67 85 1.34 0
15:48 766.83 -8.67 85 1.79 0
15:49 766.83 -8.72 85 1.79 0
15:50 766.83 -8.78 85 2.24 0
15:51 766.83 -8.72 85 1.34 0
15:52 766.83 -8.72 85 2.24 0
15:53 766.83 -8.72 85 1.34 0
15:54 766.83 -8.78 85 1.79 0
15:55 766.83 -8.78 86 1.34 0
15:56 766.83 -8.78 86 2.24 0
15:57 766.83 -8.78 86 1.79 0
15:58 766.83 -8.78 86 .89 0
15:59 766.83 -8.78 86 1.79 0
16:00 766.83 -8.83 86 1.34 0
16:01 766.83 -8.83 86 1.79 0
16:02 766.57 -8.83 86 1.34 0
16:03 766.57 -8.83 86 1.79 0
16:04 766.57 -8.83 86 1.79 0
16:05 766.57 -8.83 86 1.79 0
16:06 766.83 -8.83 86 1.34 0
16:07 766.57 -8.83 86 1.79 0
16:08 766.57 -8.83 86 1.34 0
16:09 766.57 -8.89 86 1.34 0
16:10 766.57 -8.89 86 1.79 0
16:11 766.57 -8.89 86 1.34 0
16:12 766.57 -8.89 86 1.79 0
16:13 766.83 -8.89 86 1.34 0
16:14 766.57 -8.89 86 1.34 0
16:15 766.57 -8.94 86 .89 0
16:16 766.57 -8.94 86 1.34 0
16:17 766.57 -8.94 86 .89 0
16:18 766.57 -9 86 1.34 0
16:19 766.57 -9 86 1.34 0
16:20 766.57 -9 86 .89 0
16:21 766.57 -9.06 86 1.34 0
16:22 766.57 -9.06 86 .45 0
16:23 766.57 -9.06 86 .89 0
16:24 766.57 -9.06 86 1.34 0
16:25 766.57 -9.06 86 1.79 0
16:26 766.57 -9.06 86 .89 0
16:27 766.57 -9.11 86 .89 0
16:28 766.57 -9.17 86 1.79 0
16:29 766.57 -9.17 86 .89 0
16:30 766.57 -9.17 86 1.34 0
16:31 766.57 -9.17 86 1.34 0
16:32 766.57 -9.22 86 1.79 0
16:33 766.57 -9.22 86 .89 0
16:34 766.57 -9.22 86 1.34 0
16:35 766.57 -9.22 86 .89 0
16:36 766.57 -9.22 86 1.34 0
16:37 766.57 -9.28 86 .89 0
16:38 766.57 -9.28 86 .89 0
16:39 766.57 -9.28 86 .89 0
16:40 766.57 -9.28 86 .89 0
16:41 766.57 -9.28 86 1.34 0
16:42 766.57 -9.28 86 1.34 0
16:43 766.57 -9.33 86 1.34 0
16:44 766.57 -9.33 86 .89 0
16:45 766.57 -9.33 86 .89 0
16:46 766.57 -9.39 86 .89 0
16:47 766.57 -9.39 86 .89 0
16:48 766.57 -9.39 86 1.34 0
16:49 766.57 -9.39 86 .89 0
16:50 766.57 -9.39 86 .89 0
16:51 766.57 -9.39 86 1.79 0
16:52 766.57 -9.39 86 1.79 0
16:53 766.57 -9.44 86 1.34 0
16:54 766.57 -9.44 86 1.34 0
16:55 766.57 -9.44 86 1.34 0
16:56 766.57 -9.44 86 2.24 0
16:57 766.57 -9.44 86 .89 0
16:58 766.57 -9.44 87 1.34 0
16:59 766.57 -9.5 86 1.34 0
17:00 766.57 -9.5 86 1.34 0
17:01 766.57 -9.5 86 1.34 0
17:02 766.57 -9.5 86 1.79 0
17:03 766.57 -9.56 86 .89 0
17:04 766.57 -9.5 86 1.34 0
17:05 766.57 -9.56 86 .89 0
17:06 766.57 -9.56 86 1.34 0
17:07 766.57 -9.56 87 1.34 0
17:08 766.57 -9.56 87 1.34 0
17:09 766.57 -9.56 87 .89 0
17:10 766.57 -9.56 87 1.79 0
17:11 766.57 -9.56 87 .89 0
17:12 766.57 -9.56 87 1.79 0
17:13 766.57 -9.56 87 1.79 0
17:14 766.57 -9.5 87 1.79 0
17:15 766.57 -9.5 87 1.34 0
17:16 766.57 -9.5 87 1.79 0
17:17 766.57 -9.5 87 .89 0
17:18 766.57 -9.5 87 .89 0
17:19 766.57 -9.56 87 .89 0
17:20 766.57 -9.5 87 1.34 0
17:21 766.57 -9.56 87 .45 0
17:22 766.57 -9.56 87 1.34 0
17:23 766.57 -9.56 87 1.79 0
17:24 766.57 -9.56 87 .89 0
17:25 766.57 -9.61 87 1.34 0
17:26 766.57 -9.61 87 1.79 0
17:27 766.57 -9.61 87 1.34 0
17:28 766.57 -9.61 87 .89 0
17:29 766.57 -9.61 87 .89 0
17:30 766.57 -9.67 87 .89 0
17:31 766.57 -9.67 87 .89 0
17:32 766.57 -9.67 87 .89 0
17:33 766.57 -9.72 87 1.34 0
17:34 766.57 -9.72 87 1.34 0
17:35 766.57 -9.72 87 1.34 0
17:36 766.57 -9.78 87 1.34 0
17:37 766.57 -9.78 87 .89 0
17:38 766.57 -9.78 87 1.79 0
17:39 766.57 -9.78 87 .89 0
17:40 766.57 -9.78 87 .89 0
17:41 766.57 -9.78 87 .89 0
17:42 766.57 -9.78 87 .89 0
17:43 766.57 -9.78 87 .89 0
17:44 766.57 -9.83 87 1.34 0
17:45 766.57 -9.78 87 1.79 0
17:46 766.57 -9.83 87 .89 0
17:47 766.57 -9.83 87 1.34 0
17:48 766.57 -9.83 87 1.34 0
17:49 766.57 -9.83 87 .89 0
17:50 766.57 -9.83 87 1.34 0
17:51 766.57 -9.83 87 .89 0
17:52 766.57 -9.83 87 .45 0
17:53 766.57 -9.83 87 1.34 0
17:54 766.57 -9.83 87 1.34 0
17:55 766.57 -9.83 87 1.34 0
17:56 766.57 -9.89 87 1.34 0
17:57 766.57 -9.89 87 .89 0
17:58 766.57 -9.83 87 .45 0
17:59 766.57 -9.94 87 1.34 0
18:00 766.57 -9.94 87 .89 0
18:01 766.57 -9.94 87 1.34 0
18:02 766.57 -9.94 87 .89 0
18:03 766.57 -9.94 87 .89 0
18:04 766.57 -9.94 87 .89 0
18:05 766.57 -9.94 87 2.24 0
18:06 766.57 -10 87 1.34 0
18:07 766.57 -10 87 .89 0
18:08 766.57 -10 87 .89 0
18:09 766.57 -10 87 1.34 0
18:10 766.57 -10 87 .89 0
18:11 766.57 -10.06 87 .89 0
18:12 766.57 -10 87 .89 0
18:13 766.57 -10 87 .89 0
18:14 766.57 -10 87 .89 0
18:15 766.57 -10.06 87 1.34 0
18:16 766.57 -10.06 87 .89 0
18:17 766.57 -10.11 87 1.34 0
18:18 766.57 -10.06 87 .89 0
18:19 766.57 -10.11 87 1.34 0
18:20 766.57 -10.11 87 1.79 0
18:21 766.57 -10.11 87 1.34 0
18:22 766.57 -10.11 87 1.34 0
18:23 766.57 -10.17 87 1.34 0
18:24 766.57 -10.17 87 1.34 0
18:25 766.57 -10.17 87 .89 0
18:26 766.57 -10.17 87 1.34 0
18:27 766.57 -10.17 87 .45 0
18:28 766.57 -10.17 87 1.34 0
18:29 766.57 -10.17 87 1.34 0
18:30 766.57 -10.17 87 1.79 0
18:31 766.57 -10.22 87 1.34 0
18:32 766.57 -10.22 87 1.79 0
18:33 766.57 -10.22 87 .89 0
18:34 766.57 -10.22 87 1.79 0
18:35 766.57 -10.22 87 1.79 0
18:36 766.57 -10.22 87 1.34 0
18:37 766.57 -10.22 87 1.34 0
18:38 766.57 -10.22 87 2.24 0
18:39 766.57 -10.28 87 1.34 0
18:40 766.57 -10.28 87 1.79 0
18:41 766.57 -10.28 87 .89 0
18:42 766.57 -10.28 87 1.79 0
18:43 766.57 -10.33 87 1.79 0
18:44 766.57 -10.28 87 1.79 0
18:45 766.57 -10.28 87 1.79 0
18:46 766.57 -10.28 87 1.34 0
18:47 766.57 -10.28 87 1.34 0
18:48 766.57 -10.28 87 1.34 0
18:49 766.57 -10.33 87 3.13 0
18:50 766.57 -10.28 87 2.24 0
18:51 766.57 -10.28 87 .89 0
18:52 766.57 -10.28 87 1.34 0
18:53 766.57 -10.22 87 1.79 0
18:54 766.57 -10.28 87 2.24 0
18:55 766.57 -10.28 87 2.24 0
18:56 766.57 -10.22 87 2.24 0
18:57 766.57 -10.22 87 1.34 0
18:58 766.57 -10.28 87 1.34 0
18:59 766.57 -10.22 87 1.79 0
19:00 766.57 -10.22 87 1.34 0
19:01 766.57 -10.22 87 1.34 0
19:02 766.57 -10.22 87 1.34 0
19:03 766.57 -10.28 87 .89 0
19:04 766.57 -10.22 87 1.34 0
19:05 766.57 -10.22 87 1.79 0
19:06 766.57 -10.22 87 1.79 0
19:07 766.57 -10.28 87 1.34 0
19:08 766.57 -10.28 87 .89 0
19:09 766.57 -10.28 87 1.79 0
19:10 766.57 -10.28 87 1.79 0
19:11 766.57 -10.28 87 1.34 0
19:12 766.57 -10.28 87 .89 0
19:13 766.57 -10.28 87 1.34 0
19:14 766.57 -10.33 87 1.79 0
19:15 766.57 -10.33 87 1.34 0
19:16 766.57 -10.39 87 1.34 0
19:17 766.57 -10.39 87 .89 0
19:18 766.57 -10.39 87 1.34 0
19:19 766.57 -10.39 87 1.34 0
19:20 766.57 -10.39 87 1.34 0
19:21 766.57 -10.39 87 1.79 0
19:22 766.57 -10.39 87 1.34 0
19:23 766.57 -10.39 87 1.34 0
19:24 766.57 -10.44 87 .89 0
19:25 766.57 -10.39 87 .89 0
19:26 766.57 -10.44 87 1.79 0
19:27 766.57 -10.39 87 1.79 0
19:28 766.57 -10.39 87 1.34 0
19:29 766.57 -10.39 87 1.34 0
19:30 766.57 -10.44 87 .89 0
19:31 766.57 -10.44 87 .89 0
19:32 766.57 -10.44 87 .89 0
19:33 766.57 -10.44 87 .89 0
19:34 766.57 -10.44 87 1.34 0
19:35 766.57 -10.44 87 1.34 0
19:36 766.57 -10.5 87 1.34 0
19:37 766.57 -10.44 87 1.34 0
19:38 766.57 -10.44 87 .45 0
19:39 766.57 -10.5 87 .45 0
19:40 766.57 -10.5 87 .89 0
19:41 766.57 -10.5 87 .89 0
19:42 766.57 -10.44 87 .89 0
19:43 766.57 -10.44 87 .89 0
19:44 766.57 -10.5 87 .89 0
19:45 766.57 -10.5 87 .89 0
19:46 766.57 -10.5 87 .89 0
19:47 766.57 -10.5 87 1.34 0
19:48 766.57 -10.56 87 1.34 0
19:49 766.57 -10.5 87 .89 0
19:50 766.57 -10.56 87 1.34 0
19:51 766.57 -10.56 87 1.79 0
19:52 766.57 -10.56 87 1.34 0
19:53 766.57 -10.56 87 1.34 0
19:54 766.57 -10.56 87 1.34 0
19:55 766.57 -10.56 87 1.34 0
19:56 766.57 -10.56 87 .89 0
19:57 766.57 -10.56 87 .89 0
19:58 766.57 -10.56 87 .89 0
19:59 766.57 -10.56 87 .89 0
20:00 766.57 -10.56 87 .89 0
20:01 766.57 -10.56 87 .45 0
20:02 766.57 -10.56 87 1.34 0
20:03 766.57 -10.56 87 1.34 0
20:04 766.57 -10.61 87 .89 0
20:05 766.57 -10.67 87 1.34 0
20:06 766.57 -10.67 87 1.34 0
20:07 766.57 -10.67 87 1.34 0
20:08 766.57 -10.67 87 .89 0
20:09 766.57 -10.67 87 .89 0
20:10 766.57 -10.72 87 .89 0
20:11 766.57 -10.72 87 1.34 0
20:12 766.57 -10.72 87 1.34 0
20:13 766.57 -10.72 87 1.34 0
20:14 766.57 -10.72 87 .89 0
20:15 766.57 -10.72 87 1.79 0
20:16 766.57 -10.78 87 1.34 0
20:17 766.57 -10.78 87 1.34 0
20:18 766.57 -10.78 87 .89 0
20:19 766.57 -10.83 87 1.34 0
20:20 766.57 -10.83 87 1.79 0
20:21 766.57 -10.89 87 1.79 0
20:22 766.57 -10.89 87 1.34 0
20:23 766.57 -10.83 87 1.34 0
20:24 766.57 -10.89 87 .89 0
20:25 766.57 -10.89 87 1.34 0
20:26 766.57 -10.89 87 1.34 0
20:27 766.57 -10.89 87 .89 0
20:28 766.57 -10.83 87 1.34 0
20:29 766.57 -10.83 87 1.34 0
20:30 766.57 -10.83 87 1.34 0
20:31 766.57 -10.83 87 1.34 0
20:32 766.57 -10.83 87 .89 0
20:33 766.57 -10.83 87 .89 0
20:34 766.57 -10.83 87 1.34 0
20:35 766.57 -10.83 87 1.34 0
20:36 766.57 -10.83 87 1.79 0
20:37 766.57 -10.83 87 1.34 0
20:38 766.57 -10.83 87 1.34 0
20:39 766.57 -10.83 87 .89 0
20:40 766.57 -10.83 87 .89 0
20:41 766.57 -10.83 87 1.34 0
20:42 766.57 -10.83 87 1.34 0
20:43 766.57 -10.83 87 1.34 0
20:44 766.57 -10.83 87 .89 0
20:45 766.57 -10.89 87 1.79 0
20:46 766.57 -10.89 87 .89 0
20:47 766.57 -10.89 87 .89 0
20:48 766.57 -10.89 87 1.34 0
20:49 766.57 -10.89 87 .89 0
20:50 766.57 -10.89 87 1.34 0
20:51 766.57 -10.89 87 1.34 0
20:52 766.57 -10.89 87 1.34 0
20:53 766.57 -10.94 87 1.34 0
20:54 766.57 -10.94 87 1.34 0
20:55 766.57 -10.94 87 1.34 0
20:56 766.57 -10.94 87 1.79 0
20:57 766.57 -11 87 1.34 0
20:58 766.57 -10.94 87 1.34 0
20:59 766.57 -11 87 1.34 0
21:00 766.57 -11.06 87 1.34 0
21:01 766.57 -11.06 87 1.79 0
21:02 766.57 -11.06 87 1.34 0
21:03 766.57 -11.06 87 .89 0
21:04 766.57 -11.11 87 .89 0
21:05 766.57 -11.11 87 1.34 0
21:06 766.57 -11.11 87 .89 0
21:07 766.57 -11.17 87 .89 0
21:08 766.57 -11.17 87 1.34 0
21:09 766.57 -11.17 87 .45 0
21:10 766.57 -11.17 87 1.34 0
21:11 766.57 -11.17 87 1.79 0
21:12 766.57 -11.17 87 1.34 0
21:13 766.57 -11.22 87 1.79 0
21:14 766.57 -11.22 87 1.34 0
21:15 766.57 -11.28 87 1.34 0
21:16 766.57 -11.28 87 1.79 0
21:17 766.57 -11.28 87 .89 0
21:18 766.57 -11.33 87 1.34 0
21:19 766.57 -11.33 87 .89 0
21:20 766.57 -11.33 87 .89 0
21:21 766.57 -11.39 87 1.34 0
21:22 766.57 -11.39 87 1.34 0
21:23 766.57 -11.44 87 1.34 0
21:24 766.57 -11.44 87 1.34 0
21:25 766.57 -11.44 87 1.34 0
21:26 766.57 -11.5 87 .89 0
21:27 766.57 -11.56 87 1.79 0
21:28 766.57 -11.56 87 1.34 0
21:29 766.57 -11.56 86 1.34 0
21:30 766.57 -11.56 86 1.34 0
21:31 766.57 -11.56 87 1.34 0
21:32 766.57 -11.56 87 1.79 0
21:33 766.57 -11.61 87 1.79 0
21:34 766.57 -11.61 87 1.34 0
21:35 766.57 -11.61 87 1.34 0
21:36 766.57 -11.61 87 1.79 0
21:37 766.57 -11.56 87 1.34 0
21:38 766.57 -11.56 87 .89 0
21:39 766.57 -11.5 87 .89 0
21:40 766.57 -11.44 87 .89 0
21:41 766.57 -11.44 87 0 0
21:42 766.57 -11.44 87 0 0
21:43 766.57 -11.39 87 .89 0
21:44 766.57 -11.39 87 .45 0
21:45 766.57 -11.33 87 .89 0
21:46 766.57 -11.39 87 .45 0
21:47 766.57 -11.33 87 .45 0
21:48 766.83 -11.33 87 0 0
21:49 766.83 -11.33 87 .45 0
21:50 766.83 -11.33 87 0 0
21:51 766.57 -11.33 87 .45 0
21:52 766.83 -11.33 87 .89 0
21:53 766.83 -11.33 87 .45 0
21:54 766.83 -11.33 87 .89 0
21:55 766.83 -11.33 87 .89 0
21:56 766.83 -11.33 87 .89 0
21:57 766.83 -11.33 87 .89 0
21:58 766.83 -11.33 87 .89 0
21:59 766.83 -11.33 87 .89 0
22:00 766.83 -11.39 87 .45 0
22:01 766.83 -11.39 87 .89 0
22:02 766.83 -11.39 87 .89 0
22:03 766.83 -11.39 87 .89 0
22:04 766.83 -11.39 87 .89 0
22:05 766.83 -11.39 87 1.34 0
22:06 766.83 -11.39 87 .89 0
22:07 766.83 -11.39 87 .89 0
22:08 766.83 -11.39 87 .89 0
22:09 766.83 -11.39 87 .89 0
22:10 766.83 -11.39 87 .45 0
22:11 766.83 -11.39 87 1.34 0
22:12 766.83 -11.39 87 .89 0
22:13 766.83 -11.39 87 1.34 0
22:14 766.83 -11.39 87 1.34 0
22:15 766.83 -11.39 87 .89 0
22:16 766.83 -11.39 87 .89 0
22:17 766.83 -11.39 87 .89 0
22:18 766.83 -11.39 87 .89 0
22:19 767.08 -11.39 87 .89 0
22:20 767.08 -11.44 87 .89 0
22:21 766.83 -11.39 87 .45 0
22:22 766.83 -11.44 87 .89 0
22:23 766.83 -11.5 87 .89 0
22:24 767.08 -11.5 87 .89 0
22:25 767.08 -11.56 87 .89 0
22:26 767.08 -11.56 87 .89 0
22:27 767.08 -11.61 87 .89 0
22:28 767.08 -11.61 87 .89 0
22:29 767.08 -11.67 87 .89 0
22:30 767.08 -11.67 87 1.34 0
22:31 767.08 -11.72 87 .45 0
22:32 767.08 -11.72 87 .45 0
22:33 767.08 -11.72 87 .89 0
22:34 767.08 -11.78 87 .89 0
22:35 767.08 -11.78 86 .89 0
22:36 767.08 -11.83 86 .89 0
22:37 767.08 -11.83 86 .89 0
22:38 767.08 -11.83 86 .89 0
22:39 767.08 -11.89 86 .89 0
22:40 766.83 -11.89 86 .89 0
22:41 766.83 -11.89 86 .89 0
22:42 766.83 -11.89 87 1.34 0
22:43 766.83 -11.89 87 1.34 0
22:44 767.08 -11.94 87 .89 0
22:45 766.83 -11.94 87 .89 0
22:46 766.83 -11.94 87 .89 0
22:47 766.83 -11.89 87 .89 0
22:48 766.83 -11.89 87 1.34 0
22:49 767.08 -11.89 87 1.34 0
22:50 767.08 -11.83 87 .45 0
22:51 767.08 -11.83 87 .89 0
22:52 767.08 -11.83 87 .89 0
22:53 767.08 -11.83 87 .89 0
22:54 767.08 -11.83 87 1.34 0
22:55 767.08 -11.83 87 .89 0
22:56 767.08 -11.83 87 1.34 0
22:57 767.08 -11.83 87 .89 0
22:58 767.08 -11.83 87 1.34 0
22:59 767.08 -11.89 87 1.34 0
23:00 767.08 -11.89 87 1.34 0
23:01 767.08 -11.89 87 .89 0
23:02 767.08 -11.89 87 .89 0
23:03 767.08 -11.94 87 .89 0
23:04 767.08 -11.89 87 .89 0
23:05 767.08 -11.94 87 1.34 0
23:06 767.08 -11.94 87 .89 0
23:07 767.08 -12 87 .45 0
23:08 767.08 -12 87 .45 0
23:09 767.08 -12 87 .89 0
23:10 767.08 -12 87 1.34 0
23:11 767.08 -11.94 87 .89 0
23:12 767.08 -11.94 87 .89 0
23:13 767.08 -12 87 .89 0
23:14 767.08 -12 87 1.34 0
23:15 767.08 -12 87 1.34 0
23:16 767.08 -12 87 .89 0
23:17 767.08 -12 87 .89 0
23:18 767.08 -12 87 1.34 0
23:19 767.08 -12 87 1.34 0
23:20 767.08 -12 87 .89 0
23:21 767.08 -12 87 .89 0
23:22 767.08 -11.94 87 .45 0
23:23 767.08 -12 87 .89 0
23:24 767.08 -12 87 .89 0
23:25 767.08 -12 87 .45 0
23:26 767.08 -12.06 87 1.34 0
23:27 767.08 -12.06 87 .89 0
23:28 767.33 -12.11 87 .89 0
23:29 767.33 -12.11 87 .89 0
23:30 767.33 -12.17 87 .45 0
23:31 767.08 -12.17 86 1.34 0
23:32 767.33 -12.22 86 .89 0
23:33 767.33 -12.22 86 .45 0
23:34 767.33 -12.22 86 .89 0
23:35 767.33 -12.22 86 .89 0
23:36 767.33 -12.22 86 .45 0
23:37 767.33 -12.28 86 1.34 0
23:38 767.33 -12.28 86 .89 0
23:39 767.08 -12.28 86 .89 0
23:40 767.08 -12.28 86 .89 0
23:41 767.08 -12.28 86 1.34 0
23:42 767.08 -12.28 86 1.79 0
23:43 767.08 -12.33 86 1.34 0
23:44 767.08 -12.33 86 1.34 0
23:45 767.08 -12.33 86 .89 0
23:46 767.08 -12.33 87 1.79 0
23:47 767.08 -12.33 86 1.79 0
23:48 767.08 -12.33 86 1.79 0
23:49 767.08 -12.33 87 1.34 0
23:50 767.08 -12.39 87 1.34 0
23:51 767.08 -12.39 87 2.24 0
23:52 767.08 -12.39 87 1.79 0
23:53 767.08 -12.39 87 1.79 0
23:54 767.08 -12.39 86 1.34 0
23:55 767.08 -12.44 87 2.24 0
23:56 767.08 -12.44 86 1.79 0
23:57 767.08 -12.44 86 1.34 0
23:58 767.08 -12.44 86 1.79 0
23:59 767.08 -12.44 87 1.79 0
