00:00 739.9 15.39 91 .45 0
00:01 739.65 15.39 92 .89 0
00:02 739.9 15.39 91 .89 0
00:03 739.9 15.39 92 0 0
00:04 739.65 15.39 92 .45 0
00:05 739.9 15.44 91 .45 0
00:06 739.9 15.44 91 0 0
00:07 739.9 15.44 91 0 0
00:08 739.9 15.44 91 .89 0
00:09 739.9 15.44 91 .45 0
00:10 739.9 15.44 91 0 0
00:11 739.9 15.44 91 0 0
00:12 739.9 15.39 91 0 0
00:13 739.9 15.39 91 .45 0
00:14 739.9 15.39 91 .45 0
00:15 739.9 15.33 91 .89 0
00:16 739.9 15.33 91 .45 0
00:17 739.9 15.33 91 .89 0
00:18 739.9 15.33 91 .89 0
00:19 739.9 15.33 91 .89 0
00:20 739.9 15.33 91 .45 0
00:21 739.9 15.33 91 .45 0
00:22 739.9 15.28 91 .45 0
00:23 739.9 15.28 91 .45 0
00:24 739.9 15.28 91 .45 0
00:25 739.9 15.22 91 .45 0
00:26 739.9 15.22 91 0 0
00:27 739.9 15.22 91 0 0
00:28 739.9 15.17 91 0 0
00:29 739.9 15.17 91 0 0
00:30 739.9 15.11 91 0 0
00:31 739.9 15.11 91 0 0
00:32 739.9 15.11 91 0 0
00:33 739.9 15.06 91 0 0
00:34 739.9 15.06 91 0 0
00:35 739.9 15 91 .45 0
00:36 739.9 15 91 .45 0
00:37 739.9 15.06 91 0 0
00:38 739.9 15 91 0 0
00:39 739.9 15 91 0 0
00:40 739.9 14.94 91 0 0
00:41 739.9 14.94 91 0 0
00:42 739.9 14.89 91 0 0
00:43 739.9 14.83 91 0 0
00:44 739.9 14.83 91 0 0
00:45 739.9 14.83 91 0 0
00:46 739.9 14.83 91 0 0
00:47 739.9 14.83 91 0 0
00:48 739.9 14.83 91 0 0
00:49 739.9 14.83 91 0 0
00:50 739.9 14.78 91 0 0
00:51 739.9 14.72 91 0 0
00:52 739.9 14.67 91 0 0
00:53 739.9 14.61 91 0 0
00:54 739.9 14.61 91 0 0
00:55 739.9 14.56 91 .89 0
00:56 739.9 14.61 91 .89 0
00:57 739.9 14.61 92 .89 0
00:58 739.9 14.67 92 .89 0
00:59 739.9 14.67 92 1.34 0
01:00 739.9 14.78 92 .89 0
01:01 739.9 14.78 92 .89 0
01:02 739.9 14.83 92 1.34 0
01:03 739.9 14.83 92 .45 0
01:04 739.9 14.83 92 .45 0
01:05 739.9 14.83 92 .89 0
01:06 739.9 14.89 92 .89 0
01:07 739.9 14.83 92 .89 0
01:08 739.9 14.83 92 .45 0
01:09 739.9 14.78 92 .89 0
01:10 739.9 14.78 92 .89 0
01:11 739.9 14.78 92 .89 0
01:12 739.9 14.67 92 .89 0
01:13 739.9 14.67 92 .89 0
01:14 739.9 14.67 92 .89 0
01:15 739.9 14.67 92 1.34 0
01:16 739.9 14.67 92 .89 0
01:17 739.9 14.67 92 .89 0
01:18 739.9 14.72 92 1.34 0
01:19 739.9 14.72 93 1.34 0
01:20 739.9 14.78 93 1.34 0
01:21 739.9 14.78 93 .89 0
01:22 739.9 14.78 93 1.34 0
01:23 739.9 14.78 93 .89 0
01:24 739.9 14.78 92 .89 0
01:25 739.9 14.72 92 .89 0
01:26 739.9 14.67 92 .45 0
01:27 739.9 14.67 92 .89 0
01:28 739.9 14.67 92 .89 0
01:29 739.9 14.61 92 .89 0
01:30 739.9 14.61 93 .45 0
01:31 739.9 14.61 93 .89 0
01:32 739.65 14.61 92 .45 0
01:33 739.9 14.61 93 .45 0
01:34 739.9 14.61 93 0 0
01:35 739.9 14.61 93 0 0
01:36 739.9 14.61 93 .45 0
01:37 739.9 14.61 93 0 0
01:38 739.9 14.61 93 0 0
01:39 739.9 14.61 93 0 0
01:40 739.65 14.61 93 0 0
01:41 739.9 14.61 93 0 0
01:42 739.9 14.61 93 0 0
01:43 739.65 14.61 93 0 0
01:44 739.9 14.56 93 0 0
01:45 739.65 14.56 93 0 0
01:46 739.9 14.56 93 0 0
01:47 739.9 14.56 93 0 0
01:48 739.65 14.5 93 0 0
01:49 739.9 14.5 93 0 0
01:50 739.9 14.5 93 0 0
01:51 739.9 14.5 93 .89 0
01:52 739.9 14.44 93 .89 0
01:53 739.9 14.5 93 1.34 0
01:54 739.9 14.44 93 .89 0
01:55 739.9 14.5 93 1.34 0
01:56 739.9 14.5 93 .89 0
01:57 739.65 14.44 93 .89 0
01:58 739.9 14.44 93 .89 0
01:59 739.65 14.44 93 .89 0
02:00 739.65 14.39 93 1.34 0
02:01 739.9 14.44 93 .45 0
02:02 739.65 14.44 93 .45 0
02:03 739.9 14.44 93 .89 0
02:04 739.9 14.39 93 .89 0
02:05 739.9 14.39 93 .45 0
02:06 739.65 14.39 93 .89 0
02:07 739.65 14.39 93 .89 0
02:08 739.9 14.39 93 .45 0
02:09 739.9 14.39 93 .89 0
02:10 739.9 14.39 93 .89 0
02:11 739.65 14.39 93 .89 0
02:12 739.9 14.39 93 .89 0
02:13 739.65 14.39 93 .89 0
02:14 739.9 14.44 94 .45 0
02:15 739.65 14.44 94 .89 0
02:16 739.65 14.44 94 .89 0
02:17 739.65 14.44 93 .89 0
02:18 739.9 14.39 93 .89 0
02:19 739.9 14.39 93 .45 0
02:20 739.9 14.39 93 .89 0
02:21 739.9 14.39 93 .89 0
02:22 739.9 14.39 93 .45 0
02:23 739.65 14.39 93 .89 0
02:24 739.9 14.39 94 .89 0
02:25 739.65 14.39 93 .89 0
02:26 739.65 14.39 93 .45 0
02:27 739.9 14.39 94 .45 0
02:28 739.65 14.39 94 .45 0
02:29 739.65 14.39 94 0 0
02:30 739.65 14.39 94 .45 0
02:31 739.65 14.44 94 .45 0
02:32 739.65 14.39 94 .45 0
02:33 739.65 14.39 94 .45 0
02:34 739.65 14.39 94 .45 0
02:35 739.9 14.33 94 .45 0
02:36 739.9 14.39 93 .89 0
02:37 739.65 14.33 93 1.34 0
02:38 739.9 14.33 93 .89 0
02:39 739.9 14.33 93 .45 0
02:40 739.9 14.28 93 .45 0
02:41 739.65 14.28 93 .45 0
02:42 739.9 14.22 93 .89 0
02:43 739.9 14.28 93 .45 0
02:44 739.9 14.22 93 .89 0
02:45 739.65 14.28 93 .89 0
02:46 739.65 14.28 94 .89 0
02:47 739.9 14.28 94 .89 0
02:48 739.65 14.22 94 .89 0
02:49 739.9 14.28 94 .89 0
02:50 739.65 14.28 94 .89 0
02:51 739.9 14.22 94 .89 0
02:52 739.65 14.22 94 .45 0
02:53 739.9 14.22 94 1.34 0
02:54 739.9 14.22 94 1.34 0
02:55 739.65 14.28 94 .45 0
02:56 739.65 14.22 94 .45 0
02:57 739.9 14.22 94 .89 0
02:58 739.65 14.22 94 .45 0
02:59 739.65 14.22 94 .89 0
03:00 739.65 14.22 94 .89 0
03:01 739.65 14.22 94 .45 0
03:02 739.9 14.22 94 .89 0
03:03 739.65 14.22 94 .89 0
03:04 739.9 14.22 94 .89 0
03:05 739.9 14.22 94 .89 0
03:06 739.9 14.17 94 .45 0
03:07 739.9 14.22 94 .89 0
03:08 739.9 14.17 94 .45 0
03:09 739.9 14.11 94 .45 0
03:10 739.9 14.11 94 .45 0
03:11 739.9 14.11 94 .89 0
03:12 739.9 14.11 94 .45 0
03:13 739.9 14.11 94 0 0
03:14 739.9 14.06 94 0 0
03:15 739.9 14.17 94 0 0
03:16 739.9 14.17 94 0 0
03:17 739.9 14.11 94 0 0
03:18 739.9 14.11 94 0 0
03:19 739.9 14.11 94 0 0
03:20 739.9 14.11 94 0 0
03:21 739.9 14.06 94 0 0
03:22 739.9 14.06 94 0 0
03:23 739.9 14.06 94 0 0
03:24 739.9 14.06 94 0 0
03:25 739.9 14 94 0 0
03:26 739.9 14 94 0 0
03:27 739.9 14 94 0 0
03:28 739.9 14 94 0 0
03:29 739.9 14 94 0 0
03:30 739.9 13.94 94 0 0
03:31 739.9 13.94 94 1.79 0
03:32 739.9 13.94 94 .45 0
03:33 739.9 13.94 94 0 0
03:34 739.9 13.94 94 0 0
03:35 739.9 13.89 94 .45 0
03:36 739.9 13.89 94 .89 0
03:37 739.9 13.89 94 .89 0
03:38 739.9 13.89 94 .89 0
03:39 739.9 13.89 94 .89 0
03:40 739.9 13.89 94 .89 0
03:41 739.9 13.89 94 .89 0
03:42 739.9 13.89 94 .89 0
03:43 739.9 13.89 94 .89 0
03:44 739.9 13.89 94 .89 0
03:45 739.9 13.83 94 .89 0
03:46 739.9 13.83 94 .89 0
03:47 739.9 13.78 94 .45 0
03:48 739.9 13.78 94 .89 0
03:49 739.9 13.83 94 .89 0
03:50 739.9 13.83 94 1.34 0
03:51 739.9 13.78 94 .89 0
03:52 739.9 13.78 94 .45 0
03:53 739.9 13.78 94 .45 0
03:54 739.9 13.78 94 .89 0
03:55 739.9 13.72 94 .89 0
03:56 739.9 13.72 94 1.34 0
03:57 739.9 13.67 94 .89 0
03:58 739.9 13.67 94 .89 0
03:59 739.9 13.67 94 .89 0
04:00 739.9 13.61 94 .89 0
04:01 739.9 13.61 94 .89 0
04:02 739.9 13.61 94 1.34 0
04:03 739.9 13.61 94 .89 0
04:04 739.9 13.56 94 .45 0
04:05 739.9 13.56 94 .89 0
04:06 739.9 13.61 94 .45 0
04:07 739.9 13.61 94 .45 0
04:08 739.9 13.61 94 0 0
04:09 739.9 13.61 94 0 0
04:10 739.9 13.61 94 0 0
04:11 739.9 13.61 94 0 0
04:12 739.9 13.61 95 0 0
04:13 739.9 13.61 94 0 0
04:14 739.9 13.61 94 0 0
04:15 739.9 13.56 94 0 0
04:16 739.9 13.56 94 0 0
04:17 739.9 13.56 95 0 0
04:18 739.9 13.56 94 0 0
04:19 739.9 13.5 94 0 0
04:20 739.9 13.5 94 0 0
04:21 739.9 13.5 94 0 0
04:22 739.9 13.5 94 0 0
04:23 739.9 13.5 94 0 0
04:24 739.9 13.5 95 0 0
04:25 739.9 13.44 94 0 0
04:26 739.9 13.44 94 0 0
04:27 739.9 13.44 94 .89 0
04:28 739.9 13.44 94 .45 0
04:29 739.9 13.44 94 .45 0
04:30 739.9 13.44 94 0 0
04:31 739.9 13.44 95 0 0
04:32 739.9 13.44 95 .45 0
04:33 739.9 13.44 95 .89 0
04:34 739.9 13.44 95 .45 0
04:35 739.9 13.44 95 0 0
04:36 739.9 13.5 95 0 0
04:37 739.9 13.44 95 0 0
04:38 739.9 13.44 95 .45 0
04:39 739.9 13.5 95 .45 0
04:40 739.9 13.5 95 .45 0
04:41 739.9 13.44 95 .89 0
04:42 739.9 13.44 95 .45 0
04:43 739.9 13.39 95 .89 0
04:44 739.9 13.39 95 .89 0
04:45 739.9 13.39 95 .89 0
04:46 739.9 13.33 94 .89 0
04:47 740.16 13.33 94 0 0
04:48 740.16 13.33 94 0 0
04:49 740.16 13.28 94 0 0
04:50 740.16 13.28 94 0 0
04:51 739.9 13.28 94 0 0
04:52 740.16 13.28 95 0 0
04:53 740.16 13.28 95 0 0
04:54 740.16 13.28 95 0 0
04:55 740.16 13.28 95 0 0
04:56 740.16 13.28 95 0 0
04:57 740.16 13.28 95 0 0
04:58 740.16 13.22 95 .45 0
04:59 740.16 13.28 95 .89 0
05:00 740.16 13.22 95 .89 0
05:01 740.16 13.28 95 .89 0
05:02 740.16 13.22 95 .89 0
05:03 740.16 13.22 95 .89 0
05:04 740.16 13.22 95 .45 0
05:05 740.16 13.28 95 .89 0
05:06 740.16 13.28 95 .45 0
05:07 740.16 13.22 95 .89 0
05:08 740.16 13.22 95 .45 0
05:09 740.16 13.22 95 0 0
05:10 740.16 13.22 95 0 0
05:11 740.16 13.22 95 .45 0
05:12 740.16 13.22 95 .89 0
05:13 740.16 13.28 95 .45 0
05:14 740.16 13.22 95 .89 0
05:15 740.16 13.28 95 .89 0
05:16 740.16 13.28 95 .89 0
05:17 740.16 13.28 95 .45 0
05:18 740.16 13.28 95 .45 0
05:19 740.16 13.28 95 .89 0
05:20 740.16 13.28 95 .89 0
05:21 740.16 13.28 95 .89 0
05:22 740.16 13.28 95 .89 0
05:23 740.16 13.33 95 .89 0
05:24 740.16 13.33 95 .89 0
05:25 740.16 13.33 95 .89 0
05:26 740.16 13.33 95 .89 0
05:27 740.16 13.33 95 .45 0
05:28 740.16 13.33 95 .89 0
05:29 740.16 13.39 95 1.34 0
05:30 740.16 13.39 95 .89 0
05:31 740.16 13.39 95 .45 0
05:32 740.16 13.39 95 .89 0
05:33 740.16 13.39 95 .89 0
05:34 740.16 13.39 95 0 0
05:35 740.16 13.39 95 0 0
05:36 740.16 13.39 95 .89 0
05:37 740.16 13.39 95 .89 0
05:38 740.16 13.44 95 .45 0
05:39 740.16 13.44 95 0 0
05:40 740.16 13.44 95 .45 0
05:41 740.16 13.44 95 .45 0
05:42 740.16 13.44 95 .89 0
05:43 740.16 13.44 95 .45 0
05:44 740.16 13.44 95 .45 0
05:45 740.16 13.44 95 .45 0
05:46 740.16 13.44 95 .45 0
05:47 740.41 13.44 95 .89 0
05:48 740.16 13.39 95 .89 0
05:49 740.16 13.39 95 .45 0
05:50 740.16 13.39 95 .89 0
05:51 740.41 13.44 95 .89 0
05:52 740.41 13.44 95 1.34 0
05:53 740.16 13.44 95 .89 0
05:54 740.16 13.44 95 1.34 0
05:55 740.41 13.44 95 .89 0
05:56 740.41 13.39 95 0 0
05:57 740.41 13.39 95 .89 0
05:58 740.41 13.33 95 .89 0
05:59 740.41 13.33 95 .45 0
06:00 740.41 13.39 95 .89 0
06:01 740.41 13.39 95 .45 0
06:02 740.41 13.39 95 0 0
06:03 740.41 13.39 95 .45 0
06:04 740.41 13.39 95 1.34 0
06:05 740.41 13.39 95 0 0
06:06 740.41 13.39 95 0 0
06:07 740.41 13.39 95 0 0
06:08 740.41 13.39 95 .89 0
06:09 740.41 13.39 95 1.34 0
06:10 740.41 13.44 95 .89 0
06:11 740.41 13.44 95 .89 0
06:12 740.41 13.44 95 1.34 0
06:13 740.41 13.39 95 1.34 0
06:14 740.41 13.44 95 .89 0
06:15 740.41 13.44 95 1.79 0
06:16 740.41 13.44 95 .45 0
06:17 740.41 13.44 95 1.79 0
06:18 740.41 13.44 95 1.79 0
06:19 740.41 13.44 95 1.34 0
06:20 740.41 13.5 95 .45 0
06:21 740.41 13.5 95 .89 0
06:22 740.41 13.5 95 1.34 0
06:23 740.41 13.5 95 .45 0
06:24 740.41 13.5 95 1.34 0
06:25 740.41 13.5 95 1.34 0
06:26 740.41 13.5 95 .89 0
06:27 740.41 13.56 95 .89 0
06:28 740.41 13.5 95 0 0
06:29 740.41 13.56 95 0 0
06:30 740.41 13.56 95 0 0
06:31 740.41 13.56 95 1.34 0
06:32 740.41 13.56 95 1.34 0
06:33 740.66 13.56 95 .89 0
06:34 740.66 13.56 95 1.34 0
06:35 740.66 13.56 95 1.34 0
06:36 740.66 13.61 95 1.34 0
06:37 740.66 13.56 95 .89 0
06:38 740.66 13.61 95 1.79 0
06:39 740.66 13.61 95 .89 0
06:40 740.66 13.61 95 .89 0
06:41 740.66 13.67 95 1.34 0
06:42 740.66 13.67 95 2.24 0
06:43 740.66 13.67 95 1.79 0
06:44 740.66 13.61 95 .45 0
06:45 740.66 13.67 95 .89 0
06:46 740.66 13.67 95 .89 0
06:47 740.66 13.67 95 .45 0
06:48 740.66 13.72 95 2.24 0
06:49 740.66 13.72 95 2.24 0
06:50 740.66 13.67 95 1.79 0
06:51 740.66 13.72 95 1.34 0
06:52 740.66 13.67 95 .45 0
06:53 740.66 13.72 95 1.79 0
06:54 740.66 13.72 95 1.34 0
06:55 740.66 13.72 95 1.34 0
06:56 740.66 13.72 95 .45 0
06:57 740.66 13.78 95 1.34 0
06:58 740.66 13.72 95 1.34 0
06:59 740.66 13.78 95 .89 0
07:00 740.66 13.78 95 .89 0
07:01 740.66 13.78 95 1.34 0
07:02 740.66 13.78 95 1.34 0
07:03 740.66 13.78 95 .89 0
07:04 740.66 13.78 95 .89 0
07:05 740.66 13.78 95 .89 0
07:06 740.66 13.83 95 1.34 0
07:07 740.66 13.83 95 1.79 0
07:08 740.66 13.83 95 1.79 0
07:09 740.66 13.89 95 2.24 0
07:10 740.66 13.89 95 .89 0
07:11 740.66 13.89 95 .45 0
07:12 740.66 13.94 96 .89 0
07:13 740.66 13.94 96 1.34 0
07:14 740.66 14 96 .89 0
07:15 740.66 14 96 1.79 0
07:16 740.66 14.06 96 .89 0
07:17 740.66 14.06 96 1.34 0
07:18 740.66 14.06 96 .89 0
07:19 740.66 14.06 96 1.34 0
07:20 740.66 14.06 96 .45 0
07:21 740.66 14.11 96 1.34 0
07:22 740.66 14.06 96 1.34 0
07:23 740.66 14.06 96 1.34 0
07:24 740.66 14.06 96 1.34 0
07:25 740.66 14.06 96 1.79 0
07:26 740.66 14.06 96 .45 0
07:27 740.66 14.11 96 1.34 0
07:28 740.66 14.11 96 1.34 0
07:29 740.66 14.11 96 1.34 0
07:30 740.66 14.11 96 1.79 0
07:31 740.66 14.17 96 1.34 0
07:32 740.66 14.11 96 .45 0
07:33 740.66 14.11 96 .89 0
07:34 740.66 14.11 96 1.34 0
07:35 740.66 14.17 96 1.34 0
07:36 740.66 14.22 96 1.34 0
07:37 740.66 14.22 96 1.34 0
07:38 740.66 14.28 96 1.79 0
07:39 740.66 14.28 96 1.34 0
07:40 740.66 14.33 96 1.34 0
07:41 740.66 14.33 96 1.34 0
07:42 740.66 14.39 96 1.34 0
07:43 740.66 14.44 96 1.34 0
07:44 740.66 14.44 96 1.34 0
07:45 740.66 14.39 96 1.79 0
07:46 740.66 14.39 96 2.24 0
07:47 740.66 14.39 96 3.58 0
07:48 740.66 14.33 96 2.24 0
07:49 740.66 14.28 96 2.24 0
07:50 740.66 14.28 96 .89 0
07:51 740.66 14.28 96 .89 0
07:52 740.66 14.22 96 1.34 0
07:53 740.66 14.33 96 .89 0
07:54 740.66 14.33 96 1.34 0
07:55 740.66 14.33 96 1.79 0
07:56 740.66 14.33 96 1.34 0
07:57 740.66 14.39 96 .89 0
07:58 740.66 14.39 96 1.34 0
07:59 740.66 14.39 96 1.79 0
08:00 740.66 14.39 96 1.34 0
08:01 740.66 14.39 96 1.34 0
08:02 740.66 14.39 96 .89 0
08:03 740.66 14.39 96 .45 0
08:04 740.66 14.44 96 .89 0
08:05 740.66 14.44 96 .45 0
08:06 740.66 14.5 96 .45 0
08:07 740.66 14.56 96 .45 0
08:08 740.66 14.61 96 .45 0
08:09 740.66 14.72 96 0 0
08:10 740.66 14.78 96 0 0
08:11 740.66 14.78 96 0 0
08:12 740.66 14.83 96 .89 0
08:13 740.66 14.94 96 0 0
08:14 740.66 15 95 .89 0
08:15 740.66 15.06 95 1.34 0
08:16 740.66 15.06 95 .89 0
08:17 740.66 15.11 95 .45 0
08:18 740.66 15.22 95 .45 0
08:19 740.66 15.28 95 .89 0
08:20 740.66 15.33 95 1.79 0
08:21 740.66 15.33 95 .89 0
08:22 740.66 15.33 94 .45 0
08:23 740.66 15.39 94 1.34 0
08:24 740.66 15.39 94 .89 0
08:25 740.66 15.39 94 0 0
08:26 740.66 15.44 94 1.34 0
08:27 740.66 15.44 94 1.34 0
08:28 740.66 15.5 94 0 0
08:29 740.66 15.56 94 .89 0
08:30 740.66 15.61 94 .89 0
08:31 740.66 15.61 94 1.34 0
08:32 740.66 15.67 94 .89 0
08:33 740.66 15.72 94 1.34 0
08:34 740.66 15.72 94 1.34 0
08:35 740.66 15.72 94 1.34 0
08:36 740.66 15.78 94 .89 0
08:37 740.66 15.83 94 1.34 0
08:38 740.66 15.89 94 .89 0
08:39 740.66 15.89 94 1.34 0
08:40 740.66 15.94 94 .89 0
08:41 740.66 16 94 .89 0
08:42 740.66 16.06 93 .45 0
08:43 740.66 16.11 93 .89 0
08:44 740.66 16.17 93 0 0
08:45 740.66 16.28 93 .89 0
08:46 740.66 16.28 93 1.79 0
08:47 740.66 16.33 93 1.34 0
08:48 740.66 16.44 93 .45 0
08:49 740.66 16.44 92 .89 0
08:50 740.66 16.44 92 1.79 0
08:51 740.66 16.44 92 2.24 0
08:52 740.66 16.44 91 1.79 0
08:53 740.66 16.44 91 1.34 0
08:54 740.66 16.56 90 1.34 0
08:55 740.66 16.56 90 1.79 0
08:56 740.66 16.56 90 1.34 0
08:57 740.66 16.61 90 .89 0
08:58 740.66 16.67 89 2.24 0
08:59 740.66 16.78 89 1.34 0
09:00 740.66 16.83 89 1.79 0
09:01 740.66 16.89 89 1.34 0
09:02 740.66 16.94 89 1.79 0
09:03 740.66 17 88 1.34 0
09:04 740.66 17.11 87 2.24 0
09:05 740.66 17.17 87 2.24 0
09:06 740.66 17.17 87 1.34 0
09:07 740.66 17.22 86 2.24 0
09:08 740.66 17.28 86 1.79 0
09:09 740.66 17.33 86 2.68 0
09:10 740.66 17.39 85 1.79 0
09:11 740.66 17.39 85 1.34 0
09:12 740.66 17.44 85 2.24 0
09:13 740.66 17.44 85 1.79 0
09:14 740.66 17.56 85 1.79 0
09:15 740.66 17.56 84 1.79 0
09:16 740.66 17.67 84 1.34 0
09:17 740.66 17.67 84 .89 0
09:18 740.66 17.72 84 .45 0
09:19 740.66 17.78 84 .45 0
09:20 740.66 17.78 84 .45 0
09:21 740.66 17.83 84 1.34 0
09:22 740.66 17.89 83 0 0
09:23 740.66 17.89 83 1.34 0
09:24 740.66 18 83 .45 0
09:25 740.66 18.06 83 1.34 0
09:26 740.66 18.17 83 .89 0
09:27 740.66 18.28 83 1.34 0
09:28 740.66 18.33 82 1.79 0
09:29 740.66 18.39 82 1.34 0
09:30 740.66 18.39 82 .45 0
09:31 740.66 18.44 81 .45 0
09:32 740.66 18.44 81 0 0
09:33 740.66 18.5 81 1.34 0
09:34 740.66 18.5 81 1.34 0
09:35 740.66 18.56 81 .45 0
09:36 740.66 18.56 81 0 0
09:37 740.66 18.56 81 0 0
09:38 740.66 18.61 81 3.13 0
09:39 740.66 18.61 81 1.34 0
09:40 740.66 18.67 80 .45 0
09:41 740.66 18.72 80 0 0
09:42 740.66 18.72 80 1.34 0
09:43 740.66 18.78 81 1.34 0
09:44 740.66 18.83 81 2.24 0
09:45 740.66 18.89 80 2.24 0
09:46 740.66 18.89 80 .89 0
09:47 740.66 18.94 80 .45 0
09:48 740.66 18.94 80 3.58 0
09:49 740.66 18.94 79 2.68 0
09:50 740.66 18.94 79 2.68 0
09:51 740.66 18.94 80 .45 0
09:52 740.66 18.94 80 1.79 0
09:53 740.66 18.94 79 1.79 0
09:54 740.66 18.94 79 1.34 0
09:55 740.66 18.89 79 .89 0
09:56 740.66 18.89 79 1.79 0
09:57 740.66 18.89 79 .89 0
09:58 740.66 18.89 79 1.34 0
09:59 740.66 18.89 79 1.34 0
10:00 740.66 18.94 79 1.34 0
10:01 740.66 19 80 2.68 0
10:02 740.66 19 79 1.34 0
10:03 740.66 19 80 1.79 0
10:04 740.66 19.06 80 1.79 0
10:05 740.66 19.06 80 .45 0
10:06 740.66 19.11 79 1.34 0
10:07 740.66 19.11 79 .89 0
10:08 740.66 19.17 79 .45 0
10:09 740.66 19.22 79 .89 0
10:10 740.66 19.33 79 .45 0
10:11 740.66 19.39 79 .89 0
10:12 740.66 19.56 79 2.68 0
10:13 740.92 19.56 79 2.68 0
10:14 740.92 19.67 77 4.02 0
10:15 740.92 19.67 77 2.24 0
10:16 740.92 19.67 78 2.68 0
10:17 740.66 19.67 77 1.34 0
10:18 740.92 19.61 77 1.34 0
10:19 740.66 19.61 77 1.79 0
10:20 740.66 19.56 77 2.24 0
10:21 740.92 19.5 76 1.34 0
10:22 740.92 19.44 77 1.34 0
10:23 740.92 19.5 77 1.79 0
10:24 740.66 19.5 77 .89 0
10:25 740.92 19.5 77 2.68 0
10:26 740.66 19.56 76 2.24 0
10:27 740.66 19.56 77 3.58 0
10:28 740.92 19.61 77 1.79 0
10:29 740.66 19.61 77 2.68 0
10:30 740.92 19.67 77 .89 0
10:31 740.92 19.67 77 2.24 0
10:32 740.66 19.72 77 3.58 0
10:33 740.66 19.72 77 3.13 0
10:34 740.66 19.72 77 2.24 0
10:35 740.66 19.72 77 2.24 0
10:36 740.66 19.72 77 1.79 0
10:37 740.66 19.78 77 .89 0
10:38 740.66 19.83 77 1.34 0
10:39 740.66 19.89 77 2.24 0
10:40 740.66 19.94 76 2.24 0
10:41 740.66 19.94 75 3.58 0
10:42 740.66 19.94 75 2.24 0
10:43 740.66 19.94 74 3.58 0
10:44 740.66 19.94 75 1.79 0
10:45 740.66 19.94 75 1.34 0
10:46 740.66 20 75 1.34 0
10:47 740.66 20 75 1.34 0
10:48 740.66 19.94 75 0 0
10:49 740.66 20 75 0 0
10:50 740.66 20.11 75 2.24 0
10:51 740.66 20.17 75 3.13 0
10:52 740.66 20.28 74 1.34 0
10:53 740.66 20.33 74 2.68 0
10:54 740.66 20.44 75 2.68 0
10:55 740.66 20.44 74 2.68 0
10:56 740.66 20.44 73 3.58 0
10:57 740.66 20.5 73 2.68 0
10:58 740.66 20.44 73 .89 0
10:59 740.66 20.39 73 1.34 0
11:00 740.66 20.33 74 0 0
11:01 740.66 20.39 74 .45 0
11:02 740.66 20.39 74 1.34 0
11:03 740.66 20.39 74 3.13 0
11:04 740.66 20.44 74 2.68 0
11:05 740.66 20.44 74 2.68 0
11:06 740.66 20.56 74 3.58 0
11:07 740.66 20.56 73 4.02 0
11:08 740.66 20.56 73 2.68 0
11:09 740.66 20.5 73 1.34 0
11:10 740.66 20.56 73 2.24 0
11:11 740.66 20.5 73 2.24 0
11:12 740.66 20.56 74 .89 0
11:13 740.66 20.61 73 1.79 0
11:14 740.66 20.61 73 1.79 0
11:15 740.66 20.67 73 2.68 0
11:16 740.66 20.67 72 2.24 0
11:17 740.66 20.67 72 2.68 0
11:18 740.66 20.67 72 1.79 0
11:19 740.66 20.61 72 1.34 0
11:20 740.66 20.56 73 1.79 0
11:21 740.66 20.61 73 1.79 0
11:22 740.66 20.56 74 1.34 0
11:23 740.66 20.56 73 1.79 0
11:24 740.66 20.56 73 2.68 0
11:25 740.66 20.5 73 1.79 0
11:26 740.66 20.5 73 1.79 0
11:27 740.66 20.56 73 2.24 0
11:28 740.66 20.56 74 1.34 0
11:29 740.66 20.61 73 0 0
11:30 740.66 20.67 73 .89 0
11:31 740.66 20.72 73 1.34 0
11:32 740.66 20.72 72 .89 0
11:33 740.66 20.72 72 1.34 0
11:34 740.66 20.78 71 .89 0
11:35 740.66 20.78 71 1.34 0
11:36 740.66 20.78 69 1.34 0
11:37 740.66 20.83 70 .89 0
11:38 740.66 20.89 70 1.34 0
11:39 740.66 20.94 71 1.34 0
11:40 740.66 21 71 1.34 0
11:41 740.66 21 71 2.24 0
11:42 740.66 21 69 4.02 0
11:43 740.66 20.94 69 2.68 0
11:44 740.66 20.94 70 1.79 0
11:45 740.66 20.94 70 1.79 0
11:46 740.66 20.89 70 3.58 0
11:47 740.66 20.83 70 1.79 0
11:48 740.66 20.83 70 2.24 0
11:49 740.66 20.83 70 1.79 0
11:50 740.66 20.83 71 .89 0
11:51 740.66 20.83 70 1.79 0
11:52 740.66 20.89 70 1.79 0
11:53 740.66 20.94 69 .89 0
11:54 740.66 21 69 2.24 0
11:55 740.66 21.11 69 4.02 0
11:56 740.66 21.22 67 3.58 0
11:57 740.66 21.22 66 .89 0
11:58 740.66 21.22 66 2.68 0
11:59 740.66 21.33 66 5.36 0
12:00 740.66 21.33 65 4.47 0
12:01 740.66 21.33 66 3.58 0
12:02 740.92 21.33 66 3.58 0
12:03 740.66 21.39 66 1.79 0
12:04 740.66 21.39 66 1.34 0
12:05 740.66 21.44 65 2.24 0
12:06 740.66 21.44 65 1.79 0
12:07 740.66 21.44 66 .89 0
12:08 740.66 21.56 66 2.24 0
12:09 740.66 21.67 65 2.24 0
12:10 740.66 21.78 66 4.47 0
12:11 740.66 21.78 65 2.24 0
12:12 740.66 21.78 64 2.24 0
12:13 740.66 21.83 70 1.34 0
12:14 740.66 21.83 68 1.34 0
12:15 740.66 21.83 67 .89 0
12:16 740.66 21.83 66 2.68 0
12:17 740.66 21.83 66 2.24 0
12:18 740.66 21.83 66 2.68 0
12:19 740.66 21.78 66 5.36 0
12:20 740.66 21.72 66 2.68 0
12:21 740.66 21.67 67 2.68 0
12:22 740.66 21.61 66 1.34 0
12:23 740.66 21.61 67 3.13 0
12:24 740.66 21.56 67 1.34 0
12:25 740.66 21.61 67 2.24 0
12:26 740.66 21.61 67 1.79 0
12:27 740.66 21.61 67 4.02 0
12:28 740.66 21.61 66 1.79 0
12:29 740.66 21.67 67 1.79 0
12:30 740.66 21.72 66 4.47 0
12:31 740.66 21.78 66 2.24 0
12:32 740.66 21.83 66 2.24 0
12:33 740.66 21.83 66 .89 0
12:34 740.66 21.89 66 1.34 0
12:35 740.66 21.89 66 1.34 0
12:36 740.66 21.94 65 .89 0
12:37 740.66 21.89 66 0 0
12:38 740.66 21.94 66 .89 0
12:39 740.66 22 66 3.13 0
12:40 740.66 22.11 65 3.58 0
12:41 740.66 22.17 65 4.02 0
12:42 740.66 22.22 64 1.79 0
12:43 740.66 22.22 64 1.34 0
12:44 740.66 22.28 65 1.34 0
12:45 740.66 22.33 65 2.24 0
12:46 740.66 22.39 65 2.68 0
12:47 740.66 22.39 63 .89 0
12:48 740.66 22.39 64 1.34 0
12:49 740.66 22.44 65 1.34 0
12:50 740.66 22.44 65 1.34 0
12:51 740.66 22.5 65 1.79 0
12:52 740.66 22.5 65 2.24 0
12:53 740.66 22.56 65 4.02 0
12:54 740.66 22.44 65 2.68 0
12:55 740.66 22.44 65 1.79 0
12:56 740.66 22.44 66 3.58 0
12:57 740.66 22.5 66 4.02 0
12:58 740.66 22.44 65 4.47 0
12:59 740.66 22.44 64 2.24 0
13:00 740.66 22.39 65 4.02 0
13:01 740.66 22.33 65 3.58 0
13:02 740.66 22.33 65 3.58 0
13:03 740.66 22.33 66 2.24 0
13:04 740.66 22.33 66 2.24 0
13:05 740.66 22.39 65 1.79 0
13:06 740.66 22.44 66 1.79 0
13:07 740.66 22.5 66 0 0
13:08 740.66 22.61 66 1.34 0
13:09 740.66 22.78 66 2.68 0
13:10 740.66 22.94 66 .89 0
13:11 740.66 23.06 65 1.79 0
13:12 740.66 23.22 66 1.79 0
13:13 740.66 23.33 65 1.34 0
13:14 740.66 23.39 65 1.79 0
13:15 740.66 23.44 65 3.13 0
13:16 740.66 23.39 64 4.02 0
13:17 740.66 23.33 64 1.79 0
13:18 740.66 23.17 64 4.02 0
13:19 740.66 23 64 4.92 0
13:20 740.66 22.83 64 4.92 0
13:21 740.66 22.67 64 3.58 0
13:22 740.66 22.56 65 3.58 0
13:23 740.66 22.5 65 1.79 0
13:24 740.66 22.5 66 2.24 0
13:25 740.66 22.39 66 2.24 0
13:26 740.66 22.39 66 .89 0
13:27 740.66 22.33 66 .89 0
13:28 740.66 22.39 66 1.34 0
13:29 740.66 22.39 66 1.34 0
13:30 740.66 22.44 65 1.34 0
13:31 740.66 22.5 66 1.79 0
13:32 740.66 22.61 67 1.79 0
13:33 740.66 22.67 68 1.79 0
13:34 740.66 22.78 67 2.68 0
13:35 740.66 22.78 68 3.58 0
13:36 740.66 22.72 67 4.02 0
13:37 740.66 22.67 67 4.02 0
13:38 740.66 22.61 67 4.92 0
13:39 740.66 22.5 66 4.02 0
13:40 740.66 22.39 66 4.02 0
13:41 740.66 22.28 67 4.02 0
13:42 740.66 22.28 67 3.58 0
13:43 740.66 22.22 67 1.79 0
13:44 740.66 22.28 67 3.58 0
13:45 740.66 22.33 68 3.58 0
13:46 740.66 22.44 66 4.02 0
13:47 740.66 22.5 66 1.79 0
13:48 740.66 22.61 67 .89 0
13:49 740.66 22.67 66 1.79 0
13:50 740.66 22.78 66 1.34 0
13:51 740.66 22.78 66 .89 0
13:52 740.66 22.83 66 2.68 0
13:53 740.66 22.83 66 3.58 0
13:54 740.66 22.89 66 2.68 0
13:55 740.66 22.94 66 2.24 0
13:56 740.66 23 66 .89 0
13:57 740.66 23.11 67 3.58 0
13:58 740.66 23.17 66 1.79 0
13:59 740.66 23.22 66 3.13 0
14:00 740.66 23.17 66 1.79 0
14:01 740.66 23.11 67 3.58 0
14:02 740.66 23.06 66 3.58 0
14:03 740.66 23 67 2.24 0
14:04 740.66 22.94 68 4.02 0
14:05 740.66 22.94 67 3.58 0
14:06 740.66 22.83 68 4.02 0
14:07 740.66 22.78 68 2.68 0
14:08 740.66 22.78 68 3.58 0
14:09 740.66 22.72 67 1.34 0
14:10 740.66 22.67 68 1.79 0
14:11 740.66 22.78 68 3.13 0
14:12 740.66 22.83 68 4.47 0
14:13 740.66 22.89 68 2.24 0
14:14 740.66 22.89 68 5.81 0
14:15 740.66 22.83 68 2.68 0
14:16 740.66 22.78 68 5.36 0
14:17 740.66 22.67 68 3.58 0
14:18 740.66 22.61 68 3.58 0
14:19 740.66 22.56 68 2.68 0
14:20 740.66 22.5 69 2.24 0
14:21 740.66 22.44 69 1.79 0
14:22 740.66 22.39 69 1.79 0
14:23 740.66 22.39 69 1.34 0
14:24 740.66 22.39 70 .89 0
14:25 740.66 22.39 70 2.24 0
14:26 740.66 22.39 69 3.13 0
14:27 740.66 22.39 68 3.58 0
14:28 740.66 22.39 68 1.79 0
14:29 740.66 22.44 68 2.68 0
14:30 740.66 22.44 68 1.34 0
14:31 740.66 22.5 68 1.34 0
14:32 740.66 22.5 69 3.58 0
14:33 740.66 22.5 68 2.24 0
14:34 740.66 22.5 66 2.24 0
14:35 740.66 22.5 67 2.24 0
14:36 740.66 22.5 67 2.24 0
14:37 740.66 22.56 66 1.79 0
14:38 740.66 22.5 65 2.24 0
14:39 740.66 22.56 66 1.34 0
14:40 740.66 22.56 66 0 0
14:41 740.66 22.56 66 0 0
14:42 740.66 22.61 66 0 0
14:43 740.66 22.67 66 0 0
14:44 740.66 22.78 67 2.24 0
14:45 740.66 22.89 66 2.24 0
14:46 740.66 22.94 66 .45 0
14:47 740.66 23 66 1.79 0
14:48 740.66 23.11 66 3.58 0
14:49 740.66 23.17 66 1.79 0
14:50 740.66 23.22 66 0 0
14:51 740.66 23.28 66 1.34 0
14:52 740.66 23.33 66 2.68 0
14:53 740.66 23.39 67 1.34 0
14:54 740.66 23.5 67 3.13 0
14:55 740.66 23.56 67 4.02 0
14:56 740.66 23.61 67 3.58 0
14:57 740.66 23.56 66 1.79 0
14:58 740.66 23.5 66 4.02 0
14:59 740.66 23.39 66 1.79 0
15:00 740.66 23.39 67 3.58 0
15:01 740.66 23.28 66 3.58 0
15:02 740.66 23.17 67 1.79 0
15:03 740.66 23.11 67 2.24 0
15:04 740.66 23.06 67 2.68 0
15:05 740.66 22.94 67 2.24 0
15:06 740.66 22.94 67 1.79 0
15:07 740.66 22.89 68 2.24 0
15:08 740.66 22.83 68 2.24 0
15:09 740.66 22.83 68 1.34 0
15:10 740.66 22.78 69 1.79 0
15:11 740.66 22.78 69 1.79 0
15:12 740.66 22.78 68 2.24 0
15:13 740.66 22.72 69 2.24 0
15:14 740.66 22.72 69 1.34 0
15:15 740.66 22.67 69 1.79 0
15:16 740.66 22.61 69 2.68 0
15:17 740.66 22.56 69 1.79 0
15:18 740.66 22.5 70 2.24 0
15:19 740.66 22.44 70 1.34 0
15:20 740.66 22.44 70 1.34 0
15:21 740.66 22.39 70 1.79 0
15:22 740.66 22.39 70 1.79 0
15:23 740.66 22.39 70 .89 0
15:24 740.66 22.39 71 1.34 0
15:25 740.66 22.44 70 2.24 0
15:26 740.66 22.44 70 1.79 0
15:27 740.66 22.39 70 1.79 0
15:28 740.66 22.39 70 1.34 0
15:29 740.66 22.44 70 2.24 0
15:30 740.66 22.44 70 2.24 0
15:31 740.66 22.5 69 2.24 0
15:32 740.66 22.56 69 1.34 0
15:33 740.66 22.61 69 2.24 0
15:34 740.66 22.61 69 .89 0
15:35 740.66 22.72 69 1.79 0
15:36 740.66 22.83 69 .89 0
15:37 740.66 22.94 69 1.79 0
15:38 740.66 23.06 68 1.34 0
15:39 740.66 23.17 67 .89 0
15:40 740.66 23.22 67 .89 0
15:41 740.66 23.28 67 2.68 0
15:42 740.66 23.33 67 4.47 0
15:43 740.66 23.33 67 4.02 0
15:44 740.66 23.33 66 3.58 0
15:45 740.66 23.33 66 2.24 0
15:46 740.66 23.28 66 1.79 0
15:47 740.66 23.28 67 3.13 0
15:48 740.66 23.28 65 3.13 0
15:49 740.66 23.33 66 1.34 0
15:50 740.66 23.33 66 1.79 0
15:51 740.66 23.39 65 1.34 0
15:52 740.66 23.39 66 4.02 0
15:53 740.66 23.44 65 3.58 0
15:54 740.66 23.39 65 4.02 0
15:55 740.66 23.39 65 2.68 0
15:56 740.66 23.33 66 1.79 0
15:57 740.66 23.33 66 1.79 0
15:58 740.66 23.28 67 2.24 0
15:59 740.66 23.28 66 3.58 0
16:00 740.66 23.28 66 3.58 0
16:01 740.66 23.22 66 2.24 0
16:02 740.66 23.22 66 .89 0
16:03 740.66 23.22 66 2.68 0
16:04 740.66 23.22 66 1.79 0
16:05 740.66 23.17 66 1.79 0
16:06 740.66 23.22 67 2.24 0
16:07 740.66 23.22 67 2.24 0
16:08 740.66 23.22 67 2.24 0
16:09 740.66 23.22 67 3.58 0
16:10 740.66 23.22 66 2.24 0
16:11 740.66 23.17 66 2.24 0
16:12 740.66 23.17 66 3.13 0
16:13 740.66 23.17 66 1.79 0
16:14 740.66 23.22 67 2.24 0
16:15 740.66 23.22 66 2.68 0
16:16 740.66 23.22 66 .89 0
16:17 740.66 23.22 67 2.24 0
16:18 740.66 23.28 67 1.79 0
16:19 740.66 23.39 66 1.34 0
16:20 740.66 23.44 67 2.24 0
16:21 740.66 23.5 66 1.34 0
16:22 740.66 23.56 65 3.58 0
16:23 740.66 23.61 64 1.79 0
16:24 740.66 23.61 65 2.24 0
16:25 740.66 23.67 65 4.02 0
16:26 740.66 23.56 64 2.24 0
16:27 740.66 23.56 64 3.58 0
16:28 740.41 23.56 65 1.79 0
16:29 740.41 23.56 65 2.24 0
16:30 740.66 23.5 65 3.58 0
16:31 740.66 23.56 65 2.24 0
16:32 740.66 23.56 65 2.68 0
16:33 740.66 23.5 65 3.58 0
16:34 740.66 23.44 65 2.68 0
16:35 740.66 23.39 65 1.34 0
16:36 740.66 23.39 65 1.79 0
16:37 740.66 23.39 66 2.68 0
16:38 740.66 23.39 65 1.79 0
16:39 740.66 23.39 65 1.79 0
16:40 740.66 23.44 66 1.34 0
16:41 740.66 23.5 65 1.34 0
16:42 740.66 23.56 64 3.13 0
16:43 740.66 23.56 63 1.79 0
16:44 740.66 23.61 63 4.47 0
16:45 740.66 23.72 63 3.58 0
16:46 740.66 23.83 65 4.47 0
16:47 740.66 23.83 63 4.47 0
16:48 740.66 23.94 62 3.58 0
16:49 740.66 23.94 61 3.58 0
16:50 740.66 23.94 62 2.68 0
16:51 740.66 23.94 62 2.68 0
16:52 740.66 23.94 62 2.24 0
16:53 740.66 23.94 61 2.24 0
16:54 740.66 23.89 62 1.34 0
16:55 740.66 23.83 62 1.79 0
16:56 740.66 23.78 63 2.24 0
16:57 740.66 23.72 63 2.68 0
16:58 740.66 23.67 63 2.68 0
16:59 740.66 23.56 63 2.68 0
17:00 740.66 23.5 64 2.68 0
17:01 740.66 23.39 64 2.24 0
17:02 740.66 23.33 64 2.24 0
17:03 740.66 23.33 64 2.24 0
17:04 740.66 23.28 65 1.79 0
17:05 740.66 23.28 65 2.24 0
17:06 740.66 23.28 65 1.34 0
17:07 740.66 23.33 65 1.79 0
17:08 740.66 23.33 65 1.34 0
17:09 740.66 23.39 65 1.34 0
17:10 740.66 23.44 64 1.34 0
17:11 740.66 23.5 65 .89 0
17:12 740.66 23.5 64 2.24 0
17:13 740.66 23.56 64 1.79 0
17:14 740.66 23.67 64 4.02 0
17:15 740.66 23.78 63 2.68 0
17:16 740.66 23.78 63 3.58 0
17:17 740.66 23.83 64 2.24 0
17:18 740.66 23.83 64 4.02 0
17:19 740.66 23.89 63 3.13 0
17:20 740.66 23.83 63 2.68 0
17:21 740.66 23.89 63 2.24 0
17:22 740.66 23.83 63 1.79 0
17:23 740.66 23.89 63 2.68 0
17:24 740.66 23.89 63 1.79 0
17:25 740.66 23.94 64 1.34 0
17:26 740.66 23.94 64 4.47 0
17:27 740.66 24 65 1.79 0
17:28 740.66 24.06 64 4.92 0
17:29 740.66 24.11 65 4.02 0
17:30 740.66 24.06 64 4.92 0
17:31 740.66 24 64 3.58 0
17:32 740.66 23.94 64 4.47 0
17:33 740.66 23.89 64 3.13 0
17:34 740.66 23.83 64 5.36 0
17:35 740.92 23.78 63 4.02 0
17:36 740.92 23.78 64 6.26 0
17:37 740.92 23.72 65 2.24 0
17:38 740.66 23.67 65 4.47 0
17:39 740.66 23.61 65 5.36 0
17:40 740.66 23.5 65 3.58 0
17:41 740.92 23.5 65 4.02 0
17:42 740.66 23.5 66 4.02 0
17:43 740.66 23.44 66 3.58 0
17:44 740.92 23.44 66 2.24 0
17:45 740.92 23.39 66 3.58 0
17:46 740.92 23.28 66 2.68 0
17:47 740.92 23.22 67 1.79 0
17:48 740.92 23.17 67 1.79 0
17:49 740.92 23.17 67 1.34 0
17:50 740.66 23.11 67 1.79 0
17:51 740.66 23.06 67 1.79 0
17:52 740.92 23.11 68 1.79 0
17:53 740.92 23.11 67 1.34 0
17:54 740.92 23.11 67 1.79 0
17:55 740.92 23.11 67 1.79 0
17:56 740.92 23.11 67 2.24 0
17:57 740.92 23.17 66 1.79 0
17:58 740.92 23.17 67 1.34 0
17:59 740.92 23.22 67 2.24 0
18:00 740.92 23.28 66 1.79 0
18:01 740.92 23.33 66 2.24 0
18:02 740.92 23.33 66 1.34 0
18:03 740.92 23.39 66 1.79 0
18:04 740.92 23.39 66 2.24 0
18:05 740.92 23.44 66 1.79 0
18:06 740.92 23.44 66 2.68 0
18:07 740.92 23.5 66 2.24 0
18:08 740.92 23.56 67 4.92 0
18:09 740.92 23.5 67 3.58 0
18:10 740.92 23.44 68 3.13 0
18:11 740.92 23.39 68 2.24 0
18:12 740.92 23.39 68 2.24 0
18:13 740.92 23.39 68 1.79 0
18:14 740.92 23.39 69 3.13 0
18:15 740.92 23.39 69 2.68 0
18:16 740.92 23.39 69 2.24 0
18:17 740.92 23.33 69 2.68 0
18:18 740.92 23.39 69 3.58 0
18:19 740.92 23.33 69 2.68 0
18:20 740.92 23.28 69 2.24 0
18:21 740.92 23.28 69 3.58 0
18:22 740.92 23.28 69 3.58 0
18:23 740.92 23.22 69 4.02 0
18:24 740.92 23.22 69 2.68 0
18:25 740.92 23.17 69 2.68 0
18:26 740.92 23.11 70 2.24 0
18:27 740.92 23.17 70 2.68 0
18:28 740.92 23.17 70 1.34 0
18:29 740.92 23.22 70 2.24 0
18:30 740.92 23.22 70 3.58 0
18:31 740.92 23.22 69 2.68 0
18:32 740.92 23.22 70 2.24 0
18:33 740.92 23.22 70 1.34 0
18:34 740.92 23.22 70 .89 0
18:35 740.92 23.22 70 1.79 0
18:36 740.92 23.22 70 2.24 0
18:37 740.92 23.22 69 1.34 0
18:38 740.92 23.22 69 3.13 0
18:39 740.92 23.22 69 .89 0
18:40 741.17 23.17 69 1.34 0
18:41 741.17 23.17 70 3.13 0
18:42 740.92 23.17 69 1.34 0
18:43 741.17 23.17 70 1.34 0
18:44 740.92 23.17 70 1.34 0
18:45 740.92 23.17 70 2.24 0
18:46 741.17 23.17 70 3.13 0
18:47 740.92 23.17 70 1.79 0
18:48 740.92 23.17 70 2.24 0
18:49 741.17 23.17 69 1.79 0
18:50 741.17 23.17 70 1.79 0
18:51 741.17 23.17 70 2.24 0
18:52 741.17 23.17 69 2.68 0
18:53 741.17 23.17 69 2.68 0
18:54 741.17 23.11 69 2.24 0
18:55 741.17 23.11 69 3.58 0
18:56 741.17 23.11 68 1.79 0
18:57 741.17 23.11 68 4.02 0
18:58 741.17 23.06 67 .89 0
18:59 741.17 23.06 66 1.79 0
19:00 741.17 23.06 67 2.68 0
19:01 741.17 23.06 66 1.79 0
19:02 741.17 23.06 66 1.34 0
19:03 741.17 23.06 66 1.34 0
19:04 741.17 23.06 66 2.24 0
19:05 741.17 23.06 66 1.79 0
19:06 741.17 23.06 66 1.79 0
19:07 741.17 23.06 66 1.79 0
19:08 741.17 23.06 66 1.34 0
19:09 741.17 23.06 66 2.68 0
19:10 741.17 23.06 66 2.24 0
19:11 741.43 23 66 1.79 0
19:12 741.17 22.94 66 2.24 0
19:13 741.17 22.94 66 2.24 0
19:14 741.17 22.89 66 1.34 0
19:15 741.17 22.89 67 2.24 0
19:16 741.17 22.83 67 2.24 0
19:17 741.43 22.78 67 1.34 0
19:18 741.43 22.78 67 1.34 0
19:19 741.43 22.78 67 .89 0
19:20 741.17 22.72 67 1.34 0
19:21 741.43 22.72 67 .89 0
19:22 741.43 22.72 67 1.79 0
19:23 741.17 22.72 67 .89 0
19:24 741.43 22.72 67 .89 0
19:25 741.17 22.72 67 1.79 0
19:26 741.43 22.72 68 1.34 0
19:27 741.17 22.67 67 1.79 0
19:28 741.43 22.67 67 1.34 0
19:29 741.17 22.67 68 .89 0
19:30 741.43 22.67 68 1.34 0
19:31 741.17 22.67 68 1.79 0
19:32 741.17 22.61 68 1.79 0
19:33 741.17 22.61 68 1.79 0
19:34 741.43 22.61 68 1.34 0
19:35 741.17 22.61 68 .89 0
19:36 741.17 22.56 68 3.58 0
19:37 741.17 22.44 69 1.79 0
19:38 741.43 22.44 69 3.13 0
19:39 741.43 22.39 69 2.24 0
19:40 741.43 22.33 69 2.24 0
19:41 741.43 22.28 70 1.79 0
19:42 741.43 22.22 70 1.34 0
19:43 741.17 22.17 70 2.24 0
19:44 741.43 22.11 70 1.34 0
19:45 741.17 22.06 70 1.34 0
19:46 741.17 22.06 70 1.34 0
19:47 741.17 22.06 70 2.24 0
19:48 741.17 22 70 1.34 0
19:49 741.17 21.94 71 .89 0
19:50 741.43 21.89 71 1.34 0
19:51 741.17 21.89 70 .89 0
19:52 741.17 21.89 71 1.34 0
19:53 741.43 21.83 71 1.34 0
19:54 741.43 21.83 71 1.79 0
19:55 741.43 21.78 71 2.24 0
19:56 741.43 21.72 71 .89 0
19:57 741.43 21.72 71 1.34 0
19:58 741.43 21.72 71 .89 0
19:59 741.43 21.67 71 1.79 0
20:00 741.43 21.67 71 .89 0
20:01 741.43 21.61 71 .45 0
20:02 741.43 21.61 72 1.34 0
20:03 741.43 21.56 72 1.34 0
20:04 741.43 21.56 72 .89 0
20:05 741.43 21.56 72 .89 0
20:06 741.43 21.5 72 .89 0
20:07 741.43 21.44 72 1.34 0
20:08 741.43 21.44 72 1.34 0
20:09 741.43 21.39 72 .89 0
20:10 741.43 21.39 73 .45 0
20:11 741.43 21.33 73 .45 0
20:12 741.43 21.33 73 .45 0
20:13 741.43 21.33 73 .45 0
20:14 741.43 21.28 73 0 0
20:15 741.43 21.22 73 .45 0
20:16 741.43 21.17 73 0 0
20:17 741.43 21.17 74 0 0
20:18 741.43 21.11 74 .45 0
20:19 741.43 21.06 74 .45 0
20:20 741.43 21 74 .45 0
20:21 741.43 20.94 74 .89 0
20:22 741.43 20.94 74 .45 0
20:23 741.43 20.89 74 .45 0
20:24 741.43 20.83 74 .45 0
20:25 741.43 20.72 75 .45 0
20:26 741.43 20.72 75 .45 0
20:27 741.43 20.67 75 .45 0
20:28 741.68 20.61 75 .45 0
20:29 741.43 20.56 75 .45 0
20:30 741.68 20.5 75 0 0
20:31 741.68 20.44 75 0 0
20:32 741.68 20.39 76 0 0
20:33 741.68 20.33 76 0 0
20:34 741.68 20.28 76 0 0
20:35 741.68 20.22 76 0 0
20:36 741.68 20.17 76 0 0
20:37 741.68 20.11 76 0 0
20:38 741.68 20.06 77 0 0
20:39 741.68 20.06 76 0 0
20:40 741.68 20 77 0 0
20:41 741.68 19.94 77 0 0
20:42 741.68 19.89 77 0 0
20:43 741.68 19.83 77 0 0
20:44 741.68 19.83 77 0 0
20:45 741.68 19.78 77 0 0
20:46 741.68 19.67 78 0 0
20:47 741.68 19.61 78 0 0
20:48 741.68 19.56 78 0 0
20:49 741.68 19.44 78 0 0
20:50 741.68 19.33 78 0 0
20:51 741.68 19.33 78 0 0
20:52 741.68 19.22 78 0 0
20:53 741.68 19.22 79 0 0
20:54 741.68 19.11 79 0 0
20:55 741.68 19.06 79 0 0
20:56 741.68 19.06 79 0 0
20:57 741.68 19 79 0 0
20:58 741.68 18.94 80 0 0
20:59 741.68 18.83 80 0 0
21:00 741.68 18.78 80 0 0
21:01 741.68 18.72 80 0 0
21:02 741.68 18.67 80 0 0
21:03 741.68 18.67 80 0 0
21:04 741.68 18.61 80 0 0
21:05 741.68 18.61 81 0 0
21:06 741.68 18.56 81 0 0
21:07 741.68 18.5 81 0 0
21:08 741.68 18.44 81 0 0
21:09 741.68 18.39 81 0 0
21:10 741.68 18.39 81 0 0
21:11 741.68 18.33 82 0 0
21:12 741.68 18.28 82 0 0
21:13 741.68 18.28 82 0 0
21:14 741.68 18.22 82 0 0
21:15 741.68 18.22 82 0 0
21:16 741.68 18.17 82 0 0
21:17 741.68 18.17 82 0 0
21:18 741.68 18.11 82 0 0
21:19 741.68 18.11 82 0 0
21:20 741.68 18.06 82 0 0
21:21 741.68 18.06 83 0 0
21:22 741.68 18.06 83 0 0
21:23 741.68 18 83 0 0
21:24 741.68 18 83 0 0
21:25 741.68 18 83 0 0
21:26 741.68 18 83 0 0
21:27 741.68 18 83 0 0
21:28 741.68 18 83 0 0
21:29 741.68 18 83 0 0
21:30 741.93 17.94 83 0 0
21:31 741.68 18 83 0 0
21:32 741.93 17.94 83 0 0
21:33 741.68 17.94 83 0 0
21:34 741.68 17.94 83 0 0
21:35 741.93 17.89 83 0 0
21:36 741.68 17.89 83 0 0
21:37 741.68 17.89 83 0 0
21:38 741.68 17.83 83 0 0
21:39 741.68 17.83 83 0 0
21:40 741.68 17.78 83 0 0
21:41 741.68 17.72 83 0 0
21:42 741.68 17.72 83 0 0
21:43 741.93 17.67 83 0 0
21:44 741.68 17.61 83 0 0
21:45 741.68 17.61 83 0 0
21:46 741.68 17.61 84 0 0
21:47 741.68 17.56 84 0 0
21:48 741.68 17.56 84 0 0
21:49 741.68 17.5 84 0 0
21:50 741.68 17.44 84 0 0
21:51 741.68 17.44 84 0 0
21:52 741.68 17.39 84 0 0
21:53 741.68 17.33 84 0 0
21:54 741.68 17.33 84 0 0
21:55 741.68 17.28 85 0 0
21:56 741.68 17.28 85 0 0
21:57 741.68 17.22 85 0 0
21:58 741.68 17.17 85 0 0
21:59 741.68 17.17 85 0 0
22:00 741.68 17.11 85 0 0
22:01 741.68 17.11 85 0 0
22:02 741.68 17.06 85 0 0
22:03 741.68 17 85 0 0
22:04 741.68 17 85 0 0
22:05 741.68 16.94 85 0 0
22:06 741.68 16.89 85 0 0
22:07 741.68 16.89 85 0 0
22:08 741.68 16.83 85 0 0
22:09 741.68 16.78 85 0 0
22:10 741.68 16.78 86 0 0
22:11 741.68 16.72 86 0 0
22:12 741.68 16.67 86 0 0
22:13 741.68 16.67 86 0 0
22:14 741.68 16.61 86 0 0
22:15 741.68 16.61 86 0 0
22:16 741.68 16.56 86 0 0
22:17 741.68 16.56 86 0 0
22:18 741.68 16.56 86 0 0
22:19 741.68 16.5 86 0 0
22:20 741.68 16.5 86 0 0
22:21 741.68 16.5 87 0 0
22:22 741.68 16.5 87 0 0
22:23 741.68 16.44 87 0 0
22:24 741.68 16.44 87 0 0
22:25 741.68 16.44 87 0 0
22:26 741.68 16.39 87 0 0
22:27 741.68 16.39 87 0 0
22:28 741.68 16.33 87 0 0
22:29 741.68 16.33 87 0 0
22:30 741.68 16.28 87 0 0
22:31 741.68 16.28 87 .45 0
22:32 741.68 16.28 87 0 0
22:33 741.68 16.28 87 .45 0
22:34 741.68 16.28 87 0 0
22:35 741.68 16.28 88 0 0
22:36 741.68 16.28 88 0 0
22:37 741.68 16.28 88 0 0
22:38 741.68 16.28 87 0 0
22:39 741.68 16.28 87 0 0
22:40 741.68 16.28 88 0 0
22:41 741.68 16.28 88 0 0
22:42 741.68 16.28 88 0 0
22:43 741.68 16.28 88 0 0
22:44 741.68 16.22 88 0 0
22:45 741.68 16.28 88 0 0
22:46 741.68 16.28 88 0 0
22:47 741.68 16.28 88 0 0
22:48 741.68 16.28 88 0 0
22:49 741.68 16.28 88 0 0
22:50 741.68 16.28 88 0 0
22:51 741.68 16.28 88 0 0
22:52 741.68 16.28 88 0 0
22:53 741.68 16.28 87 0 0
22:54 741.68 16.17 87 0 0
22:55 741.68 16.17 87 0 0
22:56 741.68 16.17 87 0 0
22:57 741.68 16.17 88 0 0
22:58 741.68 16.11 88 0 0
22:59 741.68 16.11 88 0 0
23:00 741.68 16.11 88 0 0
23:01 741.68 16.06 88 0 0
23:02 741.68 16.06 88 0 0
23:03 741.68 16.06 88 0 0
23:04 741.68 16 88 0 0
23:05 741.68 16.06 88 0 0
23:06 741.68 16 88 0 0
23:07 741.68 16 88 0 0
23:08 741.68 16 88 0 0
23:09 741.68 16 88 0 0
23:10 741.68 15.94 88 0 0
23:11 741.68 15.94 88 0 0
23:12 741.68 15.89 88 0 0
23:13 741.68 15.89 88 0 0
23:14 741.68 15.83 88 0 0
23:15 741.68 15.83 88 0 0
23:16 741.68 15.83 88 0 0
23:17 741.68 15.78 88 0 0
23:18 741.68 15.72 88 0 0
23:19 741.68 15.72 88 0 0
23:20 741.68 15.67 88 0 0
23:21 741.68 15.67 88 0 0
23:22 741.68 15.67 88 0 0
23:23 741.68 15.61 88 0 0
23:24 741.68 15.56 88 0 0
23:25 741.68 15.56 88 0 0
23:26 741.68 15.56 88 0 0
23:27 741.68 15.56 88 0 0
23:28 741.68 15.56 88 0 0
23:29 741.68 15.56 88 0 0
23:30 741.68 15.5 88 0 0
23:31 741.68 15.56 89 0 0
23:32 741.68 15.5 89 0 0
23:33 741.68 15.56 89 0 0
23:34 741.68 15.56 89 0 0
23:35 741.68 15.56 89 0 0
23:36 741.68 15.56 89 0 0
23:37 741.68 15.5 89 0 0
23:38 741.68 15.5 89 0 0
23:39 741.68 15.5 89 0 0
23:40 741.68 15.44 89 0 0
23:41 741.68 15.44 89 0 0
23:42 741.68 15.44 89 0 0
23:43 741.68 15.39 89 0 0
23:44 741.68 15.39 89 0 0
23:45 741.68 15.39 89 0 0
23:46 741.68 15.33 89 0 0
23:47 741.68 15.33 89 0 0
23:48 741.68 15.28 89 0 0
23:49 741.68 15.28 89 0 0
23:50 741.68 15.28 89 0 0
23:51 741.68 15.28 89 0 0
23:52 741.68 15.28 89 0 0
23:53 741.68 15.28 89 0 0
23:54 741.68 15.28 89 0 0
23:55 741.93 15.28 90 0 0
23:56 741.93 15.33 90 0 0
23:57 741.93 15.33 90 0 0
23:58 741.68 15.33 90 0 0
23:59 741.93 15.33 90 0 0
