00:00 744.47 17.11 68 1.34 0
00:01 744.47 17.11 68 .89 0
00:02 744.47 17.06 68 1.79 0
00:03 744.47 17.11 68 2.68 0
00:04 744.47 17.11 68 1.79 0
00:05 744.47 17.11 68 1.34 0
00:06 744.47 17.06 68 1.34 0
00:07 744.47 17.11 68 1.79 0
00:08 744.47 17.06 68 1.34 0
00:09 744.47 17.06 68 .89 0
00:10 744.47 17.06 68 2.68 0
00:11 744.47 17.06 68 2.24 0
00:12 744.47 17.06 68 3.58 0
00:13 744.47 17 68 2.24 0
00:14 744.47 17.06 68 1.34 0
00:15 744.47 17.06 68 2.24 0
00:16 744.47 17 68 2.24 0
00:17 744.47 17.06 69 4.02 0
00:18 744.47 17.06 69 1.79 0
00:19 744.47 17 69 1.34 0
00:20 744.47 17 69 4.02 0
00:21 744.47 17 69 2.68 0
00:22 744.47 17 69 1.34 0
00:23 744.47 17 69 3.13 0
00:24 744.47 17 69 2.24 0
00:25 744.47 17 69 1.79 0
00:26 744.47 17 69 1.34 0
00:27 744.47 17 69 .89 0
00:28 744.47 17 69 2.24 0
00:29 744.47 17 69 1.79 0
00:30 744.47 17 69 2.68 0
00:31 744.47 17 69 2.24 0
00:32 744.47 16.94 69 2.24 0
00:33 744.47 16.94 69 2.24 0
00:34 744.47 16.94 69 1.79 0
00:35 744.47 16.89 69 3.58 0
00:36 744.47 16.94 69 1.34 0
00:37 744.47 16.94 69 3.13 0
00:38 744.47 16.94 69 2.68 0
00:39 744.47 16.89 69 1.79 0
00:40 744.47 16.89 69 1.79 0
00:41 744.47 16.89 69 1.79 0
00:42 744.47 16.89 69 2.24 0
00:43 744.47 16.89 69 2.24 0
00:44 744.47 16.89 69 1.79 0
00:45 744.47 16.83 69 1.34 0
00:46 744.47 16.83 69 1.79 0
00:47 744.47 16.83 69 .89 0
00:48 744.47 16.83 69 .89 0
00:49 744.47 16.83 69 2.24 0
00:50 744.47 16.83 69 1.34 0
00:51 744.47 16.78 69 1.79 0
00:52 744.47 16.78 69 1.79 0
00:53 744.47 16.78 69 2.24 0
00:54 744.47 16.78 69 1.79 0
00:55 744.47 16.78 69 1.79 0
00:56 744.47 16.78 69 2.24 0
00:57 744.47 16.78 69 2.24 0
00:58 744.47 16.78 69 1.34 0
00:59 744.47 16.78 69 1.79 0
01:00 744.47 16.78 69 1.79 0
01:01 744.47 16.78 69 1.34 0
01:02 744.47 16.78 69 2.24 0
01:03 744.47 16.72 69 .89 0
01:04 744.47 16.78 69 1.79 0
01:05 744.47 16.72 69 2.24 0
01:06 744.47 16.78 69 2.68 0
01:07 744.47 16.78 69 2.24 0
01:08 744.47 16.83 69 1.79 0
01:09 744.47 16.78 69 2.24 0
01:10 744.47 16.83 69 .89 0
01:11 744.47 16.83 69 1.79 0
01:12 744.47 16.78 69 2.24 0
01:13 744.47 16.78 69 4.02 0
01:14 744.47 16.78 69 2.68 0
01:15 744.47 16.78 69 1.79 0
01:16 744.47 16.78 69 1.34 0
01:17 744.47 16.78 69 2.68 0
01:18 744.47 16.72 69 1.79 0
01:19 744.47 16.72 69 1.79 0
01:20 744.47 16.72 69 2.24 0
01:21 744.47 16.72 69 2.24 0
01:22 744.47 16.72 69 1.79 0
01:23 744.47 16.67 70 2.24 0
01:24 744.47 16.67 70 1.79 0
01:25 744.47 16.67 70 .89 0
01:26 744.47 16.67 70 1.34 0
01:27 744.47 16.67 70 1.34 0
01:28 744.47 16.61 70 1.79 0
01:29 744.47 16.61 70 1.34 0
01:30 744.47 16.61 70 2.68 0
01:31 744.47 16.61 70 1.79 0
01:32 744.47 16.61 70 1.34 0
01:33 744.47 16.61 70 2.24 0
01:34 744.47 16.56 70 1.34 0
01:35 744.47 16.56 70 .45 0
01:36 744.47 16.56 70 1.79 0
01:37 744.47 16.56 70 1.79 0
01:38 744.47 16.56 70 2.24 0
01:39 744.47 16.56 70 1.79 0
01:40 744.47 16.56 70 2.68 0
01:41 744.47 16.56 70 2.24 0
01:42 744.47 16.56 70 2.68 0
01:43 744.47 16.56 70 2.24 0
01:44 744.47 16.56 70 1.34 0
01:45 744.47 16.56 70 1.34 0
01:46 744.47 16.56 70 1.79 0
01:47 744.47 16.56 70 2.24 0
01:48 744.47 16.56 70 2.68 0
01:49 744.47 16.56 70 2.24 0
01:50 744.47 16.56 70 2.24 0
01:51 744.47 16.56 70 .89 0
01:52 744.47 16.56 70 1.79 0
01:53 744.47 16.5 70 1.79 0
01:54 744.47 16.5 70 2.24 0
01:55 744.47 16.5 70 .89 0
01:56 744.47 16.5 70 .45 0
01:57 744.47 16.44 70 1.34 0
01:58 744.47 16.44 70 2.68 0
01:59 744.47 16.44 70 2.24 0
02:00 744.47 16.44 70 2.24 0
02:01 744.47 16.44 70 1.34 0
02:02 744.47 16.44 70 1.34 0
02:03 744.47 16.44 70 1.34 0
02:04 744.47 16.44 70 2.24 0
02:05 744.47 16.44 70 1.79 0
02:06 744.47 16.44 70 .89 0
02:07 744.47 16.44 70 1.34 0
02:08 744.47 16.44 70 1.34 0
02:09 744.47 16.39 70 1.79 0
02:10 744.47 16.39 70 .89 0
02:11 744.47 16.39 71 2.24 0
02:12 744.47 16.39 71 1.34 0
02:13 744.47 16.33 71 .89 0
02:14 744.47 16.33 71 1.34 0
02:15 744.47 16.33 71 1.34 0
02:16 744.47 16.39 71 1.34 0
02:17 744.47 16.33 71 1.79 0
02:18 744.47 16.33 71 1.34 0
02:19 744.47 16.33 71 1.34 0
02:20 744.47 16.33 71 .89 0
02:21 744.47 16.28 71 1.79 0
02:22 744.47 16.28 71 2.24 0
02:23 744.47 16.28 71 1.79 0
02:24 744.47 16.28 71 1.79 0
02:25 744.73 16.28 71 1.34 0
02:26 744.47 16.22 71 2.24 0
02:27 744.47 16.22 71 1.79 0
02:28 744.47 16.22 71 1.34 0
02:29 744.47 16.17 71 1.34 0
02:30 744.47 16.22 71 1.34 0
02:31 744.47 16.17 71 1.34 0
02:32 744.47 16.17 71 1.79 0
02:33 744.47 16.17 71 .45 0
02:34 744.47 16.17 71 .89 0
02:35 744.47 16.17 71 1.79 0
02:36 744.47 16.17 71 1.34 0
02:37 744.73 16.11 71 1.34 0
02:38 744.73 16.11 71 1.34 0
02:39 744.73 16.11 72 1.34 0
02:40 744.73 16.06 71 1.34 0
02:41 744.73 16.06 71 .89 0
02:42 744.73 16.06 71 .89 0
02:43 744.47 16.06 71 0 0
02:44 744.73 16.06 72 1.79 0
02:45 744.73 16 72 .45 0
02:46 744.73 16 72 .45 0
02:47 744.73 16 72 .89 0
02:48 744.73 16 72 .89 0
02:49 744.73 15.94 72 .89 0
02:50 744.73 15.94 72 .45 0
02:51 744.73 15.94 72 .45 0
02:52 744.73 15.89 72 .89 0
02:53 744.73 15.89 72 .89 0
02:54 744.73 15.83 72 1.79 0
02:55 744.73 15.83 72 .89 0
02:56 744.73 15.83 72 1.34 0
02:57 744.73 15.78 72 1.34 0
02:58 744.73 15.78 72 1.79 0
02:59 744.73 15.78 72 .45 0
03:00 744.73 15.78 72 1.34 0
03:01 744.73 15.78 72 .89 0
03:02 744.73 15.78 72 .89 0
03:03 744.73 15.78 72 .89 0
03:04 744.73 15.83 72 .89 0
03:05 744.73 15.78 72 1.79 0
03:06 744.73 15.78 72 .45 0
03:07 744.73 15.78 72 1.34 0
03:08 744.73 15.78 72 1.34 0
03:09 744.73 15.78 72 .89 0
03:10 744.73 15.78 72 .45 0
03:11 744.73 15.78 72 .89 0
03:12 744.73 15.78 72 .45 0
03:13 744.73 15.72 72 0 0
03:14 744.73 15.72 72 .89 0
03:15 744.73 15.72 73 .45 0
03:16 744.73 15.72 73 .89 0
03:17 744.73 15.67 72 .89 0
03:18 744.73 15.67 73 .45 0
03:19 744.73 15.67 73 .89 0
03:20 744.73 15.61 73 .89 0
03:21 744.73 15.56 73 1.79 0
03:22 744.73 15.56 73 .89 0
03:23 744.73 15.56 73 .89 0
03:24 744.73 15.5 73 .89 0
03:25 744.73 15.44 73 .89 0
03:26 744.73 15.39 73 1.34 0
03:27 744.73 15.39 74 1.79 0
03:28 744.73 15.39 73 1.34 0
03:29 744.73 15.33 74 .89 0
03:30 744.73 15.33 74 .89 0
03:31 744.73 15.28 74 .89 0
03:32 744.73 15.28 74 .45 0
03:33 744.73 15.28 74 1.34 0
03:34 744.73 15.22 74 .89 0
03:35 744.73 15.22 74 .89 0
03:36 744.73 15.17 74 .89 0
03:37 744.73 15.17 74 1.34 0
03:38 744.73 15.17 74 0 0
03:39 744.73 15.17 74 1.34 0
03:40 744.73 15.11 74 .89 0
03:41 744.73 15.11 74 .89 0
03:42 744.98 15.11 75 1.34 0
03:43 744.73 15.06 75 .89 0
03:44 744.73 15.06 75 .89 0
03:45 744.73 15.06 75 .89 0
03:46 744.73 15.06 75 .89 0
03:47 744.73 15 75 1.34 0
03:48 744.73 15 75 .89 0
03:49 744.73 15 75 .45 0
03:50 744.73 15 75 .89 0
03:51 744.73 14.94 75 .89 0
03:52 744.73 14.94 75 .45 0
03:53 744.73 14.94 75 1.34 0
03:54 744.73 14.94 75 1.34 0
03:55 744.73 14.94 75 .89 0
03:56 744.73 14.94 75 .89 0
03:57 744.73 14.89 75 .89 0
03:58 744.73 14.94 75 .89 0
03:59 744.73 14.94 75 .89 0
04:00 744.73 14.94 75 .89 0
04:01 744.98 14.94 75 .89 0
04:02 744.73 14.94 75 1.34 0
04:03 744.73 14.89 75 1.34 0
04:04 744.73 14.89 75 .89 0
04:05 744.98 14.94 75 .89 0
04:06 744.73 14.89 75 .89 0
04:07 744.98 14.94 75 1.34 0
04:08 744.98 14.89 75 .89 0
04:09 744.98 14.89 75 1.79 0
04:10 744.73 14.89 75 .89 0
04:11 744.73 14.89 75 .89 0
04:12 744.98 14.89 75 .89 0
04:13 744.98 14.89 75 1.34 0
04:14 744.98 14.89 75 .89 0
04:15 744.73 14.89 75 1.34 0
04:16 744.73 14.83 75 1.34 0
04:17 744.98 14.83 75 1.34 0
04:18 744.98 14.83 75 .89 0
04:19 744.73 14.83 75 .89 0
04:20 744.98 14.78 75 1.34 0
04:21 744.98 14.78 75 .89 0
04:22 744.98 14.78 75 .89 0
04:23 744.73 14.78 76 .89 0
04:24 744.73 14.78 76 .89 0
04:25 744.98 14.78 76 .89 0
04:26 744.98 14.78 76 .45 0
04:27 744.73 14.78 76 .45 0
04:28 744.98 14.72 76 .89 0
04:29 744.98 14.78 76 .89 0
04:30 744.98 14.72 76 .89 0
04:31 744.98 14.78 76 .89 0
04:32 744.98 14.78 76 .89 0
04:33 744.98 14.78 76 .89 0
04:34 744.98 14.78 76 1.79 0
04:35 744.98 14.78 76 .89 0
04:36 744.98 14.83 76 1.34 0
04:37 744.98 14.78 75 1.34 0
04:38 744.98 14.83 75 .45 0
04:39 744.98 14.83 75 .89 0
04:40 744.98 14.89 75 .89 0
04:41 744.98 14.89 75 .45 0
04:42 744.98 14.89 75 .45 0
04:43 744.98 14.94 75 .89 0
04:44 744.98 14.89 75 .89 0
04:45 744.98 14.94 75 .89 0
04:46 744.98 14.94 75 .89 0
04:47 744.98 14.94 75 .45 0
04:48 744.98 15 75 1.34 0
04:49 744.98 15 75 .89 0
04:50 744.98 15.06 75 .89 0
04:51 744.98 15.06 75 1.34 0
04:52 744.98 15.06 75 .89 0
04:53 744.98 15.06 75 .89 0
04:54 744.98 15.06 75 1.34 0
04:55 745.24 15.11 75 .89 0
04:56 745.24 15.11 75 .89 0
04:57 745.24 15.11 75 2.24 0
04:58 745.24 15.22 75 .45 0
04:59 745.24 15.22 75 .89 0
05:00 744.98 15.28 75 1.79 0
05:01 745.24 15.28 74 1.34 0
05:02 745.24 15.33 74 1.79 0
05:03 745.24 15.33 74 .89 0
05:04 745.24 15.39 74 .89 0
05:05 745.24 15.39 74 1.34 0
05:06 745.24 15.39 74 1.79 0
05:07 745.24 15.44 74 1.34 0
05:08 745.24 15.5 74 .89 0
05:09 745.24 15.56 74 1.79 0
05:10 745.24 15.5 74 1.79 0
05:11 745.24 15.44 75 1.79 0
05:12 745.24 15.39 75 .89 0
05:13 745.24 15.33 75 1.34 0
05:14 745.24 15.33 75 1.34 0
05:15 745.24 15.33 75 1.34 0
05:16 745.24 15.33 75 .89 0
05:17 745.24 15.33 75 .89 0
05:18 745.24 15.33 75 1.34 0
05:19 745.49 15.28 75 1.34 0
05:20 745.24 15.28 75 .45 0
05:21 745.24 15.28 75 .45 0
05:22 745.24 15.28 76 .45 0
05:23 745.24 15.28 75 .89 0
05:24 745.24 15.28 75 .89 0
05:25 745.24 15.33 75 .45 0
05:26 745.24 15.33 75 1.34 0
05:27 745.49 15.39 75 .45 0
05:28 745.49 15.39 75 0 0
05:29 745.49 15.44 75 .45 0
05:30 745.49 15.5 75 .45 0
05:31 745.49 15.5 75 .45 0
05:32 745.49 15.5 75 0 0
05:33 745.49 15.56 75 0 0
05:34 745.49 15.61 75 0 0
05:35 745.49 15.61 75 0 0
05:36 745.49 15.67 75 .45 0
05:37 745.49 15.72 75 .45 0
05:38 745.49 15.72 75 .45 0
05:39 745.49 15.78 75 .45 0
05:40 745.49 15.78 75 .45 0
05:41 745.24 15.89 75 1.34 0
05:42 745.49 15.89 74 .89 0
05:43 745.49 15.89 74 .45 0
05:44 745.49 15.94 74 .89 0
05:45 745.49 15.94 74 .45 0
05:46 745.49 16 74 .45 0
05:47 745.49 16 74 .45 0
05:48 745.49 16 73 .45 0
05:49 745.49 16.06 73 .45 0
05:50 745.49 16.06 73 .45 0
05:51 745.49 16.06 73 .89 0
05:52 745.49 16.06 73 .89 0
05:53 745.49 16.11 73 .45 0
05:54 745.49 16.17 73 .89 0
05:55 745.49 16.17 73 .89 0
05:56 745.49 16.17 73 .89 0
05:57 745.49 16.22 73 1.34 0
05:58 745.49 16.22 73 1.79 0
05:59 745.49 16.22 73 2.24 0
06:00 745.49 16.28 73 1.34 0
06:01 745.49 16.28 73 .89 0
06:02 745.49 16.28 73 .45 0
06:03 745.49 16.28 73 .45 0
06:04 745.49 16.33 73 .89 0
06:05 745.49 16.33 73 1.79 0
06:06 745.49 16.33 73 1.34 0
06:07 745.49 16.39 73 .89 0
06:08 745.49 16.39 73 1.34 0
06:09 745.49 16.44 73 .89 0
06:10 745.49 16.44 73 .89 0
06:11 745.49 16.44 73 .45 0
06:12 745.49 16.44 72 .45 0
06:13 745.49 16.5 72 .89 0
06:14 745.49 16.56 72 .89 0
06:15 745.49 16.61 72 .89 0
06:16 745.49 16.67 72 2.24 0
06:17 745.49 16.67 72 .89 0
06:18 745.49 16.72 72 .89 0
06:19 745.49 16.72 72 .45 0
06:20 745.49 16.78 72 .45 0
06:21 745.49 16.78 72 .45 0
06:22 745.49 16.83 71 .45 0
06:23 745.49 16.89 71 .89 0
06:24 745.49 16.94 71 1.34 0
06:25 745.49 17 71 1.34 0
06:26 745.74 17.06 71 .89 0
06:27 745.49 17.06 71 1.34 0
06:28 745.49 17.06 71 .89 0
06:29 745.49 17.06 71 .45 0
06:30 745.74 17.11 71 .89 0
06:31 745.74 17.17 71 1.79 0
06:32 745.74 17.17 71 1.34 0
06:33 745.74 17.17 71 1.79 0
06:34 745.74 17.22 70 1.79 0
06:35 745.74 17.33 71 1.34 0
06:36 745.74 17.33 71 1.34 0
06:37 745.74 17.39 70 .89 0
06:38 745.74 17.44 70 .89 0
06:39 745.74 17.56 70 .45 0
06:40 745.74 17.56 70 .89 0
06:41 745.74 17.61 71 1.79 0
06:42 745.74 17.67 70 3.13 0
06:43 745.74 17.67 70 2.24 0
06:44 745.74 17.67 69 1.34 0
06:45 745.74 17.67 70 2.24 0
06:46 745.74 17.61 69 3.13 0
06:47 745.74 17.61 69 1.34 0
06:48 745.74 17.61 70 1.79 0
06:49 745.74 17.61 69 2.68 0
06:50 745.74 17.61 70 3.13 0
06:51 745.74 17.61 69 3.13 0
06:52 745.74 17.61 69 1.79 0
06:53 745.74 17.61 69 2.24 0
06:54 745.74 17.61 69 3.13 0
06:55 746 17.67 69 2.68 0
06:56 746 17.67 69 3.13 0
06:57 745.74 17.67 69 3.58 0
06:58 746 17.67 69 .45 0
06:59 746 17.67 70 .89 0
07:00 746 17.67 70 1.79 0
07:01 746 17.67 70 .89 0
07:02 746 17.67 70 .89 0
07:03 746 17.67 69 3.13 0
07:04 746 17.72 69 4.47 0
07:05 746 17.72 69 2.24 0
07:06 746 17.72 69 3.13 0
07:07 746 17.72 69 1.79 0
07:08 746 17.72 69 2.68 0
07:09 746 17.72 69 .89 0
07:10 746 17.72 70 .45 0
07:11 746 17.72 70 1.34 0
07:12 746 17.78 70 3.13 0
07:13 746 17.72 69 1.79 0
07:14 746 17.78 69 2.24 0
07:15 746 17.78 69 .89 0
07:16 746 17.83 69 2.24 0
07:17 746 17.89 69 1.79 0
07:18 746 17.94 69 1.79 0
07:19 746 18 69 2.24 0
07:20 746 18 69 1.34 0
07:21 746 18.06 69 3.13 0
07:22 746 18.06 69 1.79 0
07:23 746 18.11 69 1.34 0
07:24 746 18.17 69 1.34 0
07:25 746 18.22 69 3.58 0
07:26 746 18.28 68 1.34 0
07:27 746 18.33 68 2.24 0
07:28 746 18.39 68 3.13 0
07:29 746 18.39 68 2.24 0
07:30 746 18.44 68 2.68 0
07:31 746 18.44 68 1.79 0
07:32 746 18.44 67 4.92 0
07:33 746 18.39 67 4.47 0
07:34 746 18.28 67 4.47 0
07:35 746 18.22 67 2.24 0
07:36 746 18.22 67 3.13 0
07:37 746 18.22 68 3.13 0
07:38 746 18.28 68 3.13 0
07:39 746 18.28 68 2.24 0
07:40 746 18.33 68 1.79 0
07:41 746 18.33 68 1.79 0
07:42 746 18.39 68 3.58 0
07:43 746 18.39 68 2.24 0
07:44 746 18.39 68 2.68 0
07:45 746 18.44 68 2.68 0
07:46 746 18.39 68 2.68 0
07:47 746 18.39 68 2.68 0
07:48 746 18.44 67 2.24 0
07:49 746 18.44 68 1.79 0
07:50 746 18.5 68 1.79 0
07:51 745.74 18.5 68 2.68 0
07:52 745.74 18.61 68 2.68 0
07:53 746 18.67 67 3.13 0
07:54 745.74 18.78 67 1.34 0
07:55 745.74 18.83 67 1.34 0
07:56 745.74 18.94 67 3.58 0
07:57 745.74 19 67 2.24 0
07:58 746 19.06 66 3.13 0
07:59 746 19.11 67 2.24 0
08:00 746 19.11 66 2.68 0
08:01 746 19.11 66 2.68 0
08:02 746 19.11 66 1.79 0
08:03 745.74 19.17 66 1.79 0
08:04 746 19.17 66 2.24 0
08:05 746 19.28 66 1.34 0
08:06 746 19.33 66 3.58 0
08:07 746 19.33 66 4.02 0
08:08 746 19.33 65 1.79 0
08:09 746 19.39 66 2.68 0
08:10 746 19.39 65 3.13 0
08:11 746 19.39 66 1.34 0
08:12 746 19.44 66 3.13 0
08:13 746 19.44 66 1.79 0
08:14 746 19.5 66 3.13 0
08:15 746 19.61 66 4.47 0
08:16 746 19.61 65 4.92 0
08:17 746 19.61 65 4.02 0
08:18 746 19.67 64 1.34 0
08:19 746 19.72 65 1.79 0
08:20 746 19.72 65 2.24 0
08:21 746 19.78 65 2.68 0
08:22 746 19.89 65 4.02 0
08:23 746 19.89 64 4.02 0
08:24 746 19.89 64 4.02 0
08:25 746 19.83 64 2.24 0
08:26 746 19.83 64 3.58 0
08:27 746 19.83 64 2.68 0
08:28 746 19.83 64 4.47 0
08:29 746 19.89 64 3.58 0
08:30 746 19.89 64 2.68 0
08:31 746 19.94 64 2.68 0
08:32 746 19.94 64 1.79 0
08:33 746 19.94 64 4.47 0
08:34 746 20 64 3.58 0
08:35 746 20 63 4.47 0
08:36 746 19.94 64 3.13 0
08:37 746 19.94 64 2.68 0
08:38 746 19.94 64 3.13 0
08:39 746 19.94 64 3.13 0
08:40 746 19.94 64 3.58 0
08:41 746 19.94 63 5.36 0
08:42 746.25 20 63 4.02 0
08:43 746 20 63 4.02 0
08:44 746.25 20.06 62 2.24 0
08:45 746.25 20 63 2.24 0
08:46 746 20.06 63 3.13 0
08:47 746 20.06 63 2.68 0
08:48 746 20 63 2.68 0
08:49 746 20 63 4.02 0
08:50 746.25 20 63 2.24 0
08:51 746.25 20 63 2.24 0
08:52 746 20 62 1.34 0
08:53 746 20 63 1.34 0
08:54 746 20.06 63 2.24 0
08:55 746.25 20.06 63 1.79 0
08:56 746 20.11 63 1.34 0
08:57 746 20.11 63 1.34 0
08:58 746.25 20.22 63 1.34 0
08:59 746 20.28 63 .89 0
09:00 746 20.39 64 1.79 0
09:01 746 20.44 64 1.34 0
09:02 746 20.61 64 1.79 0
09:03 746 20.72 63 .89 0
09:04 746 20.78 63 2.68 0
09:05 746 20.83 62 1.34 0
09:06 746 20.89 63 2.24 0
09:07 746 21 62 2.24 0
09:08 746 21.06 62 1.79 0
09:09 746 21.11 61 1.79 0
09:10 746.25 21.17 61 2.24 0
09:11 746 21.28 61 1.34 0
09:12 746 21.33 61 2.68 0
09:13 746.25 21.44 60 1.34 0
09:14 746.25 21.56 61 3.13 0
09:15 746.25 21.61 60 1.79 0
09:16 746.25 21.67 59 1.79 0
09:17 746.25 21.72 60 4.02 0
09:18 746.25 21.72 59 1.79 0
09:19 746 21.78 59 1.34 0
09:20 746 21.78 59 3.13 0
09:21 746 21.83 59 2.24 0
09:22 746.25 21.83 59 2.68 0
09:23 746 21.89 59 3.58 0
09:24 746.25 22 59 4.02 0
09:25 746.25 22.06 58 2.24 0
09:26 746 22.06 57 2.24 0
09:27 746 22.06 58 1.34 0
09:28 746.25 22.06 58 4.47 0
09:29 746.25 22.06 57 2.24 0
09:30 746.25 22.11 57 .89 0
09:31 746 22.11 58 .89 0
09:32 746 22.17 57 3.58 0
09:33 746.25 22.22 57 4.02 0
09:34 746.25 22.28 56 3.58 0
09:35 746.25 22.33 57 3.13 0
09:36 746.25 22.33 56 3.58 0
09:37 746.25 22.33 56 3.13 0
09:38 746 22.33 56 2.68 0
09:39 746 22.33 56 2.24 0
09:40 746 22.33 56 1.34 0
09:41 746 22.39 57 3.58 0
09:42 746.25 22.39 56 3.58 0
09:43 746.25 22.44 56 2.68 0
09:44 746.25 22.5 56 1.34 0
09:45 746.25 22.5 56 .89 0
09:46 746 22.67 56 4.92 0
09:47 746.25 22.78 54 4.47 0
09:48 746.25 22.83 54 3.13 0
09:49 746.25 22.94 54 1.79 0
09:50 746.25 22.94 54 1.79 0
09:51 746.25 22.94 55 3.13 0
09:52 746.25 23 54 4.02 0
09:53 746.25 23.06 54 1.34 0
09:54 746 23.11 54 2.24 0
09:55 746 23.17 54 3.58 0
09:56 746 23.28 54 3.58 0
09:57 746 23.33 54 1.34 0
09:58 746.25 23.39 54 .89 0
09:59 746.25 23.44 54 1.34 0
10:00 746.25 23.44 54 2.68 0
10:01 746.25 23.44 54 3.13 0
10:02 746 23.5 54 .89 0
10:03 746.25 23.56 54 6.26 0
10:04 746.25 23.5 51 4.02 0
10:05 746.25 23.56 52 3.13 0
10:06 746.25 23.56 52 3.58 0
10:07 746.25 23.56 52 4.47 0
10:08 746.25 23.5 52 4.47 0
10:09 746.25 23.5 53 1.79 0
10:10 746.25 23.5 52 2.68 0
10:11 746.25 23.56 52 .89 0
10:12 746.25 23.56 54 2.24 0
10:13 746.25 23.67 52 .45 0
10:14 746.25 23.72 53 .89 0
10:15 746.25 23.83 53 2.24 0
10:16 746.25 23.94 52 4.02 0
10:17 746.25 23.94 51 4.02 0
10:18 746.25 23.94 51 3.58 0
10:19 746.25 24 52 4.02 0
10:20 746.25 24 51 4.47 0
10:21 746.25 24 51 2.24 0
10:22 746.25 23.94 52 1.34 0
10:23 746.25 23.94 52 2.68 0
10:24 746.25 24 52 3.58 0
10:25 746.25 23.94 51 4.02 0
10:26 746.25 23.89 52 2.68 0
10:27 746.25 23.83 51 3.13 0
10:28 746.25 23.78 51 2.68 0
10:29 746.25 23.72 51 3.13 0
10:30 746.25 23.72 52 4.92 0
10:31 746.25 23.78 51 2.68 0
10:32 746.25 23.78 51 3.58 0
10:33 746.25 23.78 51 1.79 0
10:34 746.25 23.83 51 2.68 0
10:35 746.25 23.94 51 1.79 0
10:36 746.25 24 52 2.24 0
10:37 746.25 24.11 52 4.02 0
10:38 746.25 24.17 50 4.92 0
10:39 746.25 24.11 50 4.02 0
10:40 746.51 24.11 50 5.36 0
10:41 746.51 24.11 49 4.02 0
10:42 746.25 24.17 49 4.02 0
10:43 746.51 24.17 49 3.58 0
10:44 746.51 24.22 48 3.13 0
10:45 746.51 24.22 48 5.81 0
10:46 746.51 24.28 48 3.13 0
10:47 746.51 24.22 48 3.58 0
10:48 746.51 24.22 48 4.47 0
10:49 746.25 24.22 47 4.47 0
10:50 746.25 24.28 48 5.36 0
10:51 746.25 24.28 47 7.15 0
10:52 746.51 24.28 48 7.15 0
10:53 746.51 24.28 47 6.71 0
10:54 746.51 24.28 47 5.81 0
10:55 746.51 24.28 47 5.36 0
10:56 746.51 24.28 47 4.92 0
10:57 746.51 24.28 48 3.58 0
10:58 746.51 24.33 48 4.47 0
10:59 746.51 24.39 48 4.92 0
11:00 746.51 24.39 47 5.36 0
11:01 746.51 24.39 47 2.24 0
11:02 746.51 24.44 48 2.24 0
11:03 746.51 24.56 48 2.68 0
11:04 746.51 24.56 48 6.71 0
11:05 746.51 24.61 47 7.15 0
11:06 746.51 24.61 46 6.26 0
11:07 746.51 24.61 46 4.02 0
11:08 746.51 24.67 46 5.36 0
11:09 746.51 24.67 46 4.92 0
11:10 746.51 24.67 46 4.02 0
11:11 746.51 24.72 47 1.34 0
11:12 746.51 24.72 47 2.24 0
11:13 746.51 24.78 47 4.02 0
11:14 746.51 24.83 47 4.92 0
11:15 746.51 24.89 47 4.47 0
11:16 746.51 24.94 47 .89 0
11:17 746.51 25.06 47 4.02 0
11:18 746.51 25.11 46 6.71 0
11:19 746.51 25.06 45 6.26 0
11:20 746.51 25.11 46 3.58 0
11:21 746.51 25.11 45 5.81 0
11:22 746.51 25.17 45 4.47 0
11:23 746.51 25.11 44 4.02 0
11:24 746.51 25.11 45 3.13 0
11:25 746.51 25.11 45 3.58 0
11:26 746.51 25.11 45 2.68 0
11:27 746.51 25.17 46 4.47 0
11:28 746.51 25.28 45 4.02 0
11:29 746.51 25.22 45 3.58 0
11:30 746.51 25.22 45 2.68 0
11:31 746.51 25.28 45 2.24 0
11:32 746.51 25.33 46 4.47 0
11:33 746.51 25.44 45 4.02 0
11:34 746.51 25.44 45 4.02 0
11:35 746.51 25.39 45 4.47 0
11:36 746.51 25.33 44 4.02 0
11:37 746.51 25.28 45 4.92 0
11:38 746.51 25.22 45 3.58 0
11:39 746.51 25.28 45 2.68 0
11:40 746.51 25.28 45 2.68 0
11:41 746.51 25.28 46 4.02 0
11:42 746.51 25.33 46 4.02 0
11:43 746.51 25.39 45 7.6 0
11:44 746.51 25.33 44 4.02 0
11:45 746.51 25.22 44 5.36 0
11:46 746.51 25.22 43 4.02 0
11:47 746.51 25.22 44 4.02 0
11:48 746.51 25.22 45 4.92 0
11:49 746.51 25.28 44 5.81 0
11:50 746.51 25.28 45 3.13 0
11:51 746.51 25.33 45 4.47 0
11:52 746.51 25.33 44 4.92 0
11:53 746.51 25.39 45 2.24 0
11:54 746.51 25.5 45 7.15 0
11:55 746.51 25.56 44 4.47 0
11:56 746.51 25.61 44 3.58 0
11:57 746.51 25.67 44 6.26 0
11:58 746.51 25.72 43 4.92 0
11:59 746.51 25.78 43 2.24 0
12:00 746.51 25.78 43 4.47 0
12:01 746.51 25.83 44 7.15 0
12:02 746.51 25.78 42 7.6 0
12:03 746.51 25.67 43 3.58 0
12:04 746.51 25.56 43 4.92 0
12:05 746.51 25.39 44 5.36 0
12:06 746.51 25.22 45 2.68 0
12:07 746.51 25.17 45 1.34 0
12:08 746.51 25.11 45 4.47 0
12:09 746.51 25.06 45 4.47 0
12:10 746.51 25 46 2.68 0
12:11 746.51 25 46 2.68 0
12:12 746.51 25.06 45 4.47 0
12:13 746.51 25 45 4.47 0
12:14 746.51 24.94 45 4.02 0
12:15 746.51 24.94 45 4.47 0
12:16 746.51 24.94 45 4.02 0
12:17 746.51 24.89 45 5.36 0
12:18 746.51 24.78 45 4.02 0
12:19 746.51 24.72 46 4.47 0
12:20 746.51 24.78 46 5.81 0
12:21 746.51 24.78 46 4.92 0
12:22 746.51 24.83 46 4.92 0
12:23 746.51 24.89 46 4.02 0
12:24 746.51 24.94 46 3.13 0
12:25 746.51 25 45 6.71 0
12:26 746.51 25.06 45 4.02 0
12:27 746.51 25.11 45 4.92 0
12:28 746.51 25.17 45 3.13 0
12:29 746.51 25.28 45 6.71 0
12:30 746.51 25.44 44 4.47 0
12:31 746.51 25.56 45 5.36 0
12:32 746.51 25.56 44 4.02 0
12:33 746.51 25.56 44 4.47 0
12:34 746.51 25.56 44 4.02 0
12:35 746.51 25.56 45 4.47 0
12:36 746.51 25.61 45 2.24 0
12:37 746.51 25.72 46 4.92 0
12:38 746.51 25.83 45 1.34 0
12:39 746.51 25.83 46 4.02 0
12:40 746.51 25.78 44 4.02 0
12:41 746.51 25.72 44 8.05 0
12:42 746.51 25.67 44 6.71 0
12:43 746.51 25.56 44 9.39 0
12:44 746.51 25.56 44 6.71 0
12:45 746.51 25.5 43 5.81 0
12:46 746.51 25.61 44 3.58 0
12:47 746.51 25.67 44 5.81 0
12:48 746.51 25.61 43 3.58 0
12:49 746.51 25.61 43 3.13 0
12:50 746.51 25.61 43 4.47 0
12:51 746.51 25.61 44 3.58 0
12:52 746.51 25.72 44 3.58 0
12:53 746.51 25.78 43 4.02 0
12:54 746.51 25.83 43 4.92 0
12:55 746.51 25.83 43 4.02 0
12:56 746.51 25.89 43 2.24 0
12:57 746.51 25.94 44 3.58 0
12:58 746.51 26 44 3.13 0
12:59 746.51 26.06 43 4.92 0
13:00 746.51 26.11 43 2.24 0
13:01 746.51 26.22 43 3.13 0
13:02 746.51 26.33 43 2.68 0
13:03 746.51 26.5 42 4.02 0
13:04 746.51 26.56 42 4.02 0
13:05 746.51 26.56 41 6.26 0
13:06 746.51 26.5 42 3.13 0
13:07 746.51 26.44 42 3.58 0
13:08 746.51 26.44 42 5.36 0
13:09 746.51 26.44 41 2.68 0
13:10 746.51 26.44 42 4.92 0
13:11 746.51 26.44 41 4.47 0
13:12 746.51 26.44 42 3.13 0
13:13 746.51 26.44 41 4.92 0
13:14 746.51 26.44 42 4.92 0
13:15 746.51 26.44 42 2.68 0
13:16 746.51 26.5 42 4.92 0
13:17 746.51 26.44 41 5.81 0
13:18 746.51 26.44 42 4.47 0
13:19 746.51 26.44 42 3.58 0
13:20 746.51 26.56 43 3.13 0
13:21 746.51 26.61 42 3.58 0
13:22 746.51 26.5 41 4.92 0
13:23 746.51 26.39 41 3.13 0
13:24 746.51 26.33 42 2.24 0
13:25 746.51 26.22 43 .89 0
13:26 746.51 26.28 43 2.24 0
13:27 746.51 26.28 42 5.81 0
13:28 746.51 26.33 42 4.02 0
13:29 746.51 26.33 43 2.68 0
13:30 746.51 26.44 43 1.79 0
13:31 746.51 26.5 43 2.24 0
13:32 746.51 26.44 43 5.36 0
13:33 746.51 26.22 41 5.36 0
13:34 746.51 26.06 42 3.13 0
13:35 746.51 26 42 3.58 0
13:36 746.51 26 41 4.02 0
13:37 746.51 26 41 2.24 0
13:38 746.51 26.06 42 5.81 0
13:39 746.51 26.17 42 3.58 0
13:40 746.51 26.17 42 5.81 0
13:41 746.51 26.22 42 6.26 0
13:42 746.51 26.33 43 4.02 0
13:43 746.51 26.39 42 2.68 0
13:44 746.51 26.44 43 1.34 0
13:45 746.51 26.5 42 4.02 0
13:46 746.51 26.56 42 1.34 0
13:47 746.51 26.61 42 5.81 0
13:48 746.51 26.61 41 .89 0
13:49 746.51 26.72 42 4.47 0
13:50 746.51 26.72 41 2.68 0
13:51 746.51 26.83 40 3.58 0
13:52 746.51 26.89 41 4.92 0
13:53 746.51 26.83 40 2.68 0
13:54 746.51 26.83 41 6.71 0
13:55 746.51 26.78 41 1.79 0
13:56 746.51 26.83 42 2.24 0
13:57 746.51 26.83 40 5.81 0
13:58 746.51 26.78 40 5.36 0
13:59 746.51 26.67 40 4.02 0
14:00 746.51 26.56 40 3.58 0
14:01 746.51 26.39 40 2.68 0
14:02 746.51 26.33 41 3.13 0
14:03 746.51 26.22 41 3.58 0
14:04 746.51 26.22 41 4.92 0
14:05 746.51 26.28 42 4.02 0
14:06 746.51 26.39 43 2.68 0
14:07 746.51 26.56 42 6.71 0
14:08 746.51 26.61 40 7.6 0
14:09 746.51 26.61 41 6.26 0
14:10 746.51 26.61 40 3.13 0
14:11 746.51 26.61 41 4.02 0
14:12 746.51 26.67 41 4.47 0
14:13 746.51 26.67 41 4.02 0
14:14 746.51 26.67 41 4.92 0
14:15 746.25 26.78 42 3.13 0
14:16 746.51 26.72 41 1.79 0
14:17 746.51 26.61 41 4.47 0
14:18 746.51 26.56 41 3.58 0
14:19 746.51 26.44 42 4.02 0
14:20 746.51 26.39 41 3.58 0
14:21 746.51 26.28 41 2.24 0
14:22 746.51 26.22 42 4.02 0
14:23 746.51 26.17 42 1.34 0
14:24 746.51 26.11 42 2.24 0
14:25 746.51 26.17 42 4.47 0
14:26 746.51 26.11 42 4.92 0
14:27 746.51 26.06 42 4.47 0
14:28 746.51 26.06 41 4.02 0
14:29 746.51 26 42 2.68 0
14:30 746.51 26 42 4.02 0
14:31 746.51 26 42 4.47 0
14:32 746.51 26.06 41 3.13 0
14:33 746.25 26.11 42 1.34 0
14:34 746.51 26.17 42 2.24 0
14:35 746.51 26.28 41 1.79 0
14:36 746.51 26.44 41 6.71 0
14:37 746.51 26.56 40 6.71 0
14:38 746.25 26.56 41 1.34 0
14:39 746.51 26.61 41 2.24 0
14:40 746.25 26.67 41 1.79 0
14:41 746.51 26.78 41 1.79 0
14:42 746.51 26.94 41 2.68 0
14:43 746.51 27.06 40 3.13 0
14:44 746.51 27.11 39 4.02 0
14:45 746.51 27.11 39 4.92 0
14:46 746.51 27.06 39 5.81 0
14:47 746.51 26.94 38 4.92 0
14:48 746.51 26.89 38 2.68 0
14:49 746.51 26.83 39 3.58 0
14:50 746.51 26.83 38 4.02 0
14:51 746.51 26.83 39 .89 0
14:52 746.51 26.94 40 2.24 0
14:53 746.51 26.94 40 2.68 0
14:54 746.51 27.06 39 1.34 0
14:55 746.51 27.17 40 4.47 0
14:56 746.51 27.17 39 2.24 0
14:57 746.51 27.11 39 2.68 0
14:58 746.51 27.11 39 2.68 0
14:59 746.51 27.11 39 4.02 0
15:00 746.51 27.06 39 3.13 0
15:01 746.51 27.06 39 2.68 0
15:02 746.51 27.06 39 5.36 0
15:03 746.51 27.06 39 4.02 0
15:04 746.51 26.89 39 5.36 0
15:05 746.51 26.78 39 3.58 0
15:06 746.51 26.72 39 2.68 0
15:07 746.51 26.61 40 3.13 0
15:08 746.51 26.5 40 3.13 0
15:09 746.51 26.44 40 .89 0
15:10 746.51 26.44 40 2.68 0
15:11 746.51 26.44 40 1.34 0
15:12 746.51 26.44 41 2.68 0
15:13 746.51 26.5 41 1.79 0
15:14 746.51 26.56 41 3.58 0
15:15 746.51 26.67 40 2.68 0
15:16 746.51 26.78 41 4.47 0
15:17 746.51 26.94 40 4.47 0
15:18 746.51 27.06 40 4.47 0
15:19 746.51 27.06 40 4.47 0
15:20 746.51 27.06 40 4.92 0
15:21 746.51 27.06 39 5.36 0
15:22 746.51 27 40 3.58 0
15:23 746.51 26.94 40 3.13 0
15:24 746.51 26.94 40 4.47 0
15:25 746.51 27 40 6.26 0
15:26 746.51 27 40 3.58 0
15:27 746.51 27 40 4.47 0
15:28 746.51 27 40 1.79 0
15:29 746.51 27.06 40 3.58 0
15:30 746.51 27.11 40 2.68 0
15:31 746.51 27.17 40 5.36 0
15:32 746.51 27.22 39 7.15 0
15:33 746.51 27.17 39 4.92 0
15:34 746.51 27.11 39 4.92 0
15:35 746.25 27 40 2.68 0
15:36 746.51 27 40 5.36 0
15:37 746.51 26.94 39 5.36 0
15:38 746.25 27 40 3.58 0
15:39 746.25 27 39 5.36 0
15:40 746.51 27 40 7.6 0
15:41 746.51 26.94 40 6.71 0
15:42 746.51 26.94 40 4.47 0
15:43 746.51 26.83 40 4.92 0
15:44 746.51 26.78 40 5.81 0
15:45 746.51 26.72 40 4.47 0
15:46 746.51 26.61 41 5.36 0
15:47 746.51 26.61 41 4.47 0
15:48 746.51 26.5 41 4.02 0
15:49 746.51 26.44 41 1.79 0
15:50 746.51 26.44 41 6.26 0
15:51 746.51 26.39 41 1.79 0
15:52 746.51 26.44 41 3.13 0
15:53 746.51 26.39 41 2.24 0
15:54 746.51 26.44 42 .89 0
15:55 746.51 26.5 41 3.58 0
15:56 746.25 26.5 40 2.24 0
15:57 746.51 26.5 41 3.13 0
15:58 746.51 26.56 41 3.58 0
15:59 746.51 26.56 40 3.58 0
16:00 746.51 26.56 40 4.92 0
16:01 746.51 26.56 41 1.79 0
16:02 746.51 26.56 41 2.24 0
16:03 746.51 26.56 41 3.58 0
16:04 746.51 26.56 41 3.13 0
16:05 746.51 26.56 41 4.47 0
16:06 746.51 26.5 41 .89 0
16:07 746.51 26.5 41 2.24 0
16:08 746.51 26.56 41 .45 0
16:09 746.51 26.56 41 .89 0
16:10 746.51 26.61 41 2.24 0
16:11 746.51 26.61 41 2.24 0
16:12 746.25 26.72 42 4.92 0
16:13 746.51 26.78 41 4.02 0
16:14 746.51 26.78 42 3.13 0
16:15 746.51 26.83 41 1.34 0
16:16 746.51 26.94 41 1.79 0
16:17 746.51 27 42 2.24 0
16:18 746.51 27.06 42 3.58 0
16:19 746.51 27.06 40 1.79 0
16:20 746.51 27.11 41 4.47 0
16:21 746.51 27.11 40 2.68 0
16:22 746.51 27.06 40 3.58 0
16:23 746.51 27 40 4.47 0
16:24 746.51 27 40 3.58 0
16:25 746.51 27 41 4.02 0
16:26 746.51 26.94 40 4.47 0
16:27 746.51 26.94 40 3.13 0
16:28 746.51 26.94 41 4.02 0
16:29 746.51 26.94 40 2.24 0
16:30 746.51 26.89 40 3.58 0
16:31 746.51 26.83 41 3.13 0
16:32 746.51 26.78 41 3.58 0
16:33 746.51 26.78 40 1.79 0
16:34 746.51 26.72 41 1.34 0
16:35 746.51 26.72 41 5.36 0
16:36 746.51 26.72 41 4.02 0
16:37 746.51 26.67 42 3.13 0
16:38 746.51 26.67 42 3.13 0
16:39 746.51 26.61 42 3.58 0
16:40 746.51 26.61 41 2.24 0
16:41 746.51 26.56 42 3.13 0
16:42 746.51 26.56 42 1.79 0
16:43 746.51 26.56 42 1.79 0
16:44 746.51 26.56 42 3.13 0
16:45 746.51 26.5 43 3.13 0
16:46 746.51 26.56 43 1.79 0
16:47 746.51 26.5 43 2.24 0
16:48 746.51 26.5 43 4.47 0
16:49 746.51 26.5 43 3.13 0
16:50 746.51 26.5 43 1.34 0
16:51 746.51 26.44 43 .45 0
16:52 746.51 26.5 43 3.58 0
16:53 746.51 26.5 43 2.68 0
16:54 746.51 26.5 43 2.24 0
16:55 746.51 26.5 43 2.68 0
16:56 746.51 26.56 43 3.13 0
16:57 746.51 26.56 43 3.58 0
16:58 746.51 26.56 43 3.13 0
16:59 746.51 26.56 43 3.58 0
17:00 746.51 26.56 44 1.79 0
17:01 746.51 26.56 44 4.02 0
17:02 746.51 26.56 44 2.24 0
17:03 746.51 26.5 44 2.24 0
17:04 746.51 26.44 44 2.24 0
17:05 746.51 26.44 44 1.79 0
17:06 746.51 26.39 44 1.79 0
17:07 746.51 26.33 44 1.79 0
17:08 746.51 26.33 44 2.24 0
17:09 746.51 26.33 44 1.79 0
17:10 746.51 26.33 44 2.68 0
17:11 746.51 26.33 45 3.13 0
17:12 746.51 26.33 45 2.68 0
17:13 746.51 26.33 44 3.13 0
17:14 746.51 26.33 45 2.24 0
17:15 746.25 26.39 44 1.79 0
17:16 746.25 26.44 44 1.79 0
17:17 746.25 26.5 44 1.79 0
17:18 746.25 26.56 44 2.24 0
17:19 746.25 26.61 44 4.02 0
17:20 746.25 26.72 44 2.24 0
17:21 746.25 26.78 44 2.68 0
17:22 746.25 26.83 44 1.34 0
17:23 746.25 26.89 44 2.24 0
17:24 746.25 26.94 44 3.13 0
17:25 746.25 27.06 44 1.34 0
17:26 746.25 27.06 44 4.02 0
17:27 746.25 27.11 43 2.68 0
17:28 746.51 27.06 43 3.13 0
17:29 746.25 27.06 44 4.92 0
17:30 746.51 27.06 44 3.58 0
17:31 746.51 27 44 2.68 0
17:32 746.51 26.94 44 1.79 0
17:33 746.25 26.94 44 2.68 0
17:34 746.51 26.94 44 1.34 0
17:35 746.25 26.94 44 1.79 0
17:36 746.25 27 44 1.34 0
17:37 746.51 27 44 2.68 0
17:38 746.51 27.06 44 3.13 0
17:39 746.51 27.06 44 2.24 0
17:40 746.51 27.06 44 5.81 0
17:41 746.25 27.06 44 2.68 0
17:42 746.25 27 44 4.02 0
17:43 746.25 26.94 43 5.36 0
17:44 746.25 26.94 43 3.13 0
17:45 746.25 26.94 44 3.58 0
17:46 746.25 26.94 44 1.79 0
17:47 746.25 26.94 44 2.24 0
17:48 746.25 26.94 44 1.79 0
17:49 746.25 26.94 44 2.68 0
17:50 746.25 26.94 44 2.24 0
17:51 746.25 27 44 3.58 0
17:52 746.25 27 44 2.24 0
17:53 746.25 27.06 43 3.13 0
17:54 746.51 27.06 43 1.34 0
17:55 746.25 27.06 43 6.26 0
17:56 746.25 27 43 2.68 0
17:57 746.25 27 43 5.36 0
17:58 746.25 26.94 43 3.13 0
17:59 746.25 26.89 43 4.02 0
18:00 746.25 26.89 44 2.68 0
18:01 746.25 26.83 44 2.68 0
18:02 746.25 26.83 44 1.79 0
18:03 746.25 26.83 44 2.24 0
18:04 746.25 26.89 44 2.24 0
18:05 746.25 26.89 44 2.24 0
18:06 746.25 26.89 44 2.68 0
18:07 746.25 26.89 44 2.24 0
18:08 746.25 26.94 44 2.68 0
18:09 746.25 26.89 44 2.24 0
18:10 746.25 26.89 44 3.13 0
18:11 746.25 26.89 44 1.34 0
18:12 746.25 26.89 44 1.34 0
18:13 746.25 26.83 44 2.24 0
18:14 746.25 26.83 44 2.24 0
18:15 746.25 26.89 45 2.68 0
18:16 746.25 26.83 44 3.13 0
18:17 746.25 26.83 44 1.34 0
18:18 746.25 26.83 44 3.58 0
18:19 746.25 26.78 44 3.13 0
18:20 746.25 26.78 44 1.79 0
18:21 746.25 26.78 44 3.58 0
18:22 746.25 26.72 44 4.92 0
18:23 746.25 26.72 44 3.58 0
18:24 746.25 26.67 44 4.02 0
18:25 746.25 26.72 44 1.34 0
18:26 746.25 26.67 44 4.02 0
18:27 746.25 26.67 44 2.24 0
18:28 746.25 26.61 44 3.58 0
18:29 746.25 26.56 44 4.47 0
18:30 746.25 26.56 44 4.02 0
18:31 746.25 26.5 44 1.79 0
18:32 746.25 26.5 45 2.24 0
18:33 746.25 26.5 45 2.68 0
18:34 746.25 26.44 45 2.68 0
18:35 746.25 26.44 45 2.68 0
18:36 746.25 26.44 45 3.58 0
18:37 746.25 26.39 45 2.68 0
18:38 746.25 26.39 44 3.58 0
18:39 746.25 26.33 45 2.68 0
18:40 746.25 26.39 44 1.79 0
18:41 746.25 26.33 45 3.13 0
18:42 746.25 26.33 45 2.68 0
18:43 746.25 26.33 44 2.24 0
18:44 746.25 26.33 45 2.68 0
18:45 746.25 26.33 45 1.34 0
18:46 746.51 26.28 45 1.79 0
18:47 746.25 26.28 45 1.34 0
18:48 746.51 26.28 45 2.68 0
18:49 746.51 26.22 45 2.24 0
18:50 746.51 26.22 45 .89 0
18:51 746.51 26.22 45 .89 0
18:52 746.51 26.22 45 1.34 0
18:53 746.51 26.17 45 2.68 0
18:54 746.51 26.17 45 2.24 0
18:55 746.51 26.17 45 1.34 0
18:56 746.51 26.17 45 1.79 0
18:57 746.51 26.17 45 1.34 0
18:58 746.51 26.17 46 1.79 0
18:59 746.51 26.17 46 1.34 0
19:00 746.51 26.11 46 .89 0
19:01 746.51 26.11 46 2.68 0
19:02 746.51 26.11 46 1.34 0
19:03 746.51 26.06 46 2.24 0
19:04 746.51 26.11 46 1.34 0
19:05 746.51 26.06 46 2.68 0
19:06 746.51 26 46 3.13 0
19:07 746.51 26.06 46 2.24 0
19:08 746.51 26.06 46 2.68 0
19:09 746.25 26 46 1.79 0
19:10 746.51 26 46 1.79 0
19:11 746.51 26 46 4.02 0
19:12 746.25 26 46 2.24 0
19:13 746.51 26 46 2.24 0
19:14 746.51 26 46 2.24 0
19:15 746.51 25.94 46 1.79 0
19:16 746.51 25.94 46 1.34 0
19:17 746.25 26 46 1.34 0
19:18 746.51 25.94 47 2.24 0
19:19 746.51 25.94 47 .89 0
19:20 746.51 25.89 47 2.24 0
19:21 746.51 25.89 47 2.24 0
19:22 746.51 25.89 47 .89 0
19:23 746.51 25.89 47 1.79 0
19:24 746.51 25.83 47 2.24 0
19:25 746.25 25.83 47 2.24 0
19:26 746.51 25.83 47 .89 0
19:27 746.51 25.83 47 .89 0
19:28 746.51 25.83 47 2.24 0
19:29 746.51 25.78 47 1.79 0
19:30 746.51 25.78 47 1.34 0
19:31 746.51 25.78 47 1.79 0
19:32 746.51 25.78 47 2.68 0
19:33 746.51 25.72 47 1.79 0
19:34 746.51 25.72 47 2.24 0
19:35 746.51 25.72 47 1.34 0
19:36 746.51 25.67 48 2.24 0
19:37 746.51 25.67 48 .45 0
19:38 746.51 25.67 48 1.34 0
19:39 746.51 25.67 48 .45 0
19:40 746.51 25.61 48 .89 0
19:41 746.51 25.61 48 1.34 0
19:42 746.25 25.61 48 2.24 0
19:43 746.25 25.56 48 1.79 0
19:44 746.51 25.56 48 1.34 0
19:45 746.25 25.56 48 1.34 0
19:46 746.25 25.61 49 1.34 0
19:47 746.51 25.56 49 1.34 0
19:48 746.25 25.5 49 1.34 0
19:49 746.25 25.5 49 .89 0
19:50 746.51 25.44 49 .89 0
19:51 746.25 25.44 49 1.79 0
19:52 746.51 25.44 49 .89 0
19:53 746.25 25.39 49 .45 0
19:54 746.25 25.39 49 2.24 0
19:55 746.25 25.39 49 2.24 0
19:56 746.25 25.33 49 .89 0
19:57 746.25 25.33 49 3.13 0
19:58 746.25 25.28 49 1.34 0
19:59 746.51 25.28 50 .89 0
20:00 746.25 25.22 50 1.79 0
20:01 746.51 25.22 50 .89 0
20:02 746.51 25.17 50 1.79 0
20:03 746.51 25.17 50 1.34 0
20:04 746.51 25.17 50 1.34 0
20:05 746.51 25.17 50 1.34 0
20:06 746.51 25.11 50 1.79 0
20:07 746.51 25.11 50 1.34 0
20:08 746.51 25.06 50 1.79 0
20:09 746.51 25.06 50 .89 0
20:10 746.51 25.06 51 1.34 0
20:11 746.51 25 50 1.34 0
20:12 746.25 25 51 .89 0
20:13 746.51 25 51 1.34 0
20:14 746.51 24.94 51 1.79 0
20:15 746.51 24.94 51 1.34 0
20:16 746.51 24.89 51 1.34 0
20:17 746.51 24.89 51 2.24 0
20:18 746.51 24.83 51 1.79 0
20:19 746.51 24.83 51 .45 0
20:20 746.51 24.83 52 3.13 0
20:21 746.51 24.78 51 1.79 0
20:22 746.51 24.78 52 .89 0
20:23 746.51 24.72 52 .89 0
20:24 746.51 24.72 52 1.79 0
20:25 746.51 24.72 52 2.24 0
20:26 746.51 24.72 52 1.79 0
20:27 746.51 24.67 52 1.79 0
20:28 746.51 24.67 52 1.34 0
20:29 746.51 24.67 52 1.34 0
20:30 746.51 24.61 52 1.34 0
20:31 746.51 24.61 53 .89 0
20:32 746.51 24.61 53 1.34 0
20:33 746.51 24.56 53 2.24 0
20:34 746.51 24.56 53 .89 0
20:35 746.51 24.5 53 1.79 0
20:36 746.51 24.5 53 1.34 0
20:37 746.51 24.44 53 .89 0
20:38 746.51 24.44 53 2.24 0
20:39 746.51 24.39 53 .89 0
20:40 746.51 24.39 53 1.34 0
20:41 746.51 24.33 54 1.34 0
20:42 746.51 24.33 54 1.34 0
20:43 746.51 24.28 54 .89 0
20:44 746.51 24.28 54 .89 0
20:45 746.51 24.22 54 1.34 0
20:46 746.51 24.22 54 .45 0
20:47 746.51 24.17 54 1.79 0
20:48 746.51 24.11 54 .89 0
20:49 746.51 24.11 54 .89 0
20:50 746.51 24.06 54 .89 0
20:51 746.51 24.06 55 .45 0
20:52 746.51 24 55 1.34 0
20:53 746.51 24 55 1.79 0
20:54 746.51 23.94 55 .89 0
20:55 746.51 23.94 55 1.79 0
20:56 746.51 23.89 55 2.24 0
20:57 746.51 23.89 55 1.34 0
20:58 746.51 23.83 55 .89 0
20:59 746.51 23.83 55 1.79 0
21:00 746.51 23.83 55 1.34 0
21:01 746.51 23.83 55 .89 0
21:02 746.51 23.78 55 1.34 0
21:03 746.51 23.78 55 .89 0
21:04 746.51 23.72 56 .89 0
21:05 746.51 23.72 56 1.34 0
21:06 746.51 23.67 56 .89 0
21:07 746.51 23.67 56 1.79 0
21:08 746.51 23.67 56 1.34 0
21:09 746.51 23.67 56 .89 0
21:10 746.51 23.61 56 .89 0
21:11 746.51 23.56 57 .45 0
21:12 746.51 23.5 59 .89 0
21:13 746.51 23.39 58 1.34 0
21:14 746.51 23.17 58 1.34 0
21:15 746.51 23 59 .89 0
21:16 746.51 22.83 61 1.34 0
21:17 746.51 22.61 61 1.34 0
21:18 746.51 22.44 62 1.34 0
21:19 746.76 22.33 62 1.34 0
21:20 746.76 22.22 61 .89 0
21:21 746.51 22.17 61 .45 0
21:22 746.76 22.11 63 .89 0
21:23 746.76 22.11 63 .89 0
21:24 746.76 22.06 63 .89 0
21:25 746.76 22 63 .89 0
21:26 746.76 21.94 62 .45 0
21:27 746.76 21.94 62 .45 0
21:28 746.76 21.94 62 .45 0
21:29 746.76 21.94 63 .45 0
21:30 746.76 21.94 62 .45 0
21:31 746.76 21.94 62 .45 0
21:32 746.76 21.89 62 .45 0
21:33 746.76 21.89 62 0 0
21:34 746.76 21.89 61 .45 0
21:35 746.76 21.89 62 .45 0
21:36 746.76 21.94 61 .45 0
21:37 746.76 21.94 61 .45 0
21:38 746.76 21.94 61 .45 0
21:39 746.76 22 62 .45 0
21:40 746.76 21.94 62 .89 0
21:41 746.76 22 62 0 0
21:42 746.76 21.94 62 .89 0
21:43 746.76 22 61 .89 0
21:44 746.76 21.94 62 .89 0
21:45 746.76 22 63 .89 0
21:46 746.76 21.94 62 .45 0
21:47 746.76 21.94 62 .89 0
21:48 746.76 21.94 62 .89 0
21:49 746.76 21.94 62 1.34 0
21:50 746.76 21.94 62 .89 0
21:51 746.76 21.94 62 .89 0
21:52 746.76 21.94 62 .89 0
21:53 746.76 22 62 .45 0
21:54 746.76 22 62 .89 0
21:55 746.76 22 62 .89 0
21:56 746.76 22 62 .45 0
21:57 746.76 22 62 .45 0
21:58 746.76 22 62 .89 0
21:59 746.76 22.06 62 .45 0
22:00 746.76 22 62 0 0
22:01 746.76 22.06 62 .45 0
22:02 746.76 22 62 .45 0
22:03 746.76 22 62 0 0
22:04 746.76 21.94 62 0 0
22:05 746.76 21.94 62 .45 0
22:06 746.76 21.94 62 0 0
22:07 746.76 21.89 62 .45 0
22:08 746.76 21.83 62 0 0
22:09 746.76 21.78 63 0 0
22:10 746.76 21.72 63 0 0
22:11 746.76 21.67 63 0 0
22:12 746.76 21.61 63 0 0
22:13 746.76 21.56 63 0 0
22:14 746.76 21.44 63 0 0
22:15 746.76 21.44 64 0 0
22:16 746.76 21.39 64 0 0
22:17 746.76 21.33 64 .45 0
22:18 746.76 21.33 64 0 0
22:19 746.76 21.28 64 .45 0
22:20 746.76 21.22 64 1.34 0
22:21 746.76 21.17 64 1.34 0
22:22 746.76 21.17 65 1.34 0
22:23 746.76 21.17 65 .89 0
22:24 746.51 21.11 65 1.34 0
22:25 746.76 21.11 65 1.34 0
22:26 746.76 21.11 65 1.34 0
22:27 746.76 21.06 65 .89 0
22:28 746.51 21.06 65 .89 0
22:29 746.76 21.06 65 1.34 0
22:30 746.51 21.06 65 1.34 0
22:31 746.76 21.06 65 .45 0
22:32 746.76 21.06 65 .89 0
22:33 746.76 21.06 65 .45 0
22:34 746.76 21.06 66 .89 0
22:35 746.51 21.06 66 .45 0
22:36 746.76 21 66 1.34 0
22:37 746.76 21 66 1.34 0
22:38 746.51 21 66 1.34 0
22:39 746.51 20.94 66 .89 0
22:40 746.51 20.89 66 .89 0
22:41 746.76 20.89 66 .89 0
22:42 746.51 20.83 66 1.34 0
22:43 746.76 20.83 66 .89 0
22:44 746.76 20.78 66 .45 0
22:45 746.76 20.72 67 .89 0
22:46 746.76 20.72 67 .89 0
22:47 746.76 20.67 67 .89 0
22:48 746.76 20.67 67 .45 0
22:49 746.76 20.61 67 .89 0
22:50 746.76 20.56 67 .89 0
22:51 746.76 20.56 67 .89 0
22:52 746.76 20.5 67 .89 0
22:53 746.76 20.44 67 .45 0
22:54 746.76 20.44 67 .45 0
22:55 746.76 20.39 67 .45 0
22:56 746.76 20.33 67 .89 0
22:57 746.76 20.33 68 .89 0
22:58 746.76 20.33 68 .45 0
22:59 746.76 20.28 68 .89 0
23:00 746.76 20.28 68 .89 0
23:01 746.76 20.28 68 .89 0
23:02 746.76 20.22 68 .45 0
23:03 746.76 20.17 68 .89 0
23:04 746.76 20.17 68 .89 0
23:05 746.76 20.17 68 .89 0
23:06 746.76 20.17 68 1.34 0
23:07 746.76 20.17 68 .89 0
23:08 746.76 20.17 68 .89 0
23:09 746.76 20.17 68 1.34 0
23:10 746.76 20.17 68 .89 0
23:11 746.76 20.22 68 1.34 0
23:12 746.76 20.17 68 .89 0
23:13 746.76 20.17 68 .89 0
23:14 746.76 20.17 68 1.34 0
23:15 746.76 20.17 68 1.79 0
23:16 746.76 20.17 68 1.34 0
23:17 746.76 20.17 68 1.79 0
23:18 746.76 20.22 68 1.34 0
23:19 746.76 20.22 68 1.34 0
23:20 746.76 20.22 68 2.24 0
23:21 746.76 20.28 68 1.79 0
23:22 746.76 20.28 68 1.79 0
23:23 746.76 20.28 68 2.24 0
23:24 746.76 20.28 68 1.79 0
23:25 746.76 20.33 68 1.34 0
23:26 746.76 20.33 68 1.34 0
23:27 746.76 20.33 68 .89 0
23:28 746.76 20.39 68 1.79 0
23:29 746.76 20.39 68 2.68 0
23:30 746.76 20.39 68 1.79 0
23:31 746.76 20.44 68 .89 0
23:32 746.76 20.44 68 1.79 0
23:33 746.76 20.44 68 1.79 0
23:34 747.01 20.44 68 .89 0
23:35 746.76 20.44 68 1.34 0
23:36 746.76 20.44 68 1.34 0
23:37 746.76 20.44 68 1.34 0
23:38 746.76 20.44 68 1.34 0
23:39 746.76 20.44 68 1.34 0
23:40 746.76 20.44 68 1.79 0
23:41 746.76 20.44 68 1.79 0
23:42 746.76 20.5 68 .89 0
23:43 746.76 20.5 68 .89 0
23:44 746.76 20.5 68 .89 0
23:45 746.76 20.5 68 .89 0
23:46 747.01 20.5 68 1.34 0
23:47 747.01 20.5 68 1.79 0
23:48 747.01 20.5 68 1.79 0
23:49 747.01 20.5 68 2.24 0
23:50 747.01 20.44 68 .89 0
23:51 747.01 20.44 68 1.79 0
23:52 747.01 20.5 68 1.34 0
23:53 746.76 20.5 68 2.24 0
23:54 747.01 20.5 68 1.34 0
23:55 747.01 20.5 68 1.79 0
23:56 747.01 20.5 68 1.34 0
23:57 747.01 20.44 68 .89 0
23:58 746.76 20.44 68 1.34 0
23:59 746.76 20.44 68 .89 0
