00:00 738.63 16.89 77 4.02 0
00:01 738.63 16.83 77 5.81 0
00:02 738.63 16.83 77 4.47 0
00:03 738.63 16.83 77 5.36 0
00:04 738.38 16.78 77 1.79 0
00:05 738.63 16.78 77 2.24 0
00:06 738.63 16.78 77 2.24 0
00:07 738.63 16.72 77 6.26 0
00:08 738.63 16.72 77 5.36 0
00:09 738.63 16.72 77 2.24 0
00:10 738.63 16.67 77 7.15 0
00:11 738.63 16.72 77 1.34 0
00:12 738.63 16.72 77 2.24 0
00:13 738.63 16.72 77 1.34 0
00:14 738.63 16.67 77 2.68 0
00:15 738.63 16.67 77 1.79 0
00:16 738.63 16.67 77 4.02 0
00:17 738.63 16.67 77 6.26 0
00:18 738.63 16.67 77 5.81 0
00:19 738.63 16.61 77 4.47 0
00:20 738.63 16.67 77 3.13 0
00:21 738.63 16.61 77 1.79 0
00:22 738.63 16.61 77 4.47 0
00:23 738.63 16.61 78 1.79 0
00:24 738.63 16.61 78 5.36 0
00:25 738.63 16.61 78 3.13 0
00:26 738.63 16.56 78 3.13 0
00:27 738.63 16.56 78 1.79 0
00:28 738.63 16.5 78 1.34 0
00:29 738.63 16.5 78 4.92 0
00:30 738.63 16.5 78 3.13 0
00:31 738.63 16.5 78 5.81 0
00:32 738.63 16.44 78 7.6 0
00:33 738.63 16.44 78 4.47 0
00:34 738.63 16.44 78 4.92 0
00:35 738.63 16.44 78 3.58 0
00:36 738.63 16.44 78 7.15 0
00:37 738.63 16.39 78 4.92 0
00:38 738.63 16.39 78 4.47 0
00:39 738.63 16.39 78 4.92 0
00:40 738.63 16.33 78 4.92 0
00:41 738.63 16.33 78 2.24 0
00:42 738.63 16.33 78 3.58 0
00:43 738.63 16.28 78 4.47 0
00:44 738.63 16.28 78 4.02 0
00:45 738.63 16.28 79 2.24 0
00:46 738.63 16.22 79 2.68 0
00:47 738.63 16.22 79 3.13 0
00:48 738.63 16.17 79 3.58 0
00:49 738.63 16.17 79 6.26 0
00:50 738.63 16.11 79 1.79 0
00:51 738.63 16.11 79 6.26 0
00:52 738.63 16.11 79 3.58 0
00:53 738.63 16.06 79 6.26 0
00:54 738.63 16.06 79 2.24 0
00:55 738.63 16.06 79 2.68 0
00:56 738.63 16.06 79 2.68 0
00:57 738.63 16 79 3.58 0
00:58 738.89 16 80 4.47 0
00:59 738.63 15.94 80 1.34 0
01:00 738.63 15.94 80 3.13 0
01:01 738.63 15.94 80 4.02 0
01:02 738.63 15.89 80 2.68 0
01:03 738.63 15.89 80 5.36 0
01:04 738.63 15.89 80 4.92 0
01:05 738.63 15.83 80 1.79 0
01:06 738.63 15.83 80 4.02 0
01:07 738.63 15.78 80 4.02 0
01:08 738.63 15.78 80 1.79 0
01:09 738.63 15.78 80 4.02 0
01:10 738.63 15.72 80 3.58 0
01:11 738.63 15.72 80 3.58 0
01:12 738.63 15.72 80 .89 0
01:13 738.63 15.72 80 1.34 0
01:14 738.63 15.67 80 2.24 0
01:15 738.63 15.67 81 1.79 0
01:16 738.63 15.67 81 1.79 0
01:17 738.63 15.61 81 4.92 0
01:18 738.63 15.61 81 3.13 0
01:19 738.63 15.61 81 3.13 0
01:20 738.63 15.61 81 2.24 0
01:21 738.63 15.61 81 1.79 0
01:22 738.63 15.61 81 4.47 0
01:23 738.63 15.61 81 2.24 0
01:24 738.63 15.56 81 2.68 0
01:25 738.63 15.61 81 2.68 0
01:26 738.63 15.61 81 1.79 0
01:27 738.63 15.56 81 5.81 0
01:28 738.63 15.61 81 4.92 0
01:29 738.63 15.61 81 3.13 0
01:30 738.63 15.67 81 2.68 0
01:31 738.63 15.61 81 1.34 0
01:32 738.63 15.61 81 1.79 0
01:33 738.63 15.67 80 4.92 0
01:34 738.63 15.67 80 4.02 0
01:35 738.63 15.67 80 3.58 0
01:36 738.63 15.61 80 4.02 0
01:37 738.63 15.61 81 3.13 0
01:38 738.63 15.67 80 4.02 0
01:39 738.63 15.61 81 4.02 0
01:40 738.63 15.61 81 1.79 0
01:41 738.63 15.61 81 4.47 0
01:42 738.63 15.61 81 1.79 0
01:43 738.63 15.67 81 2.68 0
01:44 738.63 15.61 81 1.79 0
01:45 738.63 15.61 81 3.13 0
01:46 738.63 15.56 81 2.68 0
01:47 738.63 15.56 81 3.58 0
01:48 738.89 15.56 81 4.47 0
01:49 738.63 15.56 81 1.34 0
01:50 738.63 15.56 81 4.02 0
01:51 738.63 15.56 81 .89 0
01:52 738.63 15.56 81 6.26 0
01:53 738.89 15.56 81 4.47 0
01:54 738.63 15.56 81 5.81 0
01:55 738.63 15.56 81 1.34 0
01:56 738.63 15.56 81 3.58 0
01:57 738.63 15.61 81 1.34 0
01:58 738.63 15.56 81 3.13 0
01:59 738.63 15.56 81 1.79 0
02:00 738.63 15.56 81 4.47 0
02:01 738.63 15.56 81 4.92 0
02:02 738.63 15.56 81 1.79 0
02:03 738.63 15.56 81 1.79 0
02:04 738.63 15.5 81 4.47 0
02:05 738.63 15.5 81 2.24 0
02:06 738.63 15.44 81 4.02 0
02:07 738.63 15.44 81 4.02 0
02:08 738.63 15.44 81 1.34 0
02:09 738.63 15.44 81 1.34 0
02:10 738.63 15.39 81 .89 0
02:11 738.63 15.39 81 1.34 0
02:12 738.63 15.33 81 1.79 0
02:13 738.63 15.33 81 4.02 0
02:14 738.63 15.33 81 3.58 0
02:15 738.63 15.33 82 1.79 0
02:16 738.63 15.33 82 1.79 0
02:17 738.63 15.28 82 3.58 0
02:18 738.63 15.28 82 2.24 0
02:19 738.63 15.28 82 .89 0
02:20 738.89 15.28 82 3.13 0
02:21 738.63 15.28 82 2.68 0
02:22 738.63 15.28 82 3.13 0
02:23 738.63 15.28 81 5.81 0
02:24 738.89 15.28 82 3.58 0
02:25 738.63 15.22 82 4.92 0
02:26 738.63 15.22 82 4.02 0
02:27 738.63 15.22 82 3.58 0
02:28 738.63 15.22 82 2.24 0
02:29 738.63 15.17 82 2.24 0
02:30 738.89 15.17 82 2.24 0
02:31 738.63 15.17 82 4.47 0
02:32 738.89 15.17 82 4.92 0
02:33 738.89 15.11 82 1.79 0
02:34 738.63 15.11 82 3.13 0
02:35 738.89 15.11 82 4.47 0
02:36 738.89 15.11 82 1.79 0
02:37 738.89 15.11 82 2.24 0
02:38 738.89 15.11 82 5.81 0
02:39 738.89 15.11 81 4.47 0
02:40 738.89 15.11 81 3.13 0
02:41 738.89 15.06 81 4.92 0
02:42 738.89 15.06 81 3.13 0
02:43 738.89 15.06 81 4.02 0
02:44 738.89 15.06 81 5.81 0
02:45 738.89 15.06 81 5.36 0
02:46 738.89 15 81 2.68 0
02:47 738.89 15 81 4.92 0
02:48 738.89 15 81 1.79 0
02:49 738.89 15 81 3.13 0
02:50 738.89 14.94 81 4.47 0
02:51 738.89 14.89 81 2.24 0
02:52 738.89 14.89 81 3.13 0
02:53 738.89 14.83 81 2.24 0
02:54 738.89 14.83 80 3.58 0
02:55 738.89 14.83 80 4.92 0
02:56 738.89 14.83 80 4.02 0
02:57 738.89 14.78 80 3.58 0
02:58 738.89 14.78 80 4.02 0
02:59 738.89 14.78 80 3.58 0
03:00 738.89 14.72 80 7.15 0
03:01 738.89 14.78 80 1.79 0
03:02 738.89 14.72 80 6.26 0
03:03 738.89 14.78 79 3.58 0
03:04 738.89 14.72 79 6.71 0
03:05 738.89 14.72 79 4.02 0
03:06 738.89 14.67 79 4.02 0
03:07 738.89 14.67 79 3.58 0
03:08 738.89 14.67 79 3.58 0
03:09 739.14 14.67 79 8.49 0
03:10 739.14 14.61 78 8.05 0
03:11 739.14 14.61 77 .89 0
03:12 739.14 14.61 77 3.58 0
03:13 739.14 14.61 77 7.6 0
03:14 739.14 14.56 76 4.92 0
03:15 739.14 14.56 76 6.26 0
03:16 739.14 14.56 75 4.92 0
03:17 739.14 14.5 74 6.26 0
03:18 739.14 14.5 74 4.92 0
03:19 739.14 14.44 73 8.49 0
03:20 739.14 14.39 72 5.81 0
03:21 739.14 14.28 74 4.02 0
03:22 739.39 14.28 73 11.62 0
03:23 739.39 14.22 72 4.47 0
03:24 739.39 14.17 72 4.92 0
03:25 739.39 14.06 72 7.6 0
03:26 739.39 14.06 72 4.92 0
03:27 739.39 14 72 6.71 0
03:28 739.39 14 72 4.92 0
03:29 739.39 13.94 72 2.24 0
03:30 739.39 13.89 73 4.02 0
03:31 739.39 13.89 73 4.92 0
03:32 739.39 13.83 73 6.26 0
03:33 739.39 13.72 73 6.71 0
03:34 739.65 13.72 73 8.49 0
03:35 739.65 13.67 72 4.47 0
03:36 739.65 13.67 73 3.58 0
03:37 739.65 13.61 73 5.36 0
03:38 739.65 13.56 72 6.71 0
03:39 739.65 13.56 73 4.02 0
03:40 739.65 13.5 73 4.02 0
03:41 739.65 13.44 73 7.15 0
03:42 739.65 13.39 73 7.6 0
03:43 739.65 13.33 73 6.26 0
03:44 739.65 13.33 73 5.36 0
03:45 739.65 13.33 73 3.58 0
03:46 739.65 13.28 73 3.58 0
03:47 739.65 13.28 73 4.47 0
03:48 739.65 13.22 74 2.68 0
03:49 739.65 13.17 74 3.58 0
03:50 739.65 13.17 74 4.02 0
03:51 739.65 13.06 74 8.49 0
03:52 739.65 13.06 73 2.68 0
03:53 739.65 13 73 2.68 0
03:54 739.65 12.94 73 5.36 0
03:55 739.65 12.89 73 4.47 0
03:56 739.65 12.78 73 6.71 0
03:57 739.9 12.78 72 8.05 0
03:58 739.65 12.72 72 4.02 0
03:59 739.65 12.72 72 8.05 0
04:00 739.9 12.67 71 2.68 0
04:01 739.9 12.61 71 6.71 0
04:02 739.9 12.61 70 7.15 0
04:03 739.9 12.56 69 9.83 0
04:04 739.65 12.56 69 2.68 0
04:05 739.9 12.5 69 5.81 0
04:06 739.9 12.44 68 3.58 0
04:07 739.9 12.44 68 4.02 0
04:08 739.9 12.44 68 1.79 0
04:09 739.9 12.39 68 5.36 0
04:10 739.9 12.39 68 6.26 0
04:11 739.9 12.33 68 4.47 0
04:12 739.9 12.33 68 4.02 0
04:13 739.9 12.28 68 5.36 0
04:14 739.9 12.28 68 7.6 0
04:15 739.9 12.22 68 6.26 0
04:16 739.9 12.22 68 4.02 0
04:17 739.9 12.17 68 4.92 0
04:18 739.9 12.17 68 4.92 0
04:19 739.9 12.17 68 4.47 0
04:20 739.9 12.11 69 5.81 0
04:21 739.9 12.06 69 4.92 0
04:22 739.9 12.11 69 2.68 0
04:23 739.9 12.06 69 4.02 0
04:24 739.9 12 69 4.02 0
04:25 739.9 12 70 3.13 0
04:26 739.9 12 70 4.47 0
04:27 739.9 11.89 70 4.92 0
04:28 739.9 11.89 71 4.47 0
04:29 739.9 11.89 71 4.47 0
04:30 739.9 11.89 72 4.47 0
04:31 739.9 11.83 72 4.02 0
04:32 739.9 11.83 72 1.79 0
04:33 739.9 11.83 72 3.58 0
04:34 739.9 11.78 73 4.02 0
04:35 739.9 11.78 73 4.92 0
04:36 739.9 11.78 73 1.79 0
04:37 739.9 11.72 73 3.13 0
04:38 739.9 11.72 74 2.68 0
04:39 739.9 11.72 74 4.02 0
04:40 739.9 11.67 74 3.58 0
04:41 739.9 11.67 74 4.92 0
04:42 739.9 11.61 74 6.71 0
04:43 739.9 11.61 74 1.79 0
04:44 739.9 11.56 74 5.36 0
04:45 739.9 11.56 74 3.58 0
04:46 739.9 11.56 74 5.81 0
04:47 739.9 11.56 74 5.36 0
04:48 739.9 11.56 74 6.71 0
04:49 739.9 11.56 74 4.47 0
04:50 739.9 11.56 74 1.79 0
04:51 739.9 11.5 74 5.36 0
04:52 739.9 11.44 74 2.68 0
04:53 739.9 11.44 75 6.71 0
04:54 739.9 11.44 75 4.47 0
04:55 739.9 11.39 74 2.68 0
04:56 739.9 11.39 74 3.58 0
04:57 739.9 11.39 74 5.36 0
04:58 740.16 11.33 74 2.68 0
04:59 739.9 11.28 74 4.47 0
05:00 739.9 11.33 74 3.58 0
05:01 739.9 11.33 74 2.68 0
05:02 739.9 11.28 74 4.02 0
05:03 739.9 11.28 74 2.68 0
05:04 740.16 11.28 74 4.92 0
05:05 740.16 11.28 74 5.36 0
05:06 740.16 11.28 74 2.24 0
05:07 740.16 11.28 74 4.02 0
05:08 740.16 11.22 74 4.92 0
05:09 740.16 11.22 74 2.24 0
05:10 740.16 11.22 74 3.58 0
05:11 740.16 11.17 75 3.58 0
05:12 740.16 11.17 74 2.24 0
05:13 740.16 11.11 75 4.47 0
05:14 739.9 11.11 75 3.58 0
05:15 739.9 11.11 75 3.58 0
05:16 740.16 11.11 75 4.47 0
05:17 740.16 11.11 75 2.24 0
05:18 740.16 11.06 75 2.24 0
05:19 740.16 11.06 75 2.24 0
05:20 739.9 11 75 2.24 0
05:21 740.16 11 75 1.79 0
05:22 740.16 11.06 75 3.13 0
05:23 740.16 11.06 75 1.79 0
05:24 739.9 11 75 1.79 0
05:25 740.16 11 75 4.02 0
05:26 740.16 11 75 1.34 0
05:27 740.16 11 76 3.13 0
05:28 740.16 11 76 2.68 0
05:29 739.9 11 76 1.79 0
05:30 739.9 10.94 76 1.34 0
05:31 739.9 10.94 76 1.79 0
05:32 739.9 10.94 76 1.79 0
05:33 740.16 10.89 76 3.13 0
05:34 740.16 10.94 76 3.58 0
05:35 740.16 10.89 76 1.79 0
05:36 739.9 10.83 76 4.47 0
05:37 739.9 10.89 76 2.68 0
05:38 740.16 10.89 76 4.92 0
05:39 739.9 10.89 76 3.13 0
05:40 739.9 10.89 76 4.92 0
05:41 739.9 10.94 76 3.58 0
05:42 739.9 10.94 76 4.47 0
05:43 739.9 10.94 76 3.58 0
05:44 740.16 10.94 76 4.47 0
05:45 739.9 10.94 76 4.47 0
05:46 740.16 10.94 76 3.58 0
05:47 739.9 10.94 76 4.47 0
05:48 740.16 10.94 76 1.79 0
05:49 740.16 10.89 76 3.58 0
05:50 739.9 10.94 76 2.68 0
05:51 739.9 10.89 76 2.68 0
05:52 740.16 10.83 76 4.47 0
05:53 740.16 10.83 76 4.02 0
05:54 740.16 10.83 77 1.79 0
05:55 740.16 10.83 77 3.58 0
05:56 740.16 10.83 77 1.34 0
05:57 740.16 10.83 77 4.02 0
05:58 740.16 10.83 77 3.58 0
05:59 740.16 10.83 77 1.79 0
06:00 740.16 10.78 77 1.79 0
06:01 740.16 10.83 77 1.79 0
06:02 740.16 10.78 77 1.79 0
06:03 740.16 10.78 77 2.24 0
06:04 740.16 10.78 77 1.79 0
06:05 740.16 10.78 77 .89 0
06:06 740.16 10.78 77 .45 0
06:07 740.16 10.78 77 3.13 0
06:08 740.16 10.78 78 .89 0
06:09 740.16 10.78 78 1.34 0
06:10 740.16 10.78 78 1.34 0
06:11 740.16 10.78 78 1.34 0
06:12 740.16 10.78 78 3.58 0
06:13 740.16 10.78 79 .89 0
06:14 740.16 10.78 79 .89 0
06:15 740.16 10.78 79 1.79 0
06:16 740.16 10.78 79 .89 0
06:17 740.16 10.78 79 1.79 0
06:18 740.16 10.78 79 4.02 0
06:19 740.16 10.78 79 3.13 0
06:20 740.16 10.78 79 3.58 0
06:21 740.16 10.78 79 4.02 0
06:22 740.16 10.78 79 2.24 0
06:23 740.16 10.78 79 1.34 0
06:24 740.16 10.78 79 .89 0
06:25 740.16 10.78 79 .89 0
06:26 740.16 10.78 79 3.13 0
06:27 740.16 10.72 79 2.24 0
06:28 740.16 10.72 79 3.58 0
06:29 740.16 10.67 79 2.24 0
06:30 740.16 10.72 79 1.79 0
06:31 740.16 10.67 79 4.02 0
06:32 740.16 10.67 79 4.02 0
06:33 740.41 10.67 79 1.34 0
06:34 740.41 10.61 79 1.79 0
06:35 740.16 10.61 79 .89 0
06:36 740.41 10.61 79 5.81 0
06:37 740.41 10.61 79 4.47 0
06:38 740.16 10.56 79 .89 0
06:39 740.16 10.56 79 2.68 0
06:40 740.41 10.56 79 1.34 0
06:41 740.41 10.5 79 3.13 0
06:42 740.41 10.5 79 1.79 0
06:43 740.41 10.5 79 1.79 0
06:44 740.41 10.5 79 1.34 0
06:45 740.41 10.44 79 3.58 0
06:46 740.41 10.44 79 1.79 0
06:47 740.41 10.44 79 1.79 0
06:48 740.41 10.44 79 4.47 0
06:49 740.41 10.44 79 1.79 0
06:50 740.41 10.44 79 2.24 0
06:51 740.41 10.44 79 2.68 0
06:52 740.41 10.39 79 2.24 0
06:53 740.41 10.44 79 3.58 0
06:54 740.41 10.39 79 1.34 0
06:55 740.41 10.44 79 3.13 0
06:56 740.41 10.39 79 2.24 0
06:57 740.41 10.39 79 1.34 0
06:58 740.41 10.39 79 2.68 0
06:59 740.41 10.39 79 1.34 0
07:00 740.41 10.39 79 1.34 0
07:01 740.41 10.44 79 3.58 0
07:02 740.41 10.39 79 3.13 0
07:03 740.41 10.39 79 2.68 0
07:04 740.41 10.39 79 3.58 0
07:05 740.66 10.39 79 1.34 0
07:06 740.41 10.39 79 1.79 0
07:07 740.41 10.39 79 4.92 0
07:08 740.66 10.33 79 1.79 0
07:09 740.66 10.33 79 5.36 0
07:10 740.66 10.33 79 3.58 0
07:11 740.41 10.33 79 4.02 0
07:12 740.66 10.33 79 1.34 0
07:13 740.66 10.33 79 2.68 0
07:14 740.66 10.33 79 2.24 0
07:15 740.66 10.39 79 3.58 0
07:16 740.66 10.33 79 4.02 0
07:17 740.66 10.33 79 3.58 0
07:18 740.66 10.33 79 3.13 0
07:19 740.66 10.33 79 1.79 0
07:20 740.66 10.33 79 2.24 0
07:21 740.66 10.39 79 1.79 0
07:22 740.66 10.33 79 2.68 0
07:23 740.66 10.39 79 4.02 0
07:24 740.66 10.33 79 3.13 0
07:25 740.66 10.39 79 1.34 0
07:26 740.66 10.39 79 1.79 0
07:27 740.66 10.33 79 1.79 0
07:28 740.66 10.33 79 1.34 0
07:29 740.66 10.39 79 1.79 0
07:30 740.66 10.39 79 4.02 0
07:31 740.66 10.39 79 4.02 0
07:32 740.66 10.33 78 2.68 0
07:33 740.66 10.33 78 2.68 0
07:34 740.66 10.33 78 3.13 0
07:35 740.66 10.33 79 .89 0
07:36 740.66 10.33 78 1.34 0
07:37 740.66 10.33 78 1.79 0
07:38 740.66 10.33 78 1.79 0
07:39 740.66 10.33 78 2.68 0
07:40 740.66 10.39 78 3.13 0
07:41 740.66 10.33 78 3.13 0
07:42 740.66 10.39 78 1.79 0
07:43 740.66 10.33 78 3.58 0
07:44 740.66 10.33 78 1.79 0
07:45 740.66 10.39 78 2.24 0
07:46 740.66 10.33 78 3.58 0
07:47 740.66 10.33 78 1.79 0
07:48 740.66 10.39 78 1.34 0
07:49 740.66 10.39 78 3.58 0
07:50 740.66 10.39 78 3.13 0
07:51 740.66 10.39 78 1.79 0
07:52 740.66 10.39 78 2.24 0
07:53 740.66 10.39 78 3.13 0
07:54 740.66 10.33 78 2.24 0
07:55 740.66 10.39 78 4.47 0
07:56 740.66 10.33 77 .89 0
07:57 740.66 10.39 78 .89 0
07:58 740.66 10.39 78 1.34 0
07:59 740.66 10.33 78 4.92 0
08:00 740.66 10.39 77 3.58 0
08:01 740.66 10.39 77 1.34 0
08:02 740.66 10.39 77 1.34 0
08:03 740.66 10.39 77 4.02 0
08:04 740.66 10.39 77 3.13 0
08:05 740.66 10.39 77 1.34 0
08:06 740.66 10.44 77 2.68 0
08:07 740.66 10.44 77 4.02 0
08:08 740.66 10.44 77 2.68 0
08:09 740.66 10.44 77 .45 0
08:10 740.66 10.44 77 5.36 0
08:11 740.66 10.44 76 3.58 0
08:12 740.66 10.44 76 4.02 0
08:13 740.66 10.44 76 .89 0
08:14 740.92 10.44 76 3.58 0
08:15 740.92 10.44 76 1.34 0
08:16 740.92 10.44 77 3.13 0
08:17 740.92 10.44 76 1.79 0
08:18 740.92 10.44 77 4.47 0
08:19 740.92 10.44 76 1.79 0
08:20 740.92 10.44 77 4.02 0
08:21 740.92 10.44 76 4.92 0
08:22 740.92 10.44 76 .45 0
08:23 740.92 10.44 76 3.13 0
08:24 740.92 10.44 76 4.02 0
08:25 740.92 10.44 76 3.13 0
08:26 740.92 10.5 76 4.92 0
08:27 740.92 10.44 76 4.92 0
08:28 740.92 10.5 76 4.47 0
08:29 740.92 10.5 76 3.13 0
08:30 740.92 10.5 76 4.47 0
08:31 740.66 10.5 76 3.13 0
08:32 740.66 10.5 76 2.68 0
08:33 740.66 10.56 76 4.47 0
08:34 740.66 10.56 76 3.13 0
08:35 740.66 10.56 75 1.79 0
08:36 740.66 10.56 76 3.58 0
08:37 740.66 10.61 76 4.02 0
08:38 740.66 10.61 76 4.02 0
08:39 740.66 10.61 75 5.36 0
08:40 740.66 10.61 76 1.79 0
08:41 740.92 10.67 76 3.13 0
08:42 740.66 10.67 75 3.58 0
08:43 740.66 10.67 75 3.58 0
08:44 740.66 10.67 76 1.34 0
08:45 740.92 10.72 76 3.13 0
08:46 740.92 10.72 76 4.02 0
08:47 740.92 10.72 75 3.58 0
08:48 740.92 10.78 76 1.34 0
08:49 740.66 10.78 76 4.47 0
08:50 740.66 10.78 75 2.24 0
08:51 740.66 10.78 75 3.13 0
08:52 740.66 10.83 75 3.13 0
08:53 740.92 10.83 75 3.13 0
08:54 740.66 10.83 75 3.58 0
08:55 740.66 10.83 75 4.92 0
08:56 740.66 10.89 75 1.79 0
08:57 740.66 10.89 75 1.79 0
08:58 740.66 10.94 76 1.34 0
08:59 740.66 10.94 75 1.79 0
09:00 740.66 10.94 76 4.02 0
09:01 740.66 10.94 76 2.24 0
09:02 740.92 11 76 5.36 0
09:03 740.66 11 76 3.58 0
09:04 740.66 11 76 1.34 0
09:05 740.66 11.06 76 3.13 0
09:06 740.66 11.06 76 4.92 0
09:07 740.66 11.11 76 4.92 0
09:08 740.92 11.11 76 6.71 0
09:09 740.66 11.17 76 5.81 0
09:10 740.92 11.17 76 3.13 0
09:11 740.92 11.17 76 3.58 0
09:12 740.92 11.17 76 4.92 0
09:13 740.92 11.22 76 1.34 0
09:14 740.92 11.22 76 5.36 0
09:15 740.92 11.28 76 3.58 0
09:16 740.66 11.28 75 4.47 0
09:17 740.92 11.33 75 5.81 0
09:18 740.92 11.33 75 4.02 0
09:19 740.92 11.33 75 4.02 0
09:20 740.92 11.39 75 3.58 0
09:21 740.92 11.39 75 7.15 0
09:22 740.92 11.39 75 3.13 0
09:23 740.92 11.39 75 4.92 0
09:24 740.92 11.39 75 4.92 0
09:25 740.92 11.39 75 2.24 0
09:26 740.92 11.39 75 3.58 0
09:27 740.92 11.44 75 2.24 0
09:28 740.92 11.44 75 4.47 0
09:29 740.92 11.44 76 4.02 0
09:30 740.92 11.5 75 4.47 0
09:31 740.92 11.44 74 5.81 0
09:32 740.92 11.44 74 6.71 0
09:33 740.92 11.44 74 8.49 0
09:34 740.92 11.44 74 1.79 0
09:35 740.92 11.44 74 8.05 0
09:36 740.92 11.44 73 4.92 0
09:37 740.92 11.39 74 4.47 0
09:38 740.92 11.39 73 5.36 0
09:39 740.92 11.39 74 5.81 0
09:40 740.92 11.44 73 5.81 0
09:41 740.92 11.39 73 6.26 0
09:42 740.92 11.39 73 3.58 0
09:43 740.92 11.44 73 5.36 0
09:44 740.92 11.44 73 4.92 0
09:45 740.92 11.5 73 1.79 0
09:46 740.66 11.5 73 4.47 0
09:47 740.92 11.56 73 3.58 0
09:48 740.66 11.56 72 8.94 0
09:49 740.92 11.5 72 3.13 0
09:50 740.92 11.56 72 4.92 0
09:51 740.92 11.56 72 5.36 0
09:52 740.92 11.56 72 4.02 0
09:53 740.92 11.56 72 3.13 0
09:54 740.92 11.56 72 4.47 0
09:55 740.92 11.56 71 5.36 0
09:56 740.66 11.5 72 4.02 0
09:57 740.92 11.5 71 5.81 0
09:58 740.92 11.5 71 9.83 0
09:59 740.92 11.44 71 9.83 0
10:00 740.92 11.44 71 5.81 0
10:01 740.92 11.39 71 7.6 0
10:02 740.92 11.33 72 6.26 0
10:03 740.92 11.28 72 6.71 0
10:04 740.92 11.28 73 3.58 0
10:05 740.92 11.33 73 1.79 0
10:06 740.92 11.33 73 4.92 0
10:07 740.92 11.33 72 3.13 0
10:08 740.92 11.33 73 4.92 0
10:09 740.92 11.33 72 7.6 0
10:10 740.92 11.33 71 3.58 0
10:11 740.92 11.33 71 4.02 0
10:12 740.92 11.33 71 7.15 0
10:13 740.92 11.33 71 4.47 0
10:14 740.92 11.39 70 6.26 0
10:15 740.92 11.33 69 1.79 0
10:16 740.92 11.39 70 3.58 0
10:17 740.92 11.44 69 1.34 0
10:18 740.92 11.44 69 4.47 0
10:19 740.92 11.5 70 4.02 0
10:20 740.92 11.5 70 4.02 0
10:21 740.92 11.56 70 5.36 0
10:22 740.92 11.56 71 2.68 0
10:23 740.92 11.61 71 4.47 0
10:24 740.92 11.61 69 8.49 0
10:25 740.92 11.56 68 3.58 0
10:26 740.92 11.56 69 4.92 0
10:27 740.92 11.56 68 7.6 0
10:28 740.92 11.5 68 3.13 0
10:29 740.92 11.5 68 3.13 0
10:30 740.92 11.44 69 1.79 0
10:31 740.92 11.5 69 4.02 0
10:32 740.92 11.44 70 6.26 0
10:33 740.92 11.44 70 2.68 0
10:34 740.92 11.44 70 4.47 0
10:35 741.17 11.44 70 5.81 0
10:36 740.92 11.44 69 5.36 0
10:37 741.17 11.44 68 3.13 0
10:38 740.92 11.44 69 8.49 0
10:39 740.92 11.44 68 2.68 0
10:40 740.92 11.44 68 1.79 0
10:41 740.92 11.5 68 5.81 0
10:42 740.92 11.44 67 1.79 0
10:43 741.17 11.44 67 4.02 0
10:44 741.17 11.5 68 5.36 0
10:45 741.17 11.44 68 4.02 0
10:46 741.17 11.44 68 4.02 0
10:47 741.17 11.44 68 5.36 0
10:48 741.17 11.44 68 1.79 0
10:49 741.17 11.39 68 3.58 0
10:50 740.92 11.39 69 3.13 0
10:51 741.17 11.39 69 1.79 0
10:52 741.17 11.44 69 5.81 0
10:53 741.17 11.44 69 5.81 0
10:54 741.17 11.44 68 5.81 0
10:55 741.17 11.44 69 5.36 0
10:56 741.17 11.39 68 5.36 0
10:57 741.17 11.39 68 3.13 0
10:58 741.17 11.39 69 3.13 0
10:59 741.17 11.39 69 3.13 0
11:00 741.17 11.33 69 8.05 0
11:01 741.17 11.33 67 1.79 0
11:02 741.17 11.33 68 4.47 0
11:03 740.92 11.33 67 2.24 0
11:04 741.17 11.33 68 6.26 0
11:05 740.92 11.33 66 6.71 0
11:06 741.17 11.33 66 4.47 0
11:07 741.17 11.33 65 4.92 0
11:08 741.17 11.33 65 7.15 0
11:09 741.17 11.33 65 7.15 0
11:10 740.92 11.39 65 3.58 0
11:11 740.92 11.39 66 4.47 0
11:12 740.92 11.39 66 3.58 0
11:13 741.17 11.39 66 4.47 0
11:14 741.17 11.39 65 4.47 0
11:15 740.92 11.39 65 4.47 0
11:16 741.17 11.39 64 2.68 0
11:17 740.92 11.39 64 4.02 0
11:18 740.92 11.44 64 5.81 0
11:19 740.92 11.39 63 4.92 0
11:20 740.92 11.44 63 5.81 0
11:21 740.92 11.44 63 4.92 0
11:22 740.92 11.5 64 4.92 0
11:23 740.92 11.5 63 6.26 0
11:24 740.92 11.5 63 3.58 0
11:25 740.92 11.44 62 2.68 0
11:26 740.92 11.5 63 3.58 0
11:27 740.92 11.5 63 5.36 0
11:28 740.92 11.44 62 5.81 0
11:29 740.92 11.44 62 1.79 0
11:30 740.92 11.5 63 2.68 0
11:31 740.92 11.56 64 4.47 0
11:32 740.92 11.56 63 1.34 0
11:33 740.92 11.56 64 4.02 0
11:34 741.17 11.56 63 5.81 0
11:35 740.92 11.56 63 2.68 0
11:36 741.17 11.5 62 5.81 0
11:37 741.17 11.44 61 4.47 0
11:38 740.92 11.39 61 2.24 0
11:39 741.17 11.39 62 4.92 0
11:40 741.17 11.33 62 4.47 0
11:41 740.92 11.33 63 4.02 0
11:42 741.17 11.28 63 4.02 0
11:43 741.17 11.28 62 5.36 0
11:44 741.17 11.28 63 4.92 0
11:45 741.17 11.28 62 4.02 0
11:46 741.17 11.28 63 1.79 0
11:47 741.17 11.22 63 .45 0
11:48 740.92 11.28 65 4.02 0
11:49 741.17 11.28 64 4.02 0
11:50 741.17 11.28 64 4.47 0
11:51 741.17 11.22 64 4.92 0
11:52 741.17 11.17 64 4.47 0
11:53 741.17 11.17 64 2.24 0
11:54 741.17 11.17 64 1.79 0
11:55 741.17 11.17 64 4.02 0
11:56 741.17 11.11 63 4.02 0
11:57 741.17 11.11 63 7.15 0
11:58 741.17 11.11 62 2.24 0
11:59 741.17 11.06 63 3.58 0
12:00 741.17 11.11 64 4.47 0
12:01 741.17 11.06 63 3.13 0
12:02 741.17 11.06 63 4.47 0
12:03 741.17 11.06 63 5.36 0
12:04 741.17 11.06 64 4.92 0
12:05 741.17 11.06 64 1.34 0
12:06 741.17 11.06 64 5.36 0
12:07 741.17 11 64 4.02 0
12:08 741.17 11.06 64 5.81 0
12:09 741.17 11 64 4.02 0
12:10 741.17 11 64 1.79 0
12:11 741.17 11.06 64 3.58 0
12:12 741.17 11.11 63 2.24 0
12:13 741.17 11.06 63 4.02 0
12:14 741.17 11.06 63 4.92 0
12:15 740.92 11.06 63 3.13 0
12:16 740.92 11.11 63 2.68 0
12:17 741.17 11.11 64 4.47 0
12:18 741.17 11.17 64 6.71 0
12:19 740.92 11.17 63 5.81 0
12:20 741.17 11.17 63 4.47 0
12:21 741.17 11.22 63 4.02 0
12:22 741.17 11.17 64 5.36 0
12:23 741.17 11.22 64 3.13 0
12:24 741.17 11.22 65 4.02 0
12:25 741.17 11.28 65 4.92 0
12:26 741.17 11.28 64 4.47 0
12:27 741.17 11.28 65 2.68 0
12:28 740.92 11.33 65 4.02 0
12:29 740.92 11.33 65 4.92 0
12:30 740.92 11.33 64 6.71 0
12:31 740.92 11.28 64 3.58 0
12:32 740.92 11.28 64 5.36 0
12:33 740.92 11.22 62 4.92 0
12:34 740.92 11.22 62 2.24 0
12:35 740.92 11.22 62 6.26 0
12:36 740.92 11.22 62 7.6 0
12:37 740.92 11.17 61 6.26 0
12:38 740.92 11.22 60 5.81 0
12:39 741.17 11.22 61 3.58 0
12:40 740.92 11.22 62 4.02 0
12:41 740.92 11.17 62 4.02 0
12:42 741.17 11.22 62 2.68 0
12:43 740.92 11.22 62 2.24 0
12:44 740.92 11.22 62 1.79 0
12:45 740.92 11.28 62 3.58 0
12:46 740.92 11.33 62 6.71 0
12:47 740.92 11.28 61 1.79 0
12:48 741.17 11.28 61 4.02 0
12:49 741.17 11.33 62 1.79 0
12:50 741.17 11.33 63 3.58 0
12:51 741.17 11.33 63 5.81 0
12:52 741.17 11.39 63 2.24 0
12:53 741.17 11.39 64 1.79 0
12:54 741.17 11.33 64 6.26 0
12:55 741.17 11.33 64 2.68 0
12:56 741.17 11.33 64 6.26 0
12:57 741.17 11.28 64 2.68 0
12:58 741.17 11.28 65 3.13 0
12:59 741.17 11.33 65 .89 0
13:00 741.17 11.39 66 1.79 0
13:01 741.17 11.39 66 2.24 0
13:02 741.17 11.5 66 .89 0
13:03 741.17 11.56 64 4.47 0
13:04 741.17 11.56 64 1.79 0
13:05 741.17 11.56 64 3.58 0
13:06 741.17 11.61 64 4.02 0
13:07 741.17 11.61 64 6.26 0
13:08 741.17 11.56 61 4.47 0
13:09 741.17 11.56 61 2.24 0
13:10 741.17 11.56 62 5.36 0
13:11 741.17 11.56 62 5.81 0
13:12 741.17 11.56 62 4.47 0
13:13 741.17 11.56 62 4.47 0
13:14 741.17 11.56 62 4.47 0
13:15 741.17 11.67 62 8.05 0
13:16 741.17 11.61 60 4.92 0
13:17 741.43 11.67 60 2.24 0
13:18 741.17 11.67 61 3.13 0
13:19 741.17 11.67 62 4.02 0
13:20 741.17 11.67 61 3.58 0
13:21 741.43 11.61 60 4.02 0
13:22 741.43 11.56 61 4.02 0
13:23 741.17 11.5 61 5.81 0
13:24 741.43 11.44 61 5.36 0
13:25 741.17 11.39 61 1.79 0
13:26 741.17 11.39 61 4.92 0
13:27 741.17 11.39 62 7.6 0
13:28 741.17 11.44 62 1.79 0
13:29 741.17 11.44 63 4.02 0
13:30 741.17 11.5 63 2.68 0
13:31 741.17 11.56 63 4.02 0
13:32 741.43 11.61 63 2.24 0
13:33 741.17 11.61 63 1.79 0
13:34 741.17 11.72 63 4.47 0
13:35 741.17 11.72 62 8.05 0
13:36 741.17 11.72 62 4.02 0
13:37 741.17 11.72 62 8.05 0
13:38 741.17 11.78 61 4.02 0
13:39 741.17 11.78 61 5.81 0
13:40 741.17 11.89 61 4.02 0
13:41 741.43 12.11 61 5.36 0
13:42 741.43 12.22 59 5.81 0
13:43 741.17 12.28 59 7.15 0
13:44 741.17 12.33 59 5.36 0
13:45 741.17 12.33 59 8.05 0
13:46 741.17 12.44 59 4.92 0
13:47 741.43 12.39 59 4.47 0
13:48 741.43 12.44 59 3.58 0
13:49 741.43 12.44 58 6.26 0
13:50 741.43 12.44 58 3.13 0
13:51 741.43 12.44 59 4.92 0
13:52 741.17 12.44 59 5.81 0
13:53 741.17 12.44 59 4.47 0
13:54 741.17 12.44 59 4.47 0
13:55 741.17 12.5 59 7.15 0
13:56 741.17 12.5 58 6.71 0
13:57 741.17 12.5 58 6.71 0
13:58 741.17 12.5 58 2.24 0
13:59 741.17 12.56 59 4.92 0
14:00 741.17 12.67 58 4.92 0
14:01 741.17 12.72 57 2.24 0
14:02 741.17 12.78 55 5.81 0
14:03 741.17 12.72 55 5.36 0
14:04 741.17 12.61 55 6.26 0
14:05 741.17 12.56 55 4.92 0
14:06 741.17 12.44 55 4.47 0
14:07 741.17 12.28 55 4.92 0
14:08 741.17 12.17 56 5.81 0
14:09 741.17 12 57 3.13 0
14:10 741.17 11.94 57 4.02 0
14:11 741.17 11.89 58 6.26 0
14:12 741.17 11.78 58 4.92 0
14:13 741.17 11.72 58 5.36 0
14:14 741.17 11.67 59 3.58 0
14:15 741.17 11.56 58 3.58 0
14:16 741.17 11.56 59 4.47 0
14:17 741.17 11.5 59 3.58 0
14:18 741.17 11.44 59 2.24 0
14:19 741.17 11.44 60 1.79 0
14:20 741.17 11.44 60 3.58 0
14:21 741.17 11.5 61 2.68 0
14:22 741.17 11.56 60 3.13 0
14:23 741.17 11.56 60 3.13 0
14:24 741.17 11.56 60 4.02 0
14:25 741.17 11.56 60 6.71 0
14:26 741.17 11.56 60 2.24 0
14:27 741.17 11.56 60 4.02 0
14:28 741.17 11.61 60 4.47 0
14:29 741.17 11.67 60 4.47 0
14:30 741.17 11.67 59 5.81 0
14:31 741.17 11.67 58 4.02 0
14:32 741.17 11.72 59 6.71 0
14:33 741.17 11.72 58 4.92 0
14:34 741.17 11.72 57 4.92 0
14:35 741.17 11.72 57 4.92 0
14:36 741.17 11.72 57 5.81 0
14:37 741.17 11.72 57 5.36 0
14:38 741.17 11.72 58 2.24 0
14:39 741.17 11.78 58 3.58 0
14:40 741.17 11.78 58 4.47 0
14:41 741.17 11.83 59 1.79 0
14:42 741.17 11.78 59 6.26 0
14:43 741.17 11.78 59 1.34 0
14:44 741.17 11.78 59 4.02 0
14:45 741.17 11.78 59 2.24 0
14:46 741.17 11.72 59 4.47 0
14:47 741.17 11.72 59 4.92 0
14:48 741.17 11.67 59 2.68 0
14:49 741.17 11.61 60 4.02 0
14:50 741.17 11.56 60 2.68 0
14:51 741.17 11.56 60 4.02 0
14:52 741.17 11.5 60 2.24 0
14:53 741.17 11.5 61 3.13 0
14:54 741.17 11.44 61 .89 0
14:55 741.17 11.44 61 4.02 0
14:56 741.17 11.44 61 4.47 0
14:57 741.17 11.44 61 3.58 0
14:58 741.17 11.5 61 3.58 0
14:59 741.17 11.5 60 1.79 0
15:00 741.17 11.56 60 1.34 0
15:01 741.17 11.61 60 6.26 0
15:02 741.17 11.67 59 7.15 0
15:03 741.17 11.72 58 8.05 0
15:04 741.17 11.83 57 4.92 0
15:05 741.17 11.89 57 2.68 0
15:06 741.17 12.06 58 2.68 0
15:07 741.17 12.22 58 4.92 0
15:08 741.17 12.33 57 6.71 0
15:09 741.17 12.44 56 6.26 0
15:10 741.17 12.61 57 8.49 0
15:11 741.17 12.72 55 4.92 0
15:12 741.17 12.72 56 8.05 0
15:13 741.17 12.72 54 4.02 0
15:14 741.17 12.72 55 4.47 0
15:15 741.17 12.72 55 7.15 0
15:16 741.17 12.67 55 8.94 0
15:17 741.17 12.61 55 5.81 0
15:18 740.92 12.61 56 6.26 0
15:19 741.17 12.56 56 5.81 0
15:20 740.92 12.61 57 4.92 0
15:21 741.17 12.56 57 4.92 0
15:22 741.17 12.56 57 3.13 0
15:23 741.17 12.56 57 9.83 0
15:24 740.92 12.5 56 6.71 0
15:25 741.17 12.44 56 4.92 0
15:26 741.17 12.33 55 4.47 0
15:27 741.17 12.28 56 4.47 0
15:28 741.17 12.28 56 4.02 0
15:29 741.17 12.28 56 3.58 0
15:30 741.17 12.28 56 4.02 0
15:31 741.17 12.33 57 1.79 0
15:32 741.17 12.39 57 1.79 0
15:33 741.17 12.44 57 3.13 0
15:34 741.17 12.5 57 3.58 0
15:35 741.17 12.56 56 8.05 0
15:36 741.17 12.5 55 3.58 0
15:37 741.17 12.5 56 6.71 0
15:38 741.17 12.56 55 4.02 0
15:39 741.17 12.61 55 5.81 0
15:40 741.17 12.67 54 3.13 0
15:41 741.17 12.72 55 2.68 0
15:42 741.17 12.83 54 5.36 0
15:43 741.17 12.83 53 10.28 0
15:44 741.17 12.78 52 6.71 0
15:45 741.17 12.67 52 5.81 0
15:46 741.17 12.56 53 4.92 0
15:47 741.17 12.56 54 6.26 0
15:48 741.17 12.44 54 7.6 0
15:49 741.17 12.5 54 3.58 0
15:50 741.17 12.44 54 6.26 0
15:51 741.17 12.44 54 5.81 0
15:52 741.17 12.44 55 5.36 0
15:53 741.17 12.39 54 4.02 0
15:54 741.17 12.33 54 4.92 0
15:55 741.17 12.33 55 4.47 0
15:56 741.17 12.28 55 4.92 0
15:57 741.17 12.28 55 4.47 0
15:58 741.17 12.22 55 6.26 0
15:59 741.17 12.17 55 4.92 0
16:00 741.17 12.17 55 3.13 0
16:01 741.17 12.17 55 2.68 0
16:02 741.17 12.11 55 3.58 0
16:03 741.17 12.11 55 4.02 0
16:04 741.17 12.11 55 4.02 0
16:05 741.17 12.17 55 3.13 0
16:06 741.17 12.22 56 2.24 0
16:07 741.17 12.28 55 3.58 0
16:08 741.17 12.28 55 3.58 0
16:09 741.17 12.22 55 7.6 0
16:10 741.17 12.22 56 5.36 0
16:11 741.17 12.17 56 2.24 0
16:12 741.17 12.17 56 2.24 0
16:13 741.17 12.17 56 2.24 0
16:14 741.17 12.11 56 7.15 0
16:15 741.17 12.11 56 3.58 0
16:16 741.17 12.11 56 5.36 0
16:17 741.17 12.06 56 7.15 0
16:18 741.17 12.06 56 6.71 0
16:19 741.17 12 55 4.92 0
16:20 741.17 12 56 5.36 0
16:21 741.17 11.94 56 8.94 0
16:22 741.17 11.94 56 4.47 0
16:23 741.17 11.94 57 3.13 0
16:24 741.17 11.89 57 4.47 0
16:25 741.17 11.89 57 4.02 0
16:26 741.17 12 57 1.34 0
16:27 741.17 12.06 58 1.79 0
16:28 741.17 12.11 57 2.68 0
16:29 741.17 12.17 56 4.02 0
16:30 741.17 12.17 56 3.58 0
16:31 741.17 12.11 56 5.36 0
16:32 741.17 12.11 57 3.58 0
16:33 741.17 12.06 57 4.47 0
16:34 741.17 12.06 57 5.36 0
16:35 741.17 12.06 57 2.24 0
16:36 741.17 12.06 57 6.71 0
16:37 741.17 12.06 57 4.02 0
16:38 741.17 12.17 57 2.24 0
16:39 741.17 12.22 57 1.79 0
16:40 741.17 12.22 58 3.58 0
16:41 741.17 12.28 57 2.24 0
16:42 741.17 12.28 57 2.24 0
16:43 741.17 12.28 57 6.71 0
16:44 741.17 12.28 57 5.36 0
16:45 741.17 12.22 57 3.13 0
16:46 741.17 12.17 57 3.58 0
16:47 741.17 12.17 58 1.34 0
16:48 741.17 12.11 58 4.47 0
16:49 741.17 12.11 58 4.92 0
16:50 741.17 12.06 58 1.34 0
16:51 741.17 12.06 58 4.02 0
16:52 741.17 12 58 4.92 0
16:53 741.17 12 58 1.79 0
16:54 741.17 12.06 58 2.68 0
16:55 741.17 12.06 58 3.58 0
16:56 741.17 12.11 58 1.79 0
16:57 741.17 12.11 58 1.79 0
16:58 741.17 12.17 57 6.71 0
16:59 741.17 12.28 56 8.05 0
17:00 741.17 12.22 56 6.26 0
17:01 741.17 12.17 56 6.26 0
17:02 741.17 12.11 56 1.79 0
17:03 741.17 12.06 56 9.39 0
17:04 741.17 12 57 7.6 0
17:05 741.17 12 56 7.15 0
17:06 741.17 11.89 57 7.6 0
17:07 741.17 11.89 56 5.81 0
17:08 741.17 11.94 57 6.26 0
17:09 741.17 11.94 57 4.02 0
17:10 740.92 12 56 3.58 0
17:11 741.17 12.06 56 2.68 0
17:12 741.17 12.11 56 8.05 0
17:13 741.17 12.11 56 5.36 0
17:14 740.92 12.06 56 5.81 0
17:15 741.17 12.06 56 4.47 0
17:16 740.92 12.06 56 6.71 0
17:17 740.92 12.06 56 3.58 0
17:18 740.92 12.06 57 4.02 0
17:19 741.17 12.06 56 2.24 0
17:20 740.92 12.06 56 3.13 0
17:21 741.17 12.06 57 3.13 0
17:22 740.92 12.06 56 4.02 0
17:23 741.17 12.11 57 1.79 0
17:24 740.92 12.17 57 1.34 0
17:25 741.17 12.17 57 3.13 0
17:26 741.17 12.22 57 1.34 0
17:27 741.17 12.28 57 2.24 0
17:28 741.17 12.28 57 1.79 0
17:29 740.92 12.28 57 4.02 0
17:30 740.92 12.39 57 3.58 0
17:31 741.17 12.33 57 3.58 0
17:32 740.92 12.33 56 3.13 0
17:33 740.92 12.39 56 5.81 0
17:34 740.92 12.33 56 3.13 0
17:35 740.92 12.28 57 1.79 0
17:36 740.92 12.33 57 2.68 0
17:37 740.92 12.33 57 1.79 0
17:38 740.92 12.33 57 3.13 0
17:39 740.92 12.33 57 4.02 0
17:40 740.92 12.39 57 1.79 0
17:41 740.92 12.39 57 4.02 0
17:42 740.92 12.39 57 2.24 0
17:43 741.17 12.39 57 5.81 0
17:44 740.92 12.33 57 3.13 0
17:45 740.92 12.33 57 1.34 0
17:46 740.92 12.33 57 2.68 0
17:47 740.92 12.33 57 4.02 0
17:48 741.17 12.33 57 4.47 0
17:49 740.92 12.28 57 3.13 0
17:50 740.92 12.28 56 4.02 0
17:51 740.92 12.22 56 10.28 0
17:52 740.92 12.11 56 6.26 0
17:53 740.92 12.06 56 1.34 0
17:54 741.17 12.06 56 6.26 0
17:55 740.92 12 55 4.47 0
17:56 740.92 11.94 56 4.92 0
17:57 740.92 11.89 56 6.26 0
17:58 740.92 11.89 56 1.79 0
17:59 740.92 11.83 57 4.02 0
18:00 740.92 11.83 57 3.58 0
18:01 740.92 11.78 57 2.68 0
18:02 740.92 11.78 57 1.79 0
18:03 740.92 11.78 57 1.34 0
18:04 741.17 11.78 57 4.47 0
18:05 740.92 11.83 57 2.68 0
18:06 740.92 11.78 57 5.36 0
18:07 741.17 11.78 57 4.92 0
18:08 740.92 11.78 57 4.02 0
18:09 741.17 11.78 57 5.36 0
18:10 740.92 11.78 58 3.58 0
18:11 741.17 11.78 57 5.36 0
18:12 740.92 11.78 57 4.02 0
18:13 740.92 11.78 57 6.26 0
18:14 740.92 11.78 58 3.13 0
18:15 740.92 11.72 58 4.47 0
18:16 740.92 11.78 57 1.79 0
18:17 740.92 11.72 58 2.68 0
18:18 740.92 11.72 59 1.79 0
18:19 740.92 11.72 59 4.02 0
18:20 740.92 11.72 58 4.47 0
18:21 741.17 11.72 58 5.81 0
18:22 741.17 11.67 58 2.68 0
18:23 741.17 11.61 58 4.02 0
18:24 740.92 11.61 58 3.13 0
18:25 741.17 11.56 59 1.34 0
18:26 741.17 11.56 58 3.58 0
18:27 741.17 11.5 59 2.68 0
18:28 740.92 11.44 59 2.68 0
18:29 740.92 11.39 60 3.13 0
18:30 740.92 11.39 59 1.34 0
18:31 741.17 11.33 59 4.47 0
18:32 741.17 11.33 59 1.79 0
18:33 741.17 11.33 59 4.47 0
18:34 741.17 11.33 59 2.24 0
18:35 741.17 11.28 59 2.24 0
18:36 741.17 11.22 60 5.81 0
18:37 740.92 11.22 59 3.13 0
18:38 741.17 11.22 60 4.02 0
18:39 741.17 11.17 60 .89 0
18:40 740.92 11.17 60 4.02 0
18:41 741.17 11.11 59 1.79 0
18:42 741.17 11.11 60 2.68 0
18:43 741.17 11.06 60 3.13 0
18:44 741.17 11 61 4.47 0
18:45 741.17 11 60 1.79 0
18:46 741.17 10.94 60 3.58 0
18:47 741.17 10.94 60 2.24 0
18:48 741.17 10.94 61 .89 0
18:49 741.17 10.89 61 3.58 0
18:50 741.17 10.83 60 3.13 0
18:51 741.17 10.83 61 3.58 0
18:52 740.92 10.83 60 1.79 0
18:53 741.17 10.83 61 6.71 0
18:54 741.17 10.83 60 3.13 0
18:55 741.17 10.89 60 2.24 0
18:56 741.17 10.83 61 1.34 0
18:57 741.17 10.83 61 1.34 0
18:58 741.17 10.78 61 3.58 0
18:59 741.17 10.78 61 2.68 0
19:00 741.17 10.72 61 .45 0
19:01 741.17 10.67 61 1.34 0
19:02 741.17 10.61 62 3.58 0
19:03 741.17 10.61 62 1.34 0
19:04 741.17 10.56 62 3.13 0
19:05 741.17 10.56 62 2.68 0
19:06 741.17 10.56 62 .45 0
19:07 741.17 10.56 62 .45 0
19:08 741.17 10.5 62 .89 0
19:09 741.17 10.44 62 .89 0
19:10 741.17 10.44 62 3.58 0
19:11 741.17 10.39 63 .89 0
19:12 741.17 10.33 63 1.79 0
19:13 741.17 10.33 63 3.13 0
19:14 741.17 10.28 63 1.79 0
19:15 741.17 10.28 63 2.68 0
19:16 741.17 10.28 63 1.79 0
19:17 741.17 10.22 63 1.34 0
19:18 741.17 10.22 63 1.34 0
19:19 741.17 10.22 64 1.79 0
19:20 741.17 10.17 63 1.79 0
19:21 741.17 10.22 63 .89 0
19:22 741.17 10.17 64 1.34 0
19:23 741.17 10.17 64 1.34 0
19:24 741.17 10.11 64 1.34 0
19:25 741.17 10.11 65 1.34 0
19:26 741.17 10.06 65 1.34 0
19:27 741.17 10.06 65 1.34 0
19:28 741.17 10.06 65 .89 0
19:29 741.17 10.06 65 1.34 0
19:30 741.17 10 65 1.79 0
19:31 741.17 10.06 65 1.79 0
19:32 741.17 10 66 1.34 0
19:33 741.17 10 66 1.34 0
19:34 741.17 10 66 1.79 0
19:35 741.17 9.94 66 1.79 0
19:36 741.17 9.94 66 3.58 0
19:37 741.17 9.94 66 1.79 0
19:38 741.17 9.89 67 1.34 0
19:39 741.17 9.89 66 2.24 0
19:40 741.17 9.83 66 3.58 0
19:41 741.17 9.89 66 2.68 0
19:42 741.17 9.89 66 2.68 0
19:43 741.17 9.89 66 1.79 0
19:44 741.17 9.83 67 .89 0
19:45 741.17 9.83 67 1.79 0
19:46 741.17 9.78 67 .45 0
19:47 741.17 9.78 67 1.79 0
19:48 741.17 9.78 67 2.68 0
19:49 741.17 9.72 67 1.34 0
19:50 741.17 9.72 67 2.68 0
19:51 741.17 9.67 67 2.68 0
19:52 741.17 9.67 67 1.79 0
19:53 741.17 9.67 67 3.13 0
19:54 741.17 9.67 67 4.02 0
19:55 741.17 9.67 67 3.13 0
19:56 741.17 9.67 67 2.24 0
19:57 741.17 9.67 67 1.79 0
19:58 741.17 9.67 67 4.47 0
19:59 741.17 9.67 67 2.68 0
20:00 741.17 9.67 67 3.13 0
20:01 741.17 9.67 67 1.79 0
20:02 741.17 9.72 67 1.79 0
20:03 741.17 9.72 67 2.24 0
20:04 741.17 9.72 67 3.13 0
20:05 741.17 9.72 67 4.02 0
20:06 741.17 9.72 67 1.79 0
20:07 741.17 9.72 67 4.02 0
20:08 741.17 9.78 67 3.13 0
20:09 741.17 9.78 67 3.13 0
20:10 741.17 9.78 67 1.34 0
20:11 741.17 9.78 67 2.68 0
20:12 741.17 9.78 66 1.34 0
20:13 741.17 9.78 67 3.58 0
20:14 741.17 9.83 66 1.79 0
20:15 741.17 9.83 66 4.92 0
20:16 740.92 9.89 66 4.92 0
20:17 740.92 9.89 66 4.02 0
20:18 741.17 9.94 66 2.24 0
20:19 741.17 9.94 66 1.79 0
20:20 740.92 10 66 1.34 0
20:21 740.92 10 66 2.68 0
20:22 741.17 10 66 3.58 0
20:23 740.92 10 66 4.92 0
20:24 740.92 10 66 1.79 0
20:25 740.92 10 66 1.34 0
20:26 741.17 10.06 66 2.68 0
20:27 740.92 10.06 66 1.34 0
20:28 740.92 10.06 66 1.79 0
20:29 740.92 10.06 66 3.58 0
20:30 740.92 10.06 66 4.92 0
20:31 740.92 10.11 65 2.24 0
20:32 740.92 10.11 65 1.79 0
20:33 740.92 10.11 66 1.79 0
20:34 740.92 10.11 66 3.58 0
20:35 740.92 10.17 65 3.58 0
20:36 740.92 10.17 65 4.47 0
20:37 740.92 10.17 65 5.36 0
20:38 740.92 10.17 65 1.34 0
20:39 740.92 10.22 65 1.79 0
20:40 740.92 10.22 65 3.58 0
20:41 740.92 10.22 65 3.13 0
20:42 740.92 10.22 65 2.24 0
20:43 740.92 10.22 65 3.13 0
20:44 740.92 10.22 65 2.24 0
20:45 740.92 10.22 65 3.58 0
20:46 740.92 10.22 65 4.92 0
20:47 740.92 10.28 65 1.79 0
20:48 740.92 10.22 65 1.34 0
20:49 740.92 10.28 65 3.58 0
20:50 740.92 10.28 65 1.34 0
20:51 740.92 10.28 65 2.24 0
20:52 740.92 10.22 66 1.34 0
20:53 740.92 10.22 66 2.24 0
20:54 740.92 10.22 65 1.79 0
20:55 740.92 10.22 66 2.24 0
20:56 740.92 10.17 65 1.34 0
20:57 740.92 10.22 66 1.79 0
20:58 740.92 10.17 66 1.79 0
20:59 740.92 10.17 66 1.79 0
21:00 740.92 10.17 66 3.13 0
21:01 740.92 10.17 66 3.58 0
21:02 740.92 10.17 66 1.34 0
21:03 740.92 10.17 66 5.36 0
21:04 740.92 10.17 66 4.47 0
21:05 740.92 10.22 66 3.13 0
21:06 740.66 10.22 66 3.13 0
21:07 740.66 10.17 66 1.79 0
21:08 740.92 10.17 66 4.47 0
21:09 740.92 10.22 66 2.68 0
21:10 740.92 10.22 66 4.92 0
21:11 740.66 10.22 66 4.92 0
21:12 740.66 10.22 66 1.34 0
21:13 740.66 10.17 66 4.02 0
21:14 740.66 10.22 66 5.36 0
21:15 740.66 10.22 66 3.13 0
21:16 740.66 10.17 66 4.02 0
21:17 740.66 10.17 66 4.02 0
21:18 740.66 10.17 66 .89 0
21:19 740.66 10.17 66 3.58 0
21:20 740.66 10.17 66 2.68 0
21:21 740.66 10.11 66 4.02 0
21:22 740.66 10.11 66 2.68 0
21:23 740.66 10.11 66 1.34 0
21:24 740.66 10.06 66 2.24 0
21:25 740.66 10.06 66 3.58 0
21:26 740.66 10.06 66 4.02 0
21:27 740.66 10.06 66 3.13 0
21:28 740.66 10.06 66 3.13 0
21:29 740.66 10 66 4.47 0
21:30 740.66 10 66 4.92 0
21:31 740.66 10 66 2.24 0
21:32 740.66 10.06 66 3.58 0
21:33 740.66 10.06 66 5.36 0
21:34 740.66 10.06 66 3.58 0
21:35 740.66 10.06 66 1.34 0
21:36 740.66 10.06 66 3.13 0
21:37 740.66 10 66 1.79 0
21:38 740.66 10 66 1.34 0
21:39 740.66 10 67 5.36 0
21:40 740.66 10.06 66 2.68 0
21:41 740.66 10.06 66 1.34 0
21:42 740.66 10.06 66 1.34 0
21:43 740.66 10.06 67 2.68 0
21:44 740.66 10.06 66 1.34 0
21:45 740.66 10.06 66 4.02 0
21:46 740.66 10.06 66 1.79 0
21:47 740.66 10.06 67 3.58 0
21:48 740.66 10.06 66 2.68 0
21:49 740.66 10.06 66 .89 0
21:50 740.66 10.06 67 3.13 0
21:51 740.66 10.06 66 .89 0
21:52 740.66 10.06 67 3.13 0
21:53 740.66 10.06 67 1.34 0
21:54 740.66 10.06 67 2.68 0
21:55 740.66 10.06 67 1.79 0
21:56 740.66 10.06 67 3.58 0
21:57 740.66 10.06 67 3.13 0
21:58 740.66 10.06 67 1.79 0
21:59 740.66 10.06 67 5.81 0
22:00 740.66 10.06 67 3.13 0
22:01 740.66 10.06 67 1.79 0
22:02 740.66 10.06 67 2.24 0
22:03 740.66 10.06 67 4.02 0
22:04 740.66 10.06 67 5.36 0
22:05 740.66 10 67 3.13 0
22:06 740.66 10.06 67 3.13 0
22:07 740.66 10 67 .45 0
22:08 740.66 10 67 1.79 0
22:09 740.66 10 67 1.79 0
22:10 740.66 10 67 .89 0
22:11 740.66 10 67 1.34 0
22:12 740.66 9.94 67 5.36 0
22:13 740.66 9.94 67 3.58 0
22:14 740.66 9.94 67 2.24 0
22:15 740.66 9.94 67 .89 0
22:16 740.66 9.89 67 3.58 0
22:17 740.66 9.89 67 4.02 0
22:18 740.66 9.89 67 1.34 0
22:19 740.66 9.89 67 1.79 0
22:20 740.66 9.89 67 3.58 0
22:21 740.66 9.89 67 2.24 0
22:22 740.66 9.89 67 1.79 0
22:23 740.66 9.89 67 1.79 0
22:24 740.41 9.89 67 .89 0
22:25 740.41 9.83 67 4.47 0
22:26 740.66 9.83 68 2.24 0
22:27 740.66 9.83 67 2.68 0
22:28 740.41 9.83 67 3.58 0
22:29 740.41 9.83 67 3.13 0
22:30 740.41 9.83 67 1.79 0
22:31 740.41 9.83 68 4.47 0
22:32 740.41 9.83 67 4.47 0
22:33 740.41 9.83 67 4.92 0
22:34 740.41 9.83 67 3.58 0
22:35 740.41 9.83 67 1.79 0
22:36 740.41 9.83 67 3.13 0
22:37 740.41 9.83 67 2.24 0
22:38 740.41 9.83 67 1.79 0
22:39 740.41 9.83 67 2.68 0
22:40 740.41 9.83 67 1.34 0
22:41 740.41 9.83 67 1.34 0
22:42 740.41 9.78 67 3.58 0
22:43 740.41 9.83 67 3.58 0
22:44 740.41 9.83 66 2.68 0
22:45 740.41 9.89 66 3.58 0
22:46 740.41 9.89 66 3.13 0
22:47 740.41 9.94 66 4.47 0
22:48 740.41 9.94 66 3.13 0
22:49 740.41 9.94 65 4.92 0
22:50 740.41 9.94 66 7.15 0
22:51 740.41 9.94 65 4.02 0
22:52 740.41 10 65 3.58 0
22:53 740.41 10 65 3.13 0
22:54 740.41 10 65 4.92 0
22:55 740.41 10 65 3.13 0
22:56 740.41 10.06 65 3.58 0
22:57 740.41 10 65 1.79 0
22:58 740.41 10 65 3.58 0
22:59 740.41 10 65 4.92 0
23:00 740.41 10 65 4.47 0
23:01 740.41 10 65 7.6 0
23:02 740.41 10 64 5.81 0
23:03 740.41 10 64 4.02 0
23:04 740.41 10.06 65 4.02 0
23:05 740.41 10 64 3.13 0
23:06 740.41 10.06 65 3.58 0
23:07 740.41 10 64 3.58 0
23:08 740.41 10.06 64 4.92 0
23:09 740.41 10 64 3.58 0
23:10 740.41 10 64 5.81 0
23:11 740.41 10.06 64 1.79 0
23:12 740.41 10.06 64 2.24 0
23:13 740.41 10 65 3.58 0
23:14 740.41 10 64 4.02 0
23:15 740.41 10 64 4.92 0
23:16 740.41 9.94 64 5.81 0
23:17 740.41 9.94 64 3.58 0
23:18 740.41 9.94 65 2.24 0
23:19 740.41 9.94 64 4.92 0
23:20 740.41 9.94 64 3.58 0
23:21 740.41 9.94 64 2.24 0
23:22 740.41 9.94 65 4.92 0
23:23 740.41 9.94 65 1.79 0
23:24 740.41 9.94 65 1.34 0
23:25 740.41 9.89 65 6.26 0
23:26 740.41 9.89 65 3.13 0
23:27 740.41 9.89 65 4.02 0
23:28 740.41 9.89 65 4.02 0
23:29 740.41 9.89 65 1.79 0
23:30 740.41 9.89 65 5.36 0
23:31 740.41 9.89 65 1.79 0
23:32 740.41 9.89 65 3.58 0
23:33 740.41 9.83 65 3.58 0
23:34 740.41 9.83 65 1.34 0
23:35 740.41 9.83 65 1.79 0
23:36 740.41 9.83 65 1.79 0
23:37 740.41 9.78 65 7.6 0
23:38 740.41 9.83 65 4.02 0
23:39 740.41 9.83 65 4.47 0
23:40 740.41 9.78 65 2.24 0
23:41 740.41 9.78 65 2.24 0
23:42 740.41 9.78 66 2.24 0
23:43 740.41 9.78 66 5.36 0
23:44 740.41 9.78 65 2.24 0
23:45 740.41 9.78 65 2.24 0
23:46 740.41 9.78 65 4.47 0
23:47 740.41 9.78 65 6.26 0
23:48 740.41 9.78 65 3.58 0
23:49 740.41 9.78 65 4.92 0
23:50 740.41 9.78 65 6.26 0
23:51 740.41 9.78 65 3.13 0
23:52 740.41 9.78 65 1.79 0
23:53 740.41 9.78 66 4.92 0
23:54 740.41 9.78 66 3.58 0
23:55 740.41 9.72 65 4.02 0
23:56 740.41 9.72 66 6.26 0
23:57 740.41 9.72 65 5.81 0
23:58 740.41 9.72 65 4.02 0
23:59 740.41 9.72 65 1.79 0
